subTopicID	resultID
1.1	1.1
1.1	1.2
1.1	1.3
1.1	1.4
1.9	1.5
1.1	1.6
1.1	1.7
1.1	1.8
1.1	1.9
1.1	1.10
1.7	1.11
1.1	1.12
1.1	1.13
1.1	1.14
1.1	1.15
1.1	1.16
1.1	1.17
1.1	1.18
1.1	1.19
1.6	1.20
1.1	1.21
1.9	1.22
1.1	1.23
1.1	1.24
1.1	1.25
1.9	1.26
1.1	1.27
1.1	1.28
1.9	1.29
1.8	1.30
1.1	1.31
1.1	1.32
1.9	1.33
1.1	1.34
1.1	1.35
1.1	1.36
1.7	1.37
1.1	1.38
1.3	1.39
1.1	1.40
1.1	1.41
1.1	1.42
1.1	1.43
1.1	1.44
1.1	1.45
1.9	1.46
1.1	1.47
1.1	1.48
1.5	1.49
1.4	1.50
1.1	1.51
1.9	1.52
1.1	1.53
1.1	1.54
1.7	1.55
1.1	1.56
1.1	1.57
1.1	1.58
1.7	1.59
1.1	1.60
1.2	1.61
1.1	1.62
1.1	1.63
1.1	1.64
2.1	2.1
2.1	2.2
2.1	2.3
2.1	2.4
2.10	2.5
2.1	2.6
2.1	2.7
2.1	2.8
2.1	2.9
2.1	2.10
2.1	2.11
2.5	2.12
2.1	2.13
2.1	2.14
2.1	2.15
2.1	2.16
2.10	2.17
2.1	2.18
2.1	2.19
2.1	2.20
2.1	2.21
2.3	2.22
2.4	2.23
2.1	2.24
2.1	2.25
2.1	2.26
2.1	2.27
2.10	2.28
2.1	2.29
2.1	2.30
2.1	2.31
2.1	2.32
2.1	2.33
2.1	2.34
2.10	2.35
2.8	2.36
2.1	2.37
2.9	2.38
2.1	2.39
2.2	2.40
2.1	2.41
2.6	2.42
2.1	2.43
2.1	2.44
2.1	2.45
2.5	2.46
2.10	2.47
2.7	2.48
2.10	2.49
2.1	2.50
2.1	2.51
2.1	2.52
2.11	2.53
2.1	2.54
2.1	2.55
2.1	2.56
2.1	2.57
2.9	2.58
2.1	2.59
2.11	2.60
2.1	2.61
2.1	2.62
2.10	2.63
2.1	2.64
3.5	3.1
3.5	3.2
3.5	3.3
3.9	3.4
3.5	3.5
3.5	3.6
3.8	3.7
3.5	3.8
3.5	3.9
3.5	3.10
3.5	3.11
3.5	3.12
3.5	3.13
3.5	3.14
3.5	3.15
3.8	3.16
3.1	3.17
3.5	3.18
3.8	3.19
3.8	3.20
3.5	3.21
3.5	3.22
3.4	3.23
3.8	3.24
3.5	3.25
3.5	3.26
3.2	3.27
3.5	3.28
3.5	3.29
3.5	3.30
3.5	3.31
3.7	3.32
3.5	3.33
3.5	3.34
3.5	3.35
3.8	3.36
3.5	3.37
3.8	3.38
3.7	3.39
3.5	3.40
3.5	3.41
3.5	3.42
3.5	3.43
3.7	3.44
3.5	3.45
3.5	3.46
3.6	3.47
3.7	3.48
3.5	3.49
3.8	3.50
3.7	3.51
3.5	3.52
3.5	3.53
3.5	3.54
3.5	3.55
3.8	3.56
3.1	3.57
3.3	3.58
3.5	3.59
3.8	3.60
3.5	3.61
3.5	3.62
3.8	3.63
3.5	3.64
4.14	4.1
4.4	4.2
4.1	4.3
4.1	4.4
4.1	4.5
4.10	4.6
4.1	4.7
4.1	4.8
4.14	4.9
4.7	4.10
4.14	4.11
4.1	4.12
4.1	4.13
4.1	4.14
4.1	4.15
4.1	4.16
4.14	4.17
4.1	4.18
4.14	4.19
4.14	4.20
4.1	4.21
4.13	4.22
4.3	4.23
4.10	4.24
4.10	4.25
4.1	4.26
4.7	4.27
4.1	4.28
4.1	4.29
4.1	4.30
4.7	4.31
4.13	4.32
4.1	4.33
4.1	4.34
4.10	4.35
4.14	4.36
4.8	4.37
4.1	4.38
4.1	4.39
4.10	4.40
4.13	4.41
4.1	4.42
4.1	4.43
4.5	4.44
4.1	4.45
4.2	4.46
4.1	4.47
4.1	4.48
4.11	4.49
4.14	4.50
4.14	4.51
4.1	4.52
4.1	4.53
4.14	4.54
4.6	4.55
4.10	4.56
4.9	4.57
4.10	4.58
4.12	4.59
4.1	4.60
4.14	4.61
4.1	4.62
4.10	4.63
4.13	4.64
5.11	5.1
5.11	5.2
5.5	5.3
5.11	5.4
5.4	5.5
5.11	5.6
5.10	5.7
5.11	5.8
5.11	5.9
5.11	5.10
5.5	5.11
5.11	5.12
5.5	5.13
5.10	5.14
5.10	5.15
5.11	5.16
5.9	5.17
5.11	5.18
5.10	5.19
5.11	5.20
5.11	5.21
5.5	5.22
5.9	5.23
5.10	5.24
5.1	5.25
5.1	5.26
5.11	5.27
5.5	5.28
5.11	5.29
5.11	5.30
5.11	5.31
5.10	5.32
5.3	5.33
5.11	5.34
5.5	5.35
5.5	5.36
5.11	5.37
5.2	5.38
5.11	5.39
5.11	5.40
5.11	5.41
5.11	5.42
5.11	5.43
5.7	5.44
5.11	5.45
5.11	5.46
5.8	5.47
5.9	5.48
5.11	5.49
5.5	5.50
5.11	5.51
5.11	5.52
5.10	5.53
5.6	5.54
5.5	5.55
5.11	5.56
5.11	5.57
5.11	5.58
5.11	5.59
5.5	5.60
5.11	5.61
5.11	5.62
5.9	5.63
5.11	5.64
6.13	6.1
6.13	6.2
6.13	6.3
6.8	6.4
6.4	6.5
6.12	6.6
6.7	6.7
6.13	6.8
6.1	6.9
6.9	6.10
6.13	6.11
6.13	6.12
6.13	6.13
6.13	6.14
6.13	6.15
6.13	6.16
6.13	6.17
6.13	6.18
6.10	6.19
6.2	6.20
6.11	6.21
6.13	6.22
6.13	6.23
6.12	6.24
6.13	6.25
6.13	6.26
6.13	6.27
6.13	6.28
6.13	6.29
6.13	6.30
6.3	6.31
6.13	6.32
6.1	6.33
6.13	6.34
6.10	6.35
6.13	6.36
6.5	6.37
6.1	6.38
6.10	6.39
6.1	6.40
6.13	6.41
6.13	6.42
6.13	6.43
6.13	6.44
6.13	6.45
6.1	6.46
6.13	6.47
6.1	6.48
6.1	6.49
6.13	6.50
6.13	6.51
6.7	6.52
6.1	6.53
6.13	6.54
6.6	6.55
6.13	6.56
6.10	6.57
6.1	6.58
6.10	6.59
6.7	6.60
6.1	6.61
6.10	6.62
6.7	6.63
6.13	6.64
7.1	7.1
7.1	7.2
7.1	7.3
7.1	7.4
7.10	7.5
7.10	7.6
7.1	7.7
7.1	7.8
7.10	7.9
7.10	7.10
7.1	7.11
7.1	7.12
7.1	7.13
7.10	7.14
7.1	7.15
7.1	7.16
7.1	7.17
7.1	7.18
7.1	7.19
7.1	7.20
7.1	7.21
7.7	7.22
7.1	7.23
7.1	7.24
7.1	7.25
7.1	7.26
7.1	7.27
7.10	7.28
7.10	7.29
7.1	7.30
7.9	7.31
7.10	7.32
7.7	7.33
7.8	7.34
7.1	7.35
7.2	7.36
7.1	7.37
7.10	7.38
7.9	7.39
7.1	7.40
7.1	7.41
7.10	7.42
7.1	7.43
7.1	7.44
7.1	7.45
7.10	7.46
7.1	7.47
7.1	7.48
7.4	7.49
7.1	7.50
7.5	7.51
7.10	7.52
7.1	7.53
7.1	7.54
7.1	7.55
7.10	7.56
7.1	7.57
7.1	7.58
7.3	7.59
7.7	7.60
7.6	7.61
7.10	7.62
7.7	7.63
7.1	7.64
8.10	8.1
8.10	8.2
8.10	8.3
8.9	8.4
8.9	8.5
8.9	8.6
8.6	8.7
8.12	8.8
8.9	8.9
8.13	8.10
8.9	8.11
8.8	8.12
8.9	8.13
8.12	8.14
8.10	8.15
8.12	8.16
8.2	8.17
8.1	8.18
8.9	8.19
8.9	8.20
8.3	8.21
8.7	8.22
8.9	8.23
8.9	8.24
8.10	8.25
8.10	8.26
8.11	8.27
8.12	8.28
8.6	8.29
8.10	8.30
8.6	8.31
8.10	8.32
8.9	8.33
8.10	8.34
8.9	8.35
8.10	8.36
8.10	8.37
8.10	8.38
8.5	8.39
8.6	8.40
8.10	8.41
8.10	8.42
8.6	8.43
8.12	8.44
8.1	8.45
8.9	8.46
8.9	8.47
8.10	8.48
8.10	8.49
8.10	8.50
8.10	8.51
8.12	8.52
8.10	8.53
8.10	8.54
8.10	8.55
8.7	8.56
8.10	8.57
8.6	8.58
8.6	8.59
8.6	8.60
8.6	8.61
8.4	8.62
8.9	8.63
8.9	8.64
9.1	9.1
9.1	9.2
9.1	9.3
9.1	9.4
9.1	9.5
9.1	9.6
9.1	9.7
9.1	9.8
9.1	9.9
9.1	9.10
9.1	9.11
9.1	9.12
9.1	9.13
9.9	9.14
9.1	9.15
9.1	9.16
9.7	9.17
9.1	9.18
9.1	9.19
9.1	9.20
9.1	9.21
9.1	9.22
9.9	9.23
9.1	9.24
9.8	9.25
9.2	9.26
9.1	9.27
9.9	9.28
9.1	9.29
9.1	9.30
9.1	9.31
9.11	9.32
9.5	9.33
9.1	9.34
9.1	9.35
9.1	9.36
9.11	9.37
9.4	9.38
9.6	9.39
9.3	9.40
9.1	9.41
9.10	9.42
9.9	9.43
9.6	9.44
9.9	9.45
9.8	9.46
9.1	9.47
9.1	9.48
9.11	9.49
9.1	9.50
9.1	9.51
9.1	9.52
9.1	9.53
9.1	9.54
9.11	9.55
9.1	9.56
9.1	9.57
9.11	9.58
9.1	9.59
9.1	9.60
9.1	9.61
9.1	9.62
9.1	9.63
9.11	9.64
10.5	10.1
10.5	10.2
10.12	10.3
10.12	10.4
10.5	10.5
10.5	10.6
10.5	10.7
10.9	10.8
10.5	10.9
10.5	10.10
10.5	10.11
10.12	10.12
10.10	10.13
10.5	10.14
10.5	10.15
10.5	10.16
10.5	10.17
10.5	10.18
10.5	10.19
10.5	10.20
10.12	10.21
10.5	10.22
10.9	10.23
10.5	10.24
10.11	10.25
10.11	10.26
10.12	10.27
10.12	10.28
10.5	10.29
10.5	10.30
10.1	10.31
10.12	10.32
10.3	10.33
10.8	10.34
10.5	10.35
10.12	10.36
10.5	10.37
10.5	10.38
10.12	10.39
10.11	10.40
10.5	10.41
10.2	10.42
10.2	10.43
10.5	10.44
10.5	10.45
10.5	10.46
10.5	10.47
10.7	10.48
10.5	10.49
10.12	10.50
10.12	10.51
10.5	10.52
10.11	10.53
10.5	10.54
10.12	10.55
10.5	10.56
10.12	10.57
10.5	10.58
10.12	10.59
10.6	10.60
10.12	10.61
10.4	10.62
10.5	10.63
10.2	10.64
11.1	11.1
11.4	11.2
11.1	11.3
11.12	11.4
11.12	11.5
11.12	11.6
11.15	11.7
11.12	11.8
11.12	11.9
11.17	11.10
11.12	11.11
11.12	11.12
11.17	11.13
11.17	11.14
11.9	11.15
11.17	11.16
11.8	11.17
11.9	11.18
11.12	11.19
11.1	11.20
11.5	11.21
11.3	11.22
11.12	11.23
11.7	11.24
11.1	11.25
11.12	11.26
11.14	11.27
11.1	11.28
11.1	11.29
11.1	11.30
11.12	11.31
11.17	11.32
11.17	11.33
11.12	11.34
11.12	11.35
11.12	11.36
11.12	11.37
11.1	11.38
11.17	11.39
11.10	11.40
11.12	11.41
11.14	11.42
11.12	11.43
11.12	11.44
11.12	11.45
11.12	11.46
11.12	11.47
11.6	11.48
11.12	11.49
11.15	11.50
11.12	11.51
11.16	11.52
11.1	11.53
11.17	11.54
11.17	11.55
11.11	11.56
11.12	11.57
11.13	11.58
11.2	11.59
11.16	11.60
11.12	11.61
11.12	11.62
11.12	11.63
11.12	11.64
12.15	12.1
12.6	12.2
12.9	12.3
12.2	12.4
12.19	12.5
12.15	12.6
12.14	12.7
12.15	12.8
12.19	12.9
12.5	12.10
12.15	12.11
12.15	12.12
12.15	12.13
12.19	12.14
12.7	12.15
12.15	12.16
12.15	12.17
12.13	12.18
12.15	12.19
12.1	12.20
12.18	12.21
12.15	12.22
12.4	12.23
12.15	12.24
12.15	12.25
12.16	12.26
12.10	12.27
12.19	12.28
12.15	12.29
12.19	12.30
12.19	12.31
12.8	12.32
12.19	12.33
12.15	12.34
12.3	12.35
12.15	12.36
12.20	12.37
12.15	12.38
12.12	12.39
12.15	12.40
12.20	12.41
12.8	12.42
12.19	12.43
12.13	12.44
12.19	12.45
12.15	12.46
12.19	12.47
12.15	12.48
12.17	12.49
12.8	12.50
12.19	12.51
12.19	12.52
12.18	12.53
12.15	12.54
12.10	12.55
12.19	12.56
12.11	12.57
12.15	12.58
12.8	12.59
12.15	12.60
12.15	12.61
12.15	12.62
12.20	12.63
12.19	12.64
13.1	13.1
13.6	13.2
13.1	13.3
13.8	13.4
13.1	13.5
13.1	13.6
13.2	13.7
13.12	13.8
13.5	13.9
13.12	13.10
13.12	13.11
13.1	13.12
13.6	13.13
13.12	13.14
13.12	13.15
13.1	13.16
13.12	13.17
13.12	13.18
13.11	13.19
13.1	13.20
13.1	13.21
13.12	13.22
13.1	13.23
13.1	13.24
13.1	13.25
13.12	13.26
13.1	13.27
13.1	13.28
13.1	13.29
13.1	13.30
13.6	13.31
13.9	13.32
13.6	13.33
13.1	13.34
13.6	13.35
13.12	13.36
13.12	13.37
13.7	13.38
13.1	13.39
13.1	13.40
13.1	13.41
13.4	13.42
13.6	13.43
13.10	13.44
13.12	13.45
13.12	13.46
13.10	13.47
13.1	13.48
13.11	13.49
13.11	13.50
13.12	13.51
13.6	13.52
13.6	13.53
13.1	13.54
13.12	13.55
13.12	13.56
13.6	13.57
13.3	13.58
13.12	13.59
13.9	13.60
13.12	13.61
13.1	13.62
13.1	13.63
13.1	13.64
14.11	14.1
14.11	14.2
14.11	14.3
14.11	14.4
14.1	14.5
14.1	14.6
14.4	14.7
14.1	14.8
14.1	14.9
14.1	14.10
14.11	14.11
14.2	14.12
14.1	14.13
14.11	14.14
14.1	14.15
14.11	14.16
14.8	14.17
14.1	14.18
14.3	14.19
14.9	14.20
14.1	14.21
14.7	14.22
14.8	14.23
14.1	14.24
14.8	14.25
14.1	14.26
14.11	14.27
14.6	14.28
14.8	14.29
14.1	14.30
14.9	14.31
14.1	14.32
14.1	14.33
14.9	14.34
14.9	14.35
14.1	14.36
14.11	14.37
14.11	14.38
14.9	14.39
14.11	14.40
14.11	14.41
14.9	14.42
14.1	14.43
14.1	14.44
14.1	14.45
14.8	14.46
14.1	14.47
14.11	14.48
14.5	14.49
14.8	14.50
14.10	14.51
14.11	14.52
14.11	14.53
14.9	14.54
14.9	14.55
14.8	14.56
14.11	14.57
14.8	14.58
14.5	14.59
14.8	14.60
14.8	14.61
14.1	14.62
14.11	14.63
14.11	14.64
15.1	15.1
15.1	15.2
15.4	15.3
15.1	15.4
15.1	15.5
15.1	15.6
15.1	15.7
15.1	15.8
15.1	15.9
15.1	15.10
15.6	15.11
15.1	15.12
15.6	15.13
15.1	15.14
15.1	15.15
15.1	15.16
15.1	15.17
15.1	15.18
15.1	15.19
15.1	15.20
15.1	15.21
15.1	15.22
15.1	15.23
15.8	15.24
15.1	15.25
15.1	15.26
15.1	15.27
15.1	15.28
15.1	15.29
15.1	15.30
15.1	15.31
15.1	15.32
15.1	15.33
15.1	15.34
15.1	15.35
15.1	15.36
15.6	15.37
15.1	15.38
15.1	15.39
15.1	15.40
15.6	15.41
15.1	15.42
15.1	15.43
15.8	15.44
15.1	15.45
15.6	15.46
15.1	15.47
15.2	15.48
15.1	15.49
15.5	15.50
15.1	15.51
15.1	15.52
15.8	15.53
15.2	15.54
15.1	15.55
15.7	15.56
15.1	15.57
15.1	15.58
15.1	15.59
15.6	15.60
15.3	15.61
15.1	15.62
15.1	15.63
15.1	15.64
16.17	16.1
16.8	16.2
16.17	16.3
16.1	16.4
16.1	16.5
16.1	16.6
16.17	16.7
16.11	16.8
16.1	16.9
16.17	16.10
16.17	16.11
16.12	16.12
16.17	16.13
16.16	16.14
16.17	16.15
16.17	16.16
16.1	16.17
16.17	16.18
16.17	16.19
16.1	16.20
16.1	16.21
16.2	16.22
16.16	16.23
16.17	16.24
16.17	16.25
16.17	16.26
16.1	16.27
16.1	16.28
16.4	16.29
16.1	16.30
16.1	16.31
16.17	16.32
16.13	16.33
16.17	16.34
16.6	16.35
16.18	16.36
16.18	16.37
16.17	16.38
16.18	16.39
16.16	16.40
16.16	16.41
16.3	16.42
16.17	16.43
16.1	16.44
16.15	16.45
16.9	16.46
16.1	16.47
16.7	16.48
16.11	16.49
16.10	16.50
16.18	16.51
16.17	16.52
16.1	16.53
16.17	16.54
16.18	16.55
16.5	16.56
16.18	16.57
16.16	16.58
16.13	16.59
16.1	16.60
16.18	16.61
16.13	16.62
16.14	16.63
16.1	16.64
17.7	17.1
17.7	17.2
17.7	17.3
17.7	17.4
17.7	17.5
17.1	17.6
17.7	17.7
17.7	17.8
17.7	17.9
17.4	17.10
17.7	17.11
17.4	17.12
17.7	17.13
17.4	17.14
17.7	17.15
17.7	17.16
17.7	17.17
17.7	17.18
17.7	17.19
17.7	17.20
17.8	17.21
17.5	17.22
17.1	17.23
17.7	17.24
17.7	17.25
17.7	17.26
17.7	17.27
17.1	17.28
17.7	17.29
17.7	17.30
17.1	17.31
17.7	17.32
17.7	17.33
17.7	17.34
17.1	17.35
17.8	17.36
17.7	17.37
17.2	17.38
17.7	17.39
17.1	17.40
17.7	17.41
17.7	17.42
17.7	17.43
17.1	17.44
17.7	17.45
17.7	17.46
17.5	17.47
17.7	17.48
17.1	17.49
17.8	17.50
17.3	17.51
17.4	17.52
17.7	17.53
17.7	17.54
17.1	17.55
17.4	17.56
17.6	17.57
17.7	17.58
17.7	17.59
17.7	17.60
17.7	17.61
17.1	17.62
17.7	17.63
17.7	17.64
18.8	18.1
18.1	18.2
18.1	18.3
18.1	18.4
18.11	18.5
18.1	18.6
18.1	18.7
18.1	18.8
18.11	18.9
18.12	18.10
18.1	18.11
18.6	18.12
18.11	18.13
18.1	18.14
18.9	18.15
18.12	18.16
18.11	18.17
18.7	18.18
18.11	18.19
18.1	18.20
18.11	18.21
18.1	18.22
18.12	18.23
18.11	18.24
18.1	18.25
18.1	18.26
18.1	18.27
18.1	18.28
18.2	18.29
18.1	18.30
18.11	18.31
18.11	18.32
18.1	18.33
18.11	18.34
18.12	18.35
18.1	18.36
18.5	18.37
18.1	18.38
18.10	18.39
18.1	18.40
18.1	18.41
18.1	18.42
18.4	18.43
18.1	18.44
18.11	18.45
18.1	18.46
18.1	18.47
18.11	18.48
18.1	18.49
18.8	18.50
18.6	18.51
18.12	18.52
18.7	18.53
18.1	18.54
18.1	18.55
18.3	18.56
18.11	18.57
18.11	18.58
18.11	18.59
18.1	18.60
18.1	18.61
18.11	18.62
18.1	18.63
18.11	18.64
19.10	19.1
19.1	19.2
19.8	19.3
19.8	19.4
19.8	19.5
19.1	19.6
19.1	19.7
19.8	19.8
19.12	19.9
19.8	19.10
19.8	19.11
19.4	19.12
19.9	19.13
19.10	19.14
19.8	19.15
19.8	19.16
19.8	19.17
19.6	19.18
19.8	19.19
19.8	19.20
19.6	19.21
19.7	19.22
19.8	19.23
19.8	19.24
19.8	19.25
19.10	19.26
19.5	19.27
19.8	19.28
19.6	19.29
19.8	19.30
19.8	19.31
19.8	19.32
19.8	19.33
19.2	19.34
19.8	19.35
19.8	19.36
19.8	19.37
19.8	19.38
19.8	19.39
19.6	19.40
19.8	19.41
19.11	19.42
19.8	19.43
19.8	19.44
19.8	19.45
19.10	19.46
19.8	19.47
19.8	19.48
19.8	19.49
19.10	19.50
19.10	19.51
19.12	19.52
19.8	19.53
19.10	19.54
19.9	19.55
19.10	19.56
19.11	19.57
19.3	19.58
19.8	19.59
19.8	19.60
19.12	19.61
19.8	19.62
19.8	19.63
19.8	19.64
20.8	20.1
20.8	20.2
20.8	20.3
20.8	20.4
20.8	20.5
20.8	20.6
20.8	20.7
20.8	20.8
20.6	20.9
20.1	20.10
20.8	20.11
20.8	20.12
20.8	20.13
20.8	20.14
20.8	20.15
20.8	20.16
20.8	20.17
20.2	20.18
20.8	20.19
20.10	20.20
20.1	20.21
20.8	20.22
20.8	20.23
20.1	20.24
20.8	20.25
20.8	20.26
20.8	20.27
20.1	20.28
20.8	20.29
20.6	20.30
20.11	20.31
20.5	20.32
20.11	20.33
20.8	20.34
20.8	20.35
20.11	20.36
20.8	20.37
20.8	20.38
20.8	20.39
20.8	20.40
20.1	20.41
20.3	20.42
20.8	20.43
20.8	20.44
20.1	20.45
20.8	20.46
20.8	20.47
20.8	20.48
20.11	20.49
20.8	20.50
20.8	20.51
20.8	20.52
20.1	20.53
20.8	20.54
20.9	20.55
20.4	20.56
20.1	20.57
20.8	20.58
20.8	20.59
20.8	20.60
20.9	20.61
20.7	20.62
20.8	20.63
20.8	20.64
21.3	21.1
21.3	21.2
21.3	21.3
21.3	21.4
21.3	21.5
21.3	21.6
21.9	21.7
21.1	21.8
21.3	21.9
21.3	21.10
21.3	21.11
21.2	21.12
21.3	21.13
21.3	21.14
21.3	21.15
21.3	21.16
21.3	21.17
21.3	21.18
21.3	21.19
21.3	21.20
21.3	21.21
21.6	21.22
21.5	21.23
21.7	21.24
21.3	21.25
21.3	21.26
21.9	21.27
21.3	21.28
21.3	21.29
21.9	21.30
21.3	21.31
21.3	21.32
21.9	21.33
21.9	21.34
21.3	21.35
21.3	21.36
21.3	21.37
21.9	21.38
21.7	21.39
21.3	21.40
21.8	21.41
21.3	21.42
21.3	21.43
21.9	21.44
21.3	21.45
21.3	21.46
21.9	21.47
21.9	21.48
21.3	21.49
21.3	21.50
21.3	21.51
21.3	21.52
21.3	21.53
21.3	21.54
21.9	21.55
21.7	21.56
21.3	21.57
21.9	21.58
21.3	21.59
21.6	21.60
21.4	21.61
21.9	21.62
21.9	21.63
21.8	21.64
22.13	22.1
22.6	22.2
22.6	22.3
22.8	22.4
22.17	22.5
22.17	22.6
22.16	22.7
22.6	22.8
22.13	22.9
22.6	22.10
22.6	22.11
22.6	22.12
22.6	22.13
22.6	22.14
22.1	22.15
22.6	22.16
22.17	22.17
22.6	22.18
22.6	22.19
22.8	22.20
22.15	22.21
22.6	22.22
22.9	22.23
22.8	22.24
22.17	22.25
22.7	22.26
22.11	22.27
22.6	22.28
22.6	22.29
22.6	22.30
22.6	22.31
22.17	22.32
22.15	22.33
22.2	22.34
22.13	22.35
22.6	22.36
22.13	22.37
22.6	22.38
22.6	22.39
22.17	22.40
22.13	22.41
22.13	22.42
22.6	22.43
22.17	22.44
22.6	22.45
22.14	22.46
22.6	22.47
22.17	22.48
22.6	22.49
22.10	22.50
22.6	22.51
22.6	22.52
22.6	22.53
22.6	22.54
22.6	22.55
22.4	22.56
22.6	22.57
22.17	22.58
22.6	22.59
22.6	22.60
22.12	22.61
22.17	22.62
22.5	22.63
22.3	22.64
23.1	23.1
23.8	23.2
23.12	23.3
23.1	23.4
23.10	23.5
23.10	23.6
23.10	23.7
23.1	23.8
23.4	23.9
23.10	23.10
23.12	23.11
23.11	23.12
23.12	23.13
23.10	23.14
23.11	23.15
23.10	23.16
23.12	23.17
23.1	23.18
23.10	23.19
23.10	23.20
23.6	23.21
23.10	23.22
23.10	23.23
23.1	23.24
23.1	23.25
23.10	23.26
23.10	23.27
23.12	23.28
23.12	23.29
23.5	23.30
23.9	23.31
23.10	23.32
23.10	23.33
23.12	23.34
23.10	23.35
23.10	23.36
23.12	23.37
23.10	23.38
23.12	23.39
23.10	23.40
23.1	23.41
23.10	23.42
23.12	23.43
23.2	23.44
23.10	23.45
23.12	23.46
23.6	23.47
23.12	23.48
23.10	23.49
23.4	23.50
23.6	23.51
23.1	23.52
23.7	23.53
23.10	23.54
23.12	23.55
23.3	23.56
23.1	23.57
23.8	23.58
23.10	23.59
23.12	23.60
23.1	23.61
23.11	23.62
23.10	23.63
23.10	23.64
24.5	24.1
24.1	24.2
24.9	24.3
24.14	24.4
24.17	24.5
24.18	24.6
24.9	24.7
24.8	24.8
24.9	24.9
24.3	24.10
24.15	24.11
24.11	24.12
24.9	24.13
24.9	24.14
24.9	24.15
24.9	24.16
24.9	24.17
24.18	24.18
24.9	24.19
24.9	24.20
24.13	24.21
24.9	24.22
24.7	24.23
24.9	24.24
24.10	24.25
24.6	24.26
24.9	24.27
24.9	24.28
24.9	24.29
24.9	24.30
24.4	24.31
24.9	24.32
24.18	24.33
24.9	24.34
24.12	24.35
24.12	24.36
24.9	24.37
24.18	24.38
24.8	24.39
24.9	24.40
24.2	24.41
24.16	24.42
24.9	24.43
24.9	24.44
24.9	24.45
24.16	24.46
24.15	24.47
24.1	24.48
24.9	24.49
24.9	24.50
24.9	24.51
24.9	24.52
24.18	24.53
24.9	24.54
24.9	24.55
24.12	24.56
24.18	24.57
24.9	24.58
24.18	24.59
24.1	24.60
24.9	24.61
24.18	24.62
24.9	24.63
24.9	24.64
25.12	25.1
25.12	25.2
25.12	25.3
25.6	25.4
25.12	25.5
25.12	25.6
25.12	25.7
25.10	25.8
25.12	25.9
25.12	25.10
25.12	25.11
25.12	25.12
25.12	25.13
25.12	25.14
25.12	25.15
25.6	25.16
25.8	25.17
25.12	25.18
25.11	25.19
25.12	25.20
25.13	25.21
25.13	25.22
25.12	25.23
25.12	25.24
25.2	25.25
25.6	25.26
25.5	25.27
25.13	25.28
25.12	25.29
25.1	25.30
25.12	25.31
25.12	25.32
25.6	25.33
25.4	25.34
25.13	25.35
25.12	25.36
25.1	25.37
25.13	25.38
25.13	25.39
25.13	25.40
25.12	25.41
25.12	25.42
25.1	25.43
25.12	25.44
25.12	25.45
25.6	25.46
25.13	25.47
25.12	25.48
25.13	25.49
25.3	25.50
25.13	25.51
25.12	25.52
25.1	25.53
25.12	25.54
25.7	25.55
25.13	25.56
25.12	25.57
25.13	25.58
25.9	25.59
25.12	25.60
25.13	25.61
25.12	25.62
25.13	25.63
25.13	25.64
26.4	26.1
26.4	26.2
26.4	26.3
26.4	26.4
26.4	26.5
26.4	26.6
26.4	26.7
26.1	26.8
26.1	26.9
26.4	26.10
26.4	26.11
26.4	26.12
26.1	26.13
26.1	26.14
26.4	26.15
26.4	26.16
26.6	26.17
26.4	26.18
26.4	26.19
26.4	26.20
26.6	26.21
26.4	26.22
26.4	26.23
26.4	26.24
26.3	26.25
26.6	26.26
26.1	26.27
26.1	26.28
26.4	26.29
26.2	26.30
26.4	26.31
26.4	26.32
26.6	26.33
26.4	26.34
26.4	26.35
26.4	26.36
26.1	26.37
26.4	26.38
26.4	26.39
26.4	26.40
26.4	26.41
26.4	26.42
26.4	26.43
26.4	26.44
26.4	26.45
26.4	26.46
26.4	26.47
26.4	26.48
26.4	26.49
26.4	26.50
26.1	26.51
26.4	26.52
26.4	26.53
26.4	26.54
26.4	26.55
26.5	26.56
26.1	26.57
26.4	26.58
26.4	26.59
26.1	26.60
26.1	26.61
26.1	26.62
26.4	26.63
26.4	26.64
27.14	27.1
27.14	27.2
27.10	27.3
27.10	27.4
27.9	27.5
27.1	27.6
27.10	27.7
27.10	27.8
27.10	27.9
27.10	27.10
27.13	27.11
27.14	27.12
27.8	27.13
27.1	27.14
27.10	27.15
27.10	27.16
27.14	27.17
27.1	27.18
27.6	27.19
27.12	27.20
27.1	27.21
27.14	27.22
27.2	27.23
27.4	27.24
27.10	27.25
27.10	27.26
27.11	27.27
27.4	27.28
27.10	27.29
27.14	27.30
27.11	27.31
27.8	27.32
27.10	27.33
27.14	27.34
27.10	27.35
27.14	27.36
27.1	27.37
27.1	27.38
27.8	27.39
27.10	27.40
27.12	27.41
27.10	27.42
27.10	27.43
27.10	27.44
27.7	27.45
27.10	27.46
27.8	27.47
27.14	27.48
27.11	27.49
27.14	27.50
27.1	27.51
27.14	27.52
27.14	27.53
27.10	27.54
27.10	27.55
27.10	27.56
27.10	27.57
27.14	27.58
27.14	27.59
27.1	27.60
27.12	27.61
27.5	27.62
27.3	27.63
27.14	27.64
28.5	28.1
28.5	28.2
28.10	28.3
28.5	28.4
28.16	28.5
28.5	28.6
28.5	28.7
28.15	28.8
28.5	28.9
28.5	28.10
28.5	28.11
28.16	28.12
28.5	28.13
28.5	28.14
28.5	28.15
28.6	28.16
28.5	28.17
28.16	28.18
28.13	28.19
28.5	28.20
28.5	28.21
28.5	28.22
28.12	28.23
28.5	28.24
28.5	28.25
28.16	28.26
28.16	28.27
28.5	28.28
28.1	28.29
28.5	28.30
28.7	28.31
28.15	28.32
28.5	28.33
28.5	28.34
28.7	28.35
28.7	28.36
28.3	28.37
28.5	28.38
28.11	28.39
28.5	28.40
28.8	28.41
28.12	28.42
28.5	28.43
28.16	28.44
28.2	28.45
28.1	28.46
28.16	28.47
28.4	28.48
28.5	28.49
28.5	28.50
28.5	28.51
28.5	28.52
28.5	28.53
28.9	28.54
28.16	28.55
28.5	28.56
28.13	28.57
28.16	28.58
28.5	28.59
28.14	28.60
28.9	28.61
28.15	28.62
28.5	28.63
28.16	28.64
29.17	29.1
29.1	29.2
29.1	29.3
29.1	29.4
29.1	29.5
29.1	29.6
29.1	29.7
29.1	29.8
29.17	29.9
29.1	29.10
29.13	29.11
29.17	29.12
29.1	29.13
29.9	29.14
29.1	29.15
29.6	29.16
29.5	29.17
29.15	29.18
29.8	29.19
29.17	29.20
29.14	29.21
29.17	29.22
29.1	29.23
29.17	29.24
29.7	29.25
29.11	29.26
29.1	29.27
29.1	29.28
29.1	29.29
29.17	29.30
29.17	29.31
29.2	29.32
29.1	29.33
29.17	29.34
29.1	29.35
29.17	29.36
29.4	29.37
29.16	29.38
29.12	29.39
29.17	29.40
29.1	29.41
29.10	29.42
29.1	29.43
29.17	29.44
29.1	29.45
29.1	29.46
29.3	29.47
29.1	29.48
29.1	29.49
29.17	29.50
29.13	29.51
29.9	29.52
29.16	29.53
29.16	29.54
29.1	29.55
29.1	29.56
29.1	29.57
29.1	29.58
29.1	29.59
29.1	29.60
29.17	29.61
29.1	29.62
29.17	29.63
29.1	29.64
30.17	30.1
30.19	30.2
30.17	30.3
30.7	30.4
30.19	30.5
30.19	30.6
30.9	30.7
30.19	30.8
30.17	30.9
30.19	30.10
30.19	30.11
30.19	30.12
30.19	30.13
30.19	30.14
30.19	30.15
30.19	30.16
30.3	30.17
30.19	30.18
30.1	30.19
30.19	30.20
30.19	30.21
30.12	30.22
30.19	30.23
30.19	30.24
30.19	30.25
30.6	30.26
30.14	30.27
30.10	30.28
30.19	30.29
30.2	30.30
30.17	30.31
30.19	30.32
30.18	30.33
30.15	30.34
30.19	30.35
30.4	30.36
30.16	30.37
30.19	30.38
30.19	30.39
30.1	30.40
30.1	30.41
30.1	30.42
30.1	30.43
30.8	30.44
30.19	30.45
30.19	30.46
30.19	30.47
30.19	30.48
30.19	30.49
30.13	30.50
30.11	30.51
30.19	30.52
30.19	30.53
30.19	30.54
30.19	30.55
30.19	30.56
30.19	30.57
30.19	30.58
30.19	30.59
30.17	30.60
30.5	30.61
30.19	30.62
30.19	30.63
30.19	30.64
31.13	31.1
31.13	31.2
31.1	31.3
31.5	31.4
31.6	31.5
31.13	31.6
31.1	31.7
31.13	31.8
31.13	31.9
31.13	31.10
31.13	31.11
31.1	31.12
31.13	31.13
31.1	31.14
31.1	31.15
31.8	31.16
31.13	31.17
31.13	31.18
31.13	31.19
31.1	31.20
31.13	31.21
31.1	31.22
31.1	31.23
31.8	31.24
31.8	31.25
31.4	31.26
31.8	31.27
31.9	31.28
31.9	31.29
31.13	31.30
31.7	31.31
31.13	31.32
31.1	31.33
31.1	31.34
31.9	31.35
31.9	31.36
31.11	31.37
31.9	31.38
31.1	31.39
31.13	31.40
31.9	31.41
31.1	31.42
31.9	31.43
31.11	31.44
31.2	31.45
31.11	31.46
31.1	31.47
31.12	31.48
31.13	31.49
31.13	31.50
31.3	31.51
31.1	31.52
31.1	31.53
31.1	31.54
31.13	31.55
31.1	31.56
31.9	31.57
31.13	31.58
31.9	31.59
31.1	31.60
31.10	31.61
31.1	31.62
31.13	31.63
31.1	31.64
32.3	32.1
32.3	32.2
32.3	32.3
32.6	32.4
32.6	32.5
32.3	32.6
32.3	32.7
32.3	32.8
32.3	32.9
32.3	32.10
32.3	32.11
32.3	32.12
32.3	32.13
32.3	32.14
32.3	32.15
32.4	32.16
32.3	32.17
32.3	32.18
32.3	32.19
32.4	32.20
32.3	32.21
32.3	32.22
32.4	32.23
32.3	32.24
32.3	32.25
32.3	32.26
32.3	32.27
32.3	32.28
32.3	32.29
32.3	32.30
32.3	32.31
32.3	32.32
32.3	32.33
32.3	32.34
32.3	32.35
32.3	32.36
32.1	32.37
32.3	32.38
32.3	32.39
32.5	32.40
32.3	32.41
32.3	32.42
32.6	32.43
32.2	32.44
32.4	32.45
32.3	32.46
32.3	32.47
32.4	32.48
32.3	32.49
32.4	32.50
32.3	32.51
32.6	32.52
32.3	32.53
32.6	32.54
32.3	32.55
32.3	32.56
32.3	32.57
32.3	32.58
32.3	32.59
32.3	32.60
32.3	32.61
32.3	32.62
32.3	32.63
32.1	32.64
33.1	33.1
33.11	33.2
33.12	33.3
33.12	33.4
33.1	33.5
33.14	33.6
33.12	33.7
33.1	33.8
33.16	33.9
33.1	33.10
33.16	33.11
33.1	33.12
33.1	33.13
33.12	33.14
33.13	33.15
33.8	33.16
33.16	33.17
33.12	33.18
33.3	33.19
33.4	33.20
33.5	33.21
33.1	33.22
33.7	33.23
33.16	33.24
33.6	33.25
33.12	33.26
33.12	33.27
33.1	33.28
33.12	33.29
33.12	33.30
33.16	33.31
33.13	33.32
33.1	33.33
33.16	33.34
33.13	33.35
33.12	33.36
33.16	33.37
33.12	33.38
33.12	33.39
33.16	33.40
33.16	33.41
33.14	33.42
33.12	33.43
33.11	33.44
33.12	33.45
33.1	33.46
33.11	33.47
33.14	33.48
33.15	33.49
33.16	33.50
33.16	33.51
33.16	33.52
33.14	33.53
33.9	33.54
33.10	33.55
33.2	33.56
33.12	33.57
33.12	33.58
33.16	33.59
33.8	33.60
33.1	33.61
33.15	33.62
33.1	33.63
33.12	33.64
34.1	34.1
34.13	34.2
34.13	34.3
34.13	34.4
34.13	34.5
34.13	34.6
34.13	34.7
34.1	34.8
34.13	34.9
34.12	34.10
34.11	34.11
34.1	34.12
34.14	34.13
34.13	34.14
34.13	34.15
34.13	34.16
34.1	34.17
34.1	34.18
34.13	34.19
34.13	34.20
34.12	34.21
34.13	34.22
34.13	34.23
34.13	34.24
34.1	34.25
34.12	34.26
34.8	34.27
34.13	34.28
34.13	34.29
34.8	34.30
34.7	34.31
34.13	34.32
34.1	34.33
34.3	34.34
34.13	34.35
34.14	34.36
34.13	34.37
34.1	34.38
34.12	34.39
34.13	34.40
34.13	34.41
34.9	34.42
34.2	34.43
34.13	34.44
34.5	34.45
34.10	34.46
34.13	34.47
34.13	34.48
34.11	34.49
34.6	34.50
34.14	34.51
34.13	34.52
34.11	34.53
34.11	34.54
34.13	34.55
34.13	34.56
34.8	34.57
34.8	34.58
34.4	34.59
34.13	34.60
34.13	34.61
34.14	34.62
34.10	34.63
34.13	34.64
35.14	35.1
35.7	35.2
35.14	35.3
35.7	35.4
35.14	35.5
35.6	35.6
35.7	35.7
35.7	35.8
35.15	35.9
35.14	35.10
35.14	35.11
35.2	35.12
35.14	35.13
35.7	35.14
35.7	35.15
35.7	35.16
35.14	35.17
35.7	35.18
35.7	35.19
35.14	35.20
35.7	35.21
35.7	35.22
35.9	35.23
35.14	35.24
35.7	35.25
35.7	35.26
35.14	35.27
35.14	35.28
35.7	35.29
35.12	35.30
35.10	35.31
35.14	35.32
35.12	35.33
35.12	35.34
35.7	35.35
35.14	35.36
35.7	35.37
35.1	35.38
35.14	35.39
35.7	35.40
35.7	35.41
35.7	35.42
35.14	35.43
35.8	35.44
35.12	35.45
35.7	35.46
35.7	35.47
35.7	35.48
35.4	35.49
35.7	35.50
35.7	35.51
35.1	35.52
35.7	35.53
35.7	35.54
35.7	35.55
35.7	35.56
35.7	35.57
35.5	35.58
35.7	35.59
35.11	35.60
35.9	35.61
35.13	35.62
35.1	35.63
35.3	35.64
36.13	36.1
36.11	36.2
36.7	36.3
36.7	36.4
36.7	36.5
36.11	36.6
36.11	36.7
36.11	36.8
36.13	36.9
36.11	36.10
36.11	36.11
36.9	36.12
36.10	36.13
36.13	36.14
36.13	36.15
36.11	36.16
36.4	36.17
36.13	36.18
36.11	36.19
36.11	36.20
36.13	36.21
36.11	36.22
36.2	36.23
36.1	36.24
36.11	36.25
36.11	36.26
36.11	36.27
36.13	36.28
36.11	36.29
36.1	36.30
36.11	36.31
36.11	36.32
36.13	36.33
36.11	36.34
36.11	36.35
36.11	36.36
36.5	36.37
36.12	36.38
36.1	36.39
36.6	36.40
36.11	36.41
36.13	36.42
36.1	36.43
36.2	36.44
36.13	36.45
36.12	36.46
36.13	36.47
36.1	36.48
36.13	36.49
36.13	36.50
36.13	36.51
36.13	36.52
36.11	36.53
36.3	36.54
36.11	36.55
36.11	36.56
36.8	36.57
36.1	36.58
36.13	36.59
36.12	36.60
36.13	36.61
36.13	36.62
36.13	36.63
36.10	36.64
37.8	37.1
37.8	37.2
37.8	37.3
37.7	37.4
37.8	37.5
37.8	37.6
37.8	37.7
37.1	37.8
37.8	37.9
37.8	37.10
37.1	37.11
37.7	37.12
37.8	37.13
37.8	37.14
37.8	37.15
37.2	37.16
37.1	37.17
37.8	37.18
37.8	37.19
37.8	37.20
37.1	37.21
37.8	37.22
37.7	37.23
37.8	37.24
37.8	37.25
37.8	37.26
37.8	37.27
37.8	37.28
37.1	37.29
37.8	37.30
37.3	37.31
37.8	37.32
37.8	37.33
37.6	37.34
37.8	37.35
37.7	37.36
37.8	37.37
37.8	37.38
37.8	37.39
37.8	37.40
37.8	37.41
37.8	37.42
37.8	37.43
37.8	37.44
37.8	37.45
37.8	37.46
37.8	37.47
37.8	37.48
37.8	37.49
37.8	37.50
37.5	37.51
37.8	37.52
37.1	37.53
37.1	37.54
37.7	37.55
37.9	37.56
37.1	37.57
37.1	37.58
37.8	37.59
37.8	37.60
37.8	37.61
37.8	37.62
37.1	37.63
37.4	37.64
38.7	38.1
38.7	38.2
38.7	38.3
38.7	38.4
38.7	38.5
38.7	38.6
38.7	38.7
38.7	38.8
38.7	38.9
38.7	38.10
38.7	38.11
38.2	38.12
38.6	38.13
38.4	38.14
38.6	38.15
38.7	38.16
38.7	38.17
38.7	38.18
38.7	38.19
38.7	38.20
38.7	38.21
38.5	38.22
38.7	38.23
38.1	38.24
38.7	38.25
38.7	38.26
38.1	38.27
38.7	38.28
38.6	38.29
38.7	38.30
38.7	38.31
38.1	38.32
38.7	38.33
38.6	38.34
38.7	38.35
38.7	38.36
38.1	38.37
38.7	38.38
38.7	38.39
38.7	38.40
38.1	38.41
38.7	38.42
38.7	38.43
38.3	38.44
38.7	38.45
38.3	38.46
38.7	38.47
38.7	38.48
38.7	38.49
38.1	38.50
38.4	38.51
38.7	38.52
38.7	38.53
38.6	38.54
38.3	38.55
38.7	38.56
38.7	38.57
38.7	38.58
38.1	38.59
38.7	38.60
38.7	38.61
38.7	38.62
38.6	38.63
38.7	38.64
39.16	39.1
39.13	39.2
39.17	39.3
39.17	39.4
39.16	39.5
39.16	39.6
39.14	39.7
39.8	39.8
39.16	39.9
39.14	39.10
39.3	39.11
39.14	39.12
39.5	39.13
39.2	39.14
39.6	39.15
39.16	39.16
39.6	39.17
39.13	39.18
39.15	39.19
39.17	39.20
39.6	39.21
39.6	39.22
39.13	39.23
39.16	39.24
39.16	39.25
39.6	39.26
39.16	39.27
39.12	39.28
39.17	39.29
39.17	39.30
39.16	39.31
39.16	39.32
39.7	39.33
39.6	39.34
39.16	39.35
39.9	39.36
39.6	39.37
39.16	39.38
39.16	39.39
39.16	39.40
39.1	39.41
39.6	39.42
39.16	39.43
39.4	39.44
39.16	39.45
39.16	39.46
39.11	39.47
39.16	39.48
39.16	39.49
39.17	39.50
39.6	39.51
39.6	39.52
39.16	39.53
39.6	39.54
39.6	39.55
39.13	39.56
39.6	39.57
39.16	39.58
39.16	39.59
39.17	39.60
39.10	39.61
39.16	39.62
39.13	39.63
39.6	39.64
40.3	40.1
40.3	40.2
40.3	40.3
40.14	40.4
40.13	40.5
40.3	40.6
40.3	40.7
40.13	40.8
40.3	40.9
40.3	40.10
40.3	40.11
40.3	40.12
40.3	40.13
40.3	40.14
40.3	40.15
40.3	40.16
40.3	40.17
40.4	40.18
40.8	40.19
40.7	40.20
40.3	40.21
40.3	40.22
40.3	40.23
40.3	40.24
40.12	40.25
40.13	40.26
40.7	40.27
40.3	40.28
40.3	40.29
40.5	40.30
40.3	40.31
40.3	40.32
40.3	40.33
40.14	40.34
40.3	40.35
40.3	40.36
40.13	40.37
40.3	40.38
40.3	40.39
40.3	40.40
40.3	40.41
40.13	40.42
40.2	40.43
40.3	40.44
40.3	40.45
40.3	40.46
40.3	40.47
40.6	40.48
40.1	40.49
40.3	40.50
40.3	40.51
40.3	40.52
40.3	40.53
40.13	40.54
40.3	40.55
40.3	40.56
40.3	40.57
40.13	40.58
40.3	40.59
40.10	40.60
40.13	40.61
40.11	40.62
40.9	40.63
40.3	40.64
41.15	41.1
41.1	41.2
41.15	41.3
41.1	41.4
41.1	41.5
41.16	41.6
41.1	41.7
41.1	41.8
41.3	41.9
41.15	41.10
41.14	41.11
41.1	41.12
41.15	41.13
41.15	41.14
41.1	41.15
41.1	41.16
41.1	41.17
41.13	41.18
41.12	41.19
41.14	41.20
41.14	41.21
41.1	41.22
41.1	41.23
41.1	41.24
41.13	41.25
41.1	41.26
41.1	41.27
41.1	41.28
41.1	41.29
41.14	41.30
41.14	41.31
41.1	41.32
41.7	41.33
41.10	41.34
41.1	41.35
41.11	41.36
41.15	41.37
41.15	41.38
41.15	41.39
41.4	41.40
41.9	41.41
41.15	41.42
41.1	41.43
41.15	41.44
41.5	41.45
41.15	41.46
41.10	41.47
41.1	41.48
41.2	41.49
41.14	41.50
41.1	41.51
41.15	41.52
41.1	41.53
41.1	41.54
41.6	41.55
41.14	41.56
41.1	41.57
41.1	41.58
41.1	41.59
41.1	41.60
41.6	41.61
41.14	41.62
41.8	41.63
41.14	41.64
42.13	42.1
42.13	42.2
42.13	42.3
42.13	42.4
42.6	42.5
42.10	42.6
42.6	42.7
42.11	42.8
42.11	42.9
42.12	42.10
42.13	42.11
42.6	42.12
42.13	42.13
42.11	42.14
42.13	42.15
42.15	42.16
42.7	42.17
42.8	42.18
42.10	42.19
42.13	42.20
42.6	42.21
42.1	42.22
42.13	42.23
42.6	42.24
42.13	42.25
42.6	42.26
42.6	42.27
42.11	42.28
42.1	42.29
42.13	42.30
42.11	42.31
42.11	42.32
42.13	42.33
42.6	42.34
42.14	42.35
42.6	42.36
42.11	42.37
42.13	42.38
42.13	42.39
42.4	42.40
42.13	42.41
42.13	42.42
42.10	42.43
42.6	42.44
42.11	42.45
42.6	42.46
42.6	42.47
42.9	42.48
42.1	42.49
42.9	42.50
42.14	42.51
42.10	42.52
42.5	42.53
42.5	42.54
42.2	42.55
42.13	42.56
42.3	42.57
42.11	42.58
42.6	42.59
42.13	42.60
42.11	42.61
42.6	42.62
42.13	42.63
42.13	42.64
43.1	43.1
43.10	43.2
43.10	43.3
43.10	43.4
43.10	43.5
43.11	43.6
43.10	43.7
43.2	43.8
43.1	43.9
43.1	43.10
43.6	43.11
43.10	43.12
43.11	43.13
43.6	43.14
43.10	43.15
43.10	43.16
43.11	43.17
43.10	43.18
43.10	43.19
43.10	43.20
43.10	43.21
43.1	43.22
43.10	43.23
43.1	43.24
43.11	43.25
43.1	43.26
43.1	43.27
43.1	43.28
43.10	43.29
43.1	43.30
43.1	43.31
43.11	43.32
43.1	43.33
43.10	43.34
43.11	43.35
43.8	43.36
43.1	43.37
43.1	43.38
43.11	43.39
43.1	43.40
43.10	43.41
43.1	43.42
43.11	43.43
43.5	43.44
43.1	43.45
43.3	43.46
43.1	43.47
43.11	43.48
43.1	43.49
43.4	43.50
43.9	43.51
43.1	43.52
43.1	43.53
43.1	43.54
43.7	43.55
43.10	43.56
43.1	43.57
43.1	43.58
43.1	43.59
43.1	43.60
43.1	43.61
43.1	43.62
43.1	43.63
43.1	43.64
44.10	44.1
44.10	44.2
44.10	44.3
44.10	44.4
44.10	44.5
44.5	44.6
44.5	44.7
44.4	44.8
44.7	44.9
44.10	44.10
44.5	44.11
44.10	44.12
44.5	44.13
44.7	44.14
44.5	44.15
44.10	44.16
44.3	44.17
44.5	44.18
44.10	44.19
44.5	44.20
44.5	44.21
44.5	44.22
44.5	44.23
44.5	44.24
44.5	44.25
44.5	44.26
44.10	44.27
44.5	44.28
44.5	44.29
44.5	44.30
44.1	44.31
44.1	44.32
44.5	44.33
44.5	44.34
44.10	44.35
44.10	44.36
44.10	44.37
44.5	44.38
44.5	44.39
44.1	44.40
44.10	44.41
44.10	44.42
44.5	44.43
44.10	44.44
44.5	44.45
44.2	44.46
44.5	44.47
44.5	44.48
44.10	44.49
44.1	44.50
44.6	44.51
44.10	44.52
44.10	44.53
44.5	44.54
44.9	44.55
44.7	44.56
44.7	44.57
44.8	44.58
44.7	44.59
44.10	44.60
44.1	44.61
44.10	44.62
44.7	44.63
44.1	44.64
45.18	45.1
45.11	45.2
45.13	45.3
45.11	45.4
45.18	45.5
45.11	45.6
45.20	45.7
45.18	45.8
45.5	45.9
45.17	45.10
45.11	45.11
45.17	45.12
45.11	45.13
45.20	45.14
45.11	45.15
45.18	45.16
45.12	45.17
45.11	45.18
45.18	45.19
45.5	45.20
45.1	45.21
45.3	45.22
45.11	45.23
45.11	45.24
45.11	45.25
45.4	45.26
45.1	45.27
45.11	45.28
45.18	45.29
45.11	45.30
45.18	45.31
45.19	45.32
45.7	45.33
45.1	45.34
45.14	45.35
45.11	45.36
45.9	45.37
45.11	45.38
45.8	45.39
45.1	45.40
45.16	45.41
45.11	45.42
45.18	45.43
45.11	45.44
45.18	45.45
45.18	45.46
45.18	45.47
45.6	45.48
45.18	45.49
45.19	45.50
45.11	45.51
45.1	45.52
45.20	45.53
45.18	45.54
45.18	45.55
45.2	45.56
45.10	45.57
45.19	45.58
45.11	45.59
45.19	45.60
45.19	45.61
45.19	45.62
45.15	45.63
45.18	45.64
46.9	46.1
46.12	46.2
46.11	46.3
46.9	46.4
46.12	46.5
46.9	46.6
46.9	46.7
46.9	46.8
46.12	46.9
46.9	46.10
46.11	46.11
46.8	46.12
46.9	46.13
46.9	46.14
46.9	46.15
46.12	46.16
46.8	46.17
46.1	46.18
46.12	46.19
46.11	46.20
46.1	46.21
46.9	46.22
46.9	46.23
46.5	46.24
46.1	46.25
46.4	46.26
46.9	46.27
46.9	46.28
46.9	46.29
46.9	46.30
46.9	46.31
46.12	46.32
46.12	46.33
46.8	46.34
46.9	46.35
46.12	46.36
46.9	46.37
46.12	46.38
46.11	46.39
46.9	46.40
46.11	46.41
46.2	46.42
46.11	46.43
46.11	46.44
46.12	46.45
46.5	46.46
46.9	46.47
46.9	46.48
46.11	46.49
46.12	46.50
46.6	46.51
46.8	46.52
46.12	46.53
46.3	46.54
46.1	46.55
46.9	46.56
46.8	46.57
46.9	46.58
46.10	46.59
46.12	46.60
46.7	46.61
46.11	46.62
46.9	46.63
46.9	46.64
47.1	47.1
47.11	47.2
47.4	47.3
47.15	47.4
47.14	47.5
47.12	47.6
47.4	47.7
47.1	47.8
47.13	47.9
47.12	47.10
47.14	47.11
47.4	47.12
47.1	47.13
47.1	47.14
47.12	47.15
47.9	47.16
47.8	47.17
47.14	47.18
47.14	47.19
47.6	47.20
47.15	47.21
47.14	47.22
47.1	47.23
47.14	47.24
47.1	47.25
47.6	47.26
47.1	47.27
47.14	47.28
47.14	47.29
47.12	47.30
47.14	47.31
47.15	47.32
47.9	47.33
47.4	47.34
47.14	47.35
47.14	47.36
47.11	47.37
47.1	47.38
47.14	47.39
47.14	47.40
47.1	47.41
47.12	47.42
47.3	47.43
47.14	47.44
47.1	47.45
47.12	47.46
47.12	47.47
47.1	47.48
47.16	47.49
47.14	47.50
47.1	47.51
47.10	47.52
47.12	47.53
47.7	47.54
47.4	47.55
47.14	47.56
47.1	47.57
47.11	47.58
47.9	47.59
47.2	47.60
47.5	47.61
47.14	47.62
47.16	47.63
47.1	47.64
48.7	48.1
48.7	48.2
48.7	48.3
48.7	48.4
48.7	48.5
48.5	48.6
48.7	48.7
48.7	48.8
48.5	48.9
48.5	48.10
48.4	48.11
48.7	48.12
48.7	48.13
48.1	48.14
48.7	48.15
48.7	48.16
48.5	48.17
48.6	48.18
48.7	48.19
48.1	48.20
48.7	48.21
48.5	48.22
48.5	48.23
48.5	48.24
48.5	48.25
48.5	48.26
48.5	48.27
48.7	48.28
48.7	48.29
48.2	48.30
48.7	48.31
48.7	48.32
48.1	48.33
48.7	48.34
48.7	48.35
48.7	48.36
48.5	48.37
48.1	48.38
48.7	48.39
48.5	48.40
48.5	48.41
48.7	48.42
48.7	48.43
48.7	48.44
48.7	48.45
48.6	48.46
48.5	48.47
48.1	48.48
48.1	48.49
48.3	48.50
48.7	48.51
48.5	48.52
48.7	48.53
48.5	48.54
48.7	48.55
48.7	48.56
48.7	48.57
48.7	48.58
48.7	48.59
48.7	48.60
48.7	48.61
48.7	48.62
48.7	48.63
48.5	48.64
49.1	49.1
49.10	49.2
49.1	49.3
49.10	49.4
49.8	49.5
49.1	49.6
49.8	49.7
49.9	49.8
49.9	49.9
49.9	49.10
49.2	49.11
49.1	49.12
49.1	49.13
49.4	49.14
49.9	49.15
49.8	49.16
49.10	49.17
49.7	49.18
49.9	49.19
49.1	49.20
49.10	49.21
49.4	49.22
49.10	49.23
49.1	49.24
49.10	49.25
49.9	49.26
49.10	49.27
49.1	49.28
49.10	49.29
49.10	49.30
49.10	49.31
49.10	49.32
49.8	49.33
49.10	49.34
49.10	49.35
49.10	49.36
49.10	49.37
49.10	49.38
49.10	49.39
49.9	49.40
49.7	49.41
49.9	49.42
49.1	49.43
49.1	49.44
49.10	49.45
49.6	49.46
49.1	49.47
49.10	49.48
49.8	49.49
49.1	49.50
49.3	49.51
49.1	49.52
49.10	49.53
49.7	49.54
49.10	49.55
49.1	49.56
49.4	49.57
49.9	49.58
49.10	49.59
49.1	49.60
49.9	49.61
49.11	49.62
49.4	49.63
49.5	49.64
50.1	50.1
50.1	50.2
50.11	50.3
50.12	50.4
50.12	50.5
50.1	50.6
50.1	50.7
50.1	50.8
50.1	50.9
50.1	50.10
50.10	50.11
50.12	50.12
50.1	50.13
50.1	50.14
50.1	50.15
50.10	50.16
50.11	50.17
50.12	50.18
50.1	50.19
50.12	50.20
50.1	50.21
50.12	50.22
50.12	50.23
50.1	50.24
50.1	50.25
50.11	50.26
50.11	50.27
50.1	50.28
50.1	50.29
50.2	50.30
50.12	50.31
50.1	50.32
50.10	50.33
50.11	50.34
50.1	50.35
50.1	50.36
50.12	50.37
50.1	50.38
50.5	50.39
50.1	50.40
50.1	50.41
50.6	50.42
50.4	50.43
50.8	50.44
50.1	50.45
50.1	50.46
50.1	50.47
50.8	50.48
50.11	50.49
50.1	50.50
50.9	50.51
50.1	50.52
50.10	50.53
50.12	50.54
50.1	50.55
50.1	50.56
50.12	50.57
50.3	50.58
50.1	50.59
50.1	50.60
50.7	50.61
50.1	50.62
50.1	50.63
50.12	50.64
51.8	51.1
51.1	51.2
51.1	51.3
51.13	51.4
51.9	51.5
51.1	51.6
51.1	51.7
51.8	51.8
51.10	51.9
51.1	51.10
51.10	51.11
51.4	51.12
51.1	51.13
51.7	51.14
51.9	51.15
51.9	51.16
51.10	51.17
51.4	51.18
51.1	51.19
51.11	51.20
51.3	51.21
51.1	51.22
51.4	51.23
51.9	51.24
51.4	51.25
51.9	51.26
51.10	51.27
51.4	51.28
51.9	51.29
51.5	51.30
51.10	51.31
51.1	51.32
51.11	51.33
51.2	51.34
51.1	51.35
51.1	51.36
51.8	51.37
51.1	51.38
51.1	51.39
51.1	51.40
51.1	51.41
51.1	51.42
51.13	51.43
51.10	51.44
51.12	51.45
51.1	51.46
51.8	51.47
51.9	51.48
51.10	51.49
51.1	51.50
51.7	51.51
51.5	51.52
51.10	51.53
51.1	51.54
51.1	51.55
51.10	51.56
51.1	51.57
51.6	51.58
51.1	51.59
51.13	51.60
51.10	51.61
51.1	51.62
51.8	51.63
51.11	51.64
52.1	52.1
52.1	52.2
52.1	52.3
52.1	52.4
52.1	52.5
52.1	52.6
52.10	52.7
52.1	52.8
52.1	52.9
52.8	52.10
52.11	52.11
52.1	52.12
52.12	52.13
52.1	52.14
52.12	52.15
52.12	52.16
52.1	52.17
52.1	52.18
52.12	52.19
52.1	52.20
52.12	52.21
52.1	52.22
52.6	52.23
52.1	52.24
52.1	52.25
52.1	52.26
52.1	52.27
52.12	52.28
52.1	52.29
52.12	52.30
52.1	52.31
52.7	52.32
52.9	52.33
52.1	52.34
52.11	52.35
52.11	52.36
52.12	52.37
52.10	52.38
52.12	52.39
52.1	52.40
52.1	52.41
52.10	52.42
52.1	52.43
52.12	52.44
52.11	52.45
52.1	52.46
52.3	52.47
52.11	52.48
52.12	52.49
52.1	52.50
52.9	52.51
52.1	52.52
52.2	52.53
52.6	52.54
52.1	52.55
52.12	52.56
52.5	52.57
52.4	52.58
52.1	52.59
52.9	52.60
52.9	52.61
52.10	52.62
52.1	52.63
52.12	52.64
53.1	53.1
53.1	53.2
53.1	53.3
53.1	53.4
53.1	53.5
53.1	53.6
53.9	53.7
53.9	53.8
53.1	53.9
53.1	53.10
53.1	53.11
53.1	53.12
53.1	53.13
53.10	53.14
53.6	53.15
53.1	53.16
53.1	53.17
53.8	53.18
53.1	53.19
53.1	53.20
53.1	53.21
53.1	53.22
53.1	53.23
53.3	53.24
53.9	53.25
53.1	53.26
53.1	53.27
53.6	53.28
53.9	53.29
53.9	53.30
53.5	53.31
53.1	53.32
53.8	53.33
53.1	53.34
53.9	53.35
53.9	53.36
53.1	53.37
53.9	53.38
53.7	53.39
53.1	53.40
53.9	53.41
53.1	53.42
53.4	53.43
53.1	53.44
53.6	53.45
53.1	53.46
53.1	53.47
53.9	53.48
53.1	53.49
53.9	53.50
53.1	53.51
53.2	53.52
53.1	53.53
53.9	53.54
53.1	53.55
53.1	53.56
53.10	53.57
53.1	53.58
53.1	53.59
53.1	53.60
53.1	53.61
53.1	53.62
53.1	53.63
53.1	53.64
54.17	54.1
54.17	54.2
54.16	54.3
54.17	54.4
54.17	54.5
54.17	54.6
54.1	54.7
54.1	54.8
54.1	54.9
54.17	54.10
54.19	54.11
54.17	54.12
54.1	54.13
54.1	54.14
54.17	54.15
54.17	54.16
54.16	54.17
54.7	54.18
54.1	54.19
54.16	54.20
54.1	54.21
54.11	54.22
54.16	54.23
54.2	54.24
54.12	54.25
54.9	54.26
54.13	54.27
54.16	54.28
54.17	54.29
54.17	54.30
54.17	54.31
54.7	54.32
54.16	54.33
54.16	54.34
54.17	54.35
54.6	54.36
54.11	54.37
54.1	54.38
54.17	54.39
54.1	54.40
54.8	54.41
54.1	54.42
54.1	54.43
54.3	54.44
54.17	54.45
54.13	54.46
54.16	54.47
54.10	54.48
54.1	54.49
54.11	54.50
54.16	54.51
54.16	54.52
54.1	54.53
54.14	54.54
54.18	54.55
54.17	54.56
54.15	54.57
54.1	54.58
54.4	54.59
54.5	54.60
54.13	54.61
54.17	54.62
54.1	54.63
54.17	54.64
55.1	55.1
55.10	55.2
55.7	55.3
55.10	55.4
55.1	55.5
55.9	55.6
55.10	55.7
55.10	55.8
55.6	55.9
55.1	55.10
55.10	55.11
55.8	55.12
55.1	55.13
55.1	55.14
55.1	55.15
55.1	55.16
55.10	55.17
55.1	55.18
55.9	55.19
55.3	55.20
55.1	55.21
55.9	55.22
55.2	55.23
55.1	55.24
55.1	55.25
55.1	55.26
55.1	55.27
55.1	55.28
55.1	55.29
55.10	55.30
55.9	55.31
55.10	55.32
55.1	55.33
55.1	55.34
55.1	55.35
55.10	55.36
55.10	55.37
55.5	55.38
55.1	55.39
55.10	55.40
55.4	55.41
55.1	55.42
55.1	55.43
55.1	55.44
55.1	55.45
55.1	55.46
55.1	55.47
55.9	55.48
55.9	55.49
55.1	55.50
55.1	55.51
55.1	55.52
55.10	55.53
55.1	55.54
55.1	55.55
55.1	55.56
55.1	55.57
55.10	55.58
55.1	55.59
55.9	55.60
55.8	55.61
55.1	55.62
55.1	55.63
55.1	55.64
56.11	56.1
56.11	56.2
56.11	56.3
56.1	56.4
56.4	56.5
56.2	56.6
56.1	56.7
56.1	56.8
56.11	56.9
56.1	56.10
56.1	56.11
56.11	56.12
56.1	56.13
56.1	56.14
56.1	56.15
56.1	56.16
56.11	56.17
56.1	56.18
56.12	56.19
56.1	56.20
56.1	56.21
56.4	56.22
56.1	56.23
56.1	56.24
56.1	56.25
56.1	56.26
56.10	56.27
56.1	56.28
56.1	56.29
56.11	56.30
56.4	56.31
56.9	56.32
56.1	56.33
56.11	56.34
56.10	56.35
56.1	56.36
56.10	56.37
56.1	56.38
56.11	56.39
56.1	56.40
56.8	56.41
56.11	56.42
56.10	56.43
56.11	56.44
56.11	56.45
56.1	56.46
56.11	56.47
56.1	56.48
56.8	56.49
56.10	56.50
56.11	56.51
56.1	56.52
56.5	56.53
56.1	56.54
56.6	56.55
56.1	56.56
56.9	56.57
56.3	56.58
56.3	56.59
56.7	56.60
56.1	56.61
56.11	56.62
56.1	56.63
56.1	56.64
57.12	57.1
57.12	57.2
57.12	57.3
57.1	57.4
57.12	57.5
57.12	57.6
57.12	57.7
57.12	57.8
57.12	57.9
57.12	57.10
57.12	57.11
57.12	57.12
57.12	57.13
57.12	57.14
57.11	57.15
57.12	57.16
57.12	57.17
57.12	57.18
57.12	57.19
57.10	57.20
57.12	57.21
57.5	57.22
57.12	57.23
57.12	57.24
57.1	57.25
57.7	57.26
57.12	57.27
57.1	57.28
57.2	57.29
57.1	57.30
57.1	57.31
57.12	57.32
57.1	57.33
57.1	57.34
57.10	57.35
57.1	57.36
57.6	57.37
57.1	57.38
57.12	57.39
57.1	57.40
57.11	57.41
57.7	57.42
57.1	57.43
57.12	57.44
57.12	57.45
57.12	57.46
57.9	57.47
57.12	57.48
57.4	57.49
57.1	57.50
57.12	57.51
57.7	57.52
57.10	57.53
57.10	57.54
57.12	57.55
57.12	57.56
57.8	57.57
57.11	57.58
57.1	57.59
57.7	57.60
57.3	57.61
57.1	57.62
57.1	57.63
57.7	57.64
58.8	58.1
58.8	58.2
58.1	58.3
58.8	58.4
58.8	58.5
58.8	58.6
58.8	58.7
58.8	58.8
58.5	58.9
58.8	58.10
58.8	58.11
58.8	58.12
58.8	58.13
58.6	58.14
58.4	58.15
58.1	58.16
58.8	58.17
58.8	58.18
58.7	58.19
58.1	58.20
58.8	58.21
58.1	58.22
58.8	58.23
58.8	58.24
58.1	58.25
58.5	58.26
58.8	58.27
58.8	58.28
58.8	58.29
58.8	58.30
58.5	58.31
58.8	58.32
58.5	58.33
58.8	58.34
58.8	58.35
58.8	58.36
58.8	58.37
58.5	58.38
58.5	58.39
58.8	58.40
58.8	58.41
58.8	58.42
58.7	58.43
58.1	58.44
58.8	58.45
58.1	58.46
58.8	58.47
58.8	58.48
58.5	58.49
58.8	58.50
58.6	58.51
58.6	58.52
58.8	58.53
58.3	58.54
58.5	58.55
58.8	58.56
58.8	58.57
58.8	58.58
58.5	58.59
58.5	58.60
58.5	58.61
58.8	58.62
58.8	58.63
58.2	58.64
59.1	59.1
59.1	59.2
59.10	59.3
59.1	59.4
59.1	59.5
59.1	59.6
59.11	59.7
59.1	59.8
59.1	59.9
59.11	59.10
59.1	59.11
59.1	59.12
59.11	59.13
59.1	59.14
59.1	59.15
59.11	59.16
59.10	59.17
59.1	59.18
59.1	59.19
59.9	59.20
59.1	59.21
59.1	59.22
59.1	59.23
59.4	59.24
59.1	59.25
59.1	59.26
59.1	59.27
59.9	59.28
59.1	59.29
59.1	59.30
59.1	59.31
59.5	59.32
59.1	59.33
59.8	59.34
59.11	59.35
59.11	59.36
59.3	59.37
59.6	59.38
59.1	59.39
59.1	59.40
59.7	59.41
59.11	59.42
59.1	59.43
59.1	59.44
59.1	59.45
59.1	59.46
59.1	59.47
59.1	59.48
59.11	59.49
59.1	59.50
59.1	59.51
59.1	59.52
59.9	59.53
59.1	59.54
59.1	59.55
59.1	59.56
59.11	59.57
59.5	59.58
59.1	59.59
59.10	59.60
59.7	59.61
59.1	59.62
59.2	59.63
59.1	59.64
60.14	60.1
60.14	60.2
60.14	60.3
60.14	60.4
60.14	60.5
60.14	60.6
60.1	60.7
60.14	60.8
60.1	60.9
60.14	60.10
60.14	60.11
60.14	60.12
60.14	60.13
60.1	60.14
60.14	60.15
60.1	60.16
60.3	60.17
60.14	60.18
60.13	60.19
60.14	60.20
60.14	60.21
60.14	60.22
60.14	60.23
60.8	60.24
60.8	60.25
60.1	60.26
60.14	60.27
60.1	60.28
60.14	60.29
60.10	60.30
60.14	60.31
60.14	60.32
60.1	60.33
60.14	60.34
60.14	60.35
60.2	60.36
60.15	60.37
60.14	60.38
60.7	60.39
60.1	60.40
60.14	60.41
60.1	60.42
60.14	60.43
60.1	60.44
60.10	60.45
60.14	60.46
60.14	60.47
60.14	60.48
60.1	60.49
60.1	60.50
60.14	60.51
60.14	60.52
60.15	60.53
60.12	60.54
60.14	60.55
60.1	60.56
60.14	60.57
60.4	60.58
60.9	60.59
60.14	60.60
60.6	60.61
60.5	60.62
60.11	60.63
60.14	60.64
61.1	61.1
61.5	61.2
61.7	61.3
61.1	61.4
61.10	61.5
61.6	61.6
61.9	61.7
61.9	61.8
61.10	61.9
61.7	61.10
61.9	61.11
61.10	61.12
61.1	61.13
61.5	61.14
61.1	61.15
61.9	61.16
61.7	61.17
61.9	61.18
61.9	61.19
61.10	61.20
61.6	61.21
61.5	61.22
61.9	61.23
61.3	61.24
61.10	61.25
61.5	61.26
61.1	61.27
61.5	61.28
61.4	61.29
61.4	61.30
61.9	61.31
61.10	61.32
61.9	61.33
61.1	61.34
61.4	61.35
61.9	61.36
61.1	61.37
61.5	61.38
61.9	61.39
61.9	61.40
61.9	61.41
61.9	61.42
61.2	61.43
61.6	61.44
61.9	61.45
61.5	61.46
61.1	61.47
61.6	61.48
61.1	61.49
61.5	61.50
61.10	61.51
61.10	61.52
61.5	61.53
61.9	61.54
61.1	61.55
61.1	61.56
61.1	61.57
61.1	61.58
61.1	61.59
61.1	61.60
61.9	61.61
61.9	61.62
61.1	61.63
61.8	61.64
62.8	62.1
62.8	62.2
62.8	62.3
62.8	62.4
62.8	62.5
62.8	62.6
62.6	62.7
62.1	62.8
62.8	62.9
62.8	62.10
62.8	62.11
62.8	62.12
62.6	62.13
62.1	62.14
62.8	62.15
62.9	62.16
62.8	62.17
62.8	62.18
62.1	62.19
62.8	62.20
62.10	62.21
62.8	62.22
62.2	62.23
62.10	62.24
62.10	62.25
62.1	62.26
62.8	62.27
62.1	62.28
62.8	62.29
62.8	62.30
62.4	62.31
62.9	62.32
62.10	62.33
62.1	62.34
62.9	62.35
62.5	62.36
62.8	62.37
62.10	62.38
62.8	62.39
62.1	62.40
62.8	62.41
62.1	62.42
62.7	62.43
62.8	62.44
62.8	62.45
62.8	62.46
62.8	62.47
62.7	62.48
62.10	62.49
62.8	62.50
62.8	62.51
62.1	62.52
62.3	62.53
62.1	62.54
62.8	62.55
62.10	62.56
62.8	62.57
62.10	62.58
62.10	62.59
62.8	62.60
62.8	62.61
62.1	62.62
62.8	62.63
62.1	62.64
63.1	63.1
63.1	63.2
63.1	63.3
63.1	63.4
63.1	63.5
63.1	63.6
63.8	63.7
63.1	63.8
63.8	63.9
63.1	63.10
63.1	63.11
63.9	63.12
63.1	63.13
63.9	63.14
63.1	63.15
63.1	63.16
63.1	63.17
63.9	63.18
63.8	63.19
63.9	63.20
63.9	63.21
63.1	63.22
63.9	63.23
63.1	63.24
63.1	63.25
63.7	63.26
63.1	63.27
63.1	63.28
63.1	63.29
63.1	63.30
63.1	63.31
63.1	63.32
63.1	63.33
63.9	63.34
63.9	63.35
63.1	63.36
63.8	63.37
63.1	63.38
63.1	63.39
63.1	63.40
63.1	63.41
63.1	63.42
63.2	63.43
63.4	63.44
63.6	63.45
63.9	63.46
63.1	63.47
63.1	63.48
63.10	63.49
63.1	63.50
63.3	63.51
63.5	63.52
63.9	63.53
63.1	63.54
63.1	63.55
63.8	63.56
63.9	63.57
63.8	63.58
63.1	63.59
63.1	63.60
63.1	63.61
63.1	63.62
63.1	63.63
63.8	63.64
64.4	64.1
64.1	64.2
64.4	64.3
64.4	64.4
64.4	64.5
64.2	64.6
64.4	64.7
64.4	64.8
64.4	64.9
64.1	64.10
64.3	64.11
64.4	64.12
64.1	64.13
64.4	64.14
64.4	64.15
64.4	64.16
64.4	64.17
64.4	64.18
64.4	64.19
64.4	64.20
64.4	64.21
64.4	64.22
64.4	64.23
64.4	64.24
64.1	64.25
64.4	64.26
64.4	64.27
64.1	64.28
64.3	64.29
64.4	64.30
64.4	64.31
64.4	64.32
64.4	64.33
64.4	64.34
64.1	64.35
64.1	64.36
64.4	64.37
64.4	64.38
64.1	64.39
64.4	64.40
64.4	64.41
64.4	64.42
64.4	64.43
64.4	64.44
64.4	64.45
64.4	64.46
64.1	64.47
64.4	64.48
64.4	64.49
64.4	64.50
64.1	64.51
64.4	64.52
64.4	64.53
64.4	64.54
64.4	64.55
64.4	64.56
64.4	64.57
64.4	64.58
64.4	64.59
64.4	64.60
64.1	64.61
64.4	64.62
64.4	64.63
64.1	64.64
65.5	65.1
65.1	65.2
65.4	65.3
65.1	65.4
65.1	65.5
65.5	65.6
65.1	65.7
65.1	65.8
65.1	65.9
65.1	65.10
65.1	65.11
65.5	65.12
65.1	65.13
65.1	65.14
65.6	65.15
65.1	65.16
65.1	65.17
65.1	65.18
65.1	65.19
65.1	65.20
65.1	65.21
65.1	65.22
65.1	65.23
65.1	65.24
65.1	65.25
65.1	65.26
65.1	65.27
65.5	65.28
65.2	65.29
65.5	65.30
65.1	65.31
65.1	65.32
65.4	65.33
65.1	65.34
65.1	65.35
65.1	65.36
65.5	65.37
65.1	65.38
65.1	65.39
65.1	65.40
65.1	65.41
65.1	65.42
65.5	65.43
65.1	65.44
65.1	65.45
65.5	65.46
65.1	65.47
65.1	65.48
65.1	65.49
65.1	65.50
65.5	65.51
65.1	65.52
65.5	65.53
65.1	65.54
65.1	65.55
65.3	65.56
65.1	65.57
65.1	65.58
65.1	65.59
65.1	65.60
65.1	65.61
65.1	65.62
65.5	65.63
65.1	65.64
66.1	66.1
66.1	66.2
66.1	66.3
66.1	66.4
66.1	66.5
66.1	66.6
66.1	66.7
66.1	66.8
66.1	66.9
66.1	66.10
66.1	66.11
66.1	66.12
66.3	66.13
66.1	66.14
66.1	66.15
66.1	66.16
66.1	66.17
66.1	66.18
66.5	66.19
66.1	66.20
66.1	66.21
66.5	66.22
66.1	66.23
66.1	66.24
66.1	66.25
66.1	66.26
66.1	66.27
66.1	66.28
66.5	66.29
66.1	66.30
66.1	66.31
66.1	66.32
66.1	66.33
66.1	66.34
66.1	66.35
66.4	66.36
66.1	66.37
66.1	66.38
66.1	66.39
66.1	66.40
66.1	66.41
66.1	66.42
66.1	66.43
66.1	66.44
66.5	66.45
66.1	66.46
66.1	66.47
66.1	66.48
66.5	66.49
66.1	66.50
66.1	66.51
66.1	66.52
66.5	66.53
66.5	66.54
66.1	66.55
66.1	66.56
66.1	66.57
66.1	66.58
66.1	66.59
66.4	66.60
66.1	66.61
66.1	66.62
66.2	66.63
66.1	66.64
67.5	67.1
67.5	67.2
67.5	67.3
67.5	67.4
67.5	67.5
67.5	67.6
67.5	67.7
67.5	67.8
67.5	67.9
67.5	67.10
67.1	67.11
67.5	67.12
67.5	67.13
67.1	67.14
67.5	67.15
67.1	67.16
67.5	67.17
67.5	67.18
67.5	67.19
67.5	67.20
67.5	67.21
67.5	67.22
67.4	67.23
67.1	67.24
67.5	67.25
67.5	67.26
67.5	67.27
67.5	67.28
67.5	67.29
67.5	67.30
67.2	67.31
67.5	67.32
67.1	67.33
67.5	67.34
67.5	67.35
67.5	67.36
67.5	67.37
67.5	67.38
67.5	67.39
67.1	67.40
67.5	67.41
67.5	67.42
67.5	67.43
67.5	67.44
67.3	67.45
67.5	67.46
67.5	67.47
67.5	67.48
67.5	67.49
67.1	67.50
67.5	67.51
67.1	67.52
67.1	67.53
67.5	67.54
67.5	67.55
67.5	67.56
67.5	67.57
67.5	67.58
67.5	67.59
67.1	67.60
67.1	67.61
67.1	67.62
67.1	67.63
67.5	67.64
68.3	68.1
68.3	68.2
68.8	68.3
68.3	68.4
68.3	68.5
68.7	68.6
68.3	68.7
68.10	68.8
68.5	68.9
68.5	68.10
68.3	68.11
68.1	68.12
68.10	68.13
68.3	68.14
68.3	68.15
68.10	68.16
68.5	68.17
68.5	68.18
68.5	68.19
68.5	68.20
68.3	68.21
68.9	68.22
68.3	68.23
68.5	68.24
68.3	68.25
68.3	68.26
68.5	68.27
68.1	68.28
68.6	68.29
68.8	68.30
68.3	68.31
68.3	68.32
68.10	68.33
68.3	68.34
68.3	68.35
68.1	68.36
68.4	68.37
68.3	68.38
68.3	68.39
68.3	68.40
68.3	68.41
68.5	68.42
68.11	68.43
68.5	68.44
68.8	68.45
68.10	68.46
68.12	68.47
68.5	68.48
68.3	68.49
68.3	68.50
68.2	68.51
68.3	68.52
68.3	68.53
68.5	68.54
68.5	68.55
68.5	68.56
68.12	68.57
68.11	68.58
68.3	68.59
68.3	68.60
68.3	68.61
68.10	68.62
68.3	68.63
68.5	68.64
69.17	69.1
69.16	69.2
69.10	69.3
69.17	69.4
69.1	69.5
69.11	69.6
69.10	69.7
69.9	69.8
69.17	69.9
69.17	69.10
69.1	69.11
69.18	69.12
69.1	69.13
69.10	69.14
69.2	69.15
69.17	69.16
69.10	69.17
69.17	69.18
69.18	69.19
69.10	69.20
69.5	69.21
69.17	69.22
69.17	69.23
69.4	69.24
69.14	69.25
69.10	69.26
69.1	69.27
69.17	69.28
69.17	69.29
69.8	69.30
69.17	69.31
69.17	69.32
69.17	69.33
69.6	69.34
69.17	69.35
69.13	69.36
69.8	69.37
69.17	69.38
69.17	69.39
69.1	69.40
69.17	69.41
69.1	69.42
69.15	69.43
69.10	69.44
69.7	69.45
69.10	69.46
69.17	69.47
69.17	69.48
69.17	69.49
69.6	69.50
69.17	69.51
69.16	69.52
69.17	69.53
69.12	69.54
69.17	69.55
69.17	69.56
69.1	69.57
69.17	69.58
69.17	69.59
69.3	69.60
69.10	69.61
69.17	69.62
69.17	69.63
69.17	69.64
70.14	70.1
70.4	70.2
70.14	70.3
70.4	70.4
70.12	70.5
70.12	70.6
70.12	70.7
70.14	70.8
70.4	70.9
70.12	70.10
70.4	70.11
70.4	70.12
70.10	70.13
70.10	70.14
70.14	70.15
70.8	70.16
70.4	70.17
70.14	70.18
70.14	70.19
70.4	70.20
70.13	70.21
70.4	70.22
70.13	70.23
70.14	70.24
70.9	70.25
70.1	70.26
70.14	70.27
70.4	70.28
70.14	70.29
70.12	70.30
70.14	70.31
70.6	70.32
70.3	70.33
70.2	70.34
70.13	70.35
70.12	70.36
70.4	70.37
70.4	70.38
70.13	70.39
70.14	70.40
70.10	70.41
70.4	70.42
70.7	70.43
70.8	70.44
70.7	70.45
70.12	70.46
70.14	70.47
70.14	70.48
70.14	70.49
70.14	70.50
70.14	70.51
70.4	70.52
70.7	70.53
70.4	70.54
70.14	70.55
70.5	70.56
70.11	70.57
70.14	70.58
70.4	70.59
70.14	70.60
70.4	70.61
70.4	70.62
70.10	70.63
70.14	70.64
71.7	71.1
71.1	71.2
71.10	71.3
71.10	71.4
71.1	71.5
71.1	71.6
71.10	71.7
71.1	71.8
71.10	71.9
71.10	71.10
71.1	71.11
71.1	71.12
71.1	71.13
71.11	71.14
71.1	71.15
71.1	71.16
71.10	71.17
71.10	71.18
71.1	71.19
71.1	71.20
71.1	71.21
71.4	71.22
71.10	71.23
71.1	71.24
71.11	71.25
71.9	71.26
71.6	71.27
71.1	71.28
71.1	71.29
71.1	71.30
71.10	71.31
71.1	71.32
71.7	71.33
71.11	71.34
71.1	71.35
71.2	71.36
71.11	71.37
71.1	71.38
71.10	71.39
71.8	71.40
71.11	71.41
71.6	71.42
71.10	71.43
71.3	71.44
71.11	71.45
71.1	71.46
71.1	71.47
71.10	71.48
71.6	71.49
71.12	71.50
71.10	71.51
71.6	71.52
71.11	71.53
71.10	71.54
71.10	71.55
71.1	71.56
71.8	71.57
71.7	71.58
71.6	71.59
71.5	71.60
71.10	71.61
71.10	71.62
71.1	71.63
71.10	71.64
72.16	72.1
72.9	72.2
72.16	72.3
72.8	72.4
72.1	72.5
72.1	72.6
72.16	72.7
72.16	72.8
72.1	72.9
72.1	72.10
72.1	72.11
72.2	72.12
72.1	72.13
72.15	72.14
72.1	72.15
72.1	72.16
72.8	72.17
72.5	72.18
72.16	72.19
72.1	72.20
72.1	72.21
72.1	72.22
72.1	72.23
72.1	72.24
72.1	72.25
72.1	72.26
72.16	72.27
72.13	72.28
72.10	72.29
72.11	72.30
72.16	72.31
72.1	72.32
72.10	72.33
72.1	72.34
72.1	72.35
72.16	72.36
72.8	72.37
72.8	72.38
72.1	72.39
72.1	72.40
72.15	72.41
72.1	72.42
72.1	72.43
72.12	72.44
72.12	72.45
72.1	72.46
72.1	72.47
72.13	72.48
72.15	72.49
72.3	72.50
72.16	72.51
72.8	72.52
72.14	72.53
72.1	72.54
72.1	72.55
72.7	72.56
72.8	72.57
72.16	72.58
72.8	72.59
72.6	72.60
72.16	72.61
72.1	72.62
72.4	72.63
72.8	72.64
73.5	73.1
73.5	73.2
73.1	73.3
73.5	73.4
73.2	73.5
73.5	73.6
73.5	73.7
73.5	73.8
73.5	73.9
73.5	73.10
73.5	73.11
73.5	73.12
73.5	73.13
73.5	73.14
73.5	73.15
73.5	73.16
73.5	73.17
73.5	73.18
73.5	73.19
73.1	73.20
73.7	73.21
73.5	73.22
73.5	73.23
73.1	73.24
73.7	73.25
73.5	73.26
73.5	73.27
73.3	73.28
73.6	73.29
73.5	73.30
73.7	73.31
73.7	73.32
73.7	73.33
73.5	73.34
73.8	73.35
73.7	73.36
73.5	73.37
73.5	73.38
73.8	73.39
73.5	73.40
73.5	73.41
73.5	73.42
73.5	73.43
73.7	73.44
73.5	73.45
73.5	73.46
73.5	73.47
73.1	73.48
73.5	73.49
73.5	73.50
73.5	73.51
73.5	73.52
73.5	73.53
73.4	73.54
73.1	73.55
73.6	73.56
73.5	73.57
73.5	73.58
73.7	73.59
73.5	73.60
73.8	73.61
73.5	73.62
73.4	73.63
73.5	73.64
74.10	74.1
74.10	74.2
74.1	74.3
74.10	74.4
74.1	74.5
74.12	74.6
74.10	74.7
74.11	74.8
74.1	74.9
74.10	74.10
74.1	74.11
74.1	74.12
74.1	74.13
74.1	74.14
74.10	74.15
74.12	74.16
74.1	74.17
74.1	74.18
74.10	74.19
74.1	74.20
74.12	74.21
74.12	74.22
74.10	74.23
74.1	74.24
74.12	74.25
74.12	74.26
74.8	74.27
74.10	74.28
74.1	74.29
74.1	74.30
74.1	74.31
74.12	74.32
74.1	74.33
74.10	74.34
74.12	74.35
74.10	74.36
74.11	74.37
74.12	74.38
74.1	74.39
74.10	74.40
74.7	74.41
74.10	74.42
74.1	74.43
74.1	74.44
74.1	74.45
74.9	74.46
74.12	74.47
74.10	74.48
74.5	74.49
74.3	74.50
74.6	74.51
74.11	74.52
74.1	74.53
74.10	74.54
74.9	74.55
74.11	74.56
74.10	74.57
74.1	74.58
74.12	74.59
74.2	74.60
74.1	74.61
74.13	74.62
74.12	74.63
74.4	74.64
75.1	75.1
75.19	75.2
75.19	75.3
75.1	75.4
75.19	75.5
75.17	75.6
75.18	75.7
75.19	75.8
75.19	75.9
75.19	75.10
75.1	75.11
75.1	75.12
75.17	75.13
75.19	75.14
75.1	75.15
75.14	75.16
75.9	75.17
75.1	75.18
75.19	75.19
75.2	75.20
75.15	75.21
75.1	75.22
75.1	75.23
75.3	75.24
75.6	75.25
75.17	75.26
75.15	75.27
75.1	75.28
75.10	75.29
75.12	75.30
75.19	75.31
75.1	75.32
75.17	75.33
75.19	75.34
75.1	75.35
75.1	75.36
75.1	75.37
75.19	75.38
75.8	75.39
75.1	75.40
75.19	75.41
75.19	75.42
75.19	75.43
75.13	75.44
75.4	75.45
75.7	75.46
75.16	75.47
75.19	75.48
75.19	75.49
75.15	75.50
75.18	75.51
75.9	75.52
75.19	75.53
75.19	75.54
75.19	75.55
75.13	75.56
75.5	75.57
75.1	75.58
75.17	75.59
75.17	75.60
75.11	75.61
75.14	75.62
75.16	75.63
75.19	75.64
76.1	76.1
76.1	76.2
76.9	76.3
76.1	76.4
76.1	76.5
76.1	76.6
76.1	76.7
76.1	76.8
76.1	76.9
76.7	76.10
76.1	76.11
76.1	76.12
76.1	76.13
76.1	76.14
76.1	76.15
76.9	76.16
76.6	76.17
76.1	76.18
76.1	76.19
76.1	76.20
76.5	76.21
76.9	76.22
76.1	76.23
76.9	76.24
76.1	76.25
76.1	76.26
76.1	76.27
76.1	76.28
76.1	76.29
76.9	76.30
76.9	76.31
76.9	76.32
76.1	76.33
76.1	76.34
76.1	76.35
76.4	76.36
76.1	76.37
76.1	76.38
76.1	76.39
76.1	76.40
76.8	76.41
76.1	76.42
76.1	76.43
76.4	76.44
76.1	76.45
76.9	76.46
76.1	76.47
76.9	76.48
76.9	76.49
76.7	76.50
76.1	76.51
76.8	76.52
76.9	76.53
76.8	76.54
76.2	76.55
76.1	76.56
76.1	76.57
76.1	76.58
76.1	76.59
76.1	76.60
76.1	76.61
76.3	76.62
76.8	76.63
76.1	76.64
77.9	77.1
77.8	77.2
77.9	77.3
77.1	77.4
77.9	77.5
77.9	77.6
77.9	77.7
77.11	77.8
77.9	77.9
77.8	77.10
77.1	77.11
77.11	77.12
77.9	77.13
77.9	77.14
77.9	77.15
77.1	77.16
77.4	77.17
77.1	77.18
77.9	77.19
77.6	77.20
77.1	77.21
77.9	77.22
77.1	77.23
77.9	77.24
77.9	77.25
77.1	77.26
77.8	77.27
77.1	77.28
77.7	77.29
77.11	77.30
77.9	77.31
77.9	77.32
77.11	77.33
77.4	77.34
77.8	77.35
77.9	77.36
77.9	77.37
77.1	77.38
77.10	77.39
77.10	77.40
77.8	77.41
77.9	77.42
77.9	77.43
77.9	77.44
77.3	77.45
77.8	77.46
77.8	77.47
77.5	77.48
77.9	77.49
77.9	77.50
77.1	77.51
77.8	77.52
77.3	77.53
77.2	77.54
77.1	77.55
77.9	77.56
77.8	77.57
77.9	77.58
77.1	77.59
77.1	77.60
77.1	77.61
77.9	77.62
77.9	77.63
77.1	77.64
78.12	78.1
78.12	78.2
78.11	78.3
78.1	78.4
78.11	78.5
78.8	78.6
78.11	78.7
78.2	78.8
78.1	78.9
78.11	78.10
78.11	78.11
78.12	78.12
78.7	78.13
78.1	78.14
78.1	78.15
78.11	78.16
78.11	78.17
78.6	78.18
78.1	78.19
78.8	78.20
78.6	78.21
78.12	78.22
78.12	78.23
78.1	78.24
78.12	78.25
78.6	78.26
78.11	78.27
78.11	78.28
78.1	78.29
78.1	78.30
78.11	78.31
78.1	78.32
78.12	78.33
78.1	78.34
78.1	78.35
78.1	78.36
78.4	78.37
78.1	78.38
78.11	78.39
78.6	78.40
78.12	78.41
78.11	78.42
78.10	78.43
78.11	78.44
78.1	78.45
78.11	78.46
78.3	78.47
78.11	78.48
78.11	78.49
78.6	78.50
78.5	78.51
78.11	78.52
78.8	78.53
78.12	78.54
78.1	78.55
78.9	78.56
78.11	78.57
78.11	78.58
78.12	78.59
78.11	78.60
78.11	78.61
78.12	78.62
78.1	78.63
78.11	78.64
79.1	79.1
79.7	79.2
79.1	79.3
79.1	79.4
79.1	79.5
79.1	79.6
79.1	79.7
79.1	79.8
79.1	79.9
79.1	79.10
79.1	79.11
79.7	79.12
79.1	79.13
79.3	79.14
79.1	79.15
79.1	79.16
79.1	79.17
79.1	79.18
79.1	79.19
79.1	79.20
79.7	79.21
79.1	79.22
79.1	79.23
79.1	79.24
79.1	79.25
79.7	79.26
79.1	79.27
79.7	79.28
79.1	79.29
79.1	79.30
79.1	79.31
79.1	79.32
79.1	79.33
79.1	79.34
79.7	79.35
79.4	79.36
79.1	79.37
79.2	79.38
79.7	79.39
79.1	79.40
79.1	79.41
79.1	79.42
79.7	79.43
79.6	79.44
79.6	79.45
79.1	79.46
79.1	79.47
79.1	79.48
79.6	79.49
79.5	79.50
79.1	79.51
79.1	79.52
79.1	79.53
79.1	79.54
79.1	79.55
79.1	79.56
79.1	79.57
79.6	79.58
79.1	79.59
79.1	79.60
79.1	79.61
79.1	79.62
79.1	79.63
79.7	79.64
80.5	80.1
80.5	80.2
80.1	80.3
80.5	80.4
80.5	80.5
80.5	80.6
80.5	80.7
80.2	80.8
80.1	80.9
80.1	80.10
80.7	80.11
80.5	80.12
80.5	80.13
80.1	80.14
80.7	80.15
80.5	80.16
80.5	80.17
80.7	80.18
80.5	80.19
80.5	80.20
80.7	80.21
80.1	80.22
80.5	80.23
80.7	80.24
80.5	80.25
80.5	80.26
80.5	80.27
80.1	80.28
80.5	80.29
80.5	80.30
80.7	80.31
80.7	80.32
80.5	80.33
80.1	80.34
80.5	80.35
80.5	80.36
80.5	80.37
80.1	80.38
80.5	80.39
80.5	80.40
80.1	80.41
80.5	80.42
80.5	80.43
80.6	80.44
80.1	80.45
80.7	80.46
80.7	80.47
80.5	80.48
80.1	80.49
80.6	80.50
80.5	80.51
80.1	80.52
80.5	80.53
80.4	80.54
80.5	80.55
80.5	80.56
80.5	80.57
80.5	80.58
80.7	80.59
80.5	80.60
80.7	80.61
80.3	80.62
80.5	80.63
80.5	80.64
81.8	81.1
81.13	81.2
81.13	81.3
81.8	81.4
81.12	81.5
81.7	81.6
81.13	81.7
81.12	81.8
81.12	81.9
81.12	81.10
81.8	81.11
81.13	81.12
81.8	81.13
81.13	81.14
81.8	81.15
81.13	81.16
81.1	81.17
81.13	81.18
81.5	81.19
81.1	81.20
81.1	81.21
81.8	81.22
81.12	81.23
81.13	81.24
81.1	81.25
81.8	81.26
81.9	81.27
81.6	81.28
81.8	81.29
81.6	81.30
81.13	81.31
81.8	81.32
81.1	81.33
81.7	81.34
81.8	81.35
81.8	81.36
81.13	81.37
81.8	81.38
81.11	81.39
81.3	81.40
81.5	81.41
81.12	81.42
81.8	81.43
81.13	81.44
81.13	81.45
81.1	81.46
81.7	81.47
81.13	81.48
81.8	81.49
81.13	81.50
81.7	81.51
81.13	81.52
81.10	81.53
81.8	81.54
81.8	81.55
81.8	81.56
81.8	81.57
81.13	81.58
81.11	81.59
81.13	81.60
81.11	81.61
81.2	81.62
81.13	81.63
81.4	81.64
82.14	82.1
82.13	82.2
82.15	82.3
82.14	82.4
82.12	82.5
82.6	82.6
82.1	82.7
82.13	82.8
82.1	82.9
82.8	82.10
82.14	82.11
82.1	82.12
82.1	82.13
82.13	82.14
82.14	82.15
82.1	82.16
82.10	82.17
82.9	82.18
82.10	82.19
82.14	82.20
82.11	82.21
82.14	82.22
82.2	82.23
82.5	82.24
82.1	82.25
82.9	82.26
82.14	82.27
82.1	82.28
82.9	82.29
82.1	82.30
82.14	82.31
82.14	82.32
82.13	82.33
82.9	82.34
82.14	82.35
82.1	82.36
82.15	82.37
82.13	82.38
82.1	82.39
82.1	82.40
82.13	82.41
82.14	82.42
82.13	82.43
82.1	82.44
82.1	82.45
82.15	82.46
82.15	82.47
82.1	82.48
82.1	82.49
82.8	82.50
82.1	82.51
82.15	82.52
82.14	82.53
82.14	82.54
82.15	82.55
82.7	82.56
82.3	82.57
82.10	82.58
82.10	82.59
82.1	82.60
82.15	82.61
82.4	82.62
82.14	82.63
82.14	82.64
83.18	83.1
83.10	83.2
83.18	83.3
83.18	83.4
83.6	83.5
83.17	83.6
83.11	83.7
83.15	83.8
83.18	83.9
83.13	83.10
83.5	83.11
83.10	83.12
83.18	83.13
83.8	83.14
83.9	83.15
83.18	83.16
83.9	83.17
83.18	83.18
83.10	83.19
83.18	83.20
83.16	83.21
83.7	83.22
83.18	83.23
83.9	83.24
83.7	83.25
83.18	83.26
83.10	83.27
83.9	83.28
83.3	83.29
83.10	83.30
83.10	83.31
83.2	83.32
83.9	83.33
83.12	83.34
83.10	83.35
83.9	83.36
83.10	83.37
83.10	83.38
83.4	83.39
83.1	83.40
83.9	83.41
83.10	83.42
83.14	83.43
83.18	83.44
83.18	83.45
83.10	83.46
83.10	83.47
83.18	83.48
83.18	83.49
83.10	83.50
83.10	83.51
83.10	83.52
83.16	83.53
83.16	83.54
83.18	83.55
83.10	83.56
83.11	83.57
83.10	83.58
83.10	83.59
83.18	83.60
83.10	83.61
83.10	83.62
83.10	83.63
83.6	83.64
84.7	84.1
84.9	84.2
84.7	84.3
84.11	84.4
84.11	84.5
84.11	84.6
84.1	84.7
84.1	84.8
84.12	84.9
84.10	84.10
84.9	84.11
84.6	84.12
84.9	84.13
84.6	84.14
84.9	84.15
84.13	84.16
84.9	84.17
84.3	84.18
84.11	84.19
84.7	84.20
84.11	84.21
84.6	84.22
84.13	84.23
84.13	84.24
84.11	84.25
84.9	84.26
84.11	84.27
84.9	84.28
84.11	84.29
84.9	84.30
84.9	84.31
84.1	84.32
84.1	84.33
84.11	84.34
84.11	84.35
84.6	84.36
84.11	84.37
84.7	84.38
84.13	84.39
84.11	84.40
84.1	84.41
84.1	84.42
84.4	84.43
84.6	84.44
84.5	84.45
84.11	84.46
84.9	84.47
84.11	84.48
84.11	84.49
84.1	84.50
84.5	84.51
84.11	84.52
84.11	84.53
84.2	84.54
84.11	84.55
84.9	84.56
84.9	84.57
84.9	84.58
84.11	84.59
84.1	84.60
84.11	84.61
84.11	84.62
84.8	84.63
84.11	84.64
85.6	85.1
85.6	85.2
85.6	85.3
85.10	85.4
85.9	85.5
85.6	85.6
85.6	85.7
85.10	85.8
85.6	85.9
85.9	85.10
85.6	85.11
85.2	85.12
85.3	85.13
85.5	85.14
85.10	85.15
85.6	85.16
85.6	85.17
85.6	85.18
85.1	85.19
85.6	85.20
85.6	85.21
85.10	85.22
85.9	85.23
85.10	85.24
85.1	85.25
85.6	85.26
85.6	85.27
85.6	85.28
85.4	85.29
85.6	85.30
85.10	85.31
85.6	85.32
85.9	85.33
85.6	85.34
85.9	85.35
85.9	85.36
85.6	85.37
85.10	85.38
85.9	85.39
85.1	85.40
85.6	85.41
85.5	85.42
85.9	85.43
85.6	85.44
85.10	85.45
85.6	85.46
85.9	85.47
85.6	85.48
85.9	85.49
85.9	85.50
85.6	85.51
85.9	85.52
85.6	85.53
85.6	85.54
85.6	85.55
85.6	85.56
85.6	85.57
85.8	85.58
85.10	85.59
85.6	85.60
85.6	85.61
85.9	85.62
85.7	85.63
85.9	85.64
86.7	86.1
86.4	86.2
86.4	86.3
86.4	86.4
86.4	86.5
86.4	86.6
86.4	86.7
86.4	86.8
86.6	86.9
86.5	86.10
86.1	86.11
86.6	86.12
86.4	86.13
86.4	86.14
86.3	86.15
86.6	86.16
86.4	86.17
86.4	86.18
86.4	86.19
86.4	86.20
86.4	86.21
86.4	86.22
86.6	86.23
86.4	86.24
86.4	86.25
86.4	86.26
86.5	86.27
86.6	86.28
86.4	86.29
86.1	86.30
86.6	86.31
86.4	86.32
86.4	86.33
86.4	86.34
86.2	86.35
86.6	86.36
86.4	86.37
86.4	86.38
86.4	86.39
86.6	86.40
86.4	86.41
86.6	86.42
86.1	86.43
86.6	86.44
86.4	86.45
86.4	86.46
86.6	86.47
86.1	86.48
86.6	86.49
86.3	86.50
86.4	86.51
86.4	86.52
86.6	86.53
86.6	86.54
86.6	86.55
86.4	86.56
86.5	86.57
86.6	86.58
86.6	86.59
86.6	86.60
86.5	86.61
86.4	86.62
86.4	86.63
86.4	86.64
87.3	87.1
87.3	87.2
87.3	87.3
87.6	87.4
87.8	87.5
87.6	87.6
87.6	87.7
87.3	87.8
87.10	87.9
87.6	87.10
87.10	87.11
87.6	87.12
87.3	87.13
87.9	87.14
87.6	87.15
87.6	87.16
87.6	87.17
87.6	87.18
87.10	87.19
87.3	87.20
87.6	87.21
87.6	87.22
87.3	87.23
87.6	87.24
87.8	87.25
87.4	87.26
87.3	87.27
87.6	87.28
87.1	87.29
87.3	87.30
87.10	87.31
87.6	87.32
87.6	87.33
87.6	87.34
87.2	87.35
87.6	87.36
87.3	87.37
87.3	87.38
87.3	87.39
87.6	87.40
87.6	87.41
87.3	87.42
87.8	87.43
87.5	87.44
87.10	87.45
87.9	87.46
87.5	87.47
87.6	87.48
87.8	87.49
87.5	87.50
87.5	87.51
87.10	87.52
87.6	87.53
87.10	87.54
87.6	87.55
87.3	87.56
87.10	87.57
87.8	87.58
87.6	87.59
87.3	87.60
87.9	87.61
87.7	87.62
87.3	87.63
87.10	87.64
88.12	88.1
88.12	88.2
88.9	88.3
88.9	88.4
88.12	88.5
88.12	88.6
88.12	88.7
88.9	88.8
88.12	88.9
88.11	88.10
88.9	88.11
88.1	88.12
88.1	88.13
88.11	88.14
88.9	88.15
88.9	88.16
88.9	88.17
88.12	88.18
88.11	88.19
88.8	88.20
88.9	88.21
88.6	88.22
88.9	88.23
88.9	88.24
88.9	88.25
88.9	88.26
88.12	88.27
88.1	88.28
88.4	88.29
88.12	88.30
88.10	88.31
88.3	88.32
88.9	88.33
88.9	88.34
88.8	88.35
88.12	88.36
88.12	88.37
88.9	88.38
88.1	88.39
88.9	88.40
88.9	88.41
88.12	88.42
88.8	88.43
88.5	88.44
88.9	88.45
88.12	88.46
88.12	88.47
88.2	88.48
88.9	88.49
88.9	88.50
88.1	88.51
88.9	88.52
88.9	88.53
88.9	88.54
88.1	88.55
88.12	88.56
88.12	88.57
88.9	88.58
88.12	88.59
88.7	88.60
88.12	88.61
88.9	88.62
88.12	88.63
88.12	88.64
89.1	89.1
89.7	89.2
89.1	89.3
89.1	89.4
89.1	89.5
89.1	89.6
89.7	89.7
89.7	89.8
89.11	89.9
89.9	89.10
89.7	89.11
89.7	89.12
89.7	89.13
89.1	89.14
89.1	89.15
89.1	89.16
89.7	89.17
89.1	89.18
89.1	89.19
89.1	89.20
89.3	89.21
89.1	89.22
89.2	89.23
89.7	89.24
89.1	89.25
89.7	89.26
89.9	89.27
89.1	89.28
89.1	89.29
89.7	89.30
89.6	89.31
89.7	89.32
89.1	89.33
89.5	89.34
89.7	89.35
89.7	89.36
89.4	89.37
89.1	89.38
89.1	89.39
89.1	89.40
89.1	89.41
89.7	89.42
89.10	89.43
89.1	89.44
89.9	89.45
89.7	89.46
89.7	89.47
89.1	89.48
89.7	89.49
89.7	89.50
89.9	89.51
89.7	89.52
89.8	89.53
89.1	89.54
89.7	89.55
89.7	89.56
89.7	89.57
89.10	89.58
89.10	89.59
89.7	89.60
89.1	89.61
89.9	89.62
89.1	89.63
89.7	89.64
90.13	90.1
90.13	90.2
90.15	90.3
90.13	90.4
90.13	90.5
90.1	90.6
90.13	90.7
90.1	90.8
90.1	90.9
90.13	90.10
90.12	90.11
90.13	90.12
90.13	90.13
90.7	90.14
90.13	90.15
90.15	90.16
90.13	90.17
90.1	90.18
90.15	90.19
90.15	90.20
90.15	90.21
90.15	90.22
90.12	90.23
90.15	90.24
90.4	90.25
90.8	90.26
90.13	90.27
90.11	90.28
90.1	90.29
90.15	90.30
90.12	90.31
90.13	90.32
90.7	90.33
90.3	90.34
90.12	90.35
90.13	90.36
90.1	90.37
90.10	90.38
90.15	90.39
90.15	90.40
90.12	90.41
90.7	90.42
90.14	90.43
90.9	90.44
90.12	90.45
90.13	90.46
90.13	90.47
90.13	90.48
90.11	90.49
90.5	90.50
90.15	90.51
90.13	90.52
90.7	90.53
90.15	90.54
90.13	90.55
90.9	90.56
90.1	90.57
90.15	90.58
90.15	90.59
90.7	90.60
90.6	90.61
90.15	90.62
90.12	90.63
90.2	90.64
91.1	91.1
91.7	91.2
91.1	91.3
91.9	91.4
91.7	91.5
91.7	91.6
91.7	91.7
91.7	91.8
91.7	91.9
91.7	91.10
91.7	91.11
91.1	91.12
91.9	91.13
91.1	91.14
91.7	91.15
91.7	91.16
91.1	91.17
91.7	91.18
91.9	91.19
91.7	91.20
91.4	91.21
91.7	91.22
91.6	91.23
91.7	91.24
91.7	91.25
91.7	91.26
91.7	91.27
91.1	91.28
91.8	91.29
91.1	91.30
91.1	91.31
91.1	91.32
91.7	91.33
91.7	91.34
91.7	91.35
91.1	91.36
91.7	91.37
91.7	91.38
91.3	91.39
91.7	91.40
91.7	91.41
91.2	91.42
91.7	91.43
91.1	91.44
91.7	91.45
91.10	91.46
91.1	91.47
91.1	91.48
91.7	91.49
91.10	91.50
91.7	91.51
91.7	91.52
91.9	91.53
91.10	91.54
91.1	91.55
91.1	91.56
91.5	91.57
91.7	91.58
91.7	91.59
91.6	91.60
91.1	91.61
91.7	91.62
91.7	91.63
91.7	91.64
92.1	92.1
92.1	92.2
92.5	92.3
92.1	92.4
92.1	92.5
92.1	92.6
92.5	92.7
92.1	92.8
92.5	92.9
92.5	92.10
92.1	92.11
92.1	92.12
92.1	92.13
92.4	92.14
92.1	92.15
92.1	92.16
92.1	92.17
92.1	92.18
92.1	92.19
92.1	92.20
92.1	92.21
92.1	92.22
92.3	92.23
92.1	92.24
92.5	92.25
92.1	92.26
92.1	92.27
92.5	92.28
92.1	92.29
92.1	92.30
92.5	92.31
92.1	92.32
92.1	92.33
92.5	92.34
92.1	92.35
92.4	92.36
92.1	92.37
92.5	92.38
92.5	92.39
92.1	92.40
92.1	92.41
92.1	92.42
92.1	92.43
92.5	92.44
92.1	92.45
92.1	92.46
92.1	92.47
92.1	92.48
92.1	92.49
92.1	92.50
92.2	92.51
92.1	92.52
92.1	92.53
92.5	92.54
92.1	92.55
92.1	92.56
92.5	92.57
92.1	92.58
92.1	92.59
92.1	92.60
92.1	92.61
92.1	92.62
92.1	92.63
92.1	92.64
93.1	93.1
93.1	93.2
93.1	93.3
93.9	93.4
93.1	93.5
93.1	93.6
93.1	93.7
93.1	93.8
93.1	93.9
93.1	93.10
93.1	93.11
93.1	93.12
93.7	93.13
93.3	93.14
93.1	93.15
93.7	93.16
93.9	93.17
93.1	93.18
93.1	93.19
93.1	93.20
93.1	93.21
93.1	93.22
93.1	93.23
93.1	93.24
93.2	93.25
93.1	93.26
93.1	93.27
93.1	93.28
93.1	93.29
93.1	93.30
93.9	93.31
93.1	93.32
93.4	93.33
93.1	93.34
93.9	93.35
93.1	93.36
93.12	93.37
93.1	93.38
93.9	93.39
93.1	93.40
93.1	93.41
93.1	93.42
93.9	93.43
93.7	93.44
93.8	93.45
93.1	93.46
93.10	93.47
93.1	93.48
93.9	93.49
93.11	93.50
93.7	93.51
93.9	93.52
93.1	93.53
93.9	93.54
93.8	93.55
93.1	93.56
93.1	93.57
93.4	93.58
93.5	93.59
93.1	93.60
93.1	93.61
93.1	93.62
93.6	93.63
93.9	93.64
94.11	94.1
94.1	94.2
94.9	94.3
94.1	94.4
94.1	94.5
94.1	94.6
94.1	94.7
94.6	94.8
94.1	94.9
94.1	94.10
94.1	94.11
94.12	94.12
94.1	94.13
94.9	94.14
94.1	94.15
94.5	94.16
94.1	94.17
94.12	94.18
94.12	94.19
94.10	94.20
94.1	94.21
94.12	94.22
94.12	94.23
94.12	94.24
94.1	94.25
94.1	94.26
94.1	94.27
94.9	94.28
94.12	94.29
94.1	94.30
94.11	94.31
94.3	94.32
94.1	94.33
94.1	94.34
94.1	94.35
94.2	94.36
94.1	94.37
94.2	94.38
94.1	94.39
94.1	94.40
94.8	94.41
94.8	94.42
94.7	94.43
94.1	94.44
94.9	94.45
94.12	94.46
94.1	94.47
94.1	94.48
94.12	94.49
94.1	94.50
94.1	94.51
94.12	94.52
94.4	94.53
94.1	94.54
94.1	94.55
94.1	94.56
94.1	94.57
94.1	94.58
94.1	94.59
94.11	94.60
94.12	94.61
94.12	94.62
94.1	94.63
94.11	94.64
95.1	95.1
95.9	95.2
95.9	95.3
95.3	95.4
95.9	95.5
95.2	95.6
95.9	95.7
95.5	95.8
95.4	95.9
95.9	95.10
95.9	95.11
95.1	95.12
95.6	95.13
95.9	95.14
95.6	95.15
95.8	95.16
95.9	95.17
95.1	95.18
95.1	95.19
95.9	95.20
95.1	95.21
95.1	95.22
95.1	95.23
95.1	95.24
95.1	95.25
95.5	95.26
95.9	95.27
95.1	95.28
95.1	95.29
95.9	95.30
95.1	95.31
95.1	95.32
95.1	95.33
95.1	95.34
95.1	95.35
95.6	95.36
95.1	95.37
95.8	95.38
95.5	95.39
95.5	95.40
95.9	95.41
95.1	95.42
95.1	95.43
95.1	95.44
95.9	95.45
95.1	95.46
95.1	95.47
95.8	95.48
95.9	95.49
95.1	95.50
95.1	95.51
95.1	95.52
95.1	95.53
95.1	95.54
95.8	95.55
95.3	95.56
95.1	95.57
95.8	95.58
95.9	95.59
95.1	95.60
95.1	95.61
95.9	95.62
95.7	95.63
95.9	95.64
96.10	96.1
96.1	96.2
96.4	96.3
96.4	96.4
96.10	96.5
96.10	96.6
96.10	96.7
96.4	96.8
96.4	96.9
96.10	96.10
96.4	96.11
96.10	96.12
96.9	96.13
96.10	96.14
96.2	96.15
96.10	96.16
96.10	96.17
96.10	96.18
96.10	96.19
96.4	96.20
96.8	96.21
96.4	96.22
96.10	96.23
96.10	96.24
96.10	96.25
96.10	96.26
96.8	96.27
96.11	96.28
96.4	96.29
96.10	96.30
96.10	96.31
96.4	96.32
96.10	96.33
96.10	96.34
96.10	96.35
96.10	96.36
96.6	96.37
96.10	96.38
96.4	96.39
96.12	96.40
96.4	96.41
96.1	96.42
96.10	96.43
96.10	96.44
96.10	96.45
96.10	96.46
96.10	96.47
96.10	96.48
96.10	96.49
96.10	96.50
96.12	96.51
96.10	96.52
96.1	96.53
96.7	96.54
96.10	96.55
96.10	96.56
96.10	96.57
96.5	96.58
96.11	96.59
96.3	96.60
96.10	96.61
96.10	96.62
96.1	96.63
96.1	96.64
97.11	97.1
97.11	97.2
97.10	97.3
97.11	97.4
97.5	97.5
97.6	97.6
97.8	97.7
97.5	97.8
97.5	97.9
97.5	97.10
97.5	97.11
97.11	97.12
97.11	97.13
97.11	97.14
97.5	97.15
97.5	97.16
97.5	97.17
97.5	97.18
97.4	97.19
97.5	97.20
97.5	97.21
97.5	97.22
97.5	97.23
97.5	97.24
97.1	97.25
97.1	97.26
97.5	97.27
97.10	97.28
97.5	97.29
97.6	97.30
97.10	97.31
97.5	97.32
97.5	97.33
97.5	97.34
97.9	97.35
97.11	97.36
97.5	97.37
97.5	97.38
97.5	97.39
97.5	97.40
97.2	97.41
97.5	97.42
97.1	97.43
97.5	97.44
97.5	97.45
97.9	97.46
97.3	97.47
97.9	97.48
97.10	97.49
97.5	97.50
97.3	97.51
97.5	97.52
97.11	97.53
97.5	97.54
97.10	97.55
97.11	97.56
97.11	97.57
97.7	97.58
97.10	97.59
97.5	97.60
97.5	97.61
97.11	97.62
97.11	97.63
97.5	97.64
98.15	98.1
98.15	98.2
98.7	98.3
98.15	98.4
98.15	98.5
98.7	98.6
98.14	98.7
98.15	98.8
98.13	98.9
98.15	98.10
98.15	98.11
98.5	98.12
98.7	98.13
98.5	98.14
98.8	98.15
98.15	98.16
98.13	98.17
98.15	98.18
98.15	98.19
98.12	98.20
98.5	98.21
98.15	98.22
98.15	98.23
98.7	98.24
98.15	98.25
98.15	98.26
98.7	98.27
98.9	98.28
98.13	98.29
98.7	98.30
98.1	98.31
98.1	98.32
98.15	98.33
98.15	98.34
98.15	98.35
98.15	98.36
98.10	98.37
98.7	98.38
98.11	98.39
98.13	98.40
98.1	98.41
98.4	98.42
98.7	98.43
98.13	98.44
98.5	98.45
98.15	98.46
98.7	98.47
98.13	98.48
98.1	98.49
98.1	98.50
98.7	98.51
98.7	98.52
98.7	98.53
98.2	98.54
98.15	98.55
98.13	98.56
98.15	98.57
98.3	98.58
98.7	98.59
98.5	98.60
98.6	98.61
98.7	98.62
98.7	98.63
98.7	98.64
99.7	99.1
99.7	99.2
99.1	99.3
99.6	99.4
99.7	99.5
99.7	99.6
99.1	99.7
99.7	99.8
99.7	99.9
99.7	99.10
99.7	99.11
99.7	99.12
99.6	99.13
99.7	99.14
99.6	99.15
99.7	99.16
99.5	99.17
99.7	99.18
99.7	99.19
99.7	99.20
99.1	99.21
99.1	99.22
99.1	99.23
99.2	99.24
99.7	99.25
99.8	99.26
99.8	99.27
99.1	99.28
99.7	99.29
99.1	99.30
99.7	99.31
99.1	99.32
99.7	99.33
99.7	99.34
99.4	99.35
99.7	99.36
99.6	99.37
99.1	99.38
99.7	99.39
99.7	99.40
99.7	99.41
99.7	99.42
99.7	99.43
99.1	99.44
99.7	99.45
99.3	99.46
99.1	99.47
99.1	99.48
99.7	99.49
99.7	99.50
99.7	99.51
99.1	99.52
99.7	99.53
99.7	99.54
99.7	99.55
99.1	99.56
99.7	99.57
99.6	99.58
99.7	99.59
99.7	99.60
99.7	99.61
99.7	99.62
99.6	99.63
99.7	99.64
100.11	100.1
100.9	100.2
100.9	100.3
100.12	100.4
100.10	100.5
100.9	100.6
100.9	100.7
100.9	100.8
100.9	100.9
100.5	100.10
100.1	100.11
100.11	100.12
100.9	100.13
100.9	100.14
100.9	100.15
100.1	100.16
100.10	100.17
100.5	100.18
100.9	100.19
100.11	100.20
100.9	100.21
100.9	100.22
100.8	100.23
100.11	100.24
100.9	100.25
100.11	100.26
100.10	100.27
100.11	100.28
100.9	100.29
100.1	100.30
100.6	100.31
100.1	100.32
100.9	100.33
100.7	100.34
100.7	100.35
100.1	100.36
100.9	100.37
100.9	100.38
100.9	100.39
100.1	100.40
100.9	100.41
100.1	100.42
100.1	100.43
100.9	100.44
100.9	100.45
100.10	100.46
100.9	100.47
100.11	100.48
100.9	100.49
100.1	100.50
100.5	100.51
100.1	100.52
100.3	100.53
100.5	100.54
100.2	100.55
100.11	100.56
100.7	100.57
100.1	100.58
100.4	100.59
100.11	100.60
100.10	100.61
100.1	100.62
100.9	100.63
100.1	100.64