subTopicID	resultID
1.1	1.1
1.6	1.2
1.1	1.3
1.6	1.4
1.5	1.5
1.1	1.6
1.6	1.7
1.1	1.8
1.6	1.9
1.1	1.10
1.1	1.11
1.6	1.12
1.6	1.13
1.6	1.14
1.6	1.15
1.6	1.16
1.6	1.17
1.1	1.18
1.1	1.19
1.4	1.20
1.6	1.21
1.5	1.22
1.6	1.23
1.1	1.24
1.1	1.25
1.1	1.26
1.1	1.27
1.6	1.28
1.1	1.29
1.4	1.30
1.6	1.31
1.6	1.32
1.1	1.33
1.1	1.34
1.1	1.35
1.1	1.36
1.5	1.37
1.6	1.38
1.3	1.39
1.1	1.40
1.1	1.41
1.6	1.42
1.1	1.43
1.6	1.44
1.1	1.45
1.1	1.46
1.1	1.47
1.5	1.48
1.3	1.49
1.3	1.50
1.1	1.51
1.1	1.52
1.6	1.53
1.1	1.54
1.5	1.55
1.6	1.56
1.1	1.57
1.1	1.58
1.5	1.59
1.1	1.60
1.2	1.61
1.1	1.62
1.6	1.63
1.1	1.64
2.8	2.1
2.9	2.2
2.9	2.3
2.8	2.4
2.1	2.5
2.9	2.6
2.8	2.7
2.8	2.8
2.8	2.9
2.9	2.10
2.8	2.11
2.10	2.12
2.8	2.13
2.8	2.14
2.8	2.15
2.8	2.16
2.1	2.17
2.8	2.18
2.8	2.19
2.8	2.20
2.1	2.21
2.4	2.22
2.6	2.23
2.8	2.24
2.9	2.25
2.8	2.26
2.9	2.27
2.3	2.28
2.1	2.29
2.8	2.30
2.8	2.31
2.9	2.32
2.8	2.33
2.9	2.34
2.9	2.35
2.3	2.36
2.9	2.37
2.3	2.38
2.1	2.39
2.2	2.40
2.9	2.41
2.7	2.42
2.8	2.43
2.9	2.44
2.8	2.45
2.7	2.46
2.9	2.47
2.5	2.48
2.9	2.49
2.1	2.50
2.8	2.51
2.9	2.52
2.3	2.53
2.9	2.54
2.9	2.55
2.9	2.56
2.1	2.57
2.3	2.58
2.9	2.59
2.3	2.60
2.9	2.61
2.1	2.62
2.3	2.63
2.1	2.64
3.1	3.1
3.1	3.2
3.1	3.3
3.9	3.4
3.1	3.5
3.10	3.6
3.10	3.7
3.1	3.8
3.1	3.9
3.1	3.10
3.1	3.11
3.1	3.12
3.1	3.13
3.10	3.14
3.1	3.15
3.10	3.16
3.10	3.17
3.1	3.18
3.9	3.19
3.10	3.20
3.1	3.21
3.1	3.22
3.3	3.23
3.10	3.24
3.1	3.25
3.1	3.26
3.6	3.27
3.1	3.28
3.10	3.29
3.9	3.30
3.1	3.31
3.9	3.32
3.1	3.33
3.10	3.34
3.1	3.35
3.8	3.36
3.1	3.37
3.11	3.38
3.4	3.39
3.10	3.40
3.1	3.41
3.10	3.42
3.1	3.43
3.9	3.44
3.1	3.45
3.1	3.46
3.12	3.47
3.1	3.48
3.1	3.49
3.7	3.50
3.5	3.51
3.1	3.52
3.1	3.53
3.10	3.54
3.1	3.55
3.10	3.56
3.10	3.57
3.2	3.58
3.1	3.59
3.10	3.60
3.1	3.61
3.1	3.62
3.7	3.63
3.10	3.64
4.5	4.1
4.4	4.2
4.7	4.3
4.7	4.4
4.7	4.5
4.1	4.6
4.7	4.7
4.7	4.8
4.5	4.9
4.1	4.10
4.5	4.11
4.7	4.12
4.7	4.13
4.7	4.14
4.5	4.15
4.7	4.16
4.5	4.17
4.5	4.18
4.5	4.19
4.5	4.20
4.5	4.21
4.8	4.22
4.3	4.23
4.8	4.24
4.1	4.25
4.7	4.26
4.1	4.27
4.5	4.28
4.5	4.29
4.7	4.30
4.1	4.31
4.8	4.32
4.7	4.33
4.5	4.34
4.8	4.35
4.5	4.36
4.1	4.37
4.7	4.38
4.7	4.39
4.8	4.40
4.8	4.41
4.7	4.42
4.7	4.43
4.1	4.44
4.7	4.45
4.2	4.46
4.5	4.47
4.7	4.48
4.6	4.49
4.5	4.50
4.5	4.51
4.5	4.52
4.7	4.53
4.5	4.54
4.6	4.55
4.8	4.56
4.6	4.57
4.8	4.58
4.6	4.59
4.5	4.60
4.8	4.61
4.5	4.62
4.5	4.63
4.1	4.64
5.1	5.1
5.1	5.2
5.9	5.3
5.1	5.4
5.4	5.5
5.1	5.6
5.7	5.7
5.1	5.8
5.1	5.9
5.1	5.10
5.9	5.11
5.9	5.12
5.9	5.13
5.7	5.14
5.7	5.15
5.1	5.16
5.7	5.17
5.1	5.18
5.6	5.19
5.1	5.20
5.1	5.21
5.9	5.22
5.7	5.23
5.9	5.24
5.8	5.25
5.6	5.26
5.1	5.27
5.9	5.28
5.1	5.29
5.9	5.30
5.1	5.31
5.9	5.32
5.5	5.33
5.1	5.34
5.9	5.35
5.9	5.36
5.1	5.37
5.2	5.38
5.1	5.39
5.1	5.40
5.1	5.41
5.1	5.42
5.1	5.43
5.3	5.44
5.1	5.45
5.1	5.46
5.6	5.47
5.7	5.48
5.1	5.49
5.7	5.50
5.1	5.51
5.1	5.52
5.7	5.53
5.8	5.54
5.7	5.55
5.9	5.56
5.1	5.57
5.1	5.58
5.1	5.59
5.9	5.60
5.9	5.61
5.1	5.62
5.7	5.63
5.1	5.64
6.5	6.1
6.1	6.2
6.1	6.3
6.8	6.4
6.4	6.5
6.1	6.6
6.1	6.7
6.1	6.8
6.5	6.9
6.5	6.10
6.1	6.11
6.1	6.12
6.1	6.13
6.1	6.14
6.1	6.15
6.1	6.16
6.1	6.17
6.1	6.18
6.5	6.19
6.2	6.20
6.6	6.21
6.1	6.22
6.1	6.23
6.6	6.24
6.1	6.25
6.1	6.26
6.1	6.27
6.1	6.28
6.1	6.29
6.1	6.30
6.3	6.31
6.1	6.32
6.5	6.33
6.1	6.34
6.5	6.35
6.1	6.36
6.7	6.37
6.5	6.38
6.5	6.39
6.1	6.40
6.1	6.41
6.1	6.42
6.1	6.43
6.1	6.44
6.1	6.45
6.1	6.46
6.1	6.47
6.5	6.48
6.1	6.49
6.1	6.50
6.1	6.51
6.5	6.52
6.1	6.53
6.1	6.54
6.8	6.55
6.1	6.56
6.5	6.57
6.5	6.58
6.5	6.59
6.5	6.60
6.5	6.61
6.5	6.62
6.5	6.63
6.1	6.64
7.6	7.1
7.6	7.2
7.6	7.3
7.6	7.4
7.1	7.5
7.1	7.6
7.6	7.7
7.4	7.8
7.1	7.9
7.6	7.10
7.6	7.11
7.6	7.12
7.6	7.13
7.6	7.14
7.6	7.15
7.6	7.16
7.6	7.17
7.6	7.18
7.6	7.19
7.6	7.20
7.6	7.21
7.1	7.22
7.6	7.23
7.6	7.24
7.6	7.25
7.6	7.26
7.4	7.27
7.4	7.28
7.1	7.29
7.6	7.30
7.1	7.31
7.1	7.32
7.1	7.33
7.5	7.34
7.6	7.35
7.2	7.36
7.6	7.37
7.6	7.38
7.1	7.39
7.6	7.40
7.4	7.41
7.1	7.42
7.6	7.43
7.6	7.44
7.6	7.45
7.1	7.46
7.6	7.47
7.6	7.48
7.5	7.49
7.6	7.50
7.5	7.51
7.6	7.52
7.6	7.53
7.4	7.54
7.6	7.55
7.6	7.56
7.6	7.57
7.6	7.58
7.3	7.59
7.4	7.60
7.5	7.61
7.1	7.62
7.1	7.63
7.6	7.64
8.3	8.1
8.3	8.2
8.3	8.3
8.5	8.4
8.1	8.5
8.1	8.6
8.6	8.7
8.1	8.8
8.1	8.9
8.6	8.10
8.1	8.11
8.5	8.12
8.1	8.13
8.1	8.14
8.3	8.15
8.1	8.16
8.4	8.17
8.6	8.18
8.1	8.19
8.1	8.20
8.2	8.21
8.6	8.22
8.1	8.23
8.1	8.24
8.3	8.25
8.3	8.26
8.3	8.27
8.5	8.28
8.6	8.29
8.3	8.30
8.6	8.31
8.6	8.32
8.1	8.33
8.3	8.34
8.1	8.35
8.3	8.36
8.3	8.37
8.3	8.38
8.3	8.39
8.6	8.40
8.3	8.41
8.3	8.42
8.6	8.43
8.1	8.44
8.6	8.45
8.1	8.46
8.1	8.47
8.3	8.48
8.3	8.49
8.3	8.50
8.3	8.51
8.6	8.52
8.3	8.53
8.3	8.54
8.3	8.55
8.6	8.56
8.1	8.57
8.6	8.58
8.6	8.59
8.3	8.60
8.6	8.61
8.3	8.62
8.1	8.63
8.1	8.64
9.10	9.1
9.9	9.2
9.7	9.3
9.7	9.4
9.1	9.5
9.9	9.6
9.9	9.7
9.11	9.8
9.9	9.9
9.1	9.10
9.9	9.11
9.9	9.12
9.1	9.13
9.5	9.14
9.1	9.15
9.7	9.16
9.4	9.17
9.7	9.18
9.7	9.19
9.7	9.20
9.7	9.21
9.9	9.22
9.10	9.23
9.9	9.24
9.10	9.25
9.2	9.26
9.11	9.27
9.5	9.28
9.7	9.29
9.9	9.30
9.7	9.31
9.1	9.32
9.8	9.33
9.7	9.34
9.9	9.35
9.9	9.36
9.11	9.37
9.3	9.38
9.4	9.39
9.6	9.40
9.7	9.41
9.8	9.42
9.10	9.43
9.4	9.44
9.10	9.45
9.6	9.46
9.1	9.47
9.9	9.48
9.11	9.49
9.7	9.50
9.9	9.51
9.7	9.52
9.9	9.53
9.9	9.54
9.11	9.55
9.1	9.56
9.7	9.57
9.11	9.58
9.7	9.59
9.1	9.60
9.9	9.61
9.11	9.62
9.9	9.63
9.1	9.64
10.10	10.1
10.10	10.2
10.1	10.3
10.1	10.4
10.10	10.5
10.10	10.6
10.10	10.7
10.9	10.8
10.1	10.9
10.10	10.10
10.10	10.11
10.1	10.12
10.4	10.13
10.10	10.14
10.10	10.15
10.10	10.16
10.7	10.17
10.7	10.18
10.7	10.19
10.7	10.20
10.4	10.21
10.10	10.22
10.9	10.23
10.7	10.24
10.9	10.25
10.1	10.26
10.9	10.27
10.1	10.28
10.10	10.29
10.1	10.30
10.9	10.31
10.9	10.32
10.3	10.33
10.8	10.34
10.7	10.35
10.9	10.36
10.10	10.37
10.10	10.38
10.1	10.39
10.1	10.40
10.10	10.41
10.2	10.42
10.2	10.43
10.10	10.44
10.1	10.45
10.7	10.46
10.1	10.47
10.4	10.48
10.1	10.49
10.1	10.50
10.1	10.51
10.10	10.52
10.9	10.53
10.10	10.54
10.9	10.55
10.10	10.56
10.1	10.57
10.1	10.58
10.1	10.59
10.6	10.60
10.1	10.61
10.5	10.62
10.7	10.63
10.2	10.64
11.7	11.1
11.4	11.2
11.5	11.3
11.5	11.4
11.10	11.5
11.8	11.6
11.7	11.7
11.10	11.8
11.9	11.9
11.5	11.10
11.10	11.11
11.5	11.12
11.5	11.13
11.10	11.14
11.11	11.15
11.5	11.16
11.3	11.17
11.11	11.18
11.9	11.19
11.5	11.20
11.3	11.21
11.6	11.22
11.10	11.23
11.1	11.24
11.7	11.25
11.5	11.26
11.11	11.27
11.5	11.28
11.5	11.29
11.5	11.30
11.9	11.31
11.5	11.32
11.5	11.33
11.10	11.34
11.10	11.35
11.10	11.36
11.5	11.37
11.5	11.38
11.10	11.39
11.1	11.40
11.8	11.41
11.7	11.42
11.10	11.43
11.10	11.44
11.10	11.45
11.10	11.46
11.10	11.47
11.3	11.48
11.10	11.49
11.7	11.50
11.5	11.51
11.7	11.52
11.5	11.53
11.5	11.54
11.5	11.55
11.1	11.56
11.10	11.57
11.11	11.58
11.2	11.59
11.7	11.60
11.10	11.61
11.10	11.62
11.10	11.63
11.5	11.64
12.7	12.1
12.4	12.2
12.5	12.3
12.2	12.4
12.7	12.5
12.7	12.6
12.9	12.7
12.7	12.8
12.7	12.9
12.6	12.10
12.7	12.11
12.7	12.12
12.7	12.13
12.7	12.14
12.3	12.15
12.7	12.16
12.7	12.17
12.8	12.18
12.7	12.19
12.8	12.20
12.8	12.21
12.7	12.22
12.6	12.23
12.7	12.24
12.7	12.25
12.8	12.26
12.9	12.27
12.7	12.28
12.7	12.29
12.7	12.30
12.7	12.31
12.8	12.32
12.7	12.33
12.7	12.34
12.1	12.35
12.7	12.36
12.7	12.37
12.7	12.38
12.3	12.39
12.7	12.40
12.8	12.41
12.8	12.42
12.7	12.43
12.8	12.44
12.7	12.45
12.7	12.46
12.7	12.47
12.7	12.48
12.8	12.49
12.7	12.50
12.7	12.51
12.7	12.52
12.8	12.53
12.7	12.54
12.5	12.55
12.7	12.56
12.9	12.57
12.7	12.58
12.8	12.59
12.7	12.60
12.7	12.61
12.7	12.62
12.8	12.63
12.7	12.64
13.10	13.1
13.10	13.2
13.6	13.3
13.8	13.4
13.6	13.5
13.6	13.6
13.2	13.7
13.1	13.8
13.4	13.9
13.1	13.10
13.1	13.11
13.6	13.12
13.8	13.13
13.1	13.14
13.1	13.15
13.6	13.16
13.1	13.17
13.1	13.18
13.1	13.19
13.6	13.20
13.6	13.21
13.1	13.22
13.6	13.23
13.1	13.24
13.6	13.25
13.1	13.26
13.6	13.27
13.6	13.28
13.6	13.29
13.1	13.30
13.1	13.31
13.8	13.32
13.8	13.33
13.6	13.34
13.8	13.35
13.1	13.36
13.1	13.37
13.5	13.38
13.6	13.39
13.6	13.40
13.1	13.41
13.7	13.42
13.8	13.43
13.8	13.44
13.6	13.45
13.1	13.46
13.8	13.47
13.1	13.48
13.1	13.49
13.7	13.50
13.6	13.51
13.3	13.52
13.8	13.53
13.6	13.54
13.1	13.55
13.8	13.56
13.8	13.57
13.9	13.58
13.1	13.59
13.8	13.60
13.1	13.61
13.6	13.62
13.6	13.63
13.6	13.64
14.6	14.1
14.6	14.2
14.6	14.3
14.5	14.4
14.5	14.5
14.5	14.6
14.3	14.7
14.5	14.8
14.5	14.9
14.5	14.10
14.6	14.11
14.2	14.12
14.5	14.13
14.6	14.14
14.5	14.15
14.6	14.16
14.1	14.17
14.5	14.18
14.4	14.19
14.6	14.20
14.5	14.21
14.1	14.22
14.1	14.23
14.5	14.24
14.1	14.25
14.5	14.26
14.6	14.27
14.1	14.28
14.1	14.29
14.5	14.30
14.6	14.31
14.5	14.32
14.5	14.33
14.1	14.34
14.6	14.35
14.5	14.36
14.6	14.37
14.6	14.38
14.6	14.39
14.6	14.40
14.5	14.41
14.6	14.42
14.5	14.43
14.5	14.44
14.5	14.45
14.1	14.46
14.5	14.47
14.5	14.48
14.1	14.49
14.6	14.50
14.1	14.51
14.6	14.52
14.6	14.53
14.6	14.54
14.6	14.55
14.6	14.56
14.6	14.57
14.6	14.58
14.1	14.59
14.6	14.60
14.6	14.61
14.5	14.62
14.6	14.63
14.6	14.64
15.4	15.1
15.1	15.2
15.5	15.3
15.1	15.4
15.9	15.5
15.10	15.6
15.9	15.7
15.1	15.8
15.9	15.9
15.9	15.10
15.11	15.11
15.9	15.12
15.11	15.13
15.1	15.14
15.1	15.15
15.9	15.16
15.12	15.17
15.9	15.18
15.9	15.19
15.9	15.20
15.9	15.21
15.1	15.22
15.1	15.23
15.12	15.24
15.9	15.25
15.1	15.26
15.9	15.27
15.12	15.28
15.1	15.29
15.1	15.30
15.1	15.31
15.10	15.32
15.1	15.33
15.10	15.34
15.9	15.35
15.1	15.36
15.7	15.37
15.9	15.38
15.10	15.39
15.1	15.40
15.11	15.41
15.1	15.42
15.1	15.43
15.8	15.44
15.1	15.45
15.11	15.46
15.4	15.47
15.2	15.48
15.1	15.49
15.5	15.50
15.12	15.51
15.12	15.52
15.5	15.53
15.6	15.54
15.9	15.55
15.8	15.56
15.12	15.57
15.4	15.58
15.4	15.59
15.8	15.60
15.3	15.61
15.4	15.62
15.4	15.63
15.10	15.64
16.14	16.1
16.6	16.2
16.14	16.3
16.1	16.4
16.1	16.5
16.1	16.6
16.1	16.7
16.9	16.8
16.1	16.9
16.14	16.10
16.14	16.11
16.9	16.12
16.14	16.13
16.13	16.14
16.14	16.15
16.14	16.16
16.10	16.17
16.14	16.18
16.14	16.19
16.1	16.20
16.1	16.21
16.2	16.22
16.9	16.23
16.14	16.24
16.14	16.25
16.14	16.26
16.1	16.27
16.1	16.28
16.11	16.29
16.1	16.30
16.1	16.31
16.14	16.32
16.13	16.33
16.14	16.34
16.5	16.35
16.1	16.36
16.13	16.37
16.14	16.38
16.13	16.39
16.1	16.40
16.13	16.41
16.12	16.42
16.14	16.43
16.1	16.44
16.8	16.45
16.9	16.46
16.1	16.47
16.3	16.48
16.7	16.49
16.7	16.50
16.1	16.51
16.14	16.52
16.1	16.53
16.14	16.54
16.13	16.55
16.4	16.56
16.13	16.57
16.13	16.58
16.9	16.59
16.1	16.60
16.1	16.61
16.9	16.62
16.10	16.63
16.1	16.64
17.6	17.1
17.8	17.2
17.8	17.3
17.8	17.4
17.8	17.5
17.5	17.6
17.8	17.7
17.8	17.8
17.8	17.9
17.9	17.10
17.6	17.11
17.1	17.12
17.6	17.13
17.9	17.14
17.8	17.15
17.6	17.16
17.8	17.17
17.8	17.18
17.6	17.19
17.6	17.20
17.7	17.21
17.4	17.22
17.8	17.23
17.6	17.24
17.8	17.25
17.8	17.26
17.8	17.27
17.8	17.28
17.8	17.29
17.8	17.30
17.7	17.31
17.8	17.32
17.8	17.33
17.8	17.34
17.1	17.35
17.7	17.36
17.8	17.37
17.3	17.38
17.8	17.39
17.1	17.40
17.6	17.41
17.8	17.42
17.6	17.43
17.6	17.44
17.6	17.45
17.6	17.46
17.4	17.47
17.8	17.48
17.1	17.49
17.1	17.50
17.7	17.51
17.1	17.52
17.8	17.53
17.8	17.54
17.1	17.55
17.2	17.56
17.1	17.57
17.6	17.58
17.8	17.59
17.8	17.60
17.8	17.61
17.1	17.62
17.8	17.63
17.8	17.64
18.4	18.1
18.9	18.2
18.6	18.3
18.12	18.4
18.6	18.5
18.12	18.6
18.6	18.7
18.12	18.8
18.8	18.9
18.8	18.10
18.8	18.11
18.6	18.12
18.6	18.13
18.12	18.14
18.6	18.15
18.8	18.16
18.1	18.17
18.6	18.18
18.6	18.19
18.12	18.20
18.8	18.21
18.12	18.22
18.12	18.23
18.12	18.24
18.12	18.25
18.8	18.26
18.1	18.27
18.6	18.28
18.3	18.29
18.8	18.30
18.8	18.31
18.8	18.32
18.8	18.33
18.8	18.34
18.11	18.35
18.12	18.36
18.12	18.37
18.1	18.38
18.6	18.39
18.8	18.40
18.8	18.41
18.9	18.42
18.5	18.43
18.8	18.44
18.12	18.45
18.1	18.46
18.12	18.47
18.8	18.48
18.12	18.49
18.7	18.50
18.10	18.51
18.12	18.52
18.1	18.53
18.1	18.54
18.9	18.55
18.2	18.56
18.6	18.57
18.1	18.58
18.1	18.59
18.1	18.60
18.8	18.61
18.6	18.62
18.1	18.63
18.8	18.64
19.6	19.1
19.1	19.2
19.10	19.3
19.10	19.4
19.6	19.5
19.1	19.6
19.9	19.7
19.4	19.8
19.9	19.9
19.10	19.10
19.10	19.11
19.3	19.12
19.9	19.13
19.6	19.14
19.10	19.15
19.10	19.16
19.10	19.17
19.1	19.18
19.10	19.19
19.10	19.20
19.5	19.21
19.11	19.22
19.10	19.23
19.10	19.24
19.4	19.25
19.6	19.26
19.7	19.27
19.10	19.28
19.9	19.29
19.10	19.30
19.10	19.31
19.6	19.32
19.4	19.33
19.2	19.34
19.4	19.35
19.10	19.36
19.10	19.37
19.4	19.38
19.10	19.39
19.1	19.40
19.4	19.41
19.9	19.42
19.10	19.43
19.10	19.44
19.4	19.45
19.4	19.46
19.10	19.47
19.10	19.48
19.10	19.49
19.6	19.50
19.6	19.51
19.1	19.52
19.10	19.53
19.1	19.54
19.1	19.55
19.6	19.56
19.6	19.57
19.8	19.58
19.10	19.59
19.10	19.60
19.1	19.61
19.4	19.62
19.10	19.63
19.4	19.64
20.1	20.1
20.8	20.2
20.8	20.3
20.8	20.4
20.8	20.5
20.1	20.6
20.1	20.7
20.1	20.8
20.7	20.9
20.8	20.10
20.8	20.11
20.1	20.12
20.1	20.13
20.1	20.14
20.8	20.15
20.1	20.16
20.1	20.17
20.2	20.18
20.8	20.19
20.4	20.20
20.8	20.21
20.8	20.22
20.1	20.23
20.4	20.24
20.8	20.25
20.8	20.26
20.1	20.27
20.4	20.28
20.1	20.29
20.7	20.30
20.4	20.31
20.5	20.32
20.4	20.33
20.1	20.34
20.8	20.35
20.4	20.36
20.8	20.37
20.1	20.38
20.1	20.39
20.8	20.40
20.4	20.41
20.3	20.42
20.1	20.43
20.1	20.44
20.8	20.45
20.1	20.46
20.1	20.47
20.8	20.48
20.4	20.49
20.1	20.50
20.1	20.51
20.8	20.52
20.4	20.53
20.1	20.54
20.7	20.55
20.6	20.56
20.4	20.57
20.8	20.58
20.1	20.59
20.1	20.60
20.7	20.61
20.7	20.62
20.1	20.63
20.1	20.64
21.1	21.1
21.1	21.2
21.5	21.3
21.1	21.4
21.1	21.5
21.6	21.6
21.6	21.7
21.3	21.8
21.1	21.9
21.1	21.10
21.1	21.11
21.2	21.12
21.6	21.13
21.6	21.14
21.1	21.15
21.6	21.16
21.1	21.17
21.1	21.18
21.6	21.19
21.1	21.20
21.7	21.21
21.4	21.22
21.4	21.23
21.6	21.24
21.1	21.25
21.1	21.26
21.6	21.27
21.6	21.28
21.1	21.29
21.6	21.30
21.1	21.31
21.1	21.32
21.6	21.33
21.5	21.34
21.6	21.35
21.5	21.36
21.6	21.37
21.6	21.38
21.6	21.39
21.1	21.40
21.4	21.41
21.1	21.42
21.1	21.43
21.1	21.44
21.1	21.45
21.6	21.46
21.1	21.47
21.6	21.48
21.1	21.49
21.1	21.50
21.1	21.51
21.1	21.52
21.1	21.53
21.6	21.54
21.1	21.55
21.6	21.56
21.6	21.57
21.7	21.58
21.1	21.59
21.7	21.60
21.4	21.61
21.6	21.62
21.6	21.63
21.5	21.64
22.1	22.1
22.13	22.2
22.6	22.3
22.10	22.4
22.11	22.5
22.11	22.6
22.7	22.7
22.11	22.8
22.1	22.9
22.13	22.10
22.13	22.11
22.13	22.12
22.13	22.13
22.6	22.14
22.8	22.15
22.13	22.16
22.11	22.17
22.13	22.18
22.6	22.19
22.10	22.20
22.7	22.21
22.6	22.22
22.12	22.23
22.10	22.24
22.10	22.25
22.9	22.26
22.1	22.27
22.13	22.28
22.13	22.29
22.13	22.30
22.6	22.31
22.10	22.32
22.7	22.33
22.2	22.34
22.10	22.35
22.6	22.36
22.10	22.37
22.6	22.38
22.6	22.39
22.11	22.40
22.1	22.41
22.1	22.42
22.13	22.43
22.11	22.44
22.13	22.45
22.12	22.46
22.6	22.47
22.11	22.48
22.6	22.49
22.1	22.50
22.13	22.51
22.11	22.52
22.13	22.53
22.6	22.54
22.13	22.55
22.5	22.56
22.6	22.57
22.6	22.58
22.13	22.59
22.13	22.60
22.10	22.61
22.11	22.62
22.3	22.63
22.4	22.64
23.6	23.1
23.5	23.2
23.6	23.3
23.6	23.4
23.1	23.5
23.6	23.6
23.1	23.7
23.7	23.8
23.4	23.9
23.1	23.10
23.6	23.11
23.7	23.12
23.6	23.13
23.1	23.14
23.7	23.15
23.1	23.16
23.6	23.17
23.6	23.18
23.1	23.19
23.1	23.20
23.7	23.21
23.1	23.22
23.6	23.23
23.7	23.24
23.7	23.25
23.1	23.26
23.6	23.27
23.6	23.28
23.6	23.29
23.7	23.30
23.5	23.31
23.6	23.32
23.1	23.33
23.6	23.34
23.1	23.35
23.1	23.36
23.6	23.37
23.1	23.38
23.6	23.39
23.1	23.40
23.6	23.41
23.1	23.42
23.6	23.43
23.2	23.44
23.1	23.45
23.6	23.46
23.4	23.47
23.1	23.48
23.1	23.49
23.5	23.50
23.5	23.51
23.6	23.52
23.7	23.53
23.1	23.54
23.6	23.55
23.3	23.56
23.6	23.57
23.5	23.58
23.1	23.59
23.6	23.60
23.7	23.61
23.7	23.62
23.6	23.63
23.6	23.64
24.3	24.1
24.5	24.2
24.10	24.3
24.1	24.4
24.1	24.5
24.10	24.6
24.10	24.7
24.11	24.8
24.10	24.9
24.4	24.10
24.9	24.11
24.1	24.12
24.10	24.13
24.10	24.14
24.6	24.15
24.10	24.16
24.10	24.17
24.6	24.18
24.6	24.19
24.10	24.20
24.6	24.21
24.10	24.22
24.5	24.23
24.10	24.24
24.5	24.25
24.8	24.26
24.10	24.27
24.10	24.28
24.10	24.29
24.10	24.30
24.8	24.31
24.10	24.32
24.6	24.33
24.10	24.34
24.1	24.35
24.1	24.36
24.10	24.37
24.6	24.38
24.9	24.39
24.10	24.40
24.2	24.41
24.1	24.42
24.6	24.43
24.6	24.44
24.10	24.45
24.1	24.46
24.1	24.47
24.9	24.48
24.10	24.49
24.10	24.50
24.10	24.51
24.10	24.52
24.6	24.53
24.10	24.54
24.6	24.55
24.1	24.56
24.10	24.57
24.10	24.58
24.6	24.59
24.7	24.60
24.10	24.61
24.10	24.62
24.6	24.63
24.10	24.64
25.6	25.1
25.5	25.2
25.1	25.3
25.5	25.4
25.1	25.5
25.1	25.6
25.1	25.7
25.7	25.8
25.6	25.9
25.1	25.10
25.1	25.11
25.1	25.12
25.1	25.13
25.1	25.14
25.1	25.15
25.5	25.16
25.4	25.17
25.1	25.18
25.4	25.19
25.1	25.20
25.6	25.21
25.6	25.22
25.1	25.23
25.1	25.24
25.2	25.25
25.6	25.26
25.4	25.27
25.6	25.28
25.1	25.29
25.6	25.30
25.6	25.31
25.6	25.32
25.5	25.33
25.4	25.34
25.6	25.35
25.1	25.36
25.6	25.37
25.6	25.38
25.1	25.39
25.6	25.40
25.1	25.41
25.1	25.42
25.6	25.43
25.1	25.44
25.1	25.45
25.5	25.46
25.6	25.47
25.1	25.48
25.6	25.49
25.3	25.50
25.6	25.51
25.1	25.52
25.6	25.53
25.1	25.54
25.4	25.55
25.6	25.56
25.1	25.57
25.6	25.58
25.5	25.59
25.1	25.60
25.6	25.61
25.1	25.62
25.6	25.63
25.5	25.64
26.6	26.1
26.1	26.2
26.1	26.3
26.1	26.4
26.1	26.5
26.1	26.6
26.1	26.7
26.5	26.8
26.5	26.9
26.1	26.10
26.1	26.11
26.6	26.12
26.5	26.13
26.5	26.14
26.1	26.15
26.6	26.16
26.4	26.17
26.6	26.18
26.6	26.19
26.6	26.20
26.3	26.21
26.1	26.22
26.5	26.23
26.1	26.24
26.3	26.25
26.4	26.26
26.6	26.27
26.5	26.28
26.1	26.29
26.2	26.30
26.6	26.31
26.6	26.32
26.6	26.33
26.1	26.34
26.6	26.35
26.1	26.36
26.5	26.37
26.1	26.38
26.1	26.39
26.1	26.40
26.1	26.41
26.6	26.42
26.1	26.43
26.1	26.44
26.1	26.45
26.1	26.46
26.1	26.47
26.1	26.48
26.5	26.49
26.6	26.50
26.5	26.51
26.1	26.52
26.6	26.53
26.5	26.54
26.6	26.55
26.3	26.56
26.5	26.57
26.1	26.58
26.6	26.59
26.5	26.60
26.5	26.61
26.4	26.62
26.6	26.63
26.1	26.64
27.5	27.1
27.5	27.2
27.1	27.3
27.1	27.4
27.7	27.5
27.6	27.6
27.1	27.7
27.1	27.8
27.1	27.9
27.1	27.10
27.7	27.11
27.5	27.12
27.7	27.13
27.5	27.14
27.1	27.15
27.1	27.16
27.5	27.17
27.6	27.18
27.4	27.19
27.6	27.20
27.5	27.21
27.5	27.22
27.2	27.23
27.3	27.24
27.1	27.25
27.1	27.26
27.6	27.27
27.3	27.28
27.1	27.29
27.5	27.30
27.6	27.31
27.3	27.32
27.1	27.33
27.5	27.34
27.1	27.35
27.5	27.36
27.5	27.37
27.5	27.38
27.7	27.39
27.1	27.40
27.7	27.41
27.1	27.42
27.1	27.43
27.1	27.44
27.4	27.45
27.1	27.46
27.7	27.47
27.1	27.48
27.6	27.49
27.1	27.50
27.5	27.51
27.5	27.52
27.5	27.53
27.1	27.54
27.1	27.55
27.1	27.56
27.1	27.57
27.1	27.58
27.5	27.59
27.6	27.60
27.7	27.61
27.3	27.62
27.4	27.63
27.5	27.64
28.8	28.1
28.8	28.2
28.3	28.3
28.1	28.4
28.7	28.5
28.1	28.6
28.8	28.7
28.7	28.8
28.8	28.9
28.7	28.10
28.8	28.11
28.8	28.12
28.1	28.13
28.1	28.14
28.1	28.15
28.3	28.16
28.8	28.17
28.8	28.18
28.4	28.19
28.1	28.20
28.1	28.21
28.8	28.22
28.4	28.23
28.1	28.24
28.1	28.25
28.7	28.26
28.7	28.27
28.8	28.28
28.4	28.29
28.1	28.30
28.6	28.31
28.7	28.32
28.8	28.33
28.8	28.34
28.3	28.35
28.6	28.36
28.5	28.37
28.8	28.38
28.6	28.39
28.8	28.40
28.3	28.41
28.4	28.42
28.1	28.43
28.7	28.44
28.2	28.45
28.4	28.46
28.7	28.47
28.4	28.48
28.1	28.49
28.1	28.50
28.8	28.51
28.8	28.52
28.8	28.53
28.4	28.54
28.8	28.55
28.8	28.56
28.6	28.57
28.7	28.58
28.8	28.59
28.7	28.60
28.4	28.61
28.4	28.62
28.8	28.63
28.7	28.64
29.6	29.1
29.6	29.2
29.6	29.3
29.6	29.4
29.6	29.5
29.6	29.6
29.6	29.7
29.6	29.8
29.1	29.9
29.6	29.10
29.1	29.11
29.7	29.12
29.6	29.13
29.6	29.14
29.6	29.15
29.4	29.16
29.4	29.17
29.1	29.18
29.8	29.19
29.6	29.20
29.1	29.21
29.1	29.22
29.6	29.23
29.7	29.24
29.5	29.25
29.1	29.26
29.6	29.27
29.6	29.28
29.6	29.29
29.6	29.30
29.7	29.31
29.2	29.32
29.6	29.33
29.7	29.34
29.6	29.35
29.7	29.36
29.1	29.37
29.6	29.38
29.1	29.39
29.1	29.40
29.6	29.41
29.1	29.42
29.6	29.43
29.6	29.44
29.6	29.45
29.7	29.46
29.3	29.47
29.6	29.48
29.6	29.49
29.6	29.50
29.7	29.51
29.1	29.52
29.6	29.53
29.1	29.54
29.6	29.55
29.6	29.56
29.6	29.57
29.6	29.58
29.6	29.59
29.6	29.60
29.6	29.61
29.6	29.62
29.6	29.63
29.6	29.64
30.18	30.1
30.17	30.2
30.14	30.3
30.5	30.4
30.11	30.5
30.11	30.6
30.1	30.7
30.11	30.8
30.14	30.9
30.11	30.10
30.14	30.11
30.11	30.12
30.11	30.13
30.11	30.14
30.14	30.15
30.11	30.16
30.7	30.17
30.11	30.18
30.14	30.19
30.11	30.20
30.11	30.21
30.15	30.22
30.11	30.23
30.11	30.24
30.11	30.25
30.13	30.26
30.8	30.27
30.9	30.28
30.11	30.29
30.2	30.30
30.14	30.31
30.11	30.32
30.3	30.33
30.3	30.34
30.11	30.35
30.4	30.36
30.18	30.37
30.11	30.38
30.11	30.39
30.14	30.40
30.14	30.41
30.14	30.42
30.14	30.43
30.10	30.44
30.11	30.45
30.11	30.46
30.11	30.47
30.14	30.48
30.11	30.49
30.16	30.50
30.12	30.51
30.11	30.52
30.11	30.53
30.11	30.54
30.11	30.55
30.11	30.56
30.11	30.57
30.14	30.58
30.11	30.59
30.18	30.60
30.6	30.61
30.14	30.62
30.11	30.63
30.11	30.64
31.8	31.1
31.10	31.2
31.10	31.3
31.12	31.4
31.7	31.5
31.8	31.6
31.10	31.7
31.8	31.8
31.8	31.9
31.8	31.10
31.8	31.11
31.10	31.12
31.8	31.13
31.10	31.14
31.8	31.15
31.8	31.16
31.8	31.17
31.10	31.18
31.8	31.19
31.8	31.20
31.8	31.21
31.10	31.22
31.8	31.23
31.8	31.24
31.8	31.25
31.1	31.26
31.9	31.27
31.9	31.28
31.11	31.29
31.8	31.30
31.6	31.31
31.8	31.32
31.10	31.33
31.10	31.34
31.13	31.35
31.5	31.36
31.9	31.37
31.11	31.38
31.10	31.39
31.10	31.40
31.8	31.41
31.10	31.42
31.9	31.43
31.8	31.44
31.3	31.45
31.4	31.46
31.10	31.47
31.1	31.48
31.10	31.49
31.10	31.50
31.2	31.51
31.10	31.52
31.10	31.53
31.10	31.54
31.8	31.55
31.10	31.56
31.8	31.57
31.13	31.58
31.9	31.59
31.10	31.60
31.1	31.61
31.10	31.62
31.8	31.63
31.10	31.64
32.8	32.1
32.8	32.2
32.1	32.3
32.7	32.4
32.4	32.5
32.1	32.6
32.1	32.7
32.1	32.8
32.8	32.9
32.1	32.10
32.1	32.11
32.7	32.12
32.1	32.13
32.8	32.14
32.1	32.15
32.6	32.16
32.1	32.17
32.1	32.18
32.1	32.19
32.4	32.20
32.8	32.21
32.1	32.22
32.4	32.23
32.7	32.24
32.5	32.25
32.1	32.26
32.5	32.27
32.1	32.28
32.5	32.29
32.5	32.30
32.8	32.31
32.8	32.32
32.5	32.33
32.8	32.34
32.5	32.35
32.1	32.36
32.3	32.37
32.5	32.38
32.5	32.39
32.3	32.40
32.5	32.41
32.8	32.42
32.1	32.43
32.2	32.44
32.6	32.45
32.1	32.46
32.1	32.47
32.4	32.48
32.8	32.49
32.4	32.50
32.7	32.51
32.1	32.52
32.5	32.53
32.8	32.54
32.8	32.55
32.5	32.56
32.5	32.57
32.5	32.58
32.5	32.59
32.5	32.60
32.5	32.61
32.5	32.62
32.5	32.63
32.7	32.64
33.6	33.1
33.5	33.2
33.1	33.3
33.1	33.4
33.6	33.5
33.6	33.6
33.1	33.7
33.1	33.8
33.1	33.9
33.1	33.10
33.1	33.11
33.1	33.12
33.1	33.13
33.1	33.14
33.6	33.15
33.6	33.16
33.1	33.17
33.1	33.18
33.3	33.19
33.4	33.20
33.5	33.21
33.1	33.22
33.5	33.23
33.1	33.24
33.5	33.25
33.1	33.26
33.1	33.27
33.6	33.28
33.1	33.29
33.1	33.30
33.1	33.31
33.6	33.32
33.1	33.33
33.1	33.34
33.6	33.35
33.1	33.36
33.1	33.37
33.1	33.38
33.1	33.39
33.1	33.40
33.1	33.41
33.6	33.42
33.1	33.43
33.6	33.44
33.1	33.45
33.6	33.46
33.6	33.47
33.1	33.48
33.1	33.49
33.1	33.50
33.1	33.51
33.1	33.52
33.6	33.53
33.6	33.54
33.6	33.55
33.2	33.56
33.1	33.57
33.1	33.58
33.1	33.59
33.6	33.60
33.6	33.61
33.1	33.62
33.1	33.63
33.1	33.64
34.9	34.1
34.5	34.2
34.1	34.3
34.1	34.4
34.7	34.5
34.1	34.6
34.7	34.7
34.9	34.8
34.7	34.9
34.5	34.10
34.5	34.11
34.1	34.12
34.5	34.13
34.7	34.14
34.7	34.15
34.7	34.16
34.1	34.17
34.1	34.18
34.7	34.19
34.1	34.20
34.9	34.21
34.7	34.22
34.7	34.23
34.7	34.24
34.1	34.25
34.5	34.26
34.9	34.27
34.5	34.28
34.7	34.29
34.9	34.30
34.8	34.31
34.7	34.32
34.1	34.33
34.3	34.34
34.1	34.35
34.5	34.36
34.5	34.37
34.1	34.38
34.9	34.39
34.7	34.40
34.5	34.41
34.9	34.42
34.2	34.43
34.7	34.44
34.6	34.45
34.9	34.46
34.5	34.47
34.7	34.48
34.5	34.49
34.8	34.50
34.5	34.51
34.7	34.52
34.5	34.53
34.5	34.54
34.7	34.55
34.7	34.56
34.9	34.57
34.9	34.58
34.4	34.59
34.7	34.60
34.1	34.61
34.5	34.62
34.9	34.63
34.7	34.64
35.7	35.1
35.1	35.2
35.7	35.3
35.1	35.4
35.1	35.5
35.3	35.6
35.1	35.7
35.1	35.8
35.8	35.9
35.7	35.10
35.7	35.11
35.9	35.12
35.7	35.13
35.1	35.14
35.1	35.15
35.1	35.16
35.8	35.17
35.8	35.18
35.1	35.19
35.7	35.20
35.1	35.21
35.7	35.22
35.5	35.23
35.7	35.24
35.1	35.25
35.1	35.26
35.7	35.27
35.7	35.28
35.1	35.29
35.5	35.30
35.5	35.31
35.7	35.32
35.7	35.33
35.7	35.34
35.7	35.35
35.7	35.36
35.1	35.37
35.8	35.38
35.7	35.39
35.1	35.40
35.1	35.41
35.1	35.42
35.7	35.43
35.5	35.44
35.7	35.45
35.1	35.46
35.1	35.47
35.1	35.48
35.2	35.49
35.1	35.50
35.1	35.51
35.8	35.52
35.1	35.53
35.1	35.54
35.1	35.55
35.1	35.56
35.7	35.57
35.6	35.58
35.7	35.59
35.5	35.60
35.5	35.61
35.8	35.62
35.5	35.63
35.4	35.64
36.5	36.1
36.10	36.2
36.8	36.3
36.6	36.4
36.8	36.5
36.10	36.6
36.10	36.7
36.1	36.8
36.1	36.9
36.10	36.10
36.10	36.11
36.9	36.12
36.9	36.13
36.10	36.14
36.7	36.15
36.10	36.16
36.2	36.17
36.7	36.18
36.10	36.19
36.10	36.20
36.1	36.21
36.7	36.22
36.3	36.23
36.1	36.24
36.10	36.25
36.10	36.26
36.1	36.27
36.10	36.28
36.10	36.29
36.1	36.30
36.10	36.31
36.1	36.32
36.1	36.33
36.10	36.34
36.10	36.35
36.10	36.36
36.6	36.37
36.9	36.38
36.1	36.39
36.6	36.40
36.10	36.41
36.1	36.42
36.1	36.43
36.3	36.44
36.10	36.45
36.9	36.46
36.1	36.47
36.1	36.48
36.10	36.49
36.10	36.50
36.10	36.51
36.1	36.52
36.10	36.53
36.4	36.54
36.10	36.55
36.10	36.56
36.9	36.57
36.10	36.58
36.10	36.59
36.9	36.60
36.10	36.61
36.10	36.62
36.1	36.63
36.1	36.64
37.14	37.1
37.9	37.2
37.14	37.3
37.1	37.4
37.4	37.5
37.14	37.6
37.4	37.7
37.16	37.8
37.4	37.9
37.4	37.10
37.10	37.11
37.8	37.12
37.4	37.13
37.16	37.14
37.4	37.15
37.2	37.16
37.10	37.17
37.14	37.18
37.4	37.19
37.4	37.20
37.15	37.21
37.4	37.22
37.8	37.23
37.11	37.24
37.4	37.25
37.14	37.26
37.6	37.27
37.14	37.28
37.11	37.29
37.4	37.30
37.7	37.31
37.4	37.32
37.4	37.33
37.12	37.34
37.4	37.35
37.8	37.36
37.14	37.37
37.16	37.38
37.13	37.39
37.14	37.40
37.4	37.41
37.14	37.42
37.11	37.43
37.4	37.44
37.16	37.45
37.14	37.46
37.14	37.47
37.14	37.48
37.16	37.49
37.4	37.50
37.5	37.51
37.4	37.52
37.16	37.53
37.1	37.54
37.15	37.55
37.14	37.56
37.10	37.57
37.16	37.58
37.4	37.59
37.14	37.60
37.14	37.61
37.4	37.62
37.10	37.63
37.3	37.64
38.8	38.1
38.6	38.2
38.6	38.3
38.4	38.4
38.4	38.5
38.6	38.6
38.8	38.7
38.4	38.8
38.6	38.9
38.6	38.10
38.6	38.11
38.2	38.12
38.7	38.13
38.9	38.14
38.6	38.15
38.4	38.16
38.8	38.17
38.4	38.18
38.4	38.19
38.6	38.20
38.6	38.21
38.1	38.22
38.6	38.23
38.4	38.24
38.8	38.25
38.4	38.26
38.1	38.27
38.8	38.28
38.1	38.29
38.6	38.30
38.8	38.31
38.8	38.32
38.8	38.33
38.1	38.34
38.4	38.35
38.6	38.36
38.7	38.37
38.4	38.38
38.4	38.39
38.6	38.40
38.8	38.41
38.4	38.42
38.6	38.43
38.9	38.44
38.4	38.45
38.3	38.46
38.4	38.47
38.4	38.48
38.4	38.49
38.4	38.50
38.5	38.51
38.4	38.52
38.6	38.53
38.4	38.54
38.9	38.55
38.6	38.56
38.6	38.57
38.6	38.58
38.8	38.59
38.6	38.60
38.8	38.61
38.8	38.62
38.4	38.63
38.4	38.64
39.8	39.1
39.1	39.2
39.1	39.3
39.8	39.4
39.8	39.5
39.8	39.6
39.1	39.7
39.5	39.8
39.8	39.9
39.1	39.10
39.2	39.11
39.1	39.12
39.7	39.13
39.3	39.14
39.1	39.15
39.8	39.16
39.8	39.17
39.8	39.18
39.7	39.19
39.1	39.20
39.8	39.21
39.1	39.22
39.8	39.23
39.4	39.24
39.8	39.25
39.1	39.26
39.8	39.27
39.1	39.28
39.1	39.29
39.1	39.30
39.8	39.31
39.8	39.32
39.5	39.33
39.1	39.34
39.8	39.35
39.5	39.36
39.1	39.37
39.8	39.38
39.8	39.39
39.8	39.40
39.5	39.41
39.8	39.42
39.6	39.43
39.7	39.44
39.8	39.45
39.8	39.46
39.5	39.47
39.8	39.48
39.8	39.49
39.1	39.50
39.1	39.51
39.1	39.52
39.8	39.53
39.1	39.54
39.1	39.55
39.1	39.56
39.1	39.57
39.8	39.58
39.8	39.59
39.1	39.60
39.1	39.61
39.8	39.62
39.8	39.63
39.1	39.64
40.1	40.1
40.1	40.2
40.12	40.3
40.10	40.4
40.9	40.5
40.12	40.6
40.1	40.7
40.9	40.8
40.12	40.9
40.12	40.10
40.12	40.11
40.1	40.12
40.12	40.13
40.12	40.14
40.12	40.15
40.1	40.16
40.12	40.17
40.8	40.18
40.3	40.19
40.13	40.20
40.12	40.21
40.12	40.22
40.12	40.23
40.1	40.24
40.7	40.25
40.10	40.26
40.7	40.27
40.1	40.28
40.12	40.29
40.8	40.30
40.9	40.31
40.1	40.32
40.12	40.33
40.10	40.34
40.1	40.35
40.12	40.36
40.5	40.37
40.12	40.38
40.1	40.39
40.1	40.40
40.12	40.41
40.9	40.42
40.2	40.43
40.9	40.44
40.1	40.45
40.1	40.46
40.12	40.47
40.11	40.48
40.6	40.49
40.9	40.50
40.1	40.51
40.1	40.52
40.1	40.53
40.9	40.54
40.1	40.55
40.1	40.56
40.12	40.57
40.10	40.58
40.1	40.59
40.5	40.60
40.13	40.61
40.11	40.62
40.4	40.63
40.1	40.64
41.10	41.1
41.1	41.2
41.10	41.3
41.1	41.4
41.1	41.5
41.5	41.6
41.1	41.7
41.1	41.8
41.3	41.9
41.10	41.10
41.10	41.11
41.1	41.12
41.10	41.13
41.10	41.14
41.1	41.15
41.1	41.16
41.1	41.17
41.8	41.18
41.5	41.19
41.10	41.20
41.9	41.21
41.1	41.22
41.1	41.23
41.1	41.24
41.8	41.25
41.1	41.26
41.10	41.27
41.1	41.28
41.10	41.29
41.10	41.30
41.10	41.31
41.10	41.32
41.11	41.33
41.9	41.34
41.1	41.35
41.1	41.36
41.10	41.37
41.10	41.38
41.10	41.39
41.6	41.40
41.5	41.41
41.10	41.42
41.1	41.43
41.10	41.44
41.7	41.45
41.10	41.46
41.9	41.47
41.1	41.48
41.2	41.49
41.10	41.50
41.10	41.51
41.10	41.52
41.1	41.53
41.1	41.54
41.5	41.55
41.9	41.56
41.1	41.57
41.1	41.58
41.10	41.59
41.1	41.60
41.5	41.61
41.10	41.62
41.4	41.63
41.10	41.64
42.7	42.1
42.3	42.2
42.3	42.3
42.7	42.4
42.7	42.5
42.8	42.6
42.8	42.7
42.8	42.8
42.8	42.9
42.10	42.10
42.3	42.11
42.7	42.12
42.3	42.13
42.1	42.14
42.3	42.15
42.1	42.16
42.5	42.17
42.8	42.18
42.8	42.19
42.3	42.20
42.7	42.21
42.1	42.22
42.3	42.23
42.7	42.24
42.3	42.25
42.8	42.26
42.7	42.27
42.8	42.28
42.1	42.29
42.7	42.30
42.8	42.31
42.8	42.32
42.3	42.33
42.7	42.34
42.10	42.35
42.7	42.36
42.10	42.37
42.7	42.38
42.3	42.39
42.9	42.40
42.3	42.41
42.7	42.42
42.10	42.43
42.7	42.44
42.8	42.45
42.7	42.46
42.7	42.47
42.6	42.48
42.1	42.49
42.1	42.50
42.10	42.51
42.8	42.52
42.6	42.53
42.6	42.54
42.2	42.55
42.3	42.56
42.4	42.57
42.8	42.58
42.7	42.59
42.3	42.60
42.8	42.61
42.7	42.62
42.3	42.63
42.3	42.64
43.12	43.1
43.10	43.2
43.10	43.3
43.10	43.4
43.10	43.5
43.5	43.6
43.10	43.7
43.2	43.8
43.1	43.9
43.12	43.10
43.9	43.11
43.7	43.12
43.9	43.13
43.3	43.14
43.10	43.15
43.10	43.16
43.12	43.17
43.10	43.18
43.10	43.19
43.6	43.20
43.1	43.21
43.1	43.22
43.10	43.23
43.1	43.24
43.8	43.25
43.1	43.26
43.12	43.27
43.1	43.28
43.10	43.29
43.12	43.30
43.1	43.31
43.1	43.32
43.12	43.33
43.7	43.34
43.9	43.35
43.11	43.36
43.10	43.37
43.12	43.38
43.12	43.39
43.1	43.40
43.10	43.41
43.10	43.42
43.8	43.43
43.11	43.44
43.8	43.45
43.4	43.46
43.12	43.47
43.12	43.48
43.1	43.49
43.3	43.50
43.6	43.51
43.1	43.52
43.12	43.53
43.1	43.54
43.8	43.55
43.10	43.56
43.8	43.57
43.1	43.58
43.1	43.59
43.1	43.60
43.1	43.61
43.1	43.62
43.1	43.63
43.1	43.64
44.7	44.1
44.7	44.2
44.7	44.3
44.7	44.4
44.1	44.5
44.6	44.6
44.6	44.7
44.4	44.8
44.1	44.9
44.7	44.10
44.7	44.11
44.7	44.12
44.7	44.13
44.1	44.14
44.7	44.15
44.7	44.16
44.3	44.17
44.7	44.18
44.7	44.19
44.6	44.20
44.7	44.21
44.7	44.22
44.6	44.23
44.6	44.24
44.6	44.25
44.7	44.26
44.7	44.27
44.7	44.28
44.6	44.29
44.6	44.30
44.1	44.31
44.1	44.32
44.6	44.33
44.7	44.34
44.7	44.35
44.7	44.36
44.7	44.37
44.7	44.38
44.7	44.39
44.1	44.40
44.7	44.41
44.7	44.42
44.7	44.43
44.7	44.44
44.7	44.45
44.2	44.46
44.6	44.47
44.6	44.48
44.1	44.49
44.5	44.50
44.5	44.51
44.7	44.52
44.5	44.53
44.7	44.54
44.5	44.55
44.1	44.56
44.1	44.57
44.5	44.58
44.1	44.59
44.7	44.60
44.1	44.61
44.7	44.62
44.1	44.63
44.1	44.64
45.1	45.1
45.9	45.2
45.5	45.3
45.9	45.4
45.9	45.5
45.9	45.6
45.1	45.7
45.1	45.8
45.6	45.9
45.9	45.10
45.9	45.11
45.5	45.12
45.9	45.13
45.1	45.14
45.9	45.15
45.9	45.16
45.5	45.17
45.9	45.18
45.9	45.19
45.5	45.20
45.1	45.21
45.4	45.22
45.9	45.23
45.9	45.24
45.9	45.25
45.7	45.26
45.9	45.27
45.9	45.28
45.1	45.29
45.9	45.30
45.9	45.31
45.1	45.32
45.6	45.33
45.1	45.34
45.3	45.35
45.9	45.36
45.5	45.37
45.9	45.38
45.8	45.39
45.8	45.40
45.1	45.41
45.9	45.42
45.1	45.43
45.9	45.44
45.9	45.45
45.9	45.46
45.9	45.47
45.8	45.48
45.9	45.49
45.1	45.50
45.9	45.51
45.1	45.52
45.1	45.53
45.9	45.54
45.9	45.55
45.2	45.56
45.1	45.57
45.1	45.58
45.9	45.59
45.1	45.60
45.1	45.61
45.1	45.62
45.8	45.63
45.9	45.64
46.1	46.1
46.1	46.2
46.4	46.3
46.1	46.4
46.1	46.5
46.1	46.6
46.1	46.7
46.1	46.8
46.1	46.9
46.1	46.10
46.6	46.11
46.6	46.12
46.1	46.13
46.1	46.14
46.1	46.15
46.1	46.16
46.6	46.17
46.6	46.18
46.1	46.19
46.6	46.20
46.6	46.21
46.1	46.22
46.1	46.23
46.6	46.24
46.6	46.25
46.5	46.26
46.1	46.27
46.1	46.28
46.1	46.29
46.1	46.30
46.1	46.31
46.1	46.32
46.1	46.33
46.6	46.34
46.1	46.35
46.1	46.36
46.1	46.37
46.6	46.38
46.1	46.39
46.1	46.40
46.6	46.41
46.2	46.42
46.5	46.43
46.1	46.44
46.1	46.45
46.4	46.46
46.1	46.47
46.1	46.48
46.6	46.49
46.1	46.50
46.5	46.51
46.6	46.52
46.1	46.53
46.3	46.54
46.6	46.55
46.1	46.56
46.6	46.57
46.1	46.58
46.4	46.59
46.1	46.60
46.4	46.61
46.1	46.62
46.1	46.63
46.1	46.64
47.11	47.1
47.6	47.2
47.1	47.3
47.10	47.4
47.7	47.5
47.1	47.6
47.1	47.7
47.7	47.8
47.8	47.9
47.10	47.10
47.11	47.11
47.6	47.12
47.11	47.13
47.11	47.14
47.7	47.15
47.7	47.16
47.6	47.17
47.7	47.18
47.11	47.19
47.10	47.20
47.1	47.21
47.11	47.22
47.7	47.23
47.9	47.24
47.11	47.25
47.10	47.26
47.7	47.27
47.11	47.28
47.7	47.29
47.7	47.30
47.11	47.31
47.7	47.32
47.1	47.33
47.10	47.34
47.7	47.35
47.4	47.36
47.1	47.37
47.11	47.38
47.7	47.39
47.11	47.40
47.11	47.41
47.7	47.42
47.5	47.43
47.7	47.44
47.11	47.45
47.7	47.46
47.7	47.47
47.11	47.48
47.1	47.49
47.11	47.50
47.11	47.51
47.2	47.52
47.7	47.53
47.6	47.54
47.5	47.55
47.7	47.56
47.7	47.57
47.6	47.58
47.7	47.59
47.3	47.60
47.8	47.61
47.11	47.62
47.1	47.63
47.11	47.64
48.7	48.1
48.4	48.2
48.6	48.3
48.7	48.4
48.4	48.5
48.6	48.6
48.4	48.7
48.4	48.8
48.1	48.9
48.6	48.10
48.5	48.11
48.7	48.12
48.7	48.13
48.1	48.14
48.4	48.15
48.4	48.16
48.6	48.17
48.5	48.18
48.4	48.19
48.6	48.20
48.4	48.21
48.6	48.22
48.6	48.23
48.1	48.24
48.6	48.25
48.1	48.26
48.6	48.27
48.4	48.28
48.4	48.29
48.2	48.30
48.6	48.31
48.4	48.32
48.1	48.33
48.7	48.34
48.4	48.35
48.4	48.36
48.1	48.37
48.1	48.38
48.4	48.39
48.6	48.40
48.6	48.41
48.7	48.42
48.4	48.43
48.4	48.44
48.7	48.45
48.1	48.46
48.6	48.47
48.1	48.48
48.1	48.49
48.3	48.50
48.4	48.51
48.6	48.52
48.4	48.53
48.6	48.54
48.7	48.55
48.7	48.56
48.4	48.57
48.7	48.58
48.7	48.59
48.4	48.60
48.7	48.61
48.7	48.62
48.4	48.63
48.6	48.64
49.9	49.1
49.1	49.2
49.8	49.3
49.8	49.4
49.5	49.5
49.8	49.6
49.9	49.7
49.8	49.8
49.6	49.9
49.6	49.10
49.2	49.11
49.1	49.12
49.8	49.13
49.5	49.14
49.6	49.15
49.10	49.16
49.9	49.17
49.4	49.18
49.6	49.19
49.8	49.20
49.9	49.21
49.10	49.22
49.1	49.23
49.8	49.24
49.1	49.25
49.6	49.26
49.1	49.27
49.1	49.28
49.9	49.29
49.9	49.30
49.1	49.31
49.1	49.32
49.10	49.33
49.1	49.34
49.1	49.35
49.9	49.36
49.1	49.37
49.9	49.38
49.1	49.39
49.6	49.40
49.4	49.41
49.6	49.42
49.9	49.43
49.8	49.44
49.1	49.45
49.10	49.46
49.8	49.47
49.8	49.48
49.9	49.49
49.1	49.50
49.3	49.51
49.8	49.52
49.1	49.53
49.4	49.54
49.1	49.55
49.8	49.56
49.5	49.57
49.6	49.58
49.1	49.59
49.1	49.60
49.8	49.61
49.5	49.62
49.4	49.63
49.7	49.64
50.3	50.1
50.3	50.2
50.6	50.3
50.3	50.4
50.3	50.5
50.3	50.6
50.3	50.7
50.3	50.8
50.3	50.9
50.3	50.10
50.6	50.11
50.3	50.12
50.3	50.13
50.3	50.14
50.3	50.15
50.6	50.16
50.6	50.17
50.3	50.18
50.3	50.19
50.6	50.20
50.3	50.21
50.6	50.22
50.6	50.23
50.3	50.24
50.3	50.25
50.6	50.26
50.6	50.27
50.3	50.28
50.3	50.29
50.4	50.30
50.3	50.31
50.3	50.32
50.6	50.33
50.6	50.34
50.3	50.35
50.3	50.36
50.3	50.37
50.3	50.38
50.5	50.39
50.3	50.40
50.3	50.41
50.1	50.42
50.6	50.43
50.6	50.44
50.3	50.45
50.3	50.46
50.3	50.47
50.1	50.48
50.6	50.49
50.3	50.50
50.1	50.51
50.3	50.52
50.6	50.53
50.3	50.54
50.3	50.55
50.3	50.56
50.6	50.57
50.2	50.58
50.3	50.59
50.7	50.60
50.1	50.61
50.3	50.62
50.3	50.63
50.3	50.64
51.5	51.1
51.1	51.2
51.6	51.3
51.4	51.4
51.5	51.5
51.6	51.6
51.6	51.7
51.5	51.8
51.1	51.9
51.1	51.10
51.1	51.11
51.4	51.12
51.6	51.13
51.5	51.14
51.5	51.15
51.6	51.16
51.1	51.17
51.1	51.18
51.6	51.19
51.1	51.20
51.3	51.21
51.6	51.22
51.4	51.23
51.6	51.24
51.4	51.25
51.6	51.26
51.1	51.27
51.3	51.28
51.5	51.29
51.4	51.30
51.6	51.31
51.6	51.32
51.1	51.33
51.2	51.34
51.6	51.35
51.6	51.36
51.5	51.37
51.6	51.38
51.6	51.39
51.6	51.40
51.6	51.41
51.6	51.42
51.4	51.43
51.1	51.44
51.4	51.45
51.1	51.46
51.5	51.47
51.6	51.48
51.1	51.49
51.1	51.50
51.5	51.51
51.4	51.52
51.1	51.53
51.6	51.54
51.6	51.55
51.1	51.56
51.1	51.57
51.4	51.58
51.6	51.59
51.1	51.60
51.1	51.61
51.1	51.62
51.5	51.63
51.4	51.64
52.7	52.1
52.7	52.2
52.1	52.3
52.1	52.4
52.1	52.5
52.1	52.6
52.6	52.7
52.7	52.8
52.7	52.9
52.5	52.10
52.8	52.11
52.7	52.12
52.1	52.13
52.7	52.14
52.1	52.15
52.1	52.16
52.7	52.17
52.1	52.18
52.1	52.19
52.7	52.20
52.8	52.21
52.7	52.22
52.5	52.23
52.1	52.24
52.1	52.25
52.7	52.26
52.7	52.27
52.1	52.28
52.7	52.29
52.1	52.30
52.1	52.31
52.6	52.32
52.8	52.33
52.1	52.34
52.1	52.35
52.8	52.36
52.1	52.37
52.6	52.38
52.1	52.39
52.1	52.40
52.7	52.41
52.6	52.42
52.7	52.43
52.1	52.44
52.1	52.45
52.1	52.46
52.3	52.47
52.1	52.48
52.1	52.49
52.7	52.50
52.6	52.51
52.7	52.52
52.2	52.53
52.4	52.54
52.7	52.55
52.1	52.56
52.9	52.57
52.5	52.58
52.1	52.59
52.8	52.60
52.8	52.61
52.6	52.62
52.7	52.63
52.1	52.64
53.1	53.1
53.8	53.2
53.8	53.3
53.8	53.4
53.1	53.5
53.8	53.6
53.4	53.7
53.7	53.8
53.8	53.9
53.9	53.10
53.8	53.11
53.4	53.12
53.4	53.13
53.4	53.14
53.7	53.15
53.8	53.16
53.1	53.17
53.7	53.18
53.4	53.19
53.1	53.20
53.8	53.21
53.8	53.22
53.8	53.23
53.6	53.24
53.4	53.25
53.1	53.26
53.1	53.27
53.7	53.28
53.4	53.29
53.9	53.30
53.3	53.31
53.8	53.32
53.7	53.33
53.8	53.34
53.4	53.35
53.9	53.36
53.8	53.37
53.9	53.38
53.3	53.39
53.1	53.40
53.4	53.41
53.8	53.42
53.5	53.43
53.8	53.44
53.7	53.45
53.1	53.46
53.8	53.47
53.4	53.48
53.8	53.49
53.9	53.50
53.1	53.51
53.2	53.52
53.9	53.53
53.9	53.54
53.1	53.55
53.8	53.56
53.4	53.57
53.1	53.58
53.1	53.59
53.8	53.60
53.1	53.61
53.8	53.62
53.9	53.63
53.4	53.64
54.2	54.1
54.2	54.2
54.2	54.3
54.2	54.4
54.2	54.5
54.6	54.6
54.2	54.7
54.2	54.8
54.2	54.9
54.2	54.10
54.6	54.11
54.2	54.12
54.4	54.13
54.4	54.14
54.2	54.15
54.2	54.16
54.2	54.17
54.6	54.18
54.2	54.19
54.6	54.20
54.2	54.21
54.6	54.22
54.2	54.23
54.3	54.24
54.5	54.25
54.5	54.26
54.6	54.27
54.2	54.28
54.2	54.29
54.2	54.30
54.2	54.31
54.6	54.32
54.6	54.33
54.6	54.34
54.2	54.35
54.4	54.36
54.6	54.37
54.2	54.38
54.6	54.39
54.2	54.40
54.4	54.41
54.2	54.42
54.4	54.43
54.1	54.44
54.4	54.45
54.6	54.46
54.6	54.47
54.5	54.48
54.2	54.49
54.6	54.50
54.2	54.51
54.6	54.52
54.2	54.53
54.4	54.54
54.2	54.55
54.2	54.56
54.6	54.57
54.2	54.58
54.5	54.59
54.5	54.60
54.2	54.61
54.2	54.62
54.6	54.63
54.2	54.64
55.1	55.1
55.4	55.2
55.5	55.3
55.4	55.4
55.1	55.5
55.5	55.6
55.1	55.7
55.1	55.8
55.3	55.9
55.1	55.10
55.4	55.11
55.5	55.12
55.4	55.13
55.1	55.14
55.1	55.15
55.1	55.16
55.5	55.17
55.1	55.18
55.4	55.19
55.3	55.20
55.1	55.21
55.4	55.22
55.2	55.23
55.1	55.24
55.1	55.25
55.4	55.26
55.1	55.27
55.4	55.28
55.1	55.29
55.5	55.30
55.5	55.31
55.4	55.32
55.1	55.33
55.1	55.34
55.1	55.35
55.4	55.36
55.4	55.37
55.3	55.38
55.4	55.39
55.4	55.40
55.5	55.41
55.1	55.42
55.1	55.43
55.1	55.44
55.1	55.45
55.1	55.46
55.4	55.47
55.4	55.48
55.5	55.49
55.1	55.50
55.4	55.51
55.1	55.52
55.4	55.53
55.4	55.54
55.4	55.55
55.1	55.56
55.1	55.57
55.4	55.58
55.4	55.59
55.4	55.60
55.4	55.61
55.4	55.62
55.1	55.63
55.1	55.64
56.6	56.1
56.6	56.2
56.6	56.3
56.8	56.4
56.3	56.5
56.2	56.6
56.1	56.7
56.8	56.8
56.8	56.9
56.6	56.10
56.8	56.11
56.6	56.12
56.8	56.13
56.8	56.14
56.7	56.15
56.8	56.16
56.6	56.17
56.8	56.18
56.5	56.19
56.8	56.20
56.8	56.21
56.3	56.22
56.8	56.23
56.8	56.24
56.8	56.25
56.8	56.26
56.6	56.27
56.8	56.28
56.6	56.29
56.6	56.30
56.3	56.31
56.5	56.32
56.6	56.33
56.6	56.34
56.6	56.35
56.8	56.36
56.1	56.37
56.7	56.38
56.6	56.39
56.8	56.40
56.5	56.41
56.8	56.42
56.6	56.43
56.6	56.44
56.8	56.45
56.8	56.46
56.6	56.47
56.8	56.48
56.5	56.49
56.6	56.50
56.6	56.51
56.8	56.52
56.3	56.53
56.7	56.54
56.3	56.55
56.8	56.56
56.6	56.57
56.4	56.58
56.4	56.59
56.5	56.60
56.8	56.61
56.6	56.62
56.6	56.63
56.8	56.64
57.7	57.1
57.7	57.2
57.7	57.3
57.5	57.4
57.5	57.5
57.7	57.6
57.7	57.7
57.7	57.8
57.7	57.9
57.7	57.10
57.7	57.11
57.7	57.12
57.7	57.13
57.7	57.14
57.5	57.15
57.7	57.16
57.5	57.17
57.7	57.18
57.7	57.19
57.5	57.20
57.7	57.21
57.4	57.22
57.7	57.23
57.7	57.24
57.7	57.25
57.5	57.26
57.7	57.27
57.5	57.28
57.2	57.29
57.7	57.30
57.5	57.31
57.7	57.32
57.7	57.33
57.7	57.34
57.5	57.35
57.5	57.36
57.3	57.37
57.7	57.38
57.7	57.39
57.5	57.40
57.5	57.41
57.1	57.42
57.7	57.43
57.7	57.44
57.7	57.45
57.7	57.46
57.1	57.47
57.7	57.48
57.1	57.49
57.7	57.50
57.7	57.51
57.1	57.52
57.5	57.53
57.5	57.54
57.7	57.55
57.7	57.56
57.6	57.57
57.1	57.58
57.5	57.59
57.5	57.60
57.8	57.61
57.7	57.62
57.7	57.63
57.1	57.64
58.8	58.1
58.8	58.2
58.3	58.3
58.8	58.4
58.6	58.5
58.8	58.6
58.6	58.7
58.6	58.8
58.8	58.9
58.6	58.10
58.8	58.11
58.6	58.12
58.6	58.13
58.1	58.14
58.8	58.15
58.7	58.16
58.6	58.17
58.6	58.18
58.4	58.19
58.1	58.20
58.6	58.21
58.1	58.22
58.6	58.23
58.8	58.24
58.3	58.25
58.3	58.26
58.6	58.27
58.6	58.28
58.6	58.29
58.8	58.30
58.3	58.31
58.6	58.32
58.6	58.33
58.8	58.34
58.8	58.35
58.3	58.36
58.8	58.37
58.3	58.38
58.3	58.39
58.6	58.40
58.8	58.41
58.6	58.42
58.4	58.43
58.1	58.44
58.6	58.45
58.1	58.46
58.6	58.47
58.8	58.48
58.7	58.49
58.8	58.50
58.1	58.51
58.7	58.52
58.6	58.53
58.5	58.54
58.8	58.55
58.8	58.56
58.6	58.57
58.6	58.58
58.3	58.59
58.7	58.60
58.3	58.61
58.6	58.62
58.6	58.63
58.2	58.64
59.1	59.1
59.1	59.2
59.4	59.3
59.1	59.4
59.5	59.5
59.1	59.6
59.5	59.7
59.1	59.8
59.1	59.9
59.5	59.10
59.1	59.11
59.1	59.12
59.5	59.13
59.1	59.14
59.1	59.15
59.5	59.16
59.4	59.17
59.1	59.18
59.1	59.19
59.4	59.20
59.1	59.21
59.1	59.22
59.1	59.23
59.3	59.24
59.1	59.25
59.1	59.26
59.1	59.27
59.5	59.28
59.1	59.29
59.1	59.30
59.1	59.31
59.3	59.32
59.1	59.33
59.6	59.34
59.5	59.35
59.5	59.36
59.3	59.37
59.3	59.38
59.1	59.39
59.1	59.40
59.4	59.41
59.5	59.42
59.5	59.43
59.1	59.44
59.1	59.45
59.1	59.46
59.5	59.47
59.1	59.48
59.5	59.49
59.1	59.50
59.1	59.51
59.1	59.52
59.4	59.53
59.1	59.54
59.1	59.55
59.1	59.56
59.5	59.57
59.3	59.58
59.1	59.59
59.4	59.60
59.4	59.61
59.1	59.62
59.2	59.63
59.1	59.64
60.9	60.1
60.9	60.2
60.9	60.3
60.9	60.4
60.1	60.5
60.9	60.6
60.11	60.7
60.1	60.8
60.1	60.9
60.1	60.10
60.9	60.11
60.9	60.12
60.1	60.13
60.1	60.14
60.9	60.15
60.1	60.16
60.3	60.17
60.9	60.18
60.8	60.19
60.1	60.20
60.9	60.21
60.9	60.22
60.9	60.23
60.1	60.24
60.1	60.25
60.1	60.26
60.1	60.27
60.11	60.28
60.1	60.29
60.10	60.30
60.1	60.31
60.11	60.32
60.4	60.33
60.1	60.34
60.9	60.35
60.2	60.36
60.6	60.37
60.9	60.38
60.4	60.39
60.4	60.40
60.9	60.41
60.12	60.42
60.1	60.43
60.1	60.44
60.10	60.45
60.9	60.46
60.1	60.47
60.9	60.48
60.12	60.49
60.1	60.50
60.9	60.51
60.9	60.52
60.7	60.53
60.9	60.54
60.9	60.55
60.1	60.56
60.1	60.57
60.5	60.58
60.7	60.59
60.9	60.60
60.8	60.61
60.8	60.62
60.8	60.63
60.11	60.64
61.7	61.1
61.6	61.2
61.8	61.3
61.7	61.4
61.6	61.5
61.8	61.6
61.1	61.7
61.1	61.8
61.8	61.9
61.4	61.10
61.7	61.11
61.6	61.12
61.7	61.13
61.6	61.14
61.7	61.15
61.8	61.16
61.8	61.17
61.1	61.18
61.1	61.19
61.6	61.20
61.8	61.21
61.6	61.22
61.1	61.23
61.3	61.24
61.6	61.25
61.6	61.26
61.7	61.27
61.8	61.28
61.5	61.29
61.4	61.30
61.1	61.31
61.1	61.32
61.1	61.33
61.7	61.34
61.4	61.35
61.1	61.36
61.7	61.37
61.6	61.38
61.1	61.39
61.1	61.40
61.1	61.41
61.7	61.42
61.2	61.43
61.5	61.44
61.1	61.45
61.6	61.46
61.7	61.47
61.5	61.48
61.7	61.49
61.8	61.50
61.6	61.51
61.1	61.52
61.6	61.53
61.1	61.54
61.1	61.55
61.7	61.56
61.7	61.57
61.7	61.58
61.7	61.59
61.7	61.60
61.1	61.61
61.1	61.62
61.7	61.63
61.4	61.64
62.5	62.1
62.5	62.2
62.5	62.3
62.5	62.4
62.9	62.5
62.5	62.6
62.8	62.7
62.9	62.8
62.9	62.9
62.5	62.10
62.5	62.11
62.5	62.12
62.3	62.13
62.9	62.14
62.9	62.15
62.1	62.16
62.5	62.17
62.5	62.18
62.9	62.19
62.5	62.20
62.9	62.21
62.5	62.22
62.2	62.23
62.7	62.24
62.1	62.25
62.9	62.26
62.5	62.27
62.9	62.28
62.9	62.29
62.9	62.30
62.6	62.31
62.1	62.32
62.9	62.33
62.9	62.34
62.1	62.35
62.4	62.36
62.5	62.37
62.4	62.38
62.5	62.39
62.9	62.40
62.5	62.41
62.9	62.42
62.1	62.43
62.8	62.44
62.9	62.45
62.5	62.46
62.5	62.47
62.7	62.48
62.7	62.49
62.5	62.50
62.9	62.51
62.9	62.52
62.6	62.53
62.1	62.54
62.5	62.55
62.7	62.56
62.5	62.57
62.1	62.58
62.1	62.59
62.5	62.60
62.9	62.61
62.1	62.62
62.5	62.63
62.1	62.64
63.7	63.1
63.7	63.2
63.1	63.3
63.1	63.4
63.1	63.5
63.1	63.6
63.1	63.7
63.7	63.8
63.7	63.9
63.1	63.10
63.1	63.11
63.7	63.12
63.1	63.13
63.7	63.14
63.1	63.15
63.1	63.16
63.1	63.17
63.7	63.18
63.7	63.19
63.5	63.20
63.7	63.21
63.7	63.22
63.7	63.23
63.5	63.24
63.1	63.25
63.5	63.26
63.1	63.27
63.1	63.28
63.1	63.29
63.1	63.30
63.1	63.31
63.7	63.32
63.1	63.33
63.7	63.34
63.7	63.35
63.1	63.36
63.5	63.37
63.1	63.38
63.1	63.39
63.1	63.40
63.1	63.41
63.1	63.42
63.2	63.43
63.4	63.44
63.5	63.45
63.5	63.46
63.1	63.47
63.5	63.48
63.5	63.49
63.1	63.50
63.3	63.51
63.6	63.52
63.7	63.53
63.1	63.54
63.1	63.55
63.7	63.56
63.7	63.57
63.7	63.58
63.1	63.59
63.7	63.60
63.1	63.61
63.1	63.62
63.1	63.63
63.7	63.64
64.5	64.1
64.6	64.2
64.10	64.3
64.12	64.4
64.9	64.5
64.7	64.6
64.10	64.7
64.10	64.8
64.8	64.9
64.10	64.10
64.7	64.11
64.8	64.12
64.1	64.13
64.1	64.14
64.10	64.15
64.10	64.16
64.10	64.17
64.10	64.18
64.10	64.19
64.10	64.20
64.10	64.21
64.10	64.22
64.10	64.23
64.1	64.24
64.12	64.25
64.6	64.26
64.12	64.27
64.12	64.28
64.3	64.29
64.10	64.30
64.8	64.31
64.12	64.32
64.10	64.33
64.1	64.34
64.12	64.35
64.12	64.36
64.8	64.37
64.10	64.38
64.2	64.39
64.10	64.40
64.1	64.41
64.1	64.42
64.1	64.43
64.10	64.44
64.1	64.45
64.10	64.46
64.4	64.47
64.8	64.48
64.10	64.49
64.11	64.50
64.9	64.51
64.10	64.52
64.1	64.53
64.1	64.54
64.10	64.55
64.9	64.56
64.10	64.57
64.10	64.58
64.10	64.59
64.10	64.60
64.9	64.61
64.1	64.62
64.10	64.63
64.7	64.64
65.1	65.1
65.5	65.2
65.4	65.3
65.5	65.4
65.1	65.5
65.1	65.6
65.1	65.7
65.5	65.8
65.5	65.9
65.5	65.10
65.5	65.11
65.1	65.12
65.5	65.13
65.5	65.14
65.6	65.15
65.5	65.16
65.7	65.17
65.7	65.18
65.5	65.19
65.1	65.20
65.7	65.21
65.5	65.22
65.1	65.23
65.1	65.24
65.5	65.25
65.1	65.26
65.5	65.27
65.6	65.28
65.2	65.29
65.1	65.30
65.7	65.31
65.1	65.32
65.6	65.33
65.5	65.34
65.7	65.35
65.5	65.36
65.6	65.37
65.5	65.38
65.5	65.39
65.5	65.40
65.5	65.41
65.5	65.42
65.1	65.43
65.5	65.44
65.1	65.45
65.1	65.46
65.1	65.47
65.5	65.48
65.5	65.49
65.1	65.50
65.6	65.51
65.5	65.52
65.1	65.53
65.5	65.54
65.5	65.55
65.3	65.56
65.1	65.57
65.1	65.58
65.5	65.59
65.5	65.60
65.5	65.61
65.5	65.62
65.1	65.63
65.1	65.64
66.9	66.1
66.6	66.2
66.1	66.3
66.1	66.4
66.1	66.5
66.6	66.6
66.1	66.7
66.9	66.8
66.6	66.9
66.1	66.10
66.6	66.11
66.9	66.12
66.3	66.13
66.6	66.14
66.6	66.15
66.1	66.16
66.1	66.17
66.1	66.18
66.8	66.19
66.1	66.20
66.1	66.21
66.6	66.22
66.8	66.23
66.5	66.24
66.1	66.25
66.1	66.26
66.9	66.27
66.1	66.28
66.6	66.29
66.6	66.30
66.8	66.31
66.6	66.32
66.8	66.33
66.8	66.34
66.8	66.35
66.7	66.36
66.8	66.37
66.8	66.38
66.6	66.39
66.1	66.40
66.6	66.41
66.1	66.42
66.6	66.43
66.8	66.44
66.5	66.45
66.6	66.46
66.8	66.47
66.1	66.48
66.5	66.49
66.8	66.50
66.5	66.51
66.8	66.52
66.5	66.53
66.4	66.54
66.8	66.55
66.5	66.56
66.6	66.57
66.5	66.58
66.8	66.59
66.4	66.60
66.8	66.61
66.1	66.62
66.2	66.63
66.8	66.64
67.1	67.1
67.4	67.2
67.4	67.3
67.4	67.4
67.1	67.5
67.4	67.6
67.4	67.7
67.4	67.8
67.1	67.9
67.4	67.10
67.1	67.11
67.4	67.12
67.4	67.13
67.5	67.14
67.4	67.15
67.1	67.16
67.1	67.17
67.4	67.18
67.4	67.19
67.1	67.20
67.4	67.21
67.1	67.22
67.5	67.23
67.5	67.24
67.1	67.25
67.4	67.26
67.4	67.27
67.4	67.28
67.4	67.29
67.4	67.30
67.2	67.31
67.4	67.32
67.1	67.33
67.4	67.34
67.4	67.35
67.1	67.36
67.4	67.37
67.4	67.38
67.4	67.39
67.1	67.40
67.4	67.41
67.4	67.42
67.1	67.43
67.1	67.44
67.3	67.45
67.4	67.46
67.4	67.47
67.4	67.48
67.1	67.49
67.1	67.50
67.4	67.51
67.1	67.52
67.1	67.53
67.4	67.54
67.4	67.55
67.4	67.56
67.4	67.57
67.4	67.58
67.1	67.59
67.1	67.60
67.1	67.61
67.1	67.62
67.1	67.63
67.1	67.64
68.4	68.1
68.4	68.2
68.6	68.3
68.4	68.4
68.4	68.5
68.1	68.6
68.4	68.7
68.6	68.8
68.5	68.9
68.6	68.10
68.4	68.11
68.5	68.12
68.6	68.13
68.4	68.14
68.4	68.15
68.1	68.16
68.6	68.17
68.6	68.18
68.6	68.19
68.1	68.20
68.6	68.21
68.1	68.22
68.4	68.23
68.1	68.24
68.4	68.25
68.4	68.26
68.6	68.27
68.5	68.28
68.5	68.29
68.4	68.30
68.4	68.31
68.4	68.32
68.5	68.33
68.4	68.34
68.4	68.35
68.5	68.36
68.3	68.37
68.4	68.38
68.4	68.39
68.4	68.40
68.4	68.41
68.6	68.42
68.6	68.43
68.6	68.44
68.1	68.45
68.5	68.46
68.1	68.47
68.6	68.48
68.6	68.49
68.6	68.50
68.2	68.51
68.4	68.52
68.4	68.53
68.6	68.54
68.4	68.55
68.6	68.56
68.6	68.57
68.1	68.58
68.6	68.59
68.4	68.60
68.4	68.61
68.6	68.62
68.6	68.63
68.6	68.64
69.10	69.1
69.8	69.2
69.10	69.3
69.9	69.4
69.9	69.5
69.6	69.6
69.7	69.7
69.4	69.8
69.9	69.9
69.9	69.10
69.1	69.11
69.1	69.12
69.8	69.13
69.1	69.14
69.2	69.15
69.5	69.16
69.7	69.17
69.10	69.18
69.7	69.19
69.10	69.20
69.8	69.21
69.5	69.22
69.7	69.23
69.8	69.24
69.8	69.25
69.7	69.26
69.8	69.27
69.5	69.28
69.10	69.29
69.6	69.30
69.9	69.31
69.5	69.32
69.9	69.33
69.8	69.34
69.9	69.35
69.8	69.36
69.8	69.37
69.5	69.38
69.9	69.39
69.1	69.40
69.9	69.41
69.1	69.42
69.4	69.43
69.7	69.44
69.6	69.45
69.1	69.46
69.9	69.47
69.9	69.48
69.9	69.49
69.8	69.50
69.9	69.51
69.8	69.52
69.10	69.53
69.1	69.54
69.5	69.55
69.7	69.56
69.8	69.57
69.9	69.58
69.10	69.59
69.3	69.60
69.10	69.61
69.10	69.62
69.5	69.63
69.9	69.64
70.8	70.1
70.1	70.2
70.1	70.3
70.1	70.4
70.1	70.5
70.3	70.6
70.9	70.7
70.8	70.8
70.1	70.9
70.1	70.10
70.1	70.11
70.8	70.12
70.1	70.13
70.7	70.14
70.8	70.15
70.7	70.16
70.8	70.17
70.8	70.18
70.8	70.19
70.1	70.20
70.1	70.21
70.1	70.22
70.1	70.23
70.8	70.24
70.6	70.25
70.6	70.26
70.8	70.27
70.1	70.28
70.8	70.29
70.1	70.30
70.8	70.31
70.4	70.32
70.2	70.33
70.5	70.34
70.1	70.35
70.1	70.36
70.1	70.37
70.1	70.38
70.1	70.39
70.8	70.40
70.1	70.41
70.1	70.42
70.7	70.43
70.7	70.44
70.6	70.45
70.1	70.46
70.1	70.47
70.8	70.48
70.8	70.49
70.8	70.50
70.8	70.51
70.8	70.52
70.6	70.53
70.9	70.54
70.8	70.55
70.10	70.56
70.7	70.57
70.8	70.58
70.1	70.59
70.8	70.60
70.1	70.61
70.8	70.62
70.1	70.63
70.1	70.64
71.6	71.1
71.4	71.2
71.1	71.3
71.1	71.4
71.4	71.5
71.4	71.6
71.1	71.7
71.4	71.8
71.1	71.9
71.4	71.10
71.1	71.11
71.4	71.12
71.4	71.13
71.1	71.14
71.4	71.15
71.4	71.16
71.1	71.17
71.1	71.18
71.4	71.19
71.4	71.20
71.4	71.21
71.6	71.22
71.1	71.23
71.4	71.24
71.6	71.25
71.5	71.26
71.5	71.27
71.4	71.28
71.4	71.29
71.4	71.30
71.1	71.31
71.4	71.32
71.6	71.33
71.5	71.34
71.4	71.35
71.2	71.36
71.1	71.37
71.1	71.38
71.1	71.39
71.5	71.40
71.5	71.41
71.5	71.42
71.1	71.43
71.3	71.44
71.1	71.45
71.4	71.46
71.4	71.47
71.1	71.48
71.5	71.49
71.5	71.50
71.1	71.51
71.5	71.52
71.5	71.53
71.1	71.54
71.1	71.55
71.4	71.56
71.5	71.57
71.6	71.58
71.5	71.59
71.3	71.60
71.1	71.61
71.1	71.62
71.4	71.63
71.1	71.64
72.7	72.1
72.3	72.2
72.7	72.3
72.7	72.4
72.1	72.5
72.1	72.6
72.7	72.7
72.7	72.8
72.1	72.9
72.1	72.10
72.1	72.11
72.2	72.12
72.1	72.13
72.5	72.14
72.1	72.15
72.1	72.16
72.7	72.17
72.4	72.18
72.7	72.19
72.1	72.20
72.1	72.21
72.1	72.22
72.1	72.23
72.1	72.24
72.1	72.25
72.1	72.26
72.1	72.27
72.5	72.28
72.7	72.29
72.4	72.30
72.1	72.31
72.1	72.32
72.7	72.33
72.1	72.34
72.1	72.35
72.7	72.36
72.7	72.37
72.7	72.38
72.1	72.39
72.1	72.40
72.5	72.41
72.1	72.42
72.1	72.43
72.7	72.44
72.7	72.45
72.1	72.46
72.1	72.47
72.5	72.48
72.5	72.49
72.6	72.50
72.7	72.51
72.7	72.52
72.7	72.53
72.1	72.54
72.1	72.55
72.3	72.56
72.7	72.57
72.1	72.58
72.7	72.59
72.3	72.60
72.7	72.61
72.1	72.62
72.3	72.63
72.7	72.64
73.10	73.1
73.5	73.2
73.1	73.3
73.7	73.4
73.2	73.5
73.1	73.6
73.5	73.7
73.1	73.8
73.1	73.9
73.7	73.10
73.5	73.11
73.5	73.12
73.4	73.13
73.7	73.14
73.7	73.15
73.1	73.16
73.7	73.17
73.1	73.18
73.5	73.19
73.1	73.20
73.1	73.21
73.5	73.22
73.5	73.23
73.8	73.24
73.10	73.25
73.7	73.26
73.1	73.27
73.3	73.28
73.9	73.29
73.7	73.30
73.4	73.31
73.10	73.32
73.1	73.33
73.7	73.34
73.10	73.35
73.1	73.36
73.9	73.37
73.1	73.38
73.9	73.39
73.5	73.40
73.7	73.41
73.7	73.42
73.5	73.43
73.8	73.44
73.7	73.45
73.4	73.46
73.5	73.47
73.8	73.48
73.10	73.49
73.5	73.50
73.7	73.51
73.7	73.52
73.1	73.53
73.9	73.54
73.9	73.55
73.8	73.56
73.10	73.57
73.1	73.58
73.4	73.59
73.10	73.60
73.10	73.61
73.1	73.62
73.6	73.63
73.5	73.64
74.7	74.1
74.4	74.2
74.7	74.3
74.1	74.4
74.7	74.5
74.4	74.6
74.1	74.7
74.5	74.8
74.7	74.9
74.4	74.10
74.7	74.11
74.7	74.12
74.7	74.13
74.7	74.14
74.7	74.15
74.4	74.16
74.7	74.17
74.7	74.18
74.4	74.19
74.7	74.20
74.4	74.21
74.1	74.22
74.4	74.23
74.7	74.24
74.4	74.25
74.1	74.26
74.1	74.27
74.4	74.28
74.7	74.29
74.7	74.30
74.7	74.31
74.4	74.32
74.7	74.33
74.4	74.34
74.4	74.35
74.7	74.36
74.1	74.37
74.4	74.38
74.4	74.39
74.4	74.40
74.5	74.41
74.4	74.42
74.7	74.43
74.7	74.44
74.7	74.45
74.1	74.46
74.4	74.47
74.4	74.48
74.5	74.49
74.3	74.50
74.8	74.51
74.1	74.52
74.7	74.53
74.4	74.54
74.1	74.55
74.1	74.56
74.4	74.57
74.7	74.58
74.4	74.59
74.2	74.60
74.4	74.61
74.1	74.62
74.4	74.63
74.6	74.64
75.10	75.1
75.8	75.2
75.8	75.3
75.1	75.4
75.8	75.5
75.1	75.6
75.10	75.7
75.8	75.8
75.8	75.9
75.8	75.10
75.1	75.11
75.1	75.12
75.1	75.13
75.8	75.14
75.1	75.15
75.10	75.16
75.3	75.17
75.1	75.18
75.8	75.19
75.2	75.20
75.10	75.21
75.1	75.22
75.1	75.23
75.4	75.24
75.7	75.25
75.10	75.26
75.10	75.27
75.1	75.28
75.7	75.29
75.10	75.30
75.8	75.31
75.1	75.32
75.1	75.33
75.8	75.34
75.1	75.35
75.1	75.36
75.8	75.37
75.8	75.38
75.11	75.39
75.1	75.40
75.8	75.41
75.1	75.42
75.8	75.43
75.9	75.44
75.5	75.45
75.5	75.46
75.11	75.47
75.8	75.48
75.8	75.49
75.10	75.50
75.9	75.51
75.12	75.52
75.8	75.53
75.8	75.54
75.8	75.55
75.9	75.56
75.6	75.57
75.8	75.58
75.1	75.59
75.10	75.60
75.3	75.61
75.10	75.62
75.12	75.63
75.8	75.64
76.5	76.1
76.5	76.2
76.5	76.3
76.1	76.4
76.1	76.5
76.5	76.6
76.5	76.7
76.5	76.8
76.1	76.9
76.4	76.10
76.1	76.11
76.1	76.12
76.5	76.13
76.5	76.14
76.5	76.15
76.5	76.16
76.4	76.17
76.5	76.18
76.5	76.19
76.5	76.20
76.6	76.21
76.5	76.22
76.5	76.23
76.5	76.24
76.5	76.25
76.5	76.26
76.5	76.27
76.5	76.28
76.1	76.29
76.5	76.30
76.5	76.31
76.5	76.32
76.1	76.33
76.1	76.34
76.1	76.35
76.4	76.36
76.1	76.37
76.5	76.38
76.1	76.39
76.5	76.40
76.5	76.41
76.1	76.42
76.5	76.43
76.4	76.44
76.1	76.45
76.5	76.46
76.1	76.47
76.5	76.48
76.5	76.49
76.4	76.50
76.1	76.51
76.4	76.52
76.5	76.53
76.4	76.54
76.2	76.55
76.5	76.56
76.5	76.57
76.5	76.58
76.1	76.59
76.1	76.60
76.5	76.61
76.3	76.62
76.4	76.63
76.1	76.64
77.1	77.1
77.6	77.2
77.1	77.3
77.1	77.4
77.1	77.5
77.1	77.6
77.1	77.7
77.1	77.8
77.1	77.9
77.6	77.10
77.1	77.11
77.6	77.12
77.1	77.13
77.1	77.14
77.1	77.15
77.1	77.16
77.2	77.17
77.1	77.18
77.1	77.19
77.1	77.20
77.6	77.21
77.1	77.22
77.6	77.23
77.1	77.24
77.1	77.25
77.6	77.26
77.9	77.27
77.1	77.28
77.8	77.29
77.6	77.30
77.1	77.31
77.1	77.32
77.6	77.33
77.4	77.34
77.9	77.35
77.1	77.36
77.1	77.37
77.6	77.38
77.9	77.39
77.9	77.40
77.6	77.41
77.1	77.42
77.1	77.43
77.1	77.44
77.7	77.45
77.6	77.46
77.5	77.47
77.5	77.48
77.1	77.49
77.1	77.50
77.6	77.51
77.6	77.52
77.8	77.53
77.3	77.54
77.1	77.55
77.1	77.56
77.9	77.57
77.1	77.58
77.1	77.59
77.1	77.60
77.1	77.61
77.1	77.62
77.1	77.63
77.6	77.64
78.7	78.1
78.6	78.2
78.9	78.3
78.12	78.4
78.1	78.5
78.6	78.6
78.1	78.7
78.2	78.8
78.5	78.9
78.1	78.10
78.11	78.11
78.6	78.12
78.7	78.13
78.12	78.14
78.9	78.15
78.1	78.16
78.1	78.17
78.7	78.18
78.9	78.19
78.5	78.20
78.5	78.21
78.9	78.22
78.1	78.23
78.9	78.24
78.12	78.25
78.5	78.26
78.1	78.27
78.9	78.28
78.9	78.29
78.9	78.30
78.1	78.31
78.9	78.32
78.12	78.33
78.9	78.34
78.1	78.35
78.9	78.36
78.8	78.37
78.12	78.38
78.1	78.39
78.6	78.40
78.1	78.41
78.1	78.42
78.4	78.43
78.9	78.44
78.1	78.45
78.1	78.46
78.3	78.47
78.9	78.48
78.1	78.49
78.6	78.50
78.6	78.51
78.9	78.52
78.7	78.53
78.12	78.54
78.9	78.55
78.7	78.56
78.9	78.57
78.1	78.58
78.12	78.59
78.10	78.60
78.1	78.61
78.12	78.62
78.9	78.63
78.1	78.64
79.3	79.1
79.3	79.2
79.3	79.3
79.1	79.4
79.1	79.5
79.1	79.6
79.1	79.7
79.1	79.8
79.1	79.9
79.1	79.10
79.1	79.11
79.3	79.12
79.1	79.13
79.4	79.14
79.6	79.15
79.1	79.16
79.3	79.17
79.6	79.18
79.1	79.19
79.6	79.20
79.1	79.21
79.1	79.22
79.1	79.23
79.1	79.24
79.1	79.25
79.3	79.26
79.3	79.27
79.3	79.28
79.1	79.29
79.6	79.30
79.1	79.31
79.1	79.32
79.8	79.33
79.8	79.34
79.6	79.35
79.7	79.36
79.3	79.37
79.2	79.38
79.3	79.39
79.1	79.40
79.1	79.41
79.8	79.42
79.3	79.43
79.3	79.44
79.3	79.45
79.6	79.46
79.1	79.47
79.6	79.48
79.3	79.49
79.5	79.50
79.1	79.51
79.1	79.52
79.1	79.53
79.1	79.54
79.1	79.55
79.1	79.56
79.8	79.57
79.3	79.58
79.6	79.59
79.1	79.60
79.1	79.61
79.6	79.62
79.1	79.63
79.1	79.64
80.6	80.1
80.6	80.2
80.7	80.3
80.6	80.4
80.6	80.5
80.1	80.6
80.6	80.7
80.2	80.8
80.1	80.9
80.1	80.10
80.1	80.11
80.6	80.12
80.1	80.13
80.1	80.14
80.7	80.15
80.6	80.16
80.6	80.17
80.8	80.18
80.6	80.19
80.6	80.20
80.5	80.21
80.1	80.22
80.6	80.23
80.8	80.24
80.1	80.25
80.1	80.26
80.6	80.27
80.1	80.28
80.6	80.29
80.6	80.30
80.8	80.31
80.7	80.32
80.6	80.33
80.1	80.34
80.6	80.35
80.6	80.36
80.6	80.37
80.1	80.38
80.6	80.39
80.6	80.40
80.1	80.41
80.6	80.42
80.6	80.43
80.7	80.44
80.1	80.45
80.1	80.46
80.8	80.47
80.6	80.48
80.1	80.49
80.5	80.50
80.6	80.51
80.1	80.52
80.6	80.53
80.4	80.54
80.6	80.55
80.6	80.56
80.6	80.57
80.6	80.58
80.8	80.59
80.6	80.60
80.1	80.61
80.3	80.62
80.6	80.63
80.6	80.64
81.4	81.1
81.1	81.2
81.1	81.3
81.5	81.4
81.1	81.5
81.5	81.6
81.5	81.7
81.1	81.8
81.1	81.9
81.1	81.10
81.5	81.11
81.5	81.12
81.4	81.13
81.1	81.14
81.5	81.15
81.1	81.16
81.5	81.17
81.1	81.18
81.3	81.19
81.4	81.20
81.5	81.21
81.5	81.22
81.1	81.23
81.1	81.24
81.5	81.25
81.5	81.26
81.4	81.27
81.4	81.28
81.4	81.29
81.4	81.30
81.1	81.31
81.5	81.32
81.5	81.33
81.5	81.34
81.1	81.35
81.5	81.36
81.1	81.37
81.5	81.38
81.5	81.39
81.3	81.40
81.3	81.41
81.1	81.42
81.1	81.43
81.1	81.44
81.1	81.45
81.5	81.46
81.4	81.47
81.1	81.48
81.5	81.49
81.1	81.50
81.4	81.51
81.1	81.52
81.3	81.53
81.5	81.54
81.1	81.55
81.4	81.56
81.1	81.57
81.1	81.58
81.3	81.59
81.5	81.60
81.4	81.61
81.2	81.62
81.1	81.63
81.3	81.64
82.1	82.1
82.1	82.2
82.1	82.3
82.1	82.4
82.6	82.5
82.8	82.6
82.7	82.7
82.6	82.8
82.7	82.9
82.5	82.10
82.1	82.11
82.7	82.12
82.7	82.13
82.1	82.14
82.1	82.15
82.7	82.16
82.5	82.17
82.1	82.18
82.6	82.19
82.7	82.20
82.8	82.21
82.7	82.22
82.2	82.23
82.8	82.24
82.7	82.25
82.6	82.26
82.1	82.27
82.7	82.28
82.6	82.29
82.7	82.30
82.1	82.31
82.1	82.32
82.6	82.33
82.6	82.34
82.1	82.35
82.7	82.36
82.6	82.37
82.1	82.38
82.7	82.39
82.7	82.40
82.6	82.41
82.1	82.42
82.1	82.43
82.7	82.44
82.7	82.45
82.1	82.46
82.1	82.47
82.7	82.48
82.7	82.49
82.5	82.50
82.1	82.51
82.6	82.52
82.1	82.53
82.1	82.54
82.1	82.55
82.5	82.56
82.3	82.57
82.6	82.58
82.5	82.59
82.7	82.60
82.1	82.61
82.4	82.62
82.1	82.63
82.1	82.64
83.10	83.1
83.3	83.2
83.10	83.3
83.10	83.4
83.6	83.5
83.7	83.6
83.11	83.7
83.11	83.8
83.10	83.9
83.8	83.10
83.5	83.11
83.10	83.12
83.10	83.13
83.1	83.14
83.10	83.15
83.10	83.16
83.7	83.17
83.10	83.18
83.3	83.19
83.10	83.20
83.3	83.21
83.1	83.22
83.10	83.23
83.7	83.24
83.1	83.25
83.10	83.26
83.10	83.27
83.7	83.28
83.9	83.29
83.3	83.30
83.10	83.31
83.2	83.32
83.7	83.33
83.1	83.34
83.10	83.35
83.7	83.36
83.10	83.37
83.10	83.38
83.4	83.39
83.3	83.40
83.7	83.41
83.10	83.42
83.8	83.43
83.10	83.44
83.10	83.45
83.3	83.46
83.3	83.47
83.10	83.48
83.10	83.49
83.3	83.50
83.3	83.51
83.3	83.52
83.3	83.53
83.3	83.54
83.10	83.55
83.3	83.56
83.11	83.57
83.3	83.58
83.3	83.59
83.10	83.60
83.3	83.61
83.10	83.62
83.10	83.63
83.11	83.64
84.12	84.1
84.8	84.2
84.12	84.3
84.1	84.4
84.1	84.5
84.1	84.6
84.7	84.7
84.7	84.8
84.11	84.9
84.11	84.10
84.12	84.11
84.11	84.12
84.1	84.13
84.6	84.14
84.1	84.15
84.12	84.16
84.1	84.17
84.4	84.18
84.10	84.19
84.12	84.20
84.1	84.21
84.6	84.22
84.12	84.23
84.12	84.24
84.1	84.25
84.1	84.26
84.10	84.27
84.1	84.28
84.1	84.29
84.1	84.30
84.1	84.31
84.12	84.32
84.7	84.33
84.1	84.34
84.1	84.35
84.6	84.36
84.10	84.37
84.12	84.38
84.12	84.39
84.1	84.40
84.12	84.41
84.12	84.42
84.9	84.43
84.6	84.44
84.6	84.45
84.1	84.46
84.1	84.47
84.10	84.48
84.1	84.49
84.1	84.50
84.2	84.51
84.1	84.52
84.1	84.53
84.5	84.54
84.1	84.55
84.1	84.56
84.1	84.57
84.12	84.58
84.1	84.59
84.3	84.60
84.1	84.61
84.12	84.62
84.6	84.63
84.1	84.64
85.4	85.1
85.4	85.2
85.4	85.3
85.4	85.4
85.4	85.5
85.4	85.6
85.4	85.7
85.4	85.8
85.4	85.9
85.4	85.10
85.4	85.11
85.2	85.12
85.3	85.13
85.1	85.14
85.1	85.15
85.4	85.16
85.4	85.17
85.4	85.18
85.1	85.19
85.4	85.20
85.4	85.21
85.1	85.22
85.4	85.23
85.4	85.24
85.1	85.25
85.4	85.26
85.4	85.27
85.4	85.28
85.3	85.29
85.4	85.30
85.1	85.31
85.4	85.32
85.4	85.33
85.4	85.34
85.4	85.35
85.1	85.36
85.4	85.37
85.4	85.38
85.1	85.39
85.1	85.40
85.4	85.41
85.1	85.42
85.4	85.43
85.4	85.44
85.1	85.45
85.4	85.46
85.4	85.47
85.4	85.48
85.4	85.49
85.4	85.50
85.4	85.51
85.4	85.52
85.4	85.53
85.4	85.54
85.4	85.55
85.4	85.56
85.4	85.57
85.1	85.58
85.1	85.59
85.4	85.60
85.4	85.61
85.1	85.62
85.1	85.63
85.4	85.64
86.1	86.1
86.4	86.2
86.4	86.3
86.4	86.4
86.4	86.5
86.4	86.6
86.4	86.7
86.4	86.8
86.1	86.9
86.1	86.10
86.1	86.11
86.1	86.12
86.4	86.13
86.4	86.14
86.3	86.15
86.4	86.16
86.1	86.17
86.4	86.18
86.4	86.19
86.4	86.20
86.4	86.21
86.4	86.22
86.1	86.23
86.4	86.24
86.4	86.25
86.4	86.26
86.3	86.27
86.4	86.28
86.4	86.29
86.1	86.30
86.1	86.31
86.4	86.32
86.4	86.33
86.4	86.34
86.2	86.35
86.1	86.36
86.1	86.37
86.4	86.38
86.4	86.39
86.1	86.40
86.4	86.41
86.1	86.42
86.1	86.43
86.1	86.44
86.4	86.45
86.4	86.46
86.1	86.47
86.1	86.48
86.1	86.49
86.3	86.50
86.4	86.51
86.4	86.52
86.1	86.53
86.1	86.54
86.1	86.55
86.4	86.56
86.1	86.57
86.1	86.58
86.1	86.59
86.1	86.60
86.1	86.61
86.4	86.62
86.4	86.63
86.4	86.64
87.1	87.1
87.1	87.2
87.1	87.3
87.1	87.4
87.5	87.5
87.1	87.6
87.1	87.7
87.1	87.8
87.5	87.9
87.1	87.10
87.5	87.11
87.1	87.12
87.1	87.13
87.5	87.14
87.1	87.15
87.1	87.16
87.1	87.17
87.1	87.18
87.1	87.19
87.1	87.20
87.1	87.21
87.1	87.22
87.1	87.23
87.1	87.24
87.5	87.25
87.4	87.26
87.1	87.27
87.1	87.28
87.3	87.29
87.1	87.30
87.5	87.31
87.1	87.32
87.1	87.33
87.1	87.34
87.2	87.35
87.1	87.36
87.1	87.37
87.1	87.38
87.1	87.39
87.1	87.40
87.1	87.41
87.1	87.42
87.5	87.43
87.5	87.44
87.1	87.45
87.5	87.46
87.5	87.47
87.1	87.48
87.5	87.49
87.4	87.50
87.5	87.51
87.5	87.52
87.1	87.53
87.5	87.54
87.1	87.55
87.1	87.56
87.5	87.57
87.5	87.58
87.1	87.59
87.1	87.60
87.5	87.61
87.5	87.62
87.1	87.63
87.1	87.64
88.1	88.1
88.1	88.2
88.4	88.3
88.4	88.4
88.5	88.5
88.1	88.6
88.5	88.7
88.5	88.8
88.5	88.9
88.6	88.10
88.5	88.11
88.9	88.12
88.1	88.13
88.7	88.14
88.5	88.15
88.5	88.16
88.4	88.17
88.5	88.18
88.7	88.19
88.7	88.20
88.1	88.21
88.7	88.22
88.4	88.23
88.4	88.24
88.4	88.25
88.4	88.26
88.5	88.27
88.1	88.28
88.6	88.29
88.5	88.30
88.9	88.31
88.3	88.32
88.4	88.33
88.5	88.34
88.8	88.35
88.5	88.36
88.5	88.37
88.5	88.38
88.7	88.39
88.5	88.40
88.4	88.41
88.1	88.42
88.8	88.43
88.3	88.44
88.4	88.45
88.5	88.46
88.5	88.47
88.2	88.48
88.4	88.49
88.5	88.50
88.1	88.51
88.5	88.52
88.5	88.53
88.4	88.54
88.1	88.55
88.1	88.56
88.1	88.57
88.4	88.58
88.5	88.59
88.7	88.60
88.5	88.61
88.4	88.62
88.5	88.63
88.1	88.64
89.7	89.1
89.4	89.2
89.7	89.3
89.4	89.4
89.4	89.5
89.7	89.6
89.5	89.7
89.5	89.8
89.3	89.9
89.5	89.10
89.5	89.11
89.5	89.12
89.4	89.13
89.4	89.14
89.4	89.15
89.4	89.16
89.5	89.17
89.4	89.18
89.4	89.19
89.4	89.20
89.3	89.21
89.7	89.22
89.2	89.23
89.5	89.24
89.4	89.25
89.5	89.26
89.5	89.27
89.7	89.28
89.4	89.29
89.5	89.30
89.3	89.31
89.5	89.32
89.7	89.33
89.6	89.34
89.5	89.35
89.4	89.36
89.3	89.37
89.4	89.38
89.4	89.39
89.4	89.40
89.7	89.41
89.5	89.42
89.5	89.43
89.4	89.44
89.3	89.45
89.5	89.46
89.4	89.47
89.4	89.48
89.5	89.49
89.4	89.50
89.5	89.51
89.5	89.52
89.1	89.53
89.4	89.54
89.5	89.55
89.3	89.56
89.4	89.57
89.5	89.58
89.3	89.59
89.5	89.60
89.4	89.61
89.5	89.62
89.7	89.63
89.4	89.64
90.4	90.1
90.4	90.2
90.10	90.3
90.4	90.4
90.4	90.5
90.10	90.6
90.10	90.7
90.5	90.8
90.10	90.9
90.4	90.10
90.10	90.11
90.4	90.12
90.4	90.13
90.5	90.14
90.4	90.15
90.10	90.16
90.4	90.17
90.10	90.18
90.10	90.19
90.4	90.20
90.10	90.21
90.10	90.22
90.10	90.23
90.4	90.24
90.6	90.25
90.7	90.26
90.4	90.27
90.8	90.28
90.10	90.29
90.10	90.30
90.10	90.31
90.4	90.32
90.5	90.33
90.6	90.34
90.10	90.35
90.4	90.36
90.4	90.37
90.1	90.38
90.10	90.39
90.10	90.40
90.10	90.41
90.5	90.42
90.7	90.43
90.7	90.44
90.10	90.45
90.4	90.46
90.4	90.47
90.4	90.48
90.5	90.49
90.3	90.50
90.10	90.51
90.9	90.52
90.5	90.53
90.4	90.54
90.4	90.55
90.8	90.56
90.5	90.57
90.4	90.58
90.4	90.59
90.5	90.60
90.8	90.61
90.10	90.62
90.5	90.63
90.2	90.64
91.7	91.1
91.1	91.2
91.4	91.3
91.4	91.4
91.1	91.5
91.7	91.6
91.1	91.7
91.1	91.8
91.7	91.9
91.7	91.10
91.1	91.11
91.7	91.12
91.4	91.13
91.1	91.14
91.1	91.15
91.1	91.16
91.7	91.17
91.1	91.18
91.4	91.19
91.1	91.20
91.5	91.21
91.1	91.22
91.4	91.23
91.1	91.24
91.1	91.25
91.1	91.26
91.1	91.27
91.7	91.28
91.5	91.29
91.7	91.30
91.7	91.31
91.7	91.32
91.1	91.33
91.7	91.34
91.7	91.35
91.1	91.36
91.1	91.37
91.5	91.38
91.3	91.39
91.1	91.40
91.7	91.41
91.2	91.42
91.4	91.43
91.5	91.44
91.1	91.45
91.4	91.46
91.4	91.47
91.7	91.48
91.1	91.49
91.4	91.50
91.1	91.51
91.1	91.52
91.7	91.53
91.4	91.54
91.4	91.55
91.7	91.56
91.6	91.57
91.1	91.58
91.7	91.59
91.4	91.60
91.7	91.61
91.1	91.62
91.7	91.63
91.1	91.64
92.8	92.1
92.7	92.2
92.1	92.3
92.8	92.4
92.5	92.5
92.8	92.6
92.1	92.7
92.7	92.8
92.1	92.9
92.1	92.10
92.6	92.11
92.7	92.12
92.8	92.13
92.3	92.14
92.7	92.15
92.6	92.16
92.7	92.17
92.7	92.18
92.8	92.19
92.7	92.20
92.7	92.21
92.7	92.22
92.4	92.23
92.7	92.24
92.6	92.25
92.7	92.26
92.7	92.27
92.1	92.28
92.7	92.29
92.7	92.30
92.1	92.31
92.1	92.32
92.8	92.33
92.1	92.34
92.8	92.35
92.3	92.36
92.7	92.37
92.3	92.38
92.1	92.39
92.7	92.40
92.7	92.41
92.6	92.42
92.6	92.43
92.6	92.44
92.8	92.45
92.8	92.46
92.7	92.47
92.8	92.48
92.8	92.49
92.6	92.50
92.2	92.51
92.7	92.52
92.7	92.53
92.1	92.54
92.6	92.55
92.1	92.56
92.3	92.57
92.7	92.58
92.7	92.59
92.7	92.60
92.8	92.61
92.8	92.62
92.7	92.63
92.6	92.64
93.8	93.1
93.8	93.2
93.9	93.3
93.9	93.4
93.8	93.5
93.9	93.6
93.8	93.7
93.8	93.8
93.8	93.9
93.8	93.10
93.8	93.11
93.8	93.12
93.10	93.13
93.6	93.14
93.8	93.15
93.9	93.16
93.9	93.17
93.8	93.18
93.8	93.19
93.8	93.20
93.9	93.21
93.9	93.22
93.8	93.23
93.8	93.24
93.6	93.25
93.8	93.26
93.8	93.27
93.8	93.28
93.8	93.29
93.9	93.30
93.9	93.31
93.8	93.32
93.4	93.33
93.8	93.34
93.10	93.35
93.11	93.36
93.1	93.37
93.8	93.38
93.9	93.39
93.8	93.40
93.9	93.41
93.10	93.42
93.1	93.43
93.3	93.44
93.1	93.45
93.8	93.46
93.9	93.47
93.8	93.48
93.9	93.49
93.10	93.50
93.9	93.51
93.10	93.52
93.9	93.53
93.7	93.54
93.1	93.55
93.9	93.56
93.8	93.57
93.5	93.58
93.2	93.59
93.8	93.60
93.9	93.61
93.9	93.62
93.1	93.63
93.9	93.64
94.8	94.1
94.8	94.2
94.1	94.3
94.8	94.4
94.8	94.5
94.8	94.6
94.8	94.7
94.5	94.8
94.8	94.9
94.8	94.10
94.8	94.11
94.1	94.12
94.8	94.13
94.1	94.14
94.1	94.15
94.4	94.16
94.8	94.17
94.1	94.18
94.1	94.19
94.5	94.20
94.8	94.21
94.1	94.22
94.1	94.23
94.1	94.24
94.8	94.25
94.8	94.26
94.8	94.27
94.8	94.28
94.1	94.29
94.8	94.30
94.1	94.31
94.9	94.32
94.8	94.33
94.8	94.34
94.8	94.35
94.3	94.36
94.8	94.37
94.7	94.38
94.8	94.39
94.8	94.40
94.1	94.41
94.1	94.42
94.2	94.43
94.8	94.44
94.1	94.45
94.1	94.46
94.8	94.47
94.8	94.48
94.1	94.49
94.8	94.50
94.8	94.51
94.8	94.52
94.6	94.53
94.8	94.54
94.8	94.55
94.8	94.56
94.8	94.57
94.8	94.58
94.8	94.59
94.1	94.60
94.1	94.61
94.8	94.62
94.8	94.63
94.1	94.64
95.1	95.1
95.7	95.2
95.7	95.3
95.5	95.4
95.7	95.5
95.2	95.6
95.7	95.7
95.6	95.8
95.3	95.9
95.7	95.10
95.7	95.11
95.1	95.12
95.4	95.13
95.7	95.14
95.4	95.15
95.6	95.16
95.7	95.17
95.7	95.18
95.1	95.19
95.7	95.20
95.1	95.21
95.1	95.22
95.1	95.23
95.1	95.24
95.1	95.25
95.6	95.26
95.7	95.27
95.1	95.28
95.7	95.29
95.7	95.30
95.1	95.31
95.1	95.32
95.7	95.33
95.1	95.34
95.1	95.35
95.4	95.36
95.1	95.37
95.7	95.38
95.6	95.39
95.6	95.40
95.6	95.41
95.1	95.42
95.1	95.43
95.1	95.44
95.7	95.45
95.1	95.46
95.1	95.47
95.7	95.48
95.7	95.49
95.1	95.50
95.1	95.51
95.1	95.52
95.1	95.53
95.1	95.54
95.6	95.55
95.5	95.56
95.1	95.57
95.6	95.58
95.7	95.59
95.1	95.60
95.1	95.61
95.7	95.62
95.5	95.63
95.7	95.64
96.7	96.1
96.5	96.2
96.1	96.3
96.1	96.4
96.6	96.5
96.8	96.6
96.7	96.7
96.7	96.8
96.1	96.9
96.4	96.10
96.1	96.11
96.8	96.12
96.4	96.13
96.1	96.14
96.3	96.15
96.7	96.16
96.7	96.17
96.8	96.18
96.8	96.19
96.6	96.20
96.5	96.21
96.1	96.22
96.8	96.23
96.8	96.24
96.7	96.25
96.7	96.26
96.5	96.27
96.1	96.28
96.1	96.29
96.8	96.30
96.8	96.31
96.1	96.32
96.8	96.33
96.8	96.34
96.8	96.35
96.8	96.36
96.3	96.37
96.7	96.38
96.1	96.39
96.5	96.40
96.7	96.41
96.1	96.42
96.8	96.43
96.8	96.44
96.1	96.45
96.8	96.46
96.7	96.47
96.8	96.48
96.8	96.49
96.8	96.50
96.1	96.51
96.7	96.52
96.5	96.53
96.2	96.54
96.1	96.55
96.7	96.56
96.7	96.57
96.9	96.58
96.1	96.59
96.3	96.60
96.7	96.61
96.8	96.62
96.4	96.63
96.5	96.64
97.6	97.1
97.6	97.2
97.1	97.3
97.1	97.4
97.6	97.5
97.4	97.6
97.4	97.7
97.6	97.8
97.6	97.9
97.6	97.10
97.6	97.11
97.1	97.12
97.6	97.13
97.6	97.14
97.6	97.15
97.1	97.16
97.6	97.17
97.1	97.18
97.3	97.19
97.6	97.20
97.6	97.21
97.6	97.22
97.6	97.23
97.6	97.24
97.5	97.25
97.5	97.26
97.6	97.27
97.1	97.28
97.6	97.29
97.4	97.30
97.1	97.31
97.6	97.32
97.6	97.33
97.6	97.34
97.4	97.35
97.6	97.36
97.6	97.37
97.6	97.38
97.1	97.39
97.6	97.40
97.2	97.41
97.6	97.42
97.5	97.43
97.6	97.44
97.6	97.45
97.1	97.46
97.1	97.47
97.1	97.48
97.1	97.49
97.1	97.50
97.1	97.51
97.6	97.52
97.1	97.53
97.6	97.54
97.1	97.55
97.1	97.56
97.6	97.57
97.4	97.58
97.1	97.59
97.6	97.60
97.6	97.61
97.1	97.62
97.6	97.63
97.6	97.64
98.1	98.1
98.1	98.2
98.1	98.3
98.1	98.4
98.1	98.5
98.1	98.6
98.9	98.7
98.1	98.8
98.1	98.9
98.1	98.10
98.1	98.11
98.9	98.12
98.1	98.13
98.9	98.14
98.7	98.15
98.1	98.16
98.9	98.17
98.1	98.18
98.1	98.19
98.6	98.20
98.8	98.21
98.1	98.22
98.1	98.23
98.1	98.24
98.1	98.25
98.1	98.26
98.9	98.27
98.5	98.28
98.8	98.29
98.1	98.30
98.8	98.31
98.6	98.32
98.1	98.33
98.1	98.34
98.1	98.35
98.1	98.36
98.8	98.37
98.1	98.38
98.6	98.39
98.9	98.40
98.8	98.41
98.5	98.42
98.9	98.43
98.9	98.44
98.9	98.45
98.1	98.46
98.1	98.47
98.9	98.48
98.9	98.49
98.8	98.50
98.1	98.51
98.9	98.52
98.9	98.53
98.2	98.54
98.1	98.55
98.1	98.56
98.1	98.57
98.4	98.58
98.1	98.59
98.9	98.60
98.3	98.61
98.1	98.62
98.1	98.63
98.9	98.64
99.5	99.1
99.1	99.2
99.5	99.3
99.4	99.4
99.1	99.5
99.1	99.6
99.5	99.7
99.1	99.8
99.5	99.9
99.1	99.10
99.1	99.11
99.1	99.12
99.5	99.13
99.1	99.14
99.4	99.15
99.1	99.16
99.3	99.17
99.1	99.18
99.1	99.19
99.1	99.20
99.5	99.21
99.5	99.22
99.5	99.23
99.2	99.24
99.1	99.25
99.4	99.26
99.4	99.27
99.5	99.28
99.1	99.29
99.5	99.30
99.1	99.31
99.5	99.32
99.1	99.33
99.5	99.34
99.3	99.35
99.1	99.36
99.5	99.37
99.1	99.38
99.1	99.39
99.1	99.40
99.1	99.41
99.1	99.42
99.1	99.43
99.1	99.44
99.1	99.45
99.3	99.46
99.4	99.47
99.1	99.48
99.1	99.49
99.1	99.50
99.1	99.51
99.5	99.52
99.1	99.53
99.1	99.54
99.1	99.55
99.5	99.56
99.1	99.57
99.5	99.58
99.1	99.59
99.1	99.60
99.1	99.61
99.1	99.62
99.5	99.63
99.1	99.64
100.1	100.1
100.7	100.2
100.11	100.3
100.4	100.4
100.1	100.5
100.8	100.6
100.8	100.7
100.11	100.8
100.8	100.9
100.9	100.10
100.11	100.11
100.9	100.12
100.8	100.13
100.7	100.14
100.8	100.15
100.11	100.16
100.1	100.17
100.9	100.18
100.11	100.19
100.8	100.20
100.7	100.21
100.11	100.22
100.9	100.23
100.8	100.24
100.11	100.25
100.8	100.26
100.1	100.27
100.1	100.28
100.8	100.29
100.11	100.30
100.5	100.31
100.1	100.32
100.8	100.33
100.10	100.34
100.6	100.35
100.11	100.36
100.8	100.37
100.8	100.38
100.11	100.39
100.11	100.40
100.11	100.41
100.11	100.42
100.1	100.43
100.8	100.44
100.8	100.45
100.1	100.46
100.11	100.47
100.11	100.48
100.8	100.49
100.11	100.50
100.5	100.51
100.11	100.52
100.3	100.53
100.1	100.54
100.2	100.55
100.1	100.56
100.6	100.57
100.11	100.58
100.3	100.59
100.1	100.60
100.1	100.61
100.11	100.62
100.8	100.63
100.7	100.64