subTopicID	resultID
1.1	1.1
1.1	1.2
1.1	1.3
1.1	1.4
1.7	1.5
1.1	1.6
1.1	1.7
1.1	1.8
1.1	1.9
1.1	1.10
1.6	1.11
1.1	1.12
1.1	1.13
1.1	1.14
1.1	1.15
1.1	1.16
1.1	1.17
1.1	1.18
1.1	1.19
1.8	1.20
1.1	1.21
1.7	1.22
1.1	1.23
1.1	1.24
1.1	1.25
1.7	1.26
1.1	1.27
1.1	1.28
1.7	1.29
1.8	1.30
1.1	1.31
1.1	1.32
1.7	1.33
1.1	1.34
1.1	1.35
1.1	1.36
1.6	1.37
1.1	1.38
1.3	1.39
1.1	1.40
1.1	1.41
1.1	1.42
1.1	1.43
1.1	1.44
1.1	1.45
1.7	1.46
1.1	1.47
1.1	1.48
1.4	1.49
1.5	1.50
1.1	1.51
1.7	1.52
1.1	1.53
1.7	1.54
1.6	1.55
1.1	1.56
1.1	1.57
1.1	1.58
1.6	1.59
1.1	1.60
1.2	1.61
1.1	1.62
1.1	1.63
1.1	1.64
2.1	2.1
2.14	2.2
2.14	2.3
2.1	2.4
2.10	2.5
2.14	2.6
2.1	2.7
2.1	2.8
2.1	2.9
2.14	2.10
2.1	2.11
2.8	2.12
2.1	2.13
2.1	2.14
2.1	2.15
2.1	2.16
2.10	2.17
2.1	2.18
2.1	2.19
2.1	2.20
2.10	2.21
2.4	2.22
2.3	2.23
2.1	2.24
2.14	2.25
2.1	2.26
2.14	2.27
2.7	2.28
2.10	2.29
2.1	2.30
2.1	2.31
2.11	2.32
2.1	2.33
2.14	2.34
2.11	2.35
2.9	2.36
2.14	2.37
2.12	2.38
2.11	2.39
2.2	2.40
2.14	2.41
2.5	2.42
2.1	2.43
2.14	2.44
2.1	2.45
2.5	2.46
2.11	2.47
2.6	2.48
2.14	2.49
2.10	2.50
2.1	2.51
2.14	2.52
2.7	2.53
2.1	2.54
2.14	2.55
2.11	2.56
2.10	2.57
2.13	2.58
2.11	2.59
2.7	2.60
2.14	2.61
2.10	2.62
2.12	2.63
2.11	2.64
3.14	3.1
3.14	3.2
3.13	3.3
3.6	3.4
3.1	3.5
3.13	3.6
3.11	3.7
3.14	3.8
3.14	3.9
3.13	3.10
3.14	3.11
3.1	3.12
3.14	3.13
3.13	3.14
3.14	3.15
3.11	3.16
3.8	3.17
3.14	3.18
3.7	3.19
3.7	3.20
3.14	3.21
3.13	3.22
3.4	3.23
3.11	3.24
3.14	3.25
3.13	3.26
3.2	3.27
3.13	3.28
3.13	3.29
3.14	3.30
3.14	3.31
3.10	3.32
3.14	3.33
3.13	3.34
3.14	3.35
3.7	3.36
3.15	3.37
3.10	3.38
3.5	3.39
3.1	3.40
3.13	3.41
3.1	3.42
3.13	3.43
3.10	3.44
3.11	3.45
3.14	3.46
3.9	3.47
3.15	3.48
3.14	3.49
3.10	3.50
3.12	3.51
3.13	3.52
3.1	3.53
3.13	3.54
3.14	3.55
3.7	3.56
3.8	3.57
3.3	3.58
3.14	3.59
3.7	3.60
3.14	3.61
3.14	3.62
3.10	3.63
3.13	3.64
4.12	4.1
4.5	4.2
4.1	4.3
4.1	4.4
4.1	4.5
4.8	4.6
4.1	4.7
4.1	4.8
4.12	4.9
4.7	4.10
4.12	4.11
4.1	4.12
4.1	4.13
4.1	4.14
4.1	4.15
4.1	4.16
4.12	4.17
4.1	4.18
4.12	4.19
4.1	4.20
4.1	4.21
4.8	4.22
4.3	4.23
4.12	4.24
4.8	4.25
4.1	4.26
4.7	4.27
4.1	4.28
4.1	4.29
4.1	4.30
4.7	4.31
4.8	4.32
4.1	4.33
4.1	4.34
4.12	4.35
4.12	4.36
4.9	4.37
4.1	4.38
4.1	4.39
4.12	4.40
4.9	4.41
4.1	4.42
4.1	4.43
4.4	4.44
4.1	4.45
4.2	4.46
4.1	4.47
4.1	4.48
4.4	4.49
4.12	4.50
4.12	4.51
4.1	4.52
4.1	4.53
4.12	4.54
4.6	4.55
4.12	4.56
4.10	4.57
4.12	4.58
4.11	4.59
4.1	4.60
4.12	4.61
4.1	4.62
4.12	4.63
4.9	4.64
5.18	5.1
5.11	5.2
5.17	5.3
5.18	5.4
5.6	5.5
5.11	5.6
5.12	5.7
5.18	5.8
5.18	5.9
5.11	5.10
5.1	5.11
5.11	5.12
5.17	5.13
5.13	5.14
5.12	5.15
5.11	5.16
5.16	5.17
5.18	5.18
5.15	5.19
5.18	5.20
5.11	5.21
5.1	5.22
5.10	5.23
5.13	5.24
5.5	5.25
5.9	5.26
5.11	5.27
5.14	5.28
5.11	5.29
5.11	5.30
5.18	5.31
5.13	5.32
5.4	5.33
5.11	5.34
5.17	5.35
5.14	5.36
5.11	5.37
5.2	5.38
5.18	5.39
5.18	5.40
5.11	5.41
5.11	5.42
5.11	5.43
5.7	5.44
5.11	5.45
5.11	5.46
5.8	5.47
5.16	5.48
5.18	5.49
5.13	5.50
5.18	5.51
5.11	5.52
5.12	5.53
5.3	5.54
5.14	5.55
5.11	5.56
5.11	5.57
5.11	5.58
5.11	5.59
5.17	5.60
5.11	5.61
5.18	5.62
5.15	5.63
5.11	5.64
6.12	6.1
6.10	6.2
6.12	6.3
6.5	6.4
6.3	6.5
6.9	6.6
6.8	6.7
6.12	6.8
6.1	6.9
6.7	6.10
6.12	6.11
6.10	6.12
6.10	6.13
6.12	6.14
6.10	6.15
6.12	6.16
6.12	6.17
6.10	6.18
6.13	6.19
6.2	6.20
6.11	6.21
6.10	6.22
6.10	6.23
6.9	6.24
6.12	6.25
6.12	6.26
6.12	6.27
6.12	6.28
6.12	6.29
6.10	6.30
6.4	6.31
6.12	6.32
6.13	6.33
6.12	6.34
6.8	6.35
6.12	6.36
6.6	6.37
6.1	6.38
6.13	6.39
6.1	6.40
6.10	6.41
6.12	6.42
6.10	6.43
6.12	6.44
6.10	6.45
6.12	6.46
6.12	6.47
6.1	6.48
6.12	6.49
6.12	6.50
6.12	6.51
6.8	6.52
6.10	6.53
6.12	6.54
6.5	6.55
6.10	6.56
6.8	6.57
6.1	6.58
6.8	6.59
6.8	6.60
6.1	6.61
6.13	6.62
6.8	6.63
6.10	6.64
7.1	7.1
7.1	7.2
7.1	7.3
7.1	7.4
7.8	7.5
7.14	7.6
7.1	7.7
7.15	7.8
7.14	7.9
7.14	7.10
7.11	7.11
7.1	7.12
7.1	7.13
7.14	7.14
7.1	7.15
7.1	7.16
7.1	7.17
7.11	7.18
7.14	7.19
7.11	7.20
7.11	7.21
7.7	7.22
7.1	7.23
7.1	7.24
7.1	7.25
7.1	7.26
7.10	7.27
7.1	7.28
7.14	7.29
7.1	7.30
7.7	7.31
7.12	7.32
7.13	7.33
7.6	7.34
7.1	7.35
7.2	7.36
7.11	7.37
7.8	7.38
7.12	7.39
7.11	7.40
7.15	7.41
7.8	7.42
7.1	7.43
7.1	7.44
7.11	7.45
7.12	7.46
7.11	7.47
7.11	7.48
7.3	7.49
7.1	7.50
7.9	7.51
7.14	7.52
7.1	7.53
7.10	7.54
7.11	7.55
7.8	7.56
7.1	7.57
7.1	7.58
7.5	7.59
7.7	7.60
7.4	7.61
7.12	7.62
7.7	7.63
7.14	7.64
8.1	8.1
8.1	8.2
8.1	8.3
8.7	8.4
8.1	8.5
8.1	8.6
8.7	8.7
8.1	8.8
8.1	8.9
8.6	8.10
8.1	8.11
8.5	8.12
8.1	8.13
8.1	8.14
8.1	8.15
8.1	8.16
8.2	8.17
8.6	8.18
8.1	8.19
8.1	8.20
8.3	8.21
8.1	8.22
8.1	8.23
8.1	8.24
8.1	8.25
8.1	8.26
8.6	8.27
8.1	8.28
8.7	8.29
8.1	8.30
8.7	8.31
8.1	8.32
8.7	8.33
8.1	8.34
8.1	8.35
8.1	8.36
8.1	8.37
8.1	8.38
8.8	8.39
8.7	8.40
8.1	8.41
8.1	8.42
8.7	8.43
8.1	8.44
8.6	8.45
8.1	8.46
8.1	8.47
8.1	8.48
8.1	8.49
8.1	8.50
8.1	8.51
8.1	8.52
8.1	8.53
8.1	8.54
8.1	8.55
8.1	8.56
8.1	8.57
8.7	8.58
8.7	8.59
8.7	8.60
8.7	8.61
8.4	8.62
8.1	8.63
8.1	8.64
9.9	9.1
9.1	9.2
9.1	9.3
9.1	9.4
9.1	9.5
9.1	9.6
9.1	9.7
9.1	9.8
9.1	9.9
9.1	9.10
9.1	9.11
9.1	9.12
9.9	9.13
9.7	9.14
9.1	9.15
9.1	9.16
9.6	9.17
9.1	9.18
9.1	9.19
9.1	9.20
9.1	9.21
9.1	9.22
9.7	9.23
9.9	9.24
9.8	9.25
9.2	9.26
9.9	9.27
9.7	9.28
9.1	9.29
9.1	9.30
9.1	9.31
9.9	9.32
9.10	9.33
9.1	9.34
9.1	9.35
9.1	9.36
9.9	9.37
9.3	9.38
9.5	9.39
9.8	9.40
9.1	9.41
9.10	9.42
9.7	9.43
9.5	9.44
9.7	9.45
9.4	9.46
9.1	9.47
9.1	9.48
9.7	9.49
9.1	9.50
9.1	9.51
9.1	9.52
9.1	9.53
9.1	9.54
9.9	9.55
9.1	9.56
9.1	9.57
9.9	9.58
9.1	9.59
9.1	9.60
9.1	9.61
9.1	9.62
9.1	9.63
9.9	9.64
10.1	10.1
10.1	10.2
10.10	10.3
10.10	10.4
10.1	10.5
10.1	10.6
10.1	10.7
10.7	10.8
10.1	10.9
10.1	10.10
10.1	10.11
10.10	10.12
10.6	10.13
10.1	10.14
10.1	10.15
10.1	10.16
10.1	10.17
10.1	10.18
10.1	10.19
10.1	10.20
10.11	10.21
10.1	10.22
10.7	10.23
10.1	10.24
10.11	10.25
10.11	10.26
10.10	10.27
10.10	10.28
10.1	10.29
10.1	10.30
10.8	10.31
10.10	10.32
10.3	10.33
10.9	10.34
10.1	10.35
10.10	10.36
10.1	10.37
10.1	10.38
10.10	10.39
10.11	10.40
10.1	10.41
10.2	10.42
10.2	10.43
10.1	10.44
10.1	10.45
10.1	10.46
10.1	10.47
10.6	10.48
10.1	10.49
10.10	10.50
10.10	10.51
10.1	10.52
10.11	10.53
10.1	10.54
10.10	10.55
10.1	10.56
10.10	10.57
10.1	10.58
10.10	10.59
10.5	10.60
10.10	10.61
10.4	10.62
10.1	10.63
10.2	10.64
11.14	11.1
11.5	11.2
11.14	11.3
11.8	11.4
11.15	11.5
11.15	11.6
11.1	11.7
11.15	11.8
11.15	11.9
11.8	11.10
11.8	11.11
11.8	11.12
11.8	11.13
11.8	11.14
11.9	11.15
11.8	11.16
11.4	11.17
11.9	11.18
11.15	11.19
11.14	11.20
11.12	11.21
11.3	11.22
11.15	11.23
11.13	11.24
11.14	11.25
11.8	11.26
11.1	11.27
11.14	11.28
11.14	11.29
11.14	11.30
11.15	11.31
11.8	11.32
11.8	11.33
11.8	11.34
11.15	11.35
11.15	11.36
11.8	11.37
11.14	11.38
11.8	11.39
11.7	11.40
11.15	11.41
11.10	11.42
11.15	11.43
11.15	11.44
11.15	11.45
11.15	11.46
11.8	11.47
11.6	11.48
11.15	11.49
11.1	11.50
11.8	11.51
11.10	11.52
11.14	11.53
11.8	11.54
11.8	11.55
11.11	11.56
11.15	11.57
11.1	11.58
11.2	11.59
11.14	11.60
11.15	11.61
11.15	11.62
11.15	11.63
11.8	11.64
12.1	12.1
12.4	12.2
12.10	12.3
12.2	12.4
12.12	12.5
12.1	12.6
12.9	12.7
12.1	12.8
12.12	12.9
12.5	12.10
12.1	12.11
12.1	12.12
12.1	12.13
12.1	12.14
12.7	12.15
12.1	12.16
12.1	12.17
12.8	12.18
12.1	12.19
12.15	12.20
12.13	12.21
12.1	12.22
12.6	12.23
12.1	12.24
12.1	12.25
12.13	12.26
12.11	12.27
12.12	12.28
12.1	12.29
12.12	12.30
12.12	12.31
12.14	12.32
12.12	12.33
12.1	12.34
12.3	12.35
12.1	12.36
12.14	12.37
12.1	12.38
12.7	12.39
12.1	12.40
12.14	12.41
12.13	12.42
12.12	12.43
12.8	12.44
12.12	12.45
12.1	12.46
12.1	12.47
12.1	12.48
12.8	12.49
12.14	12.50
12.12	12.51
12.12	12.52
12.13	12.53
12.1	12.54
12.11	12.55
12.12	12.56
12.9	12.57
12.1	12.58
12.13	12.59
12.1	12.60
12.1	12.61
12.1	12.62
12.14	12.63
12.12	12.64
13.1	13.1
13.1	13.2
13.1	13.3
13.7	13.4
13.1	13.5
13.1	13.6
13.2	13.7
13.1	13.8
13.4	13.9
13.8	13.10
13.1	13.11
13.1	13.12
13.7	13.13
13.8	13.14
13.8	13.15
13.1	13.16
13.1	13.17
13.8	13.18
13.8	13.19
13.1	13.20
13.1	13.21
13.8	13.22
13.1	13.23
13.1	13.24
13.1	13.25
13.1	13.26
13.1	13.27
13.1	13.28
13.1	13.29
13.1	13.30
13.8	13.31
13.7	13.32
13.8	13.33
13.1	13.34
13.7	13.35
13.8	13.36
13.8	13.37
13.3	13.38
13.1	13.39
13.1	13.40
13.1	13.41
13.6	13.42
13.7	13.43
13.7	13.44
13.1	13.45
13.8	13.46
13.7	13.47
13.1	13.48
13.8	13.49
13.7	13.50
13.1	13.51
13.7	13.52
13.7	13.53
13.1	13.54
13.8	13.55
13.8	13.56
13.8	13.57
13.5	13.58
13.1	13.59
13.7	13.60
13.1	13.61
13.1	13.62
13.1	13.63
13.1	13.64
14.6	14.1
14.6	14.2
14.6	14.3
14.6	14.4
14.9	14.5
14.9	14.6
14.4	14.7
14.9	14.8
14.9	14.9
14.9	14.10
14.6	14.11
14.2	14.12
14.9	14.13
14.6	14.14
14.9	14.15
14.6	14.16
14.1	14.17
14.9	14.18
14.3	14.19
14.1	14.20
14.9	14.21
14.7	14.22
14.1	14.23
14.9	14.24
14.1	14.25
14.9	14.26
14.6	14.27
14.5	14.28
14.1	14.29
14.9	14.30
14.1	14.31
14.9	14.32
14.9	14.33
14.10	14.34
14.1	14.35
14.9	14.36
14.6	14.37
14.6	14.38
14.1	14.39
14.6	14.40
14.6	14.41
14.1	14.42
14.9	14.43
14.9	14.44
14.9	14.45
14.1	14.46
14.9	14.47
14.6	14.48
14.8	14.49
14.6	14.50
14.7	14.51
14.6	14.52
14.6	14.53
14.1	14.54
14.1	14.55
14.6	14.56
14.6	14.57
14.6	14.58
14.8	14.59
14.6	14.60
14.1	14.61
14.9	14.62
14.6	14.63
14.6	14.64
15.18	15.1
15.20	15.2
15.4	15.3
15.20	15.4
15.20	15.5
15.17	15.6
15.20	15.7
15.20	15.8
15.20	15.9
15.20	15.10
15.19	15.11
15.20	15.12
15.16	15.13
15.6	15.14
15.6	15.15
15.20	15.16
15.10	15.17
15.20	15.18
15.20	15.19
15.20	15.20
15.20	15.21
15.20	15.22
15.20	15.23
15.1	15.24
15.20	15.25
15.20	15.26
15.20	15.27
15.10	15.28
15.6	15.29
15.6	15.30
15.6	15.31
15.17	15.32
15.20	15.33
15.17	15.34
15.20	15.35
15.6	15.36
15.13	15.37
15.20	15.38
15.12	15.39
15.6	15.40
15.18	15.41
15.20	15.42
15.20	15.43
15.14	15.44
15.6	15.45
15.9	15.46
15.18	15.47
15.2	15.48
15.6	15.49
15.5	15.50
15.15	15.51
15.10	15.52
15.11	15.53
15.8	15.54
15.20	15.55
15.7	15.56
15.18	15.57
15.18	15.58
15.18	15.59
15.9	15.60
15.3	15.61
15.18	15.62
15.18	15.63
15.12	15.64
16.16	16.1
16.9	16.2
16.16	16.3
16.13	16.4
16.13	16.5
16.13	16.6
16.16	16.7
16.11	16.8
16.13	16.9
16.16	16.10
16.16	16.11
16.10	16.12
16.16	16.13
16.1	16.14
16.16	16.15
16.16	16.16
16.14	16.17
16.16	16.18
16.16	16.19
16.13	16.20
16.13	16.21
16.2	16.22
16.17	16.23
16.16	16.24
16.16	16.25
16.16	16.26
16.13	16.27
16.13	16.28
16.7	16.29
16.13	16.30
16.13	16.31
16.16	16.32
16.12	16.33
16.16	16.34
16.6	16.35
16.1	16.36
16.1	16.37
16.16	16.38
16.1	16.39
16.1	16.40
16.17	16.41
16.5	16.42
16.16	16.43
16.13	16.44
16.11	16.45
16.15	16.46
16.13	16.47
16.4	16.48
16.8	16.49
16.15	16.50
16.13	16.51
16.16	16.52
16.13	16.53
16.16	16.54
16.1	16.55
16.3	16.56
16.1	16.57
16.1	16.58
16.12	16.59
16.13	16.60
16.13	16.61
16.10	16.62
16.14	16.63
16.13	16.64
17.3	17.1
17.9	17.2
17.3	17.3
17.3	17.4
17.3	17.5
17.8	17.6
17.3	17.7
17.8	17.8
17.3	17.9
17.7	17.10
17.3	17.11
17.1	17.12
17.3	17.13
17.7	17.14
17.8	17.15
17.3	17.16
17.8	17.17
17.8	17.18
17.3	17.19
17.3	17.20
17.5	17.21
17.4	17.22
17.9	17.23
17.3	17.24
17.3	17.25
17.3	17.26
17.8	17.27
17.9	17.28
17.3	17.29
17.8	17.30
17.1	17.31
17.3	17.32
17.3	17.33
17.8	17.34
17.9	17.35
17.5	17.36
17.3	17.37
17.2	17.38
17.8	17.39
17.9	17.40
17.3	17.41
17.3	17.42
17.3	17.43
17.9	17.44
17.3	17.45
17.3	17.46
17.4	17.47
17.8	17.48
17.9	17.49
17.5	17.50
17.6	17.51
17.1	17.52
17.3	17.53
17.3	17.54
17.1	17.55
17.7	17.56
17.5	17.57
17.3	17.58
17.8	17.59
17.8	17.60
17.3	17.61
17.1	17.62
17.8	17.63
17.3	17.64
18.9	18.1
18.5	18.2
18.1	18.3
18.5	18.4
18.1	18.5
18.5	18.6
18.5	18.7
18.5	18.8
18.1	18.9
18.13	18.10
18.5	18.11
18.12	18.12
18.13	18.13
18.5	18.14
18.11	18.15
18.13	18.16
18.1	18.17
18.12	18.18
18.1	18.19
18.5	18.20
18.1	18.21
18.5	18.22
18.13	18.23
18.1	18.24
18.5	18.25
18.5	18.26
18.5	18.27
18.5	18.28
18.2	18.29
18.1	18.30
18.1	18.31
18.1	18.32
18.5	18.33
18.1	18.34
18.10	18.35
18.5	18.36
18.6	18.37
18.5	18.38
18.6	18.39
18.1	18.40
18.5	18.41
18.5	18.42
18.4	18.43
18.1	18.44
18.13	18.45
18.5	18.46
18.5	18.47
18.1	18.48
18.5	18.49
18.7	18.50
18.8	18.51
18.13	18.52
18.6	18.53
18.5	18.54
18.5	18.55
18.3	18.56
18.1	18.57
18.1	18.58
18.1	18.59
18.5	18.60
18.5	18.61
18.5	18.62
18.1	18.63
18.1	18.64
19.1	19.1
19.10	19.2
19.8	19.3
19.13	19.4
19.13	19.5
19.10	19.6
19.7	19.7
19.8	19.8
19.7	19.9
19.13	19.10
19.13	19.11
19.5	19.12
19.7	19.13
19.11	19.14
19.13	19.15
19.13	19.16
19.13	19.17
19.12	19.18
19.13	19.19
19.8	19.20
19.6	19.21
19.4	19.22
19.13	19.23
19.8	19.24
19.8	19.25
19.11	19.26
19.9	19.27
19.13	19.28
19.12	19.29
19.13	19.30
19.8	19.31
19.1	19.32
19.8	19.33
19.2	19.34
19.8	19.35
19.13	19.36
19.8	19.37
19.8	19.38
19.13	19.39
19.12	19.40
19.8	19.41
19.6	19.42
19.13	19.43
19.13	19.44
19.8	19.45
19.11	19.46
19.13	19.47
19.8	19.48
19.1	19.49
19.11	19.50
19.1	19.51
19.7	19.52
19.13	19.53
19.11	19.54
19.7	19.55
19.11	19.56
19.6	19.57
19.3	19.58
19.1	19.59
19.13	19.60
19.7	19.61
19.13	19.62
19.13	19.63
19.8	19.64
20.1	20.1
20.1	20.2
20.1	20.3
20.1	20.4
20.1	20.5
20.1	20.6
20.1	20.7
20.1	20.8
20.3	20.9
20.9	20.10
20.1	20.11
20.1	20.12
20.1	20.13
20.1	20.14
20.1	20.15
20.1	20.16
20.1	20.17
20.2	20.18
20.1	20.19
20.6	20.20
20.9	20.21
20.1	20.22
20.1	20.23
20.9	20.24
20.1	20.25
20.1	20.26
20.1	20.27
20.9	20.28
20.1	20.29
20.3	20.30
20.9	20.31
20.8	20.32
20.9	20.33
20.1	20.34
20.1	20.35
20.6	20.36
20.1	20.37
20.1	20.38
20.1	20.39
20.1	20.40
20.9	20.41
20.4	20.42
20.1	20.43
20.1	20.44
20.9	20.45
20.1	20.46
20.1	20.47
20.1	20.48
20.6	20.49
20.1	20.50
20.1	20.51
20.1	20.52
20.9	20.53
20.1	20.54
20.3	20.55
20.5	20.56
20.9	20.57
20.1	20.58
20.1	20.59
20.1	20.60
20.3	20.61
20.7	20.62
20.1	20.63
20.1	20.64
21.9	21.1
21.9	21.2
21.1	21.3
21.9	21.4
21.9	21.5
21.9	21.6
21.1	21.7
21.3	21.8
21.9	21.9
21.9	21.10
21.9	21.11
21.2	21.12
21.9	21.13
21.9	21.14
21.9	21.15
21.9	21.16
21.9	21.17
21.9	21.18
21.10	21.19
21.9	21.20
21.10	21.21
21.7	21.22
21.8	21.23
21.1	21.24
21.9	21.25
21.9	21.26
21.1	21.27
21.9	21.28
21.9	21.29
21.1	21.30
21.9	21.31
21.9	21.32
21.1	21.33
21.10	21.34
21.10	21.35
21.10	21.36
21.1	21.37
21.1	21.38
21.1	21.39
21.9	21.40
21.5	21.41
21.9	21.42
21.9	21.43
21.1	21.44
21.9	21.45
21.9	21.46
21.1	21.47
21.1	21.48
21.9	21.49
21.9	21.50
21.9	21.51
21.9	21.52
21.9	21.53
21.9	21.54
21.1	21.55
21.6	21.56
21.9	21.57
21.10	21.58
21.9	21.59
21.5	21.60
21.4	21.61
21.1	21.62
21.10	21.63
21.6	21.64
22.1	22.1
22.7	22.2
22.7	22.3
22.1	22.4
22.7	22.5
22.7	22.6
22.9	22.7
22.7	22.8
22.1	22.9
22.7	22.10
22.7	22.11
22.7	22.12
22.7	22.13
22.7	22.14
22.6	22.15
22.7	22.16
22.7	22.17
22.7	22.18
22.7	22.19
22.1	22.20
22.9	22.21
22.7	22.22
22.8	22.23
22.1	22.24
22.7	22.25
22.10	22.26
22.1	22.27
22.7	22.28
22.7	22.29
22.7	22.30
22.7	22.31
22.7	22.32
22.9	22.33
22.2	22.34
22.1	22.35
22.7	22.36
22.1	22.37
22.7	22.38
22.7	22.39
22.7	22.40
22.1	22.41
22.1	22.42
22.7	22.43
22.7	22.44
22.7	22.45
22.8	22.46
22.7	22.47
22.7	22.48
22.7	22.49
22.1	22.50
22.7	22.51
22.7	22.52
22.7	22.53
22.7	22.54
22.7	22.55
22.5	22.56
22.7	22.57
22.7	22.58
22.7	22.59
22.7	22.60
22.7	22.61
22.7	22.62
22.3	22.63
22.4	22.64
23.10	23.1
23.5	23.2
23.1	23.3
23.10	23.4
23.11	23.5
23.1	23.6
23.11	23.7
23.10	23.8
23.4	23.9
23.11	23.10
23.1	23.11
23.7	23.12
23.1	23.13
23.11	23.14
23.7	23.15
23.1	23.16
23.1	23.17
23.10	23.18
23.11	23.19
23.1	23.20
23.5	23.21
23.11	23.22
23.1	23.23
23.10	23.24
23.7	23.25
23.11	23.26
23.1	23.27
23.1	23.28
23.1	23.29
23.7	23.30
23.6	23.31
23.1	23.32
23.11	23.33
23.1	23.34
23.11	23.35
23.11	23.36
23.1	23.37
23.11	23.38
23.1	23.39
23.11	23.40
23.10	23.41
23.11	23.42
23.1	23.43
23.2	23.44
23.11	23.45
23.1	23.46
23.8	23.47
23.1	23.48
23.11	23.49
23.8	23.50
23.9	23.51
23.10	23.52
23.7	23.53
23.11	23.54
23.1	23.55
23.3	23.56
23.10	23.57
23.5	23.58
23.1	23.59
23.1	23.60
23.10	23.61
23.7	23.62
23.1	23.63
23.1	23.64
24.5	24.1
24.12	24.2
24.9	24.3
24.11	24.4
24.1	24.5
24.15	24.6
24.9	24.7
24.8	24.8
24.9	24.9
24.3	24.10
24.11	24.11
24.17	24.12
24.9	24.13
24.9	24.14
24.9	24.15
24.9	24.16
24.9	24.17
24.15	24.18
24.9	24.19
24.9	24.20
24.13	24.21
24.9	24.22
24.10	24.23
24.9	24.24
24.7	24.25
24.6	24.26
24.9	24.27
24.9	24.28
24.9	24.29
24.9	24.30
24.4	24.31
24.9	24.32
24.15	24.33
24.9	24.34
24.1	24.35
24.1	24.36
24.9	24.37
24.15	24.38
24.16	24.39
24.9	24.40
24.2	24.41
24.14	24.42
24.15	24.43
24.15	24.44
24.9	24.45
24.14	24.46
24.14	24.47
24.11	24.48
24.9	24.49
24.9	24.50
24.9	24.51
24.9	24.52
24.15	24.53
24.9	24.54
24.15	24.55
24.1	24.56
24.15	24.57
24.9	24.58
24.15	24.59
24.12	24.60
24.9	24.61
24.9	24.62
24.9	24.63
24.9	24.64
25.4	25.1
25.1	25.2
25.4	25.3
25.8	25.4
25.4	25.5
25.4	25.6
25.4	25.7
25.6	25.8
25.4	25.9
25.4	25.10
25.4	25.11
25.4	25.12
25.4	25.13
25.4	25.14
25.4	25.15
25.8	25.16
25.7	25.17
25.4	25.18
25.7	25.19
25.4	25.20
25.1	25.21
25.4	25.22
25.4	25.23
25.4	25.24
25.2	25.25
25.8	25.26
25.7	25.27
25.1	25.28
25.4	25.29
25.1	25.30
25.4	25.31
25.4	25.32
25.8	25.33
25.5	25.34
25.1	25.35
25.4	25.36
25.1	25.37
25.1	25.38
25.4	25.39
25.1	25.40
25.4	25.41
25.4	25.42
25.1	25.43
25.4	25.44
25.4	25.45
25.8	25.46
25.1	25.47
25.4	25.48
25.1	25.49
25.3	25.50
25.1	25.51
25.4	25.52
25.1	25.53
25.4	25.54
25.5	25.55
25.4	25.56
25.4	25.57
25.4	25.58
25.7	25.59
25.4	25.60
25.1	25.61
25.4	25.62
25.1	25.63
25.1	25.64
26.10	26.1
26.9	26.2
26.5	26.3
26.10	26.4
26.5	26.5
26.5	26.6
26.10	26.7
26.12	26.8
26.1	26.9
26.5	26.10
26.5	26.11
26.10	26.12
26.11	26.13
26.1	26.14
26.5	26.15
26.10	26.16
26.8	26.17
26.5	26.18
26.10	26.19
26.10	26.20
26.4	26.21
26.5	26.22
26.13	26.23
26.10	26.24
26.3	26.25
26.7	26.26
26.1	26.27
26.1	26.28
26.5	26.29
26.2	26.30
26.10	26.31
26.9	26.32
26.7	26.33
26.5	26.34
26.10	26.35
26.5	26.36
26.11	26.37
26.10	26.38
26.10	26.39
26.10	26.40
26.5	26.41
26.9	26.42
26.5	26.43
26.5	26.44
26.5	26.45
26.5	26.46
26.5	26.47
26.5	26.48
26.13	26.49
26.9	26.50
26.12	26.51
26.5	26.52
26.10	26.53
26.13	26.54
26.9	26.55
26.6	26.56
26.1	26.57
26.5	26.58
26.10	26.59
26.1	26.60
26.1	26.61
26.11	26.62
26.10	26.63
26.5	26.64
27.9	27.1
27.5	27.2
27.5	27.3
27.5	27.4
27.8	27.5
27.10	27.6
27.5	27.7
27.5	27.8
27.5	27.9
27.5	27.10
27.11	27.11
27.5	27.12
27.11	27.13
27.9	27.14
27.5	27.15
27.5	27.16
27.9	27.17
27.10	27.18
27.3	27.19
27.10	27.20
27.9	27.21
27.9	27.22
27.2	27.23
27.7	27.24
27.5	27.25
27.5	27.26
27.10	27.27
27.7	27.28
27.5	27.29
27.9	27.30
27.10	27.31
27.11	27.32
27.5	27.33
27.9	27.34
27.5	27.35
27.9	27.36
27.9	27.37
27.9	27.38
27.11	27.39
27.5	27.40
27.8	27.41
27.5	27.42
27.5	27.43
27.5	27.44
27.6	27.45
27.5	27.46
27.1	27.47
27.5	27.48
27.10	27.49
27.5	27.50
27.9	27.51
27.9	27.52
27.5	27.53
27.5	27.54
27.5	27.55
27.5	27.56
27.5	27.57
27.5	27.58
27.9	27.59
27.10	27.60
27.8	27.61
27.7	27.62
27.4	27.63
27.9	27.64
28.4	28.1
28.4	28.2
28.8	28.3
28.4	28.4
28.15	28.5
28.4	28.6
28.4	28.7
28.12	28.8
28.4	28.9
28.15	28.10
28.4	28.11
28.15	28.12
28.4	28.13
28.4	28.14
28.4	28.15
28.1	28.16
28.4	28.17
28.15	28.18
28.13	28.19
28.4	28.20
28.4	28.21
28.4	28.22
28.7	28.23
28.4	28.24
28.4	28.25
28.15	28.26
28.15	28.27
28.4	28.28
28.13	28.29
28.4	28.30
28.9	28.31
28.12	28.32
28.4	28.33
28.4	28.34
28.9	28.35
28.9	28.36
28.3	28.37
28.4	28.38
28.6	28.39
28.4	28.40
28.9	28.41
28.7	28.42
28.4	28.43
28.15	28.44
28.2	28.45
28.10	28.46
28.15	28.47
28.5	28.48
28.4	28.49
28.4	28.50
28.4	28.51
28.4	28.52
28.4	28.53
28.14	28.54
28.15	28.55
28.4	28.56
28.11	28.57
28.15	28.58
28.4	28.59
28.12	28.60
28.14	28.61
28.12	28.62
28.4	28.63
28.15	28.64
29.1	29.1
29.1	29.2
29.14	29.3
29.1	29.4
29.14	29.5
29.14	29.6
29.1	29.7
29.14	29.8
29.1	29.9
29.1	29.10
29.11	29.11
29.15	29.12
29.1	29.13
29.8	29.14
29.14	29.15
29.16	29.16
29.6	29.17
29.10	29.18
29.4	29.19
29.1	29.20
29.9	29.21
29.10	29.22
29.14	29.23
29.15	29.24
29.5	29.25
29.7	29.26
29.1	29.27
29.1	29.28
29.14	29.29
29.1	29.30
29.14	29.31
29.2	29.32
29.14	29.33
29.15	29.34
29.1	29.35
29.15	29.36
29.13	29.37
29.14	29.38
29.8	29.39
29.1	29.40
29.14	29.41
29.10	29.42
29.1	29.43
29.1	29.44
29.14	29.45
29.14	29.46
29.3	29.47
29.14	29.48
29.1	29.49
29.1	29.50
29.12	29.51
29.8	29.52
29.11	29.53
29.11	29.54
29.1	29.55
29.1	29.56
29.14	29.57
29.14	29.58
29.14	29.59
29.1	29.60
29.1	29.61
29.1	29.62
29.1	29.63
29.1	29.64
30.1	30.1
30.1	30.2
30.1	30.3
30.4	30.4
30.1	30.5
30.1	30.6
30.4	30.7
30.1	30.8
30.1	30.9
30.1	30.10
30.1	30.11
30.1	30.12
30.1	30.13
30.1	30.14
30.1	30.15
30.1	30.16
30.4	30.17
30.1	30.18
30.1	30.19
30.1	30.20
30.1	30.21
30.4	30.22
30.1	30.23
30.1	30.24
30.1	30.25
30.4	30.26
30.3	30.27
30.4	30.28
30.1	30.29
30.2	30.30
30.1	30.31
30.1	30.32
30.4	30.33
30.4	30.34
30.1	30.35
30.3	30.36
30.4	30.37
30.1	30.38
30.1	30.39
30.1	30.40
30.1	30.41
30.1	30.42
30.1	30.43
30.4	30.44
30.1	30.45
30.1	30.46
30.1	30.47
30.1	30.48
30.1	30.49
30.4	30.50
30.4	30.51
30.1	30.52
30.1	30.53
30.1	30.54
30.1	30.55
30.1	30.56
30.1	30.57
30.1	30.58
30.1	30.59
30.4	30.60
30.4	30.61
30.1	30.62
30.1	30.63
30.1	30.64
31.14	31.1
31.14	31.2
31.7	31.3
31.5	31.4
31.13	31.5
31.14	31.6
31.7	31.7
31.14	31.8
31.14	31.9
31.14	31.10
31.14	31.11
31.7	31.12
31.14	31.13
31.7	31.14
31.7	31.15
31.1	31.16
31.10	31.17
31.14	31.18
31.14	31.19
31.7	31.20
31.7	31.21
31.7	31.22
31.14	31.23
31.1	31.24
31.1	31.25
31.11	31.26
31.12	31.27
31.10	31.28
31.12	31.29
31.14	31.30
31.4	31.31
31.14	31.32
31.7	31.33
31.7	31.34
31.1	31.35
31.12	31.36
31.12	31.37
31.12	31.38
31.7	31.39
31.14	31.40
31.10	31.41
31.7	31.42
31.1	31.43
31.12	31.44
31.2	31.45
31.9	31.46
31.7	31.47
31.8	31.48
31.14	31.49
31.14	31.50
31.3	31.51
31.7	31.52
31.7	31.53
31.7	31.54
31.14	31.55
31.7	31.56
31.10	31.57
31.10	31.58
31.10	31.59
31.7	31.60
31.6	31.61
31.7	31.62
31.14	31.63
31.7	31.64
32.7	32.1
32.7	32.2
32.7	32.3
32.1	32.4
32.6	32.5
32.7	32.6
32.7	32.7
32.7	32.8
32.7	32.9
32.7	32.10
32.7	32.11
32.7	32.12
32.7	32.13
32.7	32.14
32.7	32.15
32.6	32.16
32.7	32.17
32.7	32.18
32.7	32.19
32.3	32.20
32.7	32.21
32.7	32.22
32.3	32.23
32.1	32.24
32.7	32.25
32.7	32.26
32.7	32.27
32.7	32.28
32.7	32.29
32.7	32.30
32.7	32.31
32.7	32.32
32.7	32.33
32.7	32.34
32.7	32.35
32.7	32.36
32.5	32.37
32.7	32.38
32.7	32.39
32.4	32.40
32.7	32.41
32.7	32.42
32.1	32.43
32.2	32.44
32.6	32.45
32.7	32.46
32.7	32.47
32.3	32.48
32.7	32.49
32.3	32.50
32.1	32.51
32.1	32.52
32.7	32.53
32.1	32.54
32.7	32.55
32.7	32.56
32.7	32.57
32.7	32.58
32.7	32.59
32.7	32.60
32.7	32.61
32.7	32.62
32.7	32.63
32.3	32.64
33.12	33.1
33.5	33.2
33.16	33.3
33.16	33.4
33.12	33.5
33.11	33.6
33.16	33.7
33.13	33.8
33.3	33.9
33.13	33.10
33.3	33.11
33.13	33.12
33.13	33.13
33.16	33.14
33.10	33.15
33.9	33.16
33.3	33.17
33.16	33.18
33.2	33.19
33.1	33.20
33.6	33.21
33.13	33.22
33.7	33.23
33.3	33.24
33.6	33.25
33.16	33.26
33.16	33.27
33.13	33.28
33.16	33.29
33.16	33.30
33.3	33.31
33.10	33.32
33.13	33.33
33.3	33.34
33.10	33.35
33.16	33.36
33.3	33.37
33.16	33.38
33.16	33.39
33.3	33.40
33.3	33.41
33.11	33.42
33.16	33.43
33.10	33.44
33.16	33.45
33.12	33.46
33.11	33.47
33.12	33.48
33.15	33.49
33.3	33.50
33.3	33.51
33.3	33.52
33.11	33.53
33.14	33.54
33.5	33.55
33.4	33.56
33.16	33.57
33.16	33.58
33.3	33.59
33.9	33.60
33.12	33.61
33.8	33.62
33.13	33.63
33.16	33.64
34.10	34.1
34.1	34.2
34.1	34.3
34.9	34.4
34.9	34.5
34.9	34.6
34.9	34.7
34.10	34.8
34.9	34.9
34.10	34.10
34.10	34.11
34.1	34.12
34.12	34.13
34.9	34.14
34.9	34.15
34.9	34.16
34.1	34.17
34.1	34.18
34.9	34.19
34.9	34.20
34.10	34.21
34.9	34.22
34.9	34.23
34.9	34.24
34.1	34.25
34.10	34.26
34.7	34.27
34.1	34.28
34.9	34.29
34.7	34.30
34.8	34.31
34.9	34.32
34.1	34.33
34.3	34.34
34.9	34.35
34.12	34.36
34.1	34.37
34.1	34.38
34.10	34.39
34.9	34.40
34.1	34.41
34.11	34.42
34.2	34.43
34.9	34.44
34.4	34.45
34.12	34.46
34.1	34.47
34.9	34.48
34.10	34.49
34.6	34.50
34.12	34.51
34.9	34.52
34.10	34.53
34.10	34.54
34.9	34.55
34.9	34.56
34.7	34.57
34.7	34.58
34.5	34.59
34.9	34.60
34.1	34.61
34.12	34.62
34.12	34.63
34.9	34.64
35.13	35.1
35.12	35.2
35.1	35.3
35.12	35.4
35.13	35.5
35.6	35.6
35.13	35.7
35.12	35.8
35.14	35.9
35.13	35.10
35.13	35.11
35.2	35.12
35.13	35.13
35.12	35.14
35.12	35.15
35.12	35.16
35.15	35.17
35.13	35.18
35.12	35.19
35.13	35.20
35.12	35.21
35.13	35.22
35.8	35.23
35.13	35.24
35.12	35.25
35.12	35.26
35.1	35.27
35.13	35.28
35.12	35.29
35.14	35.30
35.9	35.31
35.13	35.32
35.15	35.33
35.15	35.34
35.12	35.35
35.1	35.36
35.12	35.37
35.16	35.38
35.1	35.39
35.12	35.40
35.12	35.41
35.12	35.42
35.1	35.43
35.7	35.44
35.15	35.45
35.12	35.46
35.12	35.47
35.12	35.48
35.4	35.49
35.12	35.50
35.12	35.51
35.16	35.52
35.12	35.53
35.12	35.54
35.12	35.55
35.12	35.56
35.13	35.57
35.5	35.58
35.13	35.59
35.11	35.60
35.8	35.61
35.10	35.62
35.10	35.63
35.3	35.64
36.12	36.1
36.8	36.2
36.7	36.3
36.11	36.4
36.7	36.5
36.8	36.6
36.8	36.7
36.12	36.8
36.12	36.9
36.8	36.10
36.8	36.11
36.9	36.12
36.1	36.13
36.8	36.14
36.8	36.15
36.8	36.16
36.4	36.17
36.8	36.18
36.8	36.19
36.8	36.20
36.12	36.21
36.8	36.22
36.3	36.23
36.10	36.24
36.8	36.25
36.8	36.26
36.12	36.27
36.8	36.28
36.8	36.29
36.10	36.30
36.8	36.31
36.8	36.32
36.12	36.33
36.8	36.34
36.8	36.35
36.8	36.36
36.5	36.37
36.14	36.38
36.10	36.39
36.6	36.40
36.8	36.41
36.12	36.42
36.10	36.43
36.3	36.44
36.12	36.45
36.15	36.46
36.12	36.47
36.10	36.48
36.12	36.49
36.8	36.50
36.8	36.51
36.12	36.52
36.8	36.53
36.2	36.54
36.8	36.55
36.8	36.56
36.13	36.57
36.10	36.58
36.8	36.59
36.15	36.60
36.12	36.61
36.8	36.62
36.12	36.63
36.1	36.64
37.1	37.1
37.1	37.2
37.1	37.3
37.6	37.4
37.1	37.5
37.1	37.6
37.1	37.7
37.10	37.8
37.1	37.9
37.1	37.10
37.10	37.11
37.9	37.12
37.1	37.13
37.1	37.14
37.1	37.15
37.2	37.16
37.10	37.17
37.1	37.18
37.1	37.19
37.1	37.20
37.10	37.21
37.1	37.22
37.9	37.23
37.1	37.24
37.1	37.25
37.1	37.26
37.7	37.27
37.1	37.28
37.10	37.29
37.1	37.30
37.5	37.31
37.1	37.32
37.1	37.33
37.8	37.34
37.1	37.35
37.9	37.36
37.1	37.37
37.1	37.38
37.1	37.39
37.1	37.40
37.1	37.41
37.1	37.42
37.1	37.43
37.1	37.44
37.1	37.45
37.1	37.46
37.1	37.47
37.1	37.48
37.1	37.49
37.1	37.50
37.3	37.51
37.1	37.52
37.10	37.53
37.10	37.54
37.9	37.55
37.6	37.56
37.10	37.57
37.10	37.58
37.1	37.59
37.1	37.60
37.1	37.61
37.1	37.62
37.10	37.63
37.4	37.64
38.11	38.1
38.11	38.2
38.11	38.3
38.11	38.4
38.11	38.5
38.11	38.6
38.11	38.7
38.4	38.8
38.11	38.9
38.11	38.10
38.11	38.11
38.2	38.12
38.8	38.13
38.9	38.14
38.11	38.15
38.11	38.16
38.11	38.17
38.4	38.18
38.11	38.19
38.11	38.20
38.11	38.21
38.10	38.22
38.11	38.23
38.4	38.24
38.11	38.25
38.11	38.26
38.8	38.27
38.11	38.28
38.4	38.29
38.11	38.30
38.11	38.31
38.4	38.32
38.4	38.33
38.8	38.34
38.11	38.35
38.11	38.36
38.7	38.37
38.11	38.38
38.4	38.39
38.11	38.40
38.7	38.41
38.11	38.42
38.11	38.43
38.6	38.44
38.11	38.45
38.3	38.46
38.11	38.47
38.4	38.48
38.11	38.49
38.4	38.50
38.1	38.51
38.11	38.52
38.11	38.53
38.4	38.54
38.5	38.55
38.11	38.56
38.11	38.57
38.11	38.58
38.7	38.59
38.11	38.60
38.11	38.61
38.4	38.62
38.4	38.63
38.11	38.64
39.1	39.1
39.1	39.2
39.10	39.3
39.10	39.4
39.1	39.5
39.1	39.6
39.11	39.7
39.8	39.8
39.1	39.9
39.11	39.10
39.3	39.11
39.11	39.12
39.5	39.13
39.2	39.14
39.10	39.15
39.1	39.16
39.10	39.17
39.1	39.18
39.5	39.19
39.10	39.20
39.10	39.21
39.10	39.22
39.1	39.23
39.1	39.24
39.1	39.25
39.10	39.26
39.1	39.27
39.11	39.28
39.10	39.29
39.10	39.30
39.1	39.31
39.1	39.32
39.6	39.33
39.10	39.34
39.1	39.35
39.7	39.36
39.10	39.37
39.1	39.38
39.1	39.39
39.1	39.40
39.7	39.41
39.10	39.42
39.1	39.43
39.4	39.44
39.1	39.45
39.1	39.46
39.9	39.47
39.1	39.48
39.1	39.49
39.10	39.50
39.10	39.51
39.10	39.52
39.1	39.53
39.10	39.54
39.10	39.55
39.1	39.56
39.10	39.57
39.1	39.58
39.1	39.59
39.10	39.60
39.9	39.61
39.1	39.62
39.12	39.63
39.10	39.64
40.8	40.1
40.8	40.2
40.8	40.3
40.1	40.4
40.1	40.5
40.8	40.6
40.8	40.7
40.8	40.8
40.8	40.9
40.8	40.10
40.8	40.11
40.8	40.12
40.8	40.13
40.8	40.14
40.8	40.15
40.8	40.16
40.8	40.17
40.4	40.18
40.3	40.19
40.7	40.20
40.8	40.21
40.8	40.22
40.8	40.23
40.8	40.24
40.1	40.25
40.1	40.26
40.7	40.27
40.8	40.28
40.8	40.29
40.5	40.30
40.8	40.31
40.8	40.32
40.8	40.33
40.1	40.34
40.8	40.35
40.8	40.36
40.1	40.37
40.8	40.38
40.8	40.39
40.8	40.40
40.8	40.41
40.8	40.42
40.2	40.43
40.8	40.44
40.8	40.45
40.8	40.46
40.8	40.47
40.6	40.48
40.3	40.49
40.8	40.50
40.8	40.51
40.8	40.52
40.8	40.53
40.1	40.54
40.8	40.55
40.8	40.56
40.8	40.57
40.1	40.58
40.8	40.59
40.1	40.60
40.1	40.61
40.6	40.62
40.7	40.63
40.8	40.64
41.9	41.1
41.1	41.2
41.9	41.3
41.1	41.4
41.1	41.5
41.11	41.6
41.1	41.7
41.1	41.8
41.3	41.9
41.9	41.10
41.15	41.11
41.1	41.12
41.9	41.13
41.9	41.14
41.1	41.15
41.1	41.16
41.1	41.17
41.13	41.18
41.16	41.19
41.15	41.20
41.15	41.21
41.1	41.22
41.1	41.23
41.1	41.24
41.12	41.25
41.1	41.26
41.9	41.27
41.1	41.28
41.1	41.29
41.15	41.30
41.15	41.31
41.9	41.32
41.6	41.33
41.14	41.34
41.1	41.35
41.11	41.36
41.9	41.37
41.9	41.38
41.9	41.39
41.4	41.40
41.8	41.41
41.9	41.42
41.1	41.43
41.9	41.44
41.5	41.45
41.9	41.46
41.10	41.47
41.1	41.48
41.2	41.49
41.15	41.50
41.9	41.51
41.9	41.52
41.1	41.53
41.1	41.54
41.11	41.55
41.15	41.56
41.1	41.57
41.1	41.58
41.9	41.59
41.1	41.60
41.11	41.61
41.15	41.62
41.7	41.63
41.15	41.64
42.13	42.1
42.9	42.2
42.9	42.3
42.13	42.4
42.13	42.5
42.11	42.6
42.13	42.7
42.1	42.8
42.1	42.9
42.8	42.10
42.9	42.11
42.13	42.12
42.9	42.13
42.11	42.14
42.9	42.15
42.8	42.16
42.5	42.17
42.8	42.18
42.11	42.19
42.9	42.20
42.13	42.21
42.10	42.22
42.9	42.23
42.13	42.24
42.9	42.25
42.1	42.26
42.13	42.27
42.1	42.28
42.10	42.29
42.13	42.30
42.1	42.31
42.1	42.32
42.9	42.33
42.13	42.34
42.8	42.35
42.13	42.36
42.11	42.37
42.13	42.38
42.9	42.39
42.4	42.40
42.9	42.41
42.13	42.42
42.11	42.43
42.13	42.44
42.1	42.45
42.13	42.46
42.13	42.47
42.12	42.48
42.10	42.49
42.6	42.50
42.14	42.51
42.1	42.52
42.7	42.53
42.7	42.54
42.2	42.55
42.9	42.56
42.3	42.57
42.1	42.58
42.13	42.59
42.9	42.60
42.1	42.61
42.13	42.62
42.9	42.63
42.9	42.64
43.6	43.1
43.19	43.2
43.15	43.3
43.15	43.4
43.19	43.5
43.16	43.6
43.15	43.7
43.2	43.8
43.6	43.9
43.6	43.10
43.5	43.11
43.14	43.12
43.9	43.13
43.1	43.14
43.19	43.15
43.19	43.16
43.17	43.17
43.19	43.18
43.19	43.19
43.13	43.20
43.15	43.21
43.12	43.22
43.19	43.23
43.15	43.24
43.17	43.25
43.12	43.26
43.6	43.27
43.15	43.28
43.19	43.29
43.12	43.30
43.15	43.31
43.13	43.32
43.12	43.33
43.18	43.34
43.9	43.35
43.11	43.36
43.15	43.37
43.13	43.38
43.17	43.39
43.6	43.40
43.15	43.41
43.15	43.42
43.17	43.43
43.7	43.44
43.13	43.45
43.3	43.46
43.6	43.47
43.9	43.48
43.12	43.49
43.4	43.50
43.8	43.51
43.13	43.52
43.12	43.53
43.12	43.54
43.10	43.55
43.19	43.56
43.6	43.57
43.12	43.58
43.6	43.59
43.12	43.60
43.6	43.61
43.6	43.62
43.12	43.63
43.12	43.64
44.4	44.1
44.4	44.2
44.4	44.3
44.4	44.4
44.4	44.5
44.4	44.6
44.4	44.7
44.6	44.8
44.1	44.9
44.4	44.10
44.4	44.11
44.4	44.12
44.4	44.13
44.1	44.14
44.4	44.15
44.4	44.16
44.3	44.17
44.4	44.18
44.4	44.19
44.4	44.20
44.4	44.21
44.4	44.22
44.4	44.23
44.4	44.24
44.4	44.25
44.4	44.26
44.4	44.27
44.4	44.28
44.4	44.29
44.4	44.30
44.1	44.31
44.1	44.32
44.4	44.33
44.4	44.34
44.4	44.35
44.4	44.36
44.4	44.37
44.4	44.38
44.4	44.39
44.1	44.40
44.4	44.41
44.4	44.42
44.4	44.43
44.4	44.44
44.4	44.45
44.2	44.46
44.4	44.47
44.4	44.48
44.4	44.49
44.1	44.50
44.5	44.51
44.4	44.52
44.1	44.53
44.4	44.54
44.5	44.55
44.1	44.56
44.1	44.57
44.5	44.58
44.1	44.59
44.4	44.60
44.1	44.61
44.4	44.62
44.1	44.63
44.1	44.64
45.6	45.1
45.6	45.2
45.6	45.3
45.6	45.4
45.6	45.5
45.6	45.6
45.1	45.7
45.6	45.8
45.8	45.9
45.6	45.10
45.6	45.11
45.6	45.12
45.6	45.13
45.1	45.14
45.6	45.15
45.6	45.16
45.6	45.17
45.6	45.18
45.6	45.19
45.7	45.20
45.6	45.21
45.4	45.22
45.6	45.23
45.6	45.24
45.6	45.25
45.3	45.26
45.6	45.27
45.6	45.28
45.6	45.29
45.6	45.30
45.6	45.31
45.1	45.32
45.5	45.33
45.1	45.34
45.8	45.35
45.6	45.36
45.9	45.37
45.6	45.38
45.7	45.39
45.1	45.40
45.1	45.41
45.6	45.42
45.6	45.43
45.6	45.44
45.6	45.45
45.6	45.46
45.6	45.47
45.7	45.48
45.6	45.49
45.1	45.50
45.6	45.51
45.6	45.52
45.1	45.53
45.6	45.54
45.6	45.55
45.2	45.56
45.1	45.57
45.1	45.58
45.6	45.59
45.1	45.60
45.1	45.61
45.1	45.62
45.7	45.63
45.6	45.64
46.8	46.1
46.10	46.2
46.1	46.3
46.8	46.4
46.10	46.5
46.8	46.6
46.8	46.7
46.8	46.8
46.8	46.9
46.8	46.10
46.1	46.11
46.6	46.12
46.8	46.13
46.8	46.14
46.8	46.15
46.10	46.16
46.6	46.17
46.1	46.18
46.8	46.19
46.1	46.20
46.1	46.21
46.8	46.22
46.8	46.23
46.9	46.24
46.1	46.25
46.5	46.26
46.8	46.27
46.8	46.28
46.8	46.29
46.8	46.30
46.8	46.31
46.10	46.32
46.8	46.33
46.6	46.34
46.8	46.35
46.10	46.36
46.8	46.37
46.10	46.38
46.10	46.39
46.8	46.40
46.1	46.41
46.2	46.42
46.1	46.43
46.10	46.44
46.10	46.45
46.9	46.46
46.8	46.47
46.8	46.48
46.10	46.49
46.10	46.50
46.4	46.51
46.6	46.52
46.10	46.53
46.3	46.54
46.1	46.55
46.8	46.56
46.6	46.57
46.8	46.58
46.9	46.59
46.10	46.60
46.7	46.61
46.10	46.62
46.8	46.63
46.8	46.64
47.9	47.1
47.12	47.2
47.14	47.3
47.8	47.4
47.5	47.5
47.10	47.6
47.14	47.7
47.9	47.8
47.15	47.9
47.8	47.10
47.9	47.11
47.1	47.12
47.9	47.13
47.9	47.14
47.10	47.15
47.8	47.16
47.6	47.17
47.5	47.18
47.5	47.19
47.7	47.20
47.8	47.21
47.5	47.22
47.9	47.23
47.5	47.24
47.9	47.25
47.7	47.26
47.9	47.27
47.5	47.28
47.5	47.29
47.10	47.30
47.5	47.31
47.8	47.32
47.14	47.33
47.1	47.34
47.5	47.35
47.5	47.36
47.14	47.37
47.13	47.38
47.5	47.39
47.5	47.40
47.9	47.41
47.10	47.42
47.3	47.43
47.5	47.44
47.9	47.45
47.10	47.46
47.10	47.47
47.9	47.48
47.10	47.49
47.5	47.50
47.9	47.51
47.4	47.52
47.10	47.53
47.15	47.54
47.12	47.55
47.5	47.56
47.9	47.57
47.14	47.58
47.8	47.59
47.2	47.60
47.11	47.61
47.5	47.62
47.8	47.63
47.9	47.64
48.5	48.1
48.12	48.2
48.7	48.3
48.5	48.4
48.5	48.5
48.8	48.6
48.12	48.7
48.5	48.8
48.1	48.9
48.8	48.10
48.4	48.11
48.7	48.12
48.7	48.13
48.10	48.14
48.12	48.15
48.12	48.16
48.8	48.17
48.9	48.18
48.5	48.19
48.1	48.20
48.5	48.21
48.1	48.22
48.8	48.23
48.1	48.24
48.8	48.25
48.1	48.26
48.8	48.27
48.12	48.28
48.12	48.29
48.2	48.30
48.7	48.31
48.12	48.32
48.11	48.33
48.7	48.34
48.5	48.35
48.5	48.36
48.1	48.37
48.10	48.38
48.12	48.39
48.8	48.40
48.8	48.41
48.7	48.42
48.12	48.43
48.12	48.44
48.5	48.45
48.6	48.46
48.1	48.47
48.10	48.48
48.10	48.49
48.3	48.50
48.5	48.51
48.8	48.52
48.5	48.53
48.8	48.54
48.7	48.55
48.7	48.56
48.12	48.57
48.5	48.58
48.5	48.59
48.5	48.60
48.7	48.61
48.5	48.62
48.5	48.63
48.8	48.64
49.13	49.1
49.1	49.2
49.14	49.3
49.13	49.4
49.10	49.5
49.14	49.6
49.10	49.7
49.14	49.8
49.14	49.9
49.9	49.10
49.2	49.11
49.13	49.12
49.14	49.13
49.12	49.14
49.14	49.15
49.10	49.16
49.1	49.17
49.7	49.18
49.14	49.19
49.14	49.20
49.1	49.21
49.4	49.22
49.13	49.23
49.14	49.24
49.13	49.25
49.14	49.26
49.13	49.27
49.13	49.28
49.1	49.29
49.1	49.30
49.13	49.31
49.1	49.32
49.10	49.33
49.13	49.34
49.1	49.35
49.1	49.36
49.13	49.37
49.1	49.38
49.13	49.39
49.14	49.40
49.5	49.41
49.9	49.42
49.13	49.43
49.14	49.44
49.1	49.45
49.10	49.46
49.13	49.47
49.13	49.48
49.1	49.49
49.14	49.50
49.3	49.51
49.14	49.52
49.13	49.53
49.7	49.54
49.13	49.55
49.14	49.56
49.6	49.57
49.9	49.58
49.13	49.59
49.13	49.60
49.14	49.61
49.11	49.62
49.15	49.63
49.8	49.64
50.6	50.1
50.6	50.2
50.10	50.3
50.10	50.4
50.10	50.5
50.6	50.6
50.6	50.7
50.6	50.8
50.6	50.9
50.6	50.10
50.4	50.11
50.10	50.12
50.6	50.13
50.6	50.14
50.6	50.15
50.4	50.16
50.10	50.17
50.10	50.18
50.6	50.19
50.10	50.20
50.6	50.21
50.10	50.22
50.10	50.23
50.6	50.24
50.6	50.25
50.10	50.26
50.10	50.27
50.6	50.28
50.6	50.29
50.2	50.30
50.10	50.31
50.6	50.32
50.4	50.33
50.10	50.34
50.6	50.35
50.6	50.36
50.10	50.37
50.6	50.38
50.1	50.39
50.6	50.40
50.6	50.41
50.7	50.42
50.5	50.43
50.4	50.44
50.6	50.45
50.6	50.46
50.6	50.47
50.8	50.48
50.10	50.49
50.6	50.50
50.9	50.51
50.6	50.52
50.4	50.53
50.10	50.54
50.6	50.55
50.6	50.56
50.10	50.57
50.3	50.58
50.6	50.59
50.6	50.60
50.7	50.61
50.6	50.62
50.6	50.63
50.10	50.64
51.8	51.1
51.9	51.2
51.9	51.3
51.6	51.4
51.8	51.5
51.9	51.6
51.9	51.7
51.8	51.8
51.1	51.9
51.1	51.10
51.1	51.11
51.7	51.12
51.9	51.13
51.8	51.14
51.8	51.15
51.9	51.16
51.1	51.17
51.7	51.18
51.9	51.19
51.1	51.20
51.4	51.21
51.9	51.22
51.7	51.23
51.9	51.24
51.7	51.25
51.9	51.26
51.1	51.27
51.5	51.28
51.9	51.29
51.5	51.30
51.1	51.31
51.9	51.32
51.1	51.33
51.2	51.34
51.9	51.35
51.9	51.36
51.8	51.37
51.9	51.38
51.9	51.39
51.9	51.40
51.9	51.41
51.9	51.42
51.6	51.43
51.1	51.44
51.5	51.45
51.1	51.46
51.8	51.47
51.9	51.48
51.1	51.49
51.9	51.50
51.8	51.51
51.5	51.52
51.1	51.53
51.9	51.54
51.9	51.55
51.1	51.56
51.1	51.57
51.3	51.58
51.9	51.59
51.6	51.60
51.1	51.61
51.9	51.62
51.8	51.63
51.1	51.64
52.13	52.1
52.13	52.2
52.13	52.3
52.13	52.4
52.13	52.5
52.13	52.6
52.9	52.7
52.13	52.8
52.13	52.9
52.6	52.10
52.1	52.11
52.13	52.12
52.8	52.13
52.13	52.14
52.8	52.15
52.11	52.16
52.13	52.17
52.8	52.18
52.11	52.19
52.13	52.20
52.11	52.21
52.13	52.22
52.7	52.23
52.8	52.24
52.13	52.25
52.13	52.26
52.13	52.27
52.8	52.28
52.13	52.29
52.8	52.30
52.13	52.31
52.12	52.32
52.10	52.33
52.13	52.34
52.11	52.35
52.11	52.36
52.8	52.37
52.9	52.38
52.8	52.39
52.8	52.40
52.13	52.41
52.9	52.42
52.13	52.43
52.11	52.44
52.11	52.45
52.8	52.46
52.3	52.47
52.11	52.48
52.8	52.49
52.13	52.50
52.10	52.51
52.13	52.52
52.2	52.53
52.6	52.54
52.13	52.55
52.8	52.56
52.5	52.57
52.4	52.58
52.13	52.59
52.1	52.60
52.1	52.61
52.9	52.62
52.13	52.63
52.8	52.64
53.1	53.1
53.1	53.2
53.1	53.3
53.1	53.4
53.1	53.5
53.1	53.6
53.8	53.7
53.8	53.8
53.1	53.9
53.1	53.10
53.1	53.11
53.1	53.12
53.1	53.13
53.8	53.14
53.6	53.15
53.1	53.16
53.1	53.17
53.6	53.18
53.8	53.19
53.1	53.20
53.1	53.21
53.1	53.22
53.1	53.23
53.4	53.24
53.8	53.25
53.1	53.26
53.1	53.27
53.7	53.28
53.8	53.29
53.8	53.30
53.3	53.31
53.1	53.32
53.6	53.33
53.1	53.34
53.8	53.35
53.8	53.36
53.1	53.37
53.8	53.38
53.3	53.39
53.1	53.40
53.8	53.41
53.1	53.42
53.5	53.43
53.1	53.44
53.6	53.45
53.1	53.46
53.1	53.47
53.8	53.48
53.1	53.49
53.8	53.50
53.1	53.51
53.2	53.52
53.1	53.53
53.8	53.54
53.1	53.55
53.1	53.56
53.8	53.57
53.1	53.58
53.1	53.59
53.1	53.60
53.1	53.61
53.1	53.62
53.1	53.63
53.1	53.64
54.1	54.1
54.1	54.2
54.15	54.3
54.10	54.4
54.1	54.5
54.10	54.6
54.10	54.7
54.10	54.8
54.10	54.9
54.10	54.10
54.13	54.11
54.10	54.12
54.10	54.13
54.10	54.14
54.1	54.15
54.10	54.16
54.15	54.17
54.7	54.18
54.10	54.19
54.15	54.20
54.10	54.21
54.13	54.22
54.15	54.23
54.2	54.24
54.8	54.25
54.9	54.26
54.13	54.27
54.15	54.28
54.1	54.29
54.1	54.30
54.1	54.31
54.7	54.32
54.15	54.33
54.13	54.34
54.1	54.35
54.16	54.36
54.13	54.37
54.10	54.38
54.1	54.39
54.14	54.40
54.6	54.41
54.10	54.42
54.10	54.43
54.3	54.44
54.1	54.45
54.13	54.46
54.15	54.47
54.12	54.48
54.10	54.49
54.13	54.50
54.15	54.51
54.13	54.52
54.10	54.53
54.11	54.54
54.13	54.55
54.10	54.56
54.13	54.57
54.10	54.58
54.4	54.59
54.5	54.60
54.15	54.61
54.1	54.62
54.10	54.63
54.10	54.64
55.4	55.1
55.8	55.2
55.5	55.3
55.8	55.4
55.4	55.5
55.7	55.6
55.4	55.7
55.4	55.8
55.1	55.9
55.4	55.10
55.8	55.11
55.7	55.12
55.4	55.13
55.4	55.14
55.4	55.15
55.4	55.16
55.8	55.17
55.4	55.18
55.8	55.19
55.6	55.20
55.4	55.21
55.8	55.22
55.2	55.23
55.4	55.24
55.4	55.25
55.4	55.26
55.4	55.27
55.4	55.28
55.4	55.29
55.8	55.30
55.7	55.31
55.8	55.32
55.4	55.33
55.4	55.34
55.4	55.35
55.8	55.36
55.8	55.37
55.1	55.38
55.4	55.39
55.8	55.40
55.3	55.41
55.4	55.42
55.4	55.43
55.4	55.44
55.4	55.45
55.4	55.46
55.4	55.47
55.8	55.48
55.8	55.49
55.4	55.50
55.4	55.51
55.4	55.52
55.4	55.53
55.4	55.54
55.4	55.55
55.4	55.56
55.4	55.57
55.8	55.58
55.4	55.59
55.8	55.60
55.7	55.61
55.4	55.62
55.4	55.63
55.4	55.64
56.1	56.1
56.1	56.2
56.1	56.3
56.13	56.4
56.8	56.5
56.2	56.6
56.12	56.7
56.13	56.8
56.1	56.9
56.1	56.10
56.13	56.11
56.1	56.12
56.13	56.13
56.13	56.14
56.12	56.15
56.1	56.16
56.1	56.17
56.13	56.18
56.6	56.19
56.13	56.20
56.13	56.21
56.8	56.22
56.13	56.23
56.13	56.24
56.13	56.25
56.13	56.26
56.14	56.27
56.13	56.28
56.1	56.29
56.1	56.30
56.4	56.31
56.10	56.32
56.1	56.33
56.1	56.34
56.14	56.35
56.13	56.36
56.1	56.37
56.12	56.38
56.14	56.39
56.13	56.40
56.10	56.41
56.1	56.42
56.14	56.43
56.14	56.44
56.1	56.45
56.1	56.46
56.1	56.47
56.13	56.48
56.6	56.49
56.11	56.50
56.1	56.51
56.13	56.52
56.5	56.53
56.12	56.54
56.7	56.55
56.13	56.56
56.11	56.57
56.3	56.58
56.3	56.59
56.9	56.60
56.13	56.61
56.1	56.62
56.1	56.63
56.1	56.64
57.13	57.1
57.13	57.2
57.13	57.3
57.1	57.4
57.1	57.5
57.13	57.6
57.13	57.7
57.13	57.8
57.13	57.9
57.13	57.10
57.13	57.11
57.13	57.12
57.13	57.13
57.13	57.14
57.12	57.15
57.13	57.16
57.1	57.17
57.13	57.18
57.13	57.19
57.10	57.20
57.13	57.21
57.5	57.22
57.13	57.23
57.13	57.24
57.1	57.25
57.11	57.26
57.13	57.27
57.1	57.28
57.2	57.29
57.1	57.30
57.1	57.31
57.13	57.32
57.1	57.33
57.1	57.34
57.12	57.35
57.1	57.36
57.3	57.37
57.1	57.38
57.13	57.39
57.14	57.40
57.12	57.41
57.8	57.42
57.1	57.43
57.13	57.44
57.13	57.45
57.13	57.46
57.9	57.47
57.13	57.48
57.6	57.49
57.1	57.50
57.13	57.51
57.8	57.52
57.10	57.53
57.10	57.54
57.13	57.55
57.13	57.56
57.4	57.57
57.12	57.58
57.14	57.59
57.11	57.60
57.7	57.61
57.1	57.62
57.1	57.63
57.8	57.64
58.1	58.1
58.1	58.2
58.5	58.3
58.1	58.4
58.1	58.5
58.1	58.6
58.1	58.7
58.1	58.8
58.5	58.9
58.1	58.10
58.1	58.11
58.1	58.12
58.1	58.13
58.6	58.14
58.7	58.15
58.5	58.16
58.1	58.17
58.1	58.18
58.4	58.19
58.5	58.20
58.1	58.21
58.4	58.22
58.1	58.23
58.1	58.24
58.5	58.25
58.5	58.26
58.1	58.27
58.1	58.28
58.1	58.29
58.1	58.30
58.5	58.31
58.1	58.32
58.1	58.33
58.1	58.34
58.1	58.35
58.1	58.36
58.1	58.37
58.5	58.38
58.5	58.39
58.1	58.40
58.1	58.41
58.1	58.42
58.4	58.43
58.5	58.44
58.1	58.45
58.4	58.46
58.1	58.47
58.1	58.48
58.5	58.49
58.1	58.50
58.6	58.51
58.4	58.52
58.1	58.53
58.3	58.54
58.5	58.55
58.1	58.56
58.1	58.57
58.1	58.58
58.5	58.59
58.5	58.60
58.5	58.61
58.1	58.62
58.1	58.63
58.2	58.64
59.8	59.1
59.8	59.2
59.5	59.3
59.8	59.4
59.1	59.5
59.8	59.6
59.1	59.7
59.8	59.8
59.8	59.9
59.10	59.10
59.8	59.11
59.8	59.12
59.10	59.13
59.8	59.14
59.8	59.15
59.1	59.16
59.5	59.17
59.8	59.18
59.8	59.19
59.5	59.20
59.8	59.21
59.8	59.22
59.8	59.23
59.7	59.24
59.8	59.25
59.8	59.26
59.8	59.27
59.10	59.28
59.1	59.29
59.8	59.30
59.8	59.31
59.9	59.32
59.1	59.33
59.6	59.34
59.10	59.35
59.1	59.36
59.3	59.37
59.4	59.38
59.8	59.39
59.8	59.40
59.5	59.41
59.10	59.42
59.8	59.43
59.1	59.44
59.8	59.45
59.8	59.46
59.1	59.47
59.8	59.48
59.1	59.49
59.8	59.50
59.8	59.51
59.8	59.52
59.5	59.53
59.8	59.54
59.8	59.55
59.8	59.56
59.10	59.57
59.9	59.58
59.8	59.59
59.5	59.60
59.5	59.61
59.8	59.62
59.2	59.63
59.8	59.64
60.1	60.1
60.1	60.2
60.1	60.3
60.1	60.4
60.1	60.5
60.1	60.6
60.1	60.7
60.1	60.8
60.1	60.9
60.1	60.10
60.1	60.11
60.1	60.12
60.1	60.13
60.1	60.14
60.1	60.15
60.1	60.16
60.3	60.17
60.1	60.18
60.3	60.19
60.1	60.20
60.1	60.21
60.1	60.22
60.1	60.23
60.1	60.24
60.1	60.25
60.1	60.26
60.1	60.27
60.1	60.28
60.1	60.29
60.3	60.30
60.1	60.31
60.1	60.32
60.1	60.33
60.1	60.34
60.1	60.35
60.2	60.36
60.3	60.37
60.1	60.38
60.3	60.39
60.1	60.40
60.1	60.41
60.1	60.42
60.1	60.43
60.1	60.44
60.3	60.45
60.1	60.46
60.1	60.47
60.1	60.48
60.1	60.49
60.1	60.50
60.1	60.51
60.1	60.52
60.3	60.53
60.1	60.54
60.1	60.55
60.1	60.56
60.1	60.57
60.1	60.58
60.1	60.59
60.1	60.60
60.3	60.61
60.3	60.62
60.3	60.63
60.1	60.64
61.1	61.1
61.5	61.2
61.7	61.3
61.1	61.4
61.5	61.5
61.7	61.6
61.8	61.7
61.8	61.8
61.5	61.9
61.7	61.10
61.1	61.11
61.5	61.12
61.1	61.13
61.5	61.14
61.1	61.15
61.8	61.16
61.7	61.17
61.1	61.18
61.8	61.19
61.5	61.20
61.7	61.21
61.5	61.22
61.1	61.23
61.3	61.24
61.5	61.25
61.5	61.26
61.1	61.27
61.7	61.28
61.4	61.29
61.4	61.30
61.8	61.31
61.8	61.32
61.1	61.33
61.1	61.34
61.4	61.35
61.8	61.36
61.1	61.37
61.5	61.38
61.8	61.39
61.8	61.40
61.8	61.41
61.1	61.42
61.2	61.43
61.4	61.44
61.8	61.45
61.5	61.46
61.1	61.47
61.4	61.48
61.1	61.49
61.5	61.50
61.5	61.51
61.8	61.52
61.5	61.53
61.8	61.54
61.1	61.55
61.1	61.56
61.1	61.57
61.1	61.58
61.1	61.59
61.1	61.60
61.8	61.61
61.8	61.62
61.1	61.63
61.6	61.64
62.5	62.1
62.5	62.2
62.5	62.3
62.5	62.4
62.5	62.5
62.5	62.6
62.7	62.7
62.1	62.8
62.1	62.9
62.5	62.10
62.5	62.11
62.5	62.12
62.7	62.13
62.1	62.14
62.5	62.15
62.8	62.16
62.5	62.17
62.5	62.18
62.1	62.19
62.5	62.20
62.1	62.21
62.5	62.22
62.2	62.23
62.8	62.24
62.8	62.25
62.1	62.26
62.5	62.27
62.1	62.28
62.5	62.29
62.5	62.30
62.4	62.31
62.8	62.32
62.1	62.33
62.1	62.34
62.8	62.35
62.6	62.36
62.5	62.37
62.8	62.38
62.5	62.39
62.1	62.40
62.5	62.41
62.1	62.42
62.8	62.43
62.5	62.44
62.5	62.45
62.5	62.46
62.5	62.47
62.8	62.48
62.8	62.49
62.5	62.50
62.5	62.51
62.1	62.52
62.3	62.53
62.1	62.54
62.5	62.55
62.8	62.56
62.5	62.57
62.8	62.58
62.1	62.59
62.5	62.60
62.5	62.61
62.1	62.62
62.5	62.63
62.1	62.64
63.9	63.1
63.6	63.2
63.6	63.3
63.6	63.4
63.6	63.5
63.6	63.6
63.1	63.7
63.6	63.8
63.1	63.9
63.6	63.10
63.6	63.11
63.9	63.12
63.6	63.13
63.9	63.14
63.6	63.15
63.6	63.16
63.6	63.17
63.9	63.18
63.1	63.19
63.1	63.20
63.9	63.21
63.6	63.22
63.9	63.23
63.9	63.24
63.6	63.25
63.8	63.26
63.6	63.27
63.6	63.28
63.6	63.29
63.6	63.30
63.6	63.31
63.6	63.32
63.6	63.33
63.9	63.34
63.9	63.35
63.6	63.36
63.1	63.37
63.6	63.38
63.6	63.39
63.6	63.40
63.6	63.41
63.6	63.42
63.2	63.43
63.4	63.44
63.7	63.45
63.9	63.46
63.6	63.47
63.9	63.48
63.8	63.49
63.6	63.50
63.3	63.51
63.5	63.52
63.9	63.53
63.6	63.54
63.6	63.55
63.1	63.56
63.9	63.57
63.1	63.58
63.6	63.59
63.6	63.60
63.6	63.61
63.6	63.62
63.6	63.63
63.1	63.64
64.1	64.1
64.1	64.2
64.5	64.3
64.1	64.4
64.1	64.5
64.3	64.6
64.5	64.7
64.5	64.8
64.6	64.9
64.6	64.10
64.3	64.11
64.5	64.12
64.1	64.13
64.6	64.14
64.5	64.15
64.5	64.16
64.5	64.17
64.5	64.18
64.5	64.19
64.5	64.20
64.5	64.21
64.5	64.22
64.5	64.23
64.6	64.24
64.1	64.25
64.6	64.26
64.6	64.27
64.1	64.28
64.2	64.29
64.5	64.30
64.5	64.31
64.6	64.32
64.5	64.33
64.6	64.34
64.1	64.35
64.1	64.36
64.5	64.37
64.5	64.38
64.4	64.39
64.5	64.40
64.6	64.41
64.5	64.42
64.6	64.43
64.5	64.44
64.6	64.45
64.5	64.46
64.4	64.47
64.5	64.48
64.6	64.49
64.6	64.50
64.4	64.51
64.5	64.52
64.6	64.53
64.6	64.54
64.6	64.55
64.6	64.56
64.5	64.57
64.5	64.58
64.6	64.59
64.5	64.60
64.1	64.61
64.6	64.62
64.5	64.63
64.4	64.64
65.4	65.1
65.5	65.2
65.7	65.3
65.5	65.4
65.5	65.5
65.4	65.6
65.6	65.7
65.5	65.8
65.5	65.9
65.5	65.10
65.5	65.11
65.4	65.12
65.5	65.13
65.5	65.14
65.8	65.15
65.5	65.16
65.5	65.17
65.5	65.18
65.5	65.19
65.6	65.20
65.5	65.21
65.5	65.22
65.6	65.23
65.6	65.24
65.5	65.25
65.6	65.26
65.5	65.27
65.4	65.28
65.2	65.29
65.6	65.30
65.5	65.31
65.6	65.32
65.1	65.33
65.5	65.34
65.5	65.35
65.5	65.36
65.4	65.37
65.5	65.38
65.5	65.39
65.5	65.40
65.5	65.41
65.5	65.42
65.4	65.43
65.5	65.44
65.6	65.45
65.4	65.46
65.6	65.47
65.5	65.48
65.5	65.49
65.6	65.50
65.4	65.51
65.5	65.52
65.4	65.53
65.5	65.54
65.5	65.55
65.3	65.56
65.5	65.57
65.5	65.58
65.5	65.59
65.5	65.60
65.5	65.61
65.5	65.62
65.4	65.63
65.6	65.64
66.1	66.1
66.11	66.2
66.1	66.3
66.1	66.4
66.11	66.5
66.11	66.6
66.9	66.7
66.1	66.8
66.11	66.9
66.1	66.10
66.11	66.11
66.1	66.12
66.3	66.13
66.11	66.14
66.11	66.15
66.1	66.16
66.9	66.17
66.1	66.18
66.5	66.19
66.11	66.20
66.1	66.21
66.6	66.22
66.9	66.23
66.7	66.24
66.1	66.25
66.1	66.26
66.1	66.27
66.1	66.28
66.10	66.29
66.11	66.30
66.9	66.31
66.11	66.32
66.9	66.33
66.9	66.34
66.9	66.35
66.4	66.36
66.7	66.37
66.9	66.38
66.11	66.39
66.1	66.40
66.11	66.41
66.11	66.42
66.11	66.43
66.9	66.44
66.5	66.45
66.11	66.46
66.11	66.47
66.11	66.48
66.6	66.49
66.9	66.50
66.7	66.51
66.9	66.52
66.6	66.53
66.5	66.54
66.11	66.55
66.7	66.56
66.11	66.57
66.10	66.58
66.9	66.59
66.8	66.60
66.7	66.61
66.1	66.62
66.2	66.63
66.11	66.64
67.9	67.1
67.1	67.2
67.9	67.3
67.1	67.4
67.7	67.5
67.9	67.6
67.9	67.7
67.9	67.8
67.7	67.9
67.1	67.10
67.6	67.11
67.1	67.12
67.1	67.13
67.8	67.14
67.9	67.15
67.5	67.16
67.9	67.17
67.1	67.18
67.1	67.19
67.7	67.20
67.1	67.21
67.7	67.22
67.4	67.23
67.8	67.24
67.7	67.25
67.9	67.26
67.1	67.27
67.9	67.28
67.9	67.29
67.9	67.30
67.2	67.31
67.9	67.32
67.5	67.33
67.1	67.34
67.9	67.35
67.9	67.36
67.1	67.37
67.9	67.38
67.1	67.39
67.5	67.40
67.1	67.41
67.1	67.42
67.7	67.43
67.9	67.44
67.3	67.45
67.1	67.46
67.1	67.47
67.1	67.48
67.7	67.49
67.5	67.50
67.9	67.51
67.6	67.52
67.6	67.53
67.1	67.54
67.1	67.55
67.9	67.56
67.1	67.57
67.1	67.58
67.7	67.59
67.5	67.60
67.5	67.61
67.5	67.62
67.5	67.63
67.7	67.64
68.6	68.1
68.6	68.2
68.8	68.3
68.6	68.4
68.6	68.5
68.5	68.6
68.6	68.7
68.1	68.8
68.9	68.9
68.9	68.10
68.6	68.11
68.7	68.12
68.9	68.13
68.6	68.14
68.6	68.15
68.1	68.16
68.9	68.17
68.9	68.18
68.9	68.19
68.9	68.20
68.9	68.21
68.5	68.22
68.6	68.23
68.9	68.24
68.6	68.25
68.6	68.26
68.9	68.27
68.4	68.28
68.5	68.29
68.1	68.30
68.6	68.31
68.6	68.32
68.1	68.33
68.6	68.34
68.6	68.35
68.7	68.36
68.3	68.37
68.6	68.38
68.6	68.39
68.6	68.40
68.6	68.41
68.9	68.42
68.1	68.43
68.9	68.44
68.8	68.45
68.1	68.46
68.5	68.47
68.9	68.48
68.9	68.49
68.9	68.50
68.2	68.51
68.6	68.52
68.6	68.53
68.9	68.54
68.9	68.55
68.9	68.56
68.5	68.57
68.8	68.58
68.9	68.59
68.6	68.60
68.6	68.61
68.1	68.62
68.6	68.63
68.9	68.64
69.1	69.1
69.10	69.2
69.11	69.3
69.1	69.4
69.11	69.5
69.9	69.6
69.11	69.7
69.5	69.8
69.1	69.9
69.1	69.10
69.11	69.11
69.12	69.12
69.12	69.13
69.11	69.14
69.2	69.15
69.1	69.16
69.11	69.17
69.1	69.18
69.12	69.19
69.1	69.20
69.8	69.21
69.1	69.22
69.1	69.23
69.4	69.24
69.4	69.25
69.11	69.26
69.12	69.27
69.1	69.28
69.1	69.29
69.9	69.30
69.1	69.31
69.1	69.32
69.1	69.33
69.13	69.34
69.1	69.35
69.6	69.36
69.6	69.37
69.1	69.38
69.1	69.39
69.11	69.40
69.1	69.41
69.12	69.42
69.9	69.43
69.11	69.44
69.7	69.45
69.11	69.46
69.1	69.47
69.1	69.48
69.1	69.49
69.13	69.50
69.1	69.51
69.10	69.52
69.1	69.53
69.10	69.54
69.1	69.55
69.1	69.56
69.12	69.57
69.1	69.58
69.1	69.59
69.3	69.60
69.11	69.61
69.1	69.62
69.1	69.63
69.1	69.64
70.1	70.1
70.9	70.2
70.1	70.3
70.9	70.4
70.9	70.5
70.12	70.6
70.6	70.7
70.1	70.8
70.9	70.9
70.8	70.10
70.9	70.11
70.1	70.12
70.8	70.13
70.7	70.14
70.1	70.15
70.7	70.16
70.1	70.17
70.1	70.18
70.1	70.19
70.9	70.20
70.9	70.21
70.9	70.22
70.8	70.23
70.1	70.24
70.10	70.25
70.5	70.26
70.1	70.27
70.9	70.28
70.1	70.29
70.8	70.30
70.1	70.31
70.4	70.32
70.2	70.33
70.3	70.34
70.8	70.35
70.9	70.36
70.9	70.37
70.9	70.38
70.8	70.39
70.1	70.40
70.8	70.41
70.9	70.42
70.10	70.43
70.7	70.44
70.10	70.45
70.9	70.46
70.9	70.47
70.1	70.48
70.1	70.49
70.9	70.50
70.1	70.51
70.9	70.52
70.10	70.53
70.1	70.54
70.1	70.55
70.11	70.56
70.7	70.57
70.1	70.58
70.9	70.59
70.1	70.60
70.9	70.61
70.9	70.62
70.8	70.63
70.9	70.64
71.4	71.1
71.13	71.2
71.1	71.3
71.1	71.4
71.13	71.5
71.13	71.6
71.1	71.7
71.13	71.8
71.1	71.9
71.1	71.10
71.13	71.11
71.13	71.12
71.13	71.13
71.1	71.14
71.13	71.15
71.13	71.16
71.1	71.17
71.1	71.18
71.13	71.19
71.13	71.20
71.13	71.21
71.5	71.22
71.1	71.23
71.13	71.24
71.9	71.25
71.4	71.26
71.12	71.27
71.13	71.28
71.13	71.29
71.13	71.30
71.1	71.31
71.13	71.32
71.10	71.33
71.9	71.34
71.13	71.35
71.2	71.36
71.1	71.37
71.13	71.38
71.1	71.39
71.11	71.40
71.9	71.41
71.12	71.42
71.1	71.43
71.3	71.44
71.9	71.45
71.13	71.46
71.13	71.47
71.1	71.48
71.12	71.49
71.7	71.50
71.1	71.51
71.8	71.52
71.9	71.53
71.1	71.54
71.1	71.55
71.13	71.56
71.11	71.57
71.4	71.58
71.8	71.59
71.6	71.60
71.1	71.61
71.1	71.62
71.13	71.63
71.1	71.64
72.1	72.1
72.6	72.2
72.1	72.3
72.1	72.4
72.1	72.5
72.1	72.6
72.1	72.7
72.1	72.8
72.1	72.9
72.1	72.10
72.1	72.11
72.2	72.12
72.1	72.13
72.5	72.14
72.1	72.15
72.1	72.16
72.1	72.17
72.7	72.18
72.1	72.19
72.1	72.20
72.1	72.21
72.1	72.22
72.1	72.23
72.1	72.24
72.1	72.25
72.1	72.26
72.1	72.27
72.5	72.28
72.4	72.29
72.5	72.30
72.1	72.31
72.1	72.32
72.4	72.33
72.1	72.34
72.1	72.35
72.1	72.36
72.1	72.37
72.4	72.38
72.1	72.39
72.1	72.40
72.5	72.41
72.1	72.42
72.1	72.43
72.4	72.44
72.4	72.45
72.1	72.46
72.1	72.47
72.5	72.48
72.1	72.49
72.3	72.50
72.1	72.51
72.1	72.52
72.4	72.53
72.1	72.54
72.1	72.55
72.6	72.56
72.1	72.57
72.1	72.58
72.1	72.59
72.6	72.60
72.1	72.61
72.1	72.62
72.3	72.63
72.4	72.64
73.1	73.1
73.1	73.2
73.5	73.3
73.1	73.4
73.2	73.5
73.1	73.6
73.1	73.7
73.1	73.8
73.1	73.9
73.1	73.10
73.1	73.11
73.1	73.12
73.1	73.13
73.1	73.14
73.1	73.15
73.1	73.16
73.1	73.17
73.1	73.18
73.1	73.19
73.5	73.20
73.5	73.21
73.1	73.22
73.1	73.23
73.5	73.24
73.5	73.25
73.1	73.26
73.1	73.27
73.4	73.28
73.3	73.29
73.1	73.30
73.5	73.31
73.1	73.32
73.1	73.33
73.1	73.34
73.5	73.35
73.1	73.36
73.1	73.37
73.1	73.38
73.5	73.39
73.1	73.40
73.1	73.41
73.1	73.42
73.1	73.43
73.5	73.44
73.1	73.45
73.1	73.46
73.1	73.47
73.5	73.48
73.1	73.49
73.1	73.50
73.1	73.51
73.1	73.52
73.1	73.53
73.3	73.54
73.5	73.55
73.3	73.56
73.1	73.57
73.1	73.58
73.1	73.59
73.1	73.60
73.5	73.61
73.1	73.62
73.3	73.63
73.1	73.64
74.12	74.1
74.12	74.2
74.11	74.3
74.4	74.4
74.11	74.5
74.4	74.6
74.12	74.7
74.8	74.8
74.11	74.9
74.12	74.10
74.11	74.11
74.11	74.12
74.11	74.13
74.11	74.14
74.12	74.15
74.12	74.16
74.11	74.17
74.11	74.18
74.12	74.19
74.11	74.20
74.12	74.21
74.4	74.22
74.12	74.23
74.11	74.24
74.12	74.25
74.4	74.26
74.10	74.27
74.12	74.28
74.11	74.29
74.11	74.30
74.11	74.31
74.4	74.32
74.11	74.33
74.12	74.34
74.4	74.35
74.12	74.36
74.10	74.37
74.4	74.38
74.12	74.39
74.12	74.40
74.9	74.41
74.12	74.42
74.11	74.43
74.11	74.44
74.11	74.45
74.5	74.46
74.4	74.47
74.12	74.48
74.6	74.49
74.3	74.50
74.7	74.51
74.10	74.52
74.11	74.53
74.12	74.54
74.5	74.55
74.10	74.56
74.12	74.57
74.11	74.58
74.4	74.59
74.2	74.60
74.12	74.61
74.8	74.62
74.4	74.63
74.1	74.64
75.1	75.1
75.9	75.2
75.9	75.3
75.1	75.4
75.9	75.5
75.1	75.6
75.10	75.7
75.9	75.8
75.9	75.9
75.9	75.10
75.1	75.11
75.1	75.12
75.1	75.13
75.9	75.14
75.1	75.15
75.11	75.16
75.7	75.17
75.1	75.18
75.9	75.19
75.2	75.20
75.14	75.21
75.1	75.22
75.1	75.23
75.3	75.24
75.5	75.25
75.14	75.26
75.11	75.27
75.1	75.28
75.5	75.29
75.10	75.30
75.9	75.31
75.1	75.32
75.1	75.33
75.9	75.34
75.1	75.35
75.1	75.36
75.1	75.37
75.9	75.38
75.8	75.39
75.1	75.40
75.9	75.41
75.9	75.42
75.9	75.43
75.13	75.44
75.4	75.45
75.12	75.46
75.7	75.47
75.9	75.48
75.9	75.49
75.11	75.50
75.10	75.51
75.7	75.52
75.9	75.53
75.9	75.54
75.9	75.55
75.13	75.56
75.6	75.57
75.1	75.58
75.14	75.59
75.14	75.60
75.7	75.61
75.11	75.62
75.13	75.63
75.9	75.64
76.7	76.1
76.1	76.2
76.7	76.3
76.1	76.4
76.1	76.5
76.1	76.6
76.1	76.7
76.1	76.8
76.1	76.9
76.5	76.10
76.1	76.11
76.1	76.12
76.7	76.13
76.7	76.14
76.1	76.15
76.7	76.16
76.5	76.17
76.1	76.18
76.1	76.19
76.1	76.20
76.4	76.21
76.7	76.22
76.7	76.23
76.7	76.24
76.1	76.25
76.1	76.26
76.1	76.27
76.1	76.28
76.1	76.29
76.7	76.30
76.7	76.31
76.7	76.32
76.1	76.33
76.1	76.34
76.1	76.35
76.6	76.36
76.1	76.37
76.1	76.38
76.1	76.39
76.7	76.40
76.6	76.41
76.1	76.42
76.7	76.43
76.5	76.44
76.1	76.45
76.7	76.46
76.1	76.47
76.7	76.48
76.7	76.49
76.5	76.50
76.1	76.51
76.6	76.52
76.7	76.53
76.6	76.54
76.2	76.55
76.1	76.56
76.1	76.57
76.1	76.58
76.1	76.59
76.1	76.60
76.7	76.61
76.3	76.62
76.6	76.63
76.1	76.64
77.8	77.1
77.1	77.2
77.8	77.3
77.8	77.4
77.14	77.5
77.14	77.6
77.14	77.7
77.11	77.8
77.8	77.9
77.1	77.10
77.8	77.11
77.5	77.12
77.14	77.13
77.14	77.14
77.14	77.15
77.8	77.16
77.3	77.17
77.8	77.18
77.14	77.19
77.12	77.20
77.5	77.21
77.14	77.22
77.5	77.23
77.8	77.24
77.8	77.25
77.5	77.26
77.1	77.27
77.8	77.28
77.9	77.29
77.5	77.30
77.8	77.31
77.14	77.32
77.5	77.33
77.4	77.34
77.13	77.35
77.8	77.36
77.14	77.37
77.5	77.38
77.7	77.39
77.7	77.40
77.1	77.41
77.14	77.42
77.14	77.43
77.11	77.44
77.6	77.45
77.13	77.46
77.13	77.47
77.10	77.48
77.14	77.49
77.14	77.50
77.5	77.51
77.1	77.52
77.15	77.53
77.2	77.54
77.8	77.55
77.14	77.56
77.1	77.57
77.8	77.58
77.8	77.59
77.8	77.60
77.8	77.61
77.14	77.62
77.14	77.63
77.5	77.64
78.10	78.1
78.10	78.2
78.4	78.3
78.11	78.4
78.4	78.5
78.6	78.6
78.4	78.7
78.2	78.8
78.11	78.9
78.4	78.10
78.4	78.11
78.10	78.12
78.1	78.13
78.11	78.14
78.11	78.15
78.4	78.16
78.4	78.17
78.8	78.18
78.4	78.19
78.6	78.20
78.6	78.21
78.11	78.22
78.11	78.23
78.4	78.24
78.11	78.25
78.6	78.26
78.4	78.27
78.4	78.28
78.11	78.29
78.4	78.30
78.4	78.31
78.4	78.32
78.11	78.33
78.4	78.34
78.4	78.35
78.4	78.36
78.5	78.37
78.11	78.38
78.4	78.39
78.7	78.40
78.11	78.41
78.4	78.42
78.9	78.43
78.4	78.44
78.4	78.45
78.4	78.46
78.3	78.47
78.4	78.48
78.4	78.49
78.7	78.50
78.1	78.51
78.4	78.52
78.6	78.53
78.10	78.54
78.11	78.55
78.1	78.56
78.4	78.57
78.4	78.58
78.11	78.59
78.4	78.60
78.4	78.61
78.10	78.62
78.11	78.63
78.4	78.64
79.1	79.1
79.1	79.2
79.1	79.3
79.7	79.4
79.7	79.5
79.7	79.6
79.7	79.7
79.7	79.8
79.1	79.9
79.7	79.10
79.7	79.11
79.1	79.12
79.7	79.13
79.5	79.14
79.7	79.15
79.7	79.16
79.1	79.17
79.7	79.18
79.7	79.19
79.7	79.20
79.1	79.21
79.7	79.22
79.7	79.23
79.7	79.24
79.7	79.25
79.1	79.26
79.1	79.27
79.1	79.28
79.7	79.29
79.7	79.30
79.7	79.31
79.7	79.32
79.7	79.33
79.7	79.34
79.1	79.35
79.4	79.36
79.1	79.37
79.2	79.38
79.1	79.39
79.7	79.40
79.1	79.41
79.7	79.42
79.1	79.43
79.6	79.44
79.6	79.45
79.7	79.46
79.7	79.47
79.7	79.48
79.6	79.49
79.3	79.50
79.7	79.51
79.7	79.52
79.7	79.53
79.1	79.54
79.7	79.55
79.7	79.56
79.7	79.57
79.6	79.58
79.7	79.59
79.7	79.60
79.7	79.61
79.7	79.62
79.7	79.63
79.1	79.64
80.1	80.1
80.1	80.2
80.8	80.3
80.1	80.4
80.1	80.5
80.9	80.6
80.1	80.7
80.2	80.8
80.9	80.9
80.9	80.10
80.10	80.11
80.1	80.12
80.1	80.13
80.9	80.14
80.6	80.15
80.1	80.16
80.1	80.17
80.10	80.18
80.1	80.19
80.1	80.20
80.8	80.21
80.9	80.22
80.1	80.23
80.8	80.24
80.9	80.25
80.1	80.26
80.1	80.27
80.9	80.28
80.1	80.29
80.1	80.30
80.10	80.31
80.8	80.32
80.1	80.33
80.9	80.34
80.1	80.35
80.1	80.36
80.1	80.37
80.9	80.38
80.1	80.39
80.1	80.40
80.9	80.41
80.1	80.42
80.1	80.43
80.7	80.44
80.9	80.45
80.10	80.46
80.8	80.47
80.1	80.48
80.9	80.49
80.5	80.50
80.1	80.51
80.9	80.52
80.1	80.53
80.4	80.54
80.1	80.55
80.1	80.56
80.1	80.57
80.1	80.58
80.10	80.59
80.1	80.60
80.9	80.61
80.3	80.62
80.1	80.63
80.1	80.64
81.10	81.1
81.3	81.2
81.3	81.3
81.10	81.4
81.3	81.5
81.7	81.6
81.3	81.7
81.3	81.8
81.3	81.9
81.3	81.10
81.3	81.11
81.10	81.12
81.10	81.13
81.3	81.14
81.10	81.15
81.3	81.16
81.10	81.17
81.3	81.18
81.1	81.19
81.7	81.20
81.10	81.21
81.10	81.22
81.3	81.23
81.3	81.24
81.10	81.25
81.10	81.26
81.9	81.27
81.5	81.28
81.10	81.29
81.5	81.30
81.3	81.31
81.10	81.32
81.10	81.33
81.7	81.34
81.3	81.35
81.10	81.36
81.3	81.37
81.10	81.38
81.8	81.39
81.4	81.40
81.1	81.41
81.3	81.42
81.3	81.43
81.3	81.44
81.3	81.45
81.10	81.46
81.8	81.47
81.3	81.48
81.10	81.49
81.3	81.50
81.8	81.51
81.3	81.52
81.6	81.53
81.10	81.54
81.3	81.55
81.10	81.56
81.3	81.57
81.3	81.58
81.8	81.59
81.3	81.60
81.8	81.61
81.2	81.62
81.3	81.63
81.6	81.64
82.1	82.1
82.10	82.2
82.10	82.3
82.1	82.4
82.7	82.5
82.8	82.6
82.11	82.7
82.10	82.8
82.11	82.9
82.6	82.10
82.1	82.11
82.11	82.12
82.11	82.13
82.1	82.14
82.1	82.15
82.11	82.16
82.12	82.17
82.12	82.18
82.12	82.19
82.1	82.20
82.9	82.21
82.1	82.22
82.2	82.23
82.5	82.24
82.11	82.25
82.7	82.26
82.1	82.27
82.11	82.28
82.7	82.29
82.11	82.30
82.1	82.31
82.1	82.32
82.10	82.33
82.7	82.34
82.1	82.35
82.11	82.36
82.10	82.37
82.1	82.38
82.11	82.39
82.11	82.40
82.10	82.41
82.1	82.42
82.10	82.43
82.11	82.44
82.11	82.45
82.10	82.46
82.10	82.47
82.11	82.48
82.11	82.49
82.6	82.50
82.1	82.51
82.10	82.52
82.1	82.53
82.1	82.54
82.10	82.55
82.6	82.56
82.4	82.57
82.10	82.58
82.12	82.59
82.11	82.60
82.10	82.61
82.3	82.62
82.1	82.63
82.1	82.64
83.1	83.1
83.18	83.2
83.1	83.3
83.1	83.4
83.8	83.5
83.12	83.6
83.11	83.7
83.7	83.8
83.1	83.9
83.15	83.10
83.3	83.11
83.18	83.12
83.1	83.13
83.16	83.14
83.12	83.15
83.1	83.16
83.12	83.17
83.1	83.18
83.18	83.19
83.1	83.20
83.13	83.21
83.9	83.22
83.1	83.23
83.12	83.24
83.9	83.25
83.1	83.26
83.18	83.27
83.12	83.28
83.6	83.29
83.18	83.30
83.18	83.31
83.2	83.32
83.12	83.33
83.4	83.34
83.18	83.35
83.12	83.36
83.18	83.37
83.18	83.38
83.5	83.39
83.17	83.40
83.12	83.41
83.18	83.42
83.10	83.43
83.1	83.44
83.1	83.45
83.18	83.46
83.18	83.47
83.1	83.48
83.1	83.49
83.18	83.50
83.18	83.51
83.18	83.52
83.13	83.53
83.13	83.54
83.1	83.55
83.18	83.56
83.11	83.57
83.18	83.58
83.18	83.59
83.1	83.60
83.18	83.61
83.18	83.62
83.18	83.63
83.14	83.64
84.8	84.1
84.1	84.2
84.8	84.3
84.1	84.4
84.10	84.5
84.10	84.6
84.8	84.7
84.8	84.8
84.8	84.9
84.8	84.10
84.1	84.11
84.9	84.12
84.1	84.13
84.5	84.14
84.1	84.15
84.8	84.16
84.1	84.17
84.4	84.18
84.10	84.19
84.8	84.20
84.10	84.21
84.5	84.22
84.8	84.23
84.8	84.24
84.10	84.25
84.1	84.26
84.1	84.27
84.10	84.28
84.10	84.29
84.1	84.30
84.1	84.31
84.1	84.32
84.8	84.33
84.10	84.34
84.10	84.35
84.5	84.36
84.10	84.37
84.8	84.38
84.8	84.39
84.10	84.40
84.8	84.41
84.1	84.42
84.3	84.43
84.5	84.44
84.7	84.45
84.10	84.46
84.1	84.47
84.10	84.48
84.10	84.49
84.1	84.50
84.6	84.51
84.10	84.52
84.10	84.53
84.2	84.54
84.10	84.55
84.10	84.56
84.1	84.57
84.1	84.58
84.10	84.59
84.8	84.60
84.10	84.61
84.1	84.62
84.7	84.63
84.10	84.64
85.5	85.1
85.5	85.2
85.5	85.3
85.7	85.4
85.7	85.5
85.5	85.6
85.5	85.7
85.7	85.8
85.5	85.9
85.7	85.10
85.5	85.11
85.2	85.12
85.3	85.13
85.1	85.14
85.1	85.15
85.5	85.16
85.5	85.17
85.7	85.18
85.1	85.19
85.5	85.20
85.5	85.21
85.1	85.22
85.7	85.23
85.7	85.24
85.1	85.25
85.5	85.26
85.5	85.27
85.5	85.28
85.4	85.29
85.7	85.30
85.1	85.31
85.5	85.32
85.7	85.33
85.7	85.34
85.7	85.35
85.7	85.36
85.5	85.37
85.7	85.38
85.7	85.39
85.1	85.40
85.7	85.41
85.6	85.42
85.7	85.43
85.5	85.44
85.1	85.45
85.5	85.46
85.7	85.47
85.5	85.48
85.7	85.49
85.7	85.50
85.5	85.51
85.7	85.52
85.5	85.53
85.5	85.54
85.5	85.55
85.5	85.56
85.5	85.57
85.6	85.58
85.1	85.59
85.5	85.60
85.5	85.61
85.7	85.62
85.6	85.63
85.7	85.64
86.6	86.1
86.1	86.2
86.1	86.3
86.1	86.4
86.1	86.5
86.1	86.6
86.1	86.7
86.1	86.8
86.5	86.9
86.5	86.10
86.4	86.11
86.5	86.12
86.1	86.13
86.7	86.14
86.3	86.15
86.7	86.16
86.7	86.17
86.1	86.18
86.7	86.19
86.7	86.20
86.1	86.21
86.7	86.22
86.5	86.23
86.1	86.24
86.1	86.25
86.1	86.26
86.4	86.27
86.7	86.28
86.1	86.29
86.4	86.30
86.5	86.31
86.1	86.32
86.7	86.33
86.1	86.34
86.2	86.35
86.5	86.36
86.7	86.37
86.7	86.38
86.1	86.39
86.5	86.40
86.7	86.41
86.5	86.42
86.4	86.43
86.5	86.44
86.1	86.45
86.1	86.46
86.5	86.47
86.6	86.48
86.7	86.49
86.3	86.50
86.1	86.51
86.1	86.52
86.5	86.53
86.5	86.54
86.5	86.55
86.7	86.56
86.5	86.57
86.7	86.58
86.7	86.59
86.5	86.60
86.5	86.61
86.1	86.62
86.1	86.63
86.1	86.64
87.5	87.1
87.5	87.2
87.5	87.3
87.5	87.4
87.1	87.5
87.5	87.6
87.5	87.7
87.5	87.8
87.5	87.9
87.5	87.10
87.5	87.11
87.5	87.12
87.5	87.13
87.1	87.14
87.5	87.15
87.5	87.16
87.5	87.17
87.5	87.18
87.5	87.19
87.5	87.20
87.5	87.21
87.5	87.22
87.5	87.23
87.5	87.24
87.1	87.25
87.4	87.26
87.5	87.27
87.5	87.28
87.3	87.29
87.5	87.30
87.1	87.31
87.5	87.32
87.5	87.33
87.5	87.34
87.2	87.35
87.5	87.36
87.5	87.37
87.5	87.38
87.5	87.39
87.5	87.40
87.5	87.41
87.5	87.42
87.1	87.43
87.1	87.44
87.5	87.45
87.1	87.46
87.1	87.47
87.5	87.48
87.1	87.49
87.6	87.50
87.1	87.51
87.1	87.52
87.5	87.53
87.5	87.54
87.5	87.55
87.5	87.56
87.5	87.57
87.1	87.58
87.5	87.59
87.5	87.60
87.1	87.61
87.6	87.62
87.5	87.63
87.5	87.64
88.11	88.1
88.11	88.2
88.1	88.3
88.1	88.4
88.11	88.5
88.11	88.6
88.11	88.7
88.1	88.8
88.11	88.9
88.10	88.10
88.11	88.11
88.7	88.12
88.11	88.13
88.4	88.14
88.1	88.15
88.1	88.16
88.1	88.17
88.11	88.18
88.4	88.19
88.7	88.20
88.1	88.21
88.10	88.22
88.1	88.23
88.1	88.24
88.1	88.25
88.1	88.26
88.11	88.27
88.8	88.28
88.6	88.29
88.11	88.30
88.9	88.31
88.3	88.32
88.1	88.33
88.1	88.34
88.7	88.35
88.11	88.36
88.11	88.37
88.1	88.38
88.8	88.39
88.11	88.40
88.1	88.41
88.11	88.42
88.7	88.43
88.5	88.44
88.1	88.45
88.11	88.46
88.11	88.47
88.2	88.48
88.1	88.49
88.1	88.50
88.8	88.51
88.1	88.52
88.1	88.53
88.1	88.54
88.8	88.55
88.11	88.56
88.11	88.57
88.1	88.58
88.11	88.59
88.4	88.60
88.11	88.61
88.1	88.62
88.11	88.63
88.11	88.64
89.14	89.1
89.10	89.2
89.14	89.3
89.10	89.4
89.10	89.5
89.9	89.6
89.10	89.7
89.1	89.8
89.5	89.9
89.11	89.10
89.1	89.11
89.1	89.12
89.1	89.13
89.17	89.14
89.10	89.15
89.10	89.16
89.1	89.17
89.15	89.18
89.17	89.19
89.10	89.20
89.4	89.21
89.15	89.22
89.2	89.23
89.1	89.24
89.17	89.25
89.18	89.26
89.8	89.27
89.15	89.28
89.17	89.29
89.1	89.30
89.12	89.31
89.1	89.32
89.15	89.33
89.3	89.34
89.1	89.35
89.10	89.36
89.7	89.37
89.17	89.38
89.17	89.39
89.10	89.40
89.14	89.41
89.1	89.42
89.13	89.43
89.10	89.44
89.11	89.45
89.10	89.46
89.10	89.47
89.17	89.48
89.1	89.49
89.10	89.50
89.16	89.51
89.1	89.52
89.6	89.53
89.17	89.54
89.1	89.55
89.18	89.56
89.10	89.57
89.16	89.58
89.8	89.59
89.1	89.60
89.17	89.61
89.16	89.62
89.15	89.63
89.1	89.64
90.1	90.1
90.1	90.2
90.1	90.3
90.1	90.4
90.1	90.5
90.10	90.6
90.1	90.7
90.10	90.8
90.10	90.9
90.1	90.10
90.10	90.11
90.1	90.12
90.1	90.13
90.9	90.14
90.1	90.15
90.1	90.16
90.1	90.17
90.10	90.18
90.1	90.19
90.1	90.20
90.1	90.21
90.1	90.22
90.10	90.23
90.1	90.24
90.3	90.25
90.7	90.26
90.1	90.27
90.9	90.28
90.10	90.29
90.1	90.30
90.10	90.31
90.1	90.32
90.9	90.33
90.4	90.34
90.10	90.35
90.1	90.36
90.10	90.37
90.6	90.38
90.1	90.39
90.1	90.40
90.10	90.41
90.9	90.42
90.7	90.43
90.8	90.44
90.10	90.45
90.1	90.46
90.1	90.47
90.1	90.48
90.9	90.49
90.5	90.50
90.1	90.51
90.1	90.52
90.9	90.53
90.1	90.54
90.1	90.55
90.8	90.56
90.10	90.57
90.1	90.58
90.1	90.59
90.9	90.60
90.8	90.61
90.10	90.62
90.10	90.63
90.2	90.64
91.1	91.1
91.7	91.2
91.8	91.3
91.8	91.4
91.9	91.5
91.1	91.6
91.9	91.7
91.9	91.8
91.1	91.9
91.1	91.10
91.9	91.11
91.1	91.12
91.8	91.13
91.1	91.14
91.9	91.15
91.9	91.16
91.1	91.17
91.9	91.18
91.8	91.19
91.9	91.20
91.4	91.21
91.9	91.22
91.6	91.23
91.9	91.24
91.9	91.25
91.9	91.26
91.9	91.27
91.1	91.28
91.4	91.29
91.1	91.30
91.1	91.31
91.1	91.32
91.9	91.33
91.9	91.34
91.1	91.35
91.9	91.36
91.9	91.37
91.1	91.38
91.3	91.39
91.9	91.40
91.9	91.41
91.2	91.42
91.1	91.43
91.8	91.44
91.9	91.45
91.6	91.46
91.1	91.47
91.1	91.48
91.9	91.49
91.6	91.50
91.9	91.51
91.9	91.52
91.8	91.53
91.6	91.54
91.8	91.55
91.1	91.56
91.5	91.57
91.9	91.58
91.1	91.59
91.6	91.60
91.1	91.61
91.9	91.62
91.1	91.63
91.9	91.64
92.1	92.1
92.9	92.2
92.8	92.3
92.7	92.4
92.6	92.5
92.7	92.6
92.5	92.7
92.9	92.8
92.8	92.9
92.8	92.10
92.1	92.11
92.9	92.12
92.9	92.13
92.4	92.14
92.9	92.15
92.1	92.16
92.9	92.17
92.9	92.18
92.7	92.19
92.9	92.20
92.9	92.21
92.9	92.22
92.3	92.23
92.9	92.24
92.8	92.25
92.9	92.26
92.9	92.27
92.8	92.28
92.9	92.29
92.9	92.30
92.8	92.31
92.1	92.32
92.7	92.33
92.8	92.34
92.7	92.35
92.4	92.36
92.7	92.37
92.5	92.38
92.8	92.39
92.9	92.40
92.9	92.41
92.1	92.42
92.1	92.43
92.8	92.44
92.7	92.45
92.7	92.46
92.9	92.47
92.7	92.48
92.7	92.49
92.1	92.50
92.2	92.51
92.9	92.52
92.9	92.53
92.5	92.54
92.1	92.55
92.8	92.56
92.5	92.57
92.9	92.58
92.9	92.59
92.9	92.60
92.7	92.61
92.7	92.62
92.9	92.63
92.1	92.64
93.10	93.1
93.10	93.2
93.2	93.3
93.2	93.4
93.10	93.5
93.2	93.6
93.10	93.7
93.10	93.8
93.10	93.9
93.10	93.10
93.10	93.11
93.10	93.12
93.8	93.13
93.1	93.14
93.10	93.15
93.13	93.16
93.2	93.17
93.10	93.18
93.10	93.19
93.10	93.20
93.10	93.21
93.10	93.22
93.10	93.23
93.10	93.24
93.3	93.25
93.10	93.26
93.10	93.27
93.10	93.28
93.10	93.29
93.10	93.30
93.2	93.31
93.10	93.32
93.12	93.33
93.10	93.34
93.8	93.35
93.2	93.36
93.7	93.37
93.10	93.38
93.2	93.39
93.10	93.40
93.11	93.41
93.11	93.42
93.2	93.43
93.13	93.44
93.6	93.45
93.10	93.46
93.9	93.47
93.10	93.48
93.2	93.49
93.8	93.50
93.8	93.51
93.8	93.52
93.10	93.53
93.2	93.54
93.6	93.55
93.11	93.56
93.10	93.57
93.5	93.58
93.4	93.59
93.10	93.60
93.10	93.61
93.10	93.62
93.7	93.63
93.2	93.64
94.11	94.1
94.7	94.2
94.9	94.3
94.7	94.4
94.7	94.5
94.7	94.6
94.7	94.7
94.8	94.8
94.7	94.9
94.7	94.10
94.7	94.11
94.11	94.12
94.7	94.13
94.9	94.14
94.11	94.15
94.3	94.16
94.7	94.17
94.11	94.18
94.11	94.19
94.1	94.20
94.7	94.21
94.11	94.22
94.11	94.23
94.11	94.24
94.7	94.25
94.7	94.26
94.7	94.27
94.9	94.28
94.11	94.29
94.7	94.30
94.9	94.31
94.5	94.32
94.7	94.33
94.7	94.34
94.7	94.35
94.2	94.36
94.7	94.37
94.10	94.38
94.7	94.39
94.11	94.40
94.1	94.41
94.1	94.42
94.6	94.43
94.7	94.44
94.9	94.45
94.11	94.46
94.7	94.47
94.7	94.48
94.11	94.49
94.7	94.50
94.7	94.51
94.11	94.52
94.4	94.53
94.7	94.54
94.7	94.55
94.7	94.56
94.7	94.57
94.7	94.58
94.7	94.59
94.9	94.60
94.11	94.61
94.7	94.62
94.7	94.63
94.9	94.64
95.8	95.1
95.9	95.2
95.1	95.3
95.3	95.4
95.9	95.5
95.2	95.6
95.1	95.7
95.6	95.8
95.4	95.9
95.1	95.10
95.1	95.11
95.8	95.12
95.5	95.13
95.1	95.14
95.5	95.15
95.9	95.16
95.1	95.17
95.1	95.18
95.8	95.19
95.1	95.20
95.1	95.21
95.8	95.22
95.8	95.23
95.1	95.24
95.8	95.25
95.6	95.26
95.1	95.27
95.8	95.28
95.1	95.29
95.1	95.30
95.8	95.31
95.8	95.32
95.8	95.33
95.8	95.34
95.1	95.35
95.5	95.36
95.8	95.37
95.9	95.38
95.6	95.39
95.6	95.40
95.9	95.41
95.1	95.42
95.8	95.43
95.8	95.44
95.1	95.45
95.8	95.46
95.1	95.47
95.9	95.48
95.1	95.49
95.8	95.50
95.1	95.51
95.8	95.52
95.8	95.53
95.8	95.54
95.9	95.55
95.3	95.56
95.8	95.57
95.9	95.58
95.1	95.59
95.8	95.60
95.8	95.61
95.1	95.62
95.7	95.63
95.1	95.64
96.6	96.1
96.12	96.2
96.9	96.3
96.9	96.4
96.6	96.5
96.6	96.6
96.6	96.7
96.9	96.8
96.9	96.9
96.6	96.10
96.9	96.11
96.6	96.12
96.7	96.13
96.6	96.14
96.2	96.15
96.6	96.16
96.6	96.17
96.6	96.18
96.6	96.19
96.9	96.20
96.1	96.21
96.9	96.22
96.6	96.23
96.6	96.24
96.6	96.25
96.6	96.26
96.1	96.27
96.9	96.28
96.6	96.29
96.6	96.30
96.6	96.31
96.9	96.32
96.9	96.33
96.6	96.34
96.6	96.35
96.6	96.36
96.8	96.37
96.6	96.38
96.9	96.39
96.10	96.40
96.9	96.41
96.1	96.42
96.6	96.43
96.6	96.44
96.6	96.45
96.6	96.46
96.6	96.47
96.6	96.48
96.6	96.49
96.6	96.50
96.9	96.51
96.6	96.52
96.12	96.53
96.5	96.54
96.6	96.55
96.6	96.56
96.6	96.57
96.4	96.58
96.9	96.59
96.3	96.60
96.6	96.61
96.6	96.62
96.11	96.63
96.1	96.64
97.7	97.1
97.7	97.2
97.7	97.3
97.7	97.4
97.6	97.5
97.4	97.6
97.3	97.7
97.7	97.8
97.6	97.9
97.6	97.10
97.6	97.11
97.7	97.12
97.7	97.13
97.7	97.14
97.7	97.15
97.7	97.16
97.6	97.17
97.7	97.18
97.5	97.19
97.6	97.20
97.7	97.21
97.6	97.22
97.6	97.23
97.7	97.24
97.3	97.25
97.3	97.26
97.7	97.27
97.1	97.28
97.6	97.29
97.4	97.30
97.1	97.31
97.6	97.32
97.6	97.33
97.6	97.34
97.1	97.35
97.7	97.36
97.6	97.37
97.6	97.38
97.7	97.39
97.6	97.40
97.2	97.41
97.6	97.42
97.3	97.43
97.6	97.44
97.6	97.45
97.1	97.46
97.4	97.47
97.1	97.48
97.1	97.49
97.7	97.50
97.4	97.51
97.6	97.52
97.7	97.53
97.6	97.54
97.1	97.55
97.7	97.56
97.7	97.57
97.8	97.58
97.1	97.59
97.6	97.60
97.6	97.61
97.7	97.62
97.7	97.63
97.6	97.64
98.9	98.1
98.9	98.2
98.9	98.3
98.9	98.4
98.9	98.5
98.9	98.6
98.1	98.7
98.9	98.8
98.11	98.9
98.9	98.10
98.9	98.11
98.11	98.12
98.9	98.13
98.11	98.14
98.5	98.15
98.9	98.16
98.11	98.17
98.9	98.18
98.9	98.19
98.10	98.20
98.1	98.21
98.9	98.22
98.9	98.23
98.9	98.24
98.9	98.25
98.9	98.26
98.9	98.27
98.6	98.28
98.11	98.29
98.9	98.30
98.1	98.31
98.1	98.32
98.9	98.33
98.9	98.34
98.9	98.35
98.9	98.36
98.10	98.37
98.9	98.38
98.8	98.39
98.11	98.40
98.1	98.41
98.4	98.42
98.9	98.43
98.11	98.44
98.11	98.45
98.9	98.46
98.9	98.47
98.11	98.48
98.1	98.49
98.1	98.50
98.9	98.51
98.11	98.52
98.11	98.53
98.2	98.54
98.9	98.55
98.11	98.56
98.9	98.57
98.3	98.58
98.9	98.59
98.11	98.60
98.7	98.61
98.9	98.62
98.9	98.63
98.9	98.64
99.5	99.1
99.8	99.2
99.1	99.3
99.6	99.4
99.5	99.5
99.5	99.6
99.9	99.7
99.5	99.8
99.9	99.9
99.8	99.10
99.5	99.11
99.8	99.12
99.1	99.13
99.8	99.14
99.6	99.15
99.5	99.16
99.3	99.17
99.8	99.18
99.8	99.19
99.8	99.20
99.9	99.21
99.9	99.22
99.9	99.23
99.2	99.24
99.5	99.25
99.7	99.26
99.7	99.27
99.9	99.28
99.8	99.29
99.9	99.30
99.8	99.31
99.9	99.32
99.8	99.33
99.5	99.34
99.3	99.35
99.5	99.36
99.6	99.37
99.9	99.38
99.5	99.39
99.8	99.40
99.5	99.41
99.5	99.42
99.5	99.43
99.5	99.44
99.8	99.45
99.4	99.46
99.1	99.47
99.9	99.48
99.8	99.49
99.8	99.50
99.5	99.51
99.1	99.52
99.8	99.53
99.8	99.54
99.8	99.55
99.9	99.56
99.8	99.57
99.1	99.58
99.5	99.59
99.5	99.60
99.5	99.61
99.8	99.62
99.1	99.63
99.5	99.64
100.8	100.1
100.1	100.2
100.1	100.3
100.9	100.4
100.6	100.5
100.1	100.6
100.1	100.7
100.10	100.8
100.1	100.9
100.11	100.10
100.10	100.11
100.8	100.12
100.1	100.13
100.1	100.14
100.1	100.15
100.10	100.16
100.6	100.17
100.11	100.18
100.10	100.19
100.10	100.20
100.1	100.21
100.1	100.22
100.11	100.23
100.10	100.24
100.1	100.25
100.10	100.26
100.6	100.27
100.8	100.28
100.1	100.29
100.10	100.30
100.3	100.31
100.10	100.32
100.1	100.33
100.7	100.34
100.7	100.35
100.10	100.36
100.1	100.37
100.1	100.38
100.10	100.39
100.10	100.40
100.10	100.41
100.10	100.42
100.10	100.43
100.1	100.44
100.1	100.45
100.6	100.46
100.10	100.47
100.10	100.48
100.1	100.49
100.10	100.50
100.11	100.51
100.10	100.52
100.4	100.53
100.11	100.54
100.2	100.55
100.8	100.56
100.7	100.57
100.10	100.58
100.5	100.59
100.8	100.60
100.6	100.61
100.10	100.62
100.1	100.63
100.1	100.64