subTopicID	resultID
1.1	1.1
1.1	1.2
1.1	1.3
1.1	1.4
1.7	1.5
1.1	1.6
1.1	1.7
1.1	1.8
1.1	1.9
1.1	1.10
1.6	1.11
1.1	1.12
1.1	1.13
1.1	1.14
1.1	1.15
1.1	1.16
1.1	1.17
1.1	1.18
1.1	1.19
1.1	1.20
1.1	1.21
1.7	1.22
1.1	1.23
1.1	1.24
1.1	1.25
1.7	1.26
1.1	1.27
1.1	1.28
1.7	1.29
1.1	1.30
1.1	1.31
1.1	1.32
1.7	1.33
1.1	1.34
1.1	1.35
1.1	1.36
1.6	1.37
1.1	1.38
1.3	1.39
1.1	1.40
1.1	1.41
1.1	1.42
1.1	1.43
1.1	1.44
1.1	1.45
1.7	1.46
1.1	1.47
1.1	1.48
1.5	1.49
1.4	1.50
1.1	1.51
1.7	1.52
1.1	1.53
1.7	1.54
1.6	1.55
1.1	1.56
1.1	1.57
1.1	1.58
1.6	1.59
1.1	1.60
1.2	1.61
1.1	1.62
1.1	1.63
1.1	1.64
2.1	2.1
2.1	2.2
2.1	2.3
2.1	2.4
2.1	2.5
2.1	2.6
2.1	2.7
2.1	2.8
2.1	2.9
2.1	2.10
2.1	2.11
2.6	2.12
2.1	2.13
2.1	2.14
2.1	2.15
2.1	2.16
2.12	2.17
2.1	2.18
2.1	2.19
2.1	2.20
2.1	2.21
2.3	2.22
2.4	2.23
2.1	2.24
2.1	2.25
2.1	2.26
2.1	2.27
2.9	2.28
2.12	2.29
2.1	2.30
2.1	2.31
2.12	2.32
2.1	2.33
2.1	2.34
2.12	2.35
2.8	2.36
2.1	2.37
2.11	2.38
2.12	2.39
2.2	2.40
2.1	2.41
2.10	2.42
2.1	2.43
2.1	2.44
2.1	2.45
2.6	2.46
2.12	2.47
2.5	2.48
2.1	2.49
2.12	2.50
2.1	2.51
2.1	2.52
2.1	2.53
2.1	2.54
2.1	2.55
2.12	2.56
2.12	2.57
2.9	2.58
2.1	2.59
2.13	2.60
2.1	2.61
2.13	2.62
2.7	2.63
2.13	2.64
3.7	3.1
3.7	3.2
3.10	3.3
3.8	3.4
3.7	3.5
3.7	3.6
3.10	3.7
3.7	3.8
3.7	3.9
3.7	3.10
3.7	3.11
3.7	3.12
3.7	3.13
3.10	3.14
3.7	3.15
3.10	3.16
3.6	3.17
3.7	3.18
3.11	3.19
3.11	3.20
3.7	3.21
3.7	3.22
3.4	3.23
3.11	3.24
3.7	3.25
3.10	3.26
3.2	3.27
3.7	3.28
3.7	3.29
3.7	3.30
3.7	3.31
3.1	3.32
3.7	3.33
3.10	3.34
3.7	3.35
3.11	3.36
3.9	3.37
3.11	3.38
3.1	3.39
3.7	3.40
3.10	3.41
3.7	3.42
3.10	3.43
3.1	3.44
3.10	3.45
3.7	3.46
3.5	3.47
3.11	3.48
3.7	3.49
3.11	3.50
3.1	3.51
3.7	3.52
3.7	3.53
3.10	3.54
3.7	3.55
3.11	3.56
3.6	3.57
3.3	3.58
3.7	3.59
3.11	3.60
3.7	3.61
3.7	3.62
3.11	3.63
3.10	3.64
4.8	4.1
4.4	4.2
4.8	4.3
4.8	4.4
4.8	4.5
4.1	4.6
4.8	4.7
4.8	4.8
4.8	4.9
4.9	4.10
4.1	4.11
4.8	4.12
4.8	4.13
4.8	4.14
4.8	4.15
4.8	4.16
4.1	4.17
4.8	4.18
4.1	4.19
4.8	4.20
4.8	4.21
4.7	4.22
4.3	4.23
4.1	4.24
4.7	4.25
4.8	4.26
4.9	4.27
4.8	4.28
4.8	4.29
4.8	4.30
4.9	4.31
4.7	4.32
4.8	4.33
4.8	4.34
4.1	4.35
4.8	4.36
4.7	4.37
4.8	4.38
4.8	4.39
4.1	4.40
4.7	4.41
4.8	4.42
4.8	4.43
4.6	4.44
4.8	4.45
4.2	4.46
4.8	4.47
4.8	4.48
4.6	4.49
4.1	4.50
4.8	4.51
4.8	4.52
4.8	4.53
4.1	4.54
4.5	4.55
4.1	4.56
4.6	4.57
4.1	4.58
4.10	4.59
4.8	4.60
4.1	4.61
4.8	4.62
4.1	4.63
4.7	4.64
5.10	5.1
5.10	5.2
5.11	5.3
5.10	5.4
5.6	5.5
5.10	5.6
5.9	5.7
5.10	5.8
5.10	5.9
5.10	5.10
5.11	5.11
5.10	5.12
5.11	5.13
5.9	5.14
5.9	5.15
5.10	5.16
5.1	5.17
5.10	5.18
5.9	5.19
5.10	5.20
5.10	5.21
5.11	5.22
5.1	5.23
5.9	5.24
5.5	5.25
5.5	5.26
5.10	5.27
5.11	5.28
5.10	5.29
5.10	5.30
5.10	5.31
5.9	5.32
5.3	5.33
5.10	5.34
5.11	5.35
5.11	5.36
5.10	5.37
5.2	5.38
5.10	5.39
5.10	5.40
5.10	5.41
5.10	5.42
5.10	5.43
5.4	5.44
5.10	5.45
5.10	5.46
5.7	5.47
5.1	5.48
5.10	5.49
5.11	5.50
5.10	5.51
5.10	5.52
5.9	5.53
5.8	5.54
5.11	5.55
5.10	5.56
5.10	5.57
5.10	5.58
5.10	5.59
5.11	5.60
5.10	5.61
5.10	5.62
5.1	5.63
5.10	5.64
6.11	6.1
6.11	6.2
6.11	6.3
6.7	6.4
6.4	6.5
6.11	6.6
6.6	6.7
6.11	6.8
6.1	6.9
6.9	6.10
6.11	6.11
6.11	6.12
6.11	6.13
6.11	6.14
6.11	6.15
6.1	6.16
6.11	6.17
6.11	6.18
6.1	6.19
6.2	6.20
6.10	6.21
6.11	6.22
6.11	6.23
6.11	6.24
6.11	6.25
6.11	6.26
6.11	6.27
6.1	6.28
6.11	6.29
6.11	6.30
6.3	6.31
6.11	6.32
6.1	6.33
6.11	6.34
6.6	6.35
6.11	6.36
6.5	6.37
6.1	6.38
6.6	6.39
6.1	6.40
6.11	6.41
6.11	6.42
6.11	6.43
6.1	6.44
6.11	6.45
6.1	6.46
6.11	6.47
6.1	6.48
6.1	6.49
6.1	6.50
6.1	6.51
6.6	6.52
6.1	6.53
6.11	6.54
6.8	6.55
6.11	6.56
6.6	6.57
6.1	6.58
6.6	6.59
6.6	6.60
6.1	6.61
6.6	6.62
6.6	6.63
6.11	6.64
7.5	7.1
7.5	7.2
7.5	7.3
7.5	7.4
7.9	7.5
7.5	7.6
7.5	7.7
7.5	7.8
7.5	7.9
7.5	7.10
7.5	7.11
7.5	7.12
7.5	7.13
7.9	7.14
7.5	7.15
7.5	7.16
7.5	7.17
7.5	7.18
7.5	7.19
7.5	7.20
7.5	7.21
7.7	7.22
7.5	7.23
7.5	7.24
7.5	7.25
7.5	7.26
7.5	7.27
7.5	7.28
7.5	7.29
7.5	7.30
7.9	7.31
7.9	7.32
7.7	7.33
7.1	7.34
7.5	7.35
7.2	7.36
7.5	7.37
7.9	7.38
7.9	7.39
7.5	7.40
7.5	7.41
7.9	7.42
7.5	7.43
7.5	7.44
7.5	7.45
7.9	7.46
7.5	7.47
7.5	7.48
7.4	7.49
7.5	7.50
7.8	7.51
7.5	7.52
7.5	7.53
7.5	7.54
7.5	7.55
7.9	7.56
7.5	7.57
7.5	7.58
7.3	7.59
7.7	7.60
7.6	7.61
7.9	7.62
7.7	7.63
7.5	7.64
8.1	8.1
8.1	8.2
8.1	8.3
8.1	8.4
8.1	8.5
8.1	8.6
8.1	8.7
8.1	8.8
8.1	8.9
8.6	8.10
8.1	8.11
8.5	8.12
8.1	8.13
8.1	8.14
8.1	8.15
8.1	8.16
8.2	8.17
8.6	8.18
8.1	8.19
8.1	8.20
8.3	8.21
8.1	8.22
8.1	8.23
8.1	8.24
8.1	8.25
8.1	8.26
8.6	8.27
8.1	8.28
8.1	8.29
8.1	8.30
8.1	8.31
8.1	8.32
8.1	8.33
8.1	8.34
8.1	8.35
8.1	8.36
8.1	8.37
8.1	8.38
8.5	8.39
8.1	8.40
8.1	8.41
8.1	8.42
8.1	8.43
8.1	8.44
8.6	8.45
8.1	8.46
8.1	8.47
8.1	8.48
8.1	8.49
8.1	8.50
8.1	8.51
8.1	8.52
8.1	8.53
8.1	8.54
8.1	8.55
8.1	8.56
8.1	8.57
8.1	8.58
8.1	8.59
8.1	8.60
8.1	8.61
8.4	8.62
8.1	8.63
8.1	8.64
9.10	9.1
9.1	9.2
9.1	9.3
9.1	9.4
9.1	9.5
9.1	9.6
9.1	9.7
9.1	9.8
9.1	9.9
9.1	9.10
9.1	9.11
9.1	9.12
9.1	9.13
9.8	9.14
9.1	9.15
9.1	9.16
9.6	9.17
9.1	9.18
9.1	9.19
9.1	9.20
9.1	9.21
9.1	9.22
9.8	9.23
9.1	9.24
9.11	9.25
9.2	9.26
9.1	9.27
9.8	9.28
9.1	9.29
9.1	9.30
9.1	9.31
9.10	9.32
9.7	9.33
9.1	9.34
9.1	9.35
9.1	9.36
9.10	9.37
9.9	9.38
9.3	9.39
9.4	9.40
9.1	9.41
9.9	9.42
9.8	9.43
9.3	9.44
9.8	9.45
9.5	9.46
9.1	9.47
9.1	9.48
9.10	9.49
9.1	9.50
9.1	9.51
9.1	9.52
9.1	9.53
9.1	9.54
9.10	9.55
9.1	9.56
9.1	9.57
9.10	9.58
9.1	9.59
9.1	9.60
9.1	9.61
9.1	9.62
9.1	9.63
9.10	9.64
10.1	10.1
10.1	10.2
10.12	10.3
10.12	10.4
10.1	10.5
10.1	10.6
10.1	10.7
10.8	10.8
10.1	10.9
10.1	10.10
10.1	10.11
10.12	10.12
10.6	10.13
10.1	10.14
10.1	10.15
10.1	10.16
10.1	10.17
10.1	10.18
10.1	10.19
10.1	10.20
10.11	10.21
10.1	10.22
10.8	10.23
10.1	10.24
10.11	10.25
10.11	10.26
10.12	10.27
10.12	10.28
10.1	10.29
10.1	10.30
10.10	10.31
10.12	10.32
10.3	10.33
10.5	10.34
10.1	10.35
10.12	10.36
10.1	10.37
10.1	10.38
10.12	10.39
10.11	10.40
10.1	10.41
10.2	10.42
10.2	10.43
10.1	10.44
10.1	10.45
10.1	10.46
10.1	10.47
10.9	10.48
10.1	10.49
10.12	10.50
10.12	10.51
10.1	10.52
10.11	10.53
10.1	10.54
10.12	10.55
10.1	10.56
10.12	10.57
10.1	10.58
10.12	10.59
10.7	10.60
10.12	10.61
10.4	10.62
10.1	10.63
10.2	10.64
11.16	11.1
11.4	11.2
11.16	11.3
11.1	11.4
11.1	11.5
11.1	11.6
11.10	11.7
11.1	11.8
11.1	11.9
11.14	11.10
11.14	11.11
11.14	11.12
11.14	11.13
11.14	11.14
11.9	11.15
11.14	11.16
11.8	11.17
11.9	11.18
11.1	11.19
11.16	11.20
11.5	11.21
11.3	11.22
11.1	11.23
11.7	11.24
11.13	11.25
11.14	11.26
11.10	11.27
11.16	11.28
11.16	11.29
11.16	11.30
11.1	11.31
11.16	11.32
11.14	11.33
11.14	11.34
11.1	11.35
11.1	11.36
11.1	11.37
11.16	11.38
11.14	11.39
11.11	11.40
11.1	11.41
11.17	11.42
11.1	11.43
11.1	11.44
11.1	11.45
11.1	11.46
11.14	11.47
11.6	11.48
11.1	11.49
11.10	11.50
11.1	11.51
11.13	11.52
11.16	11.53
11.14	11.54
11.14	11.55
11.12	11.56
11.1	11.57
11.15	11.58
11.2	11.59
11.13	11.60
11.1	11.61
11.1	11.62
11.1	11.63
11.14	11.64
12.18	12.1
12.5	12.2
12.9	12.3
12.2	12.4
12.1	12.5
12.18	12.6
12.15	12.7
12.18	12.8
12.1	12.9
12.4	12.10
12.18	12.11
12.18	12.12
12.18	12.13
12.18	12.14
12.7	12.15
12.18	12.16
12.18	12.17
12.13	12.18
12.18	12.19
12.10	12.20
12.17	12.21
12.18	12.22
12.6	12.23
12.18	12.24
12.18	12.25
12.17	12.26
12.8	12.27
12.1	12.28
12.18	12.29
12.1	12.30
12.1	12.31
12.19	12.32
12.1	12.33
12.18	12.34
12.3	12.35
12.18	12.36
12.19	12.37
12.18	12.38
12.16	12.39
12.18	12.40
12.19	12.41
12.14	12.42
12.1	12.43
12.13	12.44
12.1	12.45
12.18	12.46
12.18	12.47
12.18	12.48
12.12	12.49
12.14	12.50
12.1	12.51
12.1	12.52
12.17	12.53
12.18	12.54
12.8	12.55
12.1	12.56
12.11	12.57
12.1	12.58
12.14	12.59
12.18	12.60
12.18	12.61
12.18	12.62
12.19	12.63
12.1	12.64
13.1	13.1
13.9	13.2
13.1	13.3
13.8	13.4
13.1	13.5
13.1	13.6
13.2	13.7
13.1	13.8
13.4	13.9
13.9	13.10
13.1	13.11
13.1	13.12
13.6	13.13
13.9	13.14
13.9	13.15
13.1	13.16
13.1	13.17
13.9	13.18
13.9	13.19
13.1	13.20
13.1	13.21
13.9	13.22
13.1	13.23
13.1	13.24
13.1	13.25
13.1	13.26
13.1	13.27
13.1	13.28
13.1	13.29
13.1	13.30
13.6	13.31
13.11	13.32
13.6	13.33
13.1	13.34
13.6	13.35
13.9	13.36
13.9	13.37
13.3	13.38
13.1	13.39
13.1	13.40
13.1	13.41
13.5	13.42
13.6	13.43
13.10	13.44
13.1	13.45
13.9	13.46
13.10	13.47
13.1	13.48
13.9	13.49
13.6	13.50
13.1	13.51
13.6	13.52
13.6	13.53
13.1	13.54
13.9	13.55
13.9	13.56
13.6	13.57
13.7	13.58
13.1	13.59
13.11	13.60
13.1	13.61
13.1	13.62
13.1	13.63
13.1	13.64
14.1	14.1
14.1	14.2
14.1	14.3
14.1	14.4
14.8	14.5
14.8	14.6
14.4	14.7
14.8	14.8
14.8	14.9
14.8	14.10
14.1	14.11
14.2	14.12
14.8	14.13
14.1	14.14
14.8	14.15
14.1	14.16
14.12	14.17
14.8	14.18
14.3	14.19
14.11	14.20
14.8	14.21
14.6	14.22
14.12	14.23
14.8	14.24
14.12	14.25
14.8	14.26
14.1	14.27
14.5	14.28
14.12	14.29
14.8	14.30
14.11	14.31
14.8	14.32
14.8	14.33
14.9	14.34
14.11	14.35
14.8	14.36
14.1	14.37
14.1	14.38
14.11	14.39
14.1	14.40
14.1	14.41
14.11	14.42
14.8	14.43
14.8	14.44
14.8	14.45
14.12	14.46
14.8	14.47
14.1	14.48
14.10	14.49
14.1	14.50
14.7	14.51
14.1	14.52
14.1	14.53
14.9	14.54
14.11	14.55
14.12	14.56
14.1	14.57
14.12	14.58
14.7	14.59
14.12	14.60
14.12	14.61
14.8	14.62
14.1	14.63
14.1	14.64
15.10	15.1
15.7	15.2
15.4	15.3
15.7	15.4
15.7	15.5
15.7	15.6
15.7	15.7
15.7	15.8
15.7	15.9
15.7	15.10
15.1	15.11
15.7	15.12
15.12	15.13
15.7	15.14
15.7	15.15
15.7	15.16
15.10	15.17
15.7	15.18
15.7	15.19
15.7	15.20
15.7	15.21
15.7	15.22
15.7	15.23
15.9	15.24
15.7	15.25
15.7	15.26
15.7	15.27
15.10	15.28
15.7	15.29
15.7	15.30
15.7	15.31
15.11	15.32
15.7	15.33
15.11	15.34
15.7	15.35
15.7	15.36
15.1	15.37
15.7	15.38
15.11	15.39
15.7	15.40
15.1	15.41
15.7	15.42
15.7	15.43
15.9	15.44
15.7	15.45
15.12	15.46
15.10	15.47
15.8	15.48
15.7	15.49
15.5	15.50
15.11	15.51
15.10	15.52
15.9	15.53
15.2	15.54
15.7	15.55
15.6	15.56
15.10	15.57
15.10	15.58
15.10	15.59
15.1	15.60
15.3	15.61
15.10	15.62
15.10	15.63
15.11	15.64
16.19	16.1
16.8	16.2
16.19	16.3
16.1	16.4
16.1	16.5
16.1	16.6
16.19	16.7
16.18	16.8
16.1	16.9
16.19	16.10
16.16	16.11
16.13	16.12
16.19	16.13
16.12	16.14
16.19	16.15
16.19	16.16
16.16	16.17
16.19	16.18
16.19	16.19
16.1	16.20
16.1	16.21
16.2	16.22
16.12	16.23
16.19	16.24
16.19	16.25
16.19	16.26
16.1	16.27
16.1	16.28
16.3	16.29
16.1	16.30
16.1	16.31
16.19	16.32
16.9	16.33
16.19	16.34
16.4	16.35
16.15	16.36
16.15	16.37
16.19	16.38
16.15	16.39
16.12	16.40
16.12	16.41
16.5	16.42
16.19	16.43
16.1	16.44
16.17	16.45
16.10	16.46
16.1	16.47
16.6	16.48
16.10	16.49
16.11	16.50
16.15	16.51
16.19	16.52
16.1	16.53
16.19	16.54
16.15	16.55
16.7	16.56
16.15	16.57
16.15	16.58
16.9	16.59
16.1	16.60
16.15	16.61
16.13	16.62
16.14	16.63
16.1	16.64
17.7	17.1
17.1	17.2
17.7	17.3
17.7	17.4
17.7	17.5
17.1	17.6
17.7	17.7
17.7	17.8
17.7	17.9
17.8	17.10
17.7	17.11
17.8	17.12
17.7	17.13
17.8	17.14
17.7	17.15
17.7	17.16
17.7	17.17
17.7	17.18
17.7	17.19
17.7	17.20
17.6	17.21
17.5	17.22
17.1	17.23
17.7	17.24
17.7	17.25
17.7	17.26
17.7	17.27
17.1	17.28
17.7	17.29
17.7	17.30
17.4	17.31
17.7	17.32
17.7	17.33
17.7	17.34
17.1	17.35
17.6	17.36
17.7	17.37
17.2	17.38
17.7	17.39
17.1	17.40
17.7	17.41
17.7	17.42
17.7	17.43
17.1	17.44
17.7	17.45
17.7	17.46
17.5	17.47
17.7	17.48
17.1	17.49
17.6	17.50
17.3	17.51
17.4	17.52
17.7	17.53
17.7	17.54
17.4	17.55
17.8	17.56
17.6	17.57
17.7	17.58
17.7	17.59
17.7	17.60
17.7	17.61
17.4	17.62
17.7	17.63
17.7	17.64
18.6	18.1
18.11	18.2
18.3	18.3
18.11	18.4
18.3	18.5
18.11	18.6
18.11	18.7
18.11	18.8
18.3	18.9
18.9	18.10
18.11	18.11
18.5	18.12
18.3	18.13
18.11	18.14
18.7	18.15
18.9	18.16
18.3	18.17
18.5	18.18
18.3	18.19
18.11	18.20
18.3	18.21
18.11	18.22
18.9	18.23
18.3	18.24
18.11	18.25
18.11	18.26
18.11	18.27
18.11	18.28
18.2	18.29
18.11	18.30
18.3	18.31
18.3	18.32
18.11	18.33
18.3	18.34
18.9	18.35
18.11	18.36
18.10	18.37
18.11	18.38
18.8	18.39
18.3	18.40
18.11	18.41
18.11	18.42
18.4	18.43
18.11	18.44
18.3	18.45
18.11	18.46
18.11	18.47
18.3	18.48
18.11	18.49
18.6	18.50
18.5	18.51
18.9	18.52
18.5	18.53
18.11	18.54
18.11	18.55
18.1	18.56
18.3	18.57
18.3	18.58
18.3	18.59
18.11	18.60
18.11	18.61
18.3	18.62
18.11	18.63
18.3	18.64
19.12	19.1
19.6	19.2
19.14	19.3
19.14	19.4
19.14	19.5
19.6	19.6
19.6	19.7
19.14	19.8
19.13	19.9
19.3	19.10
19.14	19.11
19.4	19.12
19.10	19.13
19.12	19.14
19.14	19.15
19.3	19.16
19.14	19.17
19.1	19.18
19.14	19.19
19.14	19.20
19.1	19.21
19.7	19.22
19.14	19.23
19.14	19.24
19.14	19.25
19.12	19.26
19.8	19.27
19.14	19.28
19.1	19.29
19.3	19.30
19.14	19.31
19.3	19.32
19.14	19.33
19.2	19.34
19.14	19.35
19.14	19.36
19.14	19.37
19.14	19.38
19.3	19.39
19.1	19.40
19.14	19.41
19.11	19.42
19.14	19.43
19.14	19.44
19.14	19.45
19.9	19.46
19.14	19.47
19.14	19.48
19.3	19.49
19.9	19.50
19.12	19.51
19.13	19.52
19.3	19.53
19.12	19.54
19.10	19.55
19.12	19.56
19.11	19.57
19.5	19.58
19.3	19.59
19.3	19.60
19.13	19.61
19.3	19.62
19.14	19.63
19.14	19.64
20.1	20.1
20.1	20.2
20.1	20.3
20.1	20.4
20.1	20.5
20.1	20.6
20.1	20.7
20.1	20.8
20.7	20.9
20.4	20.10
20.1	20.11
20.1	20.12
20.1	20.13
20.1	20.14
20.1	20.15
20.1	20.16
20.1	20.17
20.2	20.18
20.1	20.19
20.9	20.20
20.1	20.21
20.1	20.22
20.1	20.23
20.4	20.24
20.1	20.25
20.1	20.26
20.1	20.27
20.4	20.28
20.1	20.29
20.7	20.30
20.4	20.31
20.5	20.32
20.4	20.33
20.1	20.34
20.1	20.35
20.9	20.36
20.1	20.37
20.1	20.38
20.1	20.39
20.1	20.40
20.4	20.41
20.6	20.42
20.1	20.43
20.1	20.44
20.4	20.45
20.1	20.46
20.1	20.47
20.1	20.48
20.9	20.49
20.1	20.50
20.1	20.51
20.1	20.52
20.4	20.53
20.1	20.54
20.8	20.55
20.3	20.56
20.4	20.57
20.1	20.58
20.1	20.59
20.1	20.60
20.8	20.61
20.5	20.62
20.1	20.63
20.1	20.64
21.1	21.1
21.1	21.2
21.9	21.3
21.1	21.4
21.1	21.5
21.9	21.6
21.1	21.7
21.3	21.8
21.1	21.9
21.1	21.10
21.1	21.11
21.2	21.12
21.1	21.13
21.9	21.14
21.9	21.15
21.1	21.16
21.1	21.17
21.1	21.18
21.1	21.19
21.1	21.20
21.9	21.21
21.6	21.22
21.7	21.23
21.1	21.24
21.9	21.25
21.9	21.26
21.9	21.27
21.1	21.28
21.1	21.29
21.9	21.30
21.9	21.31
21.1	21.32
21.1	21.33
21.9	21.34
21.9	21.35
21.9	21.36
21.9	21.37
21.9	21.38
21.1	21.39
21.1	21.40
21.5	21.41
21.1	21.42
21.9	21.43
21.1	21.44
21.1	21.45
21.9	21.46
21.9	21.47
21.9	21.48
21.1	21.49
21.1	21.50
21.1	21.51
21.1	21.52
21.9	21.53
21.1	21.54
21.9	21.55
21.9	21.56
21.9	21.57
21.1	21.58
21.9	21.59
21.8	21.60
21.4	21.61
21.1	21.62
21.1	21.63
21.1	21.64
22.8	22.1
22.8	22.2
22.8	22.3
22.8	22.4
22.8	22.5
22.8	22.6
22.1	22.7
22.8	22.8
22.8	22.9
22.8	22.10
22.8	22.11
22.8	22.12
22.8	22.13
22.8	22.14
22.4	22.15
22.8	22.16
22.8	22.17
22.8	22.18
22.8	22.19
22.8	22.20
22.7	22.21
22.8	22.22
22.6	22.23
22.8	22.24
22.8	22.25
22.4	22.26
22.5	22.27
22.8	22.28
22.8	22.29
22.8	22.30
22.8	22.31
22.1	22.32
22.7	22.33
22.2	22.34
22.1	22.35
22.8	22.36
22.1	22.37
22.8	22.38
22.8	22.39
22.8	22.40
22.8	22.41
22.9	22.42
22.8	22.43
22.8	22.44
22.8	22.45
22.6	22.46
22.8	22.47
22.8	22.48
22.8	22.49
22.1	22.50
22.8	22.51
22.8	22.52
22.8	22.53
22.8	22.54
22.8	22.55
22.4	22.56
22.8	22.57
22.8	22.58
22.8	22.59
22.8	22.60
22.8	22.61
22.8	22.62
22.3	22.63
22.8	22.64
23.1	23.1
23.17	23.2
23.16	23.3
23.1	23.4
23.12	23.5
23.12	23.6
23.12	23.7
23.15	23.8
23.5	23.9
23.12	23.10
23.16	23.11
23.14	23.12
23.16	23.13
23.12	23.14
23.14	23.15
23.12	23.16
23.16	23.17
23.15	23.18
23.12	23.19
23.12	23.20
23.7	23.21
23.12	23.22
23.12	23.23
23.15	23.24
23.14	23.25
23.12	23.26
23.12	23.27
23.16	23.28
23.16	23.29
23.11	23.30
23.4	23.31
23.12	23.32
23.12	23.33
23.16	23.34
23.12	23.35
23.12	23.36
23.16	23.37
23.12	23.38
23.16	23.39
23.12	23.40
23.1	23.41
23.12	23.42
23.16	23.43
23.2	23.44
23.12	23.45
23.16	23.46
23.8	23.47
23.16	23.48
23.12	23.49
23.10	23.50
23.6	23.51
23.15	23.52
23.13	23.53
23.12	23.54
23.16	23.55
23.3	23.56
23.15	23.57
23.9	23.58
23.12	23.59
23.16	23.60
23.1	23.61
23.14	23.62
23.12	23.63
23.12	23.64
24.5	24.1
24.1	24.2
24.9	24.3
24.12	24.4
24.17	24.5
24.16	24.6
24.9	24.7
24.7	24.8
24.9	24.9
24.3	24.10
24.11	24.11
24.1	24.12
24.9	24.13
24.9	24.14
24.15	24.15
24.9	24.16
24.9	24.17
24.16	24.18
24.15	24.19
24.9	24.20
24.19	24.21
24.9	24.22
24.8	24.23
24.9	24.24
24.10	24.25
24.6	24.26
24.9	24.27
24.9	24.28
24.9	24.29
24.9	24.30
24.4	24.31
24.9	24.32
24.16	24.33
24.9	24.34
24.13	24.35
24.13	24.36
24.9	24.37
24.16	24.38
24.7	24.39
24.9	24.40
24.2	24.41
24.18	24.42
24.15	24.43
24.15	24.44
24.9	24.45
24.18	24.46
24.14	24.47
24.1	24.48
24.9	24.49
24.9	24.50
24.9	24.51
24.9	24.52
24.16	24.53
24.9	24.54
24.15	24.55
24.13	24.56
24.15	24.57
24.9	24.58
24.16	24.59
24.1	24.60
24.9	24.61
24.15	24.62
24.15	24.63
24.9	24.64
25.10	25.1
25.10	25.2
25.10	25.3
25.9	25.4
25.10	25.5
25.10	25.6
25.10	25.7
25.10	25.8
25.10	25.9
25.10	25.10
25.10	25.11
25.10	25.12
25.10	25.13
25.10	25.14
25.10	25.15
25.9	25.16
25.7	25.17
25.10	25.18
25.8	25.19
25.10	25.20
25.1	25.21
25.1	25.22
25.10	25.23
25.10	25.24
25.2	25.25
25.9	25.26
25.4	25.27
25.1	25.28
25.10	25.29
25.1	25.30
25.10	25.31
25.10	25.32
25.9	25.33
25.5	25.34
25.1	25.35
25.10	25.36
25.1	25.37
25.1	25.38
25.1	25.39
25.1	25.40
25.10	25.41
25.10	25.42
25.1	25.43
25.10	25.44
25.10	25.45
25.9	25.46
25.1	25.47
25.10	25.48
25.1	25.49
25.3	25.50
25.1	25.51
25.10	25.52
25.1	25.53
25.10	25.54
25.6	25.55
25.1	25.56
25.10	25.57
25.1	25.58
25.7	25.59
25.10	25.60
25.1	25.61
25.10	25.62
25.1	25.63
25.1	25.64
26.14	26.1
26.11	26.2
26.1	26.3
26.14	26.4
26.1	26.5
26.1	26.6
26.14	26.7
26.13	26.8
26.8	26.9
26.1	26.10
26.1	26.11
26.14	26.12
26.12	26.13
26.8	26.14
26.1	26.15
26.14	26.16
26.9	26.17
26.1	26.18
26.14	26.19
26.14	26.20
26.4	26.21
26.1	26.22
26.11	26.23
26.1	26.24
26.3	26.25
26.10	26.26
26.7	26.27
26.7	26.28
26.1	26.29
26.2	26.30
26.14	26.31
26.11	26.32
26.10	26.33
26.1	26.34
26.14	26.35
26.1	26.36
26.6	26.37
26.14	26.38
26.14	26.39
26.14	26.40
26.1	26.41
26.11	26.42
26.1	26.43
26.1	26.44
26.1	26.45
26.1	26.46
26.1	26.47
26.1	26.48
26.11	26.49
26.11	26.50
26.13	26.51
26.1	26.52
26.14	26.53
26.11	26.54
26.14	26.55
26.5	26.56
26.7	26.57
26.1	26.58
26.14	26.59
26.8	26.60
26.7	26.61
26.8	26.62
26.14	26.63
26.1	26.64
27.1	27.1
27.12	27.2
27.12	27.3
27.12	27.4
27.9	27.5
27.10	27.6
27.12	27.7
27.12	27.8
27.12	27.9
27.12	27.10
27.13	27.11
27.12	27.12
27.6	27.13
27.1	27.14
27.12	27.15
27.12	27.16
27.1	27.17
27.10	27.18
27.3	27.19
27.11	27.20
27.1	27.21
27.1	27.22
27.2	27.23
27.7	27.24
27.12	27.25
27.12	27.26
27.10	27.27
27.7	27.28
27.12	27.29
27.1	27.30
27.10	27.31
27.6	27.32
27.12	27.33
27.1	27.34
27.12	27.35
27.1	27.36
27.1	27.37
27.1	27.38
27.6	27.39
27.12	27.40
27.11	27.41
27.12	27.42
27.12	27.43
27.12	27.44
27.4	27.45
27.12	27.46
27.6	27.47
27.12	27.48
27.10	27.49
27.12	27.50
27.1	27.51
27.1	27.52
27.12	27.53
27.12	27.54
27.12	27.55
27.12	27.56
27.12	27.57
27.12	27.58
27.12	27.59
27.10	27.60
27.11	27.61
27.8	27.62
27.5	27.63
27.1	27.64
28.1	28.1
28.1	28.2
28.6	28.3
28.1	28.4
28.12	28.5
28.1	28.6
28.1	28.7
28.12	28.8
28.1	28.9
28.1	28.10
28.1	28.11
28.12	28.12
28.1	28.13
28.1	28.14
28.1	28.15
28.9	28.16
28.1	28.17
28.12	28.18
28.13	28.19
28.1	28.20
28.1	28.21
28.1	28.22
28.11	28.23
28.1	28.24
28.1	28.25
28.1	28.26
28.1	28.27
28.1	28.28
28.8	28.29
28.1	28.30
28.10	28.31
28.12	28.32
28.1	28.33
28.1	28.34
28.10	28.35
28.10	28.36
28.4	28.37
28.1	28.38
28.7	28.39
28.1	28.40
28.5	28.41
28.11	28.42
28.1	28.43
28.12	28.44
28.2	28.45
28.8	28.46
28.12	28.47
28.3	28.48
28.1	28.49
28.1	28.50
28.1	28.51
28.1	28.52
28.1	28.53
28.15	28.54
28.1	28.55
28.1	28.56
28.13	28.57
28.12	28.58
28.1	28.59
28.14	28.60
28.15	28.61
28.12	28.62
28.1	28.63
28.12	28.64
29.6	29.1
29.6	29.2
29.6	29.3
29.6	29.4
29.6	29.5
29.6	29.6
29.6	29.7
29.6	29.8
29.6	29.9
29.6	29.10
29.6	29.11
29.6	29.12
29.6	29.13
29.6	29.14
29.6	29.15
29.1	29.16
29.7	29.17
29.1	29.18
29.5	29.19
29.6	29.20
29.1	29.21
29.1	29.22
29.6	29.23
29.6	29.24
29.3	29.25
29.1	29.26
29.6	29.27
29.6	29.28
29.6	29.29
29.6	29.30
29.6	29.31
29.2	29.32
29.6	29.33
29.6	29.34
29.6	29.35
29.6	29.36
29.1	29.37
29.6	29.38
29.6	29.39
29.6	29.40
29.6	29.41
29.1	29.42
29.6	29.43
29.6	29.44
29.6	29.45
29.6	29.46
29.4	29.47
29.6	29.48
29.6	29.49
29.6	29.50
29.6	29.51
29.6	29.52
29.6	29.53
29.6	29.54
29.6	29.55
29.6	29.56
29.6	29.57
29.6	29.58
29.6	29.59
29.6	29.60
29.6	29.61
29.6	29.62
29.6	29.63
29.6	29.64
30.1	30.1
30.1	30.2
30.1	30.3
30.7	30.4
30.1	30.5
30.1	30.6
30.5	30.7
30.1	30.8
30.1	30.9
30.1	30.10
30.1	30.11
30.1	30.12
30.1	30.13
30.1	30.14
30.1	30.15
30.1	30.16
30.5	30.17
30.1	30.18
30.1	30.19
30.1	30.20
30.1	30.21
30.7	30.22
30.1	30.23
30.1	30.24
30.1	30.25
30.6	30.26
30.1	30.27
30.7	30.28
30.1	30.29
30.2	30.30
30.1	30.31
30.1	30.32
30.1	30.33
30.7	30.34
30.1	30.35
30.3	30.36
30.1	30.37
30.1	30.38
30.1	30.39
30.1	30.40
30.1	30.41
30.1	30.42
30.1	30.43
30.7	30.44
30.1	30.45
30.1	30.46
30.1	30.47
30.1	30.48
30.1	30.49
30.7	30.50
30.7	30.51
30.1	30.52
30.1	30.53
30.1	30.54
30.1	30.55
30.1	30.56
30.1	30.57
30.1	30.58
30.1	30.59
30.1	30.60
30.4	30.61
30.1	30.62
30.1	30.63
30.1	30.64
31.6	31.1
31.6	31.2
31.11	31.3
31.5	31.4
31.8	31.5
31.6	31.6
31.11	31.7
31.6	31.8
31.6	31.9
31.14	31.10
31.6	31.11
31.11	31.12
31.6	31.13
31.11	31.14
31.11	31.15
31.13	31.16
31.14	31.17
31.6	31.18
31.6	31.19
31.11	31.20
31.6	31.21
31.11	31.22
31.11	31.23
31.13	31.24
31.13	31.25
31.12	31.26
31.1	31.27
31.14	31.28
31.13	31.29
31.6	31.30
31.7	31.31
31.6	31.32
31.11	31.33
31.11	31.34
31.14	31.35
31.13	31.36
31.1	31.37
31.13	31.38
31.11	31.39
31.6	31.40
31.14	31.41
31.11	31.42
31.14	31.43
31.10	31.44
31.2	31.45
31.10	31.46
31.11	31.47
31.9	31.48
31.6	31.49
31.6	31.50
31.3	31.51
31.11	31.52
31.11	31.53
31.11	31.54
31.6	31.55
31.11	31.56
31.14	31.57
31.6	31.58
31.14	31.59
31.11	31.60
31.4	31.61
31.11	31.62
31.6	31.63
31.11	31.64
32.1	32.1
32.1	32.2
32.1	32.3
32.7	32.4
32.7	32.5
32.1	32.6
32.1	32.7
32.1	32.8
32.1	32.9
32.1	32.10
32.1	32.11
32.1	32.12
32.1	32.13
32.1	32.14
32.1	32.15
32.5	32.16
32.1	32.17
32.1	32.18
32.1	32.19
32.5	32.20
32.1	32.21
32.1	32.22
32.5	32.23
32.1	32.24
32.1	32.25
32.1	32.26
32.1	32.27
32.1	32.28
32.1	32.29
32.1	32.30
32.1	32.31
32.1	32.32
32.1	32.33
32.1	32.34
32.1	32.35
32.1	32.36
32.4	32.37
32.1	32.38
32.1	32.39
32.3	32.40
32.1	32.41
32.1	32.42
32.7	32.43
32.2	32.44
32.5	32.45
32.1	32.46
32.1	32.47
32.5	32.48
32.1	32.49
32.5	32.50
32.1	32.51
32.7	32.52
32.1	32.53
32.7	32.54
32.1	32.55
32.1	32.56
32.1	32.57
32.1	32.58
32.1	32.59
32.1	32.60
32.1	32.61
32.1	32.62
32.1	32.63
32.6	32.64
33.15	33.1
33.11	33.2
33.14	33.3
33.14	33.4
33.15	33.5
33.15	33.6
33.14	33.7
33.15	33.8
33.9	33.9
33.15	33.10
33.9	33.11
33.15	33.12
33.15	33.13
33.14	33.14
33.11	33.15
33.1	33.16
33.9	33.17
33.14	33.18
33.3	33.19
33.4	33.20
33.6	33.21
33.15	33.22
33.7	33.23
33.9	33.24
33.8	33.25
33.14	33.26
33.14	33.27
33.15	33.28
33.14	33.29
33.14	33.30
33.9	33.31
33.11	33.32
33.15	33.33
33.9	33.34
33.11	33.35
33.14	33.36
33.9	33.37
33.14	33.38
33.14	33.39
33.9	33.40
33.9	33.41
33.15	33.42
33.14	33.43
33.11	33.44
33.14	33.45
33.15	33.46
33.5	33.47
33.15	33.48
33.13	33.49
33.9	33.50
33.9	33.51
33.9	33.52
33.5	33.53
33.12	33.54
33.12	33.55
33.2	33.56
33.14	33.57
33.14	33.58
33.9	33.59
33.1	33.60
33.15	33.61
33.10	33.62
33.15	33.63
33.14	33.64
34.1	34.1
34.1	34.2
34.1	34.3
34.1	34.4
34.1	34.5
34.1	34.6
34.1	34.7
34.11	34.8
34.1	34.9
34.11	34.10
34.11	34.11
34.1	34.12
34.10	34.13
34.1	34.14
34.1	34.15
34.1	34.16
34.1	34.17
34.1	34.18
34.1	34.19
34.1	34.20
34.11	34.21
34.1	34.22
34.1	34.23
34.1	34.24
34.1	34.25
34.11	34.26
34.12	34.27
34.1	34.28
34.1	34.29
34.12	34.30
34.6	34.31
34.1	34.32
34.1	34.33
34.4	34.34
34.1	34.35
34.10	34.36
34.1	34.37
34.1	34.38
34.11	34.39
34.1	34.40
34.1	34.41
34.13	34.42
34.2	34.43
34.1	34.44
34.5	34.45
34.9	34.46
34.1	34.47
34.1	34.48
34.11	34.49
34.7	34.50
34.10	34.51
34.1	34.52
34.11	34.53
34.11	34.54
34.1	34.55
34.1	34.56
34.8	34.57
34.12	34.58
34.3	34.59
34.1	34.60
34.1	34.61
34.10	34.62
34.9	34.63
34.1	34.64
35.14	35.1
35.8	35.2
35.11	35.3
35.8	35.4
35.14	35.5
35.7	35.6
35.8	35.7
35.8	35.8
35.13	35.9
35.14	35.10
35.14	35.11
35.2	35.12
35.14	35.13
35.8	35.14
35.8	35.15
35.8	35.16
35.11	35.17
35.14	35.18
35.8	35.19
35.14	35.20
35.8	35.21
35.8	35.22
35.12	35.23
35.14	35.24
35.8	35.25
35.8	35.26
35.14	35.27
35.14	35.28
35.8	35.29
35.16	35.30
35.9	35.31
35.14	35.32
35.11	35.33
35.11	35.34
35.8	35.35
35.14	35.36
35.8	35.37
35.5	35.38
35.14	35.39
35.8	35.40
35.8	35.41
35.8	35.42
35.11	35.43
35.1	35.44
35.11	35.45
35.8	35.46
35.8	35.47
35.8	35.48
35.4	35.49
35.8	35.50
35.8	35.51
35.5	35.52
35.8	35.53
35.8	35.54
35.8	35.55
35.8	35.56
35.8	35.57
35.6	35.58
35.8	35.59
35.10	35.60
35.12	35.61
35.15	35.62
35.5	35.63
35.3	35.64
36.13	36.1
36.6	36.2
36.14	36.3
36.8	36.4
36.14	36.5
36.6	36.6
36.6	36.7
36.6	36.8
36.13	36.9
36.6	36.10
36.6	36.11
36.11	36.12
36.10	36.13
36.15	36.14
36.15	36.15
36.6	36.16
36.4	36.17
36.15	36.18
36.6	36.19
36.6	36.20
36.15	36.21
36.6	36.22
36.2	36.23
36.12	36.24
36.6	36.25
36.6	36.26
36.6	36.27
36.15	36.28
36.6	36.29
36.12	36.30
36.6	36.31
36.6	36.32
36.15	36.33
36.6	36.34
36.6	36.35
36.15	36.36
36.7	36.37
36.9	36.38
36.12	36.39
36.5	36.40
36.6	36.41
36.13	36.42
36.12	36.43
36.2	36.44
36.15	36.45
36.9	36.46
36.15	36.47
36.12	36.48
36.15	36.49
36.15	36.50
36.15	36.51
36.13	36.52
36.15	36.53
36.3	36.54
36.6	36.55
36.6	36.56
36.1	36.57
36.12	36.58
36.15	36.59
36.9	36.60
36.13	36.61
36.15	36.62
36.15	36.63
36.10	36.64
37.1	37.1
37.1	37.2
37.1	37.3
37.8	37.4
37.1	37.5
37.1	37.6
37.1	37.7
37.7	37.8
37.1	37.9
37.1	37.10
37.11	37.11
37.8	37.12
37.1	37.13
37.7	37.14
37.1	37.15
37.2	37.16
37.7	37.17
37.1	37.18
37.1	37.19
37.1	37.20
37.11	37.21
37.1	37.22
37.8	37.23
37.1	37.24
37.1	37.25
37.1	37.26
37.9	37.27
37.1	37.28
37.11	37.29
37.1	37.30
37.3	37.31
37.1	37.32
37.1	37.33
37.6	37.34
37.1	37.35
37.8	37.36
37.1	37.37
37.7	37.38
37.1	37.39
37.1	37.40
37.1	37.41
37.1	37.42
37.1	37.43
37.1	37.44
37.1	37.45
37.1	37.46
37.1	37.47
37.7	37.48
37.1	37.49
37.1	37.50
37.5	37.51
37.1	37.52
37.7	37.53
37.11	37.54
37.8	37.55
37.10	37.56
37.7	37.57
37.7	37.58
37.1	37.59
37.1	37.60
37.1	37.61
37.1	37.62
37.11	37.63
37.4	37.64
38.5	38.1
38.11	38.2
38.5	38.3
38.11	38.4
38.5	38.5
38.5	38.6
38.5	38.7
38.5	38.8
38.5	38.9
38.5	38.10
38.5	38.11
38.2	38.12
38.1	38.13
38.8	38.14
38.11	38.15
38.5	38.16
38.5	38.17
38.10	38.18
38.5	38.19
38.5	38.20
38.11	38.21
38.6	38.22
38.5	38.23
38.11	38.24
38.5	38.25
38.5	38.26
38.1	38.27
38.5	38.28
38.10	38.29
38.5	38.30
38.5	38.31
38.11	38.32
38.5	38.33
38.1	38.34
38.5	38.35
38.5	38.36
38.1	38.37
38.5	38.38
38.5	38.39
38.5	38.40
38.7	38.41
38.5	38.42
38.5	38.43
38.9	38.44
38.5	38.45
38.3	38.46
38.5	38.47
38.10	38.48
38.11	38.49
38.10	38.50
38.4	38.51
38.5	38.52
38.5	38.53
38.5	38.54
38.9	38.55
38.5	38.56
38.5	38.57
38.5	38.58
38.1	38.59
38.5	38.60
38.5	38.61
38.11	38.62
38.10	38.63
38.5	38.64
39.13	39.1
39.13	39.2
39.14	39.3
39.14	39.4
39.1	39.5
39.13	39.6
39.12	39.7
39.8	39.8
39.13	39.9
39.12	39.10
39.3	39.11
39.12	39.12
39.5	39.13
39.2	39.14
39.1	39.15
39.13	39.16
39.1	39.17
39.13	39.18
39.5	39.19
39.14	39.20
39.1	39.21
39.1	39.22
39.13	39.23
39.13	39.24
39.13	39.25
39.1	39.26
39.13	39.27
39.16	39.28
39.14	39.29
39.14	39.30
39.13	39.31
39.13	39.32
39.6	39.33
39.1	39.34
39.1	39.35
39.7	39.36
39.1	39.37
39.13	39.38
39.13	39.39
39.13	39.40
39.11	39.41
39.1	39.42
39.13	39.43
39.4	39.44
39.13	39.45
39.1	39.46
39.9	39.47
39.13	39.48
39.13	39.49
39.14	39.50
39.1	39.51
39.14	39.52
39.1	39.53
39.1	39.54
39.14	39.55
39.13	39.56
39.1	39.57
39.13	39.58
39.13	39.59
39.14	39.60
39.10	39.61
39.13	39.62
39.15	39.63
39.1	39.64
40.17	40.1
40.17	40.2
40.3	40.3
40.14	40.4
40.16	40.5
40.3	40.6
40.17	40.7
40.13	40.8
40.3	40.9
40.18	40.10
40.18	40.11
40.3	40.12
40.3	40.13
40.3	40.14
40.3	40.15
40.17	40.16
40.18	40.17
40.4	40.18
40.1	40.19
40.8	40.20
40.3	40.21
40.18	40.22
40.3	40.23
40.17	40.24
40.7	40.25
40.16	40.26
40.15	40.27
40.3	40.28
40.17	40.29
40.5	40.30
40.3	40.31
40.17	40.32
40.18	40.33
40.14	40.34
40.17	40.35
40.18	40.36
40.16	40.37
40.18	40.38
40.17	40.39
40.17	40.40
40.3	40.41
40.13	40.42
40.2	40.43
40.3	40.44
40.17	40.45
40.17	40.46
40.18	40.47
40.12	40.48
40.9	40.49
40.3	40.50
40.17	40.51
40.17	40.52
40.17	40.53
40.16	40.54
40.3	40.55
40.17	40.56
40.3	40.57
40.16	40.58
40.3	40.59
40.11	40.60
40.13	40.61
40.6	40.62
40.10	40.63
40.3	40.64
41.15	41.1
41.4	41.2
41.15	41.3
41.4	41.4
41.4	41.5
41.16	41.6
41.4	41.7
41.4	41.8
41.3	41.9
41.15	41.10
41.14	41.11
41.4	41.12
41.15	41.13
41.15	41.14
41.4	41.15
41.4	41.16
41.4	41.17
41.10	41.18
41.12	41.19
41.13	41.20
41.13	41.21
41.4	41.22
41.4	41.23
41.4	41.24
41.10	41.25
41.4	41.26
41.4	41.27
41.4	41.28
41.4	41.29
41.14	41.30
41.13	41.31
41.4	41.32
41.6	41.33
41.11	41.34
41.4	41.35
41.8	41.36
41.15	41.37
41.15	41.38
41.15	41.39
41.5	41.40
41.9	41.41
41.15	41.42
41.4	41.43
41.15	41.44
41.1	41.45
41.15	41.46
41.11	41.47
41.4	41.48
41.2	41.49
41.14	41.50
41.15	41.51
41.15	41.52
41.4	41.53
41.4	41.54
41.16	41.55
41.13	41.56
41.4	41.57
41.4	41.58
41.4	41.59
41.4	41.60
41.8	41.61
41.14	41.62
41.7	41.63
41.14	41.64
42.1	42.1
42.1	42.2
42.1	42.3
42.1	42.4
42.10	42.5
42.9	42.6
42.10	42.7
42.11	42.8
42.11	42.9
42.8	42.10
42.1	42.11
42.10	42.12
42.1	42.13
42.11	42.14
42.1	42.15
42.8	42.16
42.7	42.17
42.6	42.18
42.9	42.19
42.1	42.20
42.10	42.21
42.13	42.22
42.1	42.23
42.10	42.24
42.1	42.25
42.10	42.26
42.10	42.27
42.11	42.28
42.13	42.29
42.1	42.30
42.11	42.31
42.11	42.32
42.1	42.33
42.10	42.34
42.6	42.35
42.10	42.36
42.11	42.37
42.1	42.38
42.1	42.39
42.4	42.40
42.1	42.41
42.1	42.42
42.9	42.43
42.10	42.44
42.11	42.45
42.10	42.46
42.10	42.47
42.12	42.48
42.13	42.49
42.12	42.50
42.6	42.51
42.9	42.52
42.5	42.53
42.5	42.54
42.2	42.55
42.1	42.56
42.3	42.57
42.11	42.58
42.10	42.59
42.1	42.60
42.11	42.61
42.10	42.62
42.1	42.63
42.1	42.64
43.12	43.1
43.1	43.2
43.1	43.3
43.1	43.4
43.1	43.5
43.11	43.6
43.1	43.7
43.2	43.8
43.12	43.9
43.12	43.10
43.10	43.11
43.1	43.12
43.11	43.13
43.8	43.14
43.1	43.15
43.1	43.16
43.11	43.17
43.1	43.18
43.1	43.19
43.1	43.20
43.1	43.21
43.12	43.22
43.1	43.23
43.12	43.24
43.11	43.25
43.12	43.26
43.12	43.27
43.12	43.28
43.1	43.29
43.12	43.30
43.12	43.31
43.11	43.32
43.12	43.33
43.1	43.34
43.11	43.35
43.9	43.36
43.12	43.37
43.12	43.38
43.11	43.39
43.12	43.40
43.1	43.41
43.12	43.42
43.11	43.43
43.5	43.44
43.12	43.45
43.3	43.46
43.12	43.47
43.11	43.48
43.12	43.49
43.4	43.50
43.6	43.51
43.12	43.52
43.12	43.53
43.12	43.54
43.7	43.55
43.1	43.56
43.12	43.57
43.12	43.58
43.12	43.59
43.12	43.60
43.12	43.61
43.12	43.62
43.12	43.63
43.12	43.64
44.1	44.1
44.1	44.2
44.1	44.3
44.1	44.4
44.1	44.5
44.9	44.6
44.9	44.7
44.4	44.8
44.10	44.9
44.9	44.10
44.9	44.11
44.1	44.12
44.9	44.13
44.10	44.14
44.9	44.15
44.1	44.16
44.3	44.17
44.9	44.18
44.1	44.19
44.9	44.20
44.9	44.21
44.9	44.22
44.9	44.23
44.9	44.24
44.9	44.25
44.9	44.26
44.1	44.27
44.9	44.28
44.9	44.29
44.9	44.30
44.8	44.31
44.8	44.32
44.9	44.33
44.9	44.34
44.1	44.35
44.1	44.36
44.1	44.37
44.9	44.38
44.9	44.39
44.8	44.40
44.1	44.41
44.1	44.42
44.9	44.43
44.1	44.44
44.9	44.45
44.2	44.46
44.9	44.47
44.9	44.48
44.1	44.49
44.7	44.50
44.5	44.51
44.1	44.52
44.1	44.53
44.9	44.54
44.5	44.55
44.10	44.56
44.10	44.57
44.6	44.58
44.10	44.59
44.1	44.60
44.7	44.61
44.1	44.62
44.10	44.63
44.8	44.64
45.1	45.1
45.18	45.2
45.12	45.3
45.18	45.4
45.1	45.5
45.18	45.6
45.19	45.7
45.1	45.8
45.17	45.9
45.15	45.10
45.18	45.11
45.20	45.12
45.18	45.13
45.19	45.14
45.18	45.15
45.1	45.16
45.9	45.17
45.18	45.18
45.1	45.19
45.6	45.20
45.1	45.21
45.4	45.22
45.18	45.23
45.18	45.24
45.18	45.25
45.3	45.26
45.19	45.27
45.18	45.28
45.1	45.29
45.18	45.30
45.1	45.31
45.16	45.32
45.5	45.33
45.19	45.34
45.8	45.35
45.18	45.36
45.11	45.37
45.18	45.38
45.10	45.39
45.19	45.40
45.16	45.41
45.18	45.42
45.1	45.43
45.18	45.44
45.1	45.45
45.1	45.46
45.1	45.47
45.7	45.48
45.1	45.49
45.16	45.50
45.18	45.51
45.19	45.52
45.19	45.53
45.1	45.54
45.1	45.55
45.2	45.56
45.13	45.57
45.16	45.58
45.18	45.59
45.16	45.60
45.16	45.61
45.16	45.62
45.14	45.63
45.1	45.64
46.6	46.1
46.7	46.2
46.1	46.3
46.6	46.4
46.7	46.5
46.6	46.6
46.6	46.7
46.6	46.8
46.6	46.9
46.6	46.10
46.1	46.11
46.10	46.12
46.6	46.13
46.6	46.14
46.6	46.15
46.7	46.16
46.10	46.17
46.13	46.18
46.6	46.19
46.1	46.20
46.13	46.21
46.6	46.22
46.6	46.23
46.11	46.24
46.13	46.25
46.4	46.26
46.6	46.27
46.6	46.28
46.6	46.29
46.6	46.30
46.6	46.31
46.6	46.32
46.6	46.33
46.9	46.34
46.6	46.35
46.6	46.36
46.6	46.37
46.7	46.38
46.7	46.39
46.6	46.40
46.1	46.41
46.2	46.42
46.1	46.43
46.7	46.44
46.7	46.45
46.11	46.46
46.6	46.47
46.6	46.48
46.7	46.49
46.7	46.50
46.5	46.51
46.10	46.52
46.7	46.53
46.3	46.54
46.13	46.55
46.6	46.56
46.10	46.57
46.6	46.58
46.12	46.59
46.7	46.60
46.8	46.61
46.7	46.62
46.6	46.63
46.6	46.64
47.10	47.1
47.6	47.2
47.6	47.3
47.8	47.4
47.4	47.5
47.12	47.6
47.6	47.7
47.10	47.8
47.11	47.9
47.9	47.10
47.4	47.11
47.6	47.12
47.10	47.13
47.10	47.14
47.12	47.15
47.8	47.16
47.5	47.17
47.4	47.18
47.4	47.19
47.11	47.20
47.8	47.21
47.4	47.22
47.10	47.23
47.4	47.24
47.10	47.25
47.11	47.26
47.10	47.27
47.4	47.28
47.4	47.29
47.9	47.30
47.4	47.31
47.8	47.32
47.8	47.33
47.6	47.34
47.4	47.35
47.4	47.36
47.6	47.37
47.10	47.38
47.4	47.39
47.4	47.40
47.4	47.41
47.12	47.42
47.3	47.43
47.4	47.44
47.10	47.45
47.12	47.46
47.12	47.47
47.10	47.48
47.9	47.49
47.4	47.50
47.10	47.51
47.5	47.52
47.9	47.53
47.1	47.54
47.6	47.55
47.4	47.56
47.10	47.57
47.6	47.58
47.8	47.59
47.2	47.60
47.7	47.61
47.4	47.62
47.9	47.63
47.10	47.64
48.5	48.1
48.5	48.2
48.5	48.3
48.5	48.4
48.5	48.5
48.7	48.6
48.5	48.7
48.5	48.8
48.7	48.9
48.7	48.10
48.4	48.11
48.5	48.12
48.5	48.13
48.6	48.14
48.5	48.15
48.5	48.16
48.7	48.17
48.1	48.18
48.5	48.19
48.6	48.20
48.5	48.21
48.7	48.22
48.7	48.23
48.7	48.24
48.7	48.25
48.7	48.26
48.7	48.27
48.5	48.28
48.5	48.29
48.2	48.30
48.5	48.31
48.5	48.32
48.6	48.33
48.5	48.34
48.5	48.35
48.5	48.36
48.7	48.37
48.6	48.38
48.5	48.39
48.7	48.40
48.7	48.41
48.5	48.42
48.5	48.43
48.5	48.44
48.5	48.45
48.1	48.46
48.7	48.47
48.6	48.48
48.6	48.49
48.3	48.50
48.5	48.51
48.7	48.52
48.5	48.53
48.7	48.54
48.5	48.55
48.5	48.56
48.5	48.57
48.5	48.58
48.5	48.59
48.5	48.60
48.5	48.61
48.5	48.62
48.5	48.63
48.7	48.64
49.14	49.1
49.9	49.2
49.8	49.3
49.14	49.4
49.1	49.5
49.14	49.6
49.1	49.7
49.8	49.8
49.8	49.9
49.8	49.10
49.2	49.11
49.14	49.12
49.8	49.13
49.5	49.14
49.8	49.15
49.1	49.16
49.9	49.17
49.7	49.18
49.8	49.19
49.8	49.20
49.9	49.21
49.6	49.22
49.14	49.23
49.14	49.24
49.14	49.25
49.8	49.26
49.14	49.27
49.14	49.28
49.9	49.29
49.9	49.30
49.14	49.31
49.9	49.32
49.1	49.33
49.14	49.34
49.9	49.35
49.9	49.36
49.14	49.37
49.9	49.38
49.14	49.39
49.8	49.40
49.12	49.41
49.8	49.42
49.8	49.43
49.8	49.44
49.14	49.45
49.13	49.46
49.14	49.47
49.14	49.48
49.9	49.49
49.8	49.50
49.3	49.51
49.8	49.52
49.14	49.53
49.7	49.54
49.14	49.55
49.8	49.56
49.6	49.57
49.8	49.58
49.14	49.59
49.14	49.60
49.8	49.61
49.10	49.62
49.11	49.63
49.4	49.64
50.1	50.1
50.1	50.2
50.11	50.3
50.1	50.4
50.1	50.5
50.1	50.6
50.1	50.7
50.1	50.8
50.1	50.9
50.1	50.10
50.8	50.11
50.11	50.12
50.1	50.13
50.1	50.14
50.1	50.15
50.8	50.16
50.11	50.17
50.11	50.18
50.1	50.19
50.11	50.20
50.1	50.21
50.1	50.22
50.11	50.23
50.1	50.24
50.1	50.25
50.11	50.26
50.11	50.27
50.1	50.28
50.1	50.29
50.2	50.30
50.11	50.31
50.1	50.32
50.8	50.33
50.11	50.34
50.1	50.35
50.1	50.36
50.1	50.37
50.1	50.38
50.6	50.39
50.1	50.40
50.1	50.41
50.9	50.42
50.5	50.43
50.8	50.44
50.1	50.45
50.1	50.46
50.1	50.47
50.7	50.48
50.11	50.49
50.1	50.50
50.10	50.51
50.1	50.52
50.8	50.53
50.11	50.54
50.1	50.55
50.1	50.56
50.11	50.57
50.3	50.58
50.1	50.59
50.1	50.60
50.4	50.61
50.1	50.62
50.1	50.63
50.1	50.64
51.11	51.1
51.1	51.2
51.1	51.3
51.7	51.4
51.11	51.5
51.1	51.6
51.1	51.7
51.10	51.8
51.8	51.9
51.8	51.10
51.8	51.11
51.5	51.12
51.1	51.13
51.9	51.14
51.11	51.15
51.11	51.16
51.8	51.17
51.5	51.18
51.1	51.19
51.12	51.20
51.3	51.21
51.1	51.22
51.5	51.23
51.1	51.24
51.5	51.25
51.1	51.26
51.8	51.27
51.5	51.28
51.11	51.29
51.6	51.30
51.8	51.31
51.1	51.32
51.12	51.33
51.2	51.34
51.1	51.35
51.1	51.36
51.10	51.37
51.1	51.38
51.1	51.39
51.1	51.40
51.1	51.41
51.1	51.42
51.7	51.43
51.8	51.44
51.6	51.45
51.8	51.46
51.10	51.47
51.11	51.48
51.8	51.49
51.1	51.50
51.9	51.51
51.6	51.52
51.8	51.53
51.1	51.54
51.1	51.55
51.8	51.56
51.8	51.57
51.4	51.58
51.1	51.59
51.7	51.60
51.8	51.61
51.8	51.62
51.10	51.63
51.12	51.64
52.1	52.1
52.1	52.2
52.1	52.3
52.1	52.4
52.1	52.5
52.1	52.6
52.4	52.7
52.1	52.8
52.1	52.9
52.9	52.10
52.14	52.11
52.1	52.12
52.13	52.13
52.1	52.14
52.13	52.15
52.13	52.16
52.1	52.17
52.1	52.18
52.13	52.19
52.1	52.20
52.14	52.21
52.1	52.22
52.12	52.23
52.1	52.24
52.1	52.25
52.1	52.26
52.1	52.27
52.13	52.28
52.1	52.29
52.13	52.30
52.1	52.31
52.10	52.32
52.8	52.33
52.1	52.34
52.14	52.35
52.14	52.36
52.13	52.37
52.4	52.38
52.13	52.39
52.1	52.40
52.1	52.41
52.4	52.42
52.1	52.43
52.13	52.44
52.14	52.45
52.1	52.46
52.3	52.47
52.14	52.48
52.13	52.49
52.1	52.50
52.8	52.51
52.1	52.52
52.2	52.53
52.7	52.54
52.1	52.55
52.13	52.56
52.5	52.57
52.6	52.58
52.1	52.59
52.11	52.60
52.11	52.61
52.4	52.62
52.1	52.63
52.13	52.64
53.1	53.1
53.1	53.2
53.1	53.3
53.1	53.4
53.1	53.5
53.1	53.6
53.8	53.7
53.8	53.8
53.1	53.9
53.1	53.10
53.1	53.11
53.1	53.12
53.1	53.13
53.8	53.14
53.6	53.15
53.1	53.16
53.1	53.17
53.7	53.18
53.1	53.19
53.1	53.20
53.1	53.21
53.1	53.22
53.1	53.23
53.3	53.24
53.1	53.25
53.1	53.26
53.1	53.27
53.6	53.28
53.8	53.29
53.1	53.30
53.5	53.31
53.1	53.32
53.7	53.33
53.1	53.34
53.1	53.35
53.8	53.36
53.1	53.37
53.8	53.38
53.5	53.39
53.1	53.40
53.1	53.41
53.1	53.42
53.4	53.43
53.1	53.44
53.6	53.45
53.1	53.46
53.1	53.47
53.8	53.48
53.1	53.49
53.8	53.50
53.1	53.51
53.2	53.52
53.1	53.53
53.1	53.54
53.1	53.55
53.1	53.56
53.8	53.57
53.1	53.58
53.1	53.59
53.1	53.60
53.1	53.61
53.1	53.62
53.1	53.63
53.1	53.64
54.1	54.1
54.1	54.2
54.16	54.3
54.1	54.4
54.1	54.5
54.17	54.6
54.17	54.7
54.17	54.8
54.17	54.9
54.17	54.10
54.12	54.11
54.1	54.12
54.17	54.13
54.17	54.14
54.1	54.15
54.17	54.16
54.16	54.17
54.10	54.18
54.17	54.19
54.16	54.20
54.17	54.21
54.12	54.22
54.16	54.23
54.2	54.24
54.14	54.25
54.8	54.26
54.13	54.27
54.16	54.28
54.1	54.29
54.1	54.30
54.1	54.31
54.10	54.32
54.16	54.33
54.16	54.34
54.1	54.35
54.15	54.36
54.12	54.37
54.17	54.38
54.1	54.39
54.17	54.40
54.4	54.41
54.17	54.42
54.17	54.43
54.3	54.44
54.1	54.45
54.13	54.46
54.16	54.47
54.9	54.48
54.17	54.49
54.12	54.50
54.16	54.51
54.16	54.52
54.17	54.53
54.7	54.54
54.11	54.55
54.1	54.56
54.13	54.57
54.17	54.58
54.5	54.59
54.6	54.60
54.13	54.61
54.1	54.62
54.17	54.63
54.17	54.64
55.1	55.1
55.10	55.2
55.6	55.3
55.10	55.4
55.1	55.5
55.8	55.6
55.10	55.7
55.10	55.8
55.7	55.9
55.1	55.10
55.10	55.11
55.11	55.12
55.1	55.13
55.1	55.14
55.1	55.15
55.1	55.16
55.10	55.17
55.1	55.18
55.9	55.19
55.3	55.20
55.1	55.21
55.9	55.22
55.2	55.23
55.1	55.24
55.1	55.25
55.1	55.26
55.1	55.27
55.1	55.28
55.1	55.29
55.10	55.30
55.8	55.31
55.10	55.32
55.1	55.33
55.1	55.34
55.1	55.35
55.10	55.36
55.10	55.37
55.5	55.38
55.1	55.39
55.10	55.40
55.4	55.41
55.1	55.42
55.1	55.43
55.1	55.44
55.1	55.45
55.1	55.46
55.1	55.47
55.9	55.48
55.9	55.49
55.1	55.50
55.1	55.51
55.1	55.52
55.10	55.53
55.1	55.54
55.1	55.55
55.1	55.56
55.1	55.57
55.10	55.58
55.1	55.59
55.9	55.60
55.12	55.61
55.1	55.62
55.1	55.63
55.1	55.64
56.11	56.1
56.11	56.2
56.11	56.3
56.6	56.4
56.4	56.5
56.2	56.6
56.6	56.7
56.6	56.8
56.11	56.9
56.11	56.10
56.6	56.11
56.11	56.12
56.6	56.13
56.6	56.14
56.6	56.15
56.11	56.16
56.11	56.17
56.6	56.18
56.9	56.19
56.6	56.20
56.6	56.21
56.4	56.22
56.6	56.23
56.6	56.24
56.11	56.25
56.6	56.26
56.10	56.27
56.6	56.28
56.11	56.29
56.11	56.30
56.4	56.31
56.1	56.32
56.11	56.33
56.11	56.34
56.10	56.35
56.6	56.36
56.10	56.37
56.6	56.38
56.10	56.39
56.6	56.40
56.1	56.41
56.11	56.42
56.12	56.43
56.10	56.44
56.11	56.45
56.11	56.46
56.11	56.47
56.6	56.48
56.1	56.49
56.12	56.50
56.11	56.51
56.6	56.52
56.8	56.53
56.6	56.54
56.5	56.55
56.6	56.56
56.12	56.57
56.3	56.58
56.3	56.59
56.7	56.60
56.6	56.61
56.11	56.62
56.11	56.63
56.11	56.64
57.1	57.1
57.1	57.2
57.1	57.3
57.13	57.4
57.1	57.5
57.1	57.6
57.1	57.7
57.1	57.8
57.1	57.9
57.1	57.10
57.1	57.11
57.1	57.12
57.1	57.13
57.1	57.14
57.11	57.15
57.1	57.16
57.13	57.17
57.1	57.18
57.1	57.19
57.10	57.20
57.1	57.21
57.6	57.22
57.1	57.23
57.1	57.24
57.13	57.25
57.14	57.26
57.1	57.27
57.13	57.28
57.2	57.29
57.13	57.30
57.13	57.31
57.1	57.32
57.13	57.33
57.13	57.34
57.11	57.35
57.13	57.36
57.7	57.37
57.13	57.38
57.1	57.39
57.12	57.40
57.11	57.41
57.8	57.42
57.13	57.43
57.1	57.44
57.1	57.45
57.1	57.46
57.9	57.47
57.1	57.48
57.4	57.49
57.13	57.50
57.1	57.51
57.8	57.52
57.10	57.53
57.10	57.54
57.1	57.55
57.1	57.56
57.5	57.57
57.11	57.58
57.12	57.59
57.14	57.60
57.3	57.61
57.13	57.62
57.13	57.63
57.14	57.64
58.1	58.1
58.1	58.2
58.6	58.3
58.1	58.4
58.1	58.5
58.1	58.6
58.1	58.7
58.1	58.8
58.6	58.9
58.1	58.10
58.1	58.11
58.1	58.12
58.1	58.13
58.8	58.14
58.7	58.15
58.6	58.16
58.1	58.17
58.1	58.18
58.5	58.19
58.6	58.20
58.1	58.21
58.6	58.22
58.1	58.23
58.1	58.24
58.6	58.25
58.1	58.26
58.1	58.27
58.1	58.28
58.1	58.29
58.1	58.30
58.1	58.31
58.1	58.32
58.1	58.33
58.1	58.34
58.1	58.35
58.1	58.36
58.1	58.37
58.6	58.38
58.1	58.39
58.1	58.40
58.1	58.41
58.1	58.42
58.5	58.43
58.6	58.44
58.1	58.45
58.6	58.46
58.1	58.47
58.1	58.48
58.1	58.49
58.1	58.50
58.4	58.51
58.9	58.52
58.1	58.53
58.3	58.54
58.6	58.55
58.1	58.56
58.1	58.57
58.1	58.58
58.6	58.59
58.6	58.60
58.6	58.61
58.1	58.62
58.1	58.63
58.2	58.64
59.1	59.1
59.1	59.2
59.9	59.3
59.1	59.4
59.12	59.5
59.1	59.6
59.12	59.7
59.1	59.8
59.1	59.9
59.10	59.10
59.1	59.11
59.1	59.12
59.13	59.13
59.1	59.14
59.1	59.15
59.12	59.16
59.9	59.17
59.1	59.18
59.1	59.19
59.11	59.20
59.1	59.21
59.1	59.22
59.1	59.23
59.5	59.24
59.1	59.25
59.1	59.26
59.1	59.27
59.14	59.28
59.12	59.29
59.1	59.30
59.1	59.31
59.7	59.32
59.12	59.33
59.8	59.34
59.10	59.35
59.12	59.36
59.3	59.37
59.4	59.38
59.1	59.39
59.1	59.40
59.11	59.41
59.13	59.42
59.1	59.43
59.12	59.44
59.1	59.45
59.1	59.46
59.12	59.47
59.1	59.48
59.12	59.49
59.1	59.50
59.1	59.51
59.1	59.52
59.11	59.53
59.1	59.54
59.1	59.55
59.1	59.56
59.13	59.57
59.7	59.58
59.1	59.59
59.6	59.60
59.6	59.61
59.1	59.62
59.2	59.63
59.1	59.64
60.1	60.1
60.16	60.2
60.1	60.3
60.1	60.4
60.1	60.5
60.1	60.6
60.1	60.7
60.1	60.8
60.14	60.9
60.16	60.10
60.1	60.11
60.16	60.12
60.1	60.13
60.1	60.14
60.1	60.15
60.1	60.16
60.4	60.17
60.1	60.18
60.8	60.19
60.15	60.20
60.1	60.21
60.1	60.22
60.1	60.23
60.14	60.24
60.14	60.25
60.14	60.26
60.1	60.27
60.15	60.28
60.1	60.29
60.9	60.30
60.1	60.31
60.16	60.32
60.11	60.33
60.1	60.34
60.1	60.35
60.2	60.36
60.13	60.37
60.1	60.38
60.3	60.39
60.11	60.40
60.1	60.41
60.15	60.42
60.14	60.43
60.15	60.44
60.10	60.45
60.1	60.46
60.1	60.47
60.1	60.48
60.11	60.49
60.16	60.50
60.1	60.51
60.1	60.52
60.6	60.53
60.8	60.54
60.1	60.55
60.12	60.56
60.1	60.57
60.5	60.58
60.16	60.59
60.1	60.60
60.7	60.61
60.11	60.62
60.17	60.63
60.1	60.64
61.10	61.1
61.1	61.2
61.9	61.3
61.10	61.4
61.12	61.5
61.9	61.6
61.5	61.7
61.5	61.8
61.12	61.9
61.9	61.10
61.5	61.11
61.12	61.12
61.10	61.13
61.1	61.14
61.10	61.15
61.5	61.16
61.1	61.17
61.5	61.18
61.5	61.19
61.12	61.20
61.11	61.21
61.1	61.22
61.5	61.23
61.3	61.24
61.12	61.25
61.1	61.26
61.10	61.27
61.1	61.28
61.4	61.29
61.4	61.30
61.5	61.31
61.12	61.32
61.5	61.33
61.10	61.34
61.4	61.35
61.5	61.36
61.10	61.37
61.1	61.38
61.5	61.39
61.5	61.40
61.5	61.41
61.5	61.42
61.2	61.43
61.8	61.44
61.5	61.45
61.12	61.46
61.10	61.47
61.7	61.48
61.10	61.49
61.1	61.50
61.12	61.51
61.12	61.52
61.1	61.53
61.5	61.54
61.5	61.55
61.10	61.56
61.10	61.57
61.10	61.58
61.10	61.59
61.10	61.60
61.5	61.61
61.5	61.62
61.10	61.63
61.6	61.64
62.8	62.1
62.8	62.2
62.8	62.3
62.8	62.4
62.8	62.5
62.8	62.6
62.9	62.7
62.1	62.8
62.1	62.9
62.8	62.10
62.8	62.11
62.8	62.12
62.9	62.13
62.1	62.14
62.8	62.15
62.7	62.16
62.8	62.17
62.8	62.18
62.1	62.19
62.8	62.20
62.7	62.21
62.8	62.22
62.2	62.23
62.7	62.24
62.7	62.25
62.1	62.26
62.8	62.27
62.1	62.28
62.8	62.29
62.8	62.30
62.3	62.31
62.7	62.32
62.7	62.33
62.1	62.34
62.7	62.35
62.5	62.36
62.8	62.37
62.7	62.38
62.8	62.39
62.1	62.40
62.8	62.41
62.1	62.42
62.6	62.43
62.8	62.44
62.8	62.45
62.8	62.46
62.8	62.47
62.6	62.48
62.7	62.49
62.8	62.50
62.8	62.51
62.1	62.52
62.4	62.53
62.1	62.54
62.8	62.55
62.7	62.56
62.8	62.57
62.7	62.58
62.7	62.59
62.8	62.60
62.8	62.61
62.1	62.62
62.8	62.63
62.1	62.64
63.1	63.1
63.1	63.2
63.1	63.3
63.1	63.4
63.1	63.5
63.1	63.6
63.8	63.7
63.1	63.8
63.8	63.9
63.1	63.10
63.1	63.11
63.10	63.12
63.1	63.13
63.10	63.14
63.1	63.15
63.1	63.16
63.1	63.17
63.10	63.18
63.8	63.19
63.10	63.20
63.10	63.21
63.1	63.22
63.10	63.23
63.1	63.24
63.1	63.25
63.7	63.26
63.1	63.27
63.1	63.28
63.1	63.29
63.1	63.30
63.1	63.31
63.1	63.32
63.1	63.33
63.10	63.34
63.10	63.35
63.1	63.36
63.8	63.37
63.1	63.38
63.1	63.39
63.1	63.40
63.1	63.41
63.1	63.42
63.3	63.43
63.4	63.44
63.6	63.45
63.10	63.46
63.1	63.47
63.1	63.48
63.9	63.49
63.1	63.50
63.2	63.51
63.5	63.52
63.10	63.53
63.1	63.54
63.1	63.55
63.8	63.56
63.10	63.57
63.8	63.58
63.1	63.59
63.1	63.60
63.1	63.61
63.1	63.62
63.1	63.63
63.8	63.64
64.4	64.1
64.4	64.2
64.1	64.3
64.1	64.4
64.1	64.5
64.2	64.6
64.1	64.7
64.1	64.8
64.1	64.9
64.4	64.10
64.3	64.11
64.1	64.12
64.4	64.13
64.1	64.14
64.1	64.15
64.1	64.16
64.1	64.17
64.1	64.18
64.1	64.19
64.1	64.20
64.1	64.21
64.1	64.22
64.1	64.23
64.1	64.24
64.4	64.25
64.1	64.26
64.1	64.27
64.4	64.28
64.3	64.29
64.1	64.30
64.1	64.31
64.1	64.32
64.1	64.33
64.1	64.34
64.4	64.35
64.4	64.36
64.1	64.37
64.1	64.38
64.4	64.39
64.1	64.40
64.1	64.41
64.1	64.42
64.1	64.43
64.1	64.44
64.1	64.45
64.1	64.46
64.4	64.47
64.1	64.48
64.1	64.49
64.1	64.50
64.4	64.51
64.1	64.52
64.1	64.53
64.1	64.54
64.1	64.55
64.1	64.56
64.1	64.57
64.1	64.58
64.1	64.59
64.1	64.60
64.4	64.61
64.1	64.62
64.1	64.63
64.4	64.64
65.8	65.1
65.6	65.2
65.5	65.3
65.6	65.4
65.6	65.5
65.8	65.6
65.4	65.7
65.6	65.8
65.6	65.9
65.6	65.10
65.6	65.11
65.1	65.12
65.6	65.13
65.6	65.14
65.5	65.15
65.6	65.16
65.6	65.17
65.6	65.18
65.4	65.19
65.4	65.20
65.4	65.21
65.4	65.22
65.4	65.23
65.4	65.24
65.6	65.25
65.4	65.26
65.6	65.27
65.8	65.28
65.2	65.29
65.8	65.30
65.6	65.31
65.4	65.32
65.7	65.33
65.6	65.34
65.6	65.35
65.6	65.36
65.1	65.37
65.6	65.38
65.6	65.39
65.6	65.40
65.6	65.41
65.6	65.42
65.8	65.43
65.6	65.44
65.4	65.45
65.8	65.46
65.4	65.47
65.6	65.48
65.6	65.49
65.4	65.50
65.1	65.51
65.6	65.52
65.8	65.53
65.6	65.54
65.6	65.55
65.3	65.56
65.4	65.57
65.6	65.58
65.6	65.59
65.6	65.60
65.6	65.61
65.6	65.62
65.1	65.63
65.4	65.64
66.4	66.1
66.4	66.2
66.4	66.3
66.4	66.4
66.4	66.5
66.4	66.6
66.4	66.7
66.4	66.8
66.4	66.9
66.4	66.10
66.4	66.11
66.4	66.12
66.3	66.13
66.4	66.14
66.4	66.15
66.4	66.16
66.4	66.17
66.4	66.18
66.1	66.19
66.4	66.20
66.4	66.21
66.1	66.22
66.4	66.23
66.4	66.24
66.4	66.25
66.4	66.26
66.4	66.27
66.4	66.28
66.1	66.29
66.4	66.30
66.4	66.31
66.4	66.32
66.4	66.33
66.4	66.34
66.4	66.35
66.5	66.36
66.4	66.37
66.4	66.38
66.4	66.39
66.4	66.40
66.4	66.41
66.4	66.42
66.4	66.43
66.4	66.44
66.1	66.45
66.4	66.46
66.4	66.47
66.4	66.48
66.1	66.49
66.4	66.50
66.4	66.51
66.4	66.52
66.1	66.53
66.1	66.54
66.4	66.55
66.4	66.56
66.4	66.57
66.1	66.58
66.4	66.59
66.5	66.60
66.4	66.61
66.4	66.62
66.2	66.63
66.4	66.64
67.1	67.1
67.1	67.2
67.1	67.3
67.1	67.4
67.1	67.5
67.1	67.6
67.1	67.7
67.1	67.8
67.1	67.9
67.1	67.10
67.5	67.11
67.1	67.12
67.1	67.13
67.5	67.14
67.1	67.15
67.5	67.16
67.1	67.17
67.1	67.18
67.1	67.19
67.1	67.20
67.1	67.21
67.1	67.22
67.4	67.23
67.5	67.24
67.1	67.25
67.1	67.26
67.1	67.27
67.1	67.28
67.1	67.29
67.1	67.30
67.2	67.31
67.1	67.32
67.5	67.33
67.1	67.34
67.1	67.35
67.1	67.36
67.1	67.37
67.1	67.38
67.1	67.39
67.5	67.40
67.1	67.41
67.1	67.42
67.1	67.43
67.1	67.44
67.3	67.45
67.1	67.46
67.1	67.47
67.1	67.48
67.1	67.49
67.5	67.50
67.1	67.51
67.5	67.52
67.5	67.53
67.1	67.54
67.1	67.55
67.1	67.56
67.1	67.57
67.1	67.58
67.1	67.59
67.5	67.60
67.5	67.61
67.5	67.62
67.5	67.63
67.1	67.64
68.11	68.1
68.9	68.2
68.12	68.3
68.9	68.4
68.9	68.5
68.10	68.6
68.9	68.7
68.7	68.8
68.1	68.9
68.11	68.10
68.11	68.11
68.4	68.12
68.7	68.13
68.9	68.14
68.9	68.15
68.7	68.16
68.1	68.17
68.1	68.18
68.1	68.19
68.1	68.20
68.11	68.21
68.8	68.22
68.9	68.23
68.1	68.24
68.9	68.25
68.9	68.26
68.1	68.27
68.4	68.28
68.5	68.29
68.6	68.30
68.11	68.31
68.9	68.32
68.7	68.33
68.9	68.34
68.9	68.35
68.4	68.36
68.3	68.37
68.11	68.38
68.11	68.39
68.9	68.40
68.9	68.41
68.1	68.42
68.6	68.43
68.1	68.44
68.12	68.45
68.7	68.46
68.8	68.47
68.11	68.48
68.11	68.49
68.11	68.50
68.2	68.51
68.11	68.52
68.11	68.53
68.1	68.54
68.11	68.55
68.1	68.56
68.8	68.57
68.6	68.58
68.11	68.59
68.9	68.60
68.9	68.61
68.7	68.62
68.11	68.63
68.1	68.64
69.4	69.1
69.10	69.2
69.16	69.3
69.4	69.4
69.13	69.5
69.1	69.6
69.16	69.7
69.5	69.8
69.4	69.9
69.4	69.10
69.13	69.11
69.15	69.12
69.13	69.13
69.16	69.14
69.2	69.15
69.4	69.16
69.16	69.17
69.4	69.18
69.15	69.19
69.16	69.20
69.8	69.21
69.4	69.22
69.4	69.23
69.9	69.24
69.11	69.25
69.16	69.26
69.13	69.27
69.4	69.28
69.4	69.29
69.1	69.30
69.4	69.31
69.4	69.32
69.4	69.33
69.7	69.34
69.4	69.35
69.12	69.36
69.14	69.37
69.4	69.38
69.4	69.39
69.13	69.40
69.4	69.41
69.13	69.42
69.17	69.43
69.16	69.44
69.6	69.45
69.16	69.46
69.4	69.47
69.4	69.48
69.4	69.49
69.7	69.50
69.4	69.51
69.10	69.52
69.4	69.53
69.10	69.54
69.4	69.55
69.4	69.56
69.13	69.57
69.4	69.58
69.4	69.59
69.3	69.60
69.16	69.61
69.4	69.62
69.4	69.63
69.4	69.64
70.1	70.1
70.9	70.2
70.1	70.3
70.9	70.4
70.9	70.5
70.13	70.6
70.13	70.7
70.1	70.8
70.9	70.9
70.13	70.10
70.9	70.11
70.9	70.12
70.11	70.13
70.11	70.14
70.1	70.15
70.12	70.16
70.9	70.17
70.1	70.18
70.1	70.19
70.9	70.20
70.13	70.21
70.9	70.22
70.13	70.23
70.1	70.24
70.8	70.25
70.5	70.26
70.1	70.27
70.9	70.28
70.1	70.29
70.13	70.30
70.1	70.31
70.4	70.32
70.3	70.33
70.2	70.34
70.13	70.35
70.9	70.36
70.9	70.37
70.9	70.38
70.13	70.39
70.1	70.40
70.11	70.41
70.9	70.42
70.10	70.43
70.12	70.44
70.7	70.45
70.9	70.46
70.1	70.47
70.1	70.48
70.1	70.49
70.1	70.50
70.1	70.51
70.9	70.52
70.7	70.53
70.9	70.54
70.1	70.55
70.6	70.56
70.8	70.57
70.1	70.58
70.9	70.59
70.1	70.60
70.9	70.61
70.9	70.62
70.11	70.63
70.1	70.64
71.6	71.1
71.1	71.2
71.8	71.3
71.8	71.4
71.1	71.5
71.1	71.6
71.8	71.7
71.1	71.8
71.8	71.9
71.8	71.10
71.1	71.11
71.1	71.12
71.1	71.13
71.8	71.14
71.1	71.15
71.1	71.16
71.8	71.17
71.8	71.18
71.1	71.19
71.1	71.20
71.1	71.21
71.3	71.22
71.8	71.23
71.1	71.24
71.9	71.25
71.10	71.26
71.7	71.27
71.1	71.28
71.1	71.29
71.1	71.30
71.8	71.31
71.1	71.32
71.13	71.33
71.9	71.34
71.1	71.35
71.2	71.36
71.8	71.37
71.1	71.38
71.8	71.39
71.11	71.40
71.9	71.41
71.7	71.42
71.8	71.43
71.4	71.44
71.9	71.45
71.1	71.46
71.1	71.47
71.8	71.48
71.7	71.49
71.11	71.50
71.8	71.51
71.12	71.52
71.9	71.53
71.8	71.54
71.8	71.55
71.1	71.56
71.11	71.57
71.13	71.58
71.12	71.59
71.5	71.60
71.8	71.61
71.8	71.62
71.1	71.63
71.8	71.64
72.4	72.1
72.1	72.2
72.4	72.3
72.4	72.4
72.4	72.5
72.4	72.6
72.4	72.7
72.4	72.8
72.4	72.9
72.4	72.10
72.4	72.11
72.2	72.12
72.4	72.13
72.4	72.14
72.4	72.15
72.4	72.16
72.4	72.17
72.5	72.18
72.4	72.19
72.4	72.20
72.4	72.21
72.4	72.22
72.4	72.23
72.4	72.24
72.4	72.25
72.4	72.26
72.4	72.27
72.4	72.28
72.1	72.29
72.4	72.30
72.4	72.31
72.4	72.32
72.1	72.33
72.4	72.34
72.4	72.35
72.4	72.36
72.4	72.37
72.4	72.38
72.4	72.39
72.4	72.40
72.4	72.41
72.4	72.42
72.4	72.43
72.4	72.44
72.4	72.45
72.4	72.46
72.4	72.47
72.4	72.48
72.4	72.49
72.6	72.50
72.4	72.51
72.4	72.52
72.1	72.53
72.4	72.54
72.4	72.55
72.1	72.56
72.4	72.57
72.4	72.58
72.4	72.59
72.3	72.60
72.4	72.61
72.4	72.62
72.7	72.63
72.4	72.64
73.3	73.1
73.3	73.2
73.5	73.3
73.3	73.4
73.2	73.5
73.3	73.6
73.3	73.7
73.3	73.8
73.3	73.9
73.3	73.10
73.3	73.11
73.3	73.12
73.3	73.13
73.3	73.14
73.3	73.15
73.3	73.16
73.3	73.17
73.3	73.18
73.3	73.19
73.5	73.20
73.5	73.21
73.3	73.22
73.3	73.23
73.5	73.24
73.5	73.25
73.3	73.26
73.3	73.27
73.4	73.28
73.1	73.29
73.3	73.30
73.5	73.31
73.3	73.32
73.3	73.33
73.3	73.34
73.6	73.35
73.5	73.36
73.3	73.37
73.3	73.38
73.6	73.39
73.3	73.40
73.3	73.41
73.3	73.42
73.3	73.43
73.5	73.44
73.3	73.45
73.3	73.46
73.3	73.47
73.5	73.48
73.3	73.49
73.3	73.50
73.3	73.51
73.3	73.52
73.3	73.53
73.1	73.54
73.5	73.55
73.1	73.56
73.3	73.57
73.3	73.58
73.3	73.59
73.3	73.60
73.6	73.61
73.3	73.62
73.7	73.63
73.3	73.64
74.9	74.1
74.9	74.2
74.9	74.3
74.1	74.4
74.9	74.5
74.1	74.6
74.9	74.7
74.10	74.8
74.9	74.9
74.9	74.10
74.9	74.11
74.9	74.12
74.9	74.13
74.9	74.14
74.9	74.15
74.1	74.16
74.9	74.17
74.9	74.18
74.9	74.19
74.9	74.20
74.1	74.21
74.1	74.22
74.9	74.23
74.9	74.24
74.1	74.25
74.1	74.26
74.10	74.27
74.9	74.28
74.9	74.29
74.9	74.30
74.9	74.31
74.1	74.32
74.9	74.33
74.9	74.34
74.1	74.35
74.9	74.36
74.10	74.37
74.1	74.38
74.9	74.39
74.9	74.40
74.6	74.41
74.9	74.42
74.9	74.43
74.9	74.44
74.9	74.45
74.11	74.46
74.1	74.47
74.9	74.48
74.5	74.49
74.3	74.50
74.7	74.51
74.1	74.52
74.9	74.53
74.9	74.54
74.11	74.55
74.10	74.56
74.9	74.57
74.9	74.58
74.1	74.59
74.2	74.60
74.9	74.61
74.8	74.62
74.1	74.63
74.4	74.64
75.8	75.1
75.8	75.2
75.8	75.3
75.8	75.4
75.8	75.5
75.14	75.6
75.15	75.7
75.8	75.8
75.8	75.9
75.8	75.10
75.8	75.11
75.14	75.12
75.14	75.13
75.8	75.14
75.14	75.15
75.15	75.16
75.16	75.17
75.8	75.18
75.8	75.19
75.2	75.20
75.1	75.21
75.8	75.22
75.8	75.23
75.3	75.24
75.13	75.25
75.14	75.26
75.1	75.27
75.14	75.28
75.6	75.29
75.12	75.30
75.8	75.31
75.14	75.32
75.14	75.33
75.8	75.34
75.8	75.35
75.14	75.36
75.8	75.37
75.8	75.38
75.9	75.39
75.8	75.40
75.8	75.41
75.8	75.42
75.8	75.43
75.11	75.44
75.4	75.45
75.10	75.46
75.11	75.47
75.8	75.48
75.8	75.49
75.1	75.50
75.12	75.51
75.16	75.52
75.8	75.53
75.8	75.54
75.8	75.55
75.11	75.56
75.5	75.57
75.8	75.58
75.14	75.59
75.1	75.60
75.7	75.61
75.15	75.62
75.11	75.63
75.8	75.64
76.1	76.1
76.1	76.2
76.8	76.3
76.1	76.4
76.1	76.5
76.1	76.6
76.1	76.7
76.1	76.8
76.1	76.9
76.4	76.10
76.1	76.11
76.1	76.12
76.1	76.13
76.1	76.14
76.1	76.15
76.8	76.16
76.4	76.17
76.1	76.18
76.1	76.19
76.1	76.20
76.5	76.21
76.8	76.22
76.1	76.23
76.8	76.24
76.1	76.25
76.1	76.26
76.1	76.27
76.1	76.28
76.1	76.29
76.8	76.30
76.8	76.31
76.8	76.32
76.1	76.33
76.1	76.34
76.1	76.35
76.7	76.36
76.1	76.37
76.1	76.38
76.1	76.39
76.1	76.40
76.6	76.41
76.1	76.42
76.1	76.43
76.7	76.44
76.1	76.45
76.8	76.46
76.1	76.47
76.8	76.48
76.8	76.49
76.4	76.50
76.1	76.51
76.6	76.52
76.8	76.53
76.6	76.54
76.2	76.55
76.1	76.56
76.1	76.57
76.1	76.58
76.1	76.59
76.1	76.60
76.1	76.61
76.3	76.62
76.6	76.63
76.1	76.64
77.18	77.1
77.16	77.2
77.18	77.3
77.18	77.4
77.17	77.5
77.17	77.6
77.17	77.7
77.5	77.8
77.18	77.9
77.16	77.10
77.18	77.11
77.4	77.12
77.17	77.13
77.17	77.14
77.17	77.15
77.18	77.16
77.9	77.17
77.18	77.18
77.18	77.19
77.12	77.20
77.5	77.21
77.17	77.22
77.5	77.23
77.18	77.24
77.18	77.25
77.5	77.26
77.16	77.27
77.18	77.28
77.10	77.29
77.4	77.30
77.18	77.31
77.17	77.32
77.4	77.33
77.3	77.34
77.7	77.35
77.18	77.36
77.17	77.37
77.5	77.38
77.1	77.39
77.1	77.40
77.8	77.41
77.17	77.42
77.17	77.43
77.13	77.44
77.6	77.45
77.11	77.46
77.8	77.47
77.14	77.48
77.18	77.49
77.17	77.50
77.5	77.51
77.8	77.52
77.15	77.53
77.2	77.54
77.18	77.55
77.17	77.56
77.16	77.57
77.18	77.58
77.18	77.59
77.18	77.60
77.18	77.61
77.17	77.62
77.18	77.63
77.5	77.64
78.12	78.1
78.12	78.2
78.7	78.3
78.13	78.4
78.7	78.5
78.1	78.6
78.7	78.7
78.2	78.8
78.13	78.9
78.7	78.10
78.7	78.11
78.13	78.12
78.5	78.13
78.13	78.14
78.13	78.15
78.7	78.16
78.7	78.17
78.11	78.18
78.7	78.19
78.1	78.20
78.9	78.21
78.13	78.22
78.13	78.23
78.7	78.24
78.12	78.25
78.9	78.26
78.7	78.27
78.7	78.28
78.13	78.29
78.7	78.30
78.7	78.31
78.7	78.32
78.13	78.33
78.7	78.34
78.7	78.35
78.7	78.36
78.4	78.37
78.13	78.38
78.7	78.39
78.8	78.40
78.13	78.41
78.7	78.42
78.5	78.43
78.7	78.44
78.7	78.45
78.7	78.46
78.3	78.47
78.7	78.48
78.7	78.49
78.8	78.50
78.10	78.51
78.7	78.52
78.1	78.53
78.12	78.54
78.13	78.55
78.6	78.56
78.7	78.57
78.7	78.58
78.13	78.59
78.7	78.60
78.7	78.61
78.12	78.62
78.13	78.63
78.7	78.64
79.1	79.1
79.8	79.2
79.1	79.3
79.1	79.4
79.1	79.5
79.1	79.6
79.1	79.7
79.1	79.8
79.1	79.9
79.1	79.10
79.1	79.11
79.8	79.12
79.1	79.13
79.3	79.14
79.1	79.15
79.1	79.16
79.1	79.17
79.1	79.18
79.1	79.19
79.1	79.20
79.8	79.21
79.1	79.22
79.1	79.23
79.1	79.24
79.1	79.25
79.8	79.26
79.1	79.27
79.8	79.28
79.1	79.29
79.1	79.30
79.1	79.31
79.1	79.32
79.6	79.33
79.6	79.34
79.8	79.35
79.4	79.36
79.1	79.37
79.2	79.38
79.8	79.39
79.1	79.40
79.1	79.41
79.6	79.42
79.8	79.43
79.9	79.44
79.9	79.45
79.1	79.46
79.1	79.47
79.1	79.48
79.7	79.49
79.5	79.50
79.1	79.51
79.1	79.52
79.1	79.53
79.1	79.54
79.1	79.55
79.1	79.56
79.6	79.57
79.9	79.58
79.1	79.59
79.1	79.60
79.1	79.61
79.1	79.62
79.1	79.63
79.8	79.64
80.1	80.1
80.1	80.2
80.8	80.3
80.1	80.4
80.1	80.5
80.1	80.6
80.1	80.7
80.2	80.8
80.8	80.9
80.8	80.10
80.8	80.11
80.1	80.12
80.1	80.13
80.8	80.14
80.7	80.15
80.1	80.16
80.1	80.17
80.8	80.18
80.1	80.19
80.1	80.20
80.8	80.21
80.8	80.22
80.1	80.23
80.1	80.24
80.1	80.25
80.1	80.26
80.1	80.27
80.8	80.28
80.1	80.29
80.1	80.30
80.8	80.31
80.8	80.32
80.1	80.33
80.8	80.34
80.1	80.35
80.1	80.36
80.1	80.37
80.8	80.38
80.1	80.39
80.1	80.40
80.1	80.41
80.1	80.42
80.1	80.43
80.6	80.44
80.8	80.45
80.8	80.46
80.8	80.47
80.1	80.48
80.8	80.49
80.5	80.50
80.1	80.51
80.8	80.52
80.1	80.53
80.4	80.54
80.1	80.55
80.1	80.56
80.1	80.57
80.1	80.58
80.1	80.59
80.1	80.60
80.1	80.61
80.3	80.62
80.8	80.63
80.1	80.64
81.11	81.1
81.1	81.2
81.13	81.3
81.11	81.4
81.13	81.5
81.10	81.6
81.1	81.7
81.13	81.8
81.12	81.9
81.12	81.10
81.11	81.11
81.1	81.12
81.11	81.13
81.13	81.14
81.11	81.15
81.1	81.16
81.9	81.17
81.13	81.18
81.6	81.19
81.9	81.20
81.9	81.21
81.11	81.22
81.13	81.23
81.1	81.24
81.9	81.25
81.11	81.26
81.5	81.27
81.5	81.28
81.11	81.29
81.5	81.30
81.1	81.31
81.9	81.32
81.9	81.33
81.10	81.34
81.11	81.35
81.11	81.36
81.13	81.37
81.11	81.38
81.7	81.39
81.3	81.40
81.6	81.41
81.12	81.42
81.11	81.43
81.1	81.44
81.13	81.45
81.9	81.46
81.10	81.47
81.13	81.48
81.11	81.49
81.13	81.50
81.10	81.51
81.1	81.52
81.4	81.53
81.11	81.54
81.11	81.55
81.11	81.56
81.11	81.57
81.1	81.58
81.7	81.59
81.1	81.60
81.7	81.61
81.2	81.62
81.1	81.63
81.8	81.64
82.1	82.1
82.1	82.2
82.14	82.3
82.1	82.4
82.7	82.5
82.8	82.6
82.13	82.7
82.14	82.8
82.13	82.9
82.6	82.10
82.1	82.11
82.12	82.12
82.13	82.13
82.1	82.14
82.1	82.15
82.13	82.16
82.11	82.17
82.7	82.18
82.11	82.19
82.1	82.20
82.9	82.21
82.13	82.22
82.2	82.23
82.4	82.24
82.13	82.25
82.7	82.26
82.1	82.27
82.13	82.28
82.7	82.29
82.12	82.30
82.1	82.31
82.1	82.32
82.1	82.33
82.7	82.34
82.1	82.35
82.12	82.36
82.14	82.37
82.1	82.38
82.12	82.39
82.13	82.40
82.14	82.41
82.1	82.42
82.1	82.43
82.13	82.44
82.13	82.45
82.14	82.46
82.14	82.47
82.13	82.48
82.13	82.49
82.6	82.50
82.13	82.51
82.14	82.52
82.1	82.53
82.13	82.54
82.14	82.55
82.10	82.56
82.5	82.57
82.11	82.58
82.11	82.59
82.13	82.60
82.14	82.61
82.3	82.62
82.1	82.63
82.1	82.64
83.17	83.1
83.15	83.2
83.17	83.3
83.17	83.4
83.5	83.5
83.10	83.6
83.11	83.7
83.13	83.8
83.17	83.9
83.11	83.10
83.6	83.11
83.15	83.12
83.17	83.13
83.12	83.14
83.18	83.15
83.17	83.16
83.18	83.17
83.17	83.18
83.15	83.19
83.17	83.20
83.1	83.21
83.7	83.22
83.17	83.23
83.10	83.24
83.7	83.25
83.17	83.26
83.17	83.27
83.10	83.28
83.3	83.29
83.17	83.30
83.15	83.31
83.2	83.32
83.10	83.33
83.14	83.34
83.17	83.35
83.18	83.36
83.17	83.37
83.15	83.38
83.4	83.39
83.16	83.40
83.18	83.41
83.17	83.42
83.8	83.43
83.17	83.44
83.17	83.45
83.15	83.46
83.17	83.47
83.17	83.48
83.17	83.49
83.15	83.50
83.15	83.51
83.15	83.52
83.1	83.53
83.1	83.54
83.17	83.55
83.15	83.56
83.11	83.57
83.15	83.58
83.15	83.59
83.17	83.60
83.15	83.61
83.17	83.62
83.17	83.63
83.9	83.64
84.13	84.1
84.10	84.2
84.13	84.3
84.10	84.4
84.10	84.5
84.1	84.6
84.9	84.7
84.9	84.8
84.8	84.9
84.11	84.10
84.10	84.11
84.14	84.12
84.10	84.13
84.6	84.14
84.10	84.15
84.13	84.16
84.10	84.17
84.3	84.18
84.1	84.19
84.13	84.20
84.1	84.21
84.6	84.22
84.13	84.23
84.13	84.24
84.1	84.25
84.10	84.26
84.10	84.27
84.10	84.28
84.1	84.29
84.10	84.30
84.10	84.31
84.9	84.32
84.9	84.33
84.1	84.34
84.1	84.35
84.6	84.36
84.1	84.37
84.13	84.38
84.13	84.39
84.1	84.40
84.9	84.41
84.9	84.42
84.4	84.43
84.6	84.44
84.12	84.45
84.1	84.46
84.10	84.47
84.1	84.48
84.1	84.49
84.9	84.50
84.7	84.51
84.1	84.52
84.1	84.53
84.2	84.54
84.1	84.55
84.10	84.56
84.10	84.57
84.10	84.58
84.1	84.59
84.9	84.60
84.1	84.61
84.1	84.62
84.5	84.63
84.1	84.64
85.1	85.1
85.1	85.2
85.6	85.3
85.9	85.4
85.6	85.5
85.1	85.6
85.1	85.7
85.9	85.8
85.1	85.9
85.10	85.10
85.1	85.11
85.2	85.12
85.3	85.13
85.8	85.14
85.9	85.15
85.1	85.16
85.6	85.17
85.6	85.18
85.8	85.19
85.1	85.20
85.1	85.21
85.9	85.22
85.6	85.23
85.9	85.24
85.8	85.25
85.1	85.26
85.1	85.27
85.1	85.28
85.4	85.29
85.6	85.30
85.9	85.31
85.1	85.32
85.6	85.33
85.6	85.34
85.10	85.35
85.10	85.36
85.6	85.37
85.9	85.38
85.10	85.39
85.8	85.40
85.6	85.41
85.7	85.42
85.6	85.43
85.6	85.44
85.9	85.45
85.6	85.46
85.6	85.47
85.1	85.48
85.10	85.49
85.10	85.50
85.1	85.51
85.6	85.52
85.1	85.53
85.6	85.54
85.1	85.55
85.1	85.56
85.6	85.57
85.5	85.58
85.9	85.59
85.1	85.60
85.1	85.61
85.6	85.62
85.5	85.63
85.10	85.64
86.5	86.1
86.4	86.2
86.4	86.3
86.4	86.4
86.4	86.5
86.4	86.6
86.4	86.7
86.4	86.8
86.7	86.9
86.1	86.10
86.6	86.11
86.7	86.12
86.4	86.13
86.4	86.14
86.8	86.15
86.7	86.16
86.4	86.17
86.4	86.18
86.4	86.19
86.4	86.20
86.4	86.21
86.4	86.22
86.7	86.23
86.4	86.24
86.4	86.25
86.4	86.26
86.1	86.27
86.7	86.28
86.4	86.29
86.1	86.30
86.7	86.31
86.4	86.32
86.4	86.33
86.4	86.34
86.2	86.35
86.7	86.36
86.4	86.37
86.4	86.38
86.4	86.39
86.7	86.40
86.4	86.41
86.7	86.42
86.1	86.43
86.7	86.44
86.4	86.45
86.4	86.46
86.7	86.47
86.6	86.48
86.7	86.49
86.3	86.50
86.4	86.51
86.4	86.52
86.7	86.53
86.7	86.54
86.7	86.55
86.4	86.56
86.1	86.57
86.7	86.58
86.7	86.59
86.7	86.60
86.1	86.61
86.4	86.62
86.4	86.63
86.4	86.64
87.1	87.1
87.1	87.2
87.1	87.3
87.1	87.4
87.6	87.5
87.1	87.6
87.1	87.7
87.1	87.8
87.1	87.9
87.1	87.10
87.1	87.11
87.1	87.12
87.1	87.13
87.6	87.14
87.1	87.15
87.1	87.16
87.1	87.17
87.1	87.18
87.1	87.19
87.1	87.20
87.1	87.21
87.1	87.22
87.1	87.23
87.1	87.24
87.6	87.25
87.4	87.26
87.1	87.27
87.1	87.28
87.3	87.29
87.1	87.30
87.1	87.31
87.1	87.32
87.1	87.33
87.1	87.34
87.2	87.35
87.1	87.36
87.1	87.37
87.1	87.38
87.1	87.39
87.1	87.40
87.1	87.41
87.1	87.42
87.6	87.43
87.6	87.44
87.1	87.45
87.6	87.46
87.6	87.47
87.1	87.48
87.6	87.49
87.5	87.50
87.6	87.51
87.1	87.52
87.1	87.53
87.1	87.54
87.1	87.55
87.1	87.56
87.1	87.57
87.6	87.58
87.1	87.59
87.1	87.60
87.6	87.61
87.5	87.62
87.1	87.63
87.1	87.64
88.1	88.1
88.1	88.2
88.10	88.3
88.10	88.4
88.1	88.5
88.1	88.6
88.1	88.7
88.10	88.8
88.1	88.9
88.11	88.10
88.10	88.11
88.9	88.12
88.9	88.13
88.11	88.14
88.10	88.15
88.10	88.16
88.10	88.17
88.1	88.18
88.11	88.19
88.6	88.20
88.10	88.21
88.5	88.22
88.10	88.23
88.10	88.24
88.10	88.25
88.10	88.26
88.1	88.27
88.9	88.28
88.4	88.29
88.1	88.30
88.8	88.31
88.7	88.32
88.10	88.33
88.10	88.34
88.6	88.35
88.1	88.36
88.1	88.37
88.10	88.38
88.9	88.39
88.10	88.40
88.10	88.41
88.1	88.42
88.6	88.43
88.3	88.44
88.10	88.45
88.1	88.46
88.1	88.47
88.2	88.48
88.10	88.49
88.10	88.50
88.9	88.51
88.10	88.52
88.10	88.53
88.10	88.54
88.9	88.55
88.1	88.56
88.1	88.57
88.10	88.58
88.1	88.59
88.5	88.60
88.1	88.61
88.10	88.62
88.1	88.63
88.1	88.64
89.18	89.1
89.1	89.2
89.18	89.3
89.15	89.4
89.1	89.5
89.13	89.6
89.1	89.7
89.16	89.8
89.10	89.9
89.6	89.10
89.16	89.11
89.16	89.12
89.16	89.13
89.15	89.14
89.1	89.15
89.1	89.16
89.16	89.17
89.12	89.18
89.15	89.19
89.1	89.20
89.3	89.21
89.12	89.22
89.2	89.23
89.16	89.24
89.15	89.25
89.17	89.26
89.11	89.27
89.12	89.28
89.15	89.29
89.16	89.30
89.5	89.31
89.17	89.32
89.12	89.33
89.4	89.34
89.17	89.35
89.1	89.36
89.7	89.37
89.15	89.38
89.15	89.39
89.1	89.40
89.18	89.41
89.17	89.42
89.9	89.43
89.1	89.44
89.11	89.45
89.1	89.46
89.1	89.47
89.15	89.48
89.17	89.49
89.1	89.50
89.14	89.51
89.16	89.52
89.8	89.53
89.15	89.54
89.16	89.55
89.17	89.56
89.1	89.57
89.9	89.58
89.14	89.59
89.16	89.60
89.15	89.61
89.14	89.62
89.12	89.63
89.16	89.64
90.12	90.1
90.12	90.2
90.12	90.3
90.12	90.4
90.12	90.5
90.1	90.6
90.12	90.7
90.1	90.8
90.1	90.9
90.12	90.10
90.12	90.11
90.12	90.12
90.12	90.13
90.8	90.14
90.12	90.15
90.12	90.16
90.12	90.17
90.1	90.18
90.12	90.19
90.12	90.20
90.12	90.21
90.12	90.22
90.1	90.23
90.12	90.24
90.3	90.25
90.11	90.26
90.12	90.27
90.8	90.28
90.1	90.29
90.12	90.30
90.1	90.31
90.12	90.32
90.8	90.33
90.4	90.34
90.12	90.35
90.12	90.36
90.1	90.37
90.7	90.38
90.12	90.39
90.12	90.40
90.1	90.41
90.8	90.42
90.6	90.43
90.10	90.44
90.1	90.45
90.12	90.46
90.12	90.47
90.12	90.48
90.8	90.49
90.5	90.50
90.12	90.51
90.12	90.52
90.8	90.53
90.12	90.54
90.12	90.55
90.10	90.56
90.1	90.57
90.12	90.58
90.12	90.59
90.8	90.60
90.9	90.61
90.12	90.62
90.1	90.63
90.2	90.64
91.10	91.1
91.5	91.2
91.6	91.3
91.1	91.4
91.5	91.5
91.10	91.6
91.5	91.7
91.5	91.8
91.5	91.9
91.10	91.10
91.5	91.11
91.10	91.12
91.1	91.13
91.10	91.14
91.5	91.15
91.5	91.16
91.10	91.17
91.5	91.18
91.1	91.19
91.5	91.20
91.9	91.21
91.5	91.22
91.7	91.23
91.5	91.24
91.5	91.25
91.5	91.26
91.5	91.27
91.10	91.28
91.4	91.29
91.10	91.30
91.10	91.31
91.10	91.32
91.5	91.33
91.5	91.34
91.10	91.35
91.10	91.36
91.10	91.37
91.10	91.38
91.3	91.39
91.5	91.40
91.5	91.41
91.2	91.42
91.5	91.43
91.6	91.44
91.5	91.45
91.8	91.46
91.10	91.47
91.10	91.48
91.5	91.49
91.8	91.50
91.5	91.51
91.5	91.52
91.1	91.53
91.7	91.54
91.6	91.55
91.10	91.56
91.5	91.57
91.5	91.58
91.10	91.59
91.7	91.60
91.10	91.61
91.5	91.62
91.10	91.63
91.5	91.64
92.1	92.1
92.1	92.2
92.5	92.3
92.1	92.4
92.1	92.5
92.1	92.6
92.5	92.7
92.1	92.8
92.5	92.9
92.5	92.10
92.1	92.11
92.1	92.12
92.1	92.13
92.4	92.14
92.1	92.15
92.1	92.16
92.1	92.17
92.1	92.18
92.1	92.19
92.1	92.20
92.1	92.21
92.1	92.22
92.3	92.23
92.1	92.24
92.5	92.25
92.1	92.26
92.1	92.27
92.5	92.28
92.1	92.29
92.1	92.30
92.5	92.31
92.1	92.32
92.1	92.33
92.5	92.34
92.1	92.35
92.4	92.36
92.1	92.37
92.5	92.38
92.5	92.39
92.1	92.40
92.1	92.41
92.1	92.42
92.1	92.43
92.5	92.44
92.1	92.45
92.1	92.46
92.1	92.47
92.1	92.48
92.1	92.49
92.1	92.50
92.2	92.51
92.1	92.52
92.1	92.53
92.5	92.54
92.1	92.55
92.5	92.56
92.5	92.57
92.1	92.58
92.1	92.59
92.1	92.60
92.1	92.61
92.1	92.62
92.1	92.63
92.1	92.64
93.1	93.1
93.1	93.2
93.1	93.3
93.11	93.4
93.1	93.5
93.1	93.6
93.1	93.7
93.1	93.8
93.1	93.9
93.1	93.10
93.1	93.11
93.1	93.12
93.8	93.13
93.3	93.14
93.1	93.15
93.8	93.16
93.11	93.17
93.1	93.18
93.1	93.19
93.1	93.20
93.1	93.21
93.1	93.22
93.1	93.23
93.1	93.24
93.2	93.25
93.1	93.26
93.1	93.27
93.1	93.28
93.1	93.29
93.1	93.30
93.11	93.31
93.1	93.32
93.5	93.33
93.1	93.34
93.11	93.35
93.1	93.36
93.6	93.37
93.1	93.38
93.11	93.39
93.1	93.40
93.1	93.41
93.1	93.42
93.11	93.43
93.8	93.44
93.4	93.45
93.1	93.46
93.7	93.47
93.1	93.48
93.11	93.49
93.10	93.50
93.8	93.51
93.11	93.52
93.1	93.53
93.11	93.54
93.4	93.55
93.1	93.56
93.1	93.57
93.5	93.58
93.9	93.59
93.1	93.60
93.1	93.61
93.1	93.62
93.6	93.63
93.11	93.64
94.11	94.1
94.5	94.2
94.9	94.3
94.5	94.4
94.5	94.5
94.5	94.6
94.5	94.7
94.8	94.8
94.5	94.9
94.5	94.10
94.5	94.11
94.11	94.12
94.5	94.13
94.9	94.14
94.11	94.15
94.3	94.16
94.5	94.17
94.11	94.18
94.11	94.19
94.12	94.20
94.5	94.21
94.11	94.22
94.11	94.23
94.11	94.24
94.5	94.25
94.5	94.26
94.5	94.27
94.9	94.28
94.11	94.29
94.5	94.30
94.9	94.31
94.4	94.32
94.5	94.33
94.5	94.34
94.5	94.35
94.10	94.36
94.5	94.37
94.1	94.38
94.5	94.39
94.11	94.40
94.2	94.41
94.2	94.42
94.6	94.43
94.5	94.44
94.9	94.45
94.11	94.46
94.5	94.47
94.5	94.48
94.11	94.49
94.5	94.50
94.5	94.51
94.11	94.52
94.7	94.53
94.5	94.54
94.5	94.55
94.5	94.56
94.5	94.57
94.5	94.58
94.5	94.59
94.9	94.60
94.11	94.61
94.11	94.62
94.5	94.63
94.9	94.64
95.8	95.1
95.10	95.2
95.1	95.3
95.3	95.4
95.10	95.5
95.2	95.6
95.1	95.7
95.7	95.8
95.4	95.9
95.1	95.10
95.1	95.11
95.8	95.12
95.5	95.13
95.1	95.14
95.5	95.15
95.9	95.16
95.1	95.17
95.8	95.18
95.8	95.19
95.1	95.20
95.8	95.21
95.8	95.22
95.8	95.23
95.8	95.24
95.8	95.25
95.9	95.26
95.1	95.27
95.8	95.28
95.8	95.29
95.1	95.30
95.8	95.31
95.8	95.32
95.8	95.33
95.8	95.34
95.8	95.35
95.5	95.36
95.8	95.37
95.10	95.38
95.7	95.39
95.7	95.40
95.10	95.41
95.8	95.42
95.8	95.43
95.8	95.44
95.1	95.45
95.8	95.46
95.8	95.47
95.10	95.48
95.1	95.49
95.8	95.50
95.1	95.51
95.8	95.52
95.8	95.53
95.8	95.54
95.9	95.55
95.3	95.56
95.8	95.57
95.10	95.58
95.1	95.59
95.8	95.60
95.8	95.61
95.1	95.62
95.6	95.63
95.1	95.64
96.11	96.1
96.7	96.2
96.1	96.3
96.1	96.4
96.11	96.5
96.11	96.6
96.11	96.7
96.1	96.8
96.1	96.9
96.11	96.10
96.1	96.11
96.11	96.12
96.9	96.13
96.11	96.14
96.2	96.15
96.11	96.16
96.11	96.17
96.11	96.18
96.11	96.19
96.1	96.20
96.10	96.21
96.1	96.22
96.11	96.23
96.11	96.24
96.11	96.25
96.11	96.26
96.10	96.27
96.8	96.28
96.11	96.29
96.11	96.30
96.11	96.31
96.1	96.32
96.11	96.33
96.11	96.34
96.11	96.35
96.11	96.36
96.3	96.37
96.11	96.38
96.1	96.39
96.8	96.40
96.1	96.41
96.7	96.42
96.11	96.43
96.11	96.44
96.11	96.45
96.11	96.46
96.11	96.47
96.11	96.48
96.11	96.49
96.11	96.50
96.8	96.51
96.11	96.52
96.7	96.53
96.4	96.54
96.11	96.55
96.11	96.56
96.11	96.57
96.6	96.58
96.1	96.59
96.5	96.60
96.11	96.61
96.11	96.62
96.7	96.63
96.7	96.64
97.1	97.1
97.1	97.2
97.10	97.3
97.1	97.4
97.8	97.5
97.5	97.6
97.11	97.7
97.1	97.8
97.8	97.9
97.8	97.10
97.8	97.11
97.1	97.12
97.1	97.13
97.1	97.14
97.8	97.15
97.8	97.16
97.8	97.17
97.1	97.18
97.4	97.19
97.8	97.20
97.1	97.21
97.8	97.22
97.8	97.23
97.1	97.24
97.3	97.25
97.3	97.26
97.1	97.27
97.10	97.28
97.8	97.29
97.5	97.30
97.10	97.31
97.8	97.32
97.8	97.33
97.8	97.34
97.9	97.35
97.1	97.36
97.8	97.37
97.8	97.38
97.8	97.39
97.8	97.40
97.2	97.41
97.8	97.42
97.3	97.43
97.8	97.44
97.8	97.45
97.9	97.46
97.7	97.47
97.9	97.48
97.10	97.49
97.1	97.50
97.7	97.51
97.8	97.52
97.1	97.53
97.8	97.54
97.10	97.55
97.1	97.56
97.1	97.57
97.6	97.58
97.10	97.59
97.8	97.60
97.8	97.61
97.1	97.62
97.1	97.63
97.8	97.64
98.1	98.1
98.1	98.2
98.1	98.3
98.1	98.4
98.1	98.5
98.1	98.6
98.10	98.7
98.1	98.8
98.12	98.9
98.1	98.10
98.1	98.11
98.12	98.12
98.1	98.13
98.12	98.14
98.6	98.15
98.1	98.16
98.12	98.17
98.1	98.18
98.1	98.19
98.9	98.20
98.11	98.21
98.1	98.22
98.1	98.23
98.1	98.24
98.1	98.25
98.1	98.26
98.1	98.27
98.5	98.28
98.12	98.29
98.1	98.30
98.11	98.31
98.11	98.32
98.1	98.33
98.1	98.34
98.1	98.35
98.1	98.36
98.5	98.37
98.1	98.38
98.4	98.39
98.12	98.40
98.11	98.41
98.8	98.42
98.1	98.43
98.12	98.44
98.12	98.45
98.1	98.46
98.1	98.47
98.12	98.48
98.11	98.49
98.11	98.50
98.1	98.51
98.1	98.52
98.1	98.53
98.2	98.54
98.1	98.55
98.12	98.56
98.1	98.57
98.3	98.58
98.1	98.59
98.11	98.60
98.7	98.61
98.1	98.62
98.1	98.63
98.1	98.64
99.1	99.1
99.10	99.2
99.5	99.3
99.8	99.4
99.1	99.5
99.10	99.6
99.9	99.7
99.1	99.8
99.1	99.9
99.10	99.10
99.1	99.11
99.10	99.12
99.5	99.13
99.10	99.14
99.8	99.15
99.1	99.16
99.6	99.17
99.10	99.18
99.10	99.19
99.10	99.20
99.9	99.21
99.9	99.22
99.9	99.23
99.2	99.24
99.1	99.25
99.7	99.26
99.7	99.27
99.9	99.28
99.10	99.29
99.9	99.30
99.10	99.31
99.9	99.32
99.10	99.33
99.1	99.34
99.3	99.35
99.10	99.36
99.8	99.37
99.9	99.38
99.1	99.39
99.10	99.40
99.1	99.41
99.1	99.42
99.10	99.43
99.9	99.44
99.10	99.45
99.4	99.46
99.9	99.47
99.9	99.48
99.10	99.49
99.10	99.50
99.1	99.51
99.9	99.52
99.10	99.53
99.10	99.54
99.10	99.55
99.9	99.56
99.10	99.57
99.5	99.58
99.1	99.59
99.1	99.60
99.1	99.61
99.10	99.62
99.5	99.63
99.1	99.64
100.1	100.1
100.12	100.2
100.6	100.3
100.7	100.4
100.11	100.5
100.12	100.6
100.12	100.7
100.6	100.8
100.12	100.9
100.9	100.10
100.6	100.11
100.1	100.12
100.12	100.13
100.12	100.14
100.12	100.15
100.6	100.16
100.11	100.17
100.9	100.18
100.6	100.19
100.1	100.20
100.12	100.21
100.6	100.22
100.7	100.23
100.10	100.24
100.6	100.25
100.10	100.26
100.11	100.27
100.10	100.28
100.12	100.29
100.6	100.30
100.5	100.31
100.6	100.32
100.12	100.33
100.8	100.34
100.8	100.35
100.6	100.36
100.12	100.37
100.6	100.38
100.6	100.39
100.6	100.40
100.6	100.41
100.6	100.42
100.6	100.43
100.12	100.44
100.12	100.45
100.11	100.46
100.6	100.47
100.10	100.48
100.12	100.49
100.6	100.50
100.9	100.51
100.6	100.52
100.3	100.53
100.9	100.54
100.2	100.55
100.1	100.56
100.8	100.57
100.6	100.58
100.4	100.59
100.1	100.60
100.11	100.61
100.6	100.62
100.12	100.63
100.6	100.64