subTopicID	resultID
1.1	1.1
1.1	1.2
1.1	1.3
1.1	1.4
1.3	1.5
1.1	1.6
1.1	1.7
1.1	1.8
1.1	1.9
1.1	1.10
1.1	1.11
1.1	1.12
1.1	1.13
1.1	1.14
1.1	1.15
1.1	1.16
1.1	1.17
1.1	1.18
1.1	1.19
1.1	1.20
1.1	1.21
1.3	1.22
1.1	1.23
1.1	1.24
1.1	1.25
1.1	1.26
1.1	1.27
1.1	1.28
1.1	1.29
1.1	1.30
1.1	1.31
1.1	1.32
1.1	1.33
1.1	1.34
1.1	1.35
1.1	1.36
1.3	1.37
1.1	1.38
1.4	1.39
1.1	1.40
1.1	1.41
1.1	1.42
1.1	1.43
1.1	1.44
1.1	1.45
1.1	1.46
1.1	1.47
1.3	1.48
1.4	1.49
1.4	1.50
1.3	1.51
1.1	1.52
1.1	1.53
1.1	1.54
1.3	1.55
1.1	1.56
1.1	1.57
1.1	1.58
1.3	1.59
1.1	1.60
1.2	1.61
1.1	1.62
1.1	1.63
1.1	1.64
2.1	2.1
2.1	2.2
2.1	2.3
2.1	2.4
2.9	2.5
2.1	2.6
2.1	2.7
2.1	2.8
2.1	2.9
2.1	2.10
2.1	2.11
2.8	2.12
2.1	2.13
2.1	2.14
2.1	2.15
2.1	2.16
2.5	2.17
2.1	2.18
2.1	2.19
2.1	2.20
2.9	2.21
2.3	2.22
2.4	2.23
2.1	2.24
2.1	2.25
2.1	2.26
2.5	2.27
2.9	2.28
2.5	2.29
2.1	2.30
2.1	2.31
2.5	2.32
2.1	2.33
2.1	2.34
2.5	2.35
2.9	2.36
2.1	2.37
2.9	2.38
2.5	2.39
2.2	2.40
2.1	2.41
2.7	2.42
2.1	2.43
2.5	2.44
2.1	2.45
2.7	2.46
2.5	2.47
2.6	2.48
2.5	2.49
2.5	2.50
2.1	2.51
2.5	2.52
2.9	2.53
2.1	2.54
2.1	2.55
2.5	2.56
2.5	2.57
2.9	2.58
2.5	2.59
2.9	2.60
2.1	2.61
2.5	2.62
2.9	2.63
2.5	2.64
3.1	3.1
3.1	3.2
3.1	3.3
3.1	3.4
3.1	3.5
3.1	3.6
3.1	3.7
3.1	3.8
3.1	3.9
3.1	3.10
3.1	3.11
3.1	3.12
3.1	3.13
3.1	3.14
3.1	3.15
3.1	3.16
3.1	3.17
3.1	3.18
3.1	3.19
3.1	3.20
3.1	3.21
3.1	3.22
3.1	3.23
3.1	3.24
3.1	3.25
3.1	3.26
3.1	3.27
3.1	3.28
3.1	3.29
3.1	3.30
3.1	3.31
3.1	3.32
3.1	3.33
3.1	3.34
3.1	3.35
3.1	3.36
3.1	3.37
3.1	3.38
3.4	3.39
3.1	3.40
3.1	3.41
3.1	3.42
3.1	3.43
3.1	3.44
3.1	3.45
3.1	3.46
3.1	3.47
3.1	3.48
3.1	3.49
3.1	3.50
3.2	3.51
3.1	3.52
3.1	3.53
3.1	3.54
3.1	3.55
3.1	3.56
3.1	3.57
3.3	3.58
3.1	3.59
3.1	3.60
3.1	3.61
3.1	3.62
3.1	3.63
3.1	3.64
4.1	4.1
4.5	4.2
4.1	4.3
4.1	4.4
4.1	4.5
4.4	4.6
4.1	4.7
4.1	4.8
4.1	4.9
4.4	4.10
4.1	4.11
4.1	4.12
4.1	4.13
4.1	4.14
4.1	4.15
4.1	4.16
4.1	4.17
4.1	4.18
4.1	4.19
4.1	4.20
4.1	4.21
4.1	4.22
4.3	4.23
4.4	4.24
4.4	4.25
4.1	4.26
4.4	4.27
4.1	4.28
4.1	4.29
4.1	4.30
4.4	4.31
4.1	4.32
4.1	4.33
4.1	4.34
4.4	4.35
4.1	4.36
4.4	4.37
4.1	4.38
4.1	4.39
4.1	4.40
4.1	4.41
4.1	4.42
4.1	4.43
4.4	4.44
4.1	4.45
4.2	4.46
4.1	4.47
4.1	4.48
4.4	4.49
4.1	4.50
4.1	4.51
4.1	4.52
4.1	4.53
4.1	4.54
4.4	4.55
4.1	4.56
4.4	4.57
4.1	4.58
4.4	4.59
4.1	4.60
4.1	4.61
4.1	4.62
4.1	4.63
4.4	4.64
5.3	5.1
5.3	5.2
5.3	5.3
5.3	5.4
5.8	5.5
5.3	5.6
5.7	5.7
5.3	5.8
5.3	5.9
5.3	5.10
5.3	5.11
5.3	5.12
5.3	5.13
5.7	5.14
5.7	5.15
5.3	5.16
5.7	5.17
5.3	5.18
5.4	5.19
5.3	5.20
5.3	5.21
5.3	5.22
5.7	5.23
5.7	5.24
5.5	5.25
5.4	5.26
5.3	5.27
5.7	5.28
5.3	5.29
5.3	5.30
5.3	5.31
5.7	5.32
5.1	5.33
5.3	5.34
5.3	5.35
5.3	5.36
5.3	5.37
5.2	5.38
5.3	5.39
5.3	5.40
5.3	5.41
5.3	5.42
5.3	5.43
5.6	5.44
5.3	5.45
5.3	5.46
5.4	5.47
5.7	5.48
5.3	5.49
5.7	5.50
5.3	5.51
5.3	5.52
5.7	5.53
5.8	5.54
5.7	5.55
5.3	5.56
5.3	5.57
5.3	5.58
5.3	5.59
5.3	5.60
5.3	5.61
5.3	5.62
5.7	5.63
5.3	5.64
6.11	6.1
6.12	6.2
6.1	6.3
6.6	6.4
6.3	6.5
6.8	6.6
6.1	6.7
6.1	6.8
6.11	6.9
6.9	6.10
6.1	6.11
6.12	6.12
6.12	6.13
6.1	6.14
6.12	6.15
6.1	6.16
6.1	6.17
6.12	6.18
6.9	6.19
6.2	6.20
6.7	6.21
6.8	6.22
6.8	6.23
6.10	6.24
6.1	6.25
6.1	6.26
6.1	6.27
6.1	6.28
6.1	6.29
6.1	6.30
6.4	6.31
6.1	6.32
6.11	6.33
6.1	6.34
6.9	6.35
6.1	6.36
6.5	6.37
6.11	6.38
6.9	6.39
6.1	6.40
6.12	6.41
6.1	6.42
6.12	6.43
6.12	6.44
6.12	6.45
6.12	6.46
6.1	6.47
6.11	6.48
6.1	6.49
6.1	6.50
6.1	6.51
6.9	6.52
6.12	6.53
6.1	6.54
6.6	6.55
6.1	6.56
6.9	6.57
6.11	6.58
6.9	6.59
6.11	6.60
6.11	6.61
6.1	6.62
6.9	6.63
6.12	6.64
7.1	7.1
7.1	7.2
7.12	7.3
7.9	7.4
7.8	7.5
7.10	7.6
7.12	7.7
7.9	7.8
7.10	7.9
7.10	7.10
7.1	7.11
7.12	7.12
7.1	7.13
7.10	7.14
7.12	7.15
7.12	7.16
7.12	7.17
7.1	7.18
7.10	7.19
7.1	7.20
7.1	7.21
7.8	7.22
7.9	7.23
7.12	7.24
7.12	7.25
7.1	7.26
7.6	7.27
7.9	7.28
7.10	7.29
7.1	7.30
7.8	7.31
7.5	7.32
7.8	7.33
7.3	7.34
7.1	7.35
7.2	7.36
7.1	7.37
7.10	7.38
7.10	7.39
7.1	7.40
7.6	7.41
7.10	7.42
7.12	7.43
7.12	7.44
7.10	7.45
7.8	7.46
7.10	7.47
7.10	7.48
7.7	7.49
7.12	7.50
7.3	7.51
7.1	7.52
7.9	7.53
7.6	7.54
7.1	7.55
7.10	7.56
7.12	7.57
7.9	7.58
7.4	7.59
7.11	7.60
7.3	7.61
7.8	7.62
7.5	7.63
7.10	7.64
8.8	8.1
8.8	8.2
8.1	8.3
8.9	8.4
8.4	8.5
8.4	8.6
8.5	8.7
8.4	8.8
8.4	8.9
8.5	8.10
8.4	8.11
8.9	8.12
8.4	8.13
8.4	8.14
8.6	8.15
8.4	8.16
8.3	8.17
8.5	8.18
8.4	8.19
8.4	8.20
8.2	8.21
8.5	8.22
8.4	8.23
8.4	8.24
8.1	8.25
8.1	8.26
8.7	8.27
8.9	8.28
8.5	8.29
8.1	8.30
8.5	8.31
8.5	8.32
8.4	8.33
8.1	8.34
8.4	8.35
8.1	8.36
8.1	8.37
8.1	8.38
8.6	8.39
8.5	8.40
8.1	8.41
8.1	8.42
8.5	8.43
8.4	8.44
8.5	8.45
8.4	8.46
8.4	8.47
8.6	8.48
8.1	8.49
8.1	8.50
8.1	8.51
8.5	8.52
8.1	8.53
8.1	8.54
8.1	8.55
8.5	8.56
8.4	8.57
8.5	8.58
8.5	8.59
8.6	8.60
8.5	8.61
8.1	8.62
8.4	8.63
8.4	8.64
9.5	9.1
9.7	9.2
9.1	9.3
9.1	9.4
9.6	9.5
9.7	9.6
9.7	9.7
9.6	9.8
9.7	9.9
9.7	9.10
9.7	9.11
9.7	9.12
9.6	9.13
9.9	9.14
9.6	9.15
9.1	9.16
9.4	9.17
9.1	9.18
9.1	9.19
9.1	9.20
9.1	9.21
9.7	9.22
9.9	9.23
9.7	9.24
9.9	9.25
9.2	9.26
9.6	9.27
9.6	9.28
9.1	9.29
9.7	9.30
9.1	9.31
9.6	9.32
9.4	9.33
9.1	9.34
9.7	9.35
9.7	9.36
9.6	9.37
9.3	9.38
9.4	9.39
9.8	9.40
9.1	9.41
9.4	9.42
9.9	9.43
9.4	9.44
9.9	9.45
9.8	9.46
9.6	9.47
9.7	9.48
9.6	9.49
9.1	9.50
9.7	9.51
9.1	9.52
9.7	9.53
9.7	9.54
9.6	9.55
9.6	9.56
9.1	9.57
9.6	9.58
9.1	9.59
9.6	9.60
9.7	9.61
9.6	9.62
9.7	9.63
9.6	9.64
10.11	10.1
10.11	10.2
10.16	10.3
10.12	10.4
10.11	10.5
10.11	10.6
10.11	10.7
10.15	10.8
10.7	10.9
10.11	10.10
10.11	10.11
10.7	10.12
10.13	10.13
10.11	10.14
10.12	10.15
10.11	10.16
10.1	10.17
10.1	10.18
10.1	10.19
10.1	10.20
10.10	10.21
10.11	10.22
10.6	10.23
10.1	10.24
10.15	10.25
10.16	10.26
10.15	10.27
10.7	10.28
10.11	10.29
10.12	10.30
10.14	10.31
10.15	10.32
10.3	10.33
10.5	10.34
10.1	10.35
10.6	10.36
10.11	10.37
10.11	10.38
10.7	10.39
10.16	10.40
10.12	10.41
10.2	10.42
10.9	10.43
10.11	10.44
10.16	10.45
10.1	10.46
10.7	10.47
10.10	10.48
10.12	10.49
10.7	10.50
10.16	10.51
10.11	10.52
10.6	10.53
10.11	10.54
10.6	10.55
10.12	10.56
10.7	10.57
10.12	10.58
10.7	10.59
10.8	10.60
10.16	10.61
10.4	10.62
10.1	10.63
10.9	10.64
11.1	11.1
11.5	11.2
11.1	11.3
11.9	11.4
11.9	11.5
11.6	11.6
11.1	11.7
11.9	11.8
11.6	11.9
11.1	11.10
11.9	11.11
11.9	11.12
11.1	11.13
11.9	11.14
11.7	11.15
11.1	11.16
11.4	11.17
11.7	11.18
11.6	11.19
11.1	11.20
11.8	11.21
11.3	11.22
11.9	11.23
11.7	11.24
11.1	11.25
11.1	11.26
11.7	11.27
11.1	11.28
11.1	11.29
11.1	11.30
11.6	11.31
11.1	11.32
11.9	11.33
11.9	11.34
11.9	11.35
11.9	11.36
11.1	11.37
11.1	11.38
11.9	11.39
11.7	11.40
11.6	11.41
11.1	11.42
11.9	11.43
11.9	11.44
11.9	11.45
11.9	11.46
11.9	11.47
11.8	11.48
11.9	11.49
11.1	11.50
11.1	11.51
11.1	11.52
11.1	11.53
11.9	11.54
11.1	11.55
11.7	11.56
11.9	11.57
11.7	11.58
11.2	11.59
11.1	11.60
11.9	11.61
11.9	11.62
11.9	11.63
11.9	11.64
12.1	12.1
12.4	12.2
12.5	12.3
12.2	12.4
12.1	12.5
12.1	12.6
12.1	12.7
12.1	12.8
12.1	12.9
12.1	12.10
12.1	12.11
12.1	12.12
12.1	12.13
12.1	12.14
12.1	12.15
12.1	12.16
12.1	12.17
12.1	12.18
12.1	12.19
12.1	12.20
12.1	12.21
12.1	12.22
12.1	12.23
12.1	12.24
12.1	12.25
12.1	12.26
12.5	12.27
12.1	12.28
12.1	12.29
12.1	12.30
12.1	12.31
12.1	12.32
12.1	12.33
12.1	12.34
12.3	12.35
12.1	12.36
12.1	12.37
12.1	12.38
12.1	12.39
12.1	12.40
12.1	12.41
12.1	12.42
12.1	12.43
12.1	12.44
12.1	12.45
12.1	12.46
12.1	12.47
12.1	12.48
12.1	12.49
12.1	12.50
12.1	12.51
12.1	12.52
12.1	12.53
12.1	12.54
12.5	12.55
12.1	12.56
12.1	12.57
12.1	12.58
12.1	12.59
12.1	12.60
12.1	12.61
12.1	12.62
12.1	12.63
12.1	12.64
13.1	13.1
13.1	13.2
13.1	13.3
13.1	13.4
13.1	13.5
13.1	13.6
13.2	13.7
13.1	13.8
13.1	13.9
13.1	13.10
13.1	13.11
13.1	13.12
13.1	13.13
13.1	13.14
13.1	13.15
13.1	13.16
13.1	13.17
13.1	13.18
13.1	13.19
13.1	13.20
13.1	13.21
13.1	13.22
13.1	13.23
13.1	13.24
13.1	13.25
13.1	13.26
13.1	13.27
13.1	13.28
13.1	13.29
13.1	13.30
13.1	13.31
13.1	13.32
13.1	13.33
13.1	13.34
13.1	13.35
13.1	13.36
13.1	13.37
13.1	13.38
13.1	13.39
13.1	13.40
13.1	13.41
13.1	13.42
13.1	13.43
13.1	13.44
13.1	13.45
13.1	13.46
13.1	13.47
13.1	13.48
13.1	13.49
13.1	13.50
13.1	13.51
13.1	13.52
13.1	13.53
13.1	13.54
13.1	13.55
13.1	13.56
13.1	13.57
13.1	13.58
13.1	13.59
13.1	13.60
13.1	13.61
13.1	13.62
13.1	13.63
13.1	13.64
14.13	14.1
14.13	14.2
14.14	14.3
14.13	14.4
14.4	14.5
14.4	14.6
14.3	14.7
14.17	14.8
14.10	14.9
14.10	14.10
14.13	14.11
14.2	14.12
14.4	14.13
14.13	14.14
14.9	14.15
14.13	14.16
14.7	14.17
14.10	14.18
14.5	14.19
14.14	14.20
14.6	14.21
14.11	14.22
14.7	14.23
14.10	14.24
14.16	14.25
14.9	14.26
14.13	14.27
14.11	14.28
14.16	14.29
14.4	14.30
14.14	14.31
14.10	14.32
14.10	14.33
14.1	14.34
14.12	14.35
14.10	14.36
14.13	14.37
14.13	14.38
14.14	14.39
14.13	14.40
14.13	14.41
14.14	14.42
14.4	14.43
14.10	14.44
14.4	14.45
14.15	14.46
14.4	14.47
14.4	14.48
14.7	14.49
14.13	14.50
14.15	14.51
14.13	14.52
14.13	14.53
14.12	14.54
14.12	14.55
14.8	14.56
14.13	14.57
14.8	14.58
14.15	14.59
14.8	14.60
14.8	14.61
14.6	14.62
14.14	14.63
14.8	14.64
15.1	15.1
15.7	15.2
15.6	15.3
15.7	15.4
15.7	15.5
15.9	15.6
15.7	15.7
15.7	15.8
15.7	15.9
15.7	15.10
15.9	15.11
15.7	15.12
15.9	15.13
15.7	15.14
15.7	15.15
15.7	15.16
15.1	15.17
15.7	15.18
15.7	15.19
15.7	15.20
15.7	15.21
15.7	15.22
15.7	15.23
15.9	15.24
15.7	15.25
15.7	15.26
15.7	15.27
15.1	15.28
15.7	15.29
15.7	15.30
15.7	15.31
15.7	15.32
15.7	15.33
15.7	15.34
15.7	15.35
15.7	15.36
15.6	15.37
15.7	15.38
15.7	15.39
15.7	15.40
15.9	15.41
15.7	15.42
15.7	15.43
15.11	15.44
15.7	15.45
15.9	15.46
15.1	15.47
15.2	15.48
15.7	15.49
15.4	15.50
15.1	15.51
15.1	15.52
15.10	15.53
15.5	15.54
15.7	15.55
15.1	15.56
15.1	15.57
15.11	15.58
15.11	15.59
15.8	15.60
15.3	15.61
15.11	15.62
15.11	15.63
15.9	15.64
16.1	16.1
16.3	16.2
16.1	16.3
16.1	16.4
16.1	16.5
16.1	16.6
16.1	16.7
16.1	16.8
16.1	16.9
16.1	16.10
16.1	16.11
16.1	16.12
16.1	16.13
16.1	16.14
16.1	16.15
16.1	16.16
16.1	16.17
16.1	16.18
16.1	16.19
16.1	16.20
16.1	16.21
16.2	16.22
16.1	16.23
16.1	16.24
16.1	16.25
16.1	16.26
16.1	16.27
16.1	16.28
16.5	16.29
16.1	16.30
16.1	16.31
16.1	16.32
16.1	16.33
16.1	16.34
16.6	16.35
16.1	16.36
16.1	16.37
16.1	16.38
16.1	16.39
16.1	16.40
16.1	16.41
16.5	16.42
16.1	16.43
16.1	16.44
16.6	16.45
16.1	16.46
16.1	16.47
16.4	16.48
16.6	16.49
16.6	16.50
16.1	16.51
16.1	16.52
16.1	16.53
16.1	16.54
16.1	16.55
16.5	16.56
16.1	16.57
16.1	16.58
16.1	16.59
16.1	16.60
16.1	16.61
16.1	16.62
16.1	16.63
16.1	16.64
17.1	17.1
17.1	17.2
17.1	17.3
17.1	17.4
17.1	17.5
17.3	17.6
17.1	17.7
17.1	17.8
17.1	17.9
17.1	17.10
17.1	17.11
17.1	17.12
17.1	17.13
17.1	17.14
17.1	17.15
17.1	17.16
17.1	17.17
17.1	17.18
17.1	17.19
17.1	17.20
17.1	17.21
17.1	17.22
17.1	17.23
17.1	17.24
17.1	17.25
17.1	17.26
17.1	17.27
17.1	17.28
17.1	17.29
17.1	17.30
17.1	17.31
17.1	17.32
17.1	17.33
17.1	17.34
17.1	17.35
17.1	17.36
17.1	17.37
17.1	17.38
17.1	17.39
17.1	17.40
17.1	17.41
17.1	17.42
17.1	17.43
17.1	17.44
17.1	17.45
17.1	17.46
17.1	17.47
17.1	17.48
17.1	17.49
17.1	17.50
17.1	17.51
17.1	17.52
17.1	17.53
17.1	17.54
17.1	17.55
17.2	17.56
17.1	17.57
17.1	17.58
17.1	17.59
17.1	17.60
17.1	17.61
17.1	17.62
17.1	17.63
17.1	17.64
18.4	18.1
18.1	18.2
18.9	18.3
18.10	18.4
18.9	18.5
18.10	18.6
18.9	18.7
18.10	18.8
18.10	18.9
18.10	18.10
18.10	18.11
18.9	18.12
18.9	18.13
18.10	18.14
18.9	18.15
18.10	18.16
18.1	18.17
18.7	18.18
18.9	18.19
18.10	18.20
18.10	18.21
18.10	18.22
18.10	18.23
18.10	18.24
18.10	18.25
18.10	18.26
18.1	18.27
18.10	18.28
18.3	18.29
18.10	18.30
18.10	18.31
18.10	18.32
18.10	18.33
18.10	18.34
18.8	18.35
18.10	18.36
18.10	18.37
18.1	18.38
18.7	18.39
18.10	18.40
18.10	18.41
18.1	18.42
18.5	18.43
18.9	18.44
18.10	18.45
18.1	18.46
18.10	18.47
18.10	18.48
18.10	18.49
18.6	18.50
18.8	18.51
18.10	18.52
18.10	18.53
18.1	18.54
18.1	18.55
18.2	18.56
18.7	18.57
18.1	18.58
18.1	18.59
18.1	18.60
18.10	18.61
18.7	18.62
18.1	18.63
18.10	18.64
19.2	19.1
19.2	19.2
19.2	19.3
19.2	19.4
19.2	19.5
19.2	19.6
19.5	19.7
19.2	19.8
19.2	19.9
19.2	19.10
19.2	19.11
19.3	19.12
19.2	19.13
19.2	19.14
19.2	19.15
19.2	19.16
19.2	19.17
19.2	19.18
19.2	19.19
19.2	19.20
19.5	19.21
19.4	19.22
19.2	19.23
19.2	19.24
19.2	19.25
19.2	19.26
19.2	19.27
19.2	19.28
19.2	19.29
19.2	19.30
19.2	19.31
19.2	19.32
19.2	19.33
19.1	19.34
19.2	19.35
19.2	19.36
19.2	19.37
19.2	19.38
19.2	19.39
19.2	19.40
19.2	19.41
19.2	19.42
19.2	19.43
19.2	19.44
19.2	19.45
19.2	19.46
19.2	19.47
19.2	19.48
19.2	19.49
19.2	19.50
19.2	19.51
19.2	19.52
19.2	19.53
19.2	19.54
19.2	19.55
19.2	19.56
19.2	19.57
19.4	19.58
19.2	19.59
19.2	19.60
19.2	19.61
19.2	19.62
19.2	19.63
19.2	19.64
20.8	20.1
20.1	20.2
20.11	20.3
20.11	20.4
20.11	20.5
20.8	20.6
20.8	20.7
20.8	20.8
20.6	20.9
20.11	20.10
20.1	20.11
20.8	20.12
20.8	20.13
20.1	20.14
20.1	20.15
20.1	20.16
20.1	20.17
20.2	20.18
20.11	20.19
20.4	20.20
20.11	20.21
20.11	20.22
20.1	20.23
20.10	20.24
20.11	20.25
20.11	20.26
20.1	20.27
20.10	20.28
20.1	20.29
20.9	20.30
20.4	20.31
20.3	20.32
20.10	20.33
20.8	20.34
20.11	20.35
20.4	20.36
20.1	20.37
20.1	20.38
20.8	20.39
20.11	20.40
20.10	20.41
20.7	20.42
20.8	20.43
20.8	20.44
20.11	20.45
20.8	20.46
20.1	20.47
20.1	20.48
20.4	20.49
20.1	20.50
20.1	20.51
20.11	20.52
20.10	20.53
20.1	20.54
20.9	20.55
20.5	20.56
20.10	20.57
20.1	20.58
20.8	20.59
20.8	20.60
20.9	20.61
20.6	20.62
20.1	20.63
20.8	20.64
21.5	21.1
21.5	21.2
21.6	21.3
21.5	21.4
21.5	21.5
21.1	21.6
21.1	21.7
21.3	21.8
21.5	21.9
21.5	21.10
21.5	21.11
21.2	21.12
21.1	21.13
21.1	21.14
21.5	21.15
21.1	21.16
21.5	21.17
21.5	21.18
21.1	21.19
21.5	21.20
21.6	21.21
21.4	21.22
21.4	21.23
21.1	21.24
21.5	21.25
21.5	21.26
21.1	21.27
21.1	21.28
21.5	21.29
21.1	21.30
21.5	21.31
21.5	21.32
21.1	21.33
21.6	21.34
21.1	21.35
21.6	21.36
21.1	21.37
21.1	21.38
21.1	21.39
21.5	21.40
21.4	21.41
21.5	21.42
21.5	21.43
21.5	21.44
21.5	21.45
21.1	21.46
21.5	21.47
21.1	21.48
21.5	21.49
21.5	21.50
21.5	21.51
21.5	21.52
21.5	21.53
21.1	21.54
21.5	21.55
21.1	21.56
21.1	21.57
21.4	21.58
21.5	21.59
21.6	21.60
21.4	21.61
21.1	21.62
21.1	21.63
21.6	21.64
22.1	22.1
22.1	22.2
22.1	22.3
22.1	22.4
22.1	22.5
22.1	22.6
22.1	22.7
22.1	22.8
22.1	22.9
22.1	22.10
22.1	22.11
22.1	22.12
22.1	22.13
22.1	22.14
22.1	22.15
22.1	22.16
22.1	22.17
22.1	22.18
22.1	22.19
22.1	22.20
22.1	22.21
22.1	22.22
22.1	22.23
22.1	22.24
22.1	22.25
22.1	22.26
22.1	22.27
22.1	22.28
22.1	22.29
22.1	22.30
22.1	22.31
22.1	22.32
22.1	22.33
22.2	22.34
22.1	22.35
22.1	22.36
22.1	22.37
22.1	22.38
22.1	22.39
22.1	22.40
22.1	22.41
22.1	22.42
22.1	22.43
22.1	22.44
22.1	22.45
22.1	22.46
22.1	22.47
22.1	22.48
22.1	22.49
22.1	22.50
22.1	22.51
22.1	22.52
22.1	22.53
22.1	22.54
22.1	22.55
22.1	22.56
22.1	22.57
22.1	22.58
22.1	22.59
22.1	22.60
22.1	22.61
22.1	22.62
22.1	22.63
22.1	22.64
23.5	23.1
23.9	23.2
23.14	23.3
23.5	23.4
23.4	23.5
23.10	23.6
23.4	23.7
23.12	23.8
23.8	23.9
23.10	23.10
23.10	23.11
23.12	23.12
23.10	23.13
23.4	23.14
23.12	23.15
23.10	23.16
23.10	23.17
23.5	23.18
23.4	23.19
23.10	23.20
23.1	23.21
23.4	23.22
23.14	23.23
23.12	23.24
23.1	23.25
23.4	23.26
23.14	23.27
23.10	23.28
23.10	23.29
23.1	23.30
23.13	23.31
23.14	23.32
23.4	23.33
23.10	23.34
23.4	23.35
23.4	23.36
23.10	23.37
23.10	23.38
23.10	23.39
23.4	23.40
23.5	23.41
23.4	23.42
23.14	23.43
23.2	23.44
23.4	23.45
23.10	23.46
23.6	23.47
23.10	23.48
23.4	23.49
23.11	23.50
23.11	23.51
23.14	23.52
23.12	23.53
23.4	23.54
23.14	23.55
23.3	23.56
23.14	23.57
23.7	23.58
23.10	23.59
23.10	23.60
23.1	23.61
23.12	23.62
23.14	23.63
23.10	23.64
24.4	24.1
24.12	24.2
24.11	24.3
24.9	24.4
24.13	24.5
24.11	24.6
24.1	24.7
24.6	24.8
24.1	24.9
24.14	24.10
24.8	24.11
24.13	24.12
24.1	24.13
24.1	24.14
24.11	24.15
24.1	24.16
24.1	24.17
24.11	24.18
24.11	24.19
24.1	24.20
24.11	24.21
24.11	24.22
24.6	24.23
24.1	24.24
24.10	24.25
24.7	24.26
24.1	24.27
24.1	24.28
24.11	24.29
24.1	24.30
24.3	24.31
24.11	24.32
24.11	24.33
24.11	24.34
24.9	24.35
24.9	24.36
24.1	24.37
24.11	24.38
24.8	24.39
24.11	24.40
24.2	24.41
24.9	24.42
24.11	24.43
24.11	24.44
24.11	24.45
24.13	24.46
24.13	24.47
24.8	24.48
24.11	24.49
24.11	24.50
24.11	24.51
24.11	24.52
24.11	24.53
24.1	24.54
24.11	24.55
24.13	24.56
24.1	24.57
24.11	24.58
24.11	24.59
24.5	24.60
24.11	24.61
24.1	24.62
24.11	24.63
24.11	24.64
25.3	25.1
25.1	25.2
25.3	25.3
25.3	25.4
25.3	25.5
25.3	25.6
25.3	25.7
25.3	25.8
25.3	25.9
25.3	25.10
25.3	25.11
25.3	25.12
25.3	25.13
25.3	25.14
25.3	25.15
25.3	25.16
25.1	25.17
25.3	25.18
25.1	25.19
25.3	25.20
25.3	25.21
25.3	25.22
25.3	25.23
25.3	25.24
25.2	25.25
25.3	25.26
25.1	25.27
25.3	25.28
25.3	25.29
25.3	25.30
25.3	25.31
25.3	25.32
25.1	25.33
25.1	25.34
25.3	25.35
25.3	25.36
25.3	25.37
25.3	25.38
25.3	25.39
25.3	25.40
25.3	25.41
25.3	25.42
25.3	25.43
25.3	25.44
25.3	25.45
25.3	25.46
25.3	25.47
25.3	25.48
25.3	25.49
25.4	25.50
25.3	25.51
25.3	25.52
25.3	25.53
25.3	25.54
25.1	25.55
25.3	25.56
25.3	25.57
25.3	25.58
25.1	25.59
25.3	25.60
25.3	25.61
25.3	25.62
25.3	25.63
25.1	25.64
26.5	26.1
26.1	26.2
26.1	26.3
26.1	26.4
26.1	26.5
26.1	26.6
26.1	26.7
26.5	26.8
26.3	26.9
26.1	26.10
26.1	26.11
26.5	26.12
26.5	26.13
26.3	26.14
26.1	26.15
26.5	26.16
26.3	26.17
26.1	26.18
26.5	26.19
26.1	26.20
26.4	26.21
26.1	26.22
26.5	26.23
26.1	26.24
26.4	26.25
26.3	26.26
26.5	26.27
26.3	26.28
26.1	26.29
26.2	26.30
26.5	26.31
26.5	26.32
26.5	26.33
26.1	26.34
26.5	26.35
26.1	26.36
26.3	26.37
26.1	26.38
26.1	26.39
26.1	26.40
26.1	26.41
26.5	26.42
26.1	26.43
26.1	26.44
26.1	26.45
26.1	26.46
26.1	26.47
26.1	26.48
26.5	26.49
26.5	26.50
26.5	26.51
26.1	26.52
26.5	26.53
26.5	26.54
26.5	26.55
26.4	26.56
26.5	26.57
26.1	26.58
26.5	26.59
26.3	26.60
26.3	26.61
26.3	26.62
26.1	26.63
26.1	26.64
27.1	27.1
27.5	27.2
27.5	27.3
27.5	27.4
27.4	27.5
27.1	27.6
27.5	27.7
27.5	27.8
27.5	27.9
27.5	27.10
27.4	27.11
27.1	27.12
27.4	27.13
27.1	27.14
27.5	27.15
27.5	27.16
27.1	27.17
27.1	27.18
27.3	27.19
27.1	27.20
27.1	27.21
27.1	27.22
27.2	27.23
27.4	27.24
27.5	27.25
27.5	27.26
27.1	27.27
27.4	27.28
27.5	27.29
27.1	27.30
27.1	27.31
27.4	27.32
27.5	27.33
27.5	27.34
27.5	27.35
27.1	27.36
27.1	27.37
27.1	27.38
27.4	27.39
27.5	27.40
27.4	27.41
27.5	27.42
27.5	27.43
27.5	27.44
27.3	27.45
27.5	27.46
27.4	27.47
27.5	27.48
27.1	27.49
27.5	27.50
27.1	27.51
27.5	27.52
27.5	27.53
27.5	27.54
27.5	27.55
27.5	27.56
27.5	27.57
27.5	27.58
27.5	27.59
27.1	27.60
27.4	27.61
27.3	27.62
27.3	27.63
27.5	27.64
28.4	28.1
28.4	28.2
28.7	28.3
28.4	28.4
28.8	28.5
28.4	28.6
28.4	28.7
28.8	28.8
28.4	28.9
28.8	28.10
28.4	28.11
28.4	28.12
28.4	28.13
28.4	28.14
28.4	28.15
28.7	28.16
28.4	28.17
28.4	28.18
28.9	28.19
28.4	28.20
28.4	28.21
28.4	28.22
28.1	28.23
28.4	28.24
28.4	28.25
28.8	28.26
28.8	28.27
28.4	28.28
28.9	28.29
28.4	28.30
28.6	28.31
28.8	28.32
28.4	28.33
28.4	28.34
28.5	28.35
28.5	28.36
28.3	28.37
28.4	28.38
28.5	28.39
28.4	28.40
28.5	28.41
28.9	28.42
28.4	28.43
28.8	28.44
28.2	28.45
28.6	28.46
28.8	28.47
28.4	28.48
28.4	28.49
28.4	28.50
28.4	28.51
28.4	28.52
28.4	28.53
28.9	28.54
28.8	28.55
28.4	28.56
28.5	28.57
28.8	28.58
28.4	28.59
28.1	28.60
28.9	28.61
28.1	28.62
28.8	28.63
28.8	28.64
29.5	29.1
29.5	29.2
29.5	29.3
29.5	29.4
29.5	29.5
29.5	29.6
29.5	29.7
29.5	29.8
29.3	29.9
29.5	29.10
29.3	29.11
29.1	29.12
29.5	29.13
29.5	29.14
29.5	29.15
29.3	29.16
29.3	29.17
29.5	29.18
29.3	29.19
29.5	29.20
29.3	29.21
29.5	29.22
29.1	29.23
29.1	29.24
29.6	29.25
29.5	29.26
29.5	29.27
29.5	29.28
29.5	29.29
29.5	29.30
29.1	29.31
29.2	29.32
29.5	29.33
29.1	29.34
29.5	29.35
29.1	29.36
29.3	29.37
29.5	29.38
29.5	29.39
29.5	29.40
29.1	29.41
29.5	29.42
29.5	29.43
29.5	29.44
29.5	29.45
29.1	29.46
29.4	29.47
29.5	29.48
29.5	29.49
29.5	29.50
29.1	29.51
29.5	29.52
29.5	29.53
29.5	29.54
29.5	29.55
29.5	29.56
29.5	29.57
29.5	29.58
29.5	29.59
29.5	29.60
29.5	29.61
29.5	29.62
29.5	29.63
29.5	29.64
30.1	30.1
30.1	30.2
30.1	30.3
30.5	30.4
30.1	30.5
30.1	30.6
30.8	30.7
30.1	30.8
30.1	30.9
30.1	30.10
30.1	30.11
30.1	30.12
30.1	30.13
30.1	30.14
30.1	30.15
30.1	30.16
30.4	30.17
30.1	30.18
30.1	30.19
30.1	30.20
30.1	30.21
30.1	30.22
30.1	30.23
30.1	30.24
30.1	30.25
30.8	30.26
30.7	30.27
30.8	30.28
30.1	30.29
30.2	30.30
30.1	30.31
30.1	30.32
30.1	30.33
30.1	30.34
30.1	30.35
30.3	30.36
30.1	30.37
30.1	30.38
30.1	30.39
30.1	30.40
30.1	30.41
30.1	30.42
30.1	30.43
30.1	30.44
30.1	30.45
30.1	30.46
30.1	30.47
30.1	30.48
30.1	30.49
30.1	30.50
30.1	30.51
30.1	30.52
30.1	30.53
30.1	30.54
30.1	30.55
30.1	30.56
30.1	30.57
30.1	30.58
30.1	30.59
30.1	30.60
30.6	30.61
30.1	30.62
30.1	30.63
30.1	30.64
31.1	31.1
31.1	31.2
31.1	31.3
31.1	31.4
31.1	31.5
31.1	31.6
31.1	31.7
31.1	31.8
31.1	31.9
31.1	31.10
31.1	31.11
31.1	31.12
31.1	31.13
31.1	31.14
31.1	31.15
31.1	31.16
31.1	31.17
31.1	31.18
31.1	31.19
31.1	31.20
31.1	31.21
31.1	31.22
31.1	31.23
31.1	31.24
31.1	31.25
31.1	31.26
31.1	31.27
31.1	31.28
31.5	31.29
31.1	31.30
31.4	31.31
31.1	31.32
31.1	31.33
31.1	31.34
31.4	31.35
31.6	31.36
31.1	31.37
31.3	31.38
31.1	31.39
31.1	31.40
31.1	31.41
31.1	31.42
31.1	31.43
31.1	31.44
31.1	31.45
31.2	31.46
31.1	31.47
31.1	31.48
31.1	31.49
31.1	31.50
31.1	31.51
31.1	31.52
31.1	31.53
31.1	31.54
31.1	31.55
31.1	31.56
31.1	31.57
31.4	31.58
31.1	31.59
31.1	31.60
31.1	31.61
31.1	31.62
31.1	31.63
31.1	31.64
32.1	32.1
32.1	32.2
32.7	32.3
32.4	32.4
32.3	32.5
32.7	32.6
32.7	32.7
32.7	32.8
32.1	32.9
32.7	32.10
32.7	32.11
32.4	32.12
32.7	32.13
32.1	32.14
32.7	32.15
32.6	32.16
32.7	32.17
32.7	32.18
32.7	32.19
32.3	32.20
32.1	32.21
32.7	32.22
32.3	32.23
32.8	32.24
32.5	32.25
32.7	32.26
32.5	32.27
32.7	32.28
32.5	32.29
32.5	32.30
32.5	32.31
32.1	32.32
32.5	32.33
32.1	32.34
32.5	32.35
32.7	32.36
32.4	32.37
32.5	32.38
32.5	32.39
32.4	32.40
32.5	32.41
32.1	32.42
32.7	32.43
32.2	32.44
32.6	32.45
32.7	32.46
32.7	32.47
32.3	32.48
32.1	32.49
32.3	32.50
32.8	32.51
32.1	32.52
32.5	32.53
32.1	32.54
32.1	32.55
32.5	32.56
32.5	32.57
32.5	32.58
32.5	32.59
32.5	32.60
32.5	32.61
32.5	32.62
32.5	32.63
32.7	32.64
33.5	33.1
33.7	33.2
33.9	33.3
33.8	33.4
33.5	33.5
33.5	33.6
33.8	33.7
33.9	33.8
33.9	33.9
33.9	33.10
33.9	33.11
33.9	33.12
33.9	33.13
33.8	33.14
33.5	33.15
33.4	33.16
33.9	33.17
33.8	33.18
33.2	33.19
33.6	33.20
33.7	33.21
33.9	33.22
33.7	33.23
33.9	33.24
33.7	33.25
33.9	33.26
33.8	33.27
33.5	33.28
33.9	33.29
33.8	33.30
33.9	33.31
33.5	33.32
33.9	33.33
33.9	33.34
33.5	33.35
33.8	33.36
33.9	33.37
33.8	33.38
33.8	33.39
33.9	33.40
33.9	33.41
33.4	33.42
33.8	33.43
33.5	33.44
33.8	33.45
33.5	33.46
33.5	33.47
33.9	33.48
33.8	33.49
33.9	33.50
33.9	33.51
33.9	33.52
33.9	33.53
33.4	33.54
33.5	33.55
33.3	33.56
33.8	33.57
33.8	33.58
33.9	33.59
33.4	33.60
33.5	33.61
33.1	33.62
33.9	33.63
33.8	33.64
34.7	34.1
34.8	34.2
34.1	34.3
34.1	34.4
34.1	34.5
34.1	34.6
34.1	34.7
34.7	34.8
34.1	34.9
34.8	34.10
34.8	34.11
34.1	34.12
34.8	34.13
34.1	34.14
34.1	34.15
34.1	34.16
34.1	34.17
34.1	34.18
34.1	34.19
34.1	34.20
34.7	34.21
34.1	34.22
34.1	34.23
34.1	34.24
34.1	34.25
34.8	34.26
34.7	34.27
34.8	34.28
34.1	34.29
34.7	34.30
34.6	34.31
34.1	34.32
34.1	34.33
34.5	34.34
34.1	34.35
34.8	34.36
34.8	34.37
34.1	34.38
34.7	34.39
34.1	34.40
34.8	34.41
34.7	34.42
34.2	34.43
34.1	34.44
34.4	34.45
34.7	34.46
34.8	34.47
34.1	34.48
34.8	34.49
34.6	34.50
34.8	34.51
34.1	34.52
34.8	34.53
34.8	34.54
34.1	34.55
34.1	34.56
34.7	34.57
34.7	34.58
34.3	34.59
34.1	34.60
34.1	34.61
34.8	34.62
34.7	34.63
34.1	34.64
35.1	35.1
35.1	35.2
35.1	35.3
35.1	35.4
35.1	35.5
35.3	35.6
35.1	35.7
35.1	35.8
35.1	35.9
35.1	35.10
35.1	35.11
35.1	35.12
35.1	35.13
35.1	35.14
35.1	35.15
35.1	35.16
35.1	35.17
35.1	35.18
35.1	35.19
35.1	35.20
35.1	35.21
35.1	35.22
35.1	35.23
35.1	35.24
35.1	35.25
35.1	35.26
35.1	35.27
35.1	35.28
35.1	35.29
35.1	35.30
35.1	35.31
35.1	35.32
35.1	35.33
35.1	35.34
35.1	35.35
35.1	35.36
35.1	35.37
35.1	35.38
35.1	35.39
35.1	35.40
35.1	35.41
35.1	35.42
35.1	35.43
35.1	35.44
35.1	35.45
35.1	35.46
35.1	35.47
35.1	35.48
35.2	35.49
35.1	35.50
35.1	35.51
35.1	35.52
35.1	35.53
35.1	35.54
35.1	35.55
35.1	35.56
35.1	35.57
35.1	35.58
35.1	35.59
35.1	35.60
35.1	35.61
35.1	35.62
35.1	35.63
35.1	35.64
36.8	36.1
36.13	36.2
36.6	36.3
36.16	36.4
36.6	36.5
36.1	36.6
36.14	36.7
36.14	36.8
36.14	36.9
36.1	36.10
36.1	36.11
36.10	36.12
36.7	36.13
36.13	36.14
36.9	36.15
36.1	36.16
36.2	36.17
36.9	36.18
36.1	36.19
36.13	36.20
36.14	36.21
36.15	36.22
36.3	36.23
36.12	36.24
36.1	36.25
36.1	36.26
36.14	36.27
36.13	36.28
36.1	36.29
36.12	36.30
36.1	36.31
36.14	36.32
36.14	36.33
36.1	36.34
36.1	36.35
36.13	36.36
36.5	36.37
36.10	36.38
36.12	36.39
36.11	36.40
36.1	36.41
36.14	36.42
36.12	36.43
36.3	36.44
36.1	36.45
36.7	36.46
36.14	36.47
36.12	36.48
36.13	36.49
36.13	36.50
36.13	36.51
36.14	36.52
36.1	36.53
36.4	36.54
36.1	36.55
36.13	36.56
36.10	36.57
36.15	36.58
36.13	36.59
36.7	36.60
36.13	36.61
36.13	36.62
36.14	36.63
36.14	36.64
37.1	37.1
37.5	37.2
37.1	37.3
37.3	37.4
37.1	37.5
37.1	37.6
37.1	37.7
37.11	37.8
37.1	37.9
37.1	37.10
37.8	37.11
37.6	37.12
37.1	37.13
37.11	37.14
37.1	37.15
37.2	37.16
37.8	37.17
37.1	37.18
37.1	37.19
37.1	37.20
37.6	37.21
37.1	37.22
37.6	37.23
37.10	37.24
37.1	37.25
37.1	37.26
37.9	37.27
37.11	37.28
37.10	37.29
37.1	37.30
37.7	37.31
37.1	37.32
37.1	37.33
37.3	37.34
37.1	37.35
37.6	37.36
37.11	37.37
37.11	37.38
37.10	37.39
37.11	37.40
37.1	37.41
37.1	37.42
37.10	37.43
37.1	37.44
37.11	37.45
37.1	37.46
37.11	37.47
37.1	37.48
37.11	37.49
37.1	37.50
37.7	37.51
37.1	37.52
37.11	37.53
37.3	37.54
37.6	37.55
37.1	37.56
37.8	37.57
37.11	37.58
37.1	37.59
37.1	37.60
37.1	37.61
37.1	37.62
37.8	37.63
37.4	37.64
38.10	38.1
38.7	38.2
38.7	38.3
38.9	38.4
38.13	38.5
38.7	38.6
38.1	38.7
38.15	38.8
38.6	38.9
38.6	38.10
38.6	38.11
38.2	38.12
38.5	38.13
38.11	38.14
38.7	38.15
38.15	38.16
38.10	38.17
38.7	38.18
38.13	38.19
38.7	38.20
38.6	38.21
38.8	38.22
38.6	38.23
38.13	38.24
38.1	38.25
38.9	38.26
38.14	38.27
38.1	38.28
38.8	38.29
38.6	38.30
38.1	38.31
38.15	38.32
38.12	38.33
38.12	38.34
38.9	38.35
38.6	38.36
38.5	38.37
38.13	38.38
38.13	38.39
38.7	38.40
38.1	38.41
38.9	38.42
38.6	38.43
38.5	38.44
38.9	38.45
38.3	38.46
38.13	38.47
38.13	38.48
38.13	38.49
38.13	38.50
38.4	38.51
38.13	38.52
38.6	38.53
38.9	38.54
38.11	38.55
38.7	38.56
38.6	38.57
38.6	38.58
38.1	38.59
38.6	38.60
38.1	38.61
38.15	38.62
38.13	38.63
38.13	38.64
39.1	39.1
39.1	39.2
39.1	39.3
39.1	39.4
39.1	39.5
39.1	39.6
39.1	39.7
39.1	39.8
39.1	39.9
39.1	39.10
39.2	39.11
39.1	39.12
39.1	39.13
39.1	39.14
39.1	39.15
39.1	39.16
39.1	39.17
39.1	39.18
39.1	39.19
39.1	39.20
39.1	39.21
39.1	39.22
39.1	39.23
39.3	39.24
39.1	39.25
39.1	39.26
39.1	39.27
39.1	39.28
39.1	39.29
39.1	39.30
39.1	39.31
39.1	39.32
39.1	39.33
39.1	39.34
39.1	39.35
39.1	39.36
39.1	39.37
39.1	39.38
39.1	39.39
39.1	39.40
39.1	39.41
39.1	39.42
39.1	39.43
39.1	39.44
39.1	39.45
39.1	39.46
39.1	39.47
39.1	39.48
39.1	39.49
39.1	39.50
39.1	39.51
39.1	39.52
39.1	39.53
39.1	39.54
39.1	39.55
39.1	39.56
39.1	39.57
39.1	39.58
39.1	39.59
39.1	39.60
39.1	39.61
39.1	39.62
39.1	39.63
39.1	39.64
40.1	40.1
40.1	40.2
40.1	40.3
40.7	40.4
40.7	40.5
40.1	40.6
40.1	40.7
40.7	40.8
40.1	40.9
40.1	40.10
40.1	40.11
40.1	40.12
40.1	40.13
40.1	40.14
40.1	40.15
40.1	40.16
40.1	40.17
40.4	40.18
40.6	40.19
40.5	40.20
40.1	40.21
40.1	40.22
40.1	40.23
40.1	40.24
40.5	40.25
40.7	40.26
40.5	40.27
40.1	40.28
40.1	40.29
40.4	40.30
40.7	40.31
40.1	40.32
40.1	40.33
40.7	40.34
40.1	40.35
40.1	40.36
40.7	40.37
40.1	40.38
40.1	40.39
40.1	40.40
40.1	40.41
40.1	40.42
40.2	40.43
40.7	40.44
40.1	40.45
40.1	40.46
40.1	40.47
40.5	40.48
40.3	40.49
40.7	40.50
40.1	40.51
40.1	40.52
40.1	40.53
40.7	40.54
40.1	40.55
40.1	40.56
40.1	40.57
40.7	40.58
40.1	40.59
40.7	40.60
40.5	40.61
40.5	40.62
40.5	40.63
40.1	40.64
41.1	41.1
41.1	41.2
41.1	41.3
41.6	41.4
41.6	41.5
41.7	41.6
41.6	41.7
41.6	41.8
41.3	41.9
41.1	41.10
41.1	41.11
41.6	41.12
41.1	41.13
41.1	41.14
41.6	41.15
41.6	41.16
41.6	41.17
41.6	41.18
41.7	41.19
41.1	41.20
41.1	41.21
41.6	41.22
41.6	41.23
41.6	41.24
41.6	41.25
41.6	41.26
41.1	41.27
41.6	41.28
41.1	41.29
41.1	41.30
41.1	41.31
41.1	41.32
41.4	41.33
41.1	41.34
41.6	41.35
41.6	41.36
41.1	41.37
41.1	41.38
41.1	41.39
41.5	41.40
41.7	41.41
41.1	41.42
41.6	41.43
41.1	41.44
41.4	41.45
41.1	41.46
41.1	41.47
41.6	41.48
41.2	41.49
41.1	41.50
41.1	41.51
41.1	41.52
41.1	41.53
41.1	41.54
41.7	41.55
41.1	41.56
41.6	41.57
41.6	41.58
41.1	41.59
41.6	41.60
41.7	41.61
41.1	41.62
41.7	41.63
41.1	41.64
42.1	42.1
42.1	42.2
42.1	42.3
42.1	42.4
42.1	42.5
42.1	42.6
42.1	42.7
42.1	42.8
42.1	42.9
42.5	42.10
42.1	42.11
42.1	42.12
42.1	42.13
42.5	42.14
42.1	42.15
42.5	42.16
42.4	42.17
42.1	42.18
42.1	42.19
42.1	42.20
42.1	42.21
42.5	42.22
42.1	42.23
42.1	42.24
42.1	42.25
42.1	42.26
42.1	42.27
42.1	42.28
42.5	42.29
42.1	42.30
42.1	42.31
42.1	42.32
42.1	42.33
42.1	42.34
42.5	42.35
42.1	42.36
42.5	42.37
42.1	42.38
42.1	42.39
42.4	42.40
42.1	42.41
42.1	42.42
42.5	42.43
42.1	42.44
42.1	42.45
42.1	42.46
42.1	42.47
42.5	42.48
42.5	42.49
42.1	42.50
42.5	42.51
42.1	42.52
42.5	42.53
42.5	42.54
42.2	42.55
42.1	42.56
42.3	42.57
42.1	42.58
42.1	42.59
42.1	42.60
42.1	42.61
42.1	42.62
42.1	42.63
42.1	42.64
43.14	43.1
43.6	43.2
43.1	43.3
43.1	43.4
43.6	43.5
43.8	43.6
43.1	43.7
43.2	43.8
43.18	43.9
43.10	43.10
43.11	43.11
43.15	43.12
43.7	43.13
43.9	43.14
43.6	43.15
43.6	43.16
43.10	43.17
43.6	43.18
43.6	43.19
43.19	43.20
43.12	43.21
43.12	43.22
43.6	43.23
43.12	43.24
43.14	43.25
43.12	43.26
43.10	43.27
43.1	43.28
43.6	43.29
43.10	43.30
43.1	43.31
43.18	43.32
43.10	43.33
43.13	43.34
43.16	43.35
43.8	43.36
43.1	43.37
43.14	43.38
43.14	43.39
43.12	43.40
43.1	43.41
43.1	43.42
43.17	43.43
43.8	43.44
43.17	43.45
43.3	43.46
43.14	43.47
43.10	43.48
43.12	43.49
43.5	43.50
43.4	43.51
43.18	43.52
43.10	43.53
43.12	43.54
43.14	43.55
43.6	43.56
43.19	43.57
43.12	43.58
43.12	43.59
43.12	43.60
43.18	43.61
43.18	43.62
43.12	43.63
43.12	43.64
44.7	44.1
44.7	44.2
44.7	44.3
44.7	44.4
44.1	44.5
44.5	44.6
44.5	44.7
44.4	44.8
44.1	44.9
44.7	44.10
44.7	44.11
44.7	44.12
44.7	44.13
44.1	44.14
44.7	44.15
44.7	44.16
44.3	44.17
44.7	44.18
44.7	44.19
44.5	44.20
44.7	44.21
44.7	44.22
44.5	44.23
44.5	44.24
44.5	44.25
44.7	44.26
44.7	44.27
44.7	44.28
44.5	44.29
44.5	44.30
44.1	44.31
44.1	44.32
44.5	44.33
44.7	44.34
44.7	44.35
44.7	44.36
44.7	44.37
44.7	44.38
44.7	44.39
44.1	44.40
44.7	44.41
44.7	44.42
44.7	44.43
44.7	44.44
44.7	44.45
44.2	44.46
44.5	44.47
44.5	44.48
44.1	44.49
44.6	44.50
44.6	44.51
44.7	44.52
44.6	44.53
44.7	44.54
44.6	44.55
44.1	44.56
44.1	44.57
44.6	44.58
44.1	44.59
44.7	44.60
44.1	44.61
44.7	44.62
44.1	44.63
44.1	44.64
45.1	45.1
45.4	45.2
45.9	45.3
45.4	45.4
45.4	45.5
45.4	45.6
45.4	45.7
45.1	45.8
45.6	45.9
45.9	45.10
45.4	45.11
45.9	45.12
45.9	45.13
45.4	45.14
45.4	45.15
45.4	45.16
45.9	45.17
45.4	45.18
45.4	45.19
45.9	45.20
45.4	45.21
45.5	45.22
45.4	45.23
45.4	45.24
45.4	45.25
45.3	45.26
45.4	45.27
45.4	45.28
45.1	45.29
45.4	45.30
45.4	45.31
45.4	45.32
45.6	45.33
45.1	45.34
45.8	45.35
45.4	45.36
45.7	45.37
45.4	45.38
45.8	45.39
45.8	45.40
45.1	45.41
45.4	45.42
45.1	45.43
45.4	45.44
45.4	45.45
45.4	45.46
45.4	45.47
45.8	45.48
45.4	45.49
45.1	45.50
45.4	45.51
45.4	45.52
45.4	45.53
45.4	45.54
45.4	45.55
45.2	45.56
45.1	45.57
45.1	45.58
45.4	45.59
45.1	45.60
45.1	45.61
45.4	45.62
45.8	45.63
45.4	45.64
46.13	46.1
46.1	46.2
46.8	46.3
46.10	46.4
46.1	46.5
46.13	46.6
46.13	46.7
46.1	46.8
46.13	46.9
46.13	46.10
46.14	46.11
46.14	46.12
46.13	46.13
46.10	46.14
46.13	46.15
46.1	46.16
46.14	46.17
46.11	46.18
46.13	46.19
46.11	46.20
46.11	46.21
46.1	46.22
46.10	46.23
46.5	46.24
46.14	46.25
46.4	46.26
46.10	46.27
46.13	46.28
46.13	46.29
46.10	46.30
46.10	46.31
46.1	46.32
46.13	46.33
46.5	46.34
46.1	46.35
46.1	46.36
46.13	46.37
46.11	46.38
46.1	46.39
46.10	46.40
46.6	46.41
46.2	46.42
46.7	46.43
46.1	46.44
46.1	46.45
46.9	46.46
46.13	46.47
46.13	46.48
46.6	46.49
46.1	46.50
46.12	46.51
46.14	46.52
46.1	46.53
46.3	46.54
46.11	46.55
46.13	46.56
46.14	46.57
46.13	46.58
46.9	46.59
46.1	46.60
46.8	46.61
46.1	46.62
46.13	46.63
46.10	46.64
47.13	47.1
47.18	47.2
47.17	47.3
47.9	47.4
47.1	47.5
47.11	47.6
47.11	47.7
47.19	47.8
47.5	47.9
47.16	47.10
47.13	47.11
47.15	47.12
47.13	47.13
47.13	47.14
47.1	47.15
47.1	47.16
47.15	47.17
47.1	47.18
47.19	47.19
47.16	47.20
47.17	47.21
47.13	47.22
47.19	47.23
47.7	47.24
47.13	47.25
47.9	47.26
47.1	47.27
47.12	47.28
47.19	47.29
47.1	47.30
47.19	47.31
47.11	47.32
47.10	47.33
47.9	47.34
47.20	47.35
47.6	47.36
47.10	47.37
47.13	47.38
47.1	47.39
47.19	47.40
47.13	47.41
47.1	47.42
47.8	47.43
47.1	47.44
47.13	47.45
47.1	47.46
47.1	47.47
47.13	47.48
47.10	47.49
47.13	47.50
47.19	47.51
47.2	47.52
47.1	47.53
47.9	47.54
47.4	47.55
47.1	47.56
47.1	47.57
47.14	47.58
47.20	47.59
47.3	47.60
47.5	47.61
47.19	47.62
47.10	47.63
47.13	47.64
48.1	48.1
48.1	48.2
48.4	48.3
48.1	48.4
48.1	48.5
48.4	48.6
48.1	48.7
48.1	48.8
48.6	48.9
48.4	48.10
48.5	48.11
48.4	48.12
48.4	48.13
48.6	48.14
48.1	48.15
48.1	48.16
48.4	48.17
48.5	48.18
48.1	48.19
48.4	48.20
48.1	48.21
48.6	48.22
48.4	48.23
48.6	48.24
48.4	48.25
48.6	48.26
48.4	48.27
48.1	48.28
48.1	48.29
48.2	48.30
48.4	48.31
48.1	48.32
48.6	48.33
48.4	48.34
48.1	48.35
48.1	48.36
48.6	48.37
48.6	48.38
48.1	48.39
48.4	48.40
48.4	48.41
48.1	48.42
48.1	48.43
48.1	48.44
48.1	48.45
48.6	48.46
48.4	48.47
48.6	48.48
48.6	48.49
48.3	48.50
48.1	48.51
48.4	48.52
48.1	48.53
48.4	48.54
48.4	48.55
48.1	48.56
48.1	48.57
48.1	48.58
48.1	48.59
48.1	48.60
48.1	48.61
48.1	48.62
48.1	48.63
48.4	48.64
49.1	49.1
49.1	49.2
49.6	49.3
49.6	49.4
49.8	49.5
49.12	49.6
49.1	49.7
49.6	49.8
49.12	49.9
49.9	49.10
49.2	49.11
49.5	49.12
49.6	49.13
49.8	49.14
49.12	49.15
49.11	49.16
49.1	49.17
49.4	49.18
49.12	49.19
49.6	49.20
49.1	49.21
49.10	49.22
49.5	49.23
49.6	49.24
49.5	49.25
49.12	49.26
49.5	49.27
49.5	49.28
49.1	49.29
49.1	49.30
49.5	49.31
49.5	49.32
49.11	49.33
49.5	49.34
49.5	49.35
49.1	49.36
49.1	49.37
49.1	49.38
49.5	49.39
49.12	49.40
49.4	49.41
49.9	49.42
49.10	49.43
49.6	49.44
49.1	49.45
49.11	49.46
49.6	49.47
49.6	49.48
49.1	49.49
49.5	49.50
49.3	49.51
49.6	49.52
49.1	49.53
49.4	49.54
49.5	49.55
49.6	49.56
49.8	49.57
49.9	49.58
49.5	49.59
49.5	49.60
49.6	49.61
49.8	49.62
49.4	49.63
49.7	49.64
50.7	50.1
50.7	50.2
50.1	50.3
50.7	50.4
50.1	50.5
50.7	50.6
50.7	50.7
50.7	50.8
50.7	50.9
50.7	50.10
50.1	50.11
50.1	50.12
50.7	50.13
50.7	50.14
50.7	50.15
50.1	50.16
50.1	50.17
50.1	50.18
50.7	50.19
50.1	50.20
50.7	50.21
50.1	50.22
50.1	50.23
50.7	50.24
50.7	50.25
50.1	50.26
50.1	50.27
50.7	50.28
50.7	50.29
50.3	50.30
50.1	50.31
50.7	50.32
50.1	50.33
50.1	50.34
50.7	50.35
50.7	50.36
50.7	50.37
50.7	50.38
50.4	50.39
50.7	50.40
50.7	50.41
50.5	50.42
50.1	50.43
50.1	50.44
50.7	50.45
50.7	50.46
50.7	50.47
50.5	50.48
50.1	50.49
50.7	50.50
50.5	50.51
50.7	50.52
50.1	50.53
50.7	50.54
50.7	50.55
50.7	50.56
50.1	50.57
50.2	50.58
50.7	50.59
50.6	50.60
50.5	50.61
50.7	50.62
50.7	50.63
50.7	50.64
51.1	51.1
51.9	51.2
51.6	51.3
51.10	51.4
51.1	51.5
51.9	51.6
51.6	51.7
51.1	51.8
51.4	51.9
51.9	51.10
51.4	51.11
51.5	51.12
51.6	51.13
51.1	51.14
51.1	51.15
51.6	51.16
51.9	51.17
51.9	51.18
51.9	51.19
51.4	51.20
51.3	51.21
51.6	51.22
51.5	51.23
51.6	51.24
51.5	51.25
51.6	51.26
51.9	51.27
51.7	51.28
51.1	51.29
51.5	51.30
51.6	51.31
51.9	51.32
51.4	51.33
51.2	51.34
51.9	51.35
51.9	51.36
51.1	51.37
51.6	51.38
51.9	51.39
51.9	51.40
51.9	51.41
51.9	51.42
51.10	51.43
51.9	51.44
51.5	51.45
51.9	51.46
51.1	51.47
51.6	51.48
51.9	51.49
51.9	51.50
51.1	51.51
51.10	51.52
51.4	51.53
51.6	51.54
51.9	51.55
51.9	51.56
51.9	51.57
51.8	51.58
51.9	51.59
51.10	51.60
51.9	51.61
51.9	51.62
51.1	51.63
51.10	51.64
52.4	52.1
52.4	52.2
52.4	52.3
52.4	52.4
52.4	52.5
52.4	52.6
52.1	52.7
52.4	52.8
52.4	52.9
52.1	52.10
52.1	52.11
52.4	52.12
52.4	52.13
52.4	52.14
52.4	52.15
52.4	52.16
52.4	52.17
52.4	52.18
52.4	52.19
52.4	52.20
52.1	52.21
52.4	52.22
52.1	52.23
52.4	52.24
52.4	52.25
52.4	52.26
52.4	52.27
52.4	52.28
52.4	52.29
52.4	52.30
52.4	52.31
52.1	52.32
52.1	52.33
52.4	52.34
52.4	52.35
52.4	52.36
52.4	52.37
52.1	52.38
52.4	52.39
52.4	52.40
52.4	52.41
52.1	52.42
52.4	52.43
52.4	52.44
52.4	52.45
52.4	52.46
52.3	52.47
52.4	52.48
52.4	52.49
52.4	52.50
52.1	52.51
52.4	52.52
52.2	52.53
52.5	52.54
52.4	52.55
52.4	52.56
52.5	52.57
52.5	52.58
52.4	52.59
52.1	52.60
52.1	52.61
52.1	52.62
52.4	52.63
52.4	52.64
53.3	53.1
53.3	53.2
53.3	53.3
53.3	53.4
53.3	53.5
53.3	53.6
53.3	53.7
53.5	53.8
53.3	53.9
53.3	53.10
53.3	53.11
53.3	53.12
53.3	53.13
53.3	53.14
53.5	53.15
53.3	53.16
53.3	53.17
53.5	53.18
53.5	53.19
53.3	53.20
53.3	53.21
53.3	53.22
53.3	53.23
53.1	53.24
53.3	53.25
53.3	53.26
53.3	53.27
53.5	53.28
53.3	53.29
53.3	53.30
53.4	53.31
53.3	53.32
53.5	53.33
53.3	53.34
53.3	53.35
53.3	53.36
53.3	53.37
53.3	53.38
53.4	53.39
53.3	53.40
53.5	53.41
53.3	53.42
53.4	53.43
53.3	53.44
53.5	53.45
53.3	53.46
53.3	53.47
53.3	53.48
53.3	53.49
53.3	53.50
53.3	53.51
53.2	53.52
53.3	53.53
53.3	53.54
53.3	53.55
53.3	53.56
53.3	53.57
53.3	53.58
53.3	53.59
53.3	53.60
53.3	53.61
53.3	53.62
53.3	53.63
53.3	53.64
54.1	54.1
54.1	54.2
54.1	54.3
54.1	54.4
54.1	54.5
54.1	54.6
54.1	54.7
54.1	54.8
54.1	54.9
54.1	54.10
54.1	54.11
54.1	54.12
54.4	54.13
54.4	54.14
54.1	54.15
54.1	54.16
54.1	54.17
54.1	54.18
54.1	54.19
54.1	54.20
54.1	54.21
54.1	54.22
54.1	54.23
54.3	54.24
54.1	54.25
54.1	54.26
54.1	54.27
54.1	54.28
54.1	54.29
54.1	54.30
54.1	54.31
54.1	54.32
54.1	54.33
54.1	54.34
54.1	54.35
54.1	54.36
54.1	54.37
54.1	54.38
54.1	54.39
54.1	54.40
54.1	54.41
54.1	54.42
54.4	54.43
54.2	54.44
54.4	54.45
54.1	54.46
54.1	54.47
54.1	54.48
54.1	54.49
54.1	54.50
54.1	54.51
54.1	54.52
54.1	54.53
54.1	54.54
54.1	54.55
54.1	54.56
54.1	54.57
54.1	54.58
54.1	54.59
54.1	54.60
54.1	54.61
54.1	54.62
54.1	54.63
54.1	54.64
55.3	55.1
55.3	55.2
55.1	55.3
55.5	55.4
55.3	55.5
55.5	55.6
55.3	55.7
55.3	55.8
55.1	55.9
55.3	55.10
55.5	55.11
55.5	55.12
55.3	55.13
55.4	55.14
55.3	55.15
55.3	55.16
55.5	55.17
55.3	55.18
55.5	55.19
55.1	55.20
55.3	55.21
55.5	55.22
55.2	55.23
55.3	55.24
55.3	55.25
55.3	55.26
55.3	55.27
55.3	55.28
55.3	55.29
55.5	55.30
55.1	55.31
55.5	55.32
55.3	55.33
55.3	55.34
55.3	55.35
55.5	55.36
55.5	55.37
55.1	55.38
55.3	55.39
55.5	55.40
55.5	55.41
55.3	55.42
55.3	55.43
55.3	55.44
55.3	55.45
55.3	55.46
55.3	55.47
55.5	55.48
55.5	55.49
55.4	55.50
55.3	55.51
55.3	55.52
55.3	55.53
55.3	55.54
55.3	55.55
55.3	55.56
55.4	55.57
55.5	55.58
55.3	55.59
55.5	55.60
55.5	55.61
55.3	55.62
55.3	55.63
55.3	55.64
56.1	56.1
56.1	56.2
56.1	56.3
56.1	56.4
56.3	56.5
56.2	56.6
56.1	56.7
56.1	56.8
56.1	56.9
56.1	56.10
56.1	56.11
56.1	56.12
56.1	56.13
56.1	56.14
56.1	56.15
56.1	56.16
56.1	56.17
56.1	56.18
56.5	56.19
56.1	56.20
56.1	56.21
56.3	56.22
56.1	56.23
56.1	56.24
56.1	56.25
56.1	56.26
56.1	56.27
56.1	56.28
56.1	56.29
56.1	56.30
56.3	56.31
56.5	56.32
56.1	56.33
56.1	56.34
56.1	56.35
56.1	56.36
56.1	56.37
56.1	56.38
56.1	56.39
56.1	56.40
56.5	56.41
56.1	56.42
56.1	56.43
56.1	56.44
56.1	56.45
56.1	56.46
56.1	56.47
56.1	56.48
56.5	56.49
56.1	56.50
56.1	56.51
56.1	56.52
56.3	56.53
56.1	56.54
56.3	56.55
56.1	56.56
56.1	56.57
56.4	56.58
56.6	56.59
56.5	56.60
56.1	56.61
56.1	56.62
56.1	56.63
56.1	56.64
57.1	57.1
57.1	57.2
57.1	57.3
57.1	57.4
57.1	57.5
57.1	57.6
57.1	57.7
57.1	57.8
57.1	57.9
57.1	57.10
57.1	57.11
57.1	57.12
57.1	57.13
57.1	57.14
57.3	57.15
57.1	57.16
57.3	57.17
57.1	57.18
57.1	57.19
57.3	57.20
57.1	57.21
57.6	57.22
57.1	57.23
57.1	57.24
57.1	57.25
57.1	57.26
57.1	57.27
57.1	57.28
57.2	57.29
57.1	57.30
57.1	57.31
57.1	57.32
57.1	57.33
57.1	57.34
57.1	57.35
57.1	57.36
57.7	57.37
57.1	57.38
57.1	57.39
57.3	57.40
57.3	57.41
57.3	57.42
57.1	57.43
57.1	57.44
57.1	57.45
57.1	57.46
57.8	57.47
57.1	57.48
57.8	57.49
57.1	57.50
57.1	57.51
57.3	57.52
57.3	57.53
57.3	57.54
57.1	57.55
57.1	57.56
57.5	57.57
57.3	57.58
57.3	57.59
57.3	57.60
57.4	57.61
57.1	57.62
57.1	57.63
57.3	57.64
58.1	58.1
58.1	58.2
58.8	58.3
58.1	58.4
58.1	58.5
58.1	58.6
58.1	58.7
58.1	58.8
58.9	58.9
58.1	58.10
58.9	58.11
58.1	58.12
58.1	58.13
58.7	58.14
58.9	58.15
58.6	58.16
58.1	58.17
58.1	58.18
58.3	58.19
58.7	58.20
58.1	58.21
58.4	58.22
58.1	58.23
58.1	58.24
58.8	58.25
58.8	58.26
58.1	58.27
58.1	58.28
58.1	58.29
58.9	58.30
58.8	58.31
58.1	58.32
58.1	58.33
58.1	58.34
58.9	58.35
58.8	58.36
58.9	58.37
58.8	58.38
58.8	58.39
58.1	58.40
58.9	58.41
58.1	58.42
58.3	58.43
58.7	58.44
58.1	58.45
58.4	58.46
58.1	58.47
58.1	58.48
58.6	58.49
58.9	58.50
58.6	58.51
58.8	58.52
58.1	58.53
58.5	58.54
58.9	58.55
58.1	58.56
58.1	58.57
58.1	58.58
58.8	58.59
58.6	58.60
58.9	58.61
58.1	58.62
58.1	58.63
58.2	58.64
59.3	59.1
59.3	59.2
59.10	59.3
59.11	59.4
59.3	59.5
59.11	59.6
59.5	59.7
59.8	59.8
59.11	59.9
59.5	59.10
59.11	59.11
59.3	59.12
59.5	59.13
59.11	59.14
59.11	59.15
59.3	59.16
59.1	59.17
59.11	59.18
59.11	59.19
59.10	59.20
59.11	59.21
59.11	59.22
59.3	59.23
59.9	59.24
59.11	59.25
59.3	59.26
59.11	59.27
59.5	59.28
59.3	59.29
59.11	59.30
59.3	59.31
59.6	59.32
59.3	59.33
59.7	59.34
59.5	59.35
59.3	59.36
59.6	59.37
59.9	59.38
59.11	59.39
59.3	59.40
59.1	59.41
59.5	59.42
59.3	59.43
59.3	59.44
59.8	59.45
59.8	59.46
59.3	59.47
59.11	59.48
59.3	59.49
59.3	59.50
59.11	59.51
59.8	59.52
59.1	59.53
59.11	59.54
59.11	59.55
59.8	59.56
59.5	59.57
59.4	59.58
59.11	59.59
59.1	59.60
59.10	59.61
59.11	59.62
59.2	59.63
59.11	59.64
60.1	60.1
60.1	60.2
60.1	60.3
60.1	60.4
60.1	60.5
60.1	60.6
60.12	60.7
60.1	60.8
60.15	60.9
60.1	60.10
60.7	60.11
60.1	60.12
60.1	60.13
60.15	60.14
60.7	60.15
60.15	60.16
60.4	60.17
60.7	60.18
60.14	60.19
60.15	60.20
60.7	60.21
60.1	60.22
60.1	60.23
60.15	60.24
60.15	60.25
60.15	60.26
60.1	60.27
60.12	60.28
60.1	60.29
60.10	60.30
60.1	60.31
60.12	60.32
60.6	60.33
60.1	60.34
60.7	60.35
60.2	60.36
60.3	60.37
60.7	60.38
60.13	60.39
60.16	60.40
60.7	60.41
60.9	60.42
60.1	60.43
60.15	60.44
60.8	60.45
60.7	60.46
60.15	60.47
60.1	60.48
60.9	60.49
60.15	60.50
60.7	60.51
60.7	60.52
60.11	60.53
60.7	60.54
60.7	60.55
60.1	60.56
60.1	60.57
60.5	60.58
60.11	60.59
60.1	60.60
60.14	60.61
60.14	60.62
60.11	60.63
60.12	60.64
61.4	61.1
61.1	61.2
61.6	61.3
61.4	61.4
61.6	61.5
61.6	61.6
61.1	61.7
61.1	61.8
61.6	61.9
61.6	61.10
61.4	61.11
61.1	61.12
61.4	61.13
61.1	61.14
61.4	61.15
61.6	61.16
61.6	61.17
61.4	61.18
61.1	61.19
61.1	61.20
61.6	61.21
61.6	61.22
61.4	61.23
61.3	61.24
61.1	61.25
61.6	61.26
61.4	61.27
61.6	61.28
61.7	61.29
61.6	61.30
61.4	61.31
61.4	61.32
61.4	61.33
61.4	61.34
61.6	61.35
61.1	61.36
61.4	61.37
61.6	61.38
61.1	61.39
61.4	61.40
61.4	61.41
61.4	61.42
61.2	61.43
61.7	61.44
61.1	61.45
61.1	61.46
61.4	61.47
61.5	61.48
61.4	61.49
61.6	61.50
61.1	61.51
61.1	61.52
61.1	61.53
61.1	61.54
61.4	61.55
61.4	61.56
61.4	61.57
61.4	61.58
61.4	61.59
61.4	61.60
61.1	61.61
61.1	61.62
61.4	61.63
61.6	61.64
62.1	62.1
62.1	62.2
62.1	62.3
62.1	62.4
62.10	62.5
62.14	62.6
62.11	62.7
62.10	62.8
62.17	62.9
62.1	62.10
62.14	62.11
62.1	62.12
62.8	62.13
62.10	62.14
62.10	62.15
62.19	62.16
62.14	62.17
62.14	62.18
62.17	62.19
62.15	62.20
62.10	62.21
62.15	62.22
62.2	62.23
62.18	62.24
62.16	62.25
62.7	62.26
62.14	62.27
62.17	62.28
62.10	62.29
62.10	62.30
62.5	62.31
62.19	62.32
62.10	62.33
62.17	62.34
62.6	62.35
62.12	62.36
62.1	62.37
62.3	62.38
62.14	62.39
62.17	62.40
62.15	62.41
62.7	62.42
62.19	62.43
62.13	62.44
62.10	62.45
62.15	62.46
62.1	62.47
62.18	62.48
62.4	62.49
62.15	62.50
62.10	62.51
62.10	62.52
62.9	62.53
62.6	62.54
62.15	62.55
62.4	62.56
62.1	62.57
62.19	62.58
62.20	62.59
62.1	62.60
62.10	62.61
62.16	62.62
62.15	62.63
62.20	62.64
63.1	63.1
63.1	63.2
63.1	63.3
63.1	63.4
63.1	63.5
63.1	63.6
63.1	63.7
63.1	63.8
63.1	63.9
63.1	63.10
63.1	63.11
63.1	63.12
63.1	63.13
63.1	63.14
63.1	63.15
63.1	63.16
63.1	63.17
63.1	63.18
63.1	63.19
63.1	63.20
63.1	63.21
63.1	63.22
63.1	63.23
63.1	63.24
63.1	63.25
63.1	63.26
63.1	63.27
63.1	63.28
63.1	63.29
63.1	63.30
63.1	63.31
63.1	63.32
63.1	63.33
63.1	63.34
63.1	63.35
63.1	63.36
63.1	63.37
63.1	63.38
63.1	63.39
63.1	63.40
63.1	63.41
63.1	63.42
63.2	63.43
63.1	63.44
63.1	63.45
63.1	63.46
63.1	63.47
63.1	63.48
63.1	63.49
63.1	63.50
63.3	63.51
63.1	63.52
63.1	63.53
63.1	63.54
63.1	63.55
63.1	63.56
63.1	63.57
63.1	63.58
63.1	63.59
63.1	63.60
63.1	63.61
63.1	63.62
63.1	63.63
63.1	63.64
64.4	64.1
64.1	64.2
64.1	64.3
64.1	64.4
64.1	64.5
64.1	64.6
64.1	64.7
64.1	64.8
64.1	64.9
64.1	64.10
64.1	64.11
64.1	64.12
64.1	64.13
64.1	64.14
64.1	64.15
64.1	64.16
64.1	64.17
64.1	64.18
64.1	64.19
64.1	64.20
64.1	64.21
64.1	64.22
64.1	64.23
64.1	64.24
64.1	64.25
64.1	64.26
64.1	64.27
64.1	64.28
64.5	64.29
64.1	64.30
64.1	64.31
64.1	64.32
64.1	64.33
64.1	64.34
64.1	64.35
64.1	64.36
64.1	64.37
64.1	64.38
64.3	64.39
64.1	64.40
64.1	64.41
64.1	64.42
64.1	64.43
64.1	64.44
64.1	64.45
64.1	64.46
64.2	64.47
64.1	64.48
64.1	64.49
64.1	64.50
64.1	64.51
64.1	64.52
64.1	64.53
64.1	64.54
64.1	64.55
64.1	64.56
64.1	64.57
64.1	64.58
64.1	64.59
64.1	64.60
64.1	64.61
64.1	64.62
64.1	64.63
64.1	64.64
65.7	65.1
65.1	65.2
65.4	65.3
65.1	65.4
65.6	65.5
65.7	65.6
65.6	65.7
65.1	65.8
65.6	65.9
65.1	65.10
65.1	65.11
65.7	65.12
65.1	65.13
65.1	65.14
65.5	65.15
65.1	65.16
65.1	65.17
65.1	65.18
65.6	65.19
65.6	65.20
65.1	65.21
65.1	65.22
65.6	65.23
65.6	65.24
65.1	65.25
65.7	65.26
65.1	65.27
65.5	65.28
65.2	65.29
65.7	65.30
65.1	65.31
65.6	65.32
65.5	65.33
65.1	65.34
65.1	65.35
65.1	65.36
65.5	65.37
65.1	65.38
65.6	65.39
65.1	65.40
65.1	65.41
65.6	65.42
65.7	65.43
65.6	65.44
65.6	65.45
65.7	65.46
65.6	65.47
65.6	65.48
65.1	65.49
65.7	65.50
65.7	65.51
65.1	65.52
65.7	65.53
65.1	65.54
65.1	65.55
65.3	65.56
65.6	65.57
65.6	65.58
65.6	65.59
65.6	65.60
65.6	65.61
65.6	65.62
65.6	65.63
65.7	65.64
66.5	66.1
66.9	66.2
66.5	66.3
66.5	66.4
66.5	66.5
66.9	66.6
66.5	66.7
66.5	66.8
66.9	66.9
66.5	66.10
66.9	66.11
66.5	66.12
66.2	66.13
66.9	66.14
66.9	66.15
66.5	66.16
66.5	66.17
66.5	66.18
66.1	66.19
66.5	66.20
66.5	66.21
66.9	66.22
66.1	66.23
66.1	66.24
66.5	66.25
66.5	66.26
66.5	66.27
66.5	66.28
66.9	66.29
66.9	66.30
66.1	66.31
66.9	66.32
66.1	66.33
66.1	66.34
66.1	66.35
66.4	66.36
66.1	66.37
66.1	66.38
66.9	66.39
66.5	66.40
66.9	66.41
66.5	66.42
66.9	66.43
66.1	66.44
66.7	66.45
66.9	66.46
66.9	66.47
66.5	66.48
66.7	66.49
66.1	66.50
66.1	66.51
66.1	66.52
66.7	66.53
66.8	66.54
66.9	66.55
66.1	66.56
66.9	66.57
66.7	66.58
66.1	66.59
66.6	66.60
66.9	66.61
66.5	66.62
66.3	66.63
66.1	66.64
67.4	67.1
67.1	67.2
67.4	67.3
67.1	67.4
67.5	67.5
67.1	67.6
67.4	67.7
67.4	67.8
67.4	67.9
67.1	67.10
67.5	67.11
67.1	67.12
67.1	67.13
67.6	67.14
67.4	67.15
67.4	67.16
67.5	67.17
67.1	67.18
67.1	67.19
67.5	67.20
67.1	67.21
67.4	67.22
67.6	67.23
67.6	67.24
67.4	67.25
67.4	67.26
67.1	67.27
67.4	67.28
67.4	67.29
67.1	67.30
67.2	67.31
67.4	67.32
67.5	67.33
67.1	67.34
67.4	67.35
67.4	67.36
67.1	67.37
67.4	67.38
67.4	67.39
67.5	67.40
67.1	67.41
67.1	67.42
67.4	67.43
67.4	67.44
67.3	67.45
67.1	67.46
67.1	67.47
67.1	67.48
67.5	67.49
67.5	67.50
67.4	67.51
67.5	67.52
67.5	67.53
67.1	67.54
67.1	67.55
67.4	67.56
67.1	67.57
67.1	67.58
67.4	67.59
67.5	67.60
67.5	67.61
67.5	67.62
67.5	67.63
67.4	67.64
68.4	68.1
68.4	68.2
68.1	68.3
68.4	68.4
68.4	68.5
68.6	68.6
68.4	68.7
68.1	68.8
68.3	68.9
68.1	68.10
68.4	68.11
68.3	68.12
68.1	68.13
68.4	68.14
68.4	68.15
68.6	68.16
68.1	68.17
68.1	68.18
68.4	68.19
68.6	68.20
68.1	68.21
68.6	68.22
68.4	68.23
68.6	68.24
68.4	68.25
68.4	68.26
68.1	68.27
68.3	68.28
68.3	68.29
68.4	68.30
68.4	68.31
68.4	68.32
68.3	68.33
68.4	68.34
68.4	68.35
68.3	68.36
68.5	68.37
68.4	68.38
68.4	68.39
68.4	68.40
68.4	68.41
68.1	68.42
68.1	68.43
68.1	68.44
68.1	68.45
68.3	68.46
68.6	68.47
68.1	68.48
68.1	68.49
68.1	68.50
68.2	68.51
68.4	68.52
68.4	68.53
68.1	68.54
68.4	68.55
68.1	68.56
68.1	68.57
68.1	68.58
68.1	68.59
68.4	68.60
68.4	68.61
68.1	68.62
68.4	68.63
68.1	68.64
69.5	69.1
69.4	69.2
69.1	69.3
69.1	69.4
69.1	69.5
69.4	69.6
69.5	69.7
69.3	69.8
69.1	69.9
69.1	69.10
69.5	69.11
69.5	69.12
69.4	69.13
69.5	69.14
69.2	69.15
69.1	69.16
69.5	69.17
69.5	69.18
69.5	69.19
69.5	69.20
69.4	69.21
69.1	69.22
69.5	69.23
69.4	69.24
69.4	69.25
69.5	69.26
69.4	69.27
69.1	69.28
69.1	69.29
69.4	69.30
69.1	69.31
69.1	69.32
69.1	69.33
69.4	69.34
69.1	69.35
69.4	69.36
69.4	69.37
69.1	69.38
69.1	69.39
69.5	69.40
69.1	69.41
69.4	69.42
69.3	69.43
69.5	69.44
69.4	69.45
69.5	69.46
69.1	69.47
69.1	69.48
69.1	69.49
69.4	69.50
69.1	69.51
69.4	69.52
69.5	69.53
69.5	69.54
69.1	69.55
69.5	69.56
69.4	69.57
69.1	69.58
69.5	69.59
69.3	69.60
69.5	69.61
69.1	69.62
69.1	69.63
69.1	69.64
70.3	70.1
70.3	70.2
70.3	70.3
70.3	70.4
70.3	70.5
70.7	70.6
70.9	70.7
70.3	70.8
70.3	70.9
70.3	70.10
70.8	70.11
70.3	70.12
70.8	70.13
70.8	70.14
70.3	70.15
70.8	70.16
70.9	70.17
70.3	70.18
70.3	70.19
70.3	70.20
70.3	70.21
70.3	70.22
70.3	70.23
70.3	70.24
70.5	70.25
70.5	70.26
70.3	70.27
70.3	70.28
70.3	70.29
70.8	70.30
70.3	70.31
70.1	70.32
70.2	70.33
70.6	70.34
70.3	70.35
70.3	70.36
70.3	70.37
70.3	70.38
70.3	70.39
70.3	70.40
70.8	70.41
70.3	70.42
70.8	70.43
70.8	70.44
70.5	70.45
70.3	70.46
70.3	70.47
70.3	70.48
70.3	70.49
70.3	70.50
70.3	70.51
70.3	70.52
70.5	70.53
70.9	70.54
70.3	70.55
70.4	70.56
70.8	70.57
70.3	70.58
70.3	70.59
70.3	70.60
70.3	70.61
70.3	70.62
70.3	70.63
70.3	70.64
71.6	71.1
71.3	71.2
71.7	71.3
71.7	71.4
71.3	71.5
71.3	71.6
71.7	71.7
71.3	71.8
71.7	71.9
71.3	71.10
71.7	71.11
71.3	71.12
71.3	71.13
71.7	71.14
71.3	71.15
71.3	71.16
71.7	71.17
71.7	71.18
71.3	71.19
71.3	71.20
71.3	71.21
71.6	71.22
71.7	71.23
71.3	71.24
71.6	71.25
71.1	71.26
71.1	71.27
71.3	71.28
71.3	71.29
71.3	71.30
71.7	71.31
71.3	71.32
71.6	71.33
71.4	71.34
71.3	71.35
71.2	71.36
71.4	71.37
71.7	71.38
71.7	71.39
71.1	71.40
71.4	71.41
71.1	71.42
71.7	71.43
71.5	71.44
71.4	71.45
71.3	71.46
71.3	71.47
71.7	71.48
71.1	71.49
71.1	71.50
71.7	71.51
71.1	71.52
71.4	71.53
71.7	71.54
71.7	71.55
71.7	71.56
71.1	71.57
71.6	71.58
71.1	71.59
71.5	71.60
71.7	71.61
71.7	71.62
71.7	71.63
71.7	71.64
72.1	72.1
72.1	72.2
72.1	72.3
72.1	72.4
72.1	72.5
72.1	72.6
72.1	72.7
72.1	72.8
72.1	72.9
72.1	72.10
72.1	72.11
72.2	72.12
72.1	72.13
72.1	72.14
72.1	72.15
72.1	72.16
72.1	72.17
72.1	72.18
72.1	72.19
72.1	72.20
72.1	72.21
72.1	72.22
72.1	72.23
72.1	72.24
72.1	72.25
72.1	72.26
72.1	72.27
72.1	72.28
72.1	72.29
72.1	72.30
72.1	72.31
72.1	72.32
72.1	72.33
72.1	72.34
72.1	72.35
72.1	72.36
72.1	72.37
72.1	72.38
72.1	72.39
72.1	72.40
72.1	72.41
72.1	72.42
72.1	72.43
72.1	72.44
72.1	72.45
72.1	72.46
72.1	72.47
72.1	72.48
72.1	72.49
72.1	72.50
72.1	72.51
72.1	72.52
72.1	72.53
72.1	72.54
72.1	72.55
72.1	72.56
72.1	72.57
72.1	72.58
72.1	72.59
72.1	72.60
72.1	72.61
72.1	72.62
72.1	72.63
72.1	72.64
73.3	73.1
73.1	73.2
73.1	73.3
73.1	73.4
73.2	73.5
73.1	73.6
73.1	73.7
73.1	73.8
73.1	73.9
73.1	73.10
73.1	73.11
73.1	73.12
73.3	73.13
73.1	73.14
73.1	73.15
73.1	73.16
73.1	73.17
73.1	73.18
73.1	73.19
73.1	73.20
73.1	73.21
73.1	73.22
73.1	73.23
73.3	73.24
73.3	73.25
73.1	73.26
73.1	73.27
73.4	73.28
73.3	73.29
73.1	73.30
73.3	73.31
73.3	73.32
73.1	73.33
73.1	73.34
73.3	73.35
73.1	73.36
73.3	73.37
73.1	73.38
73.3	73.39
73.1	73.40
73.1	73.41
73.1	73.42
73.1	73.43
73.3	73.44
73.1	73.45
73.3	73.46
73.1	73.47
73.3	73.48
73.3	73.49
73.1	73.50
73.1	73.51
73.1	73.52
73.1	73.53
73.3	73.54
73.3	73.55
73.3	73.56
73.3	73.57
73.1	73.58
73.3	73.59
73.3	73.60
73.3	73.61
73.1	73.62
73.4	73.63
73.1	73.64
74.1	74.1
74.1	74.2
74.1	74.3
74.7	74.4
74.1	74.5
74.7	74.6
74.7	74.7
74.4	74.8
74.1	74.9
74.1	74.10
74.1	74.11
74.1	74.12
74.1	74.13
74.1	74.14
74.1	74.15
74.1	74.16
74.1	74.17
74.1	74.18
74.1	74.19
74.1	74.20
74.1	74.21
74.7	74.22
74.1	74.23
74.1	74.24
74.1	74.25
74.7	74.26
74.7	74.27
74.1	74.28
74.1	74.29
74.1	74.30
74.1	74.31
74.1	74.32
74.1	74.33
74.1	74.34
74.1	74.35
74.1	74.36
74.7	74.37
74.1	74.38
74.1	74.39
74.1	74.40
74.4	74.41
74.1	74.42
74.1	74.43
74.1	74.44
74.1	74.45
74.7	74.46
74.7	74.47
74.1	74.48
74.4	74.49
74.3	74.50
74.5	74.51
74.7	74.52
74.1	74.53
74.1	74.54
74.7	74.55
74.7	74.56
74.1	74.57
74.1	74.58
74.1	74.59
74.2	74.60
74.1	74.61
74.7	74.62
74.1	74.63
74.6	74.64
75.5	75.1
75.1	75.2
75.1	75.3
75.10	75.4
75.1	75.5
75.10	75.6
75.5	75.7
75.1	75.8
75.10	75.9
75.10	75.10
75.10	75.11
75.10	75.12
75.10	75.13
75.1	75.14
75.10	75.15
75.5	75.16
75.9	75.17
75.10	75.18
75.1	75.19
75.2	75.20
75.5	75.21
75.10	75.22
75.10	75.23
75.3	75.24
75.4	75.25
75.5	75.26
75.5	75.27
75.10	75.28
75.4	75.29
75.5	75.30
75.1	75.31
75.10	75.32
75.10	75.33
75.1	75.34
75.10	75.35
75.10	75.36
75.10	75.37
75.1	75.38
75.7	75.39
75.10	75.40
75.1	75.41
75.10	75.42
75.10	75.43
75.8	75.44
75.6	75.45
75.6	75.46
75.7	75.47
75.1	75.48
75.1	75.49
75.5	75.50
75.8	75.51
75.9	75.52
75.1	75.53
75.1	75.54
75.1	75.55
75.8	75.56
75.6	75.57
75.10	75.58
75.10	75.59
75.5	75.60
75.9	75.61
75.5	75.62
75.8	75.63
75.1	75.64
76.1	76.1
76.1	76.2
76.1	76.3
76.1	76.4
76.1	76.5
76.1	76.6
76.1	76.7
76.1	76.8
76.1	76.9
76.3	76.10
76.1	76.11
76.1	76.12
76.1	76.13
76.1	76.14
76.1	76.15
76.3	76.16
76.3	76.17
76.1	76.18
76.1	76.19
76.1	76.20
76.3	76.21
76.1	76.22
76.3	76.23
76.1	76.24
76.1	76.25
76.1	76.26
76.1	76.27
76.1	76.28
76.1	76.29
76.1	76.30
76.3	76.31
76.1	76.32
76.1	76.33
76.1	76.34
76.1	76.35
76.3	76.36
76.1	76.37
76.1	76.38
76.1	76.39
76.1	76.40
76.3	76.41
76.1	76.42
76.3	76.43
76.3	76.44
76.1	76.45
76.1	76.46
76.1	76.47
76.1	76.48
76.1	76.49
76.3	76.50
76.1	76.51
76.3	76.52
76.1	76.53
76.3	76.54
76.2	76.55
76.1	76.56
76.1	76.57
76.1	76.58
76.1	76.59
76.1	76.60
76.1	76.61
76.4	76.62
76.3	76.63
76.1	76.64
77.17	77.1
77.11	77.2
77.6	77.3
77.12	77.4
77.16	77.5
77.16	77.6
77.16	77.7
77.6	77.8
77.6	77.9
77.1	77.10
77.6	77.11
77.1	77.12
77.6	77.13
77.16	77.14
77.6	77.15
77.6	77.16
77.2	77.17
77.6	77.18
77.6	77.19
77.15	77.20
77.12	77.21
77.6	77.22
77.12	77.23
77.6	77.24
77.6	77.25
77.12	77.26
77.18	77.27
77.6	77.28
77.13	77.29
77.1	77.30
77.16	77.31
77.16	77.32
77.1	77.33
77.4	77.34
77.8	77.35
77.6	77.36
77.6	77.37
77.12	77.38
77.5	77.39
77.5	77.40
77.12	77.41
77.6	77.42
77.6	77.43
77.6	77.44
77.7	77.45
77.11	77.46
77.19	77.47
77.10	77.48
77.6	77.49
77.17	77.50
77.12	77.51
77.1	77.52
77.14	77.53
77.3	77.54
77.6	77.55
77.9	77.56
77.8	77.57
77.6	77.58
77.6	77.59
77.16	77.60
77.6	77.61
77.6	77.62
77.6	77.63
77.12	77.64
78.5	78.1
78.7	78.2
78.1	78.3
78.1	78.4
78.1	78.5
78.7	78.6
78.1	78.7
78.2	78.8
78.7	78.9
78.1	78.10
78.6	78.11
78.7	78.12
78.5	78.13
78.1	78.14
78.1	78.15
78.1	78.16
78.1	78.17
78.5	78.18
78.1	78.19
78.7	78.20
78.7	78.21
78.1	78.22
78.1	78.23
78.1	78.24
78.1	78.25
78.7	78.26
78.1	78.27
78.1	78.28
78.1	78.29
78.1	78.30
78.1	78.31
78.1	78.32
78.1	78.33
78.1	78.34
78.1	78.35
78.1	78.36
78.4	78.37
78.1	78.38
78.1	78.39
78.7	78.40
78.1	78.41
78.1	78.42
78.8	78.43
78.1	78.44
78.1	78.45
78.1	78.46
78.3	78.47
78.1	78.48
78.1	78.49
78.7	78.50
78.7	78.51
78.1	78.52
78.5	78.53
78.1	78.54
78.1	78.55
78.5	78.56
78.1	78.57
78.1	78.58
78.1	78.59
78.6	78.60
78.1	78.61
78.1	78.62
78.1	78.63
78.1	78.64
79.5	79.1
79.13	79.2
79.5	79.3
79.1	79.4
79.1	79.5
79.1	79.6
79.9	79.7
79.1	79.8
79.9	79.9
79.1	79.10
79.9	79.11
79.13	79.12
79.1	79.13
79.3	79.14
79.1	79.15
79.1	79.16
79.12	79.17
79.1	79.18
79.1	79.19
79.7	79.20
79.5	79.21
79.1	79.22
79.9	79.23
79.9	79.24
79.9	79.25
79.5	79.26
79.12	79.27
79.5	79.28
79.9	79.29
79.7	79.30
79.1	79.31
79.9	79.32
79.10	79.33
79.10	79.34
79.7	79.35
79.11	79.36
79.13	79.37
79.2	79.38
79.5	79.39
79.1	79.40
79.5	79.41
79.8	79.42
79.5	79.43
79.6	79.44
79.6	79.45
79.7	79.46
79.9	79.47
79.7	79.48
79.12	79.49
79.4	79.50
79.5	79.51
79.9	79.52
79.1	79.53
79.9	79.54
79.1	79.55
79.9	79.56
79.8	79.57
79.6	79.58
79.7	79.59
79.1	79.60
79.1	79.61
79.7	79.62
79.1	79.63
79.9	79.64
80.4	80.1
80.4	80.2
80.5	80.3
80.4	80.4
80.4	80.5
80.1	80.6
80.4	80.7
80.2	80.8
80.1	80.9
80.1	80.10
80.1	80.11
80.4	80.12
80.1	80.13
80.1	80.14
80.5	80.15
80.4	80.16
80.4	80.17
80.1	80.18
80.4	80.19
80.4	80.20
80.7	80.21
80.1	80.22
80.4	80.23
80.1	80.24
80.1	80.25
80.1	80.26
80.4	80.27
80.1	80.28
80.4	80.29
80.4	80.30
80.1	80.31
80.5	80.32
80.4	80.33
80.1	80.34
80.4	80.35
80.4	80.36
80.4	80.37
80.1	80.38
80.4	80.39
80.4	80.40
80.1	80.41
80.4	80.42
80.4	80.43
80.5	80.44
80.1	80.45
80.1	80.46
80.1	80.47
80.4	80.48
80.1	80.49
80.5	80.50
80.4	80.51
80.1	80.52
80.4	80.53
80.6	80.54
80.4	80.55
80.4	80.56
80.4	80.57
80.4	80.58
80.1	80.59
80.4	80.60
80.1	80.61
80.3	80.62
80.4	80.63
80.4	80.64
81.3	81.1
81.1	81.2
81.1	81.3
81.1	81.4
81.1	81.5
81.3	81.6
81.1	81.7
81.1	81.8
81.1	81.9
81.1	81.10
81.1	81.11
81.3	81.12
81.3	81.13
81.1	81.14
81.1	81.15
81.1	81.16
81.3	81.17
81.1	81.18
81.6	81.19
81.3	81.20
81.1	81.21
81.3	81.22
81.1	81.23
81.1	81.24
81.1	81.25
81.3	81.26
81.5	81.27
81.5	81.28
81.3	81.29
81.3	81.30
81.1	81.31
81.3	81.32
81.3	81.33
81.3	81.34
81.1	81.35
81.1	81.36
81.1	81.37
81.3	81.38
81.3	81.39
81.4	81.40
81.6	81.41
81.1	81.42
81.1	81.43
81.1	81.44
81.1	81.45
81.3	81.46
81.3	81.47
81.1	81.48
81.3	81.49
81.1	81.50
81.3	81.51
81.1	81.52
81.5	81.53
81.1	81.54
81.1	81.55
81.3	81.56
81.1	81.57
81.1	81.58
81.7	81.59
81.3	81.60
81.3	81.61
81.2	81.62
81.1	81.63
81.5	81.64
82.1	82.1
82.1	82.2
82.1	82.3
82.1	82.4
82.1	82.5
82.1	82.6
82.1	82.7
82.1	82.8
82.1	82.9
82.1	82.10
82.1	82.11
82.1	82.12
82.1	82.13
82.1	82.14
82.1	82.15
82.1	82.16
82.1	82.17
82.1	82.18
82.1	82.19
82.1	82.20
82.1	82.21
82.1	82.22
82.3	82.23
82.1	82.24
82.1	82.25
82.1	82.26
82.1	82.27
82.1	82.28
82.1	82.29
82.1	82.30
82.1	82.31
82.1	82.32
82.1	82.33
82.1	82.34
82.1	82.35
82.1	82.36
82.1	82.37
82.1	82.38
82.1	82.39
82.1	82.40
82.1	82.41
82.1	82.42
82.1	82.43
82.1	82.44
82.1	82.45
82.1	82.46
82.1	82.47
82.1	82.48
82.1	82.49
82.1	82.50
82.1	82.51
82.1	82.52
82.1	82.53
82.1	82.54
82.1	82.55
82.1	82.56
82.2	82.57
82.1	82.58
82.1	82.59
82.1	82.60
82.1	82.61
82.4	82.62
82.1	82.63
82.1	82.64
83.4	83.1
83.6	83.2
83.4	83.3
83.4	83.4
83.1	83.5
83.7	83.6
83.3	83.7
83.3	83.8
83.4	83.9
83.3	83.10
83.5	83.11
83.4	83.12
83.4	83.13
83.9	83.14
83.4	83.15
83.4	83.16
83.7	83.17
83.4	83.18
83.6	83.19
83.4	83.20
83.6	83.21
83.9	83.22
83.4	83.23
83.7	83.24
83.9	83.25
83.4	83.26
83.4	83.27
83.7	83.28
83.5	83.29
83.6	83.30
83.4	83.31
83.2	83.32
83.7	83.33
83.9	83.34
83.4	83.35
83.7	83.36
83.6	83.37
83.4	83.38
83.8	83.39
83.6	83.40
83.7	83.41
83.4	83.42
83.3	83.43
83.4	83.44
83.4	83.45
83.6	83.46
83.6	83.47
83.4	83.48
83.4	83.49
83.6	83.50
83.6	83.51
83.6	83.52
83.6	83.53
83.6	83.54
83.4	83.55
83.6	83.56
83.3	83.57
83.6	83.58
83.6	83.59
83.4	83.60
83.6	83.61
83.4	83.62
83.4	83.63
83.3	83.64
84.1	84.1
84.1	84.2
84.1	84.3
84.1	84.4
84.1	84.5
84.1	84.6
84.3	84.7
84.3	84.8
84.1	84.9
84.1	84.10
84.1	84.11
84.1	84.12
84.1	84.13
84.1	84.14
84.1	84.15
84.1	84.16
84.1	84.17
84.4	84.18
84.1	84.19
84.1	84.20
84.1	84.21
84.1	84.22
84.1	84.23
84.1	84.24
84.1	84.25
84.1	84.26
84.1	84.27
84.1	84.28
84.1	84.29
84.1	84.30
84.1	84.31
84.1	84.32
84.3	84.33
84.1	84.34
84.1	84.35
84.1	84.36
84.1	84.37
84.1	84.38
84.1	84.39
84.1	84.40
84.1	84.41
84.1	84.42
84.1	84.43
84.1	84.44
84.1	84.45
84.1	84.46
84.1	84.47
84.1	84.48
84.1	84.49
84.1	84.50
84.2	84.51
84.1	84.52
84.1	84.53
84.4	84.54
84.1	84.55
84.1	84.56
84.1	84.57
84.1	84.58
84.1	84.59
84.3	84.60
84.1	84.61
84.1	84.62
84.1	84.63
84.1	84.64
85.1	85.1
85.1	85.2
85.1	85.3
85.1	85.4
85.1	85.5
85.1	85.6
85.1	85.7
85.1	85.8
85.1	85.9
85.1	85.10
85.1	85.11
85.2	85.12
85.4	85.13
85.3	85.14
85.3	85.15
85.1	85.16
85.1	85.17
85.1	85.18
85.3	85.19
85.1	85.20
85.1	85.21
85.3	85.22
85.1	85.23
85.1	85.24
85.3	85.25
85.1	85.26
85.1	85.27
85.1	85.28
85.5	85.29
85.1	85.30
85.3	85.31
85.1	85.32
85.1	85.33
85.1	85.34
85.1	85.35
85.3	85.36
85.1	85.37
85.1	85.38
85.3	85.39
85.3	85.40
85.1	85.41
85.3	85.42
85.1	85.43
85.1	85.44
85.3	85.45
85.1	85.46
85.1	85.47
85.1	85.48
85.1	85.49
85.1	85.50
85.1	85.51
85.1	85.52
85.1	85.53
85.1	85.54
85.1	85.55
85.1	85.56
85.1	85.57
85.3	85.58
85.3	85.59
85.1	85.60
85.1	85.61
85.3	85.62
85.3	85.63
85.1	85.64
86.3	86.1
86.1	86.2
86.1	86.3
86.1	86.4
86.1	86.5
86.1	86.6
86.1	86.7
86.1	86.8
86.1	86.9
86.1	86.10
86.3	86.11
86.3	86.12
86.1	86.13
86.1	86.14
86.3	86.15
86.1	86.16
86.1	86.17
86.1	86.18
86.1	86.19
86.1	86.20
86.1	86.21
86.1	86.22
86.1	86.23
86.1	86.24
86.1	86.25
86.1	86.26
86.3	86.27
86.1	86.28
86.1	86.29
86.3	86.30
86.1	86.31
86.1	86.32
86.1	86.33
86.1	86.34
86.2	86.35
86.1	86.36
86.1	86.37
86.1	86.38
86.1	86.39
86.3	86.40
86.1	86.41
86.1	86.42
86.1	86.43
86.1	86.44
86.1	86.45
86.1	86.46
86.1	86.47
86.3	86.48
86.1	86.49
86.3	86.50
86.1	86.51
86.1	86.52
86.1	86.53
86.1	86.54
86.1	86.55
86.1	86.56
86.1	86.57
86.1	86.58
86.1	86.59
86.1	86.60
86.1	86.61
86.1	86.62
86.1	86.63
86.1	86.64
87.13	87.1
87.16	87.2
87.16	87.3
87.17	87.4
87.12	87.5
87.18	87.6
87.4	87.7
87.16	87.8
87.6	87.9
87.18	87.10
87.13	87.11
87.4	87.12
87.16	87.13
87.10	87.14
87.7	87.15
87.19	87.16
87.18	87.17
87.15	87.18
87.19	87.19
87.7	87.20
87.15	87.21
87.18	87.22
87.16	87.23
87.19	87.24
87.12	87.25
87.5	87.26
87.16	87.27
87.15	87.28
87.3	87.29
87.9	87.30
87.12	87.31
87.7	87.32
87.14	87.33
87.19	87.34
87.2	87.35
87.19	87.36
87.9	87.37
87.9	87.38
87.9	87.39
87.15	87.40
87.18	87.41
87.16	87.42
87.12	87.43
87.1	87.44
87.8	87.45
87.1	87.46
87.1	87.47
87.15	87.48
87.13	87.49
87.11	87.50
87.1	87.51
87.9	87.52
87.4	87.53
87.12	87.54
87.18	87.55
87.8	87.56
87.12	87.57
87.12	87.58
87.7	87.59
87.9	87.60
87.12	87.61
87.10	87.62
87.16	87.63
87.8	87.64
88.5	88.1
88.4	88.2
88.1	88.3
88.1	88.4
88.5	88.5
88.5	88.6
88.5	88.7
88.5	88.8
88.1	88.9
88.6	88.10
88.5	88.11
88.6	88.12
88.5	88.13
88.4	88.14
88.5	88.15
88.1	88.16
88.1	88.17
88.5	88.18
88.4	88.19
88.4	88.20
88.4	88.21
88.3	88.22
88.1	88.23
88.1	88.24
88.1	88.25
88.1	88.26
88.5	88.27
88.4	88.28
88.6	88.29
88.1	88.30
88.3	88.31
88.7	88.32
88.1	88.33
88.1	88.34
88.4	88.35
88.5	88.36
88.5	88.37
88.1	88.38
88.3	88.39
88.5	88.40
88.1	88.41
88.5	88.42
88.4	88.43
88.7	88.44
88.1	88.45
88.5	88.46
88.5	88.47
88.2	88.48
88.1	88.49
88.5	88.50
88.5	88.51
88.5	88.52
88.1	88.53
88.1	88.54
88.4	88.55
88.4	88.56
88.4	88.57
88.1	88.58
88.5	88.59
88.3	88.60
88.5	88.61
88.1	88.62
88.5	88.63
88.5	88.64
89.4	89.1
89.4	89.2
89.4	89.3
89.4	89.4
89.4	89.5
89.4	89.6
89.4	89.7
89.4	89.8
89.1	89.9
89.1	89.10
89.4	89.11
89.4	89.12
89.4	89.13
89.4	89.14
89.4	89.15
89.4	89.16
89.4	89.17
89.4	89.18
89.4	89.19
89.4	89.20
89.1	89.21
89.4	89.22
89.2	89.23
89.4	89.24
89.4	89.25
89.4	89.26
89.1	89.27
89.4	89.28
89.4	89.29
89.4	89.30
89.1	89.31
89.4	89.32
89.4	89.33
89.3	89.34
89.4	89.35
89.4	89.36
89.1	89.37
89.4	89.38
89.4	89.39
89.4	89.40
89.4	89.41
89.4	89.42
89.1	89.43
89.4	89.44
89.1	89.45
89.4	89.46
89.4	89.47
89.4	89.48
89.4	89.49
89.4	89.50
89.1	89.51
89.4	89.52
89.4	89.53
89.4	89.54
89.4	89.55
89.1	89.56
89.4	89.57
89.1	89.58
89.1	89.59
89.4	89.60
89.4	89.61
89.1	89.62
89.4	89.63
89.4	89.64
90.1	90.1
90.1	90.2
90.1	90.3
90.1	90.4
90.1	90.5
90.1	90.6
90.1	90.7
90.1	90.8
90.1	90.9
90.1	90.10
90.1	90.11
90.1	90.12
90.1	90.13
90.1	90.14
90.1	90.15
90.1	90.16
90.1	90.17
90.1	90.18
90.1	90.19
90.1	90.20
90.1	90.21
90.1	90.22
90.1	90.23
90.1	90.24
90.4	90.25
90.3	90.26
90.1	90.27
90.1	90.28
90.1	90.29
90.1	90.30
90.1	90.31
90.1	90.32
90.1	90.33
90.4	90.34
90.1	90.35
90.1	90.36
90.1	90.37
90.5	90.38
90.1	90.39
90.1	90.40
90.1	90.41
90.1	90.42
90.3	90.43
90.3	90.44
90.1	90.45
90.1	90.46
90.1	90.47
90.1	90.48
90.1	90.49
90.3	90.50
90.1	90.51
90.5	90.52
90.1	90.53
90.1	90.54
90.1	90.55
90.1	90.56
90.1	90.57
90.1	90.58
90.1	90.59
90.1	90.60
90.3	90.61
90.1	90.62
90.1	90.63
90.2	90.64
91.4	91.1
91.4	91.2
91.1	91.3
91.4	91.4
91.4	91.5
91.4	91.6
91.4	91.7
91.4	91.8
91.4	91.9
91.4	91.10
91.4	91.11
91.4	91.12
91.4	91.13
91.4	91.14
91.4	91.15
91.4	91.16
91.4	91.17
91.4	91.18
91.4	91.19
91.4	91.20
91.1	91.21
91.4	91.22
91.1	91.23
91.4	91.24
91.4	91.25
91.4	91.26
91.4	91.27
91.4	91.28
91.1	91.29
91.4	91.30
91.4	91.31
91.4	91.32
91.4	91.33
91.4	91.34
91.4	91.35
91.4	91.36
91.4	91.37
91.1	91.38
91.3	91.39
91.4	91.40
91.4	91.41
91.2	91.42
91.1	91.43
91.1	91.44
91.4	91.45
91.1	91.46
91.4	91.47
91.4	91.48
91.4	91.49
91.1	91.50
91.4	91.51
91.4	91.52
91.4	91.53
91.4	91.54
91.4	91.55
91.4	91.56
91.4	91.57
91.4	91.58
91.4	91.59
91.1	91.60
91.4	91.61
91.4	91.62
91.4	91.63
91.4	91.64
92.1	92.1
92.1	92.2
92.4	92.3
92.1	92.4
92.1	92.5
92.1	92.6
92.4	92.7
92.1	92.8
92.4	92.9
92.4	92.10
92.1	92.11
92.1	92.12
92.1	92.13
92.4	92.14
92.1	92.15
92.1	92.16
92.1	92.17
92.1	92.18
92.1	92.19
92.1	92.20
92.1	92.21
92.1	92.22
92.3	92.23
92.1	92.24
92.1	92.25
92.1	92.26
92.1	92.27
92.4	92.28
92.1	92.29
92.1	92.30
92.4	92.31
92.4	92.32
92.1	92.33
92.4	92.34
92.1	92.35
92.4	92.36
92.1	92.37
92.4	92.38
92.4	92.39
92.1	92.40
92.1	92.41
92.1	92.42
92.1	92.43
92.1	92.44
92.1	92.45
92.1	92.46
92.1	92.47
92.1	92.48
92.1	92.49
92.1	92.50
92.2	92.51
92.1	92.52
92.1	92.53
92.4	92.54
92.1	92.55
92.4	92.56
92.4	92.57
92.1	92.58
92.1	92.59
92.1	92.60
92.1	92.61
92.1	92.62
92.1	92.63
92.1	92.64
93.1	93.1
93.1	93.2
93.1	93.3
93.1	93.4
93.1	93.5
93.1	93.6
93.1	93.7
93.1	93.8
93.1	93.9
93.1	93.10
93.1	93.11
93.1	93.12
93.1	93.13
93.1	93.14
93.1	93.15
93.1	93.16
93.1	93.17
93.1	93.18
93.1	93.19
93.1	93.20
93.1	93.21
93.1	93.22
93.1	93.23
93.1	93.24
93.1	93.25
93.1	93.26
93.1	93.27
93.1	93.28
93.1	93.29
93.1	93.30
93.1	93.31
93.1	93.32
93.3	93.33
93.1	93.34
93.1	93.35
93.1	93.36
93.1	93.37
93.1	93.38
93.1	93.39
93.1	93.40
93.1	93.41
93.1	93.42
93.1	93.43
93.2	93.44
93.1	93.45
93.1	93.46
93.1	93.47
93.1	93.48
93.1	93.49
93.1	93.50
93.1	93.51
93.1	93.52
93.1	93.53
93.5	93.54
93.1	93.55
93.1	93.56
93.1	93.57
93.4	93.58
93.3	93.59
93.1	93.60
93.1	93.61
93.1	93.62
93.1	93.63
93.1	93.64
94.1	94.1
94.1	94.2
94.1	94.3
94.1	94.4
94.1	94.5
94.1	94.6
94.1	94.7
94.1	94.8
94.1	94.9
94.1	94.10
94.1	94.11
94.1	94.12
94.1	94.13
94.1	94.14
94.1	94.15
94.1	94.16
94.1	94.17
94.1	94.18
94.1	94.19
94.1	94.20
94.1	94.21
94.1	94.22
94.1	94.23
94.1	94.24
94.1	94.25
94.1	94.26
94.1	94.27
94.1	94.28
94.1	94.29
94.1	94.30
94.1	94.31
94.1	94.32
94.1	94.33
94.1	94.34
94.1	94.35
94.2	94.36
94.1	94.37
94.2	94.38
94.1	94.39
94.1	94.40
94.1	94.41
94.1	94.42
94.2	94.43
94.1	94.44
94.1	94.45
94.1	94.46
94.1	94.47
94.1	94.48
94.1	94.49
94.1	94.50
94.1	94.51
94.1	94.52
94.1	94.53
94.1	94.54
94.1	94.55
94.1	94.56
94.1	94.57
94.1	94.58
94.1	94.59
94.1	94.60
94.1	94.61
94.1	94.62
94.1	94.63
94.1	94.64
95.1	95.1
95.7	95.2
95.7	95.3
95.10	95.4
95.6	95.5
95.2	95.6
95.7	95.7
95.8	95.8
95.3	95.9
95.7	95.10
95.7	95.11
95.1	95.12
95.4	95.13
95.7	95.14
95.4	95.15
95.6	95.16
95.7	95.17
95.7	95.18
95.1	95.19
95.7	95.20
95.7	95.21
95.1	95.22
95.1	95.23
95.1	95.24
95.1	95.25
95.6	95.26
95.7	95.27
95.1	95.28
95.7	95.29
95.6	95.30
95.1	95.31
95.1	95.32
95.7	95.33
95.1	95.34
95.1	95.35
95.4	95.36
95.1	95.37
95.7	95.38
95.8	95.39
95.8	95.40
95.6	95.41
95.7	95.42
95.1	95.43
95.1	95.44
95.7	95.45
95.1	95.46
95.7	95.47
95.6	95.48
95.7	95.49
95.1	95.50
95.1	95.51
95.1	95.52
95.1	95.53
95.1	95.54
95.8	95.55
95.5	95.56
95.7	95.57
95.6	95.58
95.7	95.59
95.1	95.60
95.1	95.61
95.7	95.62
95.9	95.63
95.7	95.64
96.1	96.1
96.1	96.2
96.1	96.3
96.1	96.4
96.3	96.5
96.1	96.6
96.1	96.7
96.1	96.8
96.1	96.9
96.5	96.10
96.1	96.11
96.1	96.12
96.5	96.13
96.1	96.14
96.4	96.15
96.1	96.16
96.1	96.17
96.1	96.18
96.1	96.19
96.6	96.20
96.1	96.21
96.1	96.22
96.1	96.23
96.1	96.24
96.1	96.25
96.1	96.26
96.1	96.27
96.1	96.28
96.1	96.29
96.1	96.30
96.1	96.31
96.1	96.32
96.3	96.33
96.1	96.34
96.1	96.35
96.1	96.36
96.4	96.37
96.1	96.38
96.1	96.39
96.1	96.40
96.1	96.41
96.1	96.42
96.1	96.43
96.1	96.44
96.1	96.45
96.1	96.46
96.1	96.47
96.1	96.48
96.1	96.49
96.1	96.50
96.1	96.51
96.1	96.52
96.1	96.53
96.2	96.54
96.1	96.55
96.1	96.56
96.1	96.57
96.5	96.58
96.1	96.59
96.4	96.60
96.1	96.61
96.1	96.62
96.5	96.63
96.1	96.64
97.1	97.1
97.5	97.2
97.1	97.3
97.1	97.4
97.5	97.5
97.3	97.6
97.3	97.7
97.5	97.8
97.5	97.9
97.5	97.10
97.1	97.11
97.1	97.12
97.5	97.13
97.1	97.14
97.5	97.15
97.1	97.16
97.5	97.17
97.1	97.18
97.4	97.19
97.5	97.20
97.5	97.21
97.5	97.22
97.5	97.23
97.5	97.24
97.4	97.25
97.4	97.26
97.5	97.27
97.1	97.28
97.5	97.29
97.3	97.30
97.1	97.31
97.5	97.32
97.5	97.33
97.5	97.34
97.3	97.35
97.1	97.36
97.5	97.37
97.5	97.38
97.1	97.39
97.5	97.40
97.2	97.41
97.5	97.42
97.4	97.43
97.5	97.44
97.5	97.45
97.1	97.46
97.3	97.47
97.1	97.48
97.3	97.49
97.1	97.50
97.1	97.51
97.5	97.52
97.1	97.53
97.5	97.54
97.1	97.55
97.1	97.56
97.5	97.57
97.3	97.58
97.1	97.59
97.5	97.60
97.5	97.61
97.1	97.62
97.5	97.63
97.5	97.64
98.15	98.1
98.15	98.2
98.1	98.3
98.15	98.4
98.15	98.5
98.15	98.6
98.12	98.7
98.15	98.8
98.1	98.9
98.15	98.10
98.15	98.11
98.12	98.12
98.9	98.13
98.1	98.14
98.7	98.15
98.15	98.16
98.12	98.17
98.1	98.18
98.15	98.19
98.6	98.20
98.16	98.21
98.9	98.22
98.1	98.23
98.1	98.24
98.15	98.25
98.15	98.26
98.1	98.27
98.4	98.28
98.16	98.29
98.15	98.30
98.13	98.31
98.10	98.32
98.15	98.33
98.15	98.34
98.9	98.35
98.15	98.36
98.14	98.37
98.1	98.38
98.11	98.39
98.1	98.40
98.8	98.41
98.4	98.42
98.1	98.43
98.1	98.44
98.12	98.45
98.9	98.46
98.15	98.47
98.1	98.48
98.1	98.49
98.16	98.50
98.15	98.51
98.12	98.52
98.12	98.53
98.2	98.54
98.9	98.55
98.1	98.56
98.15	98.57
98.5	98.58
98.1	98.59
98.12	98.60
98.3	98.61
98.15	98.62
98.1	98.63
98.1	98.64
99.1	99.1
99.1	99.2
99.4	99.3
99.4	99.4
99.1	99.5
99.1	99.6
99.4	99.7
99.1	99.8
99.1	99.9
99.1	99.10
99.1	99.11
99.1	99.12
99.4	99.13
99.1	99.14
99.4	99.15
99.1	99.16
99.3	99.17
99.1	99.18
99.1	99.19
99.1	99.20
99.4	99.21
99.1	99.22
99.1	99.23
99.2	99.24
99.1	99.25
99.4	99.26
99.4	99.27
99.4	99.28
99.1	99.29
99.1	99.30
99.1	99.31
99.1	99.32
99.1	99.33
99.1	99.34
99.3	99.35
99.1	99.36
99.4	99.37
99.1	99.38
99.1	99.39
99.1	99.40
99.1	99.41
99.1	99.42
99.1	99.43
99.1	99.44
99.1	99.45
99.3	99.46
99.4	99.47
99.1	99.48
99.1	99.49
99.1	99.50
99.1	99.51
99.4	99.52
99.1	99.53
99.1	99.54
99.1	99.55
99.4	99.56
99.1	99.57
99.4	99.58
99.1	99.59
99.1	99.60
99.1	99.61
99.1	99.62
99.4	99.63
99.1	99.64
100.8	100.1
100.9	100.2
100.1	100.3
100.3	100.4
100.8	100.5
100.6	100.6
100.6	100.7
100.1	100.8
100.6	100.9
100.8	100.10
100.1	100.11
100.8	100.12
100.6	100.13
100.9	100.14
100.6	100.15
100.1	100.16
100.8	100.17
100.8	100.18
100.1	100.19
100.6	100.20
100.9	100.21
100.1	100.22
100.7	100.23
100.6	100.24
100.1	100.25
100.6	100.26
100.8	100.27
100.8	100.28
100.6	100.29
100.1	100.30
100.7	100.31
100.8	100.32
100.6	100.33
100.5	100.34
100.5	100.35
100.1	100.36
100.6	100.37
100.6	100.38
100.1	100.39
100.1	100.40
100.1	100.41
100.1	100.42
100.1	100.43
100.6	100.44
100.6	100.45
100.8	100.46
100.1	100.47
100.1	100.48
100.6	100.49
100.1	100.50
100.7	100.51
100.1	100.52
100.10	100.53
100.8	100.54
100.2	100.55
100.8	100.56
100.5	100.57
100.1	100.58
100.4	100.59
100.8	100.60
100.8	100.61
100.1	100.62
100.6	100.63
100.9	100.64