subTopicID	resultID
1.3	1.1
1.7	1.2
1.3	1.3
1.7	1.4
1.1	1.5
1.3	1.6
1.7	1.7
1.3	1.8
1.7	1.9
1.3	1.10
1.3	1.11
1.7	1.12
1.7	1.13
1.7	1.14
1.7	1.15
1.7	1.16
1.7	1.17
1.3	1.18
1.3	1.19
1.8	1.20
1.7	1.21
1.1	1.22
1.7	1.23
1.3	1.24
1.3	1.25
1.3	1.26
1.3	1.27
1.7	1.28
1.3	1.29
1.8	1.30
1.7	1.31
1.7	1.32
1.3	1.33
1.3	1.34
1.3	1.35
1.3	1.36
1.1	1.37
1.7	1.38
1.4	1.39
1.3	1.40
1.3	1.41
1.7	1.42
1.3	1.43
1.7	1.44
1.3	1.45
1.3	1.46
1.3	1.47
1.1	1.48
1.6	1.49
1.6	1.50
1.1	1.51
1.3	1.52
1.7	1.53
1.3	1.54
1.5	1.55
1.7	1.56
1.3	1.57
1.3	1.58
1.1	1.59
1.3	1.60
1.2	1.61
1.3	1.62
1.7	1.63
1.3	1.64
2.8	2.1
2.10	2.2
2.10	2.3
2.8	2.4
2.1	2.5
2.10	2.6
2.8	2.7
2.8	2.8
2.8	2.9
2.10	2.10
2.8	2.11
2.9	2.12
2.8	2.13
2.8	2.14
2.8	2.15
2.8	2.16
2.1	2.17
2.8	2.18
2.8	2.19
2.8	2.20
2.1	2.21
2.3	2.22
2.4	2.23
2.8	2.24
2.10	2.25
2.8	2.26
2.10	2.27
2.7	2.28
2.1	2.29
2.8	2.30
2.8	2.31
2.10	2.32
2.8	2.33
2.10	2.34
2.10	2.35
2.7	2.36
2.10	2.37
2.7	2.38
2.1	2.39
2.2	2.40
2.10	2.41
2.6	2.42
2.8	2.43
2.10	2.44
2.8	2.45
2.6	2.46
2.10	2.47
2.5	2.48
2.10	2.49
2.1	2.50
2.8	2.51
2.10	2.52
2.7	2.53
2.10	2.54
2.10	2.55
2.10	2.56
2.1	2.57
2.7	2.58
2.10	2.59
2.7	2.60
2.10	2.61
2.1	2.62
2.7	2.63
2.1	2.64
3.1	3.1
3.1	3.2
3.1	3.3
3.9	3.4
3.1	3.5
3.1	3.6
3.9	3.7
3.1	3.8
3.1	3.9
3.1	3.10
3.1	3.11
3.1	3.12
3.1	3.13
3.9	3.14
3.1	3.15
3.9	3.16
3.9	3.17
3.1	3.18
3.9	3.19
3.9	3.20
3.1	3.21
3.1	3.22
3.5	3.23
3.9	3.24
3.1	3.25
3.1	3.26
3.7	3.27
3.1	3.28
3.9	3.29
3.9	3.30
3.1	3.31
3.9	3.32
3.1	3.33
3.1	3.34
3.1	3.35
3.1	3.36
3.1	3.37
3.8	3.38
3.3	3.39
3.9	3.40
3.1	3.41
3.1	3.42
3.1	3.43
3.9	3.44
3.1	3.45
3.1	3.46
3.6	3.47
3.1	3.48
3.1	3.49
3.1	3.50
3.4	3.51
3.1	3.52
3.1	3.53
3.1	3.54
3.1	3.55
3.9	3.56
3.9	3.57
3.2	3.58
3.1	3.59
3.9	3.60
3.1	3.61
3.1	3.62
3.1	3.63
3.1	3.64
4.1	4.1
4.5	4.2
4.8	4.3
4.8	4.4
4.8	4.5
4.6	4.6
4.8	4.7
4.8	4.8
4.1	4.9
4.6	4.10
4.1	4.11
4.8	4.12
4.8	4.13
4.8	4.14
4.8	4.15
4.8	4.16
4.1	4.17
4.1	4.18
4.1	4.19
4.8	4.20
4.8	4.21
4.1	4.22
4.3	4.23
4.1	4.24
4.6	4.25
4.8	4.26
4.6	4.27
4.8	4.28
4.8	4.29
4.8	4.30
4.6	4.31
4.1	4.32
4.8	4.33
4.1	4.34
4.1	4.35
4.1	4.36
4.6	4.37
4.8	4.38
4.8	4.39
4.1	4.40
4.1	4.41
4.8	4.42
4.8	4.43
4.6	4.44
4.8	4.45
4.2	4.46
4.8	4.47
4.8	4.48
4.4	4.49
4.1	4.50
4.1	4.51
4.8	4.52
4.8	4.53
4.1	4.54
4.7	4.55
4.1	4.56
4.4	4.57
4.1	4.58
4.4	4.59
4.8	4.60
4.1	4.61
4.8	4.62
4.1	4.63
4.6	4.64
5.1	5.1
5.1	5.2
5.1	5.3
5.1	5.4
5.5	5.5
5.1	5.6
5.9	5.7
5.1	5.8
5.1	5.9
5.1	5.10
5.1	5.11
5.8	5.12
5.8	5.13
5.8	5.14
5.9	5.15
5.1	5.16
5.9	5.17
5.1	5.18
5.7	5.19
5.1	5.20
5.1	5.21
5.8	5.22
5.9	5.23
5.8	5.24
5.4	5.25
5.7	5.26
5.1	5.27
5.8	5.28
5.1	5.29
5.8	5.30
5.1	5.31
5.8	5.32
5.6	5.33
5.1	5.34
5.8	5.35
5.8	5.36
5.1	5.37
5.2	5.38
5.1	5.39
5.1	5.40
5.1	5.41
5.1	5.42
5.1	5.43
5.3	5.44
5.1	5.45
5.1	5.46
5.7	5.47
5.9	5.48
5.1	5.49
5.9	5.50
5.1	5.51
5.1	5.52
5.9	5.53
5.4	5.54
5.9	5.55
5.1	5.56
5.1	5.57
5.1	5.58
5.1	5.59
5.8	5.60
5.8	5.61
5.1	5.62
5.9	5.63
5.1	5.64
6.6	6.1
6.2	6.2
6.6	6.3
6.8	6.4
6.4	6.5
6.2	6.6
6.6	6.7
6.6	6.8
6.6	6.9
6.9	6.10
6.6	6.11
6.2	6.12
6.2	6.13
6.6	6.14
6.2	6.15
6.6	6.16
6.6	6.17
6.2	6.18
6.9	6.19
6.1	6.20
6.5	6.21
6.2	6.22
6.2	6.23
6.5	6.24
6.6	6.25
6.6	6.26
6.6	6.27
6.6	6.28
6.6	6.29
6.2	6.30
6.3	6.31
6.6	6.32
6.9	6.33
6.6	6.34
6.9	6.35
6.6	6.36
6.7	6.37
6.6	6.38
6.9	6.39
6.6	6.40
6.2	6.41
6.6	6.42
6.2	6.43
6.2	6.44
6.2	6.45
6.2	6.46
6.6	6.47
6.6	6.48
6.6	6.49
6.6	6.50
6.6	6.51
6.9	6.52
6.2	6.53
6.6	6.54
6.8	6.55
6.2	6.56
6.9	6.57
6.6	6.58
6.9	6.59
6.9	6.60
6.6	6.61
6.6	6.62
6.9	6.63
6.2	6.64
7.1	7.1
7.1	7.2
7.1	7.3
7.1	7.4
7.5	7.5
7.5	7.6
7.1	7.7
7.1	7.8
7.5	7.9
7.5	7.10
7.5	7.11
7.1	7.12
7.1	7.13
7.5	7.14
7.1	7.15
7.1	7.16
7.1	7.17
7.1	7.18
7.5	7.19
7.1	7.20
7.1	7.21
7.5	7.22
7.1	7.23
7.1	7.24
7.1	7.25
7.1	7.26
7.1	7.27
7.1	7.28
7.5	7.29
7.1	7.30
7.5	7.31
7.5	7.32
7.5	7.33
7.3	7.34
7.1	7.35
7.2	7.36
7.1	7.37
7.5	7.38
7.5	7.39
7.1	7.40
7.1	7.41
7.5	7.42
7.1	7.43
7.1	7.44
7.5	7.45
7.5	7.46
7.5	7.47
7.5	7.48
7.3	7.49
7.1	7.50
7.3	7.51
7.1	7.52
7.1	7.53
7.1	7.54
7.1	7.55
7.5	7.56
7.1	7.57
7.1	7.58
7.4	7.59
7.1	7.60
7.3	7.61
7.5	7.62
7.5	7.63
7.5	7.64
8.1	8.1
8.1	8.2
8.1	8.3
8.5	8.4
8.4	8.5
8.4	8.6
8.5	8.7
8.4	8.8
8.4	8.9
8.5	8.10
8.4	8.11
8.5	8.12
8.4	8.13
8.4	8.14
8.1	8.15
8.4	8.16
8.3	8.17
8.5	8.18
8.4	8.19
8.4	8.20
8.2	8.21
8.5	8.22
8.4	8.23
8.4	8.24
8.1	8.25
8.1	8.26
8.1	8.27
8.5	8.28
8.5	8.29
8.1	8.30
8.5	8.31
8.5	8.32
8.4	8.33
8.1	8.34
8.4	8.35
8.1	8.36
8.1	8.37
8.1	8.38
8.1	8.39
8.5	8.40
8.1	8.41
8.1	8.42
8.5	8.43
8.4	8.44
8.5	8.45
8.4	8.46
8.4	8.47
8.1	8.48
8.1	8.49
8.1	8.50
8.1	8.51
8.5	8.52
8.1	8.53
8.1	8.54
8.1	8.55
8.5	8.56
8.4	8.57
8.5	8.58
8.5	8.59
8.1	8.60
8.5	8.61
8.1	8.62
8.4	8.63
8.4	8.64
9.5	9.1
9.6	9.2
9.11	9.3
9.11	9.4
9.1	9.5
9.6	9.6
9.6	9.7
9.7	9.8
9.6	9.9
9.1	9.10
9.6	9.11
9.6	9.12
9.1	9.13
9.7	9.14
9.1	9.15
9.11	9.16
9.10	9.17
9.11	9.18
9.11	9.19
9.11	9.20
9.11	9.21
9.6	9.22
9.5	9.23
9.6	9.24
9.5	9.25
9.2	9.26
9.7	9.27
9.7	9.28
9.11	9.29
9.6	9.30
9.11	9.31
9.1	9.32
9.9	9.33
9.11	9.34
9.6	9.35
9.6	9.36
9.7	9.37
9.3	9.38
9.4	9.39
9.8	9.40
9.11	9.41
9.9	9.42
9.5	9.43
9.4	9.44
9.5	9.45
9.8	9.46
9.1	9.47
9.6	9.48
9.7	9.49
9.11	9.50
9.6	9.51
9.11	9.52
9.6	9.53
9.6	9.54
9.7	9.55
9.1	9.56
9.11	9.57
9.7	9.58
9.11	9.59
9.1	9.60
9.6	9.61
9.7	9.62
9.6	9.63
9.1	9.64
10.8	10.1
10.8	10.2
10.1	10.3
10.1	10.4
10.8	10.5
10.8	10.6
10.8	10.7
10.5	10.8
10.1	10.9
10.8	10.10
10.8	10.11
10.1	10.12
10.9	10.13
10.8	10.14
10.8	10.15
10.8	10.16
10.8	10.17
10.8	10.18
10.8	10.19
10.8	10.20
10.7	10.21
10.8	10.22
10.5	10.23
10.8	10.24
10.5	10.25
10.1	10.26
10.5	10.27
10.1	10.28
10.8	10.29
10.1	10.30
10.7	10.31
10.5	10.32
10.3	10.33
10.4	10.34
10.8	10.35
10.5	10.36
10.8	10.37
10.8	10.38
10.1	10.39
10.1	10.40
10.1	10.41
10.2	10.42
10.2	10.43
10.8	10.44
10.1	10.45
10.8	10.46
10.1	10.47
10.7	10.48
10.1	10.49
10.1	10.50
10.1	10.51
10.8	10.52
10.5	10.53
10.8	10.54
10.5	10.55
10.1	10.56
10.1	10.57
10.1	10.58
10.1	10.59
10.4	10.60
10.1	10.61
10.6	10.62
10.8	10.63
10.2	10.64
11.7	11.1
11.3	11.2
11.7	11.3
11.7	11.4
11.1	11.5
11.1	11.6
11.7	11.7
11.1	11.8
11.1	11.9
11.7	11.10
11.1	11.11
11.7	11.12
11.7	11.13
11.7	11.14
11.5	11.15
11.7	11.16
11.4	11.17
11.5	11.18
11.1	11.19
11.7	11.20
11.4	11.21
11.6	11.22
11.1	11.23
11.5	11.24
11.7	11.25
11.7	11.26
11.5	11.27
11.7	11.28
11.7	11.29
11.7	11.30
11.1	11.31
11.7	11.32
11.7	11.33
11.1	11.34
11.1	11.35
11.1	11.36
11.7	11.37
11.7	11.38
11.1	11.39
11.5	11.40
11.1	11.41
11.7	11.42
11.1	11.43
11.1	11.44
11.1	11.45
11.1	11.46
11.1	11.47
11.4	11.48
11.1	11.49
11.7	11.50
11.7	11.51
11.7	11.52
11.7	11.53
11.7	11.54
11.7	11.55
11.5	11.56
11.1	11.57
11.5	11.58
11.2	11.59
11.7	11.60
11.1	11.61
11.1	11.62
11.1	11.63
11.7	11.64
12.5	12.1
12.4	12.2
12.7	12.3
12.2	12.4
12.12	12.5
12.5	12.6
12.9	12.7
12.5	12.8
12.12	12.9
12.6	12.10
12.5	12.11
12.5	12.12
12.5	12.13
12.5	12.14
12.11	12.15
12.5	12.16
12.5	12.17
12.1	12.18
12.5	12.19
12.12	12.20
12.1	12.21
12.5	12.22
12.10	12.23
12.5	12.24
12.5	12.25
12.1	12.26
12.9	12.27
12.12	12.28
12.5	12.29
12.12	12.30
12.12	12.31
12.12	12.32
12.12	12.33
12.5	12.34
12.3	12.35
12.5	12.36
12.12	12.37
12.5	12.38
12.11	12.39
12.5	12.40
12.12	12.41
12.1	12.42
12.12	12.43
12.1	12.44
12.12	12.45
12.5	12.46
12.5	12.47
12.5	12.48
12.1	12.49
12.12	12.50
12.12	12.51
12.12	12.52
12.12	12.53
12.5	12.54
12.13	12.55
12.12	12.56
12.8	12.57
12.5	12.58
12.1	12.59
12.5	12.60
12.5	12.61
12.5	12.62
12.1	12.63
12.12	12.64
13.1	13.1
13.1	13.2
13.1	13.3
13.7	13.4
13.1	13.5
13.1	13.6
13.2	13.7
13.4	13.8
13.5	13.9
13.4	13.10
13.4	13.11
13.1	13.12
13.7	13.13
13.4	13.14
13.4	13.15
13.1	13.16
13.4	13.17
13.4	13.18
13.4	13.19
13.1	13.20
13.1	13.21
13.4	13.22
13.1	13.23
13.4	13.24
13.1	13.25
13.4	13.26
13.1	13.27
13.1	13.28
13.1	13.29
13.4	13.30
13.4	13.31
13.7	13.32
13.7	13.33
13.1	13.34
13.7	13.35
13.4	13.36
13.4	13.37
13.6	13.38
13.1	13.39
13.1	13.40
13.4	13.41
13.8	13.42
13.7	13.43
13.7	13.44
13.1	13.45
13.4	13.46
13.7	13.47
13.4	13.48
13.4	13.49
13.8	13.50
13.1	13.51
13.9	13.52
13.7	13.53
13.1	13.54
13.4	13.55
13.7	13.56
13.7	13.57
13.3	13.58
13.4	13.59
13.7	13.60
13.4	13.61
13.1	13.62
13.1	13.63
13.1	13.64
14.6	14.1
14.6	14.2
14.6	14.3
14.6	14.4
14.5	14.5
14.5	14.6
14.1	14.7
14.5	14.8
14.5	14.9
14.5	14.10
14.6	14.11
14.2	14.12
14.5	14.13
14.6	14.14
14.5	14.15
14.6	14.16
14.3	14.17
14.5	14.18
14.4	14.19
14.6	14.20
14.5	14.21
14.3	14.22
14.3	14.23
14.5	14.24
14.3	14.25
14.5	14.26
14.6	14.27
14.3	14.28
14.3	14.29
14.5	14.30
14.6	14.31
14.5	14.32
14.5	14.33
14.3	14.34
14.6	14.35
14.5	14.36
14.6	14.37
14.6	14.38
14.6	14.39
14.6	14.40
14.5	14.41
14.6	14.42
14.5	14.43
14.5	14.44
14.5	14.45
14.3	14.46
14.5	14.47
14.5	14.48
14.3	14.49
14.6	14.50
14.3	14.51
14.6	14.52
14.6	14.53
14.6	14.54
14.6	14.55
14.6	14.56
14.6	14.57
14.6	14.58
14.3	14.59
14.6	14.60
14.6	14.61
14.5	14.62
14.6	14.63
14.6	14.64
15.10	15.1
15.1	15.2
15.9	15.3
15.1	15.4
15.13	15.5
15.14	15.6
15.13	15.7
15.1	15.8
15.13	15.9
15.13	15.10
15.11	15.11
15.13	15.12
15.8	15.13
15.1	15.14
15.1	15.15
15.13	15.16
15.10	15.17
15.13	15.18
15.13	15.19
15.13	15.20
15.13	15.21
15.1	15.22
15.1	15.23
15.10	15.24
15.13	15.25
15.1	15.26
15.13	15.27
15.10	15.28
15.1	15.29
15.1	15.30
15.1	15.31
15.14	15.32
15.1	15.33
15.14	15.34
15.13	15.35
15.1	15.36
15.6	15.37
15.13	15.38
15.14	15.39
15.1	15.40
15.11	15.41
15.1	15.42
15.1	15.43
15.6	15.44
15.1	15.45
15.8	15.46
15.10	15.47
15.4	15.48
15.1	15.49
15.9	15.50
15.8	15.51
15.8	15.52
15.5	15.53
15.2	15.54
15.13	15.55
15.12	15.56
15.10	15.57
15.7	15.58
15.7	15.59
15.12	15.60
15.3	15.61
15.7	15.62
15.7	15.63
15.14	15.64
16.1	16.1
16.9	16.2
16.1	16.3
16.6	16.4
16.6	16.5
16.6	16.6
16.6	16.7
16.10	16.8
16.6	16.9
16.1	16.10
16.1	16.11
16.10	16.12
16.1	16.13
16.6	16.14
16.1	16.15
16.1	16.16
16.1	16.17
16.1	16.18
16.1	16.19
16.6	16.20
16.6	16.21
16.2	16.22
16.10	16.23
16.1	16.24
16.1	16.25
16.1	16.26
16.6	16.27
16.6	16.28
16.7	16.29
16.6	16.30
16.6	16.31
16.1	16.32
16.6	16.33
16.1	16.34
16.8	16.35
16.6	16.36
16.6	16.37
16.1	16.38
16.6	16.39
16.6	16.40
16.6	16.41
16.7	16.42
16.1	16.43
16.6	16.44
16.10	16.45
16.10	16.46
16.6	16.47
16.4	16.48
16.5	16.49
16.5	16.50
16.6	16.51
16.1	16.52
16.6	16.53
16.1	16.54
16.6	16.55
16.3	16.56
16.6	16.57
16.6	16.58
16.10	16.59
16.6	16.60
16.6	16.61
16.10	16.62
16.1	16.63
16.6	16.64
17.9	17.1
17.9	17.2
17.9	17.3
17.9	17.4
17.8	17.5
17.5	17.6
17.9	17.7
17.8	17.8
17.9	17.9
17.10	17.10
17.1	17.11
17.7	17.12
17.1	17.13
17.10	17.14
17.8	17.15
17.9	17.16
17.8	17.17
17.9	17.18
17.9	17.19
17.9	17.20
17.6	17.21
17.4	17.22
17.8	17.23
17.9	17.24
17.8	17.25
17.9	17.26
17.9	17.27
17.7	17.28
17.9	17.29
17.8	17.30
17.6	17.31
17.7	17.32
17.9	17.33
17.9	17.34
17.7	17.35
17.6	17.36
17.9	17.37
17.3	17.38
17.8	17.39
17.7	17.40
17.9	17.41
17.9	17.42
17.9	17.43
17.1	17.44
17.9	17.45
17.9	17.46
17.4	17.47
17.9	17.48
17.7	17.49
17.7	17.50
17.6	17.51
17.7	17.52
17.9	17.53
17.9	17.54
17.8	17.55
17.2	17.56
17.7	17.57
17.1	17.58
17.9	17.59
17.8	17.60
17.8	17.61
17.7	17.62
17.8	17.63
17.8	17.64
18.5	18.1
18.7	18.2
18.10	18.3
18.1	18.4
18.10	18.5
18.1	18.6
18.10	18.7
18.1	18.8
18.1	18.9
18.8	18.10
18.1	18.11
18.10	18.12
18.10	18.13
18.1	18.14
18.8	18.15
18.8	18.16
18.12	18.17
18.10	18.18
18.10	18.19
18.1	18.20
18.8	18.21
18.1	18.22
18.1	18.23
18.1	18.24
18.1	18.25
18.1	18.26
18.12	18.27
18.10	18.28
18.2	18.29
18.1	18.30
18.8	18.31
18.8	18.32
18.8	18.33
18.8	18.34
18.11	18.35
18.1	18.36
18.1	18.37
18.12	18.38
18.10	18.39
18.8	18.40
18.1	18.41
18.7	18.42
18.4	18.43
18.8	18.44
18.12	18.45
18.12	18.46
18.1	18.47
18.8	18.48
18.12	18.49
18.6	18.50
18.9	18.51
18.1	18.52
18.12	18.53
18.12	18.54
18.7	18.55
18.3	18.56
18.8	18.57
18.12	18.58
18.12	18.59
18.12	18.60
18.8	18.61
18.11	18.62
18.12	18.63
18.8	18.64
19.1	19.1
19.8	19.2
19.3	19.3
19.3	19.4
19.1	19.5
19.8	19.6
19.6	19.7
19.3	19.8
19.10	19.9
19.1	19.10
19.1	19.11
19.4	19.12
19.10	19.13
19.5	19.14
19.1	19.15
19.1	19.16
19.3	19.17
19.8	19.18
19.3	19.19
19.3	19.20
19.6	19.21
19.7	19.22
19.1	19.23
19.3	19.24
19.3	19.25
19.1	19.26
19.9	19.27
19.1	19.28
19.10	19.29
19.1	19.30
19.3	19.31
19.1	19.32
19.3	19.33
19.2	19.34
19.3	19.35
19.3	19.36
19.3	19.37
19.3	19.38
19.1	19.39
19.8	19.40
19.3	19.41
19.10	19.42
19.3	19.43
19.1	19.44
19.3	19.45
19.3	19.46
19.1	19.47
19.3	19.48
19.1	19.49
19.1	19.50
19.1	19.51
19.5	19.52
19.1	19.53
19.8	19.54
19.8	19.55
19.5	19.56
19.1	19.57
19.11	19.58
19.1	19.59
19.1	19.60
19.5	19.61
19.3	19.62
19.3	19.63
19.3	19.64
20.8	20.1
20.1	20.2
20.1	20.3
20.1	20.4
20.1	20.5
20.8	20.6
20.8	20.7
20.8	20.8
20.7	20.9
20.1	20.10
20.1	20.11
20.8	20.12
20.8	20.13
20.8	20.14
20.1	20.15
20.8	20.16
20.8	20.17
20.2	20.18
20.1	20.19
20.5	20.20
20.1	20.21
20.1	20.22
20.8	20.23
20.11	20.24
20.1	20.25
20.1	20.26
20.8	20.27
20.11	20.28
20.8	20.29
20.6	20.30
20.5	20.31
20.3	20.32
20.11	20.33
20.8	20.34
20.1	20.35
20.5	20.36
20.1	20.37
20.8	20.38
20.8	20.39
20.1	20.40
20.11	20.41
20.9	20.42
20.8	20.43
20.8	20.44
20.1	20.45
20.8	20.46
20.8	20.47
20.8	20.48
20.5	20.49
20.8	20.50
20.8	20.51
20.1	20.52
20.11	20.53
20.8	20.54
20.10	20.55
20.4	20.56
20.11	20.57
20.1	20.58
20.8	20.59
20.8	20.60
20.10	20.61
20.7	20.62
20.8	20.63
20.8	20.64
21.1	21.1
21.1	21.2
21.7	21.3
21.1	21.4
21.1	21.5
21.5	21.6
21.5	21.7
21.3	21.8
21.1	21.9
21.1	21.10
21.1	21.11
21.2	21.12
21.5	21.13
21.5	21.14
21.1	21.15
21.5	21.16
21.1	21.17
21.1	21.18
21.5	21.19
21.1	21.20
21.4	21.21
21.6	21.22
21.6	21.23
21.5	21.24
21.1	21.25
21.1	21.26
21.5	21.27
21.5	21.28
21.1	21.29
21.5	21.30
21.1	21.31
21.1	21.32
21.5	21.33
21.7	21.34
21.5	21.35
21.7	21.36
21.5	21.37
21.5	21.38
21.5	21.39
21.1	21.40
21.6	21.41
21.1	21.42
21.1	21.43
21.1	21.44
21.1	21.45
21.5	21.46
21.1	21.47
21.5	21.48
21.1	21.49
21.1	21.50
21.1	21.51
21.1	21.52
21.1	21.53
21.5	21.54
21.1	21.55
21.5	21.56
21.5	21.57
21.4	21.58
21.1	21.59
21.4	21.60
21.6	21.61
21.5	21.62
21.5	21.63
21.7	21.64
22.9	22.1
22.5	22.2
22.16	22.3
22.14	22.4
22.12	22.5
22.16	22.6
22.15	22.7
22.16	22.8
22.9	22.9
22.5	22.10
22.5	22.11
22.5	22.12
22.5	22.13
22.5	22.14
22.1	22.15
22.5	22.16
22.12	22.17
22.5	22.18
22.16	22.19
22.14	22.20
22.10	22.21
22.5	22.22
22.13	22.23
22.14	22.24
22.14	22.25
22.7	22.26
22.9	22.27
22.5	22.28
22.5	22.29
22.5	22.30
22.16	22.31
22.14	22.32
22.10	22.33
22.2	22.34
22.11	22.35
22.16	22.36
22.11	22.37
22.16	22.38
22.16	22.39
22.16	22.40
22.9	22.41
22.9	22.42
22.5	22.43
22.12	22.44
22.5	22.45
22.8	22.46
22.16	22.47
22.12	22.48
22.5	22.49
22.9	22.50
22.5	22.51
22.16	22.52
22.5	22.53
22.5	22.54
22.5	22.55
22.6	22.56
22.16	22.57
22.16	22.58
22.5	22.59
22.5	22.60
22.14	22.61
22.16	22.62
22.3	22.63
22.4	22.64
23.8	23.1
23.1	23.2
23.10	23.3
23.8	23.4
23.5	23.5
23.10	23.6
23.5	23.7
23.8	23.8
23.9	23.9
23.5	23.10
23.10	23.11
23.8	23.12
23.10	23.13
23.5	23.14
23.8	23.15
23.5	23.16
23.10	23.17
23.8	23.18
23.5	23.19
23.10	23.20
23.6	23.21
23.5	23.22
23.10	23.23
23.8	23.24
23.6	23.25
23.5	23.26
23.10	23.27
23.10	23.28
23.10	23.29
23.6	23.30
23.7	23.31
23.10	23.32
23.5	23.33
23.10	23.34
23.5	23.35
23.5	23.36
23.10	23.37
23.5	23.38
23.10	23.39
23.5	23.40
23.8	23.41
23.5	23.42
23.10	23.43
23.2	23.44
23.5	23.45
23.10	23.46
23.4	23.47
23.10	23.48
23.5	23.49
23.1	23.50
23.1	23.51
23.10	23.52
23.8	23.53
23.5	23.54
23.10	23.55
23.3	23.56
23.10	23.57
23.7	23.58
23.5	23.59
23.10	23.60
23.6	23.61
23.8	23.62
23.10	23.63
23.10	23.64
24.3	24.1
24.11	24.2
24.1	24.3
24.10	24.4
24.10	24.5
24.1	24.6
24.1	24.7
24.8	24.8
24.1	24.9
24.7	24.10
24.5	24.11
24.10	24.12
24.1	24.13
24.1	24.14
24.9	24.15
24.1	24.16
24.1	24.17
24.9	24.18
24.9	24.19
24.1	24.20
24.9	24.21
24.1	24.22
24.11	24.23
24.1	24.24
24.6	24.25
24.4	24.26
24.1	24.27
24.1	24.28
24.1	24.29
24.1	24.30
24.4	24.31
24.1	24.32
24.9	24.33
24.1	24.34
24.10	24.35
24.10	24.36
24.1	24.37
24.9	24.38
24.5	24.39
24.1	24.40
24.2	24.41
24.10	24.42
24.9	24.43
24.9	24.44
24.1	24.45
24.10	24.46
24.10	24.47
24.5	24.48
24.1	24.49
24.1	24.50
24.1	24.51
24.1	24.52
24.9	24.53
24.1	24.54
24.9	24.55
24.10	24.56
24.1	24.57
24.1	24.58
24.9	24.59
24.8	24.60
24.1	24.61
24.1	24.62
24.9	24.63
24.1	24.64
25.5	25.1
25.8	25.2
25.4	25.3
25.8	25.4
25.4	25.5
25.4	25.6
25.4	25.7
25.6	25.8
25.5	25.9
25.4	25.10
25.4	25.11
25.4	25.12
25.4	25.13
25.4	25.14
25.4	25.15
25.8	25.16
25.1	25.17
25.4	25.18
25.1	25.19
25.4	25.20
25.5	25.21
25.5	25.22
25.4	25.23
25.4	25.24
25.2	25.25
25.5	25.26
25.1	25.27
25.5	25.28
25.6	25.29
25.5	25.30
25.5	25.31
25.5	25.32
25.8	25.33
25.7	25.34
25.5	25.35
25.4	25.36
25.5	25.37
25.5	25.38
25.4	25.39
25.5	25.40
25.4	25.41
25.4	25.42
25.5	25.43
25.4	25.44
25.4	25.45
25.8	25.46
25.5	25.47
25.6	25.48
25.5	25.49
25.3	25.50
25.5	25.51
25.4	25.52
25.5	25.53
25.4	25.54
25.7	25.55
25.5	25.56
25.4	25.57
25.5	25.58
25.1	25.59
25.4	25.60
25.5	25.61
25.4	25.62
25.5	25.63
25.8	25.64
26.1	26.1
26.1	26.2
26.8	26.3
26.8	26.4
26.8	26.5
26.8	26.6
26.1	26.7
26.7	26.8
26.6	26.9
26.1	26.10
26.8	26.11
26.1	26.12
26.7	26.13
26.6	26.14
26.1	26.15
26.1	26.16
26.4	26.17
26.1	26.18
26.1	26.19
26.1	26.20
26.3	26.21
26.8	26.22
26.7	26.23
26.1	26.24
26.5	26.25
26.4	26.26
26.7	26.27
26.6	26.28
26.8	26.29
26.2	26.30
26.1	26.31
26.7	26.32
26.7	26.33
26.1	26.34
26.1	26.35
26.8	26.36
26.6	26.37
26.1	26.38
26.8	26.39
26.1	26.40
26.8	26.41
26.7	26.42
26.8	26.43
26.8	26.44
26.8	26.45
26.8	26.46
26.8	26.47
26.8	26.48
26.7	26.49
26.7	26.50
26.6	26.51
26.8	26.52
26.1	26.53
26.7	26.54
26.1	26.55
26.3	26.56
26.7	26.57
26.8	26.58
26.1	26.59
26.6	26.60
26.6	26.61
26.4	26.62
26.1	26.63
26.1	26.64
27.6	27.1
27.6	27.2
27.5	27.3
27.5	27.4
27.1	27.5
27.1	27.6
27.5	27.7
27.5	27.8
27.5	27.9
27.5	27.10
27.3	27.11
27.6	27.12
27.3	27.13
27.6	27.14
27.5	27.15
27.5	27.16
27.6	27.17
27.1	27.18
27.4	27.19
27.1	27.20
27.6	27.21
27.6	27.22
27.2	27.23
27.3	27.24
27.5	27.25
27.5	27.26
27.1	27.27
27.3	27.28
27.5	27.29
27.6	27.30
27.1	27.31
27.3	27.32
27.5	27.33
27.6	27.34
27.5	27.35
27.6	27.36
27.6	27.37
27.6	27.38
27.3	27.39
27.5	27.40
27.1	27.41
27.5	27.42
27.5	27.43
27.5	27.44
27.4	27.45
27.5	27.46
27.1	27.47
27.5	27.48
27.6	27.49
27.5	27.50
27.6	27.51
27.6	27.52
27.6	27.53
27.5	27.54
27.5	27.55
27.5	27.56
27.5	27.57
27.5	27.58
27.6	27.59
27.1	27.60
27.1	27.61
27.3	27.62
27.4	27.63
27.6	27.64
28.9	28.1
28.9	28.2
28.10	28.3
28.8	28.4
28.6	28.5
28.8	28.6
28.9	28.7
28.6	28.8
28.9	28.9
28.6	28.10
28.9	28.11
28.9	28.12
28.8	28.13
28.8	28.14
28.8	28.15
28.10	28.16
28.9	28.17
28.9	28.18
28.5	28.19
28.8	28.20
28.8	28.21
28.9	28.22
28.1	28.23
28.8	28.24
28.8	28.25
28.6	28.26
28.6	28.27
28.9	28.28
28.5	28.29
28.8	28.30
28.4	28.31
28.6	28.32
28.9	28.33
28.8	28.34
28.10	28.35
28.4	28.36
28.3	28.37
28.9	28.38
28.4	28.39
28.9	28.40
28.10	28.41
28.5	28.42
28.8	28.43
28.6	28.44
28.2	28.45
28.7	28.46
28.6	28.47
28.7	28.48
28.8	28.49
28.8	28.50
28.9	28.51
28.9	28.52
28.9	28.53
28.5	28.54
28.9	28.55
28.9	28.56
28.4	28.57
28.6	28.58
28.9	28.59
28.1	28.60
28.5	28.61
28.1	28.62
28.9	28.63
28.6	28.64
29.1	29.1
29.1	29.2
29.1	29.3
29.1	29.4
29.1	29.5
29.1	29.6
29.1	29.7
29.1	29.8
29.7	29.9
29.1	29.10
29.7	29.11
29.5	29.12
29.1	29.13
29.1	29.14
29.1	29.15
29.7	29.16
29.6	29.17
29.7	29.18
29.6	29.19
29.1	29.20
29.7	29.21
29.7	29.22
29.1	29.23
29.5	29.24
29.4	29.25
29.7	29.26
29.1	29.27
29.1	29.28
29.1	29.29
29.1	29.30
29.1	29.31
29.2	29.32
29.1	29.33
29.5	29.34
29.1	29.35
29.5	29.36
29.7	29.37
29.1	29.38
29.1	29.39
29.1	29.40
29.1	29.41
29.7	29.42
29.1	29.43
29.1	29.44
29.1	29.45
29.1	29.46
29.3	29.47
29.1	29.48
29.1	29.49
29.1	29.50
29.5	29.51
29.7	29.52
29.1	29.53
29.7	29.54
29.1	29.55
29.1	29.56
29.1	29.57
29.1	29.58
29.1	29.59
29.1	29.60
29.1	29.61
29.1	29.62
29.1	29.63
29.1	29.64
30.20	30.1
30.17	30.2
30.20	30.3
30.8	30.4
30.18	30.5
30.18	30.6
30.13	30.7
30.18	30.8
30.20	30.9
30.18	30.10
30.1	30.11
30.18	30.12
30.18	30.13
30.18	30.14
30.1	30.15
30.18	30.16
30.3	30.17
30.18	30.18
30.1	30.19
30.18	30.20
30.18	30.21
30.12	30.22
30.18	30.23
30.18	30.24
30.18	30.25
30.4	30.26
30.7	30.27
30.10	30.28
30.1	30.29
30.2	30.30
30.20	30.31
30.18	30.32
30.16	30.33
30.15	30.34
30.1	30.35
30.5	30.36
30.19	30.37
30.18	30.38
30.18	30.39
30.1	30.40
30.1	30.41
30.1	30.42
30.1	30.43
30.9	30.44
30.18	30.45
30.18	30.46
30.18	30.47
30.1	30.48
30.18	30.49
30.14	30.50
30.11	30.51
30.18	30.52
30.18	30.53
30.18	30.54
30.18	30.55
30.18	30.56
30.18	30.57
30.1	30.58
30.18	30.59
30.19	30.60
30.6	30.61
30.1	30.62
30.18	30.63
30.18	30.64
31.11	31.1
31.11	31.2
31.14	31.3
31.10	31.4
31.4	31.5
31.1	31.6
31.14	31.7
31.1	31.8
31.11	31.9
31.1	31.10
31.11	31.11
31.11	31.12
31.1	31.13
31.14	31.14
31.11	31.15
31.1	31.16
31.15	31.17
31.11	31.18
31.11	31.19
31.11	31.20
31.11	31.21
31.14	31.22
31.11	31.23
31.15	31.24
31.15	31.25
31.7	31.26
31.8	31.27
31.8	31.28
31.8	31.29
31.11	31.30
31.5	31.31
31.11	31.32
31.14	31.33
31.14	31.34
31.12	31.35
31.7	31.36
31.8	31.37
31.8	31.38
31.14	31.39
31.11	31.40
31.1	31.41
31.14	31.42
31.8	31.43
31.15	31.44
31.3	31.45
31.6	31.46
31.14	31.47
31.7	31.48
31.11	31.49
31.11	31.50
31.2	31.51
31.14	31.52
31.11	31.53
31.13	31.54
31.11	31.55
31.14	31.56
31.1	31.57
31.9	31.58
31.15	31.59
31.11	31.60
31.7	31.61
31.14	31.62
31.11	31.63
31.11	31.64
32.7	32.1
32.3	32.2
32.3	32.3
32.9	32.4
32.8	32.5
32.5	32.6
32.5	32.7
32.3	32.8
32.3	32.9
32.5	32.10
32.5	32.11
32.9	32.12
32.3	32.13
32.3	32.14
32.5	32.15
32.1	32.16
32.5	32.17
32.5	32.18
32.5	32.19
32.4	32.20
32.7	32.21
32.3	32.22
32.4	32.23
32.6	32.24
32.10	32.25
32.5	32.26
32.10	32.27
32.5	32.28
32.10	32.29
32.10	32.30
32.7	32.31
32.3	32.32
32.10	32.33
32.7	32.34
32.10	32.35
32.5	32.36
32.1	32.37
32.10	32.38
32.10	32.39
32.1	32.40
32.10	32.41
32.7	32.42
32.5	32.43
32.2	32.44
32.1	32.45
32.5	32.46
32.5	32.47
32.4	32.48
32.7	32.49
32.4	32.50
32.6	32.51
32.3	32.52
32.10	32.53
32.3	32.54
32.3	32.55
32.10	32.56
32.10	32.57
32.10	32.58
32.10	32.59
32.10	32.60
32.10	32.61
32.10	32.62
32.10	32.63
32.6	32.64
33.1	33.1
33.5	33.2
33.6	33.3
33.6	33.4
33.1	33.5
33.1	33.6
33.6	33.7
33.6	33.8
33.6	33.9
33.6	33.10
33.6	33.11
33.1	33.12
33.6	33.13
33.6	33.14
33.1	33.15
33.1	33.16
33.6	33.17
33.6	33.18
33.3	33.19
33.4	33.20
33.5	33.21
33.1	33.22
33.5	33.23
33.6	33.24
33.5	33.25
33.6	33.26
33.6	33.27
33.1	33.28
33.6	33.29
33.6	33.30
33.6	33.31
33.1	33.32
33.1	33.33
33.6	33.34
33.1	33.35
33.6	33.36
33.6	33.37
33.6	33.38
33.6	33.39
33.6	33.40
33.6	33.41
33.1	33.42
33.6	33.43
33.1	33.44
33.6	33.45
33.1	33.46
33.1	33.47
33.1	33.48
33.6	33.49
33.6	33.50
33.6	33.51
33.6	33.52
33.1	33.53
33.1	33.54
33.1	33.55
33.2	33.56
33.6	33.57
33.6	33.58
33.6	33.59
33.1	33.60
33.1	33.61
33.6	33.62
33.6	33.63
33.6	33.64
34.1	34.1
34.7	34.2
34.7	34.3
34.8	34.4
34.8	34.5
34.8	34.6
34.8	34.7
34.1	34.8
34.8	34.9
34.7	34.10
34.7	34.11
34.8	34.12
34.7	34.13
34.8	34.14
34.8	34.15
34.8	34.16
34.7	34.17
34.7	34.18
34.8	34.19
34.8	34.20
34.1	34.21
34.8	34.22
34.8	34.23
34.8	34.24
34.7	34.25
34.7	34.26
34.1	34.27
34.7	34.28
34.8	34.29
34.1	34.30
34.6	34.31
34.8	34.32
34.8	34.33
34.3	34.34
34.7	34.35
34.1	34.36
34.7	34.37
34.8	34.38
34.1	34.39
34.8	34.40
34.7	34.41
34.1	34.42
34.2	34.43
34.8	34.44
34.5	34.45
34.1	34.46
34.7	34.47
34.8	34.48
34.7	34.49
34.6	34.50
34.1	34.51
34.8	34.52
34.7	34.53
34.7	34.54
34.8	34.55
34.8	34.56
34.1	34.57
34.1	34.58
34.4	34.59
34.8	34.60
34.8	34.61
34.1	34.62
34.1	34.63
34.8	34.64
35.10	35.1
35.1	35.2
35.10	35.3
35.1	35.4
35.1	35.5
35.3	35.6
35.1	35.7
35.1	35.8
35.6	35.9
35.10	35.10
35.10	35.11
35.8	35.12
35.10	35.13
35.1	35.14
35.1	35.15
35.1	35.16
35.6	35.17
35.6	35.18
35.1	35.19
35.10	35.20
35.1	35.21
35.10	35.22
35.9	35.23
35.10	35.24
35.1	35.25
35.1	35.26
35.10	35.27
35.10	35.28
35.1	35.29
35.9	35.30
35.9	35.31
35.10	35.32
35.10	35.33
35.10	35.34
35.10	35.35
35.10	35.36
35.1	35.37
35.6	35.38
35.10	35.39
35.1	35.40
35.1	35.41
35.1	35.42
35.10	35.43
35.7	35.44
35.10	35.45
35.1	35.46
35.1	35.47
35.1	35.48
35.2	35.49
35.1	35.50
35.1	35.51
35.6	35.52
35.1	35.53
35.1	35.54
35.1	35.55
35.1	35.56
35.10	35.57
35.5	35.58
35.10	35.59
35.9	35.60
35.9	35.61
35.6	35.62
35.9	35.63
35.4	35.64
36.6	36.1
36.5	36.2
36.10	36.3
36.8	36.4
36.10	36.5
36.5	36.6
36.9	36.7
36.9	36.8
36.9	36.9
36.5	36.10
36.5	36.11
36.1	36.12
36.1	36.13
36.9	36.14
36.5	36.15
36.5	36.16
36.2	36.17
36.5	36.18
36.5	36.19
36.5	36.20
36.9	36.21
36.5	36.22
36.4	36.23
36.9	36.24
36.5	36.25
36.5	36.26
36.9	36.27
36.9	36.28
36.5	36.29
36.9	36.30
36.5	36.31
36.9	36.32
36.9	36.33
36.5	36.34
36.5	36.35
36.5	36.36
36.7	36.37
36.1	36.38
36.9	36.39
36.7	36.40
36.5	36.41
36.9	36.42
36.9	36.43
36.4	36.44
36.5	36.45
36.1	36.46
36.9	36.47
36.9	36.48
36.5	36.49
36.9	36.50
36.9	36.51
36.9	36.52
36.5	36.53
36.3	36.54
36.5	36.55
36.5	36.56
36.1	36.57
36.5	36.58
36.9	36.59
36.1	36.60
36.9	36.61
36.5	36.62
36.9	36.63
36.9	36.64
37.5	37.1
37.9	37.2
37.10	37.3
37.7	37.4
37.5	37.5
37.10	37.6
37.5	37.7
37.10	37.8
37.5	37.9
37.5	37.10
37.1	37.11
37.8	37.12
37.5	37.13
37.10	37.14
37.5	37.15
37.2	37.16
37.1	37.17
37.10	37.18
37.5	37.19
37.5	37.20
37.1	37.21
37.5	37.22
37.8	37.23
37.5	37.24
37.5	37.25
37.5	37.26
37.4	37.27
37.10	37.28
37.9	37.29
37.5	37.30
37.6	37.31
37.5	37.32
37.5	37.33
37.7	37.34
37.5	37.35
37.8	37.36
37.10	37.37
37.10	37.38
37.9	37.39
37.10	37.40
37.5	37.41
37.5	37.42
37.9	37.43
37.5	37.44
37.10	37.45
37.5	37.46
37.10	37.47
37.10	37.48
37.10	37.49
37.5	37.50
37.11	37.51
37.5	37.52
37.10	37.53
37.7	37.54
37.8	37.55
37.10	37.56
37.1	37.57
37.10	37.58
37.5	37.59
37.5	37.60
37.10	37.61
37.5	37.62
37.1	37.63
37.3	37.64
38.5	38.1
38.6	38.2
38.6	38.3
38.4	38.4
38.4	38.5
38.6	38.6
38.5	38.7
38.4	38.8
38.6	38.9
38.6	38.10
38.6	38.11
38.2	38.12
38.7	38.13
38.1	38.14
38.6	38.15
38.4	38.16
38.5	38.17
38.4	38.18
38.4	38.19
38.6	38.20
38.6	38.21
38.7	38.22
38.6	38.23
38.4	38.24
38.5	38.25
38.4	38.26
38.7	38.27
38.5	38.28
38.5	38.29
38.6	38.30
38.5	38.31
38.5	38.32
38.5	38.33
38.5	38.34
38.4	38.35
38.6	38.36
38.7	38.37
38.4	38.38
38.4	38.39
38.6	38.40
38.5	38.41
38.4	38.42
38.6	38.43
38.1	38.44
38.4	38.45
38.3	38.46
38.4	38.47
38.4	38.48
38.4	38.49
38.4	38.50
38.1	38.51
38.4	38.52
38.6	38.53
38.4	38.54
38.1	38.55
38.6	38.56
38.6	38.57
38.6	38.58
38.5	38.59
38.6	38.60
38.5	38.61
38.5	38.62
38.4	38.63
38.4	38.64
39.5	39.1
39.9	39.2
39.9	39.3
39.5	39.4
39.5	39.5
39.5	39.6
39.9	39.7
39.7	39.8
39.5	39.9
39.9	39.10
39.2	39.11
39.9	39.12
39.6	39.13
39.4	39.14
39.9	39.15
39.5	39.16
39.9	39.17
39.5	39.18
39.10	39.19
39.9	39.20
39.5	39.21
39.9	39.22
39.5	39.23
39.3	39.24
39.5	39.25
39.9	39.26
39.5	39.27
39.9	39.28
39.9	39.29
39.9	39.30
39.5	39.31
39.5	39.32
39.8	39.33
39.9	39.34
39.5	39.35
39.8	39.36
39.9	39.37
39.5	39.38
39.5	39.39
39.5	39.40
39.8	39.41
39.9	39.42
39.1	39.43
39.10	39.44
39.5	39.45
39.9	39.46
39.7	39.47
39.5	39.48
39.5	39.49
39.9	39.50
39.9	39.51
39.9	39.52
39.5	39.53
39.9	39.54
39.9	39.55
39.9	39.56
39.9	39.57
39.5	39.58
39.5	39.59
39.9	39.60
39.9	39.61
39.5	39.62
39.5	39.63
39.9	39.64
40.10	40.1
40.10	40.2
40.4	40.3
40.1	40.4
40.8	40.5
40.4	40.6
40.10	40.7
40.8	40.8
40.4	40.9
40.4	40.10
40.4	40.11
40.10	40.12
40.4	40.13
40.4	40.14
40.4	40.15
40.10	40.16
40.4	40.17
40.3	40.18
40.7	40.19
40.5	40.20
40.4	40.21
40.4	40.22
40.4	40.23
40.10	40.24
40.5	40.25
40.1	40.26
40.5	40.27
40.10	40.28
40.4	40.29
40.3	40.30
40.8	40.31
40.10	40.32
40.4	40.33
40.1	40.34
40.10	40.35
40.4	40.36
40.1	40.37
40.4	40.38
40.10	40.39
40.10	40.40
40.4	40.41
40.8	40.42
40.2	40.43
40.8	40.44
40.10	40.45
40.10	40.46
40.4	40.47
40.9	40.48
40.6	40.49
40.8	40.50
40.10	40.51
40.10	40.52
40.10	40.53
40.8	40.54
40.10	40.55
40.10	40.56
40.4	40.57
40.1	40.58
40.10	40.59
40.1	40.60
40.5	40.61
40.9	40.62
40.5	40.63
40.10	40.64
41.1	41.1
41.4	41.2
41.1	41.3
41.4	41.4
41.4	41.5
41.7	41.6
41.4	41.7
41.4	41.8
41.3	41.9
41.1	41.10
41.1	41.11
41.4	41.12
41.1	41.13
41.1	41.14
41.4	41.15
41.4	41.16
41.4	41.17
41.4	41.18
41.7	41.19
41.1	41.20
41.1	41.21
41.4	41.22
41.4	41.23
41.4	41.24
41.4	41.25
41.4	41.26
41.1	41.27
41.4	41.28
41.1	41.29
41.1	41.30
41.1	41.31
41.1	41.32
41.5	41.33
41.1	41.34
41.4	41.35
41.4	41.36
41.1	41.37
41.1	41.38
41.1	41.39
41.5	41.40
41.7	41.41
41.1	41.42
41.4	41.43
41.1	41.44
41.6	41.45
41.1	41.46
41.1	41.47
41.4	41.48
41.2	41.49
41.1	41.50
41.1	41.51
41.1	41.52
41.1	41.53
41.4	41.54
41.7	41.55
41.1	41.56
41.4	41.57
41.4	41.58
41.1	41.59
41.4	41.60
41.7	41.61
41.1	41.62
41.6	41.63
41.1	41.64
42.9	42.1
42.5	42.2
42.5	42.3
42.9	42.4
42.9	42.5
42.6	42.6
42.6	42.7
42.6	42.8
42.6	42.9
42.1	42.10
42.5	42.11
42.9	42.12
42.5	42.13
42.1	42.14
42.5	42.15
42.1	42.16
42.4	42.17
42.6	42.18
42.6	42.19
42.5	42.20
42.9	42.21
42.1	42.22
42.5	42.23
42.9	42.24
42.5	42.25
42.6	42.26
42.9	42.27
42.6	42.28
42.1	42.29
42.9	42.30
42.6	42.31
42.6	42.32
42.5	42.33
42.9	42.34
42.1	42.35
42.9	42.36
42.1	42.37
42.9	42.38
42.5	42.39
42.8	42.40
42.5	42.41
42.9	42.42
42.1	42.43
42.9	42.44
42.6	42.45
42.9	42.46
42.9	42.47
42.7	42.48
42.1	42.49
42.1	42.50
42.7	42.51
42.6	42.52
42.7	42.53
42.7	42.54
42.2	42.55
42.5	42.56
42.3	42.57
42.6	42.58
42.9	42.59
42.5	42.60
42.6	42.61
42.9	42.62
42.5	42.63
42.5	42.64
43.1	43.1
43.6	43.2
43.6	43.3
43.6	43.4
43.6	43.5
43.8	43.6
43.6	43.7
43.2	43.8
43.7	43.9
43.7	43.10
43.9	43.11
43.6	43.12
43.9	43.13
43.10	43.14
43.6	43.15
43.6	43.16
43.7	43.17
43.6	43.18
43.6	43.19
43.1	43.20
43.7	43.21
43.7	43.22
43.6	43.23
43.7	43.24
43.1	43.25
43.7	43.26
43.7	43.27
43.7	43.28
43.6	43.29
43.7	43.30
43.7	43.31
43.7	43.32
43.7	43.33
43.6	43.34
43.9	43.35
43.5	43.36
43.6	43.37
43.1	43.38
43.1	43.39
43.7	43.40
43.6	43.41
43.6	43.42
43.1	43.43
43.5	43.44
43.1	43.45
43.3	43.46
43.1	43.47
43.1	43.48
43.7	43.49
43.4	43.50
43.1	43.51
43.7	43.52
43.7	43.53
43.7	43.54
43.1	43.55
43.6	43.56
43.1	43.57
43.7	43.58
43.7	43.59
43.7	43.60
43.7	43.61
43.7	43.62
43.7	43.63
43.7	43.64
44.1	44.1
44.1	44.2
44.1	44.3
44.1	44.4
44.6	44.5
44.8	44.6
44.7	44.7
44.5	44.8
44.6	44.9
44.1	44.10
44.7	44.11
44.1	44.12
44.7	44.13
44.6	44.14
44.7	44.15
44.7	44.16
44.3	44.17
44.7	44.18
44.1	44.19
44.7	44.20
44.7	44.21
44.7	44.22
44.8	44.23
44.7	44.24
44.7	44.25
44.7	44.26
44.1	44.27
44.1	44.28
44.7	44.29
44.7	44.30
44.6	44.31
44.6	44.32
44.7	44.33
44.7	44.34
44.1	44.35
44.1	44.36
44.1	44.37
44.1	44.38
44.7	44.39
44.6	44.40
44.1	44.41
44.1	44.42
44.7	44.43
44.1	44.44
44.7	44.45
44.2	44.46
44.7	44.47
44.7	44.48
44.6	44.49
44.4	44.50
44.4	44.51
44.1	44.52
44.4	44.53
44.7	44.54
44.4	44.55
44.1	44.56
44.1	44.57
44.4	44.58
44.6	44.59
44.1	44.60
44.6	44.61
44.1	44.62
44.6	44.63
44.6	44.64
45.3	45.1
45.9	45.2
45.4	45.3
45.9	45.4
45.9	45.5
45.9	45.6
45.3	45.7
45.3	45.8
45.8	45.9
45.4	45.10
45.9	45.11
45.4	45.12
45.4	45.13
45.3	45.14
45.9	45.15
45.9	45.16
45.4	45.17
45.9	45.18
45.9	45.19
45.4	45.20
45.3	45.21
45.5	45.22
45.9	45.23
45.9	45.24
45.9	45.25
45.1	45.26
45.9	45.27
45.9	45.28
45.3	45.29
45.9	45.30
45.9	45.31
45.3	45.32
45.11	45.33
45.3	45.34
45.6	45.35
45.9	45.36
45.7	45.37
45.9	45.38
45.10	45.39
45.6	45.40
45.3	45.41
45.9	45.42
45.3	45.43
45.9	45.44
45.9	45.45
45.9	45.46
45.9	45.47
45.10	45.48
45.9	45.49
45.3	45.50
45.9	45.51
45.3	45.52
45.3	45.53
45.9	45.54
45.9	45.55
45.2	45.56
45.3	45.57
45.3	45.58
45.9	45.59
45.3	45.60
45.3	45.61
45.3	45.62
45.10	45.63
45.9	45.64
46.1	46.1
46.7	46.2
46.5	46.3
46.1	46.4
46.7	46.5
46.1	46.6
46.1	46.7
46.7	46.8
46.1	46.9
46.1	46.10
46.6	46.11
46.6	46.12
46.1	46.13
46.1	46.14
46.1	46.15
46.7	46.16
46.6	46.17
46.6	46.18
46.1	46.19
46.6	46.20
46.6	46.21
46.7	46.22
46.1	46.23
46.6	46.24
46.6	46.25
46.4	46.26
46.1	46.27
46.1	46.28
46.1	46.29
46.1	46.30
46.1	46.31
46.7	46.32
46.1	46.33
46.6	46.34
46.7	46.35
46.7	46.36
46.1	46.37
46.6	46.38
46.7	46.39
46.1	46.40
46.7	46.41
46.2	46.42
46.5	46.43
46.7	46.44
46.7	46.45
46.5	46.46
46.7	46.47
46.1	46.48
46.7	46.49
46.7	46.50
46.5	46.51
46.6	46.52
46.7	46.53
46.3	46.54
46.6	46.55
46.1	46.56
46.6	46.57
46.1	46.58
46.5	46.59
46.7	46.60
46.5	46.61
46.7	46.62
46.1	46.63
46.1	46.64
47.1	47.1
47.10	47.2
47.9	47.3
47.6	47.4
47.11	47.5
47.11	47.6
47.9	47.7
47.11	47.8
47.8	47.9
47.9	47.10
47.1	47.11
47.10	47.12
47.1	47.13
47.1	47.14
47.11	47.15
47.11	47.16
47.10	47.17
47.11	47.18
47.1	47.19
47.6	47.20
47.9	47.21
47.1	47.22
47.11	47.23
47.7	47.24
47.1	47.25
47.6	47.26
47.11	47.27
47.1	47.28
47.1	47.29
47.11	47.30
47.1	47.31
47.11	47.32
47.9	47.33
47.6	47.34
47.11	47.35
47.4	47.36
47.9	47.37
47.1	47.38
47.11	47.39
47.1	47.40
47.1	47.41
47.11	47.42
47.5	47.43
47.11	47.44
47.1	47.45
47.11	47.46
47.11	47.47
47.1	47.48
47.9	47.49
47.1	47.50
47.1	47.51
47.2	47.52
47.11	47.53
47.6	47.54
47.5	47.55
47.11	47.56
47.11	47.57
47.6	47.58
47.11	47.59
47.3	47.60
47.8	47.61
47.1	47.62
47.9	47.63
47.1	47.64
48.1	48.1
48.1	48.2
48.6	48.3
48.1	48.4
48.1	48.5
48.6	48.6
48.1	48.7
48.1	48.8
48.5	48.9
48.6	48.10
48.4	48.11
48.6	48.12
48.6	48.13
48.5	48.14
48.1	48.15
48.1	48.16
48.6	48.17
48.4	48.18
48.1	48.19
48.6	48.20
48.1	48.21
48.6	48.22
48.6	48.23
48.5	48.24
48.6	48.25
48.5	48.26
48.6	48.27
48.1	48.28
48.1	48.29
48.2	48.30
48.6	48.31
48.1	48.32
48.5	48.33
48.6	48.34
48.1	48.35
48.1	48.36
48.5	48.37
48.5	48.38
48.1	48.39
48.6	48.40
48.6	48.41
48.1	48.42
48.1	48.43
48.1	48.44
48.1	48.45
48.5	48.46
48.6	48.47
48.5	48.48
48.5	48.49
48.3	48.50
48.1	48.51
48.6	48.52
48.1	48.53
48.6	48.54
48.6	48.55
48.1	48.56
48.1	48.57
48.1	48.58
48.1	48.59
48.1	48.60
48.1	48.61
48.1	48.62
48.1	48.63
48.6	48.64
49.4	49.1
49.4	49.2
49.1	49.3
49.1	49.4
49.9	49.5
49.1	49.6
49.4	49.7
49.1	49.8
49.7	49.9
49.7	49.10
49.2	49.11
49.6	49.12
49.1	49.13
49.9	49.14
49.7	49.15
49.10	49.16
49.4	49.17
49.5	49.18
49.7	49.19
49.1	49.20
49.4	49.21
49.10	49.22
49.6	49.23
49.1	49.24
49.6	49.25
49.7	49.26
49.6	49.27
49.6	49.28
49.4	49.29
49.4	49.30
49.6	49.31
49.4	49.32
49.10	49.33
49.6	49.34
49.6	49.35
49.4	49.36
49.4	49.37
49.4	49.38
49.6	49.39
49.7	49.40
49.5	49.41
49.7	49.42
49.4	49.43
49.1	49.44
49.4	49.45
49.10	49.46
49.1	49.47
49.6	49.48
49.4	49.49
49.6	49.50
49.3	49.51
49.1	49.52
49.4	49.53
49.5	49.54
49.6	49.55
49.1	49.56
49.9	49.57
49.7	49.58
49.6	49.59
49.6	49.60
49.1	49.61
49.9	49.62
49.5	49.63
49.8	49.64
50.4	50.1
50.4	50.2
50.6	50.3
50.4	50.4
50.6	50.5
50.4	50.6
50.4	50.7
50.4	50.8
50.4	50.9
50.4	50.10
50.6	50.11
50.6	50.12
50.4	50.13
50.4	50.14
50.4	50.15
50.6	50.16
50.6	50.17
50.6	50.18
50.4	50.19
50.6	50.20
50.4	50.21
50.6	50.22
50.6	50.23
50.4	50.24
50.4	50.25
50.6	50.26
50.6	50.27
50.4	50.28
50.4	50.29
50.3	50.30
50.6	50.31
50.4	50.32
50.6	50.33
50.6	50.34
50.4	50.35
50.4	50.36
50.4	50.37
50.4	50.38
50.5	50.39
50.4	50.40
50.4	50.41
50.1	50.42
50.6	50.43
50.6	50.44
50.4	50.45
50.4	50.46
50.4	50.47
50.1	50.48
50.6	50.49
50.4	50.50
50.1	50.51
50.4	50.52
50.6	50.53
50.4	50.54
50.4	50.55
50.4	50.56
50.6	50.57
50.2	50.58
50.4	50.59
50.4	50.60
50.1	50.61
50.4	50.62
50.4	50.63
50.4	50.64
51.6	51.1
51.3	51.2
51.7	51.3
51.5	51.4
51.6	51.5
51.7	51.6
51.7	51.7
51.6	51.8
51.3	51.9
51.3	51.10
51.3	51.11
51.5	51.12
51.7	51.13
51.6	51.14
51.6	51.15
51.7	51.16
51.3	51.17
51.3	51.18
51.7	51.19
51.3	51.20
51.8	51.21
51.7	51.22
51.5	51.23
51.7	51.24
51.5	51.25
51.7	51.26
51.3	51.27
51.1	51.28
51.6	51.29
51.4	51.30
51.7	51.31
51.7	51.32
51.3	51.33
51.2	51.34
51.7	51.35
51.7	51.36
51.6	51.37
51.7	51.38
51.7	51.39
51.7	51.40
51.7	51.41
51.7	51.42
51.5	51.43
51.3	51.44
51.4	51.45
51.3	51.46
51.6	51.47
51.7	51.48
51.3	51.49
51.3	51.50
51.6	51.51
51.5	51.52
51.3	51.53
51.7	51.54
51.7	51.55
51.3	51.56
51.3	51.57
51.4	51.58
51.7	51.59
51.5	51.60
51.3	51.61
51.3	51.62
51.6	51.63
51.5	51.64
52.1	52.1
52.1	52.2
52.10	52.3
52.1	52.4
52.1	52.5
52.1	52.6
52.5	52.7
52.1	52.8
52.1	52.9
52.7	52.10
52.6	52.11
52.1	52.12
52.10	52.13
52.1	52.14
52.10	52.15
52.10	52.16
52.1	52.17
52.10	52.18
52.10	52.19
52.1	52.20
52.6	52.21
52.1	52.22
52.9	52.23
52.10	52.24
52.1	52.25
52.1	52.26
52.1	52.27
52.10	52.28
52.1	52.29
52.10	52.30
52.1	52.31
52.5	52.32
52.6	52.33
52.1	52.34
52.10	52.35
52.10	52.36
52.10	52.37
52.5	52.38
52.10	52.39
52.1	52.40
52.1	52.41
52.5	52.42
52.1	52.43
52.10	52.44
52.10	52.45
52.10	52.46
52.3	52.47
52.10	52.48
52.10	52.49
52.1	52.50
52.5	52.51
52.1	52.52
52.2	52.53
52.8	52.54
52.1	52.55
52.10	52.56
52.4	52.57
52.11	52.58
52.1	52.59
52.6	52.60
52.6	52.61
52.9	52.62
52.1	52.63
52.10	52.64
53.9	53.1
53.6	53.2
53.6	53.3
53.6	53.4
53.9	53.5
53.6	53.6
53.3	53.7
53.7	53.8
53.6	53.9
53.9	53.10
53.6	53.11
53.3	53.12
53.3	53.13
53.3	53.14
53.7	53.15
53.6	53.16
53.9	53.17
53.8	53.18
53.3	53.19
53.9	53.20
53.6	53.21
53.6	53.22
53.6	53.23
53.1	53.24
53.3	53.25
53.9	53.26
53.9	53.27
53.8	53.28
53.3	53.29
53.3	53.30
53.4	53.31
53.6	53.32
53.8	53.33
53.6	53.34
53.3	53.35
53.3	53.36
53.6	53.37
53.3	53.38
53.4	53.39
53.9	53.40
53.3	53.41
53.6	53.42
53.5	53.43
53.6	53.44
53.8	53.45
53.9	53.46
53.6	53.47
53.3	53.48
53.6	53.49
53.3	53.50
53.6	53.51
53.2	53.52
53.9	53.53
53.3	53.54
53.9	53.55
53.6	53.56
53.3	53.57
53.9	53.58
53.9	53.59
53.6	53.60
53.9	53.61
53.6	53.62
53.9	53.63
53.3	53.64
54.9	54.1
54.9	54.2
54.9	54.3
54.1	54.4
54.9	54.5
54.7	54.6
54.1	54.7
54.1	54.8
54.1	54.9
54.9	54.10
54.8	54.11
54.1	54.12
54.5	54.13
54.5	54.14
54.9	54.15
54.1	54.16
54.9	54.17
54.8	54.18
54.1	54.19
54.9	54.20
54.1	54.21
54.7	54.22
54.9	54.23
54.2	54.24
54.6	54.25
54.6	54.26
54.7	54.27
54.1	54.28
54.9	54.29
54.9	54.30
54.9	54.31
54.8	54.32
54.7	54.33
54.8	54.34
54.9	54.35
54.5	54.36
54.7	54.37
54.1	54.38
54.7	54.39
54.1	54.40
54.5	54.41
54.1	54.42
54.5	54.43
54.3	54.44
54.5	54.45
54.7	54.46
54.7	54.47
54.4	54.48
54.1	54.49
54.8	54.50
54.9	54.51
54.8	54.52
54.1	54.53
54.5	54.54
54.7	54.55
54.1	54.56
54.7	54.57
54.1	54.58
54.4	54.59
54.6	54.60
54.9	54.61
54.9	54.62
54.9	54.63
54.1	54.64
55.2	55.1
55.5	55.2
55.4	55.3
55.5	55.4
55.2	55.5
55.4	55.6
55.2	55.7
55.2	55.8
55.3	55.9
55.2	55.10
55.5	55.11
55.4	55.12
55.2	55.13
55.2	55.14
55.2	55.15
55.2	55.16
55.4	55.17
55.2	55.18
55.5	55.19
55.3	55.20
55.2	55.21
55.5	55.22
55.1	55.23
55.2	55.24
55.2	55.25
55.5	55.26
55.2	55.27
55.5	55.28
55.2	55.29
55.4	55.30
55.4	55.31
55.5	55.32
55.2	55.33
55.2	55.34
55.2	55.35
55.5	55.36
55.5	55.37
55.3	55.38
55.5	55.39
55.5	55.40
55.4	55.41
55.2	55.42
55.2	55.43
55.2	55.44
55.2	55.45
55.2	55.46
55.5	55.47
55.5	55.48
55.4	55.49
55.2	55.50
55.5	55.51
55.2	55.52
55.5	55.53
55.2	55.54
55.5	55.55
55.2	55.56
55.2	55.57
55.5	55.58
55.2	55.59
55.5	55.60
55.5	55.61
55.5	55.62
55.2	55.63
55.2	55.64
56.6	56.1
56.6	56.2
56.6	56.3
56.1	56.4
56.4	56.5
56.2	56.6
56.9	56.7
56.1	56.8
56.1	56.9
56.1	56.10
56.1	56.11
56.6	56.12
56.1	56.13
56.1	56.14
56.9	56.15
56.1	56.16
56.6	56.17
56.1	56.18
56.5	56.19
56.1	56.20
56.1	56.21
56.4	56.22
56.1	56.23
56.1	56.24
56.1	56.25
56.1	56.26
56.6	56.27
56.1	56.28
56.6	56.29
56.6	56.30
56.7	56.31
56.10	56.32
56.6	56.33
56.6	56.34
56.6	56.35
56.1	56.36
56.9	56.37
56.9	56.38
56.6	56.39
56.1	56.40
56.10	56.41
56.1	56.42
56.6	56.43
56.6	56.44
56.1	56.45
56.1	56.46
56.6	56.47
56.1	56.48
56.5	56.49
56.6	56.50
56.6	56.51
56.1	56.52
56.4	56.53
56.9	56.54
56.7	56.55
56.1	56.56
56.6	56.57
56.3	56.58
56.8	56.59
56.5	56.60
56.1	56.61
56.6	56.62
56.6	56.63
56.1	56.64
57.8	57.1
57.8	57.2
57.8	57.3
57.8	57.4
57.8	57.5
57.8	57.6
57.8	57.7
57.8	57.8
57.8	57.9
57.8	57.10
57.8	57.11
57.8	57.12
57.8	57.13
57.8	57.14
57.3	57.15
57.8	57.16
57.3	57.17
57.8	57.18
57.8	57.19
57.3	57.20
57.8	57.21
57.5	57.22
57.8	57.23
57.8	57.24
57.8	57.25
57.3	57.26
57.8	57.27
57.8	57.28
57.2	57.29
57.8	57.30
57.8	57.31
57.8	57.32
57.8	57.33
57.8	57.34
57.8	57.35
57.8	57.36
57.4	57.37
57.8	57.38
57.8	57.39
57.3	57.40
57.3	57.41
57.3	57.42
57.8	57.43
57.8	57.44
57.8	57.45
57.8	57.46
57.1	57.47
57.8	57.48
57.1	57.49
57.8	57.50
57.8	57.51
57.3	57.52
57.3	57.53
57.3	57.54
57.8	57.55
57.8	57.56
57.7	57.57
57.3	57.58
57.3	57.59
57.3	57.60
57.6	57.61
57.8	57.62
57.8	57.63
57.3	57.64
58.7	58.1
58.7	58.2
58.5	58.3
58.7	58.4
58.1	58.5
58.7	58.6
58.1	58.7
58.1	58.8
58.7	58.9
58.1	58.10
58.7	58.11
58.1	58.12
58.1	58.13
58.6	58.14
58.7	58.15
58.5	58.16
58.1	58.17
58.1	58.18
58.3	58.19
58.6	58.20
58.1	58.21
58.6	58.22
58.1	58.23
58.7	58.24
58.5	58.25
58.5	58.26
58.1	58.27
58.1	58.28
58.1	58.29
58.7	58.30
58.5	58.31
58.1	58.32
58.1	58.33
58.7	58.34
58.7	58.35
58.5	58.36
58.7	58.37
58.5	58.38
58.5	58.39
58.1	58.40
58.7	58.41
58.1	58.42
58.3	58.43
58.6	58.44
58.1	58.45
58.6	58.46
58.1	58.47
58.7	58.48
58.5	58.49
58.7	58.50
58.6	58.51
58.5	58.52
58.1	58.53
58.4	58.54
58.7	58.55
58.7	58.56
58.1	58.57
58.1	58.58
58.5	58.59
58.6	58.60
58.5	58.61
58.1	58.62
58.1	58.63
58.2	58.64
59.8	59.1
59.8	59.2
59.6	59.3
59.3	59.4
59.8	59.5
59.8	59.6
59.7	59.7
59.3	59.8
59.8	59.9
59.7	59.10
59.3	59.11
59.8	59.12
59.7	59.13
59.3	59.14
59.3	59.15
59.8	59.16
59.1	59.17
59.8	59.18
59.3	59.19
59.6	59.20
59.3	59.21
59.3	59.22
59.8	59.23
59.4	59.24
59.8	59.25
59.8	59.26
59.8	59.27
59.7	59.28
59.8	59.29
59.3	59.30
59.8	59.31
59.4	59.32
59.8	59.33
59.5	59.34
59.7	59.35
59.8	59.36
59.4	59.37
59.4	59.38
59.8	59.39
59.8	59.40
59.1	59.41
59.7	59.42
59.8	59.43
59.8	59.44
59.3	59.45
59.3	59.46
59.8	59.47
59.3	59.48
59.8	59.49
59.8	59.50
59.3	59.51
59.3	59.52
59.1	59.53
59.3	59.54
59.3	59.55
59.3	59.56
59.7	59.57
59.4	59.58
59.3	59.59
59.1	59.60
59.6	59.61
59.3	59.62
59.2	59.63
59.3	59.64
60.15	60.1
60.1	60.2
60.15	60.3
60.15	60.4
60.15	60.5
60.15	60.6
60.14	60.7
60.15	60.8
60.17	60.9
60.15	60.10
60.1	60.11
60.1	60.12
60.15	60.13
60.17	60.14
60.1	60.15
60.17	60.16
60.3	60.17
60.1	60.18
60.16	60.19
60.17	60.20
60.1	60.21
60.1	60.22
60.1	60.23
60.17	60.24
60.17	60.25
60.17	60.26
60.15	60.27
60.13	60.28
60.15	60.29
60.9	60.30
60.15	60.31
60.14	60.32
60.6	60.33
60.15	60.34
60.1	60.35
60.2	60.36
60.5	60.37
60.1	60.38
60.11	60.39
60.11	60.40
60.1	60.41
60.7	60.42
60.15	60.43
60.17	60.44
60.10	60.45
60.1	60.46
60.17	60.47
60.1	60.48
60.7	60.49
60.17	60.50
60.1	60.51
60.1	60.52
60.16	60.53
60.1	60.54
60.1	60.55
60.15	60.56
60.15	60.57
60.4	60.58
60.12	60.59
60.15	60.60
60.8	60.61
60.8	60.62
60.16	60.63
60.13	60.64
61.3	61.1
61.1	61.2
61.4	61.3
61.3	61.4
61.1	61.5
61.4	61.6
61.1	61.7
61.1	61.8
61.4	61.9
61.4	61.10
61.3	61.11
61.1	61.12
61.3	61.13
61.1	61.14
61.3	61.15
61.4	61.16
61.4	61.17
61.3	61.18
61.1	61.19
61.1	61.20
61.4	61.21
61.4	61.22
61.3	61.23
61.5	61.24
61.1	61.25
61.4	61.26
61.3	61.27
61.4	61.28
61.5	61.29
61.4	61.30
61.3	61.31
61.3	61.32
61.3	61.33
61.3	61.34
61.4	61.35
61.1	61.36
61.3	61.37
61.4	61.38
61.1	61.39
61.3	61.40
61.3	61.41
61.3	61.42
61.2	61.43
61.5	61.44
61.1	61.45
61.1	61.46
61.3	61.47
61.5	61.48
61.3	61.49
61.4	61.50
61.1	61.51
61.1	61.52
61.1	61.53
61.1	61.54
61.3	61.55
61.3	61.56
61.3	61.57
61.3	61.58
61.3	61.59
61.3	61.60
61.1	61.61
61.1	61.62
61.3	61.63
61.4	61.64
62.5	62.1
62.5	62.2
62.5	62.3
62.5	62.4
62.5	62.5
62.5	62.6
62.4	62.7
62.5	62.8
62.1	62.9
62.5	62.10
62.5	62.11
62.5	62.12
62.4	62.13
62.5	62.14
62.5	62.15
62.1	62.16
62.5	62.17
62.5	62.18
62.1	62.19
62.5	62.20
62.5	62.21
62.5	62.22
62.2	62.23
62.7	62.24
62.1	62.25
62.1	62.26
62.5	62.27
62.1	62.28
62.5	62.29
62.5	62.30
62.3	62.31
62.1	62.32
62.1	62.33
62.1	62.34
62.1	62.35
62.6	62.36
62.5	62.37
62.6	62.38
62.5	62.39
62.1	62.40
62.5	62.41
62.1	62.42
62.1	62.43
62.4	62.44
62.5	62.45
62.5	62.46
62.5	62.47
62.7	62.48
62.7	62.49
62.5	62.50
62.5	62.51
62.1	62.52
62.3	62.53
62.1	62.54
62.5	62.55
62.7	62.56
62.5	62.57
62.1	62.58
62.1	62.59
62.5	62.60
62.5	62.61
62.1	62.62
62.5	62.63
62.1	62.64
63.7	63.1
63.7	63.2
63.1	63.3
63.1	63.4
63.1	63.5
63.1	63.6
63.1	63.7
63.7	63.8
63.7	63.9
63.1	63.10
63.1	63.11
63.7	63.12
63.1	63.13
63.7	63.14
63.1	63.15
63.1	63.16
63.1	63.17
63.7	63.18
63.7	63.19
63.5	63.20
63.7	63.21
63.7	63.22
63.7	63.23
63.5	63.24
63.1	63.25
63.5	63.26
63.1	63.27
63.1	63.28
63.1	63.29
63.1	63.30
63.1	63.31
63.7	63.32
63.1	63.33
63.7	63.34
63.7	63.35
63.1	63.36
63.5	63.37
63.1	63.38
63.1	63.39
63.1	63.40
63.1	63.41
63.1	63.42
63.2	63.43
63.4	63.44
63.5	63.45
63.5	63.46
63.1	63.47
63.5	63.48
63.5	63.49
63.1	63.50
63.3	63.51
63.6	63.52
63.7	63.53
63.1	63.54
63.1	63.55
63.7	63.56
63.7	63.57
63.7	63.58
63.1	63.59
63.7	63.60
63.1	63.61
63.1	63.62
63.1	63.63
63.7	63.64
64.5	64.1
64.6	64.2
64.7	64.3
64.11	64.4
64.10	64.5
64.12	64.6
64.7	64.7
64.7	64.8
64.9	64.9
64.7	64.10
64.8	64.11
64.9	64.12
64.11	64.13
64.1	64.14
64.7	64.15
64.1	64.16
64.7	64.17
64.7	64.18
64.7	64.19
64.7	64.20
64.7	64.21
64.1	64.22
64.1	64.23
64.1	64.24
64.11	64.25
64.6	64.26
64.11	64.27
64.11	64.28
64.4	64.29
64.1	64.30
64.9	64.31
64.11	64.32
64.1	64.33
64.11	64.34
64.11	64.35
64.11	64.36
64.9	64.37
64.7	64.38
64.3	64.39
64.7	64.40
64.1	64.41
64.1	64.42
64.1	64.43
64.7	64.44
64.1	64.45
64.1	64.46
64.2	64.47
64.9	64.48
64.7	64.49
64.6	64.50
64.10	64.51
64.7	64.52
64.1	64.53
64.1	64.54
64.7	64.55
64.10	64.56
64.7	64.57
64.1	64.58
64.7	64.59
64.7	64.60
64.10	64.61
64.1	64.62
64.7	64.63
64.8	64.64
65.1	65.1
65.4	65.2
65.6	65.3
65.4	65.4
65.1	65.5
65.1	65.6
65.1	65.7
65.4	65.8
65.1	65.9
65.4	65.10
65.4	65.11
65.1	65.12
65.4	65.13
65.4	65.14
65.5	65.15
65.4	65.16
65.4	65.17
65.4	65.18
65.1	65.19
65.1	65.20
65.4	65.21
65.4	65.22
65.1	65.23
65.1	65.24
65.4	65.25
65.1	65.26
65.4	65.27
65.5	65.28
65.2	65.29
65.1	65.30
65.4	65.31
65.1	65.32
65.5	65.33
65.4	65.34
65.4	65.35
65.4	65.36
65.5	65.37
65.4	65.38
65.4	65.39
65.4	65.40
65.4	65.41
65.1	65.42
65.1	65.43
65.4	65.44
65.1	65.45
65.1	65.46
65.1	65.47
65.4	65.48
65.4	65.49
65.1	65.50
65.5	65.51
65.4	65.52
65.1	65.53
65.4	65.54
65.4	65.55
65.3	65.56
65.1	65.57
65.1	65.58
65.1	65.59
65.1	65.60
65.1	65.61
65.4	65.62
65.1	65.63
65.1	65.64
66.1	66.1
66.7	66.2
66.1	66.3
66.1	66.4
66.1	66.5
66.7	66.6
66.1	66.7
66.1	66.8
66.7	66.9
66.1	66.10
66.7	66.11
66.1	66.12
66.2	66.13
66.7	66.14
66.7	66.15
66.1	66.16
66.1	66.17
66.1	66.18
66.6	66.19
66.1	66.20
66.1	66.21
66.7	66.22
66.7	66.23
66.6	66.24
66.1	66.25
66.1	66.26
66.1	66.27
66.1	66.28
66.7	66.29
66.7	66.30
66.6	66.31
66.7	66.32
66.7	66.33
66.6	66.34
66.6	66.35
66.5	66.36
66.7	66.37
66.6	66.38
66.7	66.39
66.1	66.40
66.7	66.41
66.1	66.42
66.7	66.43
66.7	66.44
66.4	66.45
66.7	66.46
66.7	66.47
66.1	66.48
66.4	66.49
66.7	66.50
66.6	66.51
66.6	66.52
66.6	66.53
66.4	66.54
66.7	66.55
66.6	66.56
66.7	66.57
66.4	66.58
66.6	66.59
66.5	66.60
66.7	66.61
66.1	66.62
66.3	66.63
66.7	66.64
67.5	67.1
67.1	67.2
67.1	67.3
67.1	67.4
67.5	67.5
67.1	67.6
67.1	67.7
67.1	67.8
67.5	67.9
67.1	67.10
67.5	67.11
67.1	67.12
67.1	67.13
67.4	67.14
67.1	67.15
67.5	67.16
67.5	67.17
67.1	67.18
67.1	67.19
67.5	67.20
67.1	67.21
67.5	67.22
67.4	67.23
67.4	67.24
67.5	67.25
67.1	67.26
67.1	67.27
67.1	67.28
67.1	67.29
67.1	67.30
67.2	67.31
67.1	67.32
67.5	67.33
67.1	67.34
67.1	67.35
67.5	67.36
67.1	67.37
67.1	67.38
67.1	67.39
67.5	67.40
67.1	67.41
67.1	67.42
67.5	67.43
67.5	67.44
67.3	67.45
67.1	67.46
67.1	67.47
67.1	67.48
67.5	67.49
67.5	67.50
67.1	67.51
67.5	67.52
67.5	67.53
67.1	67.54
67.1	67.55
67.1	67.56
67.1	67.57
67.1	67.58
67.5	67.59
67.5	67.60
67.5	67.61
67.5	67.62
67.5	67.63
67.5	67.64
68.1	68.1
68.7	68.2
68.6	68.3
68.1	68.4
68.1	68.5
68.5	68.6
68.7	68.7
68.6	68.8
68.4	68.9
68.6	68.10
68.1	68.11
68.8	68.12
68.6	68.13
68.1	68.14
68.1	68.15
68.5	68.16
68.6	68.17
68.6	68.18
68.6	68.19
68.5	68.20
68.6	68.21
68.5	68.22
68.1	68.23
68.5	68.24
68.1	68.25
68.1	68.26
68.6	68.27
68.8	68.28
68.4	68.29
68.1	68.30
68.1	68.31
68.1	68.32
68.4	68.33
68.1	68.34
68.1	68.35
68.8	68.36
68.3	68.37
68.1	68.38
68.1	68.39
68.1	68.40
68.1	68.41
68.6	68.42
68.6	68.43
68.6	68.44
68.5	68.45
68.4	68.46
68.5	68.47
68.6	68.48
68.6	68.49
68.6	68.50
68.2	68.51
68.1	68.52
68.1	68.53
68.6	68.54
68.1	68.55
68.6	68.56
68.6	68.57
68.5	68.58
68.6	68.59
68.1	68.60
68.1	68.61
68.6	68.62
68.6	68.63
68.6	68.64
69.7	69.1
69.6	69.2
69.7	69.3
69.12	69.4
69.12	69.5
69.4	69.6
69.10	69.7
69.9	69.8
69.12	69.9
69.12	69.10
69.1	69.11
69.1	69.12
69.6	69.13
69.1	69.14
69.2	69.15
69.5	69.16
69.10	69.17
69.7	69.18
69.10	69.19
69.7	69.20
69.11	69.21
69.5	69.22
69.10	69.23
69.6	69.24
69.11	69.25
69.10	69.26
69.6	69.27
69.5	69.28
69.7	69.29
69.4	69.30
69.12	69.31
69.5	69.32
69.12	69.33
69.6	69.34
69.12	69.35
69.6	69.36
69.6	69.37
69.5	69.38
69.12	69.39
69.1	69.40
69.12	69.41
69.1	69.42
69.8	69.43
69.10	69.44
69.4	69.45
69.1	69.46
69.12	69.47
69.12	69.48
69.12	69.49
69.6	69.50
69.12	69.51
69.6	69.52
69.7	69.53
69.1	69.54
69.5	69.55
69.10	69.56
69.6	69.57
69.12	69.58
69.7	69.59
69.3	69.60
69.7	69.61
69.7	69.62
69.5	69.63
69.5	69.64
70.1	70.1
70.5	70.2
70.5	70.3
70.5	70.4
70.5	70.5
70.4	70.6
70.1	70.7
70.5	70.8
70.5	70.9
70.5	70.10
70.5	70.11
70.1	70.12
70.5	70.13
70.5	70.14
70.1	70.15
70.5	70.16
70.1	70.17
70.1	70.18
70.1	70.19
70.5	70.20
70.5	70.21
70.5	70.22
70.5	70.23
70.1	70.24
70.6	70.25
70.6	70.26
70.5	70.27
70.5	70.28
70.1	70.29
70.5	70.30
70.1	70.31
70.3	70.32
70.2	70.33
70.8	70.34
70.5	70.35
70.5	70.36
70.5	70.37
70.5	70.38
70.5	70.39
70.1	70.40
70.5	70.41
70.5	70.42
70.6	70.43
70.5	70.44
70.6	70.45
70.5	70.46
70.5	70.47
70.1	70.48
70.5	70.49
70.1	70.50
70.5	70.51
70.5	70.52
70.6	70.53
70.1	70.54
70.1	70.55
70.7	70.56
70.6	70.57
70.1	70.58
70.5	70.59
70.1	70.60
70.5	70.61
70.1	70.62
70.5	70.63
70.5	70.64
71.4	71.1
71.6	71.2
71.1	71.3
71.1	71.4
71.6	71.5
71.6	71.6
71.1	71.7
71.6	71.8
71.1	71.9
71.6	71.10
71.1	71.11
71.6	71.12
71.6	71.13
71.1	71.14
71.6	71.15
71.6	71.16
71.1	71.17
71.1	71.18
71.6	71.19
71.6	71.20
71.6	71.21
71.4	71.22
71.1	71.23
71.6	71.24
71.4	71.25
71.5	71.26
71.5	71.27
71.6	71.28
71.6	71.29
71.6	71.30
71.1	71.31
71.6	71.32
71.4	71.33
71.5	71.34
71.6	71.35
71.2	71.36
71.1	71.37
71.1	71.38
71.1	71.39
71.5	71.40
71.5	71.41
71.5	71.42
71.1	71.43
71.3	71.44
71.1	71.45
71.6	71.46
71.6	71.47
71.1	71.48
71.5	71.49
71.5	71.50
71.1	71.51
71.5	71.52
71.5	71.53
71.1	71.54
71.1	71.55
71.6	71.56
71.5	71.57
71.4	71.58
71.5	71.59
71.3	71.60
71.1	71.61
71.1	71.62
71.6	71.63
71.1	71.64
72.9	72.1
72.7	72.2
72.9	72.3
72.5	72.4
72.12	72.5
72.12	72.6
72.9	72.7
72.9	72.8
72.1	72.9
72.9	72.10
72.1	72.11
72.2	72.12
72.1	72.13
72.11	72.14
72.1	72.15
72.1	72.16
72.5	72.17
72.4	72.18
72.5	72.19
72.12	72.20
72.1	72.21
72.1	72.22
72.12	72.23
72.1	72.24
72.12	72.25
72.1	72.26
72.12	72.27
72.8	72.28
72.3	72.29
72.4	72.30
72.9	72.31
72.1	72.32
72.3	72.33
72.1	72.34
72.12	72.35
72.9	72.36
72.5	72.37
72.5	72.38
72.12	72.39
72.1	72.40
72.11	72.41
72.1	72.42
72.1	72.43
72.3	72.44
72.3	72.45
72.1	72.46
72.1	72.47
72.13	72.48
72.11	72.49
72.10	72.50
72.9	72.51
72.5	72.52
72.5	72.53
72.1	72.54
72.12	72.55
72.7	72.56
72.5	72.57
72.12	72.58
72.5	72.59
72.6	72.60
72.9	72.61
72.12	72.62
72.6	72.63
72.3	72.64
73.3	73.1
73.1	73.2
73.3	73.3
73.1	73.4
73.2	73.5
73.3	73.6
73.1	73.7
73.3	73.8
73.3	73.9
73.1	73.10
73.1	73.11
73.1	73.12
73.5	73.13
73.1	73.14
73.1	73.15
73.3	73.16
73.1	73.17
73.3	73.18
73.1	73.19
73.3	73.20
73.3	73.21
73.1	73.22
73.1	73.23
73.5	73.24
73.3	73.25
73.1	73.26
73.3	73.27
73.4	73.28
73.5	73.29
73.1	73.30
73.5	73.31
73.3	73.32
73.3	73.33
73.1	73.34
73.3	73.35
73.3	73.36
73.5	73.37
73.3	73.38
73.5	73.39
73.1	73.40
73.1	73.41
73.1	73.42
73.1	73.43
73.5	73.44
73.1	73.45
73.3	73.46
73.1	73.47
73.5	73.48
73.3	73.49
73.1	73.50
73.1	73.51
73.1	73.52
73.3	73.53
73.5	73.54
73.5	73.55
73.5	73.56
73.3	73.57
73.3	73.58
73.3	73.59
73.3	73.60
73.3	73.61
73.3	73.62
73.4	73.63
73.1	73.64
74.1	74.1
74.6	74.2
74.1	74.3
74.9	74.4
74.1	74.5
74.6	74.6
74.6	74.7
74.7	74.8
74.1	74.9
74.1	74.10
74.1	74.11
74.1	74.12
74.1	74.13
74.1	74.14
74.1	74.15
74.6	74.16
74.1	74.17
74.1	74.18
74.6	74.19
74.1	74.20
74.6	74.21
74.6	74.22
74.6	74.23
74.1	74.24
74.6	74.25
74.6	74.26
74.9	74.27
74.6	74.28
74.1	74.29
74.1	74.30
74.1	74.31
74.6	74.32
74.1	74.33
74.6	74.34
74.6	74.35
74.1	74.36
74.6	74.37
74.6	74.38
74.6	74.39
74.1	74.40
74.5	74.41
74.6	74.42
74.1	74.43
74.1	74.44
74.1	74.45
74.9	74.46
74.6	74.47
74.1	74.48
74.7	74.49
74.3	74.50
74.4	74.51
74.6	74.52
74.1	74.53
74.6	74.54
74.9	74.55
74.6	74.56
74.6	74.57
74.1	74.58
74.6	74.59
74.2	74.60
74.6	74.61
74.9	74.62
74.6	74.63
74.8	74.64
75.1	75.1
75.8	75.2
75.8	75.3
75.1	75.4
75.8	75.5
75.1	75.6
75.7	75.7
75.8	75.8
75.8	75.9
75.8	75.10
75.1	75.11
75.1	75.12
75.1	75.13
75.8	75.14
75.1	75.15
75.7	75.16
75.5	75.17
75.8	75.18
75.8	75.19
75.2	75.20
75.1	75.21
75.8	75.22
75.8	75.23
75.3	75.24
75.6	75.25
75.1	75.26
75.1	75.27
75.8	75.28
75.6	75.29
75.7	75.30
75.8	75.31
75.1	75.32
75.1	75.33
75.8	75.34
75.8	75.35
75.1	75.36
75.8	75.37
75.8	75.38
75.5	75.39
75.1	75.40
75.8	75.41
75.8	75.42
75.8	75.43
75.7	75.44
75.4	75.45
75.4	75.46
75.5	75.47
75.8	75.48
75.8	75.49
75.1	75.50
75.7	75.51
75.7	75.52
75.8	75.53
75.8	75.54
75.8	75.55
75.7	75.56
75.6	75.57
75.8	75.58
75.1	75.59
75.1	75.60
75.5	75.61
75.7	75.62
75.7	75.63
75.8	75.64
76.8	76.1
76.1	76.2
76.8	76.3
76.1	76.4
76.1	76.5
76.1	76.6
76.1	76.7
76.1	76.8
76.1	76.9
76.5	76.10
76.1	76.11
76.1	76.12
76.8	76.13
76.8	76.14
76.1	76.15
76.3	76.16
76.3	76.17
76.1	76.18
76.1	76.19
76.1	76.20
76.6	76.21
76.1	76.22
76.3	76.23
76.8	76.24
76.1	76.25
76.1	76.26
76.8	76.27
76.1	76.28
76.1	76.29
76.1	76.30
76.3	76.31
76.8	76.32
76.1	76.33
76.1	76.34
76.1	76.35
76.3	76.36
76.1	76.37
76.1	76.38
76.7	76.39
76.8	76.40
76.3	76.41
76.7	76.42
76.3	76.43
76.5	76.44
76.7	76.45
76.8	76.46
76.1	76.47
76.8	76.48
76.8	76.49
76.5	76.50
76.1	76.51
76.3	76.52
76.8	76.53
76.5	76.54
76.2	76.55
76.1	76.56
76.8	76.57
76.1	76.58
76.1	76.59
76.1	76.60
76.8	76.61
76.4	76.62
76.3	76.63
76.1	76.64
77.11	77.1
77.9	77.2
77.4	77.3
77.13	77.4
77.4	77.5
77.4	77.6
77.4	77.7
77.13	77.8
77.13	77.9
77.9	77.10
77.13	77.11
77.9	77.12
77.4	77.13
77.4	77.14
77.13	77.15
77.13	77.16
77.2	77.17
77.13	77.18
77.4	77.19
77.7	77.20
77.12	77.21
77.4	77.22
77.12	77.23
77.13	77.24
77.13	77.25
77.12	77.26
77.6	77.27
77.13	77.28
77.5	77.29
77.12	77.30
77.4	77.31
77.4	77.32
77.9	77.33
77.14	77.34
77.6	77.35
77.13	77.36
77.4	77.37
77.12	77.38
77.1	77.39
77.1	77.40
77.12	77.41
77.13	77.42
77.4	77.43
77.13	77.44
77.8	77.45
77.9	77.46
77.15	77.47
77.10	77.48
77.4	77.49
77.11	77.50
77.12	77.51
77.9	77.52
77.5	77.53
77.3	77.54
77.13	77.55
77.11	77.56
77.6	77.57
77.13	77.58
77.13	77.59
77.4	77.60
77.13	77.61
77.4	77.62
77.4	77.63
77.12	77.64
78.9	78.1
78.12	78.2
78.15	78.3
78.14	78.4
78.4	78.5
78.1	78.6
78.4	78.7
78.2	78.8
78.5	78.9
78.4	78.10
78.7	78.11
78.12	78.12
78.9	78.13
78.14	78.14
78.11	78.15
78.4	78.16
78.4	78.17
78.13	78.18
78.15	78.19
78.5	78.20
78.5	78.21
78.11	78.22
78.4	78.23
78.15	78.24
78.10	78.25
78.5	78.26
78.4	78.27
78.15	78.28
78.11	78.29
78.15	78.30
78.4	78.31
78.15	78.32
78.10	78.33
78.15	78.34
78.4	78.35
78.15	78.36
78.6	78.37
78.10	78.38
78.4	78.39
78.12	78.40
78.4	78.41
78.15	78.42
78.8	78.43
78.15	78.44
78.4	78.45
78.4	78.46
78.3	78.47
78.15	78.48
78.4	78.49
78.1	78.50
78.1	78.51
78.15	78.52
78.9	78.53
78.14	78.54
78.11	78.55
78.13	78.56
78.15	78.57
78.4	78.58
78.10	78.59
78.7	78.60
78.4	78.61
78.14	78.62
78.11	78.63
78.4	78.64
79.1	79.1
79.1	79.2
79.1	79.3
79.4	79.4
79.4	79.5
79.4	79.6
79.4	79.7
79.4	79.8
79.4	79.9
79.4	79.10
79.4	79.11
79.1	79.12
79.4	79.13
79.3	79.14
79.4	79.15
79.4	79.16
79.1	79.17
79.4	79.18
79.4	79.19
79.4	79.20
79.1	79.21
79.4	79.22
79.4	79.23
79.4	79.24
79.4	79.25
79.1	79.26
79.1	79.27
79.1	79.28
79.4	79.29
79.4	79.30
79.4	79.31
79.4	79.32
79.5	79.33
79.5	79.34
79.4	79.35
79.6	79.36
79.1	79.37
79.2	79.38
79.1	79.39
79.4	79.40
79.1	79.41
79.5	79.42
79.1	79.43
79.1	79.44
79.1	79.45
79.4	79.46
79.4	79.47
79.4	79.48
79.1	79.49
79.5	79.50
79.4	79.51
79.4	79.52
79.4	79.53
79.4	79.54
79.4	79.55
79.4	79.56
79.5	79.57
79.1	79.58
79.4	79.59
79.4	79.60
79.4	79.61
79.4	79.62
79.4	79.63
79.4	79.64
80.5	80.1
80.5	80.2
80.6	80.3
80.5	80.4
80.5	80.5
80.7	80.6
80.5	80.7
80.2	80.8
80.7	80.9
80.7	80.10
80.1	80.11
80.5	80.12
80.7	80.13
80.7	80.14
80.6	80.15
80.5	80.16
80.5	80.17
80.1	80.18
80.5	80.19
80.5	80.20
80.6	80.21
80.7	80.22
80.5	80.23
80.1	80.24
80.7	80.25
80.7	80.26
80.5	80.27
80.7	80.28
80.5	80.29
80.5	80.30
80.1	80.31
80.6	80.32
80.5	80.33
80.7	80.34
80.5	80.35
80.5	80.36
80.5	80.37
80.7	80.38
80.5	80.39
80.5	80.40
80.7	80.41
80.5	80.42
80.5	80.43
80.6	80.44
80.7	80.45
80.7	80.46
80.1	80.47
80.5	80.48
80.7	80.49
80.6	80.50
80.5	80.51
80.7	80.52
80.5	80.53
80.4	80.54
80.5	80.55
80.5	80.56
80.5	80.57
80.5	80.58
80.1	80.59
80.5	80.60
80.7	80.61
80.3	80.62
80.5	80.63
80.5	80.64
81.1	81.1
81.4	81.2
81.4	81.3
81.4	81.4
81.4	81.5
81.1	81.6
81.4	81.7
81.4	81.8
81.4	81.9
81.4	81.10
81.4	81.11
81.1	81.12
81.1	81.13
81.4	81.14
81.4	81.15
81.4	81.16
81.4	81.17
81.4	81.18
81.1	81.19
81.1	81.20
81.4	81.21
81.4	81.22
81.4	81.23
81.4	81.24
81.4	81.25
81.4	81.26
81.1	81.27
81.1	81.28
81.1	81.29
81.1	81.30
81.4	81.31
81.1	81.32
81.1	81.33
81.4	81.34
81.4	81.35
81.4	81.36
81.4	81.37
81.4	81.38
81.1	81.39
81.3	81.40
81.1	81.41
81.4	81.42
81.4	81.43
81.4	81.44
81.4	81.45
81.4	81.46
81.1	81.47
81.4	81.48
81.4	81.49
81.4	81.50
81.1	81.51
81.4	81.52
81.1	81.53
81.4	81.54
81.4	81.55
81.1	81.56
81.4	81.57
81.4	81.58
81.3	81.59
81.4	81.60
81.1	81.61
81.2	81.62
81.4	81.63
81.1	81.64
82.1	82.1
82.8	82.2
82.8	82.3
82.1	82.4
82.7	82.5
82.6	82.6
82.1	82.7
82.8	82.8
82.1	82.9
82.6	82.10
82.8	82.11
82.1	82.12
82.1	82.13
82.8	82.14
82.1	82.15
82.1	82.16
82.7	82.17
82.8	82.18
82.8	82.19
82.1	82.20
82.6	82.21
82.1	82.22
82.2	82.23
82.5	82.24
82.1	82.25
82.8	82.26
82.8	82.27
82.1	82.28
82.8	82.29
82.1	82.30
82.8	82.31
82.1	82.32
82.8	82.33
82.7	82.34
82.1	82.35
82.1	82.36
82.8	82.37
82.1	82.38
82.1	82.39
82.1	82.40
82.8	82.41
82.1	82.42
82.8	82.43
82.1	82.44
82.1	82.45
82.8	82.46
82.8	82.47
82.1	82.48
82.1	82.49
82.6	82.50
82.1	82.51
82.8	82.52
82.8	82.53
82.1	82.54
82.8	82.55
82.7	82.56
82.3	82.57
82.8	82.58
82.7	82.59
82.1	82.60
82.8	82.61
82.4	82.62
82.1	82.63
82.1	82.64
83.10	83.1
83.1	83.2
83.10	83.3
83.10	83.4
83.5	83.5
83.9	83.6
83.8	83.7
83.8	83.8
83.10	83.9
83.8	83.10
83.3	83.11
83.10	83.12
83.10	83.13
83.4	83.14
83.10	83.15
83.10	83.16
83.9	83.17
83.10	83.18
83.1	83.19
83.10	83.20
83.1	83.21
83.7	83.22
83.10	83.23
83.9	83.24
83.7	83.25
83.10	83.26
83.10	83.27
83.9	83.28
83.11	83.29
83.1	83.30
83.10	83.31
83.2	83.32
83.9	83.33
83.4	83.34
83.10	83.35
83.9	83.36
83.10	83.37
83.10	83.38
83.6	83.39
83.1	83.40
83.9	83.41
83.10	83.42
83.8	83.43
83.10	83.44
83.10	83.45
83.1	83.46
83.1	83.47
83.10	83.48
83.10	83.49
83.1	83.50
83.1	83.51
83.1	83.52
83.1	83.53
83.1	83.54
83.10	83.55
83.1	83.56
83.8	83.57
83.1	83.58
83.1	83.59
83.10	83.60
83.1	83.61
83.10	83.62
83.10	83.63
83.8	83.64
84.11	84.1
84.8	84.2
84.11	84.3
84.16	84.4
84.1	84.5
84.14	84.6
84.3	84.7
84.3	84.8
84.11	84.9
84.11	84.10
84.1	84.11
84.11	84.12
84.1	84.13
84.13	84.14
84.1	84.15
84.11	84.16
84.16	84.17
84.5	84.18
84.15	84.19
84.11	84.20
84.16	84.21
84.9	84.22
84.1	84.23
84.11	84.24
84.16	84.25
84.16	84.26
84.6	84.27
84.1	84.28
84.16	84.29
84.1	84.30
84.1	84.31
84.1	84.32
84.12	84.33
84.16	84.34
84.16	84.35
84.9	84.36
84.6	84.37
84.11	84.38
84.11	84.39
84.16	84.40
84.1	84.41
84.1	84.42
84.7	84.43
84.9	84.44
84.9	84.45
84.16	84.46
84.14	84.47
84.15	84.48
84.1	84.49
84.1	84.50
84.2	84.51
84.16	84.52
84.16	84.53
84.4	84.54
84.1	84.55
84.1	84.56
84.1	84.57
84.11	84.58
84.14	84.59
84.10	84.60
84.16	84.61
84.11	84.62
84.9	84.63
84.16	84.64
85.5	85.1
85.7	85.2
85.7	85.3
85.7	85.4
85.7	85.5
85.5	85.6
85.7	85.7
85.7	85.8
85.5	85.9
85.7	85.10
85.5	85.11
85.2	85.12
85.4	85.13
85.6	85.14
85.1	85.15
85.7	85.16
85.7	85.17
85.6	85.18
85.1	85.19
85.7	85.20
85.5	85.21
85.1	85.22
85.7	85.23
85.7	85.24
85.1	85.25
85.7	85.26
85.5	85.27
85.5	85.28
85.3	85.29
85.6	85.30
85.1	85.31
85.7	85.32
85.7	85.33
85.6	85.34
85.6	85.35
85.6	85.36
85.7	85.37
85.7	85.38
85.6	85.39
85.1	85.40
85.6	85.41
85.1	85.42
85.6	85.43
85.7	85.44
85.6	85.45
85.7	85.46
85.7	85.47
85.7	85.48
85.6	85.49
85.6	85.50
85.7	85.51
85.7	85.52
85.7	85.53
85.7	85.54
85.5	85.55
85.5	85.56
85.7	85.57
85.1	85.58
85.1	85.59
85.5	85.60
85.7	85.61
85.6	85.62
85.1	85.63
85.6	85.64
86.4	86.1
86.3	86.2
86.3	86.3
86.3	86.4
86.3	86.5
86.3	86.6
86.3	86.7
86.3	86.8
86.4	86.9
86.4	86.10
86.1	86.11
86.1	86.12
86.3	86.13
86.3	86.14
86.1	86.15
86.3	86.16
86.4	86.17
86.3	86.18
86.4	86.19
86.3	86.20
86.3	86.21
86.3	86.22
86.4	86.23
86.3	86.24
86.3	86.25
86.3	86.26
86.1	86.27
86.3	86.28
86.3	86.29
86.1	86.30
86.4	86.31
86.3	86.32
86.3	86.33
86.3	86.34
86.2	86.35
86.4	86.36
86.4	86.37
86.3	86.38
86.3	86.39
86.1	86.40
86.3	86.41
86.4	86.42
86.4	86.43
86.4	86.44
86.3	86.45
86.3	86.46
86.4	86.47
86.1	86.48
86.4	86.49
86.1	86.50
86.3	86.51
86.3	86.52
86.4	86.53
86.4	86.54
86.4	86.55
86.4	86.56
86.4	86.57
86.4	86.58
86.4	86.59
86.4	86.60
86.4	86.61
86.3	86.62
86.3	86.63
86.3	86.64
87.6	87.1
87.1	87.2
87.1	87.3
87.1	87.4
87.6	87.5
87.1	87.6
87.1	87.7
87.1	87.8
87.6	87.9
87.1	87.10
87.6	87.11
87.1	87.12
87.1	87.13
87.5	87.14
87.1	87.15
87.1	87.16
87.1	87.17
87.1	87.18
87.1	87.19
87.1	87.20
87.1	87.21
87.1	87.22
87.1	87.23
87.1	87.24
87.6	87.25
87.4	87.26
87.1	87.27
87.1	87.28
87.3	87.29
87.6	87.30
87.6	87.31
87.1	87.32
87.1	87.33
87.1	87.34
87.2	87.35
87.1	87.36
87.6	87.37
87.6	87.38
87.6	87.39
87.1	87.40
87.1	87.41
87.1	87.42
87.6	87.43
87.5	87.44
87.6	87.45
87.5	87.46
87.5	87.47
87.1	87.48
87.6	87.49
87.4	87.50
87.5	87.51
87.6	87.52
87.1	87.53
87.6	87.54
87.1	87.55
87.6	87.56
87.6	87.57
87.6	87.58
87.1	87.59
87.6	87.60
87.6	87.61
87.5	87.62
87.1	87.63
87.6	87.64
88.4	88.1
88.4	88.2
88.1	88.3
88.1	88.4
88.8	88.5
88.4	88.6
88.8	88.7
88.8	88.8
88.8	88.9
88.7	88.10
88.8	88.11
88.3	88.12
88.4	88.13
88.6	88.14
88.8	88.15
88.8	88.16
88.1	88.17
88.8	88.18
88.6	88.19
88.6	88.20
88.4	88.21
88.6	88.22
88.1	88.23
88.1	88.24
88.1	88.25
88.1	88.26
88.8	88.27
88.4	88.28
88.7	88.29
88.8	88.30
88.3	88.31
88.5	88.32
88.1	88.33
88.8	88.34
88.6	88.35
88.8	88.36
88.8	88.37
88.8	88.38
88.6	88.39
88.8	88.40
88.1	88.41
88.4	88.42
88.6	88.43
88.5	88.44
88.1	88.45
88.8	88.46
88.8	88.47
88.2	88.48
88.1	88.49
88.8	88.50
88.4	88.51
88.8	88.52
88.8	88.53
88.1	88.54
88.4	88.55
88.4	88.56
88.4	88.57
88.1	88.58
88.8	88.59
88.6	88.60
88.8	88.61
88.1	88.62
88.8	88.63
88.4	88.64
89.7	89.1
89.6	89.2
89.7	89.3
89.5	89.4
89.5	89.5
89.7	89.6
89.6	89.7
89.6	89.8
89.3	89.9
89.6	89.10
89.6	89.11
89.6	89.12
89.5	89.13
89.5	89.14
89.5	89.15
89.5	89.16
89.6	89.17
89.5	89.18
89.5	89.19
89.5	89.20
89.3	89.21
89.7	89.22
89.2	89.23
89.6	89.24
89.5	89.25
89.6	89.26
89.6	89.27
89.7	89.28
89.5	89.29
89.6	89.30
89.3	89.31
89.6	89.32
89.7	89.33
89.4	89.34
89.6	89.35
89.5	89.36
89.3	89.37
89.5	89.38
89.5	89.39
89.5	89.40
89.7	89.41
89.6	89.42
89.6	89.43
89.5	89.44
89.3	89.45
89.6	89.46
89.5	89.47
89.5	89.48
89.6	89.49
89.5	89.50
89.6	89.51
89.6	89.52
89.1	89.53
89.5	89.54
89.6	89.55
89.3	89.56
89.5	89.57
89.6	89.58
89.3	89.59
89.6	89.60
89.5	89.61
89.6	89.62
89.7	89.63
89.6	89.64
90.4	90.1
90.4	90.2
90.4	90.3
90.4	90.4
90.4	90.5
90.8	90.6
90.8	90.7
90.8	90.8
90.8	90.9
90.4	90.10
90.8	90.11
90.4	90.12
90.4	90.13
90.8	90.14
90.4	90.15
90.4	90.16
90.4	90.17
90.8	90.18
90.4	90.19
90.4	90.20
90.4	90.21
90.4	90.22
90.8	90.23
90.4	90.24
90.5	90.25
90.1	90.26
90.4	90.27
90.7	90.28
90.8	90.29
90.4	90.30
90.8	90.31
90.4	90.32
90.8	90.33
90.5	90.34
90.8	90.35
90.4	90.36
90.4	90.37
90.6	90.38
90.8	90.39
90.4	90.40
90.8	90.41
90.7	90.42
90.1	90.43
90.1	90.44
90.4	90.45
90.4	90.46
90.4	90.47
90.4	90.48
90.7	90.49
90.1	90.50
90.4	90.51
90.3	90.52
90.8	90.53
90.4	90.54
90.4	90.55
90.7	90.56
90.8	90.57
90.4	90.58
90.4	90.59
90.7	90.60
90.1	90.61
90.8	90.62
90.8	90.63
90.2	90.64
91.6	91.1
91.1	91.2
91.4	91.3
91.6	91.4
91.1	91.5
91.6	91.6
91.1	91.7
91.1	91.8
91.6	91.9
91.1	91.10
91.1	91.11
91.6	91.12
91.6	91.13
91.1	91.14
91.1	91.15
91.1	91.16
91.6	91.17
91.1	91.18
91.6	91.19
91.1	91.20
91.5	91.21
91.1	91.22
91.4	91.23
91.1	91.24
91.1	91.25
91.1	91.26
91.1	91.27
91.6	91.28
91.8	91.29
91.6	91.30
91.6	91.31
91.6	91.32
91.1	91.33
91.6	91.34
91.6	91.35
91.1	91.36
91.1	91.37
91.8	91.38
91.3	91.39
91.1	91.40
91.1	91.41
91.2	91.42
91.4	91.43
91.5	91.44
91.1	91.45
91.4	91.46
91.4	91.47
91.6	91.48
91.1	91.49
91.4	91.50
91.1	91.51
91.1	91.52
91.6	91.53
91.6	91.54
91.6	91.55
91.6	91.56
91.7	91.57
91.1	91.58
91.6	91.59
91.4	91.60
91.6	91.61
91.1	91.62
91.1	91.63
91.1	91.64
92.1	92.1
92.1	92.2
92.4	92.3
92.1	92.4
92.1	92.5
92.1	92.6
92.4	92.7
92.1	92.8
92.4	92.9
92.4	92.10
92.4	92.11
92.1	92.12
92.1	92.13
92.5	92.14
92.1	92.15
92.1	92.16
92.1	92.17
92.1	92.18
92.1	92.19
92.1	92.20
92.1	92.21
92.1	92.22
92.3	92.23
92.1	92.24
92.4	92.25
92.1	92.26
92.1	92.27
92.4	92.28
92.1	92.29
92.1	92.30
92.4	92.31
92.4	92.32
92.1	92.33
92.4	92.34
92.1	92.35
92.5	92.36
92.1	92.37
92.5	92.38
92.4	92.39
92.1	92.40
92.1	92.41
92.4	92.42
92.4	92.43
92.4	92.44
92.1	92.45
92.1	92.46
92.1	92.47
92.1	92.48
92.1	92.49
92.1	92.50
92.2	92.51
92.1	92.52
92.1	92.53
92.4	92.54
92.4	92.55
92.4	92.56
92.5	92.57
92.1	92.58
92.1	92.59
92.1	92.60
92.1	92.61
92.1	92.62
92.1	92.63
92.4	92.64
93.7	93.1
93.7	93.2
93.12	93.3
93.12	93.4
93.7	93.5
93.12	93.6
93.7	93.7
93.7	93.8
93.7	93.9
93.7	93.10
93.7	93.11
93.7	93.12
93.1	93.13
93.8	93.14
93.7	93.15
93.12	93.16
93.12	93.17
93.7	93.18
93.7	93.19
93.7	93.20
93.12	93.21
93.12	93.22
93.7	93.23
93.7	93.24
93.8	93.25
93.7	93.26
93.7	93.27
93.7	93.28
93.7	93.29
93.12	93.30
93.12	93.31
93.7	93.32
93.5	93.33
93.7	93.34
93.1	93.35
93.9	93.36
93.10	93.37
93.7	93.38
93.12	93.39
93.7	93.40
93.12	93.41
93.12	93.42
93.11	93.43
93.4	93.44
93.10	93.45
93.7	93.46
93.12	93.47
93.7	93.48
93.12	93.49
93.1	93.50
93.12	93.51
93.11	93.52
93.12	93.53
93.6	93.54
93.11	93.55
93.7	93.56
93.7	93.57
93.2	93.58
93.3	93.59
93.7	93.60
93.12	93.61
93.12	93.62
93.10	93.63
93.12	93.64
94.1	94.1
94.1	94.2
94.7	94.3
94.1	94.4
94.1	94.5
94.1	94.6
94.1	94.7
94.9	94.8
94.1	94.9
94.1	94.10
94.1	94.11
94.7	94.12
94.1	94.13
94.7	94.14
94.7	94.15
94.6	94.16
94.1	94.17
94.7	94.18
94.7	94.19
94.9	94.20
94.1	94.21
94.7	94.22
94.7	94.23
94.7	94.24
94.1	94.25
94.1	94.26
94.1	94.27
94.1	94.28
94.7	94.29
94.1	94.30
94.7	94.31
94.4	94.32
94.1	94.33
94.1	94.34
94.1	94.35
94.2	94.36
94.1	94.37
94.5	94.38
94.1	94.39
94.1	94.40
94.7	94.41
94.7	94.42
94.3	94.43
94.1	94.44
94.7	94.45
94.7	94.46
94.1	94.47
94.1	94.48
94.7	94.49
94.1	94.50
94.1	94.51
94.1	94.52
94.8	94.53
94.1	94.54
94.1	94.55
94.1	94.56
94.1	94.57
94.1	94.58
94.1	94.59
94.7	94.60
94.7	94.61
94.1	94.62
94.1	94.63
94.7	94.64
95.6	95.1
95.7	95.2
95.7	95.3
95.3	95.4
95.7	95.5
95.2	95.6
95.7	95.7
95.1	95.8
95.4	95.9
95.7	95.10
95.7	95.11
95.6	95.12
95.5	95.13
95.7	95.14
95.5	95.15
95.1	95.16
95.7	95.17
95.7	95.18
95.6	95.19
95.7	95.20
95.7	95.21
95.6	95.22
95.6	95.23
95.7	95.24
95.6	95.25
95.1	95.26
95.7	95.27
95.6	95.28
95.7	95.29
95.7	95.30
95.6	95.31
95.6	95.32
95.7	95.33
95.6	95.34
95.7	95.35
95.5	95.36
95.6	95.37
95.7	95.38
95.1	95.39
95.1	95.40
95.1	95.41
95.7	95.42
95.6	95.43
95.6	95.44
95.7	95.45
95.6	95.46
95.7	95.47
95.1	95.48
95.7	95.49
95.6	95.50
95.7	95.51
95.6	95.52
95.6	95.53
95.6	95.54
95.1	95.55
95.3	95.56
95.7	95.57
95.1	95.58
95.7	95.59
95.6	95.60
95.6	95.61
95.7	95.62
95.3	95.63
95.7	95.64
96.5	96.1
96.8	96.2
96.1	96.3
96.1	96.4
96.3	96.5
96.10	96.6
96.5	96.7
96.5	96.8
96.1	96.9
96.6	96.10
96.1	96.11
96.10	96.12
96.6	96.13
96.1	96.14
96.4	96.15
96.5	96.16
96.5	96.17
96.10	96.18
96.10	96.19
96.3	96.20
96.8	96.21
96.1	96.22
96.10	96.23
96.9	96.24
96.5	96.25
96.5	96.26
96.8	96.27
96.1	96.28
96.1	96.29
96.10	96.30
96.9	96.31
96.1	96.32
96.11	96.33
96.10	96.34
96.10	96.35
96.10	96.36
96.4	96.37
96.5	96.38
96.1	96.39
96.8	96.40
96.5	96.41
96.1	96.42
96.10	96.43
96.10	96.44
96.1	96.45
96.10	96.46
96.5	96.47
96.10	96.48
96.10	96.49
96.10	96.50
96.1	96.51
96.5	96.52
96.8	96.53
96.2	96.54
96.1	96.55
96.5	96.56
96.5	96.57
96.7	96.58
96.1	96.59
96.4	96.60
96.5	96.61
96.10	96.62
96.6	96.63
96.8	96.64
97.7	97.1
97.7	97.2
97.1	97.3
97.1	97.4
97.7	97.5
97.6	97.6
97.5	97.7
97.7	97.8
97.4	97.9
97.7	97.10
97.7	97.11
97.1	97.12
97.7	97.13
97.7	97.14
97.7	97.15
97.1	97.16
97.7	97.17
97.1	97.18
97.3	97.19
97.7	97.20
97.7	97.21
97.4	97.22
97.4	97.23
97.7	97.24
97.3	97.25
97.3	97.26
97.7	97.27
97.1	97.28
97.4	97.29
97.6	97.30
97.6	97.31
97.4	97.32
97.4	97.33
97.4	97.34
97.6	97.35
97.7	97.36
97.7	97.37
97.4	97.38
97.1	97.39
97.7	97.40
97.2	97.41
97.7	97.42
97.5	97.43
97.4	97.44
97.7	97.45
97.1	97.46
97.6	97.47
97.1	97.48
97.6	97.49
97.1	97.50
97.6	97.51
97.4	97.52
97.1	97.53
97.7	97.54
97.1	97.55
97.1	97.56
97.7	97.57
97.5	97.58
97.1	97.59
97.7	97.60
97.4	97.61
97.1	97.62
97.7	97.63
97.7	97.64
98.8	98.1
98.8	98.2
98.8	98.3
98.8	98.4
98.8	98.5
98.8	98.6
98.1	98.7
98.8	98.8
98.5	98.9
98.8	98.10
98.8	98.11
98.5	98.12
98.8	98.13
98.5	98.14
98.6	98.15
98.8	98.16
98.5	98.17
98.8	98.18
98.8	98.19
98.9	98.20
98.1	98.21
98.8	98.22
98.8	98.23
98.8	98.24
98.8	98.25
98.8	98.26
98.5	98.27
98.7	98.28
98.1	98.29
98.8	98.30
98.1	98.31
98.9	98.32
98.8	98.33
98.8	98.34
98.8	98.35
98.8	98.36
98.1	98.37
98.5	98.38
98.9	98.39
98.5	98.40
98.1	98.41
98.7	98.42
98.5	98.43
98.5	98.44
98.5	98.45
98.8	98.46
98.8	98.47
98.5	98.48
98.5	98.49
98.1	98.50
98.8	98.51
98.5	98.52
98.5	98.53
98.2	98.54
98.8	98.55
98.5	98.56
98.8	98.57
98.4	98.58
98.8	98.59
98.5	98.60
98.3	98.61
98.8	98.62
98.8	98.63
98.5	98.64
99.5	99.1
99.1	99.2
99.5	99.3
99.4	99.4
99.1	99.5
99.1	99.6
99.5	99.7
99.1	99.8
99.5	99.9
99.1	99.10
99.1	99.11
99.1	99.12
99.5	99.13
99.1	99.14
99.4	99.15
99.1	99.16
99.3	99.17
99.1	99.18
99.1	99.19
99.1	99.20
99.5	99.21
99.5	99.22
99.5	99.23
99.2	99.24
99.1	99.25
99.4	99.26
99.4	99.27
99.5	99.28
99.1	99.29
99.5	99.30
99.1	99.31
99.5	99.32
99.1	99.33
99.5	99.34
99.3	99.35
99.1	99.36
99.5	99.37
99.1	99.38
99.1	99.39
99.1	99.40
99.1	99.41
99.1	99.42
99.1	99.43
99.1	99.44
99.1	99.45
99.3	99.46
99.4	99.47
99.1	99.48
99.1	99.49
99.1	99.50
99.1	99.51
99.5	99.52
99.1	99.53
99.1	99.54
99.1	99.55
99.5	99.56
99.1	99.57
99.5	99.58
99.1	99.59
99.1	99.60
99.1	99.61
99.1	99.62
99.5	99.63
99.1	99.64
100.1	100.1
100.6	100.2
100.10	100.3
100.5	100.4
100.1	100.5
100.8	100.6
100.8	100.7
100.10	100.8
100.8	100.9
100.1	100.10
100.10	100.11
100.1	100.12
100.8	100.13
100.6	100.14
100.8	100.15
100.10	100.16
100.1	100.17
100.1	100.18
100.10	100.19
100.8	100.20
100.6	100.21
100.10	100.22
100.7	100.23
100.8	100.24
100.10	100.25
100.8	100.26
100.1	100.27
100.1	100.28
100.8	100.29
100.10	100.30
100.7	100.31
100.10	100.32
100.8	100.33
100.4	100.34
100.4	100.35
100.10	100.36
100.8	100.37
100.8	100.38
100.10	100.39
100.10	100.40
100.10	100.41
100.10	100.42
100.10	100.43
100.8	100.44
100.8	100.45
100.1	100.46
100.10	100.47
100.10	100.48
100.8	100.49
100.10	100.50
100.7	100.51
100.10	100.52
100.3	100.53
100.1	100.54
100.2	100.55
100.1	100.56
100.4	100.57
100.10	100.58
100.9	100.59
100.1	100.60
100.1	100.61
100.10	100.62
100.8	100.63
100.6	100.64