subTopicID	resultID
1.1	1.1
1.4	1.2
1.1	1.3
1.4	1.4
1.6	1.5
1.1	1.6
1.4	1.7
1.1	1.8
1.4	1.9
1.1	1.10
1.1	1.11
1.4	1.12
1.4	1.13
1.4	1.14
1.4	1.15
1.4	1.16
1.4	1.17
1.1	1.18
1.6	1.19
1.5	1.20
1.4	1.21
1.6	1.22
1.4	1.23
1.1	1.24
1.1	1.25
1.1	1.26
1.1	1.27
1.4	1.28
1.1	1.29
1.5	1.30
1.4	1.31
1.4	1.32
1.1	1.33
1.1	1.34
1.1	1.35
1.1	1.36
1.6	1.37
1.4	1.38
1.3	1.39
1.1	1.40
1.1	1.41
1.4	1.42
1.1	1.43
1.4	1.44
1.1	1.45
1.1	1.46
1.1	1.47
1.6	1.48
1.8	1.49
1.8	1.50
1.6	1.51
1.1	1.52
1.4	1.53
1.1	1.54
1.7	1.55
1.4	1.56
1.1	1.57
1.1	1.58
1.6	1.59
1.1	1.60
1.2	1.61
1.1	1.62
1.4	1.63
1.1	1.64
2.9	2.1
2.1	2.2
2.1	2.3
2.9	2.4
2.7	2.5
2.1	2.6
2.9	2.7
2.9	2.8
2.9	2.9
2.1	2.10
2.9	2.11
2.8	2.12
2.9	2.13
2.9	2.14
2.9	2.15
2.9	2.16
2.7	2.17
2.9	2.18
2.9	2.19
2.9	2.20
2.7	2.21
2.3	2.22
2.4	2.23
2.9	2.24
2.1	2.25
2.9	2.26
2.1	2.27
2.6	2.28
2.7	2.29
2.9	2.30
2.9	2.31
2.1	2.32
2.9	2.33
2.1	2.34
2.1	2.35
2.6	2.36
2.1	2.37
2.6	2.38
2.7	2.39
2.2	2.40
2.1	2.41
2.8	2.42
2.9	2.43
2.1	2.44
2.9	2.45
2.8	2.46
2.1	2.47
2.5	2.48
2.1	2.49
2.7	2.50
2.9	2.51
2.1	2.52
2.6	2.53
2.1	2.54
2.1	2.55
2.1	2.56
2.7	2.57
2.6	2.58
2.1	2.59
2.6	2.60
2.1	2.61
2.7	2.62
2.6	2.63
2.7	2.64
3.1	3.1
3.11	3.2
3.11	3.3
3.10	3.4
3.1	3.5
3.11	3.6
3.11	3.7
3.1	3.8
3.1	3.9
3.11	3.10
3.1	3.11
3.1	3.12
3.11	3.13
3.11	3.14
3.1	3.15
3.11	3.16
3.11	3.17
3.1	3.18
3.10	3.19
3.10	3.20
3.1	3.21
3.11	3.22
3.4	3.23
3.11	3.24
3.1	3.25
3.11	3.26
3.5	3.27
3.11	3.28
3.10	3.29
3.10	3.30
3.1	3.31
3.10	3.32
3.1	3.33
3.11	3.34
3.1	3.35
3.1	3.36
3.11	3.37
3.7	3.38
3.6	3.39
3.11	3.40
3.11	3.41
3.11	3.42
3.1	3.43
3.10	3.44
3.1	3.45
3.11	3.46
3.9	3.47
3.1	3.48
3.1	3.49
3.8	3.50
3.3	3.51
3.1	3.52
3.1	3.53
3.11	3.54
3.1	3.55
3.10	3.56
3.11	3.57
3.2	3.58
3.1	3.59
3.10	3.60
3.1	3.61
3.11	3.62
3.8	3.63
3.11	3.64
4.7	4.1
4.4	4.2
4.1	4.3
4.1	4.4
4.1	4.5
4.6	4.6
4.1	4.7
4.1	4.8
4.7	4.9
4.6	4.10
4.7	4.11
4.1	4.12
4.1	4.13
4.1	4.14
4.1	4.15
4.1	4.16
4.7	4.17
4.7	4.18
4.7	4.19
4.1	4.20
4.1	4.21
4.7	4.22
4.3	4.23
4.7	4.24
4.6	4.25
4.1	4.26
4.6	4.27
4.1	4.28
4.1	4.29
4.1	4.30
4.6	4.31
4.7	4.32
4.1	4.33
4.7	4.34
4.7	4.35
4.7	4.36
4.6	4.37
4.1	4.38
4.1	4.39
4.7	4.40
4.7	4.41
4.1	4.42
4.1	4.43
4.6	4.44
4.1	4.45
4.2	4.46
4.1	4.47
4.1	4.48
4.5	4.49
4.7	4.50
4.7	4.51
4.1	4.52
4.1	4.53
4.7	4.54
4.5	4.55
4.7	4.56
4.5	4.57
4.7	4.58
4.5	4.59
4.1	4.60
4.7	4.61
4.1	4.62
4.7	4.63
4.6	4.64
5.5	5.1
5.5	5.2
5.5	5.3
5.5	5.4
5.7	5.5
5.5	5.6
5.1	5.7
5.5	5.8
5.5	5.9
5.5	5.10
5.9	5.11
5.9	5.12
5.9	5.13
5.1	5.14
5.1	5.15
5.5	5.16
5.1	5.17
5.5	5.18
5.4	5.19
5.5	5.20
5.5	5.21
5.9	5.22
5.1	5.23
5.9	5.24
5.7	5.25
5.4	5.26
5.5	5.27
5.9	5.28
5.5	5.29
5.9	5.30
5.5	5.31
5.9	5.32
5.3	5.33
5.5	5.34
5.9	5.35
5.9	5.36
5.5	5.37
5.2	5.38
5.5	5.39
5.5	5.40
5.5	5.41
5.5	5.42
5.5	5.43
5.6	5.44
5.5	5.45
5.5	5.46
5.8	5.47
5.1	5.48
5.5	5.49
5.1	5.50
5.5	5.51
5.5	5.52
5.1	5.53
5.7	5.54
5.1	5.55
5.9	5.56
5.5	5.57
5.5	5.58
5.5	5.59
5.9	5.60
5.9	5.61
5.5	5.62
5.1	5.63
5.5	5.64
6.7	6.1
6.6	6.2
6.1	6.3
6.5	6.4
6.4	6.5
6.6	6.6
6.1	6.7
6.1	6.8
6.7	6.9
6.7	6.10
6.1	6.11
6.6	6.12
6.1	6.13
6.1	6.14
6.6	6.15
6.1	6.16
6.1	6.17
6.6	6.18
6.7	6.19
6.2	6.20
6.8	6.21
6.6	6.22
6.6	6.23
6.8	6.24
6.1	6.25
6.1	6.26
6.1	6.27
6.1	6.28
6.1	6.29
6.1	6.30
6.3	6.31
6.1	6.32
6.7	6.33
6.1	6.34
6.7	6.35
6.1	6.36
6.5	6.37
6.7	6.38
6.7	6.39
6.1	6.40
6.6	6.41
6.1	6.42
6.6	6.43
6.6	6.44
6.6	6.45
6.6	6.46
6.1	6.47
6.7	6.48
6.1	6.49
6.1	6.50
6.1	6.51
6.7	6.52
6.6	6.53
6.1	6.54
6.5	6.55
6.1	6.56
6.7	6.57
6.7	6.58
6.7	6.59
6.7	6.60
6.1	6.61
6.1	6.62
6.7	6.63
6.6	6.64
7.3	7.1
7.3	7.2
7.3	7.3
7.3	7.4
7.1	7.5
7.1	7.6
7.3	7.7
7.3	7.8
7.1	7.9
7.1	7.10
7.3	7.11
7.3	7.12
7.3	7.13
7.1	7.14
7.3	7.15
7.3	7.16
7.3	7.17
7.3	7.18
7.1	7.19
7.3	7.20
7.3	7.21
7.1	7.22
7.3	7.23
7.3	7.24
7.3	7.25
7.3	7.26
7.3	7.27
7.3	7.28
7.1	7.29
7.3	7.30
7.1	7.31
7.1	7.32
7.1	7.33
7.1	7.34
7.3	7.35
7.2	7.36
7.3	7.37
7.1	7.38
7.1	7.39
7.3	7.40
7.3	7.41
7.1	7.42
7.3	7.43
7.3	7.44
7.1	7.45
7.1	7.46
7.1	7.47
7.1	7.48
7.1	7.49
7.3	7.50
7.1	7.51
7.3	7.52
7.3	7.53
7.3	7.54
7.3	7.55
7.1	7.56
7.3	7.57
7.3	7.58
7.3	7.59
7.3	7.60
7.1	7.61
7.1	7.62
7.1	7.63
7.1	7.64
8.3	8.1
8.3	8.2
8.3	8.3
8.5	8.4
8.1	8.5
8.1	8.6
8.5	8.7
8.1	8.8
8.1	8.9
8.5	8.10
8.1	8.11
8.5	8.12
8.1	8.13
8.1	8.14
8.3	8.15
8.1	8.16
8.4	8.17
8.5	8.18
8.1	8.19
8.1	8.20
8.2	8.21
8.5	8.22
8.1	8.23
8.1	8.24
8.3	8.25
8.3	8.26
8.3	8.27
8.5	8.28
8.5	8.29
8.3	8.30
8.5	8.31
8.5	8.32
8.1	8.33
8.3	8.34
8.1	8.35
8.3	8.36
8.3	8.37
8.3	8.38
8.3	8.39
8.5	8.40
8.3	8.41
8.3	8.42
8.5	8.43
8.1	8.44
8.5	8.45
8.1	8.46
8.1	8.47
8.3	8.48
8.3	8.49
8.3	8.50
8.3	8.51
8.5	8.52
8.3	8.53
8.3	8.54
8.3	8.55
8.5	8.56
8.1	8.57
8.5	8.58
8.5	8.59
8.3	8.60
8.5	8.61
8.3	8.62
8.1	8.63
8.1	8.64
9.5	9.1
9.7	9.2
9.1	9.3
9.1	9.4
9.9	9.5
9.7	9.6
9.7	9.7
9.9	9.8
9.7	9.9
9.7	9.10
9.7	9.11
9.7	9.12
9.9	9.13
9.5	9.14
9.9	9.15
9.1	9.16
9.8	9.17
9.1	9.18
9.1	9.19
9.1	9.20
9.1	9.21
9.7	9.22
9.5	9.23
9.7	9.24
9.5	9.25
9.2	9.26
9.9	9.27
9.9	9.28
9.1	9.29
9.7	9.30
9.1	9.31
9.9	9.32
9.3	9.33
9.1	9.34
9.7	9.35
9.7	9.36
9.9	9.37
9.6	9.38
9.8	9.39
9.4	9.40
9.1	9.41
9.3	9.42
9.5	9.43
9.8	9.44
9.5	9.45
9.4	9.46
9.9	9.47
9.7	9.48
9.9	9.49
9.1	9.50
9.7	9.51
9.1	9.52
9.7	9.53
9.7	9.54
9.9	9.55
9.9	9.56
9.1	9.57
9.9	9.58
9.1	9.59
9.9	9.60
9.7	9.61
9.9	9.62
9.7	9.63
9.9	9.64
10.1	10.1
10.1	10.2
10.6	10.3
10.1	10.4
10.1	10.5
10.1	10.6
10.1	10.7
10.6	10.8
10.6	10.9
10.1	10.10
10.1	10.11
10.6	10.12
10.4	10.13
10.1	10.14
10.1	10.15
10.1	10.16
10.1	10.17
10.1	10.18
10.1	10.19
10.1	10.20
10.7	10.21
10.1	10.22
10.7	10.23
10.1	10.24
10.6	10.25
10.6	10.26
10.6	10.27
10.6	10.28
10.1	10.29
10.1	10.30
10.7	10.31
10.6	10.32
10.3	10.33
10.4	10.34
10.1	10.35
10.7	10.36
10.1	10.37
10.1	10.38
10.6	10.39
10.6	10.40
10.1	10.41
10.2	10.42
10.2	10.43
10.1	10.44
10.6	10.45
10.1	10.46
10.6	10.47
10.7	10.48
10.6	10.49
10.6	10.50
10.6	10.51
10.1	10.52
10.7	10.53
10.1	10.54
10.7	10.55
10.1	10.56
10.6	10.57
10.6	10.58
10.6	10.59
10.4	10.60
10.6	10.61
10.5	10.62
10.1	10.63
10.2	10.64
11.1	11.1
11.3	11.2
11.1	11.3
11.9	11.4
11.9	11.5
11.8	11.6
11.7	11.7
11.9	11.8
11.8	11.9
11.1	11.10
11.9	11.11
11.9	11.12
11.1	11.13
11.9	11.14
11.7	11.15
11.1	11.16
11.5	11.17
11.7	11.18
11.8	11.19
11.1	11.20
11.5	11.21
11.4	11.22
11.9	11.23
11.6	11.24
11.1	11.25
11.1	11.26
11.7	11.27
11.1	11.28
11.1	11.29
11.1	11.30
11.8	11.31
11.1	11.32
11.9	11.33
11.9	11.34
11.9	11.35
11.9	11.36
11.1	11.37
11.1	11.38
11.9	11.39
11.6	11.40
11.8	11.41
11.1	11.42
11.9	11.43
11.9	11.44
11.9	11.45
11.9	11.46
11.9	11.47
11.5	11.48
11.9	11.49
11.7	11.50
11.1	11.51
11.1	11.52
11.1	11.53
11.9	11.54
11.1	11.55
11.6	11.56
11.9	11.57
11.7	11.58
11.2	11.59
11.1	11.60
11.9	11.61
11.9	11.62
11.9	11.63
11.9	11.64
12.3	12.1
12.1	12.2
12.5	12.3
12.2	12.4
12.3	12.5
12.3	12.6
12.5	12.7
12.3	12.8
12.3	12.9
12.7	12.10
12.3	12.11
12.3	12.12
12.3	12.13
12.3	12.14
12.6	12.15
12.3	12.16
12.3	12.17
12.6	12.18
12.3	12.19
12.3	12.20
12.6	12.21
12.3	12.22
12.7	12.23
12.3	12.24
12.3	12.25
12.6	12.26
12.5	12.27
12.3	12.28
12.3	12.29
12.3	12.30
12.3	12.31
12.3	12.32
12.3	12.33
12.3	12.34
12.4	12.35
12.3	12.36
12.3	12.37
12.3	12.38
12.6	12.39
12.3	12.40
12.3	12.41
12.6	12.42
12.3	12.43
12.6	12.44
12.3	12.45
12.3	12.46
12.3	12.47
12.3	12.48
12.6	12.49
12.3	12.50
12.3	12.51
12.3	12.52
12.6	12.53
12.3	12.54
12.5	12.55
12.3	12.56
12.3	12.57
12.3	12.58
12.6	12.59
12.3	12.60
12.3	12.61
12.3	12.62
12.6	12.63
12.3	12.64
13.7	13.1
13.7	13.2
13.7	13.3
13.1	13.4
13.7	13.5
13.7	13.6
13.2	13.7
13.7	13.8
13.4	13.9
13.7	13.10
13.7	13.11
13.7	13.12
13.1	13.13
13.7	13.14
13.7	13.15
13.7	13.16
13.7	13.17
13.1	13.18
13.7	13.19
13.7	13.20
13.7	13.21
13.7	13.22
13.7	13.23
13.7	13.24
13.7	13.25
13.7	13.26
13.7	13.27
13.7	13.28
13.7	13.29
13.7	13.30
13.1	13.31
13.1	13.32
13.1	13.33
13.7	13.34
13.1	13.35
13.7	13.36
13.7	13.37
13.5	13.38
13.7	13.39
13.7	13.40
13.7	13.41
13.6	13.42
13.1	13.43
13.1	13.44
13.7	13.45
13.7	13.46
13.1	13.47
13.7	13.48
13.1	13.49
13.6	13.50
13.7	13.51
13.3	13.52
13.1	13.53
13.7	13.54
13.7	13.55
13.1	13.56
13.1	13.57
13.3	13.58
13.7	13.59
13.1	13.60
13.7	13.61
13.7	13.62
13.7	13.63
13.7	13.64
14.1	14.1
14.1	14.2
14.1	14.3
14.1	14.4
14.5	14.5
14.5	14.6
14.3	14.7
14.5	14.8
14.5	14.9
14.5	14.10
14.1	14.11
14.2	14.12
14.5	14.13
14.1	14.14
14.5	14.15
14.1	14.16
14.4	14.17
14.5	14.18
14.6	14.19
14.1	14.20
14.5	14.21
14.4	14.22
14.4	14.23
14.5	14.24
14.4	14.25
14.5	14.26
14.1	14.27
14.4	14.28
14.4	14.29
14.5	14.30
14.1	14.31
14.5	14.32
14.5	14.33
14.4	14.34
14.1	14.35
14.5	14.36
14.1	14.37
14.1	14.38
14.1	14.39
14.1	14.40
14.1	14.41
14.1	14.42
14.5	14.43
14.5	14.44
14.5	14.45
14.4	14.46
14.5	14.47
14.5	14.48
14.4	14.49
14.1	14.50
14.4	14.51
14.1	14.52
14.1	14.53
14.1	14.54
14.1	14.55
14.1	14.56
14.1	14.57
14.1	14.58
14.4	14.59
14.1	14.60
14.1	14.61
14.5	14.62
14.1	14.63
14.1	14.64
15.10	15.1
15.13	15.2
15.11	15.3
15.13	15.4
15.6	15.5
15.7	15.6
15.6	15.7
15.13	15.8
15.6	15.9
15.6	15.10
15.7	15.11
15.6	15.12
15.7	15.13
15.13	15.14
15.13	15.15
15.6	15.16
15.12	15.17
15.6	15.18
15.6	15.19
15.6	15.20
15.6	15.21
15.13	15.22
15.6	15.23
15.12	15.24
15.6	15.25
15.6	15.26
15.6	15.27
15.10	15.28
15.13	15.29
15.13	15.30
15.13	15.31
15.7	15.32
15.13	15.33
15.7	15.34
15.6	15.35
15.13	15.36
15.5	15.37
15.6	15.38
15.7	15.39
15.13	15.40
15.7	15.41
15.13	15.42
15.13	15.43
15.14	15.44
15.13	15.45
15.7	15.46
15.10	15.47
15.2	15.48
15.13	15.49
15.9	15.50
15.12	15.51
15.12	15.52
15.4	15.53
15.8	15.54
15.6	15.55
15.1	15.56
15.12	15.57
15.10	15.58
15.1	15.59
15.14	15.60
15.3	15.61
15.1	15.62
15.1	15.63
15.7	15.64
16.10	16.1
16.6	16.2
16.10	16.3
16.4	16.4
16.4	16.5
16.4	16.6
16.10	16.7
16.9	16.8
16.10	16.9
16.10	16.10
16.10	16.11
16.9	16.12
16.10	16.13
16.4	16.14
16.10	16.15
16.10	16.16
16.8	16.17
16.10	16.18
16.10	16.19
16.10	16.20
16.4	16.21
16.2	16.22
16.9	16.23
16.10	16.24
16.10	16.25
16.10	16.26
16.4	16.27
16.4	16.28
16.5	16.29
16.4	16.30
16.4	16.31
16.10	16.32
16.9	16.33
16.10	16.34
16.1	16.35
16.4	16.36
16.4	16.37
16.10	16.38
16.4	16.39
16.10	16.40
16.4	16.41
16.5	16.42
16.10	16.43
16.10	16.44
16.7	16.45
16.9	16.46
16.4	16.47
16.3	16.48
16.7	16.49
16.7	16.50
16.4	16.51
16.10	16.52
16.4	16.53
16.10	16.54
16.4	16.55
16.11	16.56
16.4	16.57
16.4	16.58
16.9	16.59
16.4	16.60
16.4	16.61
16.9	16.62
16.8	16.63
16.4	16.64
17.8	17.1
17.3	17.2
17.3	17.3
17.3	17.4
17.3	17.5
17.4	17.6
17.3	17.7
17.7	17.8
17.3	17.9
17.9	17.10
17.8	17.11
17.6	17.12
17.8	17.13
17.9	17.14
17.3	17.15
17.8	17.16
17.7	17.17
17.3	17.18
17.8	17.19
17.8	17.20
17.1	17.21
17.5	17.22
17.7	17.23
17.8	17.24
17.3	17.25
17.3	17.26
17.3	17.27
17.7	17.28
17.3	17.29
17.3	17.30
17.1	17.31
17.3	17.32
17.3	17.33
17.3	17.34
17.6	17.35
17.1	17.36
17.3	17.37
17.5	17.38
17.7	17.39
17.6	17.40
17.8	17.41
17.3	17.42
17.8	17.43
17.8	17.44
17.8	17.45
17.8	17.46
17.5	17.47
17.3	17.48
17.6	17.49
17.6	17.50
17.1	17.51
17.6	17.52
17.3	17.53
17.3	17.54
17.7	17.55
17.2	17.56
17.6	17.57
17.8	17.58
17.3	17.59
17.3	17.60
17.3	17.61
17.6	17.62
17.3	17.63
17.3	17.64
18.4	18.1
18.7	18.2
18.14	18.3
18.13	18.4
18.14	18.5
18.13	18.6
18.14	18.7
18.13	18.8
18.1	18.9
18.11	18.10
18.1	18.11
18.14	18.12
18.9	18.13
18.13	18.14
18.11	18.15
18.11	18.16
18.10	18.17
18.9	18.18
18.9	18.19
18.13	18.20
18.11	18.21
18.13	18.22
18.1	18.23
18.1	18.24
18.13	18.25
18.1	18.26
18.10	18.27
18.11	18.28
18.3	18.29
18.1	18.30
18.1	18.31
18.11	18.32
18.1	18.33
18.1	18.34
18.8	18.35
18.13	18.36
18.1	18.37
18.10	18.38
18.9	18.39
18.11	18.40
18.1	18.41
18.7	18.42
18.5	18.43
18.11	18.44
18.13	18.45
18.10	18.46
18.13	18.47
18.11	18.48
18.13	18.49
18.6	18.50
18.8	18.51
18.13	18.52
18.1	18.53
18.10	18.54
18.7	18.55
18.2	18.56
18.12	18.57
18.10	18.58
18.10	18.59
18.10	18.60
18.1	18.61
18.12	18.62
18.10	18.63
18.1	18.64
19.12	19.1
19.9	19.2
19.4	19.3
19.4	19.4
19.12	19.5
19.9	19.6
19.7	19.7
19.4	19.8
19.1	19.9
19.10	19.10
19.10	19.11
19.3	19.12
19.1	19.13
19.12	19.14
19.10	19.15
19.10	19.16
19.4	19.17
19.9	19.18
19.10	19.19
19.4	19.20
19.11	19.21
19.6	19.22
19.10	19.23
19.4	19.24
19.4	19.25
19.12	19.26
19.5	19.27
19.10	19.28
19.1	19.29
19.10	19.30
19.4	19.31
19.10	19.32
19.4	19.33
19.2	19.34
19.4	19.35
19.4	19.36
19.4	19.37
19.4	19.38
19.10	19.39
19.9	19.40
19.4	19.41
19.1	19.42
19.4	19.43
19.10	19.44
19.4	19.45
19.4	19.46
19.10	19.47
19.4	19.48
19.10	19.49
19.12	19.50
19.10	19.51
19.9	19.52
19.10	19.53
19.9	19.54
19.9	19.55
19.12	19.56
19.10	19.57
19.8	19.58
19.10	19.59
19.10	19.60
19.9	19.61
19.4	19.62
19.4	19.63
19.4	19.64
20.7	20.1
20.1	20.2
20.1	20.3
20.1	20.4
20.1	20.5
20.7	20.6
20.7	20.7
20.7	20.8
20.6	20.9
20.1	20.10
20.1	20.11
20.7	20.12
20.7	20.13
20.7	20.14
20.1	20.15
20.7	20.16
20.1	20.17
20.2	20.18
20.1	20.19
20.5	20.20
20.1	20.21
20.1	20.22
20.7	20.23
20.5	20.24
20.1	20.25
20.1	20.26
20.1	20.27
20.5	20.28
20.7	20.29
20.6	20.30
20.5	20.31
20.3	20.32
20.5	20.33
20.7	20.34
20.1	20.35
20.5	20.36
20.1	20.37
20.7	20.38
20.7	20.39
20.1	20.40
20.5	20.41
20.4	20.42
20.7	20.43
20.7	20.44
20.1	20.45
20.7	20.46
20.7	20.47
20.1	20.48
20.5	20.49
20.7	20.50
20.1	20.51
20.1	20.52
20.5	20.53
20.1	20.54
20.6	20.55
20.8	20.56
20.5	20.57
20.1	20.58
20.7	20.59
20.7	20.60
20.6	20.61
20.6	20.62
20.1	20.63
20.7	20.64
21.6	21.1
21.6	21.2
21.4	21.3
21.6	21.4
21.6	21.5
21.1	21.6
21.1	21.7
21.3	21.8
21.6	21.9
21.6	21.10
21.6	21.11
21.2	21.12
21.1	21.13
21.1	21.14
21.6	21.15
21.1	21.16
21.6	21.17
21.6	21.18
21.1	21.19
21.6	21.20
21.4	21.21
21.5	21.22
21.5	21.23
21.1	21.24
21.6	21.25
21.6	21.26
21.1	21.27
21.1	21.28
21.6	21.29
21.1	21.30
21.6	21.31
21.6	21.32
21.1	21.33
21.4	21.34
21.1	21.35
21.4	21.36
21.1	21.37
21.1	21.38
21.1	21.39
21.6	21.40
21.5	21.41
21.6	21.42
21.6	21.43
21.6	21.44
21.6	21.45
21.1	21.46
21.6	21.47
21.1	21.48
21.6	21.49
21.6	21.50
21.6	21.51
21.6	21.52
21.6	21.53
21.1	21.54
21.6	21.55
21.1	21.56
21.1	21.57
21.5	21.58
21.6	21.59
21.4	21.60
21.5	21.61
21.1	21.62
21.1	21.63
21.4	21.64
22.7	22.1
22.1	22.2
22.10	22.3
22.13	22.4
22.14	22.5
22.10	22.6
22.12	22.7
22.10	22.8
22.7	22.9
22.1	22.10
22.1	22.11
22.1	22.12
22.1	22.13
22.1	22.14
22.6	22.15
22.1	22.16
22.14	22.17
22.1	22.18
22.10	22.19
22.13	22.20
22.12	22.21
22.1	22.22
22.11	22.23
22.13	22.24
22.8	22.25
22.5	22.26
22.7	22.27
22.1	22.28
22.1	22.29
22.1	22.30
22.10	22.31
22.8	22.32
22.12	22.33
22.2	22.34
22.13	22.35
22.10	22.36
22.13	22.37
22.10	22.38
22.10	22.39
22.10	22.40
22.7	22.41
22.7	22.42
22.1	22.43
22.14	22.44
22.1	22.45
22.11	22.46
22.10	22.47
22.14	22.48
22.1	22.49
22.7	22.50
22.1	22.51
22.10	22.52
22.1	22.53
22.1	22.54
22.1	22.55
22.9	22.56
22.10	22.57
22.10	22.58
22.1	22.59
22.1	22.60
22.8	22.61
22.10	22.62
22.3	22.63
22.4	22.64
23.11	23.1
23.6	23.2
23.11	23.3
23.11	23.4
23.12	23.5
23.5	23.6
23.12	23.7
23.1	23.8
23.8	23.9
23.5	23.10
23.5	23.11
23.1	23.12
23.5	23.13
23.12	23.14
23.1	23.15
23.5	23.16
23.5	23.17
23.11	23.18
23.12	23.19
23.5	23.20
23.9	23.21
23.12	23.22
23.5	23.23
23.1	23.24
23.10	23.25
23.12	23.26
23.11	23.27
23.5	23.28
23.5	23.29
23.10	23.30
23.7	23.31
23.11	23.32
23.12	23.33
23.5	23.34
23.12	23.35
23.12	23.36
23.5	23.37
23.12	23.38
23.5	23.39
23.12	23.40
23.11	23.41
23.12	23.42
23.11	23.43
23.2	23.44
23.12	23.45
23.5	23.46
23.4	23.47
23.5	23.48
23.12	23.49
23.6	23.50
23.9	23.51
23.11	23.52
23.1	23.53
23.12	23.54
23.5	23.55
23.3	23.56
23.11	23.57
23.7	23.58
23.5	23.59
23.5	23.60
23.10	23.61
23.1	23.62
23.5	23.63
23.5	23.64
24.4	24.1
24.5	24.2
24.1	24.3
24.9	24.4
24.8	24.5
24.1	24.6
24.1	24.7
24.10	24.8
24.1	24.9
24.7	24.10
24.6	24.11
24.8	24.12
24.1	24.13
24.1	24.14
24.12	24.15
24.1	24.16
24.1	24.17
24.12	24.18
24.12	24.19
24.1	24.20
24.12	24.21
24.1	24.22
24.10	24.23
24.1	24.24
24.11	24.25
24.3	24.26
24.1	24.27
24.1	24.28
24.1	24.29
24.1	24.30
24.7	24.31
24.1	24.32
24.12	24.33
24.1	24.34
24.9	24.35
24.9	24.36
24.1	24.37
24.12	24.38
24.6	24.39
24.1	24.40
24.2	24.41
24.9	24.42
24.12	24.43
24.12	24.44
24.1	24.45
24.8	24.46
24.8	24.47
24.6	24.48
24.1	24.49
24.1	24.50
24.1	24.51
24.1	24.52
24.12	24.53
24.1	24.54
24.12	24.55
24.8	24.56
24.1	24.57
24.1	24.58
24.12	24.59
24.5	24.60
24.1	24.61
24.1	24.62
24.12	24.63
24.1	24.64
25.6	25.1
25.1	25.2
25.6	25.3
25.1	25.4
25.6	25.5
25.6	25.6
25.6	25.7
25.5	25.8
25.1	25.9
25.6	25.10
25.6	25.11
25.6	25.12
25.6	25.13
25.6	25.14
25.6	25.15
25.1	25.16
25.4	25.17
25.6	25.18
25.4	25.19
25.6	25.20
25.1	25.21
25.6	25.22
25.6	25.23
25.6	25.24
25.2	25.25
25.1	25.26
25.4	25.27
25.1	25.28
25.6	25.29
25.1	25.30
25.1	25.31
25.6	25.32
25.1	25.33
25.4	25.34
25.1	25.35
25.6	25.36
25.1	25.37
25.6	25.38
25.6	25.39
25.1	25.40
25.6	25.41
25.6	25.42
25.1	25.43
25.6	25.44
25.6	25.45
25.1	25.46
25.6	25.47
25.6	25.48
25.1	25.49
25.3	25.50
25.1	25.51
25.6	25.52
25.1	25.53
25.6	25.54
25.4	25.55
25.6	25.56
25.6	25.57
25.6	25.58
25.4	25.59
25.6	25.60
25.1	25.61
25.6	25.62
25.1	25.63
25.1	25.64
26.1	26.1
26.6	26.2
26.6	26.3
26.6	26.4
26.6	26.5
26.6	26.6
26.6	26.7
26.1	26.8
26.5	26.9
26.6	26.10
26.6	26.11
26.1	26.12
26.1	26.13
26.5	26.14
26.6	26.15
26.1	26.16
26.4	26.17
26.6	26.18
26.1	26.19
26.6	26.20
26.3	26.21
26.6	26.22
26.1	26.23
26.6	26.24
26.3	26.25
26.5	26.26
26.1	26.27
26.5	26.28
26.6	26.29
26.2	26.30
26.1	26.31
26.1	26.32
26.1	26.33
26.6	26.34
26.1	26.35
26.6	26.36
26.5	26.37
26.6	26.38
26.6	26.39
26.6	26.40
26.6	26.41
26.1	26.42
26.6	26.43
26.6	26.44
26.6	26.45
26.6	26.46
26.6	26.47
26.6	26.48
26.1	26.49
26.1	26.50
26.5	26.51
26.6	26.52
26.1	26.53
26.1	26.54
26.1	26.55
26.3	26.56
26.1	26.57
26.6	26.58
26.1	26.59
26.5	26.60
26.5	26.61
26.5	26.62
26.1	26.63
26.6	26.64
27.6	27.1
27.3	27.2
27.3	27.3
27.3	27.4
27.1	27.5
27.6	27.6
27.3	27.7
27.3	27.8
27.3	27.9
27.3	27.10
27.1	27.11
27.6	27.12
27.1	27.13
27.6	27.14
27.3	27.15
27.3	27.16
27.6	27.17
27.6	27.18
27.4	27.19
27.6	27.20
27.6	27.21
27.6	27.22
27.2	27.23
27.5	27.24
27.3	27.25
27.3	27.26
27.6	27.27
27.5	27.28
27.3	27.29
27.6	27.30
27.6	27.31
27.5	27.32
27.3	27.33
27.3	27.34
27.3	27.35
27.6	27.36
27.6	27.37
27.6	27.38
27.1	27.39
27.3	27.40
27.1	27.41
27.3	27.42
27.3	27.43
27.3	27.44
27.4	27.45
27.3	27.46
27.1	27.47
27.3	27.48
27.6	27.49
27.3	27.50
27.6	27.51
27.3	27.52
27.3	27.53
27.3	27.54
27.3	27.55
27.3	27.56
27.3	27.57
27.3	27.58
27.3	27.59
27.6	27.60
27.1	27.61
27.5	27.62
27.4	27.63
27.3	27.64
28.9	28.1
28.9	28.2
28.8	28.3
28.5	28.4
28.1	28.5
28.5	28.6
28.9	28.7
28.1	28.8
28.9	28.9
28.1	28.10
28.9	28.11
28.5	28.12
28.5	28.13
28.5	28.14
28.5	28.15
28.8	28.16
28.5	28.17
28.5	28.18
28.7	28.19
28.5	28.20
28.5	28.21
28.9	28.22
28.7	28.23
28.5	28.24
28.5	28.25
28.1	28.26
28.1	28.27
28.9	28.28
28.7	28.29
28.5	28.30
28.6	28.31
28.1	28.32
28.5	28.33
28.5	28.34
28.4	28.35
28.4	28.36
28.3	28.37
28.9	28.38
28.4	28.39
28.9	28.40
28.4	28.41
28.7	28.42
28.5	28.43
28.1	28.44
28.2	28.45
28.6	28.46
28.1	28.47
28.1	28.48
28.5	28.49
28.5	28.50
28.9	28.51
28.9	28.52
28.9	28.53
28.7	28.54
28.9	28.55
28.9	28.56
28.4	28.57
28.1	28.58
28.9	28.59
28.1	28.60
28.7	28.61
28.7	28.62
28.9	28.63
28.1	28.64
29.1	29.1
29.1	29.2
29.1	29.3
29.1	29.4
29.1	29.5
29.1	29.6
29.1	29.7
29.1	29.8
29.5	29.9
29.1	29.10
29.5	29.11
29.1	29.12
29.1	29.13
29.1	29.14
29.1	29.15
29.6	29.16
29.6	29.17
29.5	29.18
29.6	29.19
29.1	29.20
29.5	29.21
29.5	29.22
29.1	29.23
29.1	29.24
29.4	29.25
29.5	29.26
29.1	29.27
29.1	29.28
29.1	29.29
29.1	29.30
29.1	29.31
29.2	29.32
29.1	29.33
29.1	29.34
29.1	29.35
29.1	29.36
29.5	29.37
29.1	29.38
29.5	29.39
29.5	29.40
29.1	29.41
29.5	29.42
29.1	29.43
29.1	29.44
29.1	29.45
29.1	29.46
29.3	29.47
29.1	29.48
29.1	29.49
29.1	29.50
29.1	29.51
29.5	29.52
29.5	29.53
29.5	29.54
29.1	29.55
29.1	29.56
29.1	29.57
29.1	29.58
29.1	29.59
29.1	29.60
29.1	29.61
29.1	29.62
29.1	29.63
29.1	29.64
30.9	30.1
30.13	30.2
30.18	30.3
30.4	30.4
30.16	30.5
30.16	30.6
30.12	30.7
30.16	30.8
30.18	30.9
30.16	30.10
30.18	30.11
30.16	30.12
30.16	30.13
30.16	30.14
30.18	30.15
30.16	30.16
30.5	30.17
30.16	30.18
30.18	30.19
30.16	30.20
30.16	30.21
30.15	30.22
30.16	30.23
30.16	30.24
30.16	30.25
30.14	30.26
30.8	30.27
30.7	30.28
30.18	30.29
30.1	30.30
30.9	30.31
30.16	30.32
30.17	30.33
30.17	30.34
30.16	30.35
30.3	30.36
30.9	30.37
30.16	30.38
30.16	30.39
30.18	30.40
30.18	30.41
30.18	30.42
30.18	30.43
30.10	30.44
30.16	30.45
30.16	30.46
30.16	30.47
30.18	30.48
30.16	30.49
30.11	30.50
30.2	30.51
30.16	30.52
30.16	30.53
30.16	30.54
30.16	30.55
30.16	30.56
30.16	30.57
30.18	30.58
30.16	30.59
30.9	30.60
30.6	30.61
30.18	30.62
30.16	30.63
30.16	30.64
31.12	31.1
31.1	31.2
31.1	31.3
31.8	31.4
31.10	31.5
31.12	31.6
31.1	31.7
31.12	31.8
31.12	31.9
31.12	31.10
31.1	31.11
31.1	31.12
31.12	31.13
31.1	31.14
31.12	31.15
31.12	31.16
31.12	31.17
31.12	31.18
31.12	31.19
31.1	31.20
31.1	31.21
31.1	31.22
31.12	31.23
31.12	31.24
31.12	31.25
31.14	31.26
31.11	31.27
31.1	31.28
31.6	31.29
31.12	31.30
31.7	31.31
31.1	31.32
31.1	31.33
31.1	31.34
31.13	31.35
31.4	31.36
31.11	31.37
31.5	31.38
31.1	31.39
31.1	31.40
31.12	31.41
31.1	31.42
31.11	31.43
31.12	31.44
31.3	31.45
31.2	31.46
31.1	31.47
31.14	31.48
31.1	31.49
31.1	31.50
31.9	31.51
31.1	31.52
31.1	31.53
31.1	31.54
31.12	31.55
31.1	31.56
31.12	31.57
31.13	31.58
31.1	31.59
31.1	31.60
31.14	31.61
31.1	31.62
31.12	31.63
31.1	31.64
32.1	32.1
32.1	32.2
32.8	32.3
32.4	32.4
32.3	32.5
32.8	32.6
32.8	32.7
32.8	32.8
32.1	32.9
32.8	32.10
32.8	32.11
32.7	32.12
32.8	32.13
32.1	32.14
32.8	32.15
32.5	32.16
32.8	32.17
32.8	32.18
32.8	32.19
32.3	32.20
32.1	32.21
32.8	32.22
32.3	32.23
32.7	32.24
32.6	32.25
32.8	32.26
32.6	32.27
32.8	32.28
32.6	32.29
32.6	32.30
32.6	32.31
32.1	32.32
32.6	32.33
32.1	32.34
32.6	32.35
32.8	32.36
32.4	32.37
32.6	32.38
32.6	32.39
32.4	32.40
32.6	32.41
32.1	32.42
32.8	32.43
32.2	32.44
32.5	32.45
32.8	32.46
32.8	32.47
32.3	32.48
32.1	32.49
32.3	32.50
32.7	32.51
32.1	32.52
32.6	32.53
32.1	32.54
32.1	32.55
32.6	32.56
32.6	32.57
32.6	32.58
32.6	32.59
32.6	32.60
32.6	32.61
32.6	32.62
32.6	32.63
32.8	32.64
33.1	33.1
33.6	33.2
33.5	33.3
33.5	33.4
33.1	33.5
33.1	33.6
33.5	33.7
33.5	33.8
33.5	33.9
33.5	33.10
33.5	33.11
33.5	33.12
33.5	33.13
33.5	33.14
33.1	33.15
33.1	33.16
33.5	33.17
33.5	33.18
33.2	33.19
33.4	33.20
33.6	33.21
33.5	33.22
33.6	33.23
33.5	33.24
33.6	33.25
33.5	33.26
33.5	33.27
33.1	33.28
33.5	33.29
33.5	33.30
33.5	33.31
33.1	33.32
33.5	33.33
33.5	33.34
33.1	33.35
33.5	33.36
33.5	33.37
33.5	33.38
33.5	33.39
33.5	33.40
33.5	33.41
33.1	33.42
33.5	33.43
33.1	33.44
33.5	33.45
33.1	33.46
33.1	33.47
33.5	33.48
33.5	33.49
33.5	33.50
33.5	33.51
33.5	33.52
33.1	33.53
33.1	33.54
33.1	33.55
33.3	33.56
33.5	33.57
33.5	33.58
33.5	33.59
33.1	33.60
33.1	33.61
33.7	33.62
33.5	33.63
33.5	33.64
34.6	34.1
34.1	34.2
34.10	34.3
34.10	34.4
34.7	34.5
34.10	34.6
34.7	34.7
34.6	34.8
34.7	34.9
34.1	34.10
34.1	34.11
34.10	34.12
34.9	34.13
34.7	34.14
34.7	34.15
34.7	34.16
34.10	34.17
34.10	34.18
34.7	34.19
34.10	34.20
34.9	34.21
34.7	34.22
34.7	34.23
34.7	34.24
34.10	34.25
34.1	34.26
34.6	34.27
34.1	34.28
34.7	34.29
34.6	34.30
34.8	34.31
34.7	34.32
34.10	34.33
34.3	34.34
34.10	34.35
34.9	34.36
34.1	34.37
34.10	34.38
34.9	34.39
34.7	34.40
34.1	34.41
34.6	34.42
34.2	34.43
34.7	34.44
34.5	34.45
34.6	34.46
34.9	34.47
34.7	34.48
34.1	34.49
34.8	34.50
34.9	34.51
34.7	34.52
34.1	34.53
34.1	34.54
34.7	34.55
34.7	34.56
34.6	34.57
34.6	34.58
34.4	34.59
34.7	34.60
34.10	34.61
34.9	34.62
34.6	34.63
34.7	34.64
35.7	35.1
35.1	35.2
35.7	35.3
35.1	35.4
35.1	35.5
35.4	35.6
35.1	35.7
35.1	35.8
35.9	35.9
35.7	35.10
35.7	35.11
35.5	35.12
35.7	35.13
35.1	35.14
35.1	35.15
35.1	35.16
35.9	35.17
35.9	35.18
35.1	35.19
35.7	35.20
35.1	35.21
35.7	35.22
35.3	35.23
35.7	35.24
35.1	35.25
35.1	35.26
35.7	35.27
35.7	35.28
35.1	35.29
35.3	35.30
35.3	35.31
35.7	35.32
35.7	35.33
35.7	35.34
35.7	35.35
35.7	35.36
35.1	35.37
35.9	35.38
35.7	35.39
35.1	35.40
35.1	35.41
35.1	35.42
35.7	35.43
35.10	35.44
35.7	35.45
35.1	35.46
35.1	35.47
35.1	35.48
35.2	35.49
35.1	35.50
35.1	35.51
35.9	35.52
35.1	35.53
35.1	35.54
35.1	35.55
35.1	35.56
35.7	35.57
35.6	35.58
35.7	35.59
35.3	35.60
35.3	35.61
35.9	35.62
35.3	35.63
35.8	35.64
36.8	36.1
36.9	36.2
36.10	36.3
36.5	36.4
36.10	36.5
36.9	36.6
36.7	36.7
36.7	36.8
36.7	36.9
36.9	36.10
36.9	36.11
36.6	36.12
36.6	36.13
36.9	36.14
36.1	36.15
36.9	36.16
36.2	36.17
36.1	36.18
36.9	36.19
36.9	36.20
36.7	36.21
36.9	36.22
36.3	36.23
36.7	36.24
36.9	36.25
36.9	36.26
36.7	36.27
36.9	36.28
36.9	36.29
36.7	36.30
36.9	36.31
36.7	36.32
36.7	36.33
36.9	36.34
36.9	36.35
36.9	36.36
36.5	36.37
36.6	36.38
36.7	36.39
36.5	36.40
36.9	36.41
36.7	36.42
36.7	36.43
36.3	36.44
36.9	36.45
36.6	36.46
36.7	36.47
36.7	36.48
36.9	36.49
36.9	36.50
36.9	36.51
36.7	36.52
36.9	36.53
36.4	36.54
36.9	36.55
36.9	36.56
36.6	36.57
36.9	36.58
36.7	36.59
36.6	36.60
36.7	36.61
36.9	36.62
36.7	36.63
36.7	36.64
37.8	37.1
37.6	37.2
37.8	37.3
37.15	37.4
37.14	37.5
37.8	37.6
37.14	37.7
37.3	37.8
37.14	37.9
37.14	37.10
37.10	37.11
37.9	37.12
37.14	37.13
37.3	37.14
37.14	37.15
37.2	37.16
37.10	37.17
37.8	37.18
37.14	37.19
37.14	37.20
37.13	37.21
37.14	37.22
37.9	37.23
37.12	37.24
37.14	37.25
37.8	37.26
37.5	37.27
37.8	37.28
37.12	37.29
37.14	37.30
37.4	37.31
37.14	37.32
37.14	37.33
37.7	37.34
37.14	37.35
37.9	37.36
37.8	37.37
37.3	37.38
37.12	37.39
37.8	37.40
37.14	37.41
37.8	37.42
37.12	37.43
37.14	37.44
37.3	37.45
37.8	37.46
37.8	37.47
37.8	37.48
37.3	37.49
37.14	37.50
37.11	37.51
37.14	37.52
37.3	37.53
37.15	37.54
37.13	37.55
37.14	37.56
37.10	37.57
37.3	37.58
37.14	37.59
37.8	37.60
37.8	37.61
37.14	37.62
37.10	37.63
37.1	37.64
38.1	38.1
38.5	38.2
38.8	38.3
38.5	38.4
38.5	38.5
38.8	38.6
38.1	38.7
38.1	38.8
38.8	38.9
38.8	38.10
38.8	38.11
38.2	38.12
38.3	38.13
38.3	38.14
38.8	38.15
38.1	38.16
38.1	38.17
38.5	38.18
38.5	38.19
38.8	38.20
38.8	38.21
38.6	38.22
38.8	38.23
38.5	38.24
38.1	38.25
38.5	38.26
38.6	38.27
38.1	38.28
38.6	38.29
38.8	38.30
38.1	38.31
38.1	38.32
38.1	38.33
38.6	38.34
38.5	38.35
38.8	38.36
38.3	38.37
38.5	38.38
38.5	38.39
38.8	38.40
38.1	38.41
38.5	38.42
38.8	38.43
38.3	38.44
38.5	38.45
38.4	38.46
38.5	38.47
38.5	38.48
38.5	38.49
38.5	38.50
38.7	38.51
38.5	38.52
38.8	38.53
38.5	38.54
38.3	38.55
38.8	38.56
38.8	38.57
38.8	38.58
38.1	38.59
38.8	38.60
38.1	38.61
38.1	38.62
38.5	38.63
38.5	38.64
39.10	39.1
39.1	39.2
39.1	39.3
39.10	39.4
39.10	39.5
39.10	39.6
39.1	39.7
39.11	39.8
39.10	39.9
39.1	39.10
39.2	39.11
39.1	39.12
39.5	39.13
39.4	39.14
39.1	39.15
39.8	39.16
39.1	39.17
39.10	39.18
39.9	39.19
39.1	39.20
39.10	39.21
39.1	39.22
39.10	39.23
39.3	39.24
39.10	39.25
39.1	39.26
39.10	39.27
39.12	39.28
39.1	39.29
39.1	39.30
39.10	39.31
39.10	39.32
39.7	39.33
39.1	39.34
39.10	39.35
39.7	39.36
39.1	39.37
39.10	39.38
39.10	39.39
39.10	39.40
39.7	39.41
39.1	39.42
39.6	39.43
39.9	39.44
39.10	39.45
39.1	39.46
39.11	39.47
39.10	39.48
39.10	39.49
39.1	39.50
39.1	39.51
39.12	39.52
39.10	39.53
39.1	39.54
39.1	39.55
39.1	39.56
39.1	39.57
39.10	39.58
39.10	39.59
39.1	39.60
39.12	39.61
39.10	39.62
39.10	39.63
39.1	39.64
40.4	40.1
40.4	40.2
40.4	40.3
40.11	40.4
40.11	40.5
40.9	40.6
40.4	40.7
40.11	40.8
40.9	40.9
40.9	40.10
40.9	40.11
40.4	40.12
40.9	40.13
40.9	40.14
40.9	40.15
40.4	40.16
40.9	40.17
40.8	40.18
40.6	40.19
40.7	40.20
40.9	40.21
40.9	40.22
40.9	40.23
40.4	40.24
40.7	40.25
40.11	40.26
40.7	40.27
40.4	40.28
40.9	40.29
40.8	40.30
40.11	40.31
40.4	40.32
40.9	40.33
40.11	40.34
40.4	40.35
40.9	40.36
40.1	40.37
40.9	40.38
40.4	40.39
40.4	40.40
40.4	40.41
40.9	40.42
40.2	40.43
40.11	40.44
40.4	40.45
40.4	40.46
40.9	40.47
40.5	40.48
40.3	40.49
40.11	40.50
40.4	40.51
40.4	40.52
40.4	40.53
40.11	40.54
40.4	40.55
40.4	40.56
40.9	40.57
40.11	40.58
40.4	40.59
40.1	40.60
40.10	40.61
40.5	40.62
40.10	40.63
40.4	40.64
41.6	41.1
41.1	41.2
41.6	41.3
41.1	41.4
41.1	41.5
41.4	41.6
41.1	41.7
41.1	41.8
41.3	41.9
41.6	41.10
41.6	41.11
41.1	41.12
41.6	41.13
41.6	41.14
41.1	41.15
41.1	41.16
41.1	41.17
41.8	41.18
41.4	41.19
41.6	41.20
41.4	41.21
41.1	41.22
41.1	41.23
41.1	41.24
41.8	41.25
41.1	41.26
41.6	41.27
41.1	41.28
41.6	41.29
41.6	41.30
41.6	41.31
41.6	41.32
41.7	41.33
41.4	41.34
41.1	41.35
41.1	41.36
41.6	41.37
41.6	41.38
41.6	41.39
41.7	41.40
41.4	41.41
41.6	41.42
41.1	41.43
41.6	41.44
41.7	41.45
41.6	41.46
41.4	41.47
41.1	41.48
41.2	41.49
41.6	41.50
41.6	41.51
41.6	41.52
41.1	41.53
41.1	41.54
41.4	41.55
41.6	41.56
41.1	41.57
41.1	41.58
41.6	41.59
41.1	41.60
41.4	41.61
41.6	41.62
41.5	41.63
41.6	41.64
42.1	42.1
42.8	42.2
42.8	42.3
42.1	42.4
42.1	42.5
42.11	42.6
42.7	42.7
42.7	42.8
42.7	42.9
42.6	42.10
42.8	42.11
42.1	42.12
42.8	42.13
42.11	42.14
42.8	42.15
42.6	42.16
42.9	42.17
42.7	42.18
42.7	42.19
42.8	42.20
42.1	42.21
42.11	42.22
42.8	42.23
42.1	42.24
42.8	42.25
42.7	42.26
42.1	42.27
42.7	42.28
42.11	42.29
42.1	42.30
42.7	42.31
42.7	42.32
42.8	42.33
42.1	42.34
42.6	42.35
42.1	42.36
42.6	42.37
42.1	42.38
42.8	42.39
42.4	42.40
42.8	42.41
42.1	42.42
42.5	42.43
42.1	42.44
42.7	42.45
42.1	42.46
42.1	42.47
42.10	42.48
42.11	42.49
42.11	42.50
42.5	42.51
42.7	42.52
42.10	42.53
42.10	42.54
42.2	42.55
42.8	42.56
42.3	42.57
42.7	42.58
42.1	42.59
42.8	42.60
42.7	42.61
42.1	42.62
42.8	42.63
42.8	42.64
43.8	43.1
43.9	43.2
43.9	43.3
43.9	43.4
43.9	43.5
43.5	43.6
43.9	43.7
43.2	43.8
43.4	43.9
43.8	43.10
43.10	43.11
43.1	43.12
43.10	43.13
43.6	43.14
43.9	43.15
43.9	43.16
43.8	43.17
43.9	43.18
43.9	43.19
43.7	43.20
43.4	43.21
43.4	43.22
43.9	43.23
43.4	43.24
43.8	43.25
43.4	43.26
43.8	43.27
43.4	43.28
43.9	43.29
43.8	43.30
43.4	43.31
43.4	43.32
43.8	43.33
43.1	43.34
43.10	43.35
43.5	43.36
43.9	43.37
43.8	43.38
43.8	43.39
43.4	43.40
43.9	43.41
43.9	43.42
43.8	43.43
43.5	43.44
43.7	43.45
43.3	43.46
43.8	43.47
43.8	43.48
43.4	43.49
43.6	43.50
43.7	43.51
43.4	43.52
43.8	43.53
43.4	43.54
43.8	43.55
43.9	43.56
43.7	43.57
43.4	43.58
43.4	43.59
43.4	43.60
43.4	43.61
43.4	43.62
43.4	43.63
43.4	43.64
44.1	44.1
44.1	44.2
44.1	44.3
44.1	44.4
44.1	44.5
44.6	44.6
44.6	44.7
44.3	44.8
44.1	44.9
44.1	44.10
44.6	44.11
44.1	44.12
44.6	44.13
44.1	44.14
44.6	44.15
44.6	44.16
44.4	44.17
44.6	44.18
44.1	44.19
44.6	44.20
44.6	44.21
44.6	44.22
44.6	44.23
44.6	44.24
44.6	44.25
44.6	44.26
44.1	44.27
44.1	44.28
44.6	44.29
44.6	44.30
44.1	44.31
44.5	44.32
44.6	44.33
44.6	44.34
44.1	44.35
44.1	44.36
44.1	44.37
44.1	44.38
44.6	44.39
44.5	44.40
44.1	44.41
44.1	44.42
44.6	44.43
44.1	44.44
44.6	44.45
44.2	44.46
44.6	44.47
44.6	44.48
44.5	44.49
44.5	44.50
44.5	44.51
44.1	44.52
44.5	44.53
44.6	44.54
44.5	44.55
44.1	44.56
44.1	44.57
44.5	44.58
44.1	44.59
44.1	44.60
44.5	44.61
44.1	44.62
44.5	44.63
44.1	44.64
45.11	45.1
45.11	45.2
45.10	45.3
45.5	45.4
45.5	45.5
45.5	45.6
45.11	45.7
45.1	45.8
45.12	45.9
45.10	45.10
45.5	45.11
45.10	45.12
45.5	45.13
45.11	45.14
45.5	45.15
45.11	45.16
45.10	45.17
45.5	45.18
45.11	45.19
45.10	45.20
45.11	45.21
45.4	45.22
45.5	45.23
45.5	45.24
45.5	45.25
45.3	45.26
45.11	45.27
45.5	45.28
45.1	45.29
45.5	45.30
45.11	45.31
45.11	45.32
45.7	45.33
45.1	45.34
45.6	45.35
45.5	45.36
45.8	45.37
45.5	45.38
45.9	45.39
45.6	45.40
45.1	45.41
45.11	45.42
45.1	45.43
45.11	45.44
45.11	45.45
45.11	45.46
45.11	45.47
45.9	45.48
45.11	45.49
45.1	45.50
45.11	45.51
45.11	45.52
45.11	45.53
45.5	45.54
45.5	45.55
45.2	45.56
45.1	45.57
45.1	45.58
45.5	45.59
45.1	45.60
45.1	45.61
45.11	45.62
45.9	45.63
45.11	45.64
46.9	46.1
46.6	46.2
46.8	46.3
46.9	46.4
46.6	46.5
46.9	46.6
46.6	46.7
46.6	46.8
46.6	46.9
46.9	46.10
46.7	46.11
46.7	46.12
46.9	46.13
46.9	46.14
46.9	46.15
46.6	46.16
46.7	46.17
46.1	46.18
46.6	46.19
46.1	46.20
46.1	46.21
46.6	46.22
46.9	46.23
46.7	46.24
46.7	46.25
46.4	46.26
46.9	46.27
46.9	46.28
46.9	46.29
46.9	46.30
46.9	46.31
46.6	46.32
46.9	46.33
46.7	46.34
46.6	46.35
46.6	46.36
46.9	46.37
46.1	46.38
46.6	46.39
46.9	46.40
46.1	46.41
46.2	46.42
46.5	46.43
46.6	46.44
46.6	46.45
46.8	46.46
46.6	46.47
46.9	46.48
46.1	46.49
46.6	46.50
46.5	46.51
46.7	46.52
46.6	46.53
46.3	46.54
46.1	46.55
46.6	46.56
46.7	46.57
46.9	46.58
46.8	46.59
46.6	46.60
46.8	46.61
46.6	46.62
46.9	46.63
46.9	46.64
47.8	47.1
47.10	47.2
47.9	47.3
47.12	47.4
47.1	47.5
47.9	47.6
47.9	47.7
47.8	47.8
47.7	47.9
47.12	47.10
47.8	47.11
47.10	47.12
47.8	47.13
47.8	47.14
47.1	47.15
47.1	47.16
47.10	47.17
47.1	47.18
47.8	47.19
47.12	47.20
47.9	47.21
47.8	47.22
47.1	47.23
47.11	47.24
47.8	47.25
47.12	47.26
47.1	47.27
47.13	47.28
47.1	47.29
47.1	47.30
47.8	47.31
47.9	47.32
47.9	47.33
47.12	47.34
47.1	47.35
47.6	47.36
47.9	47.37
47.8	47.38
47.1	47.39
47.8	47.40
47.8	47.41
47.1	47.42
47.4	47.43
47.1	47.44
47.8	47.45
47.1	47.46
47.1	47.47
47.8	47.48
47.9	47.49
47.8	47.50
47.8	47.51
47.2	47.52
47.1	47.53
47.12	47.54
47.5	47.55
47.1	47.56
47.1	47.57
47.10	47.58
47.1	47.59
47.3	47.60
47.7	47.61
47.8	47.62
47.9	47.63
47.8	47.64
48.7	48.1
48.1	48.2
48.5	48.3
48.7	48.4
48.7	48.5
48.5	48.6
48.1	48.7
48.1	48.8
48.6	48.9
48.5	48.10
48.4	48.11
48.7	48.12
48.7	48.13
48.6	48.14
48.1	48.15
48.1	48.16
48.5	48.17
48.4	48.18
48.1	48.19
48.5	48.20
48.1	48.21
48.5	48.22
48.5	48.23
48.6	48.24
48.5	48.25
48.6	48.26
48.5	48.27
48.1	48.28
48.1	48.29
48.2	48.30
48.5	48.31
48.1	48.32
48.6	48.33
48.7	48.34
48.1	48.35
48.1	48.36
48.6	48.37
48.6	48.38
48.1	48.39
48.5	48.40
48.5	48.41
48.7	48.42
48.1	48.43
48.1	48.44
48.7	48.45
48.6	48.46
48.5	48.47
48.6	48.48
48.6	48.49
48.3	48.50
48.1	48.51
48.5	48.52
48.1	48.53
48.5	48.54
48.7	48.55
48.7	48.56
48.1	48.57
48.7	48.58
48.7	48.59
48.7	48.60
48.7	48.61
48.7	48.62
48.7	48.63
48.5	48.64
49.1	49.1
49.1	49.2
49.7	49.3
49.7	49.4
49.8	49.5
49.6	49.6
49.1	49.7
49.7	49.8
49.6	49.9
49.6	49.10
49.2	49.11
49.7	49.12
49.7	49.13
49.8	49.14
49.6	49.15
49.8	49.16
49.1	49.17
49.4	49.18
49.6	49.19
49.7	49.20
49.1	49.21
49.8	49.22
49.7	49.23
49.7	49.24
49.7	49.25
49.6	49.26
49.7	49.27
49.7	49.28
49.1	49.29
49.1	49.30
49.7	49.31
49.1	49.32
49.8	49.33
49.7	49.34
49.7	49.35
49.1	49.36
49.1	49.37
49.1	49.38
49.7	49.39
49.6	49.40
49.4	49.41
49.6	49.42
49.1	49.43
49.7	49.44
49.1	49.45
49.8	49.46
49.7	49.47
49.7	49.48
49.1	49.49
49.7	49.50
49.5	49.51
49.7	49.52
49.1	49.53
49.4	49.54
49.1	49.55
49.7	49.56
49.8	49.57
49.6	49.58
49.7	49.59
49.7	49.60
49.7	49.61
49.8	49.62
49.4	49.63
49.3	49.64
50.5	50.1
50.5	50.2
50.1	50.3
50.5	50.4
50.1	50.5
50.5	50.6
50.5	50.7
50.5	50.8
50.5	50.9
50.5	50.10
50.1	50.11
50.1	50.12
50.5	50.13
50.5	50.14
50.5	50.15
50.1	50.16
50.1	50.17
50.1	50.18
50.5	50.19
50.1	50.20
50.5	50.21
50.1	50.22
50.1	50.23
50.5	50.24
50.5	50.25
50.1	50.26
50.1	50.27
50.5	50.28
50.5	50.29
50.3	50.30
50.1	50.31
50.5	50.32
50.1	50.33
50.1	50.34
50.5	50.35
50.5	50.36
50.5	50.37
50.5	50.38
50.4	50.39
50.5	50.40
50.5	50.41
50.6	50.42
50.1	50.43
50.1	50.44
50.5	50.45
50.5	50.46
50.5	50.47
50.6	50.48
50.1	50.49
50.5	50.50
50.6	50.51
50.5	50.52
50.1	50.53
50.5	50.54
50.5	50.55
50.5	50.56
50.1	50.57
50.2	50.58
50.5	50.59
50.5	50.60
50.6	50.61
50.5	50.62
50.5	50.63
50.5	50.64
51.6	51.1
51.1	51.2
51.9	51.3
51.7	51.4
51.6	51.5
51.9	51.6
51.9	51.7
51.6	51.8
51.1	51.9
51.1	51.10
51.1	51.11
51.5	51.12
51.9	51.13
51.6	51.14
51.6	51.15
51.9	51.16
51.1	51.17
51.1	51.18
51.9	51.19
51.1	51.20
51.3	51.21
51.9	51.22
51.7	51.23
51.9	51.24
51.7	51.25
51.9	51.26
51.1	51.27
51.8	51.28
51.6	51.29
51.5	51.30
51.9	51.31
51.9	51.32
51.1	51.33
51.2	51.34
51.9	51.35
51.9	51.36
51.6	51.37
51.9	51.38
51.9	51.39
51.9	51.40
51.9	51.41
51.9	51.42
51.7	51.43
51.1	51.44
51.5	51.45
51.1	51.46
51.6	51.47
51.9	51.48
51.1	51.49
51.1	51.50
51.4	51.51
51.7	51.52
51.1	51.53
51.9	51.54
51.9	51.55
51.1	51.56
51.1	51.57
51.5	51.58
51.9	51.59
51.7	51.60
51.1	51.61
51.1	51.62
51.6	51.63
51.7	51.64
52.1	52.1
52.1	52.2
52.5	52.3
52.1	52.4
52.1	52.5
52.1	52.6
52.8	52.7
52.1	52.8
52.1	52.9
52.4	52.10
52.7	52.11
52.1	52.12
52.5	52.13
52.1	52.14
52.5	52.15
52.5	52.16
52.1	52.17
52.5	52.18
52.5	52.19
52.1	52.20
52.7	52.21
52.1	52.22
52.8	52.23
52.5	52.24
52.1	52.25
52.1	52.26
52.1	52.27
52.5	52.28
52.1	52.29
52.5	52.30
52.1	52.31
52.8	52.32
52.7	52.33
52.1	52.34
52.5	52.35
52.7	52.36
52.5	52.37
52.8	52.38
52.5	52.39
52.5	52.40
52.1	52.41
52.8	52.42
52.1	52.43
52.5	52.44
52.5	52.45
52.5	52.46
52.3	52.47
52.5	52.48
52.5	52.49
52.1	52.50
52.8	52.51
52.1	52.52
52.2	52.53
52.6	52.54
52.1	52.55
52.5	52.56
52.6	52.57
52.4	52.58
52.1	52.59
52.7	52.60
52.7	52.61
52.8	52.62
52.1	52.63
52.5	52.64
53.2	53.1
53.11	53.2
53.8	53.3
53.11	53.4
53.2	53.5
53.8	53.6
53.6	53.7
53.7	53.8
53.11	53.9
53.2	53.10
53.11	53.11
53.10	53.12
53.10	53.13
53.10	53.14
53.9	53.15
53.8	53.16
53.2	53.17
53.5	53.18
53.10	53.19
53.2	53.20
53.11	53.21
53.8	53.22
53.8	53.23
53.4	53.24
53.6	53.25
53.2	53.26
53.2	53.27
53.5	53.28
53.6	53.29
53.6	53.30
53.3	53.31
53.11	53.32
53.5	53.33
53.11	53.34
53.6	53.35
53.6	53.36
53.11	53.37
53.6	53.38
53.3	53.39
53.2	53.40
53.10	53.41
53.11	53.42
53.3	53.43
53.11	53.44
53.5	53.45
53.2	53.46
53.8	53.47
53.10	53.48
53.11	53.49
53.6	53.50
53.11	53.51
53.1	53.52
53.2	53.53
53.6	53.54
53.11	53.55
53.11	53.56
53.10	53.57
53.2	53.58
53.2	53.59
53.11	53.60
53.2	53.61
53.11	53.62
53.2	53.63
53.10	53.64
54.9	54.1
54.9	54.2
54.9	54.3
54.4	54.4
54.9	54.5
54.1	54.6
54.4	54.7
54.4	54.8
54.4	54.9
54.9	54.10
54.1	54.11
54.9	54.12
54.6	54.13
54.8	54.14
54.9	54.15
54.4	54.16
54.9	54.17
54.9	54.18
54.4	54.19
54.4	54.20
54.4	54.21
54.9	54.22
54.9	54.23
54.2	54.24
54.5	54.25
54.5	54.26
54.9	54.27
54.9	54.28
54.4	54.29
54.4	54.30
54.9	54.31
54.7	54.32
54.9	54.33
54.9	54.34
54.9	54.35
54.7	54.36
54.9	54.37
54.4	54.38
54.1	54.39
54.1	54.40
54.7	54.41
54.4	54.42
54.6	54.43
54.3	54.44
54.8	54.45
54.9	54.46
54.9	54.47
54.7	54.48
54.4	54.49
54.4	54.50
54.9	54.51
54.7	54.52
54.4	54.53
54.7	54.54
54.7	54.55
54.9	54.56
54.9	54.57
54.9	54.58
54.5	54.59
54.1	54.60
54.9	54.61
54.9	54.62
54.1	54.63
54.4	54.64
55.3	55.1
55.3	55.2
55.1	55.3
55.5	55.4
55.3	55.5
55.5	55.6
55.3	55.7
55.3	55.8
55.1	55.9
55.3	55.10
55.5	55.11
55.5	55.12
55.3	55.13
55.3	55.14
55.3	55.15
55.3	55.16
55.5	55.17
55.3	55.18
55.5	55.19
55.4	55.20
55.3	55.21
55.5	55.22
55.2	55.23
55.3	55.24
55.3	55.25
55.3	55.26
55.3	55.27
55.3	55.28
55.3	55.29
55.5	55.30
55.1	55.31
55.5	55.32
55.3	55.33
55.3	55.34
55.3	55.35
55.5	55.36
55.5	55.37
55.1	55.38
55.3	55.39
55.5	55.40
55.5	55.41
55.3	55.42
55.3	55.43
55.3	55.44
55.3	55.45
55.3	55.46
55.3	55.47
55.5	55.48
55.5	55.49
55.3	55.50
55.3	55.51
55.3	55.52
55.5	55.53
55.3	55.54
55.3	55.55
55.3	55.56
55.3	55.57
55.5	55.58
55.3	55.59
55.5	55.60
55.5	55.61
55.3	55.62
55.3	55.63
55.3	55.64
56.4	56.1
56.4	56.2
56.4	56.3
56.1	56.4
56.3	56.5
56.2	56.6
56.8	56.7
56.1	56.8
56.1	56.9
56.4	56.10
56.1	56.11
56.4	56.12
56.1	56.13
56.1	56.14
56.8	56.15
56.1	56.16
56.4	56.17
56.1	56.18
56.7	56.19
56.1	56.20
56.1	56.21
56.3	56.22
56.1	56.23
56.1	56.24
56.1	56.25
56.1	56.26
56.4	56.27
56.1	56.28
56.4	56.29
56.4	56.30
56.3	56.31
56.7	56.32
56.4	56.33
56.4	56.34
56.4	56.35
56.1	56.36
56.8	56.37
56.8	56.38
56.4	56.39
56.1	56.40
56.7	56.41
56.1	56.42
56.4	56.43
56.4	56.44
56.1	56.45
56.1	56.46
56.4	56.47
56.1	56.48
56.7	56.49
56.4	56.50
56.4	56.51
56.1	56.52
56.3	56.53
56.8	56.54
56.3	56.55
56.1	56.56
56.4	56.57
56.6	56.58
56.5	56.59
56.7	56.60
56.1	56.61
56.4	56.62
56.4	56.63
56.1	56.64
57.6	57.1
57.6	57.2
57.6	57.3
57.8	57.4
57.8	57.5
57.6	57.6
57.6	57.7
57.6	57.8
57.6	57.9
57.6	57.10
57.6	57.11
57.6	57.12
57.6	57.13
57.6	57.14
57.8	57.15
57.6	57.16
57.8	57.17
57.6	57.18
57.6	57.19
57.8	57.20
57.6	57.21
57.5	57.22
57.6	57.23
57.6	57.24
57.6	57.25
57.8	57.26
57.6	57.27
57.6	57.28
57.2	57.29
57.6	57.30
57.8	57.31
57.6	57.32
57.6	57.33
57.6	57.34
57.8	57.35
57.6	57.36
57.3	57.37
57.6	57.38
57.6	57.39
57.8	57.40
57.8	57.41
57.1	57.42
57.6	57.43
57.6	57.44
57.6	57.45
57.6	57.46
57.1	57.47
57.6	57.48
57.9	57.49
57.6	57.50
57.6	57.51
57.1	57.52
57.8	57.53
57.8	57.54
57.6	57.55
57.6	57.56
57.7	57.57
57.1	57.58
57.8	57.59
57.8	57.60
57.4	57.61
57.6	57.62
57.6	57.63
57.1	57.64
58.4	58.1
58.9	58.2
58.8	58.3
58.9	58.4
58.4	58.5
58.9	58.6
58.4	58.7
58.4	58.8
58.9	58.9
58.4	58.10
58.9	58.11
58.4	58.12
58.4	58.13
58.7	58.14
58.9	58.15
58.1	58.16
58.4	58.17
58.4	58.18
58.3	58.19
58.7	58.20
58.4	58.21
58.6	58.22
58.4	58.23
58.4	58.24
58.8	58.25
58.8	58.26
58.4	58.27
58.4	58.28
58.4	58.29
58.9	58.30
58.8	58.31
58.4	58.32
58.4	58.33
58.4	58.34
58.9	58.35
58.8	58.36
58.9	58.37
58.8	58.38
58.8	58.39
58.4	58.40
58.9	58.41
58.4	58.42
58.3	58.43
58.7	58.44
58.4	58.45
58.6	58.46
58.4	58.47
58.4	58.48
58.1	58.49
58.9	58.50
58.7	58.51
58.1	58.52
58.4	58.53
58.5	58.54
58.9	58.55
58.9	58.56
58.4	58.57
58.4	58.58
58.8	58.59
58.7	58.60
58.8	58.61
58.4	58.62
58.4	58.63
58.2	58.64
59.1	59.1
59.1	59.2
59.4	59.3
59.1	59.4
59.5	59.5
59.1	59.6
59.5	59.7
59.1	59.8
59.1	59.9
59.5	59.10
59.1	59.11
59.1	59.12
59.5	59.13
59.1	59.14
59.1	59.15
59.5	59.16
59.4	59.17
59.1	59.18
59.1	59.19
59.4	59.20
59.1	59.21
59.1	59.22
59.1	59.23
59.3	59.24
59.1	59.25
59.1	59.26
59.1	59.27
59.5	59.28
59.1	59.29
59.1	59.30
59.1	59.31
59.3	59.32
59.1	59.33
59.4	59.34
59.5	59.35
59.5	59.36
59.3	59.37
59.3	59.38
59.1	59.39
59.1	59.40
59.4	59.41
59.5	59.42
59.5	59.43
59.1	59.44
59.1	59.45
59.1	59.46
59.5	59.47
59.1	59.48
59.5	59.49
59.1	59.50
59.1	59.51
59.1	59.52
59.5	59.53
59.1	59.54
59.1	59.55
59.1	59.56
59.5	59.57
59.3	59.58
59.1	59.59
59.4	59.60
59.4	59.61
59.1	59.62
59.2	59.63
59.1	59.64
60.11	60.1
60.11	60.2
60.11	60.3
60.11	60.4
60.1	60.5
60.11	60.6
60.10	60.7
60.1	60.8
60.1	60.9
60.1	60.10
60.11	60.11
60.11	60.12
60.1	60.13
60.1	60.14
60.11	60.15
60.1	60.16
60.4	60.17
60.11	60.18
60.8	60.19
60.1	60.20
60.11	60.21
60.11	60.22
60.11	60.23
60.1	60.24
60.1	60.25
60.1	60.26
60.1	60.27
60.10	60.28
60.1	60.29
60.3	60.30
60.1	60.31
60.10	60.32
60.7	60.33
60.1	60.34
60.11	60.35
60.2	60.36
60.5	60.37
60.11	60.38
60.7	60.39
60.7	60.40
60.11	60.41
60.9	60.42
60.1	60.43
60.1	60.44
60.3	60.45
60.11	60.46
60.1	60.47
60.11	60.48
60.9	60.49
60.1	60.50
60.11	60.51
60.11	60.52
60.12	60.53
60.11	60.54
60.11	60.55
60.1	60.56
60.1	60.57
60.6	60.58
60.12	60.59
60.11	60.60
60.8	60.61
60.8	60.62
60.12	60.63
60.10	60.64
61.1	61.1
61.5	61.2
61.5	61.3
61.1	61.4
61.5	61.5
61.5	61.6
61.1	61.7
61.1	61.8
61.5	61.9
61.5	61.10
61.1	61.11
61.5	61.12
61.1	61.13
61.5	61.14
61.1	61.15
61.5	61.16
61.5	61.17
61.1	61.18
61.1	61.19
61.1	61.20
61.5	61.21
61.5	61.22
61.1	61.23
61.3	61.24
61.1	61.25
61.5	61.26
61.1	61.27
61.5	61.28
61.4	61.29
61.5	61.30
61.1	61.31
61.1	61.32
61.1	61.33
61.1	61.34
61.5	61.35
61.1	61.36
61.1	61.37
61.5	61.38
61.1	61.39
61.1	61.40
61.1	61.41
61.1	61.42
61.2	61.43
61.4	61.44
61.1	61.45
61.1	61.46
61.1	61.47
61.4	61.48
61.1	61.49
61.5	61.50
61.5	61.51
61.1	61.52
61.5	61.53
61.1	61.54
61.1	61.55
61.1	61.56
61.1	61.57
61.1	61.58
61.1	61.59
61.1	61.60
61.1	61.61
61.1	61.62
61.1	61.63
61.5	61.64
62.6	62.1
62.6	62.2
62.6	62.3
62.6	62.4
62.1	62.5
62.5	62.6
62.7	62.7
62.1	62.8
62.1	62.9
62.6	62.10
62.5	62.11
62.6	62.12
62.7	62.13
62.1	62.14
62.1	62.15
62.4	62.16
62.5	62.17
62.5	62.18
62.1	62.19
62.6	62.20
62.1	62.21
62.6	62.22
62.2	62.23
62.4	62.24
62.4	62.25
62.1	62.26
62.5	62.27
62.1	62.28
62.1	62.29
62.1	62.30
62.3	62.31
62.4	62.32
62.1	62.33
62.1	62.34
62.1	62.35
62.8	62.36
62.6	62.37
62.8	62.38
62.5	62.39
62.1	62.40
62.6	62.41
62.1	62.42
62.4	62.43
62.5	62.44
62.1	62.45
62.6	62.46
62.6	62.47
62.4	62.48
62.4	62.49
62.6	62.50
62.1	62.51
62.1	62.52
62.3	62.53
62.1	62.54
62.6	62.55
62.4	62.56
62.6	62.57
62.4	62.58
62.1	62.59
62.6	62.60
62.1	62.61
62.4	62.62
62.6	62.63
62.1	62.64
63.6	63.1
63.6	63.2
63.4	63.3
63.4	63.4
63.4	63.5
63.4	63.6
63.4	63.7
63.6	63.8
63.6	63.9
63.4	63.10
63.4	63.11
63.6	63.12
63.4	63.13
63.6	63.14
63.4	63.15
63.4	63.16
63.4	63.17
63.6	63.18
63.6	63.19
63.1	63.20
63.6	63.21
63.6	63.22
63.6	63.23
63.1	63.24
63.4	63.25
63.1	63.26
63.4	63.27
63.4	63.28
63.4	63.29
63.4	63.30
63.4	63.31
63.6	63.32
63.4	63.33
63.6	63.34
63.6	63.35
63.4	63.36
63.1	63.37
63.4	63.38
63.4	63.39
63.4	63.40
63.4	63.41
63.4	63.42
63.2	63.43
63.5	63.44
63.1	63.45
63.1	63.46
63.6	63.47
63.1	63.48
63.1	63.49
63.4	63.50
63.3	63.51
63.5	63.52
63.6	63.53
63.4	63.54
63.4	63.55
63.6	63.56
63.6	63.57
63.6	63.58
63.4	63.59
63.6	63.60
63.4	63.61
63.6	63.62
63.4	63.63
63.6	63.64
64.4	64.1
64.5	64.2
64.11	64.3
64.8	64.4
64.8	64.5
64.6	64.6
64.11	64.7
64.11	64.8
64.9	64.9
64.1	64.10
64.6	64.11
64.9	64.12
64.1	64.13
64.1	64.14
64.11	64.15
64.11	64.16
64.11	64.17
64.11	64.18
64.11	64.19
64.11	64.20
64.11	64.21
64.11	64.22
64.11	64.23
64.1	64.24
64.1	64.25
64.5	64.26
64.1	64.27
64.1	64.28
64.7	64.29
64.11	64.30
64.9	64.31
64.1	64.32
64.11	64.33
64.1	64.34
64.8	64.35
64.1	64.36
64.9	64.37
64.11	64.38
64.2	64.39
64.11	64.40
64.1	64.41
64.11	64.42
64.1	64.43
64.11	64.44
64.1	64.45
64.11	64.46
64.3	64.47
64.9	64.48
64.11	64.49
64.10	64.50
64.8	64.51
64.11	64.52
64.1	64.53
64.1	64.54
64.11	64.55
64.8	64.56
64.11	64.57
64.11	64.58
64.11	64.59
64.11	64.60
64.8	64.61
64.1	64.62
64.11	64.63
64.6	64.64
65.1	65.1
65.6	65.2
65.4	65.3
65.6	65.4
65.1	65.5
65.1	65.6
65.1	65.7
65.6	65.8
65.1	65.9
65.6	65.10
65.6	65.11
65.1	65.12
65.6	65.13
65.6	65.14
65.7	65.15
65.6	65.16
65.5	65.17
65.5	65.18
65.6	65.19
65.1	65.20
65.5	65.21
65.6	65.22
65.1	65.23
65.1	65.24
65.6	65.25
65.1	65.26
65.6	65.27
65.7	65.28
65.2	65.29
65.1	65.30
65.5	65.31
65.1	65.32
65.7	65.33
65.6	65.34
65.5	65.35
65.6	65.36
65.7	65.37
65.6	65.38
65.6	65.39
65.6	65.40
65.6	65.41
65.1	65.42
65.1	65.43
65.6	65.44
65.1	65.45
65.1	65.46
65.1	65.47
65.6	65.48
65.6	65.49
65.1	65.50
65.7	65.51
65.6	65.52
65.1	65.53
65.6	65.54
65.6	65.55
65.3	65.56
65.1	65.57
65.1	65.58
65.6	65.59
65.6	65.60
65.1	65.61
65.6	65.62
65.1	65.63
65.1	65.64
66.5	66.1
66.5	66.2
66.5	66.3
66.5	66.4
66.5	66.5
66.5	66.6
66.5	66.7
66.5	66.8
66.5	66.9
66.5	66.10
66.5	66.11
66.5	66.12
66.3	66.13
66.5	66.14
66.5	66.15
66.5	66.16
66.5	66.17
66.5	66.18
66.1	66.19
66.5	66.20
66.5	66.21
66.5	66.22
66.1	66.23
66.1	66.24
66.5	66.25
66.5	66.26
66.5	66.27
66.5	66.28
66.5	66.29
66.5	66.30
66.1	66.31
66.5	66.32
66.1	66.33
66.1	66.34
66.1	66.35
66.4	66.36
66.1	66.37
66.1	66.38
66.5	66.39
66.5	66.40
66.5	66.41
66.5	66.42
66.5	66.43
66.1	66.44
66.1	66.45
66.5	66.46
66.1	66.47
66.5	66.48
66.1	66.49
66.1	66.50
66.1	66.51
66.1	66.52
66.1	66.53
66.4	66.54
66.5	66.55
66.1	66.56
66.5	66.57
66.1	66.58
66.1	66.59
66.4	66.60
66.1	66.61
66.5	66.62
66.2	66.63
66.1	66.64
67.4	67.1
67.1	67.2
67.4	67.3
67.1	67.4
67.5	67.5
67.1	67.6
67.1	67.7
67.1	67.8
67.4	67.9
67.1	67.10
67.5	67.11
67.1	67.12
67.1	67.13
67.5	67.14
67.1	67.15
67.4	67.16
67.4	67.17
67.1	67.18
67.1	67.19
67.4	67.20
67.1	67.21
67.4	67.22
67.5	67.23
67.5	67.24
67.4	67.25
67.4	67.26
67.1	67.27
67.4	67.28
67.1	67.29
67.1	67.30
67.2	67.31
67.4	67.32
67.5	67.33
67.1	67.34
67.4	67.35
67.4	67.36
67.1	67.37
67.4	67.38
67.1	67.39
67.5	67.40
67.1	67.41
67.1	67.42
67.4	67.43
67.4	67.44
67.3	67.45
67.1	67.46
67.1	67.47
67.1	67.48
67.4	67.49
67.5	67.50
67.1	67.51
67.5	67.52
67.5	67.53
67.1	67.54
67.1	67.55
67.1	67.56
67.1	67.57
67.1	67.58
67.4	67.59
67.5	67.60
67.5	67.61
67.5	67.62
67.4	67.63
67.4	67.64
68.6	68.1
68.6	68.2
68.3	68.3
68.6	68.4
68.6	68.5
68.1	68.6
68.6	68.7
68.3	68.8
68.5	68.9
68.3	68.10
68.6	68.11
68.7	68.12
68.3	68.13
68.6	68.14
68.6	68.15
68.1	68.16
68.3	68.17
68.3	68.18
68.3	68.19
68.1	68.20
68.3	68.21
68.1	68.22
68.6	68.23
68.1	68.24
68.6	68.25
68.6	68.26
68.3	68.27
68.7	68.28
68.7	68.29
68.6	68.30
68.6	68.31
68.6	68.32
68.7	68.33
68.6	68.34
68.6	68.35
68.7	68.36
68.4	68.37
68.6	68.38
68.6	68.39
68.6	68.40
68.6	68.41
68.3	68.42
68.3	68.43
68.3	68.44
68.1	68.45
68.7	68.46
68.1	68.47
68.3	68.48
68.3	68.49
68.3	68.50
68.2	68.51
68.6	68.52
68.6	68.53
68.3	68.54
68.6	68.55
68.3	68.56
68.3	68.57
68.1	68.58
68.3	68.59
68.6	68.60
68.6	68.61
68.3	68.62
68.3	68.63
68.3	68.64
69.9	69.1
69.4	69.2
69.5	69.3
69.5	69.4
69.1	69.5
69.7	69.6
69.9	69.7
69.7	69.8
69.5	69.9
69.5	69.10
69.10	69.11
69.10	69.12
69.4	69.13
69.10	69.14
69.2	69.15
69.1	69.16
69.9	69.17
69.9	69.18
69.9	69.19
69.9	69.20
69.3	69.21
69.1	69.22
69.9	69.23
69.4	69.24
69.3	69.25
69.9	69.26
69.4	69.27
69.1	69.28
69.5	69.29
69.7	69.30
69.5	69.31
69.1	69.32
69.5	69.33
69.4	69.34
69.5	69.35
69.4	69.36
69.4	69.37
69.1	69.38
69.5	69.39
69.10	69.40
69.5	69.41
69.10	69.42
69.6	69.43
69.9	69.44
69.7	69.45
69.10	69.46
69.5	69.47
69.5	69.48
69.5	69.49
69.4	69.50
69.5	69.51
69.4	69.52
69.9	69.53
69.10	69.54
69.1	69.55
69.9	69.56
69.4	69.57
69.5	69.58
69.9	69.59
69.8	69.60
69.9	69.61
69.5	69.62
69.1	69.63
69.1	69.64
70.9	70.1
70.1	70.2
70.1	70.3
70.1	70.4
70.1	70.5
70.6	70.6
70.7	70.7
70.9	70.8
70.1	70.9
70.1	70.10
70.1	70.11
70.9	70.12
70.1	70.13
70.1	70.14
70.9	70.15
70.1	70.16
70.9	70.17
70.9	70.18
70.9	70.19
70.1	70.20
70.1	70.21
70.9	70.22
70.1	70.23
70.9	70.24
70.3	70.25
70.3	70.26
70.9	70.27
70.1	70.28
70.9	70.29
70.1	70.30
70.9	70.31
70.4	70.32
70.2	70.33
70.5	70.34
70.1	70.35
70.1	70.36
70.1	70.37
70.1	70.38
70.1	70.39
70.9	70.40
70.1	70.41
70.9	70.42
70.3	70.43
70.1	70.44
70.3	70.45
70.1	70.46
70.1	70.47
70.9	70.48
70.9	70.49
70.9	70.50
70.9	70.51
70.9	70.52
70.3	70.53
70.7	70.54
70.9	70.55
70.8	70.56
70.3	70.57
70.9	70.58
70.1	70.59
70.9	70.60
70.1	70.61
70.9	70.62
70.1	70.63
70.1	70.64
71.4	71.1
71.6	71.2
71.5	71.3
71.5	71.4
71.6	71.5
71.6	71.6
71.5	71.7
71.6	71.8
71.5	71.9
71.6	71.10
71.5	71.11
71.6	71.12
71.6	71.13
71.5	71.14
71.6	71.15
71.6	71.16
71.5	71.17
71.5	71.18
71.6	71.19
71.6	71.20
71.6	71.21
71.4	71.22
71.5	71.23
71.6	71.24
71.4	71.25
71.1	71.26
71.1	71.27
71.6	71.28
71.6	71.29
71.6	71.30
71.5	71.31
71.6	71.32
71.4	71.33
71.1	71.34
71.6	71.35
71.2	71.36
71.5	71.37
71.5	71.38
71.5	71.39
71.1	71.40
71.1	71.41
71.1	71.42
71.5	71.43
71.3	71.44
71.5	71.45
71.6	71.46
71.6	71.47
71.5	71.48
71.1	71.49
71.1	71.50
71.5	71.51
71.1	71.52
71.1	71.53
71.5	71.54
71.5	71.55
71.6	71.56
71.1	71.57
71.4	71.58
71.1	71.59
71.3	71.60
71.5	71.61
71.5	71.62
71.6	71.63
71.5	71.64
72.8	72.1
72.9	72.2
72.8	72.3
72.4	72.4
72.3	72.5
72.3	72.6
72.8	72.7
72.8	72.8
72.10	72.9
72.8	72.10
72.10	72.11
72.2	72.12
72.10	72.13
72.1	72.14
72.10	72.15
72.10	72.16
72.4	72.17
72.7	72.18
72.8	72.19
72.3	72.20
72.10	72.21
72.10	72.22
72.3	72.23
72.10	72.24
72.3	72.25
72.10	72.26
72.3	72.27
72.1	72.28
72.12	72.29
72.11	72.30
72.8	72.31
72.10	72.32
72.12	72.33
72.10	72.34
72.3	72.35
72.8	72.36
72.4	72.37
72.4	72.38
72.3	72.39
72.10	72.40
72.1	72.41
72.10	72.42
72.10	72.43
72.12	72.44
72.9	72.45
72.10	72.46
72.10	72.47
72.6	72.48
72.1	72.49
72.13	72.50
72.8	72.51
72.4	72.52
72.8	72.53
72.10	72.54
72.3	72.55
72.9	72.56
72.4	72.57
72.10	72.58
72.4	72.59
72.5	72.60
72.8	72.61
72.3	72.62
72.5	72.63
72.12	72.64
73.4	73.1
73.3	73.2
73.4	73.3
73.3	73.4
73.2	73.5
73.4	73.6
73.3	73.7
73.4	73.8
73.4	73.9
73.3	73.10
73.3	73.11
73.3	73.12
73.6	73.13
73.3	73.14
73.3	73.15
73.4	73.16
73.3	73.17
73.4	73.18
73.3	73.19
73.4	73.20
73.4	73.21
73.3	73.22
73.3	73.23
73.1	73.24
73.4	73.25
73.3	73.26
73.4	73.27
73.5	73.28
73.6	73.29
73.3	73.30
73.6	73.31
73.4	73.32
73.4	73.33
73.3	73.34
73.4	73.35
73.4	73.36
73.6	73.37
73.4	73.38
73.6	73.39
73.3	73.40
73.3	73.41
73.3	73.42
73.3	73.43
73.1	73.44
73.3	73.45
73.6	73.46
73.3	73.47
73.1	73.48
73.4	73.49
73.3	73.50
73.3	73.51
73.3	73.52
73.4	73.53
73.6	73.54
73.6	73.55
73.1	73.56
73.4	73.57
73.4	73.58
73.6	73.59
73.4	73.60
73.4	73.61
73.4	73.62
73.5	73.63
73.3	73.64
74.8	74.1
74.9	74.2
74.8	74.3
74.6	74.4
74.8	74.5
74.1	74.6
74.1	74.7
74.5	74.8
74.8	74.9
74.9	74.10
74.8	74.11
74.8	74.12
74.8	74.13
74.8	74.14
74.9	74.15
74.9	74.16
74.8	74.17
74.8	74.18
74.9	74.19
74.8	74.20
74.9	74.21
74.1	74.22
74.9	74.23
74.8	74.24
74.9	74.25
74.1	74.26
74.1	74.27
74.9	74.28
74.8	74.29
74.8	74.30
74.8	74.31
74.9	74.32
74.8	74.33
74.9	74.34
74.9	74.35
74.8	74.36
74.1	74.37
74.9	74.38
74.9	74.39
74.9	74.40
74.7	74.41
74.9	74.42
74.8	74.43
74.8	74.44
74.8	74.45
74.6	74.46
74.1	74.47
74.9	74.48
74.7	74.49
74.3	74.50
74.4	74.51
74.1	74.52
74.8	74.53
74.9	74.54
74.6	74.55
74.1	74.56
74.9	74.57
74.8	74.58
74.9	74.59
74.2	74.60
74.9	74.61
74.6	74.62
74.9	74.63
74.5	74.64
75.7	75.1
75.3	75.2
75.3	75.3
75.10	75.4
75.3	75.5
75.7	75.6
75.9	75.7
75.3	75.8
75.3	75.9
75.3	75.10
75.10	75.11
75.10	75.12
75.10	75.13
75.3	75.14
75.10	75.15
75.9	75.16
75.4	75.17
75.10	75.18
75.3	75.19
75.2	75.20
75.7	75.21
75.10	75.22
75.10	75.23
75.5	75.24
75.1	75.25
75.7	75.26
75.7	75.27
75.10	75.28
75.1	75.29
75.9	75.30
75.3	75.31
75.10	75.32
75.10	75.33
75.3	75.34
75.10	75.35
75.10	75.36
75.3	75.37
75.3	75.38
75.11	75.39
75.10	75.40
75.3	75.41
75.10	75.42
75.3	75.43
75.9	75.44
75.6	75.45
75.6	75.46
75.11	75.47
75.3	75.48
75.3	75.49
75.7	75.50
75.9	75.51
75.4	75.52
75.3	75.53
75.3	75.54
75.3	75.55
75.9	75.56
75.8	75.57
75.3	75.58
75.10	75.59
75.7	75.60
75.4	75.61
75.9	75.62
75.4	75.63
75.3	75.64
76.8	76.1
76.1	76.2
76.8	76.3
76.1	76.4
76.1	76.5
76.1	76.6
76.1	76.7
76.1	76.8
76.1	76.9
76.7	76.10
76.1	76.11
76.1	76.12
76.8	76.13
76.8	76.14
76.1	76.15
76.8	76.16
76.4	76.17
76.1	76.18
76.1	76.19
76.1	76.20
76.6	76.21
76.1	76.22
76.4	76.23
76.8	76.24
76.1	76.25
76.1	76.26
76.1	76.27
76.1	76.28
76.1	76.29
76.1	76.30
76.8	76.31
76.8	76.32
76.1	76.33
76.1	76.34
76.1	76.35
76.4	76.36
76.1	76.37
76.1	76.38
76.5	76.39
76.8	76.40
76.8	76.41
76.5	76.42
76.4	76.43
76.4	76.44
76.5	76.45
76.8	76.46
76.1	76.47
76.8	76.48
76.8	76.49
76.4	76.50
76.1	76.51
76.4	76.52
76.8	76.53
76.4	76.54
76.2	76.55
76.1	76.56
76.1	76.57
76.1	76.58
76.1	76.59
76.1	76.60
76.8	76.61
76.3	76.62
76.4	76.63
76.1	76.64
77.11	77.1
77.16	77.2
77.1	77.3
77.14	77.4
77.15	77.5
77.15	77.6
77.15	77.7
77.14	77.8
77.14	77.9
77.12	77.10
77.14	77.11
77.12	77.12
77.1	77.13
77.1	77.14
77.14	77.15
77.14	77.16
77.2	77.17
77.14	77.18
77.1	77.19
77.8	77.20
77.7	77.21
77.1	77.22
77.7	77.23
77.14	77.24
77.14	77.25
77.7	77.26
77.6	77.27
77.14	77.28
77.9	77.29
77.12	77.30
77.1	77.31
77.1	77.32
77.12	77.33
77.4	77.34
77.6	77.35
77.14	77.36
77.1	77.37
77.7	77.38
77.13	77.39
77.13	77.40
77.7	77.41
77.14	77.42
77.1	77.43
77.14	77.44
77.5	77.45
77.16	77.46
77.5	77.47
77.10	77.48
77.1	77.49
77.11	77.50
77.7	77.51
77.12	77.52
77.9	77.53
77.3	77.54
77.14	77.55
77.8	77.56
77.6	77.57
77.14	77.58
77.14	77.59
77.15	77.60
77.14	77.61
77.1	77.62
77.1	77.63
77.7	77.64
78.4	78.1
78.9	78.2
78.1	78.3
78.10	78.4
78.7	78.5
78.9	78.6
78.7	78.7
78.2	78.8
78.6	78.9
78.7	78.10
78.12	78.11
78.9	78.12
78.4	78.13
78.10	78.14
78.1	78.15
78.7	78.16
78.7	78.17
78.4	78.18
78.1	78.19
78.6	78.20
78.6	78.21
78.1	78.22
78.7	78.23
78.7	78.24
78.10	78.25
78.6	78.26
78.7	78.27
78.1	78.28
78.1	78.29
78.1	78.30
78.7	78.31
78.1	78.32
78.10	78.33
78.1	78.34
78.7	78.35
78.1	78.36
78.8	78.37
78.10	78.38
78.7	78.39
78.9	78.40
78.7	78.41
78.1	78.42
78.11	78.43
78.1	78.44
78.7	78.45
78.7	78.46
78.3	78.47
78.1	78.48
78.7	78.49
78.9	78.50
78.9	78.51
78.1	78.52
78.4	78.53
78.10	78.54
78.1	78.55
78.4	78.56
78.1	78.57
78.7	78.58
78.10	78.59
78.5	78.60
78.7	78.61
78.10	78.62
78.1	78.63
78.7	78.64
79.8	79.1
79.8	79.2
79.8	79.3
79.5	79.4
79.5	79.5
79.5	79.6
79.1	79.7
79.1	79.8
79.1	79.9
79.1	79.10
79.1	79.11
79.8	79.12
79.1	79.13
79.7	79.14
79.5	79.15
79.5	79.16
79.8	79.17
79.5	79.18
79.1	79.19
79.5	79.20
79.8	79.21
79.5	79.22
79.1	79.23
79.1	79.24
79.1	79.25
79.8	79.26
79.8	79.27
79.8	79.28
79.1	79.29
79.5	79.30
79.5	79.31
79.1	79.32
79.3	79.33
79.3	79.34
79.5	79.35
79.6	79.36
79.8	79.37
79.2	79.38
79.8	79.39
79.5	79.40
79.8	79.41
79.3	79.42
79.8	79.43
79.6	79.44
79.6	79.45
79.5	79.46
79.1	79.47
79.5	79.48
79.6	79.49
79.4	79.50
79.8	79.51
79.1	79.52
79.5	79.53
79.1	79.54
79.1	79.55
79.1	79.56
79.3	79.57
79.6	79.58
79.5	79.59
79.5	79.60
79.1	79.61
79.5	79.62
79.1	79.63
79.1	79.64
80.1	80.1
80.1	80.2
80.5	80.3
80.1	80.4
80.1	80.5
80.6	80.6
80.1	80.7
80.2	80.8
80.6	80.9
80.6	80.10
80.7	80.11
80.1	80.12
80.6	80.13
80.6	80.14
80.5	80.15
80.6	80.16
80.1	80.17
80.7	80.18
80.1	80.19
80.1	80.20
80.5	80.21
80.6	80.22
80.1	80.23
80.7	80.24
80.6	80.25
80.6	80.26
80.1	80.27
80.6	80.28
80.1	80.29
80.1	80.30
80.7	80.31
80.5	80.32
80.1	80.33
80.6	80.34
80.1	80.35
80.1	80.36
80.1	80.37
80.6	80.38
80.1	80.39
80.1	80.40
80.6	80.41
80.1	80.42
80.1	80.43
80.5	80.44
80.6	80.45
80.6	80.46
80.7	80.47
80.1	80.48
80.6	80.49
80.5	80.50
80.1	80.51
80.6	80.52
80.6	80.53
80.4	80.54
80.1	80.55
80.1	80.56
80.1	80.57
80.1	80.58
80.7	80.59
80.1	80.60
80.6	80.61
80.3	80.62
80.1	80.63
80.1	80.64
81.1	81.1
81.4	81.2
81.4	81.3
81.4	81.4
81.4	81.5
81.1	81.6
81.4	81.7
81.4	81.8
81.4	81.9
81.4	81.10
81.4	81.11
81.1	81.12
81.1	81.13
81.4	81.14
81.4	81.15
81.4	81.16
81.1	81.17
81.4	81.18
81.3	81.19
81.1	81.20
81.4	81.21
81.4	81.22
81.4	81.23
81.4	81.24
81.4	81.25
81.4	81.26
81.1	81.27
81.1	81.28
81.1	81.29
81.1	81.30
81.4	81.31
81.1	81.32
81.1	81.33
81.1	81.34
81.4	81.35
81.4	81.36
81.4	81.37
81.4	81.38
81.1	81.39
81.3	81.40
81.3	81.41
81.4	81.42
81.4	81.43
81.4	81.44
81.4	81.45
81.4	81.46
81.1	81.47
81.4	81.48
81.1	81.49
81.4	81.50
81.1	81.51
81.4	81.52
81.1	81.53
81.4	81.54
81.4	81.55
81.1	81.56
81.4	81.57
81.4	81.58
81.3	81.59
81.4	81.60
81.1	81.61
81.2	81.62
81.4	81.63
81.1	81.64
82.5	82.1
82.5	82.2
82.5	82.3
82.5	82.4
82.8	82.5
82.1	82.6
82.7	82.7
82.8	82.8
82.7	82.9
82.1	82.10
82.5	82.11
82.7	82.12
82.7	82.13
82.8	82.14
82.5	82.15
82.7	82.16
82.6	82.17
82.5	82.18
82.8	82.19
82.7	82.20
82.1	82.21
82.7	82.22
82.3	82.23
82.1	82.24
82.7	82.25
82.8	82.26
82.5	82.27
82.7	82.28
82.8	82.29
82.7	82.30
82.5	82.31
82.5	82.32
82.8	82.33
82.8	82.34
82.5	82.35
82.7	82.36
82.8	82.37
82.5	82.38
82.7	82.39
82.7	82.40
82.8	82.41
82.5	82.42
82.8	82.43
82.7	82.44
82.7	82.45
82.8	82.46
82.5	82.47
82.7	82.48
82.7	82.49
82.6	82.50
82.5	82.51
82.8	82.52
82.5	82.53
82.5	82.54
82.5	82.55
82.6	82.56
82.2	82.57
82.8	82.58
82.6	82.59
82.7	82.60
82.5	82.61
82.4	82.62
82.5	82.63
82.5	82.64
83.9	83.1
83.4	83.2
83.9	83.3
83.9	83.4
83.6	83.5
83.8	83.6
83.7	83.7
83.7	83.8
83.9	83.9
83.7	83.10
83.3	83.11
83.9	83.12
83.9	83.13
83.1	83.14
83.9	83.15
83.9	83.16
83.8	83.17
83.9	83.18
83.4	83.19
83.9	83.20
83.4	83.21
83.1	83.22
83.9	83.23
83.8	83.24
83.1	83.25
83.9	83.26
83.9	83.27
83.8	83.28
83.3	83.29
83.4	83.30
83.9	83.31
83.2	83.32
83.8	83.33
83.1	83.34
83.9	83.35
83.8	83.36
83.9	83.37
83.9	83.38
83.5	83.39
83.4	83.40
83.8	83.41
83.9	83.42
83.7	83.43
83.9	83.44
83.9	83.45
83.4	83.46
83.4	83.47
83.9	83.48
83.9	83.49
83.4	83.50
83.4	83.51
83.4	83.52
83.4	83.53
83.4	83.54
83.9	83.55
83.4	83.56
83.7	83.57
83.4	83.58
83.4	83.59
83.9	83.60
83.4	83.61
83.9	83.62
83.9	83.63
83.7	83.64
84.6	84.1
84.7	84.2
84.6	84.3
84.1	84.4
84.11	84.5
84.1	84.6
84.3	84.7
84.3	84.8
84.6	84.9
84.6	84.10
84.11	84.11
84.6	84.12
84.11	84.13
84.12	84.14
84.11	84.15
84.6	84.16
84.11	84.17
84.5	84.18
84.10	84.19
84.6	84.20
84.11	84.21
84.12	84.22
84.11	84.23
84.6	84.24
84.1	84.25
84.1	84.26
84.10	84.27
84.11	84.28
84.1	84.29
84.11	84.30
84.11	84.31
84.11	84.32
84.3	84.33
84.1	84.34
84.1	84.35
84.12	84.36
84.10	84.37
84.6	84.38
84.6	84.39
84.1	84.40
84.11	84.41
84.11	84.42
84.9	84.43
84.12	84.44
84.12	84.45
84.1	84.46
84.1	84.47
84.10	84.48
84.11	84.49
84.11	84.50
84.2	84.51
84.1	84.52
84.1	84.53
84.4	84.54
84.11	84.55
84.11	84.56
84.11	84.57
84.6	84.58
84.1	84.59
84.8	84.60
84.11	84.61
84.6	84.62
84.12	84.63
84.11	84.64
85.4	85.1
85.4	85.2
85.4	85.3
85.4	85.4
85.4	85.5
85.4	85.6
85.4	85.7
85.4	85.8
85.4	85.9
85.4	85.10
85.4	85.11
85.2	85.12
85.3	85.13
85.1	85.14
85.1	85.15
85.4	85.16
85.4	85.17
85.4	85.18
85.1	85.19
85.4	85.20
85.4	85.21
85.1	85.22
85.4	85.23
85.4	85.24
85.1	85.25
85.4	85.26
85.4	85.27
85.4	85.28
85.3	85.29
85.4	85.30
85.1	85.31
85.4	85.32
85.4	85.33
85.4	85.34
85.4	85.35
85.1	85.36
85.4	85.37
85.4	85.38
85.1	85.39
85.1	85.40
85.4	85.41
85.1	85.42
85.4	85.43
85.4	85.44
85.1	85.45
85.4	85.46
85.4	85.47
85.4	85.48
85.4	85.49
85.4	85.50
85.4	85.51
85.4	85.52
85.4	85.53
85.4	85.54
85.4	85.55
85.4	85.56
85.4	85.57
85.1	85.58
85.1	85.59
85.4	85.60
85.4	85.61
85.1	85.62
85.1	85.63
85.4	85.64
86.6	86.1
86.5	86.2
86.5	86.3
86.5	86.4
86.5	86.5
86.4	86.6
86.4	86.7
86.5	86.8
86.1	86.9
86.1	86.10
86.6	86.11
86.6	86.12
86.5	86.13
86.4	86.14
86.3	86.15
86.4	86.16
86.1	86.17
86.5	86.18
86.4	86.19
86.4	86.20
86.5	86.21
86.4	86.22
86.1	86.23
86.5	86.24
86.4	86.25
86.5	86.26
86.3	86.27
86.4	86.28
86.5	86.29
86.6	86.30
86.1	86.31
86.5	86.32
86.4	86.33
86.4	86.34
86.2	86.35
86.1	86.36
86.1	86.37
86.4	86.38
86.5	86.39
86.6	86.40
86.4	86.41
86.1	86.42
86.1	86.43
86.1	86.44
86.5	86.45
86.5	86.46
86.1	86.47
86.6	86.48
86.1	86.49
86.3	86.50
86.5	86.51
86.4	86.52
86.1	86.53
86.1	86.54
86.1	86.55
86.4	86.56
86.1	86.57
86.1	86.58
86.1	86.59
86.1	86.60
86.1	86.61
86.5	86.62
86.5	86.63
86.5	86.64
87.4	87.1
87.1	87.2
87.1	87.3
87.1	87.4
87.4	87.5
87.1	87.6
87.1	87.7
87.1	87.8
87.4	87.9
87.1	87.10
87.4	87.11
87.1	87.12
87.1	87.13
87.4	87.14
87.1	87.15
87.1	87.16
87.1	87.17
87.1	87.18
87.1	87.19
87.1	87.20
87.1	87.21
87.1	87.22
87.1	87.23
87.1	87.24
87.4	87.25
87.5	87.26
87.1	87.27
87.1	87.28
87.3	87.29
87.1	87.30
87.4	87.31
87.1	87.32
87.1	87.33
87.1	87.34
87.2	87.35
87.1	87.36
87.1	87.37
87.1	87.38
87.1	87.39
87.1	87.40
87.1	87.41
87.1	87.42
87.4	87.43
87.4	87.44
87.1	87.45
87.4	87.46
87.4	87.47
87.1	87.48
87.4	87.49
87.5	87.50
87.4	87.51
87.4	87.52
87.1	87.53
87.4	87.54
87.1	87.55
87.1	87.56
87.4	87.57
87.4	87.58
87.1	87.59
87.1	87.60
87.4	87.61
87.4	87.62
87.1	87.63
87.1	87.64
88.1	88.1
88.1	88.2
88.5	88.3
88.5	88.4
88.8	88.5
88.1	88.6
88.8	88.7
88.8	88.8
88.8	88.9
88.4	88.10
88.8	88.11
88.7	88.12
88.1	88.13
88.6	88.14
88.8	88.15
88.8	88.16
88.5	88.17
88.8	88.18
88.6	88.19
88.6	88.20
88.1	88.21
88.6	88.22
88.5	88.23
88.5	88.24
88.5	88.25
88.5	88.26
88.8	88.27
88.1	88.28
88.4	88.29
88.8	88.30
88.7	88.31
88.3	88.32
88.5	88.33
88.8	88.34
88.6	88.35
88.8	88.36
88.8	88.37
88.8	88.38
88.6	88.39
88.8	88.40
88.5	88.41
88.1	88.42
88.6	88.43
88.3	88.44
88.5	88.45
88.8	88.46
88.8	88.47
88.2	88.48
88.5	88.49
88.8	88.50
88.1	88.51
88.8	88.52
88.8	88.53
88.5	88.54
88.1	88.55
88.1	88.56
88.1	88.57
88.5	88.58
88.8	88.59
88.6	88.60
88.8	88.61
88.5	88.62
88.8	88.63
88.1	88.64
89.6	89.1
89.5	89.2
89.6	89.3
89.1	89.4
89.1	89.5
89.6	89.6
89.5	89.7
89.5	89.8
89.4	89.9
89.4	89.10
89.5	89.11
89.5	89.12
89.1	89.13
89.1	89.14
89.1	89.15
89.1	89.16
89.5	89.17
89.1	89.18
89.1	89.19
89.1	89.20
89.4	89.21
89.6	89.22
89.2	89.23
89.5	89.24
89.1	89.25
89.5	89.26
89.5	89.27
89.6	89.28
89.1	89.29
89.5	89.30
89.4	89.31
89.5	89.32
89.6	89.33
89.3	89.34
89.5	89.35
89.1	89.36
89.4	89.37
89.1	89.38
89.1	89.39
89.1	89.40
89.6	89.41
89.5	89.42
89.5	89.43
89.1	89.44
89.4	89.45
89.5	89.46
89.1	89.47
89.1	89.48
89.5	89.49
89.1	89.50
89.5	89.51
89.5	89.52
89.6	89.53
89.1	89.54
89.5	89.55
89.4	89.56
89.1	89.57
89.4	89.58
89.4	89.59
89.5	89.60
89.1	89.61
89.5	89.62
89.6	89.63
89.5	89.64
90.6	90.1
90.6	90.2
90.6	90.3
90.6	90.4
90.6	90.5
90.1	90.6
90.1	90.7
90.1	90.8
90.1	90.9
90.6	90.10
90.1	90.11
90.6	90.12
90.6	90.13
90.1	90.14
90.6	90.15
90.6	90.16
90.6	90.17
90.1	90.18
90.6	90.19
90.6	90.20
90.6	90.21
90.6	90.22
90.1	90.23
90.6	90.24
90.5	90.25
90.3	90.26
90.6	90.27
90.7	90.28
90.1	90.29
90.6	90.30
90.1	90.31
90.6	90.32
90.1	90.33
90.5	90.34
90.1	90.35
90.6	90.36
90.6	90.37
90.4	90.38
90.1	90.39
90.6	90.40
90.1	90.41
90.1	90.42
90.3	90.43
90.3	90.44
90.6	90.45
90.6	90.46
90.6	90.47
90.6	90.48
90.1	90.49
90.3	90.50
90.6	90.51
90.6	90.52
90.1	90.53
90.6	90.54
90.6	90.55
90.7	90.56
90.1	90.57
90.6	90.58
90.6	90.59
90.1	90.60
90.7	90.61
90.1	90.62
90.1	90.63
90.2	90.64
91.1	91.1
91.5	91.2
91.3	91.3
91.1	91.4
91.5	91.5
91.5	91.6
91.5	91.7
91.5	91.8
91.1	91.9
91.5	91.10
91.5	91.11
91.1	91.12
91.1	91.13
91.5	91.14
91.5	91.15
91.5	91.16
91.5	91.17
91.5	91.18
91.1	91.19
91.5	91.20
91.3	91.21
91.5	91.22
91.1	91.23
91.5	91.24
91.5	91.25
91.5	91.26
91.5	91.27
91.1	91.28
91.3	91.29
91.1	91.30
91.1	91.31
91.1	91.32
91.5	91.33
91.1	91.34
91.1	91.35
91.5	91.36
91.5	91.37
91.3	91.38
91.4	91.39
91.5	91.40
91.5	91.41
91.2	91.42
91.1	91.43
91.3	91.44
91.5	91.45
91.1	91.46
91.1	91.47
91.1	91.48
91.5	91.49
91.1	91.50
91.5	91.51
91.5	91.52
91.1	91.53
91.1	91.54
91.1	91.55
91.1	91.56
91.5	91.57
91.5	91.58
91.1	91.59
91.1	91.60
91.1	91.61
91.5	91.62
91.5	91.63
91.5	91.64
92.8	92.1
92.1	92.2
92.5	92.3
92.8	92.4
92.6	92.5
92.8	92.6
92.5	92.7
92.8	92.8
92.5	92.9
92.5	92.10
92.7	92.11
92.1	92.12
92.8	92.13
92.4	92.14
92.1	92.15
92.7	92.16
92.1	92.17
92.1	92.18
92.8	92.19
92.1	92.20
92.1	92.21
92.1	92.22
92.3	92.23
92.1	92.24
92.7	92.25
92.1	92.26
92.1	92.27
92.5	92.28
92.1	92.29
92.1	92.30
92.5	92.31
92.5	92.32
92.8	92.33
92.5	92.34
92.8	92.35
92.4	92.36
92.1	92.37
92.4	92.38
92.5	92.39
92.1	92.40
92.1	92.41
92.7	92.42
92.7	92.43
92.7	92.44
92.8	92.45
92.8	92.46
92.1	92.47
92.8	92.48
92.8	92.49
92.7	92.50
92.2	92.51
92.1	92.52
92.1	92.53
92.5	92.54
92.7	92.55
92.5	92.56
92.4	92.57
92.1	92.58
92.1	92.59
92.1	92.60
92.8	92.61
92.8	92.62
92.1	92.63
92.7	92.64
93.12	93.1
93.12	93.2
93.12	93.3
93.12	93.4
93.9	93.5
93.9	93.6
93.9	93.7
93.12	93.8
93.9	93.9
93.12	93.10
93.9	93.11
93.9	93.12
93.12	93.13
93.1	93.14
93.12	93.15
93.12	93.16
93.12	93.17
93.9	93.18
93.9	93.19
93.12	93.20
93.1	93.21
93.1	93.22
93.9	93.23
93.12	93.24
93.1	93.25
93.12	93.26
93.9	93.27
93.12	93.28
93.9	93.29
93.1	93.30
93.12	93.31
93.12	93.32
93.6	93.33
93.9	93.34
93.9	93.35
93.11	93.36
93.12	93.37
93.12	93.38
93.12	93.39
93.12	93.40
93.1	93.41
93.1	93.42
93.7	93.43
93.2	93.44
93.8	93.45
93.12	93.46
93.12	93.47
93.9	93.48
93.12	93.49
93.12	93.50
93.9	93.51
93.10	93.52
93.1	93.53
93.4	93.54
93.14	93.55
93.12	93.56
93.12	93.57
93.5	93.58
93.3	93.59
93.12	93.60
93.14	93.61
93.13	93.62
93.12	93.63
93.1	93.64
94.5	94.1
94.1	94.2
94.5	94.3
94.1	94.4
94.5	94.5
94.1	94.6
94.5	94.7
94.5	94.8
94.1	94.9
94.5	94.10
94.5	94.11
94.5	94.12
94.5	94.13
94.5	94.14
94.5	94.15
94.1	94.16
94.1	94.17
94.5	94.18
94.5	94.19
94.5	94.20
94.1	94.21
94.5	94.22
94.5	94.23
94.5	94.24
94.1	94.25
94.1	94.26
94.1	94.27
94.1	94.28
94.5	94.29
94.1	94.30
94.5	94.31
94.3	94.32
94.5	94.33
94.5	94.34
94.1	94.35
94.2	94.36
94.1	94.37
94.2	94.38
94.1	94.39
94.5	94.40
94.5	94.41
94.5	94.42
94.4	94.43
94.1	94.44
94.5	94.45
94.5	94.46
94.1	94.47
94.5	94.48
94.5	94.49
94.5	94.50
94.1	94.51
94.5	94.52
94.3	94.53
94.1	94.54
94.1	94.55
94.1	94.56
94.1	94.57
94.1	94.58
94.5	94.59
94.5	94.60
94.5	94.61
94.1	94.62
94.1	94.63
94.5	94.64
95.1	95.1
95.7	95.2
95.7	95.3
95.5	95.4
95.6	95.5
95.2	95.6
95.7	95.7
95.9	95.8
95.3	95.9
95.7	95.10
95.7	95.11
95.1	95.12
95.4	95.13
95.7	95.14
95.4	95.15
95.6	95.16
95.7	95.17
95.7	95.18
95.1	95.19
95.7	95.20
95.7	95.21
95.1	95.22
95.1	95.23
95.1	95.24
95.1	95.25
95.6	95.26
95.7	95.27
95.1	95.28
95.7	95.29
95.6	95.30
95.1	95.31
95.1	95.32
95.7	95.33
95.1	95.34
95.1	95.35
95.4	95.36
95.1	95.37
95.7	95.38
95.9	95.39
95.9	95.40
95.6	95.41
95.7	95.42
95.1	95.43
95.1	95.44
95.7	95.45
95.1	95.46
95.7	95.47
95.6	95.48
95.7	95.49
95.1	95.50
95.1	95.51
95.1	95.52
95.1	95.53
95.1	95.54
95.9	95.55
95.5	95.56
95.7	95.57
95.6	95.58
95.7	95.59
95.1	95.60
95.1	95.61
95.7	95.62
95.8	95.63
95.7	95.64
96.7	96.1
96.11	96.2
96.5	96.3
96.5	96.4
96.8	96.5
96.1	96.6
96.7	96.7
96.7	96.8
96.5	96.9
96.4	96.10
96.5	96.11
96.1	96.12
96.4	96.13
96.5	96.14
96.10	96.15
96.7	96.16
96.7	96.17
96.1	96.18
96.1	96.19
96.6	96.20
96.11	96.21
96.5	96.22
96.1	96.23
96.1	96.24
96.7	96.25
96.7	96.26
96.11	96.27
96.5	96.28
96.5	96.29
96.1	96.30
96.1	96.31
96.5	96.32
96.1	96.33
96.1	96.34
96.1	96.35
96.1	96.36
96.3	96.37
96.7	96.38
96.5	96.39
96.11	96.40
96.7	96.41
96.5	96.42
96.1	96.43
96.1	96.44
96.5	96.45
96.1	96.46
96.7	96.47
96.1	96.48
96.1	96.49
96.1	96.50
96.5	96.51
96.7	96.52
96.11	96.53
96.2	96.54
96.5	96.55
96.7	96.56
96.7	96.57
96.9	96.58
96.5	96.59
96.3	96.60
96.7	96.61
96.1	96.62
96.4	96.63
96.11	96.64
97.1	97.1
97.1	97.2
97.1	97.3
97.3	97.4
97.1	97.5
97.3	97.6
97.5	97.7
97.1	97.8
97.6	97.9
97.6	97.10
97.1	97.11
97.1	97.12
97.1	97.13
97.1	97.14
97.1	97.15
97.1	97.16
97.6	97.17
97.1	97.18
97.4	97.19
97.1	97.20
97.1	97.21
97.6	97.22
97.6	97.23
97.1	97.24
97.4	97.25
97.4	97.26
97.1	97.27
97.1	97.28
97.6	97.29
97.3	97.30
97.3	97.31
97.6	97.32
97.6	97.33
97.6	97.34
97.5	97.35
97.1	97.36
97.1	97.37
97.6	97.38
97.1	97.39
97.6	97.40
97.2	97.41
97.1	97.42
97.5	97.43
97.6	97.44
97.6	97.45
97.3	97.46
97.3	97.47
97.3	97.48
97.3	97.49
97.1	97.50
97.3	97.51
97.6	97.52
97.1	97.53
97.1	97.54
97.3	97.55
97.3	97.56
97.1	97.57
97.5	97.58
97.3	97.59
97.1	97.60
97.6	97.61
97.1	97.62
97.1	97.63
97.1	97.64
98.1	98.1
98.1	98.2
98.1	98.3
98.1	98.4
98.1	98.5
98.1	98.6
98.8	98.7
98.1	98.8
98.1	98.9
98.1	98.10
98.1	98.11
98.8	98.12
98.1	98.13
98.8	98.14
98.4	98.15
98.1	98.16
98.8	98.17
98.1	98.18
98.1	98.19
98.5	98.20
98.10	98.21
98.1	98.22
98.1	98.23
98.1	98.24
98.1	98.25
98.1	98.26
98.8	98.27
98.7	98.28
98.10	98.29
98.1	98.30
98.10	98.31
98.5	98.32
98.1	98.33
98.1	98.34
98.1	98.35
98.1	98.36
98.10	98.37
98.8	98.38
98.5	98.39
98.8	98.40
98.10	98.41
98.9	98.42
98.8	98.43
98.8	98.44
98.8	98.45
98.1	98.46
98.1	98.47
98.8	98.48
98.8	98.49
98.10	98.50
98.1	98.51
98.8	98.52
98.8	98.53
98.2	98.54
98.1	98.55
98.1	98.56
98.1	98.57
98.6	98.58
98.1	98.59
98.8	98.60
98.3	98.61
98.1	98.62
98.1	98.63
98.8	98.64
99.1	99.1
99.4	99.2
99.1	99.3
99.5	99.4
99.4	99.5
99.4	99.6
99.1	99.7
99.4	99.8
99.1	99.9
99.4	99.10
99.4	99.11
99.4	99.12
99.1	99.13
99.4	99.14
99.5	99.15
99.4	99.16
99.6	99.17
99.4	99.18
99.4	99.19
99.4	99.20
99.1	99.21
99.1	99.22
99.1	99.23
99.2	99.24
99.4	99.25
99.5	99.26
99.5	99.27
99.1	99.28
99.4	99.29
99.1	99.30
99.4	99.31
99.1	99.32
99.4	99.33
99.1	99.34
99.6	99.35
99.4	99.36
99.1	99.37
99.4	99.38
99.4	99.39
99.4	99.40
99.4	99.41
99.4	99.42
99.4	99.43
99.4	99.44
99.4	99.45
99.3	99.46
99.5	99.47
99.4	99.48
99.4	99.49
99.4	99.50
99.4	99.51
99.1	99.52
99.4	99.53
99.4	99.54
99.4	99.55
99.1	99.56
99.4	99.57
99.1	99.58
99.4	99.59
99.4	99.60
99.4	99.61
99.4	99.62
99.1	99.63
99.4	99.64
100.10	100.1
100.11	100.2
100.1	100.3
100.7	100.4
100.10	100.5
100.11	100.6
100.11	100.7
100.1	100.8
100.11	100.9
100.10	100.10
100.1	100.11
100.10	100.12
100.11	100.13
100.6	100.14
100.11	100.15
100.1	100.16
100.10	100.17
100.10	100.18
100.1	100.19
100.11	100.20
100.6	100.21
100.1	100.22
100.9	100.23
100.11	100.24
100.1	100.25
100.11	100.26
100.10	100.27
100.10	100.28
100.1	100.29
100.1	100.30
100.4	100.31
100.10	100.32
100.11	100.33
100.8	100.34
100.8	100.35
100.1	100.36
100.11	100.37
100.11	100.38
100.1	100.39
100.1	100.40
100.1	100.41
100.1	100.42
100.1	100.43
100.11	100.44
100.11	100.45
100.10	100.46
100.1	100.47
100.1	100.48
100.11	100.49
100.1	100.50
100.4	100.51
100.1	100.52
100.5	100.53
100.10	100.54
100.2	100.55
100.10	100.56
100.8	100.57
100.1	100.58
100.3	100.59
100.10	100.60
100.10	100.61
100.1	100.62
100.11	100.63
100.6	100.64