subTopicID	resultID
1.6	1.1
1.1	1.2
1.1	1.3
1.1	1.4
1.5	1.5
1.1	1.6
1.1	1.7
1.1	1.8
1.1	1.9
1.1	1.10
1.6	1.11
1.1	1.12
1.1	1.13
1.1	1.14
1.1	1.15
1.1	1.16
1.1	1.17
1.1	1.18
1.6	1.19
1.7	1.20
1.1	1.21
1.6	1.22
1.1	1.23
1.1	1.24
1.1	1.25
1.6	1.26
1.1	1.27
1.1	1.28
1.6	1.29
1.7	1.30
1.1	1.31
1.1	1.32
1.6	1.33
1.6	1.34
1.1	1.35
1.1	1.36
1.5	1.37
1.1	1.38
1.3	1.39
1.1	1.40
1.1	1.41
1.1	1.42
1.1	1.43
1.1	1.44
1.1	1.45
1.6	1.46
1.1	1.47
1.6	1.48
1.4	1.49
1.4	1.50
1.6	1.51
1.6	1.52
1.1	1.53
1.6	1.54
1.5	1.55
1.1	1.56
1.1	1.57
1.1	1.58
1.5	1.59
1.1	1.60
1.2	1.61
1.6	1.62
1.1	1.63
1.1	1.64
2.9	2.1
2.11	2.2
2.11	2.3
2.9	2.4
2.10	2.5
2.11	2.6
2.9	2.7
2.9	2.8
2.9	2.9
2.11	2.10
2.9	2.11
2.7	2.12
2.9	2.13
2.9	2.14
2.9	2.15
2.9	2.16
2.1	2.17
2.9	2.18
2.9	2.19
2.9	2.20
2.10	2.21
2.3	2.22
2.4	2.23
2.9	2.24
2.11	2.25
2.9	2.26
2.11	2.27
2.10	2.28
2.1	2.29
2.9	2.30
2.9	2.31
2.11	2.32
2.9	2.33
2.11	2.34
2.11	2.35
2.8	2.36
2.11	2.37
2.8	2.38
2.1	2.39
2.2	2.40
2.11	2.41
2.5	2.42
2.9	2.43
2.11	2.44
2.9	2.45
2.5	2.46
2.11	2.47
2.6	2.48
2.11	2.49
2.1	2.50
2.9	2.51
2.11	2.52
2.10	2.53
2.9	2.54
2.11	2.55
2.11	2.56
2.1	2.57
2.8	2.58
2.11	2.59
2.10	2.60
2.11	2.61
2.1	2.62
2.8	2.63
2.1	2.64
3.1	3.1
3.1	3.2
3.11	3.3
3.10	3.4
3.11	3.5
3.11	3.6
3.11	3.7
3.1	3.8
3.1	3.9
3.11	3.10
3.1	3.11
3.1	3.12
3.1	3.13
3.11	3.14
3.1	3.15
3.11	3.16
3.13	3.17
3.1	3.18
3.13	3.19
3.13	3.20
3.1	3.21
3.11	3.22
3.5	3.23
3.11	3.24
3.1	3.25
3.11	3.26
3.3	3.27
3.11	3.28
3.11	3.29
3.13	3.30
3.1	3.31
3.13	3.32
3.1	3.33
3.11	3.34
3.1	3.35
3.8	3.36
3.11	3.37
3.7	3.38
3.6	3.39
3.11	3.40
3.11	3.41
3.11	3.42
3.1	3.43
3.13	3.44
3.1	3.45
3.11	3.46
3.9	3.47
3.13	3.48
3.1	3.49
3.12	3.50
3.4	3.51
3.1	3.52
3.1	3.53
3.11	3.54
3.1	3.55
3.13	3.56
3.13	3.57
3.2	3.58
3.1	3.59
3.13	3.60
3.1	3.61
3.1	3.62
3.12	3.63
3.11	3.64
4.1	4.1
4.4	4.2
4.7	4.3
4.7	4.4
4.7	4.5
4.8	4.6
4.7	4.7
4.7	4.8
4.7	4.9
4.8	4.10
4.1	4.11
4.7	4.12
4.7	4.13
4.7	4.14
4.7	4.15
4.7	4.16
4.1	4.17
4.7	4.18
4.1	4.19
4.7	4.20
4.7	4.21
4.1	4.22
4.3	4.23
4.1	4.24
4.8	4.25
4.7	4.26
4.8	4.27
4.7	4.28
4.7	4.29
4.7	4.30
4.8	4.31
4.1	4.32
4.7	4.33
4.7	4.34
4.1	4.35
4.1	4.36
4.8	4.37
4.7	4.38
4.7	4.39
4.1	4.40
4.8	4.41
4.7	4.42
4.7	4.43
4.10	4.44
4.7	4.45
4.2	4.46
4.7	4.47
4.7	4.48
4.5	4.49
4.1	4.50
4.1	4.51
4.7	4.52
4.7	4.53
4.1	4.54
4.9	4.55
4.1	4.56
4.6	4.57
4.1	4.58
4.6	4.59
4.7	4.60
4.1	4.61
4.7	4.62
4.1	4.63
4.8	4.64
5.7	5.1
5.14	5.2
5.15	5.3
5.14	5.4
5.9	5.5
5.14	5.6
5.10	5.7
5.7	5.8
5.7	5.9
5.14	5.10
5.15	5.11
5.14	5.12
5.15	5.13
5.11	5.14
5.10	5.15
5.14	5.16
5.1	5.17
5.7	5.18
5.13	5.19
5.7	5.20
5.14	5.21
5.15	5.22
5.1	5.23
5.11	5.24
5.5	5.25
5.6	5.26
5.14	5.27
5.16	5.28
5.14	5.29
5.14	5.30
5.7	5.31
5.11	5.32
5.3	5.33
5.14	5.34
5.15	5.35
5.16	5.36
5.14	5.37
5.2	5.38
5.7	5.39
5.7	5.40
5.14	5.41
5.14	5.42
5.14	5.43
5.8	5.44
5.14	5.45
5.14	5.46
5.12	5.47
5.1	5.48
5.14	5.49
5.10	5.50
5.7	5.51
5.14	5.52
5.10	5.53
5.4	5.54
5.11	5.55
5.14	5.56
5.7	5.57
5.14	5.58
5.14	5.59
5.15	5.60
5.14	5.61
5.7	5.62
5.10	5.63
5.14	5.64
6.1	6.1
6.1	6.2
6.1	6.3
6.5	6.4
6.4	6.5
6.1	6.6
6.6	6.7
6.1	6.8
6.6	6.9
6.6	6.10
6.1	6.11
6.1	6.12
6.1	6.13
6.1	6.14
6.1	6.15
6.1	6.16
6.1	6.17
6.1	6.18
6.6	6.19
6.2	6.20
6.1	6.21
6.1	6.22
6.1	6.23
6.1	6.24
6.1	6.25
6.1	6.26
6.1	6.27
6.1	6.28
6.1	6.29
6.1	6.30
6.3	6.31
6.1	6.32
6.6	6.33
6.1	6.34
6.6	6.35
6.1	6.36
6.7	6.37
6.6	6.38
6.6	6.39
6.1	6.40
6.1	6.41
6.1	6.42
6.1	6.43
6.1	6.44
6.1	6.45
6.1	6.46
6.1	6.47
6.6	6.48
6.1	6.49
6.1	6.50
6.1	6.51
6.6	6.52
6.1	6.53
6.1	6.54
6.5	6.55
6.1	6.56
6.6	6.57
6.6	6.58
6.6	6.59
6.6	6.60
6.1	6.61
6.6	6.62
6.6	6.63
6.1	6.64
7.5	7.1
7.5	7.2
7.5	7.3
7.5	7.4
7.1	7.5
7.1	7.6
7.5	7.7
7.5	7.8
7.1	7.9
7.1	7.10
7.5	7.11
7.5	7.12
7.5	7.13
7.1	7.14
7.5	7.15
7.5	7.16
7.5	7.17
7.5	7.18
7.5	7.19
7.5	7.20
7.5	7.21
7.1	7.22
7.5	7.23
7.5	7.24
7.5	7.25
7.5	7.26
7.5	7.27
7.5	7.28
7.1	7.29
7.5	7.30
7.1	7.31
7.1	7.32
7.1	7.33
7.4	7.34
7.5	7.35
7.2	7.36
7.5	7.37
7.1	7.38
7.1	7.39
7.5	7.40
7.5	7.41
7.1	7.42
7.5	7.43
7.5	7.44
7.5	7.45
7.1	7.46
7.5	7.47
7.5	7.48
7.3	7.49
7.5	7.50
7.4	7.51
7.5	7.52
7.5	7.53
7.5	7.54
7.5	7.55
7.1	7.56
7.5	7.57
7.5	7.58
7.4	7.59
7.1	7.60
7.4	7.61
7.1	7.62
7.1	7.63
7.5	7.64
8.6	8.1
8.6	8.2
8.6	8.3
8.6	8.4
8.7	8.5
8.7	8.6
8.4	8.7
8.7	8.8
8.7	8.9
8.6	8.10
8.7	8.11
8.6	8.12
8.7	8.13
8.7	8.14
8.6	8.15
8.7	8.16
8.3	8.17
8.4	8.18
8.7	8.19
8.7	8.20
8.2	8.21
8.4	8.22
8.7	8.23
8.7	8.24
8.6	8.25
8.6	8.26
8.1	8.27
8.4	8.28
8.4	8.29
8.6	8.30
8.4	8.31
8.4	8.32
8.7	8.33
8.6	8.34
8.7	8.35
8.6	8.36
8.6	8.37
8.6	8.38
8.1	8.39
8.4	8.40
8.6	8.41
8.6	8.42
8.4	8.43
8.7	8.44
8.4	8.45
8.7	8.46
8.7	8.47
8.6	8.48
8.6	8.49
8.6	8.50
8.6	8.51
8.4	8.52
8.6	8.53
8.6	8.54
8.6	8.55
8.4	8.56
8.7	8.57
8.4	8.58
8.4	8.59
8.1	8.60
8.4	8.61
8.5	8.62
8.7	8.63
8.7	8.64
9.9	9.1
9.14	9.2
9.1	9.3
9.1	9.4
9.7	9.5
9.7	9.6
9.14	9.7
9.13	9.8
9.14	9.9
9.7	9.10
9.14	9.11
9.1	9.12
9.13	9.13
9.9	9.14
9.7	9.15
9.1	9.16
9.4	9.17
9.1	9.18
9.1	9.19
9.1	9.20
9.1	9.21
9.1	9.22
9.16	9.23
9.7	9.24
9.6	9.25
9.2	9.26
9.11	9.27
9.9	9.28
9.1	9.29
9.14	9.30
9.1	9.31
9.11	9.32
9.3	9.33
9.1	9.34
9.14	9.35
9.14	9.36
9.11	9.37
9.8	9.38
9.5	9.39
9.10	9.40
9.1	9.41
9.15	9.42
9.16	9.43
9.5	9.44
9.16	9.45
9.12	9.46
9.13	9.47
9.14	9.48
9.9	9.49
9.1	9.50
9.14	9.51
9.1	9.52
9.14	9.53
9.7	9.54
9.9	9.55
9.7	9.56
9.1	9.57
9.11	9.58
9.1	9.59
9.7	9.60
9.14	9.61
9.13	9.62
9.14	9.63
9.11	9.64
10.8	10.1
10.8	10.2
10.1	10.3
10.1	10.4
10.8	10.5
10.8	10.6
10.8	10.7
10.6	10.8
10.1	10.9
10.8	10.10
10.8	10.11
10.1	10.12
10.7	10.13
10.8	10.14
10.8	10.15
10.8	10.16
10.8	10.17
10.8	10.18
10.8	10.19
10.8	10.20
10.6	10.21
10.8	10.22
10.6	10.23
10.8	10.24
10.9	10.25
10.9	10.26
10.9	10.27
10.1	10.28
10.8	10.29
10.1	10.30
10.6	10.31
10.9	10.32
10.4	10.33
10.5	10.34
10.8	10.35
10.9	10.36
10.8	10.37
10.8	10.38
10.1	10.39
10.9	10.40
10.8	10.41
10.2	10.42
10.2	10.43
10.8	10.44
10.1	10.45
10.8	10.46
10.1	10.47
10.7	10.48
10.1	10.49
10.1	10.50
10.1	10.51
10.8	10.52
10.9	10.53
10.8	10.54
10.9	10.55
10.1	10.56
10.1	10.57
10.1	10.58
10.1	10.59
10.5	10.60
10.1	10.61
10.3	10.62
10.8	10.63
10.2	10.64
11.10	11.1
11.6	11.2
11.10	11.3
11.4	11.4
11.4	11.5
11.4	11.6
11.9	11.7
11.4	11.8
11.4	11.9
11.10	11.10
11.4	11.11
11.10	11.12
11.10	11.13
11.10	11.14
11.7	11.15
11.10	11.16
11.3	11.17
11.7	11.18
11.4	11.19
11.10	11.20
11.3	11.21
11.5	11.22
11.4	11.23
11.1	11.24
11.10	11.25
11.10	11.26
11.7	11.27
11.10	11.28
11.10	11.29
11.10	11.30
11.4	11.31
11.10	11.32
11.10	11.33
11.4	11.34
11.4	11.35
11.4	11.36
11.10	11.37
11.10	11.38
11.4	11.39
11.1	11.40
11.4	11.41
11.9	11.42
11.4	11.43
11.4	11.44
11.4	11.45
11.4	11.46
11.4	11.47
11.8	11.48
11.4	11.49
11.9	11.50
11.10	11.51
11.9	11.52
11.10	11.53
11.10	11.54
11.10	11.55
11.1	11.56
11.4	11.57
11.7	11.58
11.2	11.59
11.10	11.60
11.4	11.61
11.4	11.62
11.4	11.63
11.10	11.64
12.14	12.1
12.4	12.2
12.1	12.3
12.2	12.4
12.5	12.5
12.14	12.6
12.13	12.7
12.14	12.8
12.5	12.9
12.9	12.10
12.14	12.11
12.14	12.12
12.14	12.13
12.14	12.14
12.6	12.15
12.14	12.16
12.14	12.17
12.11	12.18
12.14	12.19
12.11	12.20
12.8	12.21
12.14	12.22
12.7	12.23
12.14	12.24
12.14	12.25
12.8	12.26
12.12	12.27
12.5	12.28
12.14	12.29
12.5	12.30
12.5	12.31
12.8	12.32
12.5	12.33
12.14	12.34
12.3	12.35
12.14	12.36
12.5	12.37
12.14	12.38
12.6	12.39
12.14	12.40
12.5	12.41
12.8	12.42
12.5	12.43
12.11	12.44
12.5	12.45
12.14	12.46
12.14	12.47
12.14	12.48
12.11	12.49
12.5	12.50
12.5	12.51
12.5	12.52
12.8	12.53
12.14	12.54
12.12	12.55
12.5	12.56
12.10	12.57
12.14	12.58
12.8	12.59
12.14	12.60
12.14	12.61
12.14	12.62
12.8	12.63
12.5	12.64
13.1	13.1
13.1	13.2
13.1	13.3
13.6	13.4
13.1	13.5
13.1	13.6
13.2	13.7
13.7	13.8
13.5	13.9
13.7	13.10
13.7	13.11
13.1	13.12
13.6	13.13
13.7	13.14
13.7	13.15
13.1	13.16
13.7	13.17
13.7	13.18
13.7	13.19
13.1	13.20
13.1	13.21
13.7	13.22
13.1	13.23
13.7	13.24
13.1	13.25
13.7	13.26
13.1	13.27
13.1	13.28
13.1	13.29
13.7	13.30
13.7	13.31
13.6	13.32
13.7	13.33
13.1	13.34
13.6	13.35
13.7	13.36
13.7	13.37
13.8	13.38
13.1	13.39
13.1	13.40
13.7	13.41
13.4	13.42
13.6	13.43
13.6	13.44
13.1	13.45
13.7	13.46
13.6	13.47
13.7	13.48
13.7	13.49
13.6	13.50
13.1	13.51
13.6	13.52
13.6	13.53
13.1	13.54
13.7	13.55
13.7	13.56
13.7	13.57
13.3	13.58
13.7	13.59
13.6	13.60
13.7	13.61
13.1	13.62
13.1	13.63
13.1	13.64
14.5	14.1
14.5	14.2
14.5	14.3
14.5	14.4
14.1	14.5
14.1	14.6
14.3	14.7
14.1	14.8
14.1	14.9
14.1	14.10
14.5	14.11
14.2	14.12
14.1	14.13
14.5	14.14
14.1	14.15
14.5	14.16
14.6	14.17
14.1	14.18
14.3	14.19
14.6	14.20
14.1	14.21
14.4	14.22
14.6	14.23
14.1	14.24
14.6	14.25
14.1	14.26
14.5	14.27
14.4	14.28
14.6	14.29
14.1	14.30
14.6	14.31
14.1	14.32
14.1	14.33
14.4	14.34
14.6	14.35
14.1	14.36
14.5	14.37
14.5	14.38
14.6	14.39
14.5	14.40
14.5	14.41
14.6	14.42
14.1	14.43
14.1	14.44
14.1	14.45
14.6	14.46
14.1	14.47
14.5	14.48
14.6	14.49
14.5	14.50
14.4	14.51
14.5	14.52
14.5	14.53
14.6	14.54
14.6	14.55
14.5	14.56
14.5	14.57
14.5	14.58
14.6	14.59
14.5	14.60
14.5	14.61
14.1	14.62
14.5	14.63
14.5	14.64
15.18	15.1
15.15	15.2
15.4	15.3
15.15	15.4
15.10	15.5
15.12	15.6
15.10	15.7
15.15	15.8
15.10	15.9
15.10	15.10
15.1	15.11
15.10	15.12
15.11	15.13
15.15	15.14
15.15	15.15
15.10	15.16
15.1	15.17
15.10	15.18
15.10	15.19
15.10	15.20
15.10	15.21
15.15	15.22
15.15	15.23
15.13	15.24
15.10	15.25
15.15	15.26
15.10	15.27
15.1	15.28
15.15	15.29
15.15	15.30
15.15	15.31
15.16	15.32
15.10	15.33
15.16	15.34
15.10	15.35
15.15	15.36
15.8	15.37
15.10	15.38
15.12	15.39
15.15	15.40
15.20	15.41
15.15	15.42
15.15	15.43
15.14	15.44
15.15	15.45
15.17	15.46
15.18	15.47
15.9	15.48
15.15	15.49
15.5	15.50
15.19	15.51
15.20	15.52
15.7	15.53
15.2	15.54
15.10	15.55
15.6	15.56
15.18	15.57
15.17	15.58
15.11	15.59
15.13	15.60
15.3	15.61
15.17	15.62
15.17	15.63
15.12	15.64
16.10	16.1
16.6	16.2
16.10	16.3
16.1	16.4
16.1	16.5
16.1	16.6
16.1	16.7
16.11	16.8
16.1	16.9
16.10	16.10
16.10	16.11
16.19	16.12
16.10	16.13
16.16	16.14
16.10	16.15
16.10	16.16
16.18	16.17
16.10	16.18
16.10	16.19
16.1	16.20
16.1	16.21
16.2	16.22
16.15	16.23
16.10	16.24
16.10	16.25
16.10	16.26
16.1	16.27
16.1	16.28
16.3	16.29
16.1	16.30
16.1	16.31
16.10	16.32
16.15	16.33
16.10	16.34
16.4	16.35
16.16	16.36
16.16	16.37
16.10	16.38
16.14	16.39
16.1	16.40
16.14	16.41
16.7	16.42
16.10	16.43
16.1	16.44
16.5	16.45
16.17	16.46
16.1	16.47
16.12	16.48
16.9	16.49
16.9	16.50
16.1	16.51
16.10	16.52
16.1	16.53
16.10	16.54
16.16	16.55
16.8	16.56
16.16	16.57
16.16	16.58
16.19	16.59
16.1	16.60
16.1	16.61
16.11	16.62
16.13	16.63
16.1	16.64
17.1	17.1
17.7	17.2
17.9	17.3
17.9	17.4
17.9	17.5
17.9	17.6
17.1	17.7
17.9	17.8
17.9	17.9
17.5	17.10
17.1	17.11
17.8	17.12
17.1	17.13
17.5	17.14
17.9	17.15
17.1	17.16
17.7	17.17
17.9	17.18
17.1	17.19
17.1	17.20
17.10	17.21
17.6	17.22
17.7	17.23
17.1	17.24
17.9	17.25
17.1	17.26
17.9	17.27
17.7	17.28
17.9	17.29
17.9	17.30
17.10	17.31
17.1	17.32
17.9	17.33
17.9	17.34
17.8	17.35
17.4	17.36
17.9	17.37
17.2	17.38
17.9	17.39
17.7	17.40
17.9	17.41
17.1	17.42
17.1	17.43
17.7	17.44
17.1	17.45
17.1	17.46
17.6	17.47
17.9	17.48
17.8	17.49
17.5	17.50
17.3	17.51
17.8	17.52
17.9	17.53
17.1	17.54
17.8	17.55
17.4	17.56
17.5	17.57
17.1	17.58
17.9	17.59
17.9	17.60
17.9	17.61
17.8	17.62
17.9	17.63
17.9	17.64
18.6	18.1
18.9	18.2
18.9	18.3
18.1	18.4
18.1	18.5
18.1	18.6
18.1	18.7
18.1	18.8
18.9	18.9
18.11	18.10
18.1	18.11
18.8	18.12
18.11	18.13
18.1	18.14
18.11	18.15
18.9	18.16
18.9	18.17
18.7	18.18
18.11	18.19
18.1	18.20
18.9	18.21
18.1	18.22
18.9	18.23
18.9	18.24
18.1	18.25
18.1	18.26
18.1	18.27
18.10	18.28
18.2	18.29
18.9	18.30
18.1	18.31
18.9	18.32
18.1	18.33
18.1	18.34
18.8	18.35
18.1	18.36
18.7	18.37
18.1	18.38
18.7	18.39
18.9	18.40
18.1	18.41
18.1	18.42
18.10	18.43
18.9	18.44
18.11	18.45
18.1	18.46
18.1	18.47
18.9	18.48
18.9	18.49
18.4	18.50
18.10	18.51
18.11	18.52
18.5	18.53
18.9	18.54
18.9	18.55
18.3	18.56
18.11	18.57
18.9	18.58
18.9	18.59
18.1	18.60
18.10	18.61
18.1	18.62
18.9	18.63
18.9	18.64
19.1	19.1
19.12	19.2
19.11	19.3
19.11	19.4
19.1	19.5
19.12	19.6
19.4	19.7
19.11	19.8
19.13	19.9
19.1	19.10
19.1	19.11
19.10	19.12
19.13	19.13
19.9	19.14
19.11	19.15
19.1	19.16
19.11	19.17
19.13	19.18
19.11	19.19
19.11	19.20
19.5	19.21
19.7	19.22
19.1	19.23
19.11	19.24
19.11	19.25
19.9	19.26
19.6	19.27
19.11	19.28
19.4	19.29
19.1	19.30
19.11	19.31
19.1	19.32
19.11	19.33
19.2	19.34
19.11	19.35
19.11	19.36
19.11	19.37
19.11	19.38
19.1	19.39
19.13	19.40
19.11	19.41
19.4	19.42
19.11	19.43
19.11	19.44
19.11	19.45
19.1	19.46
19.11	19.47
19.11	19.48
19.1	19.49
19.9	19.50
19.1	19.51
19.12	19.52
19.1	19.53
19.9	19.54
19.8	19.55
19.9	19.56
19.8	19.57
19.3	19.58
19.1	19.59
19.1	19.60
19.12	19.61
19.11	19.62
19.11	19.63
19.11	19.64
20.8	20.1
20.8	20.2
20.1	20.3
20.1	20.4
20.1	20.5
20.8	20.6
20.8	20.7
20.8	20.8
20.4	20.9
20.7	20.10
20.1	20.11
20.8	20.12
20.8	20.13
20.8	20.14
20.1	20.15
20.8	20.16
20.8	20.17
20.2	20.18
20.1	20.19
20.5	20.20
20.1	20.21
20.1	20.22
20.8	20.23
20.7	20.24
20.1	20.25
20.1	20.26
20.8	20.27
20.7	20.28
20.8	20.29
20.9	20.30
20.5	20.31
20.3	20.32
20.7	20.33
20.8	20.34
20.1	20.35
20.5	20.36
20.1	20.37
20.8	20.38
20.8	20.39
20.1	20.40
20.7	20.41
20.3	20.42
20.8	20.43
20.8	20.44
20.7	20.45
20.8	20.46
20.8	20.47
20.1	20.48
20.5	20.49
20.8	20.50
20.8	20.51
20.1	20.52
20.7	20.53
20.8	20.54
20.4	20.55
20.6	20.56
20.7	20.57
20.1	20.58
20.8	20.59
20.8	20.60
20.9	20.61
20.4	20.62
20.8	20.63
20.8	20.64
21.5	21.1
21.5	21.2
21.8	21.3
21.5	21.4
21.5	21.5
21.1	21.6
21.1	21.7
21.3	21.8
21.5	21.9
21.5	21.10
21.5	21.11
21.2	21.12
21.1	21.13
21.1	21.14
21.5	21.15
21.1	21.16
21.5	21.17
21.5	21.18
21.8	21.19
21.5	21.20
21.7	21.21
21.6	21.22
21.4	21.23
21.8	21.24
21.5	21.25
21.5	21.26
21.1	21.27
21.1	21.28
21.5	21.29
21.8	21.30
21.5	21.31
21.5	21.32
21.8	21.33
21.8	21.34
21.8	21.35
21.8	21.36
21.1	21.37
21.8	21.38
21.8	21.39
21.5	21.40
21.6	21.41
21.5	21.42
21.5	21.43
21.1	21.44
21.5	21.45
21.1	21.46
21.1	21.47
21.1	21.48
21.5	21.49
21.5	21.50
21.1	21.51
21.1	21.52
21.1	21.53
21.1	21.54
21.1	21.55
21.8	21.56
21.1	21.57
21.7	21.58
21.1	21.59
21.7	21.60
21.4	21.61
21.1	21.62
21.8	21.63
21.7	21.64
22.9	22.1
22.1	22.2
22.12	22.3
22.11	22.4
22.12	22.5
22.12	22.6
22.10	22.7
22.12	22.8
22.9	22.9
22.1	22.10
22.1	22.11
22.1	22.12
22.1	22.13
22.1	22.14
22.8	22.15
22.1	22.16
22.12	22.17
22.1	22.18
22.1	22.19
22.11	22.20
22.10	22.21
22.1	22.22
22.10	22.23
22.11	22.24
22.11	22.25
22.5	22.26
22.9	22.27
22.1	22.28
22.1	22.29
22.1	22.30
22.1	22.31
22.11	22.32
22.10	22.33
22.2	22.34
22.9	22.35
22.1	22.36
22.9	22.37
22.1	22.38
22.1	22.39
22.12	22.40
22.9	22.41
22.9	22.42
22.1	22.43
22.12	22.44
22.1	22.45
22.6	22.46
22.12	22.47
22.12	22.48
22.1	22.49
22.9	22.50
22.1	22.51
22.12	22.52
22.1	22.53
22.1	22.54
22.1	22.55
22.7	22.56
22.1	22.57
22.12	22.58
22.1	22.59
22.1	22.60
22.11	22.61
22.12	22.62
22.3	22.63
22.4	22.64
23.6	23.1
23.7	23.2
23.11	23.3
23.6	23.4
23.1	23.5
23.11	23.6
23.1	23.7
23.6	23.8
23.5	23.9
23.1	23.10
23.11	23.11
23.6	23.12
23.11	23.13
23.1	23.14
23.6	23.15
23.1	23.16
23.11	23.17
23.6	23.18
23.1	23.19
23.11	23.20
23.9	23.21
23.1	23.22
23.11	23.23
23.6	23.24
23.10	23.25
23.1	23.26
23.11	23.27
23.11	23.28
23.11	23.29
23.10	23.30
23.4	23.31
23.11	23.32
23.1	23.33
23.11	23.34
23.1	23.35
23.1	23.36
23.11	23.37
23.1	23.38
23.11	23.39
23.1	23.40
23.6	23.41
23.1	23.42
23.11	23.43
23.2	23.44
23.1	23.45
23.11	23.46
23.8	23.47
23.11	23.48
23.1	23.49
23.7	23.50
23.7	23.51
23.11	23.52
23.10	23.53
23.1	23.54
23.11	23.55
23.3	23.56
23.11	23.57
23.7	23.58
23.1	23.59
23.11	23.60
23.10	23.61
23.6	23.62
23.11	23.63
23.11	23.64
24.4	24.1
24.12	24.2
24.1	24.3
24.11	24.4
24.11	24.5
24.10	24.6
24.1	24.7
24.8	24.8
24.1	24.9
24.3	24.10
24.9	24.11
24.11	24.12
24.1	24.13
24.1	24.14
24.10	24.15
24.1	24.16
24.1	24.17
24.10	24.18
24.10	24.19
24.1	24.20
24.10	24.21
24.1	24.22
24.7	24.23
24.1	24.24
24.7	24.25
24.5	24.26
24.1	24.27
24.1	24.28
24.1	24.29
24.1	24.30
24.6	24.31
24.1	24.32
24.10	24.33
24.1	24.34
24.11	24.35
24.11	24.36
24.1	24.37
24.10	24.38
24.12	24.39
24.1	24.40
24.2	24.41
24.11	24.42
24.10	24.43
24.10	24.44
24.1	24.45
24.11	24.46
24.11	24.47
24.9	24.48
24.1	24.49
24.1	24.50
24.1	24.51
24.1	24.52
24.10	24.53
24.1	24.54
24.10	24.55
24.11	24.56
24.1	24.57
24.1	24.58
24.10	24.59
24.12	24.60
24.1	24.61
24.1	24.62
24.10	24.63
24.1	24.64
25.1	25.1
25.5	25.2
25.1	25.3
25.7	25.4
25.1	25.5
25.1	25.6
25.1	25.7
25.1	25.8
25.1	25.9
25.1	25.10
25.1	25.11
25.1	25.12
25.1	25.13
25.1	25.14
25.1	25.15
25.7	25.16
25.6	25.17
25.1	25.18
25.6	25.19
25.1	25.20
25.5	25.21
25.5	25.22
25.1	25.23
25.1	25.24
25.2	25.25
25.5	25.26
25.6	25.27
25.5	25.28
25.1	25.29
25.5	25.30
25.5	25.31
25.1	25.32
25.7	25.33
25.4	25.34
25.5	25.35
25.1	25.36
25.5	25.37
25.5	25.38
25.1	25.39
25.5	25.40
25.1	25.41
25.1	25.42
25.5	25.43
25.1	25.44
25.1	25.45
25.7	25.46
25.5	25.47
25.1	25.48
25.5	25.49
25.3	25.50
25.5	25.51
25.1	25.52
25.5	25.53
25.1	25.54
25.4	25.55
25.5	25.56
25.1	25.57
25.5	25.58
25.8	25.59
25.1	25.60
25.5	25.61
25.1	25.62
25.5	25.63
25.5	25.64
26.2	26.1
26.2	26.2
26.2	26.3
26.2	26.4
26.2	26.5
26.2	26.6
26.2	26.7
26.5	26.8
26.5	26.9
26.2	26.10
26.2	26.11
26.2	26.12
26.5	26.13
26.5	26.14
26.2	26.15
26.2	26.16
26.4	26.17
26.2	26.18
26.2	26.19
26.2	26.20
26.3	26.21
26.2	26.22
26.5	26.23
26.2	26.24
26.3	26.25
26.4	26.26
26.5	26.27
26.5	26.28
26.2	26.29
26.1	26.30
26.2	26.31
26.2	26.32
26.5	26.33
26.2	26.34
26.2	26.35
26.2	26.36
26.5	26.37
26.2	26.38
26.2	26.39
26.2	26.40
26.2	26.41
26.2	26.42
26.2	26.43
26.2	26.44
26.2	26.45
26.2	26.46
26.2	26.47
26.2	26.48
26.5	26.49
26.2	26.50
26.5	26.51
26.2	26.52
26.2	26.53
26.5	26.54
26.2	26.55
26.3	26.56
26.5	26.57
26.2	26.58
26.2	26.59
26.5	26.60
26.5	26.61
26.4	26.62
26.2	26.63
26.2	26.64
27.1	27.1
27.1	27.2
27.9	27.3
27.9	27.4
27.5	27.5
27.6	27.6
27.9	27.7
27.9	27.8
27.9	27.9
27.9	27.10
27.7	27.11
27.1	27.12
27.7	27.13
27.1	27.14
27.9	27.15
27.9	27.16
27.1	27.17
27.6	27.18
27.10	27.19
27.6	27.20
27.1	27.21
27.1	27.22
27.2	27.23
27.4	27.24
27.9	27.25
27.9	27.26
27.6	27.27
27.4	27.28
27.9	27.29
27.1	27.30
27.6	27.31
27.7	27.32
27.9	27.33
27.1	27.34
27.9	27.35
27.1	27.36
27.1	27.37
27.1	27.38
27.7	27.39
27.9	27.40
27.5	27.41
27.9	27.42
27.9	27.43
27.9	27.44
27.3	27.45
27.9	27.46
27.5	27.47
27.9	27.48
27.6	27.49
27.9	27.50
27.1	27.51
27.1	27.52
27.1	27.53
27.9	27.54
27.9	27.55
27.9	27.56
27.9	27.57
27.9	27.58
27.1	27.59
27.6	27.60
27.5	27.61
27.4	27.62
27.8	27.63
27.1	27.64
28.8	28.1
28.1	28.2
28.6	28.3
28.1	28.4
28.9	28.5
28.1	28.6
28.8	28.7
28.9	28.8
28.1	28.9
28.8	28.10
28.1	28.11
28.8	28.12
28.1	28.13
28.1	28.14
28.1	28.15
28.7	28.16
28.1	28.17
28.8	28.18
28.12	28.19
28.1	28.20
28.1	28.21
28.8	28.22
28.10	28.23
28.1	28.24
28.1	28.25
28.8	28.26
28.9	28.27
28.1	28.28
28.12	28.29
28.1	28.30
28.6	28.31
28.9	28.32
28.1	28.33
28.1	28.34
28.6	28.35
28.6	28.36
28.3	28.37
28.8	28.38
28.11	28.39
28.8	28.40
28.6	28.41
28.10	28.42
28.1	28.43
28.9	28.44
28.2	28.45
28.5	28.46
28.9	28.47
28.4	28.48
28.1	28.49
28.1	28.50
28.1	28.51
28.1	28.52
28.8	28.53
28.12	28.54
28.8	28.55
28.1	28.56
28.11	28.57
28.9	28.58
28.1	28.59
28.9	28.60
28.12	28.61
28.10	28.62
28.8	28.63
28.9	28.64
29.5	29.1
29.5	29.2
29.5	29.3
29.5	29.4
29.5	29.5
29.5	29.6
29.5	29.7
29.5	29.8
29.9	29.9
29.5	29.10
29.9	29.11
29.8	29.12
29.5	29.13
29.9	29.14
29.5	29.15
29.1	29.16
29.6	29.17
29.9	29.18
29.7	29.19
29.5	29.20
29.1	29.21
29.9	29.22
29.5	29.23
29.8	29.24
29.3	29.25
29.1	29.26
29.5	29.27
29.5	29.28
29.5	29.29
29.5	29.30
29.5	29.31
29.2	29.32
29.5	29.33
29.8	29.34
29.5	29.35
29.8	29.36
29.1	29.37
29.5	29.38
29.9	29.39
29.5	29.40
29.5	29.41
29.9	29.42
29.5	29.43
29.5	29.44
29.5	29.45
29.5	29.46
29.4	29.47
29.5	29.48
29.5	29.49
29.5	29.50
29.8	29.51
29.9	29.52
29.9	29.53
29.9	29.54
29.5	29.55
29.5	29.56
29.5	29.57
29.5	29.58
29.5	29.59
29.5	29.60
29.5	29.61
29.5	29.62
29.5	29.63
29.5	29.64
30.19	30.1
30.18	30.2
30.19	30.3
30.5	30.4
30.1	30.5
30.1	30.6
30.9	30.7
30.1	30.8
30.19	30.9
30.1	30.10
30.1	30.11
30.1	30.12
30.1	30.13
30.1	30.14
30.1	30.15
30.1	30.16
30.4	30.17
30.1	30.18
30.1	30.19
30.1	30.20
30.1	30.21
30.13	30.22
30.1	30.23
30.1	30.24
30.1	30.25
30.7	30.26
30.6	30.27
30.11	30.28
30.1	30.29
30.2	30.30
30.19	30.31
30.1	30.32
30.16	30.33
30.14	30.34
30.1	30.35
30.3	30.36
30.17	30.37
30.1	30.38
30.1	30.39
30.1	30.40
30.1	30.41
30.19	30.42
30.1	30.43
30.10	30.44
30.1	30.45
30.1	30.46
30.1	30.47
30.1	30.48
30.1	30.49
30.15	30.50
30.12	30.51
30.1	30.52
30.1	30.53
30.1	30.54
30.1	30.55
30.1	30.56
30.1	30.57
30.1	30.58
30.1	30.59
30.17	30.60
30.8	30.61
30.1	30.62
30.1	30.63
30.1	30.64
31.5	31.1
31.13	31.2
31.13	31.3
31.6	31.4
31.4	31.5
31.5	31.6
31.13	31.7
31.5	31.8
31.5	31.9
31.5	31.10
31.5	31.11
31.13	31.12
31.5	31.13
31.13	31.14
31.5	31.15
31.5	31.16
31.5	31.17
31.5	31.18
31.5	31.19
31.5	31.20
31.5	31.21
31.13	31.22
31.5	31.23
31.5	31.24
31.5	31.25
31.9	31.26
31.11	31.27
31.5	31.28
31.1	31.29
31.5	31.30
31.8	31.31
31.5	31.32
31.13	31.33
31.13	31.34
31.7	31.35
31.1	31.36
31.11	31.37
31.1	31.38
31.13	31.39
31.5	31.40
31.5	31.41
31.13	31.42
31.11	31.43
31.11	31.44
31.2	31.45
31.12	31.46
31.13	31.47
31.9	31.48
31.5	31.49
31.5	31.50
31.3	31.51
31.13	31.52
31.13	31.53
31.13	31.54
31.5	31.55
31.13	31.56
31.5	31.57
31.10	31.58
31.5	31.59
31.13	31.60
31.9	31.61
31.13	31.62
31.5	31.63
31.13	31.64
32.4	32.1
32.4	32.2
32.4	32.3
32.3	32.4
32.1	32.5
32.4	32.6
32.4	32.7
32.4	32.8
32.4	32.9
32.4	32.10
32.4	32.11
32.3	32.12
32.4	32.13
32.4	32.14
32.4	32.15
32.1	32.16
32.4	32.17
32.4	32.18
32.4	32.19
32.1	32.20
32.4	32.21
32.4	32.22
32.1	32.23
32.3	32.24
32.4	32.25
32.4	32.26
32.4	32.27
32.4	32.28
32.4	32.29
32.4	32.30
32.4	32.31
32.4	32.32
32.4	32.33
32.4	32.34
32.4	32.35
32.4	32.36
32.1	32.37
32.4	32.38
32.4	32.39
32.1	32.40
32.4	32.41
32.4	32.42
32.3	32.43
32.2	32.44
32.1	32.45
32.4	32.46
32.4	32.47
32.1	32.48
32.4	32.49
32.1	32.50
32.3	32.51
32.3	32.52
32.4	32.53
32.3	32.54
32.4	32.55
32.4	32.56
32.4	32.57
32.4	32.58
32.4	32.59
32.4	32.60
32.4	32.61
32.4	32.62
32.4	32.63
32.3	32.64
33.1	33.1
33.6	33.2
33.4	33.3
33.4	33.4
33.1	33.5
33.1	33.6
33.4	33.7
33.4	33.8
33.4	33.9
33.4	33.10
33.4	33.11
33.4	33.12
33.4	33.13
33.4	33.14
33.1	33.15
33.6	33.16
33.4	33.17
33.4	33.18
33.2	33.19
33.5	33.20
33.8	33.21
33.4	33.22
33.8	33.23
33.4	33.24
33.7	33.25
33.4	33.26
33.4	33.27
33.1	33.28
33.4	33.29
33.4	33.30
33.4	33.31
33.1	33.32
33.4	33.33
33.4	33.34
33.1	33.35
33.4	33.36
33.4	33.37
33.4	33.38
33.4	33.39
33.4	33.40
33.4	33.41
33.1	33.42
33.4	33.43
33.1	33.44
33.4	33.45
33.1	33.46
33.1	33.47
33.1	33.48
33.4	33.49
33.4	33.50
33.4	33.51
33.4	33.52
33.1	33.53
33.6	33.54
33.1	33.55
33.3	33.56
33.4	33.57
33.4	33.58
33.4	33.59
33.6	33.60
33.1	33.61
33.9	33.62
33.4	33.63
33.4	33.64
34.8	34.1
34.1	34.2
34.1	34.3
34.1	34.4
34.1	34.5
34.1	34.6
34.1	34.7
34.8	34.8
34.1	34.9
34.8	34.10
34.8	34.11
34.1	34.12
34.8	34.13
34.1	34.14
34.1	34.15
34.1	34.16
34.1	34.17
34.1	34.18
34.1	34.19
34.1	34.20
34.8	34.21
34.1	34.22
34.1	34.23
34.1	34.24
34.1	34.25
34.8	34.26
34.7	34.27
34.1	34.28
34.1	34.29
34.7	34.30
34.6	34.31
34.1	34.32
34.1	34.33
34.3	34.34
34.1	34.35
34.8	34.36
34.1	34.37
34.1	34.38
34.8	34.39
34.1	34.40
34.1	34.41
34.7	34.42
34.2	34.43
34.1	34.44
34.5	34.45
34.8	34.46
34.8	34.47
34.1	34.48
34.8	34.49
34.6	34.50
34.8	34.51
34.1	34.52
34.8	34.53
34.8	34.54
34.1	34.55
34.1	34.56
34.7	34.57
34.7	34.58
34.4	34.59
34.1	34.60
34.1	34.61
34.8	34.62
34.8	34.63
34.1	34.64
35.8	35.1
35.12	35.2
35.1	35.3
35.12	35.4
35.8	35.5
35.3	35.6
35.8	35.7
35.12	35.8
35.1	35.9
35.8	35.10
35.8	35.11
35.5	35.12
35.8	35.13
35.12	35.14
35.12	35.15
35.12	35.16
35.1	35.17
35.1	35.18
35.12	35.19
35.8	35.20
35.8	35.21
35.8	35.22
35.10	35.23
35.8	35.24
35.12	35.25
35.12	35.26
35.8	35.27
35.8	35.28
35.12	35.29
35.13	35.30
35.7	35.31
35.8	35.32
35.1	35.33
35.1	35.34
35.8	35.35
35.8	35.36
35.12	35.37
35.11	35.38
35.1	35.39
35.12	35.40
35.12	35.41
35.12	35.42
35.1	35.43
35.9	35.44
35.1	35.45
35.12	35.46
35.12	35.47
35.12	35.48
35.2	35.49
35.12	35.50
35.12	35.51
35.11	35.52
35.12	35.53
35.12	35.54
35.12	35.55
35.12	35.56
35.8	35.57
35.4	35.58
35.8	35.59
35.10	35.60
35.10	35.61
35.13	35.62
35.13	35.63
35.6	35.64
36.5	36.1
36.1	36.2
36.9	36.3
36.7	36.4
36.9	36.5
36.1	36.6
36.1	36.7
36.11	36.8
36.11	36.9
36.1	36.10
36.1	36.11
36.12	36.12
36.8	36.13
36.1	36.14
36.10	36.15
36.1	36.16
36.2	36.17
36.1	36.18
36.1	36.19
36.1	36.20
36.11	36.21
36.1	36.22
36.4	36.23
36.11	36.24
36.1	36.25
36.1	36.26
36.11	36.27
36.1	36.28
36.1	36.29
36.11	36.30
36.1	36.31
36.11	36.32
36.11	36.33
36.1	36.34
36.1	36.35
36.1	36.36
36.6	36.37
36.12	36.38
36.11	36.39
36.6	36.40
36.1	36.41
36.11	36.42
36.11	36.43
36.4	36.44
36.1	36.45
36.8	36.46
36.11	36.47
36.11	36.48
36.1	36.49
36.1	36.50
36.1	36.51
36.11	36.52
36.1	36.53
36.3	36.54
36.1	36.55
36.1	36.56
36.12	36.57
36.1	36.58
36.11	36.59
36.8	36.60
36.1	36.61
36.1	36.62
36.11	36.63
36.10	36.64
37.16	37.1
37.9	37.2
37.16	37.3
37.12	37.4
37.1	37.5
37.16	37.6
37.1	37.7
37.14	37.8
37.1	37.9
37.1	37.10
37.10	37.11
37.5	37.12
37.1	37.13
37.15	37.14
37.1	37.15
37.2	37.16
37.14	37.17
37.11	37.18
37.1	37.19
37.1	37.20
37.10	37.21
37.1	37.22
37.5	37.23
37.13	37.24
37.1	37.25
37.16	37.26
37.7	37.27
37.11	37.28
37.13	37.29
37.16	37.30
37.8	37.31
37.1	37.32
37.1	37.33
37.6	37.34
37.1	37.35
37.5	37.36
37.11	37.37
37.15	37.38
37.9	37.39
37.15	37.40
37.1	37.41
37.16	37.42
37.13	37.43
37.1	37.44
37.15	37.45
37.16	37.46
37.16	37.47
37.15	37.48
37.15	37.49
37.1	37.50
37.4	37.51
37.1	37.52
37.14	37.53
37.5	37.54
37.5	37.55
37.5	37.56
37.14	37.57
37.14	37.58
37.16	37.59
37.16	37.60
37.11	37.61
37.1	37.62
37.10	37.63
37.3	37.64
38.1	38.1
38.8	38.2
38.8	38.3
38.11	38.4
38.11	38.5
38.8	38.6
38.11	38.7
38.1	38.8
38.8	38.9
38.8	38.10
38.8	38.11
38.2	38.12
38.5	38.13
38.7	38.14
38.11	38.15
38.11	38.16
38.1	38.17
38.11	38.18
38.11	38.19
38.8	38.20
38.8	38.21
38.6	38.22
38.8	38.23
38.1	38.24
38.11	38.25
38.11	38.26
38.10	38.27
38.11	38.28
38.10	38.29
38.8	38.30
38.11	38.31
38.1	38.32
38.1	38.33
38.10	38.34
38.11	38.35
38.8	38.36
38.5	38.37
38.11	38.38
38.1	38.39
38.8	38.40
38.10	38.41
38.11	38.42
38.8	38.43
38.9	38.44
38.11	38.45
38.3	38.46
38.11	38.47
38.1	38.48
38.11	38.49
38.11	38.50
38.7	38.51
38.11	38.52
38.8	38.53
38.1	38.54
38.4	38.55
38.8	38.56
38.8	38.57
38.8	38.58
38.10	38.59
38.8	38.60
38.11	38.61
38.1	38.62
38.11	38.63
38.11	38.64
39.2	39.1
39.11	39.2
39.11	39.3
39.11	39.4
39.2	39.5
39.2	39.6
39.11	39.7
39.8	39.8
39.2	39.9
39.11	39.10
39.1	39.11
39.11	39.12
39.6	39.13
39.3	39.14
39.11	39.15
39.2	39.16
39.11	39.17
39.2	39.18
39.6	39.19
39.11	39.20
39.11	39.21
39.11	39.22
39.11	39.23
39.7	39.24
39.2	39.25
39.11	39.26
39.2	39.27
39.11	39.28
39.11	39.29
39.11	39.30
39.2	39.31
39.11	39.32
39.5	39.33
39.11	39.34
39.2	39.35
39.9	39.36
39.11	39.37
39.2	39.38
39.2	39.39
39.2	39.40
39.9	39.41
39.11	39.42
39.2	39.43
39.4	39.44
39.2	39.45
39.11	39.46
39.8	39.47
39.2	39.48
39.2	39.49
39.11	39.50
39.11	39.51
39.11	39.52
39.11	39.53
39.11	39.54
39.11	39.55
39.11	39.56
39.11	39.57
39.2	39.58
39.2	39.59
39.11	39.60
39.10	39.61
39.2	39.62
39.11	39.63
39.11	39.64
40.12	40.1
40.12	40.2
40.1	40.3
40.9	40.4
40.11	40.5
40.1	40.6
40.12	40.7
40.11	40.8
40.1	40.9
40.1	40.10
40.14	40.11
40.12	40.12
40.1	40.13
40.1	40.14
40.1	40.15
40.12	40.16
40.1	40.17
40.4	40.18
40.5	40.19
40.10	40.20
40.1	40.21
40.1	40.22
40.1	40.23
40.12	40.24
40.7	40.25
40.9	40.26
40.13	40.27
40.1	40.28
40.1	40.29
40.3	40.30
40.14	40.31
40.12	40.32
40.1	40.33
40.9	40.34
40.12	40.35
40.14	40.36
40.9	40.37
40.1	40.38
40.12	40.39
40.12	40.40
40.1	40.41
40.14	40.42
40.2	40.43
40.14	40.44
40.12	40.45
40.12	40.46
40.1	40.47
40.6	40.48
40.3	40.49
40.14	40.50
40.12	40.51
40.12	40.52
40.12	40.53
40.11	40.54
40.1	40.55
40.12	40.56
40.1	40.57
40.9	40.58
40.1	40.59
40.8	40.60
40.8	40.61
40.6	40.62
40.10	40.63
40.1	40.64
41.8	41.1
41.10	41.2
41.8	41.3
41.10	41.4
41.10	41.5
41.12	41.6
41.10	41.7
41.10	41.8
41.3	41.9
41.8	41.10
41.1	41.11
41.10	41.12
41.8	41.13
41.8	41.14
41.10	41.15
41.10	41.16
41.10	41.17
41.4	41.18
41.12	41.19
41.1	41.20
41.1	41.21
41.10	41.22
41.10	41.23
41.10	41.24
41.4	41.25
41.10	41.26
41.8	41.27
41.10	41.28
41.8	41.29
41.1	41.30
41.1	41.31
41.8	41.32
41.5	41.33
41.1	41.34
41.10	41.35
41.1	41.36
41.8	41.37
41.8	41.38
41.8	41.39
41.7	41.40
41.11	41.41
41.8	41.42
41.10	41.43
41.8	41.44
41.9	41.45
41.8	41.46
41.1	41.47
41.10	41.48
41.2	41.49
41.8	41.50
41.8	41.51
41.8	41.52
41.8	41.53
41.10	41.54
41.12	41.55
41.1	41.56
41.10	41.57
41.10	41.58
41.8	41.59
41.10	41.60
41.11	41.61
41.8	41.62
41.6	41.63
41.1	41.64
42.1	42.1
42.8	42.2
42.8	42.3
42.1	42.4
42.1	42.5
42.9	42.6
42.1	42.7
42.9	42.8
42.9	42.9
42.7	42.10
42.8	42.11
42.1	42.12
42.8	42.13
42.9	42.14
42.8	42.15
42.7	42.16
42.4	42.17
42.7	42.18
42.9	42.19
42.8	42.20
42.1	42.21
42.7	42.22
42.8	42.23
42.1	42.24
42.8	42.25
42.9	42.26
42.1	42.27
42.1	42.28
42.7	42.29
42.1	42.30
42.9	42.31
42.9	42.32
42.8	42.33
42.1	42.34
42.7	42.35
42.1	42.36
42.7	42.37
42.1	42.38
42.8	42.39
42.5	42.40
42.8	42.41
42.1	42.42
42.7	42.43
42.1	42.44
42.9	42.45
42.1	42.46
42.1	42.47
42.6	42.48
42.7	42.49
42.7	42.50
42.7	42.51
42.9	42.52
42.6	42.53
42.6	42.54
42.2	42.55
42.8	42.56
42.3	42.57
42.9	42.58
42.1	42.59
42.8	42.60
42.9	42.61
42.1	42.62
42.8	42.63
42.8	42.64
43.9	43.1
43.1	43.2
43.1	43.3
43.1	43.4
43.1	43.5
43.12	43.6
43.1	43.7
43.2	43.8
43.9	43.9
43.9	43.10
43.6	43.11
43.11	43.12
43.7	43.13
43.8	43.14
43.1	43.15
43.1	43.16
43.9	43.17
43.1	43.18
43.1	43.19
43.16	43.20
43.14	43.21
43.14	43.22
43.1	43.23
43.14	43.24
43.15	43.25
43.14	43.26
43.9	43.27
43.14	43.28
43.1	43.29
43.9	43.30
43.14	43.31
43.9	43.32
43.9	43.33
43.11	43.34
43.7	43.35
43.10	43.36
43.14	43.37
43.13	43.38
43.13	43.39
43.14	43.40
43.1	43.41
43.14	43.42
43.15	43.43
43.4	43.44
43.15	43.45
43.3	43.46
43.9	43.47
43.13	43.48
43.14	43.49
43.5	43.50
43.12	43.51
43.9	43.52
43.9	43.53
43.14	43.54
43.7	43.55
43.1	43.56
43.13	43.57
43.14	43.58
43.9	43.59
43.14	43.60
43.9	43.61
43.9	43.62
43.14	43.63
43.14	43.64
44.1	44.1
44.1	44.2
44.1	44.3
44.1	44.4
44.8	44.5
44.6	44.6
44.6	44.7
44.5	44.8
44.8	44.9
44.1	44.10
44.9	44.11
44.1	44.12
44.9	44.13
44.8	44.14
44.9	44.15
44.1	44.16
44.4	44.17
44.9	44.18
44.1	44.19
44.9	44.20
44.9	44.21
44.9	44.22
44.6	44.23
44.6	44.24
44.9	44.25
44.9	44.26
44.1	44.27
44.1	44.28
44.6	44.29
44.6	44.30
44.8	44.31
44.10	44.32
44.6	44.33
44.9	44.34
44.1	44.35
44.1	44.36
44.1	44.37
44.1	44.38
44.9	44.39
44.10	44.40
44.1	44.41
44.1	44.42
44.9	44.43
44.1	44.44
44.9	44.45
44.2	44.46
44.6	44.47
44.9	44.48
44.8	44.49
44.7	44.50
44.3	44.51
44.1	44.52
44.10	44.53
44.9	44.54
44.7	44.55
44.8	44.56
44.8	44.57
44.3	44.58
44.8	44.59
44.1	44.60
44.10	44.61
44.1	44.62
44.8	44.63
44.8	44.64
45.9	45.1
45.9	45.2
45.11	45.3
45.1	45.4
45.1	45.5
45.1	45.6
45.9	45.7
45.9	45.8
45.10	45.9
45.1	45.10
45.1	45.11
45.1	45.12
45.1	45.13
45.9	45.14
45.1	45.15
45.9	45.16
45.11	45.17
45.1	45.18
45.9	45.19
45.12	45.20
45.9	45.21
45.5	45.22
45.1	45.23
45.1	45.24
45.1	45.25
45.3	45.26
45.9	45.27
45.1	45.28
45.9	45.29
45.1	45.30
45.9	45.31
45.9	45.32
45.4	45.33
45.12	45.34
45.6	45.35
45.1	45.36
45.7	45.37
45.1	45.38
45.8	45.39
45.12	45.40
45.12	45.41
45.9	45.42
45.9	45.43
45.9	45.44
45.9	45.45
45.9	45.46
45.9	45.47
45.8	45.48
45.9	45.49
45.12	45.50
45.1	45.51
45.9	45.52
45.9	45.53
45.1	45.54
45.1	45.55
45.2	45.56
45.12	45.57
45.12	45.58
45.1	45.59
45.12	45.60
45.9	45.61
45.9	45.62
45.8	45.63
45.9	45.64
46.4	46.1
46.9	46.2
46.8	46.3
46.4	46.4
46.9	46.5
46.4	46.6
46.4	46.7
46.9	46.8
46.9	46.9
46.4	46.10
46.1	46.11
46.8	46.12
46.4	46.13
46.4	46.14
46.4	46.15
46.9	46.16
46.1	46.17
46.1	46.18
46.9	46.19
46.1	46.20
46.1	46.21
46.9	46.22
46.4	46.23
46.8	46.24
46.1	46.25
46.5	46.26
46.4	46.27
46.4	46.28
46.4	46.29
46.4	46.30
46.4	46.31
46.9	46.32
46.4	46.33
46.8	46.34
46.9	46.35
46.9	46.36
46.4	46.37
46.1	46.38
46.9	46.39
46.4	46.40
46.1	46.41
46.2	46.42
46.8	46.43
46.9	46.44
46.9	46.45
46.6	46.46
46.9	46.47
46.4	46.48
46.1	46.49
46.9	46.50
46.7	46.51
46.1	46.52
46.9	46.53
46.3	46.54
46.1	46.55
46.9	46.56
46.8	46.57
46.4	46.58
46.6	46.59
46.9	46.60
46.6	46.61
46.9	46.62
46.4	46.63
46.4	46.64
47.1	47.1
47.10	47.2
47.6	47.3
47.6	47.4
47.7	47.5
47.7	47.6
47.6	47.7
47.1	47.8
47.8	47.9
47.9	47.10
47.1	47.11
47.6	47.12
47.1	47.13
47.1	47.14
47.7	47.15
47.9	47.16
47.5	47.17
47.7	47.18
47.1	47.19
47.10	47.20
47.9	47.21
47.7	47.22
47.1	47.23
47.7	47.24
47.1	47.25
47.10	47.26
47.1	47.27
47.1	47.28
47.7	47.29
47.7	47.30
47.1	47.31
47.9	47.32
47.6	47.33
47.6	47.34
47.7	47.35
47.7	47.36
47.6	47.37
47.1	47.38
47.7	47.39
47.1	47.40
47.1	47.41
47.7	47.42
47.3	47.43
47.1	47.44
47.1	47.45
47.7	47.46
47.7	47.47
47.1	47.48
47.7	47.49
47.1	47.50
47.1	47.51
47.4	47.52
47.7	47.53
47.10	47.54
47.8	47.55
47.7	47.56
47.1	47.57
47.6	47.58
47.9	47.59
47.2	47.60
47.5	47.61
47.7	47.62
47.9	47.63
47.1	47.64
48.1	48.1
48.4	48.2
48.1	48.3
48.4	48.4
48.4	48.5
48.5	48.6
48.4	48.7
48.4	48.8
48.5	48.9
48.5	48.10
48.7	48.11
48.1	48.12
48.1	48.13
48.6	48.14
48.4	48.15
48.4	48.16
48.5	48.17
48.7	48.18
48.4	48.19
48.5	48.20
48.4	48.21
48.5	48.22
48.5	48.23
48.5	48.24
48.5	48.25
48.5	48.26
48.5	48.27
48.4	48.28
48.4	48.29
48.2	48.30
48.1	48.31
48.4	48.32
48.6	48.33
48.1	48.34
48.4	48.35
48.4	48.36
48.5	48.37
48.6	48.38
48.4	48.39
48.5	48.40
48.5	48.41
48.1	48.42
48.4	48.43
48.4	48.44
48.1	48.45
48.6	48.46
48.5	48.47
48.6	48.48
48.6	48.49
48.3	48.50
48.4	48.51
48.5	48.52
48.4	48.53
48.1	48.54
48.1	48.55
48.1	48.56
48.4	48.57
48.4	48.58
48.4	48.59
48.4	48.60
48.1	48.61
48.1	48.62
48.4	48.63
48.5	48.64
49.12	49.1
49.12	49.2
49.10	49.3
49.10	49.4
49.5	49.5
49.10	49.6
49.11	49.7
49.10	49.8
49.10	49.9
49.1	49.10
49.2	49.11
49.6	49.12
49.10	49.13
49.7	49.14
49.10	49.15
49.11	49.16
49.12	49.17
49.3	49.18
49.10	49.19
49.10	49.20
49.12	49.21
49.5	49.22
49.6	49.23
49.10	49.24
49.6	49.25
49.10	49.26
49.6	49.27
49.6	49.28
49.12	49.29
49.12	49.30
49.6	49.31
49.12	49.32
49.11	49.33
49.6	49.34
49.6	49.35
49.12	49.36
49.12	49.37
49.12	49.38
49.6	49.39
49.10	49.40
49.8	49.41
49.1	49.42
49.12	49.43
49.10	49.44
49.12	49.45
49.11	49.46
49.6	49.47
49.6	49.48
49.12	49.49
49.6	49.50
49.4	49.51
49.10	49.52
49.12	49.53
49.3	49.54
49.6	49.55
49.10	49.56
49.7	49.57
49.1	49.58
49.6	49.59
49.6	49.60
49.10	49.61
49.5	49.62
49.8	49.63
49.9	49.64
50.1	50.1
50.1	50.2
50.7	50.3
50.1	50.4
50.7	50.5
50.1	50.6
50.1	50.7
50.1	50.8
50.1	50.9
50.1	50.10
50.7	50.11
50.7	50.12
50.1	50.13
50.1	50.14
50.1	50.15
50.7	50.16
50.7	50.17
50.7	50.18
50.1	50.19
50.7	50.20
50.1	50.21
50.7	50.22
50.7	50.23
50.1	50.24
50.1	50.25
50.7	50.26
50.7	50.27
50.1	50.28
50.1	50.29
50.2	50.30
50.7	50.31
50.1	50.32
50.7	50.33
50.7	50.34
50.1	50.35
50.1	50.36
50.1	50.37
50.1	50.38
50.6	50.39
50.1	50.40
50.1	50.41
50.4	50.42
50.5	50.43
50.7	50.44
50.1	50.45
50.1	50.46
50.1	50.47
50.4	50.48
50.7	50.49
50.1	50.50
50.4	50.51
50.1	50.52
50.7	50.53
50.7	50.54
50.1	50.55
50.1	50.56
50.7	50.57
50.3	50.58
50.1	50.59
50.1	50.60
50.4	50.61
50.1	50.62
50.1	50.63
50.7	50.64
51.1	51.1
51.1	51.2
51.1	51.3
51.4	51.4
51.1	51.5
51.1	51.6
51.1	51.7
51.1	51.8
51.1	51.9
51.1	51.10
51.1	51.11
51.4	51.12
51.1	51.13
51.1	51.14
51.1	51.15
51.1	51.16
51.1	51.17
51.4	51.18
51.1	51.19
51.1	51.20
51.3	51.21
51.1	51.22
51.4	51.23
51.1	51.24
51.4	51.25
51.1	51.26
51.1	51.27
51.4	51.28
51.1	51.29
51.4	51.30
51.1	51.31
51.1	51.32
51.1	51.33
51.2	51.34
51.1	51.35
51.1	51.36
51.1	51.37
51.1	51.38
51.1	51.39
51.1	51.40
51.1	51.41
51.1	51.42
51.4	51.43
51.1	51.44
51.4	51.45
51.1	51.46
51.1	51.47
51.1	51.48
51.1	51.49
51.1	51.50
51.1	51.51
51.4	51.52
51.1	51.53
51.1	51.54
51.1	51.55
51.1	51.56
51.1	51.57
51.4	51.58
51.1	51.59
51.4	51.60
51.1	51.61
51.1	51.62
51.1	51.63
51.4	51.64
52.1	52.1
52.1	52.2
52.1	52.3
52.1	52.4
52.1	52.5
52.1	52.6
52.7	52.7
52.1	52.8
52.1	52.9
52.4	52.10
52.5	52.11
52.1	52.12
52.8	52.13
52.1	52.14
52.8	52.15
52.8	52.16
52.1	52.17
52.1	52.18
52.8	52.19
52.1	52.20
52.8	52.21
52.1	52.22
52.7	52.23
52.1	52.24
52.1	52.25
52.1	52.26
52.1	52.27
52.8	52.28
52.1	52.29
52.8	52.30
52.1	52.31
52.7	52.32
52.5	52.33
52.1	52.34
52.8	52.35
52.8	52.36
52.8	52.37
52.7	52.38
52.8	52.39
52.1	52.40
52.1	52.41
52.7	52.42
52.1	52.43
52.8	52.44
52.8	52.45
52.1	52.46
52.3	52.47
52.8	52.48
52.8	52.49
52.1	52.50
52.5	52.51
52.1	52.52
52.2	52.53
52.4	52.54
52.1	52.55
52.8	52.56
52.6	52.57
52.4	52.58
52.1	52.59
52.5	52.60
52.5	52.61
52.7	52.62
52.1	52.63
52.8	52.64
53.1	53.1
53.10	53.2
53.10	53.3
53.10	53.4
53.1	53.5
53.10	53.6
53.8	53.7
53.9	53.8
53.10	53.9
53.1	53.10
53.10	53.11
53.7	53.12
53.7	53.13
53.8	53.14
53.4	53.15
53.10	53.16
53.1	53.17
53.4	53.18
53.8	53.19
53.1	53.20
53.10	53.21
53.10	53.22
53.10	53.23
53.5	53.24
53.7	53.25
53.1	53.26
53.1	53.27
53.9	53.28
53.8	53.29
53.7	53.30
53.6	53.31
53.10	53.32
53.4	53.33
53.10	53.34
53.7	53.35
53.7	53.36
53.10	53.37
53.7	53.38
53.6	53.39
53.1	53.40
53.8	53.41
53.10	53.42
53.3	53.43
53.10	53.44
53.4	53.45
53.1	53.46
53.10	53.47
53.8	53.48
53.10	53.49
53.7	53.50
53.10	53.51
53.2	53.52
53.1	53.53
53.7	53.54
53.10	53.55
53.10	53.56
53.8	53.57
53.1	53.58
53.1	53.59
53.10	53.60
53.1	53.61
53.10	53.62
53.1	53.63
53.7	53.64
54.5	54.1
54.5	54.2
54.5	54.3
54.12	54.4
54.5	54.5
54.5	54.6
54.12	54.7
54.12	54.8
54.12	54.9
54.5	54.10
54.6	54.11
54.12	54.12
54.5	54.13
54.5	54.14
54.5	54.15
54.12	54.16
54.5	54.17
54.14	54.18
54.12	54.19
54.5	54.20
54.12	54.21
54.6	54.22
54.5	54.23
54.2	54.24
54.8	54.25
54.13	54.26
54.6	54.27
54.5	54.28
54.5	54.29
54.5	54.30
54.5	54.31
54.14	54.32
54.6	54.33
54.6	54.34
54.5	54.35
54.11	54.36
54.6	54.37
54.12	54.38
54.5	54.39
54.12	54.40
54.10	54.41
54.12	54.42
54.5	54.43
54.3	54.44
54.5	54.45
54.6	54.46
54.6	54.47
54.4	54.48
54.12	54.49
54.6	54.50
54.5	54.51
54.6	54.52
54.12	54.53
54.1	54.54
54.6	54.55
54.12	54.56
54.6	54.57
54.12	54.58
54.9	54.59
54.7	54.60
54.5	54.61
54.5	54.62
54.12	54.63
54.12	54.64
55.1	55.1
55.7	55.2
55.6	55.3
55.7	55.4
55.1	55.5
55.5	55.6
55.1	55.7
55.1	55.8
55.3	55.9
55.1	55.10
55.7	55.11
55.5	55.12
55.1	55.13
55.1	55.14
55.1	55.15
55.1	55.16
55.8	55.17
55.1	55.18
55.8	55.19
55.4	55.20
55.1	55.21
55.8	55.22
55.2	55.23
55.1	55.24
55.1	55.25
55.7	55.26
55.1	55.27
55.7	55.28
55.1	55.29
55.8	55.30
55.5	55.31
55.7	55.32
55.1	55.33
55.1	55.34
55.1	55.35
55.7	55.36
55.7	55.37
55.3	55.38
55.1	55.39
55.7	55.40
55.4	55.41
55.1	55.42
55.1	55.43
55.1	55.44
55.1	55.45
55.1	55.46
55.7	55.47
55.8	55.48
55.5	55.49
55.1	55.50
55.7	55.51
55.1	55.52
55.7	55.53
55.1	55.54
55.7	55.55
55.1	55.56
55.1	55.57
55.7	55.58
55.1	55.59
55.8	55.60
55.8	55.61
55.7	55.62
55.1	55.63
55.1	55.64
56.1	56.1
56.1	56.2
56.8	56.3
56.8	56.4
56.4	56.5
56.2	56.6
56.7	56.7
56.8	56.8
56.8	56.9
56.8	56.10
56.8	56.11
56.1	56.12
56.8	56.13
56.8	56.14
56.7	56.15
56.8	56.16
56.1	56.17
56.8	56.18
56.6	56.19
56.8	56.20
56.8	56.21
56.4	56.22
56.8	56.23
56.8	56.24
56.8	56.25
56.8	56.26
56.1	56.27
56.8	56.28
56.8	56.29
56.1	56.30
56.4	56.31
56.6	56.32
56.8	56.33
56.1	56.34
56.1	56.35
56.8	56.36
56.8	56.37
56.7	56.38
56.1	56.39
56.8	56.40
56.6	56.41
56.8	56.42
56.1	56.43
56.1	56.44
56.8	56.45
56.8	56.46
56.1	56.47
56.8	56.48
56.6	56.49
56.1	56.50
56.1	56.51
56.8	56.52
56.5	56.53
56.7	56.54
56.4	56.55
56.8	56.56
56.1	56.57
56.3	56.58
56.3	56.59
56.6	56.60
56.8	56.61
56.1	56.62
56.8	56.63
56.8	56.64
57.12	57.1
57.12	57.2
57.12	57.3
57.10	57.4
57.10	57.5
57.8	57.6
57.12	57.7
57.12	57.8
57.12	57.9
57.12	57.10
57.12	57.11
57.12	57.12
57.12	57.13
57.8	57.14
57.1	57.15
57.12	57.16
57.10	57.17
57.12	57.18
57.12	57.19
57.11	57.20
57.8	57.21
57.5	57.22
57.12	57.23
57.8	57.24
57.10	57.25
57.1	57.26
57.12	57.27
57.10	57.28
57.2	57.29
57.8	57.30
57.10	57.31
57.12	57.32
57.8	57.33
57.8	57.34
57.11	57.35
57.10	57.36
57.6	57.37
57.8	57.38
57.12	57.39
57.11	57.40
57.1	57.41
57.9	57.42
57.10	57.43
57.8	57.44
57.12	57.45
57.12	57.46
57.7	57.47
57.12	57.48
57.7	57.49
57.10	57.50
57.8	57.51
57.9	57.52
57.1	57.53
57.1	57.54
57.8	57.55
57.8	57.56
57.4	57.57
57.9	57.58
57.11	57.59
57.1	57.60
57.3	57.61
57.10	57.62
57.10	57.63
57.9	57.64
58.1	58.1
58.1	58.2
58.9	58.3
58.1	58.4
58.8	58.5
58.1	58.6
58.1	58.7
58.1	58.8
58.7	58.9
58.1	58.10
58.1	58.11
58.8	58.12
58.8	58.13
58.6	58.14
58.1	58.15
58.9	58.16
58.1	58.17
58.8	58.18
58.6	58.19
58.5	58.20
58.8	58.21
58.5	58.22
58.1	58.23
58.1	58.24
58.9	58.25
58.7	58.26
58.8	58.27
58.8	58.28
58.1	58.29
58.1	58.30
58.7	58.31
58.8	58.32
58.1	58.33
58.1	58.34
58.1	58.35
58.7	58.36
58.7	58.37
58.7	58.38
58.7	58.39
58.8	58.40
58.1	58.41
58.8	58.42
58.6	58.43
58.5	58.44
58.8	58.45
58.5	58.46
58.1	58.47
58.1	58.48
58.7	58.49
58.1	58.50
58.4	58.51
58.5	58.52
58.8	58.53
58.3	58.54
58.7	58.55
58.1	58.56
58.1	58.57
58.8	58.58
58.7	58.59
58.9	58.60
58.7	58.61
58.1	58.62
58.8	58.63
58.2	58.64
59.8	59.1
59.8	59.2
59.7	59.3
59.8	59.4
59.1	59.5
59.8	59.6
59.1	59.7
59.8	59.8
59.8	59.9
59.1	59.10
59.8	59.11
59.8	59.12
59.1	59.13
59.8	59.14
59.8	59.15
59.1	59.16
59.7	59.17
59.8	59.18
59.8	59.19
59.7	59.20
59.8	59.21
59.8	59.22
59.8	59.23
59.3	59.24
59.8	59.25
59.8	59.26
59.8	59.27
59.1	59.28
59.8	59.29
59.8	59.30
59.8	59.31
59.4	59.32
59.8	59.33
59.5	59.34
59.1	59.35
59.1	59.36
59.3	59.37
59.6	59.38
59.8	59.39
59.8	59.40
59.7	59.41
59.1	59.42
59.8	59.43
59.8	59.44
59.8	59.45
59.8	59.46
59.1	59.47
59.8	59.48
59.1	59.49
59.8	59.50
59.8	59.51
59.8	59.52
59.7	59.53
59.8	59.54
59.8	59.55
59.8	59.56
59.1	59.57
59.4	59.58
59.8	59.59
59.7	59.60
59.7	59.61
59.8	59.62
59.2	59.63
59.8	59.64
60.12	60.1
60.5	60.2
60.12	60.3
60.5	60.4
60.12	60.5
60.5	60.6
60.10	60.7
60.12	60.8
60.9	60.9
60.12	60.10
60.5	60.11
60.5	60.12
60.12	60.13
60.9	60.14
60.5	60.15
60.9	60.16
60.3	60.17
60.5	60.18
60.8	60.19
60.9	60.20
60.5	60.21
60.5	60.22
60.5	60.23
60.9	60.24
60.9	60.25
60.9	60.26
60.12	60.27
60.10	60.28
60.12	60.29
60.13	60.30
60.12	60.31
60.10	60.32
60.14	60.33
60.12	60.34
60.5	60.35
60.2	60.36
60.7	60.37
60.5	60.38
60.6	60.39
60.14	60.40
60.5	60.41
60.8	60.42
60.12	60.43
60.9	60.44
60.6	60.45
60.5	60.46
60.9	60.47
60.5	60.48
60.1	60.49
60.9	60.50
60.5	60.51
60.5	60.52
60.8	60.53
60.12	60.54
60.5	60.55
60.12	60.56
60.12	60.57
60.4	60.58
60.11	60.59
60.12	60.60
60.14	60.61
60.1	60.62
60.8	60.63
60.10	60.64
61.1	61.1
61.6	61.2
61.5	61.3
61.1	61.4
61.6	61.5
61.5	61.6
61.6	61.7
61.6	61.8
61.5	61.9
61.5	61.10
61.1	61.11
61.6	61.12
61.1	61.13
61.6	61.14
61.1	61.15
61.6	61.16
61.5	61.17
61.1	61.18
61.6	61.19
61.6	61.20
61.5	61.21
61.5	61.22
61.1	61.23
61.3	61.24
61.6	61.25
61.5	61.26
61.1	61.27
61.5	61.28
61.8	61.29
61.4	61.30
61.1	61.31
61.6	61.32
61.1	61.33
61.1	61.34
61.4	61.35
61.6	61.36
61.1	61.37
61.5	61.38
61.6	61.39
61.1	61.40
61.1	61.41
61.1	61.42
61.2	61.43
61.8	61.44
61.6	61.45
61.6	61.46
61.1	61.47
61.7	61.48
61.1	61.49
61.5	61.50
61.6	61.51
61.6	61.52
61.6	61.53
61.6	61.54
61.1	61.55
61.1	61.56
61.1	61.57
61.1	61.58
61.1	61.59
61.1	61.60
61.6	61.61
61.6	61.62
61.1	61.63
61.8	61.64
62.4	62.1
62.4	62.2
62.4	62.3
62.4	62.4
62.6	62.5
62.4	62.6
62.5	62.7
62.6	62.8
62.6	62.9
62.4	62.10
62.4	62.11
62.4	62.12
62.5	62.13
62.6	62.14
62.6	62.15
62.1	62.16
62.4	62.17
62.4	62.18
62.6	62.19
62.4	62.20
62.6	62.21
62.4	62.22
62.2	62.23
62.1	62.24
62.1	62.25
62.6	62.26
62.4	62.27
62.6	62.28
62.6	62.29
62.6	62.30
62.3	62.31
62.1	62.32
62.6	62.33
62.6	62.34
62.1	62.35
62.7	62.36
62.4	62.37
62.1	62.38
62.4	62.39
62.6	62.40
62.4	62.41
62.6	62.42
62.1	62.43
62.4	62.44
62.4	62.45
62.4	62.46
62.4	62.47
62.1	62.48
62.1	62.49
62.4	62.50
62.6	62.51
62.6	62.52
62.3	62.53
62.6	62.54
62.4	62.55
62.1	62.56
62.4	62.57
62.1	62.58
62.6	62.59
62.4	62.60
62.6	62.61
62.6	62.62
62.4	62.63
62.6	62.64
63.1	63.1
63.7	63.2
63.7	63.3
63.7	63.4
63.7	63.5
63.7	63.6
63.1	63.7
63.1	63.8
63.1	63.9
63.7	63.10
63.7	63.11
63.1	63.12
63.7	63.13
63.1	63.14
63.7	63.15
63.7	63.16
63.7	63.17
63.1	63.18
63.1	63.19
63.1	63.20
63.1	63.21
63.7	63.22
63.1	63.23
63.1	63.24
63.7	63.25
63.8	63.26
63.7	63.27
63.7	63.28
63.7	63.29
63.7	63.30
63.7	63.31
63.7	63.32
63.7	63.33
63.1	63.34
63.1	63.35
63.7	63.36
63.8	63.37
63.7	63.38
63.7	63.39
63.7	63.40
63.7	63.41
63.7	63.42
63.2	63.43
63.5	63.44
63.6	63.45
63.1	63.46
63.7	63.47
63.1	63.48
63.8	63.49
63.7	63.50
63.3	63.51
63.4	63.52
63.1	63.53
63.7	63.54
63.7	63.55
63.1	63.56
63.1	63.57
63.1	63.58
63.7	63.59
63.7	63.60
63.7	63.61
63.7	63.62
63.7	63.63
63.1	63.64
64.5	64.1
64.5	64.2
64.4	64.3
64.5	64.4
64.1	64.5
64.5	64.6
64.4	64.7
64.4	64.8
64.1	64.9
64.1	64.10
64.6	64.11
64.4	64.12
64.1	64.13
64.4	64.14
64.4	64.15
64.4	64.16
64.4	64.17
64.4	64.18
64.4	64.19
64.4	64.20
64.4	64.21
64.4	64.22
64.4	64.23
64.1	64.24
64.5	64.25
64.1	64.26
64.4	64.27
64.1	64.28
64.2	64.29
64.4	64.30
64.4	64.31
64.4	64.32
64.4	64.33
64.4	64.34
64.1	64.35
64.1	64.36
64.4	64.37
64.4	64.38
64.3	64.39
64.4	64.40
64.1	64.41
64.4	64.42
64.1	64.43
64.4	64.44
64.4	64.45
64.4	64.46
64.3	64.47
64.4	64.48
64.1	64.49
64.1	64.50
64.5	64.51
64.4	64.52
64.1	64.53
64.1	64.54
64.1	64.55
64.4	64.56
64.4	64.57
64.4	64.58
64.1	64.59
64.4	64.60
64.5	64.61
64.1	64.62
64.4	64.63
64.5	64.64
65.5	65.1
65.6	65.2
65.4	65.3
65.6	65.4
65.1	65.5
65.5	65.6
65.1	65.7
65.6	65.8
65.1	65.9
65.6	65.10
65.6	65.11
65.5	65.12
65.6	65.13
65.6	65.14
65.7	65.15
65.6	65.16
65.6	65.17
65.6	65.18
65.1	65.19
65.1	65.20
65.6	65.21
65.1	65.22
65.1	65.23
65.1	65.24
65.6	65.25
65.1	65.26
65.6	65.27
65.5	65.28
65.2	65.29
65.5	65.30
65.6	65.31
65.1	65.32
65.7	65.33
65.6	65.34
65.6	65.35
65.6	65.36
65.7	65.37
65.6	65.38
65.1	65.39
65.6	65.40
65.6	65.41
65.1	65.42
65.5	65.43
65.1	65.44
65.1	65.45
65.5	65.46
65.1	65.47
65.6	65.48
65.6	65.49
65.5	65.50
65.5	65.51
65.6	65.52
65.5	65.53
65.6	65.54
65.6	65.55
65.3	65.56
65.1	65.57
65.1	65.58
65.1	65.59
65.1	65.60
65.1	65.61
65.1	65.62
65.5	65.63
65.1	65.64
66.6	66.1
66.9	66.2
66.6	66.3
66.6	66.4
66.6	66.5
66.9	66.6
66.6	66.7
66.6	66.8
66.9	66.9
66.6	66.10
66.1	66.11
66.6	66.12
66.3	66.13
66.9	66.14
66.1	66.15
66.6	66.16
66.9	66.17
66.6	66.18
66.8	66.19
66.6	66.20
66.6	66.21
66.1	66.22
66.1	66.23
66.8	66.24
66.6	66.25
66.6	66.26
66.6	66.27
66.6	66.28
66.1	66.29
66.9	66.30
66.1	66.31
66.9	66.32
66.1	66.33
66.1	66.34
66.1	66.35
66.4	66.36
66.1	66.37
66.1	66.38
66.9	66.39
66.6	66.40
66.9	66.41
66.9	66.42
66.9	66.43
66.1	66.44
66.7	66.45
66.9	66.46
66.1	66.47
66.6	66.48
66.7	66.49
66.1	66.50
66.8	66.51
66.8	66.52
66.8	66.53
66.5	66.54
66.1	66.55
66.8	66.56
66.9	66.57
66.7	66.58
66.1	66.59
66.5	66.60
66.1	66.61
66.6	66.62
66.2	66.63
66.1	66.64
67.5	67.1
67.4	67.2
67.5	67.3
67.4	67.4
67.1	67.5
67.4	67.6
67.4	67.7
67.4	67.8
67.5	67.9
67.4	67.10
67.1	67.11
67.4	67.12
67.4	67.13
67.1	67.14
67.4	67.15
67.5	67.16
67.5	67.17
67.4	67.18
67.4	67.19
67.5	67.20
67.4	67.21
67.5	67.22
67.6	67.23
67.1	67.24
67.5	67.25
67.4	67.26
67.4	67.27
67.5	67.28
67.4	67.29
67.4	67.30
67.2	67.31
67.5	67.32
67.1	67.33
67.4	67.34
67.4	67.35
67.5	67.36
67.4	67.37
67.5	67.38
67.4	67.39
67.1	67.40
67.4	67.41
67.4	67.42
67.5	67.43
67.5	67.44
67.3	67.45
67.4	67.46
67.4	67.47
67.4	67.48
67.5	67.49
67.1	67.50
67.4	67.51
67.1	67.52
67.1	67.53
67.4	67.54
67.4	67.55
67.4	67.56
67.4	67.57
67.4	67.58
67.5	67.59
67.1	67.60
67.1	67.61
67.1	67.62
67.1	67.63
67.5	67.64
68.1	68.1
68.1	68.2
68.5	68.3
68.1	68.4
68.1	68.5
68.5	68.6
68.1	68.7
68.6	68.8
68.6	68.9
68.6	68.10
68.1	68.11
68.4	68.12
68.6	68.13
68.1	68.14
68.1	68.15
68.5	68.16
68.6	68.17
68.6	68.18
68.6	68.19
68.6	68.20
68.6	68.21
68.5	68.22
68.1	68.23
68.6	68.24
68.1	68.25
68.1	68.26
68.6	68.27
68.4	68.28
68.5	68.29
68.1	68.30
68.1	68.31
68.1	68.32
68.5	68.33
68.1	68.34
68.1	68.35
68.4	68.36
68.3	68.37
68.1	68.38
68.1	68.39
68.1	68.40
68.1	68.41
68.6	68.42
68.6	68.43
68.6	68.44
68.5	68.45
68.5	68.46
68.5	68.47
68.6	68.48
68.6	68.49
68.1	68.50
68.2	68.51
68.1	68.52
68.1	68.53
68.6	68.54
68.1	68.55
68.6	68.56
68.5	68.57
68.5	68.58
68.6	68.59
68.1	68.60
68.1	68.61
68.6	68.62
68.1	68.63
68.6	68.64
69.11	69.1
69.12	69.2
69.11	69.3
69.1	69.4
69.11	69.5
69.10	69.6
69.7	69.7
69.3	69.8
69.11	69.9
69.1	69.10
69.9	69.11
69.9	69.12
69.12	69.13
69.9	69.14
69.2	69.15
69.1	69.16
69.7	69.17
69.11	69.18
69.9	69.19
69.11	69.20
69.6	69.21
69.1	69.22
69.7	69.23
69.8	69.24
69.10	69.25
69.7	69.26
69.12	69.27
69.1	69.28
69.11	69.29
69.10	69.30
69.1	69.31
69.1	69.32
69.11	69.33
69.5	69.34
69.1	69.35
69.5	69.36
69.5	69.37
69.1	69.38
69.1	69.39
69.9	69.40
69.1	69.41
69.12	69.42
69.3	69.43
69.7	69.44
69.3	69.45
69.9	69.46
69.11	69.47
69.1	69.48
69.1	69.49
69.5	69.50
69.11	69.51
69.12	69.52
69.11	69.53
69.12	69.54
69.1	69.55
69.7	69.56
69.12	69.57
69.11	69.58
69.11	69.59
69.4	69.60
69.7	69.61
69.11	69.62
69.1	69.63
69.1	69.64
70.1	70.1
70.8	70.2
70.8	70.3
70.8	70.4
70.8	70.5
70.4	70.6
70.5	70.7
70.8	70.8
70.8	70.9
70.10	70.10
70.10	70.11
70.1	70.12
70.10	70.13
70.10	70.14
70.1	70.15
70.10	70.16
70.1	70.17
70.1	70.18
70.1	70.19
70.8	70.20
70.8	70.21
70.8	70.22
70.10	70.23
70.1	70.24
70.7	70.25
70.7	70.26
70.8	70.27
70.8	70.28
70.8	70.29
70.10	70.30
70.1	70.31
70.3	70.32
70.2	70.33
70.3	70.34
70.10	70.35
70.8	70.36
70.8	70.37
70.8	70.38
70.10	70.39
70.8	70.40
70.10	70.41
70.8	70.42
70.9	70.43
70.9	70.44
70.9	70.45
70.8	70.46
70.8	70.47
70.1	70.48
70.8	70.49
70.8	70.50
70.8	70.51
70.8	70.52
70.7	70.53
70.1	70.54
70.1	70.55
70.6	70.56
70.9	70.57
70.1	70.58
70.8	70.59
70.1	70.60
70.8	70.61
70.8	70.62
70.10	70.63
70.8	70.64
71.9	71.1
71.4	71.2
71.7	71.3
71.7	71.4
71.4	71.5
71.4	71.6
71.7	71.7
71.4	71.8
71.7	71.9
71.7	71.10
71.7	71.11
71.4	71.12
71.4	71.13
71.7	71.14
71.4	71.15
71.4	71.16
71.7	71.17
71.7	71.18
71.4	71.19
71.4	71.20
71.4	71.21
71.6	71.22
71.7	71.23
71.4	71.24
71.1	71.25
71.9	71.26
71.1	71.27
71.4	71.28
71.4	71.29
71.4	71.30
71.7	71.31
71.4	71.32
71.8	71.33
71.5	71.34
71.4	71.35
71.2	71.36
71.7	71.37
71.7	71.38
71.7	71.39
71.1	71.40
71.5	71.41
71.1	71.42
71.7	71.43
71.3	71.44
71.5	71.45
71.4	71.46
71.4	71.47
71.7	71.48
71.1	71.49
71.1	71.50
71.7	71.51
71.1	71.52
71.5	71.53
71.7	71.54
71.7	71.55
71.4	71.56
71.1	71.57
71.9	71.58
71.1	71.59
71.3	71.60
71.7	71.61
71.7	71.62
71.4	71.63
71.7	71.64
72.8	72.1
72.1	72.2
72.8	72.3
72.1	72.4
72.8	72.5
72.8	72.6
72.8	72.7
72.8	72.8
72.8	72.9
72.8	72.10
72.8	72.11
72.2	72.12
72.8	72.13
72.4	72.14
72.8	72.15
72.8	72.16
72.1	72.17
72.7	72.18
72.8	72.19
72.5	72.20
72.8	72.21
72.8	72.22
72.8	72.23
72.8	72.24
72.8	72.25
72.8	72.26
72.8	72.27
72.4	72.28
72.1	72.29
72.7	72.30
72.8	72.31
72.8	72.32
72.1	72.33
72.8	72.34
72.8	72.35
72.8	72.36
72.1	72.37
72.1	72.38
72.5	72.39
72.8	72.40
72.4	72.41
72.8	72.42
72.8	72.43
72.1	72.44
72.1	72.45
72.8	72.46
72.8	72.47
72.4	72.48
72.5	72.49
72.6	72.50
72.8	72.51
72.8	72.52
72.1	72.53
72.8	72.54
72.8	72.55
72.1	72.56
72.1	72.57
72.8	72.58
72.1	72.59
72.3	72.60
72.8	72.61
72.8	72.62
72.3	72.63
72.1	72.64
73.1	73.1
73.6	73.2
73.5	73.3
73.6	73.4
73.2	73.5
73.1	73.6
73.6	73.7
73.1	73.8
73.1	73.9
73.1	73.10
73.6	73.11
73.6	73.12
73.5	73.13
73.6	73.14
73.6	73.15
73.1	73.16
73.6	73.17
73.1	73.18
73.6	73.19
73.1	73.20
73.5	73.21
73.6	73.22
73.6	73.23
73.4	73.24
73.5	73.25
73.6	73.26
73.1	73.27
73.3	73.28
73.4	73.29
73.6	73.30
73.5	73.31
73.5	73.32
73.1	73.33
73.6	73.34
73.5	73.35
73.1	73.36
73.5	73.37
73.1	73.38
73.4	73.39
73.6	73.40
73.6	73.41
73.6	73.42
73.6	73.43
73.4	73.44
73.1	73.45
73.5	73.46
73.6	73.47
73.4	73.48
73.5	73.49
73.6	73.50
73.6	73.51
73.1	73.52
73.1	73.53
73.4	73.54
73.5	73.55
73.4	73.56
73.1	73.57
73.1	73.58
73.5	73.59
73.5	73.60
73.5	73.61
73.1	73.62
73.3	73.63
73.6	73.64
74.10	74.1
74.5	74.2
74.10	74.3
74.8	74.4
74.10	74.5
74.5	74.6
74.5	74.7
74.1	74.8
74.10	74.9
74.5	74.10
74.10	74.11
74.10	74.12
74.10	74.13
74.10	74.14
74.10	74.15
74.5	74.16
74.10	74.17
74.10	74.18
74.5	74.19
74.10	74.20
74.5	74.21
74.5	74.22
74.5	74.23
74.10	74.24
74.5	74.25
74.5	74.26
74.8	74.27
74.5	74.28
74.10	74.29
74.10	74.30
74.10	74.31
74.5	74.32
74.10	74.33
74.5	74.34
74.5	74.35
74.10	74.36
74.8	74.37
74.5	74.38
74.5	74.39
74.10	74.40
74.1	74.41
74.5	74.42
74.10	74.43
74.10	74.44
74.10	74.45
74.1	74.46
74.5	74.47
74.10	74.48
74.7	74.49
74.3	74.50
74.6	74.51
74.8	74.52
74.10	74.53
74.5	74.54
74.1	74.55
74.8	74.56
74.5	74.57
74.10	74.58
74.5	74.59
74.2	74.60
74.5	74.61
74.9	74.62
74.5	74.63
74.4	74.64
75.10	75.1
75.1	75.2
75.1	75.3
75.10	75.4
75.1	75.5
75.10	75.6
75.8	75.7
75.1	75.8
75.1	75.9
75.1	75.10
75.10	75.11
75.10	75.12
75.10	75.13
75.1	75.14
75.10	75.15
75.8	75.16
75.9	75.17
75.1	75.18
75.1	75.19
75.2	75.20
75.10	75.21
75.1	75.22
75.1	75.23
75.3	75.24
75.5	75.25
75.10	75.26
75.8	75.27
75.10	75.28
75.5	75.29
75.8	75.30
75.1	75.31
75.10	75.32
75.10	75.33
75.1	75.34
75.1	75.35
75.10	75.36
75.1	75.37
75.1	75.38
75.5	75.39
75.10	75.40
75.1	75.41
75.1	75.42
75.1	75.43
75.9	75.44
75.4	75.45
75.4	75.46
75.6	75.47
75.1	75.48
75.1	75.49
75.8	75.50
75.8	75.51
75.9	75.52
75.1	75.53
75.1	75.54
75.1	75.55
75.8	75.56
75.7	75.57
75.1	75.58
75.10	75.59
75.10	75.60
75.9	75.61
75.8	75.62
75.9	75.63
75.1	75.64
76.4	76.1
76.4	76.2
76.1	76.3
76.4	76.4
76.4	76.5
76.4	76.6
76.4	76.7
76.4	76.8
76.4	76.9
76.5	76.10
76.4	76.11
76.4	76.12
76.1	76.13
76.4	76.14
76.4	76.15
76.1	76.16
76.5	76.17
76.4	76.18
76.4	76.19
76.4	76.20
76.5	76.21
76.4	76.22
76.1	76.23
76.1	76.24
76.4	76.25
76.4	76.26
76.4	76.27
76.4	76.28
76.4	76.29
76.4	76.30
76.1	76.31
76.1	76.32
76.4	76.33
76.4	76.34
76.4	76.35
76.1	76.36
76.4	76.37
76.4	76.38
76.4	76.39
76.1	76.40
76.1	76.41
76.4	76.42
76.1	76.43
76.5	76.44
76.4	76.45
76.1	76.46
76.4	76.47
76.1	76.48
76.1	76.49
76.5	76.50
76.4	76.51
76.1	76.52
76.4	76.53
76.5	76.54
76.2	76.55
76.4	76.56
76.4	76.57
76.4	76.58
76.4	76.59
76.4	76.60
76.4	76.61
76.3	76.62
76.1	76.63
76.4	76.64
77.7	77.1
77.7	77.2
77.6	77.3
77.6	77.4
77.6	77.5
77.6	77.6
77.6	77.7
77.6	77.8
77.6	77.9
77.7	77.10
77.6	77.11
77.7	77.12
77.6	77.13
77.6	77.14
77.6	77.15
77.6	77.16
77.3	77.17
77.6	77.18
77.6	77.19
77.5	77.20
77.6	77.21
77.6	77.22
77.6	77.23
77.6	77.24
77.6	77.25
77.6	77.26
77.7	77.27
77.6	77.28
77.4	77.29
77.7	77.30
77.6	77.31
77.6	77.32
77.7	77.33
77.4	77.34
77.7	77.35
77.6	77.36
77.6	77.37
77.6	77.38
77.1	77.39
77.1	77.40
77.7	77.41
77.6	77.42
77.6	77.43
77.6	77.44
77.5	77.45
77.7	77.46
77.1	77.47
77.1	77.48
77.6	77.49
77.6	77.50
77.7	77.51
77.7	77.52
77.4	77.53
77.2	77.54
77.6	77.55
77.7	77.56
77.7	77.57
77.6	77.58
77.6	77.59
77.6	77.60
77.6	77.61
77.6	77.62
77.6	77.63
77.6	77.64
78.6	78.1
78.7	78.2
78.1	78.3
78.9	78.4
78.1	78.5
78.6	78.6
78.1	78.7
78.2	78.8
78.9	78.9
78.1	78.10
78.1	78.11
78.7	78.12
78.8	78.13
78.9	78.14
78.9	78.15
78.1	78.16
78.1	78.17
78.8	78.18
78.1	78.19
78.7	78.20
78.7	78.21
78.9	78.22
78.1	78.23
78.1	78.24
78.9	78.25
78.7	78.26
78.1	78.27
78.1	78.28
78.9	78.29
78.1	78.30
78.1	78.31
78.1	78.32
78.9	78.33
78.1	78.34
78.1	78.35
78.1	78.36
78.4	78.37
78.9	78.38
78.1	78.39
78.6	78.40
78.1	78.41
78.1	78.42
78.11	78.43
78.1	78.44
78.1	78.45
78.1	78.46
78.3	78.47
78.1	78.48
78.1	78.49
78.10	78.50
78.8	78.51
78.1	78.52
78.10	78.53
78.9	78.54
78.9	78.55
78.5	78.56
78.1	78.57
78.1	78.58
78.9	78.59
78.1	78.60
78.1	78.61
78.9	78.62
78.9	78.63
78.1	78.64
79.7	79.1
79.7	79.2
79.7	79.3
79.1	79.4
79.1	79.5
79.1	79.6
79.9	79.7
79.1	79.8
79.9	79.9
79.1	79.10
79.9	79.11
79.7	79.12
79.1	79.13
79.4	79.14
79.1	79.15
79.1	79.16
79.7	79.17
79.1	79.18
79.9	79.19
79.1	79.20
79.7	79.21
79.1	79.22
79.9	79.23
79.9	79.24
79.9	79.25
79.7	79.26
79.7	79.27
79.7	79.28
79.9	79.29
79.1	79.30
79.1	79.31
79.9	79.32
79.8	79.33
79.8	79.34
79.1	79.35
79.5	79.36
79.7	79.37
79.2	79.38
79.7	79.39
79.1	79.40
79.9	79.41
79.8	79.42
79.7	79.43
79.6	79.44
79.6	79.45
79.1	79.46
79.9	79.47
79.1	79.48
79.6	79.49
79.3	79.50
79.9	79.51
79.9	79.52
79.1	79.53
79.9	79.54
79.1	79.55
79.9	79.56
79.8	79.57
79.6	79.58
79.1	79.59
79.1	79.60
79.9	79.61
79.1	79.62
79.1	79.63
79.9	79.64
80.12	80.1
80.9	80.2
80.7	80.3
80.12	80.4
80.12	80.5
80.11	80.6
80.12	80.7
80.2	80.8
80.1	80.9
80.1	80.10
80.8	80.11
80.9	80.12
80.9	80.13
80.1	80.14
80.6	80.15
80.9	80.16
80.9	80.17
80.8	80.18
80.9	80.19
80.9	80.20
80.6	80.21
80.1	80.22
80.12	80.23
80.8	80.24
80.11	80.25
80.11	80.26
80.12	80.27
80.1	80.28
80.12	80.29
80.12	80.30
80.8	80.31
80.7	80.32
80.12	80.33
80.1	80.34
80.12	80.35
80.9	80.36
80.9	80.37
80.11	80.38
80.9	80.39
80.12	80.40
80.11	80.41
80.9	80.42
80.12	80.43
80.5	80.44
80.11	80.45
80.1	80.46
80.8	80.47
80.9	80.48
80.11	80.49
80.10	80.50
80.9	80.51
80.1	80.52
80.9	80.53
80.4	80.54
80.9	80.55
80.12	80.56
80.12	80.57
80.9	80.58
80.8	80.59
80.12	80.60
80.1	80.61
80.3	80.62
80.9	80.63
80.9	80.64
81.3	81.1
81.4	81.2
81.4	81.3
81.4	81.4
81.4	81.5
81.3	81.6
81.4	81.7
81.4	81.8
81.4	81.9
81.4	81.10
81.4	81.11
81.4	81.12
81.3	81.13
81.4	81.14
81.4	81.15
81.4	81.16
81.3	81.17
81.4	81.18
81.1	81.19
81.3	81.20
81.4	81.21
81.4	81.22
81.4	81.23
81.4	81.24
81.4	81.25
81.4	81.26
81.3	81.27
81.3	81.28
81.3	81.29
81.3	81.30
81.4	81.31
81.3	81.32
81.3	81.33
81.3	81.34
81.4	81.35
81.4	81.36
81.4	81.37
81.4	81.38
81.3	81.39
81.1	81.40
81.1	81.41
81.4	81.42
81.4	81.43
81.4	81.44
81.4	81.45
81.3	81.46
81.3	81.47
81.4	81.48
81.4	81.49
81.4	81.50
81.3	81.51
81.4	81.52
81.1	81.53
81.4	81.54
81.4	81.55
81.3	81.56
81.4	81.57
81.4	81.58
81.1	81.59
81.4	81.60
81.3	81.61
81.2	81.62
81.4	81.63
81.1	81.64
82.1	82.1
82.8	82.2
82.8	82.3
82.1	82.4
82.7	82.5
82.5	82.6
82.1	82.7
82.8	82.8
82.1	82.9
82.5	82.10
82.8	82.11
82.1	82.12
82.1	82.13
82.8	82.14
82.8	82.15
82.1	82.16
82.7	82.17
82.8	82.18
82.8	82.19
82.1	82.20
82.5	82.21
82.1	82.22
82.2	82.23
82.6	82.24
82.1	82.25
82.7	82.26
82.8	82.27
82.1	82.28
82.7	82.29
82.1	82.30
82.8	82.31
82.8	82.32
82.8	82.33
82.7	82.34
82.1	82.35
82.1	82.36
82.8	82.37
82.8	82.38
82.1	82.39
82.1	82.40
82.8	82.41
82.8	82.42
82.8	82.43
82.1	82.44
82.1	82.45
82.8	82.46
82.8	82.47
82.1	82.48
82.1	82.49
82.5	82.50
82.1	82.51
82.8	82.52
82.8	82.53
82.1	82.54
82.8	82.55
82.5	82.56
82.4	82.57
82.8	82.58
82.7	82.59
82.1	82.60
82.8	82.61
82.3	82.62
82.1	82.63
82.1	82.64
83.1	83.1
83.9	83.2
83.1	83.3
83.1	83.4
83.8	83.5
83.11	83.6
83.6	83.7
83.6	83.8
83.1	83.9
83.6	83.10
83.7	83.11
83.1	83.12
83.1	83.13
83.5	83.14
83.1	83.15
83.1	83.16
83.11	83.17
83.1	83.18
83.9	83.19
83.1	83.20
83.9	83.21
83.5	83.22
83.1	83.23
83.11	83.24
83.5	83.25
83.1	83.26
83.1	83.27
83.11	83.28
83.3	83.29
83.9	83.30
83.1	83.31
83.2	83.32
83.11	83.33
83.10	83.34
83.1	83.35
83.11	83.36
83.1	83.37
83.1	83.38
83.4	83.39
83.9	83.40
83.11	83.41
83.1	83.42
83.6	83.43
83.1	83.44
83.1	83.45
83.9	83.46
83.1	83.47
83.1	83.48
83.1	83.49
83.9	83.50
83.9	83.51
83.9	83.52
83.9	83.53
83.9	83.54
83.1	83.55
83.9	83.56
83.6	83.57
83.9	83.58
83.9	83.59
83.1	83.60
83.9	83.61
83.1	83.62
83.1	83.63
83.5	83.64
84.1	84.1
84.1	84.2
84.1	84.3
84.8	84.4
84.7	84.5
84.7	84.6
84.6	84.7
84.6	84.8
84.6	84.9
84.1	84.10
84.8	84.11
84.6	84.12
84.8	84.13
84.5	84.14
84.8	84.15
84.1	84.16
84.8	84.17
84.3	84.18
84.8	84.19
84.1	84.20
84.7	84.21
84.5	84.22
84.1	84.23
84.1	84.24
84.7	84.25
84.8	84.26
84.8	84.27
84.7	84.28
84.7	84.29
84.8	84.30
84.8	84.31
84.8	84.32
84.6	84.33
84.7	84.34
84.7	84.35
84.5	84.36
84.8	84.37
84.1	84.38
84.1	84.39
84.7	84.40
84.1	84.41
84.8	84.42
84.4	84.43
84.5	84.44
84.5	84.45
84.7	84.46
84.8	84.47
84.8	84.48
84.7	84.49
84.8	84.50
84.4	84.51
84.7	84.52
84.7	84.53
84.2	84.54
84.7	84.55
84.7	84.56
84.8	84.57
84.8	84.58
84.7	84.59
84.6	84.60
84.7	84.61
84.8	84.62
84.5	84.63
84.7	84.64
85.7	85.1
85.7	85.2
85.7	85.3
85.1	85.4
85.1	85.5
85.7	85.6
85.7	85.7
85.1	85.8
85.7	85.9
85.1	85.10
85.7	85.11
85.2	85.12
85.4	85.13
85.5	85.14
85.8	85.15
85.1	85.16
85.7	85.17
85.1	85.18
85.5	85.19
85.7	85.20
85.7	85.21
85.8	85.22
85.1	85.23
85.1	85.24
85.5	85.25
85.7	85.26
85.7	85.27
85.7	85.28
85.3	85.29
85.1	85.30
85.8	85.31
85.7	85.32
85.1	85.33
85.1	85.34
85.9	85.35
85.9	85.36
85.1	85.37
85.1	85.38
85.5	85.39
85.8	85.40
85.1	85.41
85.6	85.42
85.1	85.43
85.7	85.44
85.5	85.45
85.7	85.46
85.1	85.47
85.1	85.48
85.9	85.49
85.9	85.50
85.7	85.51
85.1	85.52
85.7	85.53
85.1	85.54
85.7	85.55
85.7	85.56
85.7	85.57
85.8	85.58
85.8	85.59
85.7	85.60
85.1	85.61
85.9	85.62
85.6	85.63
85.1	85.64
86.5	86.1
86.4	86.2
86.4	86.3
86.4	86.4
86.4	86.5
86.4	86.6
86.4	86.7
86.4	86.8
86.3	86.9
86.5	86.10
86.5	86.11
86.5	86.12
86.4	86.13
86.4	86.14
86.1	86.15
86.3	86.16
86.3	86.17
86.4	86.18
86.3	86.19
86.4	86.20
86.4	86.21
86.4	86.22
86.3	86.23
86.4	86.24
86.4	86.25
86.4	86.26
86.5	86.27
86.3	86.28
86.4	86.29
86.5	86.30
86.3	86.31
86.4	86.32
86.4	86.33
86.4	86.34
86.2	86.35
86.3	86.36
86.3	86.37
86.4	86.38
86.4	86.39
86.5	86.40
86.4	86.41
86.3	86.42
86.5	86.43
86.3	86.44
86.4	86.45
86.4	86.46
86.3	86.47
86.5	86.48
86.3	86.49
86.1	86.50
86.4	86.51
86.4	86.52
86.3	86.53
86.3	86.54
86.3	86.55
86.3	86.56
86.3	86.57
86.3	86.58
86.3	86.59
86.3	86.60
86.3	86.61
86.4	86.62
86.4	86.63
86.4	86.64
87.1	87.1
87.1	87.2
87.1	87.3
87.1	87.4
87.6	87.5
87.1	87.6
87.1	87.7
87.1	87.8
87.6	87.9
87.1	87.10
87.6	87.11
87.1	87.12
87.1	87.13
87.6	87.14
87.1	87.15
87.1	87.16
87.1	87.17
87.1	87.18
87.1	87.19
87.1	87.20
87.1	87.21
87.1	87.22
87.1	87.23
87.1	87.24
87.6	87.25
87.4	87.26
87.1	87.27
87.1	87.28
87.3	87.29
87.1	87.30
87.6	87.31
87.1	87.32
87.1	87.33
87.1	87.34
87.2	87.35
87.1	87.36
87.1	87.37
87.1	87.38
87.1	87.39
87.1	87.40
87.1	87.41
87.1	87.42
87.6	87.43
87.6	87.44
87.1	87.45
87.6	87.46
87.6	87.47
87.1	87.48
87.6	87.49
87.5	87.50
87.6	87.51
87.6	87.52
87.1	87.53
87.6	87.54
87.1	87.55
87.1	87.56
87.6	87.57
87.6	87.58
87.1	87.59
87.1	87.60
87.6	87.61
87.5	87.62
87.1	87.63
87.1	87.64
88.1	88.1
88.1	88.2
88.5	88.3
88.5	88.4
88.5	88.5
88.1	88.6
88.1	88.7
88.5	88.8
88.1	88.9
88.3	88.10
88.5	88.11
88.6	88.12
88.1	88.13
88.6	88.14
88.5	88.15
88.5	88.16
88.5	88.17
88.1	88.18
88.6	88.19
88.6	88.20
88.1	88.21
88.6	88.22
88.5	88.23
88.5	88.24
88.5	88.25
88.5	88.26
88.1	88.27
88.1	88.28
88.3	88.29
88.5	88.30
88.3	88.31
88.4	88.32
88.5	88.33
88.5	88.34
88.6	88.35
88.1	88.36
88.1	88.37
88.5	88.38
88.6	88.39
88.1	88.40
88.5	88.41
88.1	88.42
88.6	88.43
88.4	88.44
88.5	88.45
88.1	88.46
88.1	88.47
88.2	88.48
88.5	88.49
88.5	88.50
88.1	88.51
88.5	88.52
88.5	88.53
88.5	88.54
88.1	88.55
88.1	88.56
88.1	88.57
88.5	88.58
88.1	88.59
88.6	88.60
88.1	88.61
88.5	88.62
88.1	88.63
88.1	88.64
89.4	89.1
89.5	89.2
89.4	89.3
89.6	89.4
89.6	89.5
89.4	89.6
89.5	89.7
89.5	89.8
89.1	89.9
89.7	89.10
89.5	89.11
89.5	89.12
89.5	89.13
89.6	89.14
89.6	89.15
89.6	89.16
89.5	89.17
89.6	89.18
89.6	89.19
89.6	89.20
89.8	89.21
89.4	89.22
89.2	89.23
89.5	89.24
89.6	89.25
89.5	89.26
89.7	89.27
89.4	89.28
89.6	89.29
89.5	89.30
89.1	89.31
89.5	89.32
89.6	89.33
89.3	89.34
89.5	89.35
89.5	89.36
89.1	89.37
89.6	89.38
89.6	89.39
89.6	89.40
89.4	89.41
89.5	89.42
89.7	89.43
89.6	89.44
89.1	89.45
89.5	89.46
89.5	89.47
89.6	89.48
89.5	89.49
89.6	89.50
89.7	89.51
89.5	89.52
89.4	89.53
89.6	89.54
89.5	89.55
89.7	89.56
89.6	89.57
89.7	89.58
89.7	89.59
89.5	89.60
89.6	89.61
89.7	89.62
89.6	89.63
89.5	89.64
90.9	90.1
90.9	90.2
90.9	90.3
90.9	90.4
90.9	90.5
90.5	90.6
90.9	90.7
90.5	90.8
90.5	90.9
90.9	90.10
90.5	90.11
90.9	90.12
90.9	90.13
90.1	90.14
90.9	90.15
90.9	90.16
90.9	90.17
90.5	90.18
90.9	90.19
90.9	90.20
90.9	90.21
90.9	90.22
90.5	90.23
90.9	90.24
90.10	90.25
90.7	90.26
90.9	90.27
90.1	90.28
90.5	90.29
90.9	90.30
90.5	90.31
90.9	90.32
90.1	90.33
90.3	90.34
90.5	90.35
90.9	90.36
90.9	90.37
90.6	90.38
90.5	90.39
90.9	90.40
90.5	90.41
90.1	90.42
90.7	90.43
90.7	90.44
90.5	90.45
90.9	90.46
90.9	90.47
90.9	90.48
90.1	90.49
90.4	90.50
90.9	90.51
90.8	90.52
90.1	90.53
90.9	90.54
90.9	90.55
90.1	90.56
90.5	90.57
90.9	90.58
90.9	90.59
90.1	90.60
90.7	90.61
90.5	90.62
90.5	90.63
90.2	90.64
91.1	91.1
91.6	91.2
91.7	91.3
91.8	91.4
91.6	91.5
91.1	91.6
91.6	91.7
91.6	91.8
91.1	91.9
91.1	91.10
91.6	91.11
91.1	91.12
91.8	91.13
91.6	91.14
91.6	91.15
91.6	91.16
91.1	91.17
91.6	91.18
91.8	91.19
91.6	91.20
91.3	91.21
91.6	91.22
91.7	91.23
91.6	91.24
91.6	91.25
91.6	91.26
91.6	91.27
91.1	91.28
91.9	91.29
91.8	91.30
91.1	91.31
91.1	91.32
91.6	91.33
91.1	91.34
91.1	91.35
91.6	91.36
91.1	91.37
91.8	91.38
91.5	91.39
91.6	91.40
91.1	91.41
91.2	91.42
91.1	91.43
91.7	91.44
91.6	91.45
91.7	91.46
91.8	91.47
91.1	91.48
91.6	91.49
91.7	91.50
91.6	91.51
91.6	91.52
91.8	91.53
91.8	91.54
91.8	91.55
91.1	91.56
91.4	91.57
91.6	91.58
91.1	91.59
91.7	91.60
91.1	91.61
91.6	91.62
91.1	91.63
91.6	91.64
92.1	92.1
92.1	92.2
92.6	92.3
92.1	92.4
92.1	92.5
92.1	92.6
92.5	92.7
92.1	92.8
92.6	92.9
92.6	92.10
92.6	92.11
92.1	92.12
92.1	92.13
92.4	92.14
92.1	92.15
92.1	92.16
92.1	92.17
92.1	92.18
92.1	92.19
92.1	92.20
92.1	92.21
92.1	92.22
92.3	92.23
92.1	92.24
92.6	92.25
92.1	92.26
92.1	92.27
92.6	92.28
92.1	92.29
92.1	92.30
92.6	92.31
92.6	92.32
92.1	92.33
92.6	92.34
92.1	92.35
92.4	92.36
92.1	92.37
92.5	92.38
92.6	92.39
92.1	92.40
92.1	92.41
92.6	92.42
92.6	92.43
92.6	92.44
92.1	92.45
92.1	92.46
92.1	92.47
92.1	92.48
92.1	92.49
92.6	92.50
92.2	92.51
92.1	92.52
92.1	92.53
92.5	92.54
92.6	92.55
92.6	92.56
92.5	92.57
92.1	92.58
92.1	92.59
92.1	92.60
92.1	92.61
92.1	92.62
92.1	92.63
92.6	92.64
93.7	93.1
93.9	93.2
93.2	93.3
93.2	93.4
93.9	93.5
93.9	93.6
93.7	93.7
93.7	93.8
93.7	93.9
93.7	93.10
93.7	93.11
93.7	93.12
93.11	93.13
93.5	93.14
93.9	93.15
93.11	93.16
93.2	93.17
93.7	93.18
93.7	93.19
93.9	93.20
93.9	93.21
93.9	93.22
93.7	93.23
93.7	93.24
93.5	93.25
93.7	93.26
93.9	93.27
93.7	93.28
93.7	93.29
93.2	93.30
93.9	93.31
93.9	93.32
93.4	93.33
93.7	93.34
93.11	93.35
93.7	93.36
93.8	93.37
93.9	93.38
93.2	93.39
93.9	93.40
93.2	93.41
93.2	93.42
93.2	93.43
93.6	93.44
93.10	93.45
93.9	93.46
93.2	93.47
93.9	93.48
93.2	93.49
93.11	93.50
93.11	93.51
93.11	93.52
93.9	93.53
93.11	93.54
93.10	93.55
93.9	93.56
93.9	93.57
93.3	93.58
93.1	93.59
93.7	93.60
93.9	93.61
93.9	93.62
93.8	93.63
93.2	93.64
94.8	94.1
94.1	94.2
94.8	94.3
94.1	94.4
94.1	94.5
94.1	94.6
94.1	94.7
94.9	94.8
94.1	94.9
94.1	94.10
94.1	94.11
94.8	94.12
94.1	94.13
94.5	94.14
94.8	94.15
94.7	94.16
94.1	94.17
94.8	94.18
94.8	94.19
94.5	94.20
94.1	94.21
94.8	94.22
94.8	94.23
94.8	94.24
94.1	94.25
94.1	94.26
94.1	94.27
94.8	94.28
94.8	94.29
94.1	94.30
94.8	94.31
94.3	94.32
94.1	94.33
94.1	94.34
94.1	94.35
94.10	94.36
94.1	94.37
94.2	94.38
94.1	94.39
94.1	94.40
94.5	94.41
94.5	94.42
94.4	94.43
94.1	94.44
94.5	94.45
94.8	94.46
94.1	94.47
94.1	94.48
94.8	94.49
94.1	94.50
94.1	94.51
94.8	94.52
94.6	94.53
94.1	94.54
94.1	94.55
94.1	94.56
94.1	94.57
94.1	94.58
94.1	94.59
94.8	94.60
94.8	94.61
94.1	94.62
94.1	94.63
94.8	94.64
95.1	95.1
95.7	95.2
95.7	95.3
95.4	95.4
95.7	95.5
95.2	95.6
95.7	95.7
95.6	95.8
95.3	95.9
95.7	95.10
95.7	95.11
95.1	95.12
95.5	95.13
95.7	95.14
95.5	95.15
95.6	95.16
95.7	95.17
95.7	95.18
95.1	95.19
95.7	95.20
95.1	95.21
95.1	95.22
95.1	95.23
95.1	95.24
95.1	95.25
95.6	95.26
95.7	95.27
95.1	95.28
95.7	95.29
95.7	95.30
95.1	95.31
95.1	95.32
95.1	95.33
95.1	95.34
95.1	95.35
95.5	95.36
95.1	95.37
95.7	95.38
95.6	95.39
95.6	95.40
95.7	95.41
95.1	95.42
95.1	95.43
95.1	95.44
95.7	95.45
95.1	95.46
95.1	95.47
95.7	95.48
95.7	95.49
95.1	95.50
95.1	95.51
95.1	95.52
95.1	95.53
95.1	95.54
95.6	95.55
95.4	95.56
95.1	95.57
95.6	95.58
95.7	95.59
95.1	95.60
95.1	95.61
95.7	95.62
95.4	95.63
95.7	95.64
96.5	96.1
96.4	96.2
96.1	96.3
96.1	96.4
96.5	96.5
96.5	96.6
96.5	96.7
96.5	96.8
96.1	96.9
96.1	96.10
96.1	96.11
96.5	96.12
96.4	96.13
96.1	96.14
96.3	96.15
96.5	96.16
96.5	96.17
96.5	96.18
96.5	96.19
96.5	96.20
96.1	96.21
96.1	96.22
96.5	96.23
96.5	96.24
96.5	96.25
96.5	96.26
96.1	96.27
96.1	96.28
96.1	96.29
96.5	96.30
96.5	96.31
96.1	96.32
96.5	96.33
96.5	96.34
96.5	96.35
96.5	96.36
96.6	96.37
96.5	96.38
96.1	96.39
96.1	96.40
96.5	96.41
96.1	96.42
96.5	96.43
96.5	96.44
96.5	96.45
96.5	96.46
96.5	96.47
96.5	96.48
96.5	96.49
96.5	96.50
96.1	96.51
96.5	96.52
96.4	96.53
96.2	96.54
96.1	96.55
96.5	96.56
96.5	96.57
96.6	96.58
96.1	96.59
96.3	96.60
96.5	96.61
96.5	96.62
96.4	96.63
96.4	96.64
97.6	97.1
97.6	97.2
97.6	97.3
97.6	97.4
97.6	97.5
97.7	97.6
97.8	97.7
97.6	97.8
97.1	97.9
97.1	97.10
97.6	97.11
97.6	97.12
97.6	97.13
97.6	97.14
97.6	97.15
97.6	97.16
97.1	97.17
97.6	97.18
97.3	97.19
97.6	97.20
97.6	97.21
97.1	97.22
97.1	97.23
97.6	97.24
97.4	97.25
97.4	97.26
97.6	97.27
97.5	97.28
97.1	97.29
97.7	97.30
97.5	97.31
97.1	97.32
97.1	97.33
97.1	97.34
97.7	97.35
97.6	97.36
97.6	97.37
97.1	97.38
97.6	97.39
97.1	97.40
97.2	97.41
97.6	97.42
97.4	97.43
97.1	97.44
97.1	97.45
97.5	97.46
97.7	97.47
97.5	97.48
97.5	97.49
97.6	97.50
97.7	97.51
97.1	97.52
97.6	97.53
97.6	97.54
97.5	97.55
97.5	97.56
97.6	97.57
97.8	97.58
97.5	97.59
97.6	97.60
97.1	97.61
97.6	97.62
97.6	97.63
97.6	97.64
98.4	98.1
98.4	98.2
98.4	98.3
98.4	98.4
98.4	98.5
98.4	98.6
98.1	98.7
98.4	98.8
98.7	98.9
98.4	98.10
98.4	98.11
98.7	98.12
98.4	98.13
98.7	98.14
98.5	98.15
98.4	98.16
98.7	98.17
98.4	98.18
98.4	98.19
98.8	98.20
98.1	98.21
98.4	98.22
98.4	98.23
98.4	98.24
98.4	98.25
98.4	98.26
98.7	98.27
98.6	98.28
98.7	98.29
98.4	98.30
98.1	98.31
98.1	98.32
98.4	98.33
98.4	98.34
98.4	98.35
98.4	98.36
98.1	98.37
98.4	98.38
98.8	98.39
98.7	98.40
98.1	98.41
98.6	98.42
98.4	98.43
98.7	98.44
98.7	98.45
98.4	98.46
98.4	98.47
98.7	98.48
98.7	98.49
98.1	98.50
98.4	98.51
98.7	98.52
98.7	98.53
98.2	98.54
98.4	98.55
98.7	98.56
98.4	98.57
98.3	98.58
98.4	98.59
98.7	98.60
98.3	98.61
98.4	98.62
98.4	98.63
98.7	98.64
99.7	99.1
99.5	99.2
99.8	99.3
99.9	99.4
99.5	99.5
99.5	99.6
99.1	99.7
99.7	99.8
99.7	99.9
99.5	99.10
99.7	99.11
99.5	99.12
99.8	99.13
99.5	99.14
99.4	99.15
99.7	99.16
99.10	99.17
99.5	99.18
99.5	99.19
99.5	99.20
99.1	99.21
99.1	99.22
99.1	99.23
99.2	99.24
99.5	99.25
99.4	99.26
99.4	99.27
99.1	99.28
99.5	99.29
99.1	99.30
99.5	99.31
99.1	99.32
99.5	99.33
99.7	99.34
99.6	99.35
99.5	99.36
99.8	99.37
99.7	99.38
99.7	99.39
99.5	99.40
99.7	99.41
99.7	99.42
99.5	99.43
99.5	99.44
99.5	99.45
99.3	99.46
99.8	99.47
99.7	99.48
99.5	99.49
99.5	99.50
99.7	99.51
99.8	99.52
99.5	99.53
99.5	99.54
99.5	99.55
99.1	99.56
99.5	99.57
99.8	99.58
99.7	99.59
99.5	99.60
99.7	99.61
99.5	99.62
99.8	99.63
99.7	99.64
100.4	100.1
100.1	100.2
100.1	100.3
100.5	100.4
100.4	100.5
100.1	100.6
100.1	100.7
100.1	100.8
100.1	100.9
100.4	100.10
100.1	100.11
100.4	100.12
100.1	100.13
100.1	100.14
100.1	100.15
100.1	100.16
100.4	100.17
100.4	100.18
100.1	100.19
100.1	100.20
100.1	100.21
100.1	100.22
100.4	100.23
100.1	100.24
100.1	100.25
100.1	100.26
100.4	100.27
100.4	100.28
100.1	100.29
100.1	100.30
100.5	100.31
100.1	100.32
100.1	100.33
100.1	100.34
100.1	100.35
100.1	100.36
100.1	100.37
100.1	100.38
100.1	100.39
100.1	100.40
100.1	100.41
100.1	100.42
100.1	100.43
100.1	100.44
100.1	100.45
100.4	100.46
100.1	100.47
100.1	100.48
100.1	100.49
100.1	100.50
100.4	100.51
100.1	100.52
100.3	100.53
100.4	100.54
100.2	100.55
100.4	100.56
100.1	100.57
100.1	100.58
100.3	100.59
100.4	100.60
100.4	100.61
100.1	100.62
100.1	100.63
100.1	100.64