subTopicID	resultID
1.10	1.1
1.1	1.2
1.1	1.3
1.1	1.4
1.8	1.5
1.1	1.6
1.1	1.7
1.10	1.8
1.1	1.9
1.1	1.10
1.8	1.11
1.1	1.12
1.1	1.13
1.1	1.14
1.1	1.15
1.1	1.16
1.1	1.17
1.10	1.18
1.10	1.19
1.6	1.20
1.1	1.21
1.9	1.22
1.1	1.23
1.1	1.24
1.1	1.25
1.9	1.26
1.10	1.27
1.1	1.28
1.9	1.29
1.6	1.30
1.1	1.31
1.1	1.32
1.9	1.33
1.10	1.34
1.10	1.35
1.1	1.36
1.7	1.37
1.1	1.38
1.3	1.39
1.1	1.40
1.1	1.41
1.1	1.42
1.1	1.43
1.1	1.44
1.10	1.45
1.9	1.46
1.1	1.47
1.10	1.48
1.5	1.49
1.4	1.50
1.10	1.51
1.9	1.52
1.1	1.53
1.9	1.54
1.7	1.55
1.1	1.56
1.1	1.57
1.10	1.58
1.7	1.59
1.1	1.60
1.2	1.61
1.10	1.62
1.1	1.63
1.1	1.64
2.7	2.1
2.7	2.2
2.7	2.3
2.7	2.4
2.9	2.5
2.7	2.6
2.7	2.7
2.7	2.8
2.7	2.9
2.7	2.10
2.7	2.11
2.6	2.12
2.7	2.13
2.7	2.14
2.7	2.15
2.7	2.16
2.10	2.17
2.7	2.18
2.7	2.19
2.7	2.20
2.9	2.21
2.3	2.22
2.4	2.23
2.7	2.24
2.7	2.25
2.7	2.26
2.7	2.27
2.9	2.28
2.10	2.29
2.7	2.30
2.7	2.31
2.7	2.32
2.7	2.33
2.7	2.34
2.7	2.35
2.1	2.36
2.7	2.37
2.11	2.38
2.10	2.39
2.2	2.40
2.7	2.41
2.8	2.42
2.7	2.43
2.7	2.44
2.7	2.45
2.8	2.46
2.10	2.47
2.5	2.48
2.7	2.49
2.10	2.50
2.7	2.51
2.7	2.52
2.9	2.53
2.7	2.54
2.7	2.55
2.7	2.56
2.10	2.57
2.11	2.58
2.7	2.59
2.9	2.60
2.7	2.61
2.10	2.62
2.11	2.63
2.10	2.64
3.1	3.1
3.1	3.2
3.1	3.3
3.7	3.4
3.1	3.5
3.1	3.6
3.1	3.7
3.1	3.8
3.1	3.9
3.1	3.10
3.1	3.11
3.1	3.12
3.1	3.13
3.1	3.14
3.1	3.15
3.1	3.16
3.6	3.17
3.1	3.18
3.1	3.19
3.1	3.20
3.1	3.21
3.1	3.22
3.4	3.23
3.1	3.24
3.1	3.25
3.1	3.26
3.2	3.27
3.1	3.28
3.1	3.29
3.1	3.30
3.1	3.31
3.9	3.32
3.1	3.33
3.1	3.34
3.1	3.35
3.9	3.36
3.1	3.37
3.9	3.38
3.5	3.39
3.1	3.40
3.1	3.41
3.1	3.42
3.1	3.43
3.9	3.44
3.1	3.45
3.1	3.46
3.7	3.47
3.1	3.48
3.1	3.49
3.9	3.50
3.8	3.51
3.1	3.52
3.1	3.53
3.1	3.54
3.1	3.55
3.1	3.56
3.6	3.57
3.3	3.58
3.1	3.59
3.1	3.60
3.1	3.61
3.1	3.62
3.9	3.63
3.1	3.64
4.1	4.1
4.4	4.2
4.1	4.3
4.1	4.4
4.1	4.5
4.7	4.6
4.1	4.7
4.1	4.8
4.1	4.9
4.10	4.10
4.8	4.11
4.1	4.12
4.1	4.13
4.1	4.14
4.1	4.15
4.1	4.16
4.8	4.17
4.1	4.18
4.8	4.19
4.1	4.20
4.1	4.21
4.7	4.22
4.3	4.23
4.8	4.24
4.7	4.25
4.1	4.26
4.10	4.27
4.1	4.28
4.1	4.29
4.1	4.30
4.10	4.31
4.7	4.32
4.1	4.33
4.1	4.34
4.8	4.35
4.1	4.36
4.7	4.37
4.1	4.38
4.1	4.39
4.8	4.40
4.7	4.41
4.1	4.42
4.1	4.43
4.6	4.44
4.1	4.45
4.2	4.46
4.1	4.47
4.1	4.48
4.12	4.49
4.8	4.50
4.1	4.51
4.1	4.52
4.1	4.53
4.8	4.54
4.5	4.55
4.8	4.56
4.11	4.57
4.8	4.58
4.9	4.59
4.1	4.60
4.8	4.61
4.1	4.62
4.8	4.63
4.7	4.64
5.1	5.1
5.1	5.2
5.1	5.3
5.1	5.4
5.6	5.5
5.1	5.6
5.1	5.7
5.1	5.8
5.1	5.9
5.1	5.10
5.1	5.11
5.1	5.12
5.1	5.13
5.1	5.14
5.1	5.15
5.1	5.16
5.1	5.17
5.1	5.18
5.1	5.19
5.1	5.20
5.1	5.21
5.1	5.22
5.1	5.23
5.1	5.24
5.8	5.25
5.7	5.26
5.1	5.27
5.1	5.28
5.1	5.29
5.1	5.30
5.1	5.31
5.1	5.32
5.4	5.33
5.1	5.34
5.1	5.35
5.1	5.36
5.1	5.37
5.2	5.38
5.1	5.39
5.1	5.40
5.1	5.41
5.1	5.42
5.1	5.43
5.5	5.44
5.1	5.45
5.1	5.46
5.7	5.47
5.1	5.48
5.1	5.49
5.1	5.50
5.1	5.51
5.1	5.52
5.1	5.53
5.3	5.54
5.1	5.55
5.1	5.56
5.1	5.57
5.1	5.58
5.1	5.59
5.1	5.60
5.1	5.61
5.1	5.62
5.1	5.63
5.1	5.64
6.8	6.1
6.8	6.2
6.8	6.3
6.6	6.4
6.4	6.5
6.1	6.6
6.9	6.7
6.8	6.8
6.8	6.9
6.7	6.10
6.8	6.11
6.8	6.12
6.8	6.13
6.8	6.14
6.8	6.15
6.8	6.16
6.8	6.17
6.8	6.18
6.9	6.19
6.2	6.20
6.7	6.21
6.8	6.22
6.1	6.23
6.1	6.24
6.8	6.25
6.8	6.26
6.8	6.27
6.8	6.28
6.8	6.29
6.8	6.30
6.3	6.31
6.8	6.32
6.9	6.33
6.8	6.34
6.9	6.35
6.8	6.36
6.5	6.37
6.8	6.38
6.9	6.39
6.8	6.40
6.8	6.41
6.8	6.42
6.8	6.43
6.8	6.44
6.8	6.45
6.8	6.46
6.8	6.47
6.8	6.48
6.8	6.49
6.8	6.50
6.8	6.51
6.9	6.52
6.8	6.53
6.8	6.54
6.6	6.55
6.8	6.56
6.9	6.57
6.8	6.58
6.9	6.59
6.9	6.60
6.8	6.61
6.9	6.62
6.9	6.63
6.8	6.64
7.1	7.1
7.1	7.2
7.1	7.3
7.1	7.4
7.9	7.5
7.9	7.6
7.1	7.7
7.8	7.8
7.9	7.9
7.9	7.10
7.1	7.11
7.1	7.12
7.1	7.13
7.9	7.14
7.1	7.15
7.1	7.16
7.1	7.17
7.1	7.18
7.1	7.19
7.1	7.20
7.1	7.21
7.7	7.22
7.1	7.23
7.1	7.24
7.1	7.25
7.1	7.26
7.8	7.27
7.1	7.28
7.9	7.29
7.1	7.30
7.7	7.31
7.9	7.32
7.7	7.33
7.6	7.34
7.1	7.35
7.2	7.36
7.1	7.37
7.9	7.38
7.9	7.39
7.1	7.40
7.8	7.41
7.9	7.42
7.1	7.43
7.1	7.44
7.1	7.45
7.9	7.46
7.1	7.47
7.1	7.48
7.4	7.49
7.1	7.50
7.6	7.51
7.1	7.52
7.1	7.53
7.8	7.54
7.1	7.55
7.9	7.56
7.1	7.57
7.1	7.58
7.3	7.59
7.7	7.60
7.5	7.61
7.9	7.62
7.7	7.63
7.1	7.64
8.18	8.1
8.9	8.2
8.9	8.3
8.8	8.4
8.14	8.5
8.13	8.6
8.8	8.7
8.1	8.8
8.14	8.9
8.7	8.10
8.13	8.11
8.6	8.12
8.13	8.13
8.1	8.14
8.17	8.15
8.1	8.16
8.2	8.17
8.10	8.18
8.13	8.19
8.14	8.20
8.3	8.21
8.15	8.22
8.13	8.23
8.13	8.24
8.9	8.25
8.9	8.26
8.16	8.27
8.1	8.28
8.8	8.29
8.9	8.30
8.8	8.31
8.11	8.32
8.13	8.33
8.9	8.34
8.14	8.35
8.18	8.36
8.9	8.37
8.9	8.38
8.5	8.39
8.8	8.40
8.9	8.41
8.9	8.42
8.8	8.43
8.1	8.44
8.10	8.45
8.13	8.46
8.14	8.47
8.17	8.48
8.9	8.49
8.9	8.50
8.9	8.51
8.14	8.52
8.9	8.53
8.9	8.54
8.9	8.55
8.15	8.56
8.11	8.57
8.8	8.58
8.8	8.59
8.12	8.60
8.8	8.61
8.4	8.62
8.1	8.63
8.13	8.64
9.9	9.1
9.14	9.2
9.15	9.3
9.15	9.4
9.14	9.5
9.16	9.6
9.14	9.7
9.16	9.8
9.15	9.9
9.14	9.10
9.14	9.11
9.15	9.12
9.16	9.13
9.6	9.14
9.1	9.15
9.15	9.16
9.11	9.17
9.15	9.18
9.15	9.19
9.15	9.20
9.15	9.21
9.15	9.22
9.12	9.23
9.16	9.24
9.4	9.25
9.2	9.26
9.16	9.27
9.6	9.28
9.15	9.29
9.14	9.30
9.15	9.31
9.9	9.32
9.3	9.33
9.15	9.34
9.14	9.35
9.14	9.36
9.9	9.37
9.8	9.38
9.5	9.39
9.4	9.40
9.15	9.41
9.10	9.42
9.12	9.43
9.5	9.44
9.12	9.45
9.7	9.46
9.1	9.47
9.14	9.48
9.17	9.49
9.15	9.50
9.14	9.51
9.15	9.52
9.14	9.53
9.1	9.54
9.13	9.55
9.1	9.56
9.15	9.57
9.13	9.58
9.15	9.59
9.14	9.60
9.14	9.61
9.1	9.62
9.14	9.63
9.9	9.64
10.11	10.1
10.11	10.2
10.1	10.3
10.1	10.4
10.11	10.5
10.11	10.6
10.11	10.7
10.9	10.8
10.11	10.9
10.11	10.10
10.11	10.11
10.1	10.12
10.6	10.13
10.11	10.14
10.11	10.15
10.11	10.16
10.11	10.17
10.11	10.18
10.11	10.19
10.11	10.20
10.10	10.21
10.11	10.22
10.9	10.23
10.11	10.24
10.10	10.25
10.10	10.26
10.1	10.27
10.1	10.28
10.11	10.29
10.11	10.30
10.8	10.31
10.1	10.32
10.3	10.33
10.7	10.34
10.11	10.35
10.1	10.36
10.11	10.37
10.11	10.38
10.1	10.39
10.10	10.40
10.11	10.41
10.2	10.42
10.2	10.43
10.11	10.44
10.11	10.45
10.11	10.46
10.11	10.47
10.6	10.48
10.11	10.49
10.1	10.50
10.1	10.51
10.11	10.52
10.10	10.53
10.11	10.54
10.1	10.55
10.11	10.56
10.1	10.57
10.11	10.58
10.1	10.59
10.5	10.60
10.1	10.61
10.4	10.62
10.11	10.63
10.2	10.64
11.1	11.1
11.5	11.2
11.1	11.3
11.1	11.4
11.1	11.5
11.1	11.6
11.9	11.7
11.1	11.8
11.1	11.9
11.1	11.10
11.1	11.11
11.1	11.12
11.1	11.13
11.1	11.14
11.8	11.15
11.1	11.16
11.4	11.17
11.8	11.18
11.1	11.19
11.1	11.20
11.10	11.21
11.3	11.22
11.1	11.23
11.7	11.24
11.1	11.25
11.1	11.26
11.9	11.27
11.1	11.28
11.1	11.29
11.1	11.30
11.1	11.31
11.1	11.32
11.1	11.33
11.1	11.34
11.1	11.35
11.1	11.36
11.1	11.37
11.1	11.38
11.1	11.39
11.7	11.40
11.1	11.41
11.9	11.42
11.1	11.43
11.1	11.44
11.1	11.45
11.1	11.46
11.1	11.47
11.6	11.48
11.1	11.49
11.9	11.50
11.1	11.51
11.1	11.52
11.1	11.53
11.1	11.54
11.1	11.55
11.7	11.56
11.1	11.57
11.9	11.58
11.2	11.59
11.1	11.60
11.1	11.61
11.1	11.62
11.1	11.63
11.1	11.64
12.1	12.1
12.4	12.2
12.6	12.3
12.2	12.4
12.1	12.5
12.1	12.6
12.1	12.7
12.1	12.8
12.1	12.9
12.5	12.10
12.1	12.11
12.1	12.12
12.1	12.13
12.1	12.14
12.1	12.15
12.1	12.16
12.1	12.17
12.1	12.18
12.1	12.19
12.1	12.20
12.1	12.21
12.1	12.22
12.5	12.23
12.1	12.24
12.1	12.25
12.1	12.26
12.6	12.27
12.1	12.28
12.1	12.29
12.1	12.30
12.1	12.31
12.1	12.32
12.1	12.33
12.1	12.34
12.3	12.35
12.1	12.36
12.1	12.37
12.1	12.38
12.1	12.39
12.1	12.40
12.1	12.41
12.1	12.42
12.1	12.43
12.1	12.44
12.1	12.45
12.1	12.46
12.1	12.47
12.1	12.48
12.1	12.49
12.1	12.50
12.1	12.51
12.1	12.52
12.1	12.53
12.1	12.54
12.6	12.55
12.1	12.56
12.1	12.57
12.1	12.58
12.1	12.59
12.1	12.60
12.1	12.61
12.1	12.62
12.1	12.63
12.1	12.64
13.1	13.1
13.1	13.2
13.1	13.3
13.1	13.4
13.1	13.5
13.1	13.6
13.2	13.7
13.1	13.8
13.1	13.9
13.1	13.10
13.1	13.11
13.1	13.12
13.1	13.13
13.1	13.14
13.1	13.15
13.1	13.16
13.1	13.17
13.1	13.18
13.1	13.19
13.1	13.20
13.1	13.21
13.1	13.22
13.1	13.23
13.1	13.24
13.1	13.25
13.1	13.26
13.1	13.27
13.1	13.28
13.1	13.29
13.1	13.30
13.1	13.31
13.1	13.32
13.1	13.33
13.1	13.34
13.1	13.35
13.1	13.36
13.1	13.37
13.1	13.38
13.1	13.39
13.1	13.40
13.1	13.41
13.1	13.42
13.1	13.43
13.1	13.44
13.1	13.45
13.1	13.46
13.1	13.47
13.1	13.48
13.1	13.49
13.1	13.50
13.1	13.51
13.1	13.52
13.1	13.53
13.1	13.54
13.1	13.55
13.1	13.56
13.1	13.57
13.1	13.58
13.1	13.59
13.1	13.60
13.1	13.61
13.1	13.62
13.1	13.63
13.1	13.64
14.16	14.1
14.17	14.2
14.18	14.3
14.16	14.4
14.13	14.5
14.13	14.6
14.4	14.7
14.7	14.8
14.13	14.9
14.13	14.10
14.16	14.11
14.2	14.12
14.13	14.13
14.18	14.14
14.7	14.15
14.18	14.16
14.1	14.17
14.13	14.18
14.3	14.19
14.19	14.20
14.12	14.21
14.8	14.22
14.1	14.23
14.13	14.24
14.1	14.25
14.7	14.26
14.11	14.27
14.5	14.28
14.15	14.29
14.13	14.30
14.19	14.31
14.13	14.32
14.13	14.33
14.9	14.34
14.19	14.35
14.13	14.36
14.18	14.37
14.18	14.38
14.19	14.39
14.18	14.40
14.16	14.41
14.19	14.42
14.13	14.43
14.13	14.44
14.13	14.45
14.15	14.46
14.16	14.47
14.16	14.48
14.9	14.49
14.11	14.50
14.6	14.51
14.18	14.52
14.18	14.53
14.10	14.54
14.19	14.55
14.17	14.56
14.11	14.57
14.17	14.58
14.14	14.59
14.17	14.60
14.1	14.61
14.7	14.62
14.11	14.63
14.11	14.64
15.7	15.1
15.1	15.2
15.4	15.3
15.1	15.4
15.1	15.5
15.1	15.6
15.1	15.7
15.1	15.8
15.1	15.9
15.1	15.10
15.7	15.11
15.1	15.12
15.7	15.13
15.1	15.14
15.1	15.15
15.1	15.16
15.7	15.17
15.1	15.18
15.1	15.19
15.1	15.20
15.1	15.21
15.1	15.22
15.1	15.23
15.8	15.24
15.1	15.25
15.1	15.26
15.1	15.27
15.7	15.28
15.1	15.29
15.1	15.30
15.1	15.31
15.1	15.32
15.1	15.33
15.1	15.34
15.1	15.35
15.1	15.36
15.7	15.37
15.1	15.38
15.1	15.39
15.1	15.40
15.7	15.41
15.1	15.42
15.1	15.43
15.8	15.44
15.1	15.45
15.7	15.46
15.7	15.47
15.9	15.48
15.1	15.49
15.5	15.50
15.1	15.51
15.7	15.52
15.8	15.53
15.2	15.54
15.1	15.55
15.6	15.56
15.7	15.57
15.7	15.58
15.7	15.59
15.7	15.60
15.3	15.61
15.7	15.62
15.7	15.63
15.1	15.64
16.3	16.1
16.9	16.2
16.3	16.3
16.3	16.4
16.3	16.5
16.3	16.6
16.3	16.7
16.8	16.8
16.3	16.9
16.3	16.10
16.3	16.11
16.3	16.12
16.3	16.13
16.3	16.14
16.3	16.15
16.3	16.16
16.3	16.17
16.3	16.18
16.3	16.19
16.3	16.20
16.3	16.21
16.2	16.22
16.3	16.23
16.3	16.24
16.3	16.25
16.3	16.26
16.3	16.27
16.3	16.28
16.7	16.29
16.3	16.30
16.3	16.31
16.3	16.32
16.3	16.33
16.3	16.34
16.1	16.35
16.3	16.36
16.3	16.37
16.3	16.38
16.3	16.39
16.3	16.40
16.3	16.41
16.4	16.42
16.3	16.43
16.3	16.44
16.8	16.45
16.8	16.46
16.3	16.47
16.5	16.48
16.8	16.49
16.8	16.50
16.3	16.51
16.3	16.52
16.3	16.53
16.3	16.54
16.3	16.55
16.6	16.56
16.3	16.57
16.3	16.58
16.3	16.59
16.3	16.60
16.3	16.61
16.8	16.62
16.3	16.63
16.3	16.64
17.1	17.1
17.5	17.2
17.1	17.3
17.1	17.4
17.1	17.5
17.1	17.6
17.1	17.7
17.1	17.8
17.1	17.9
17.8	17.10
17.1	17.11
17.8	17.12
17.1	17.13
17.4	17.14
17.1	17.15
17.1	17.16
17.1	17.17
17.1	17.18
17.1	17.19
17.1	17.20
17.9	17.21
17.6	17.22
17.5	17.23
17.1	17.24
17.1	17.25
17.1	17.26
17.1	17.27
17.5	17.28
17.1	17.29
17.1	17.30
17.8	17.31
17.1	17.32
17.1	17.33
17.1	17.34
17.5	17.35
17.9	17.36
17.1	17.37
17.2	17.38
17.1	17.39
17.5	17.40
17.1	17.41
17.1	17.42
17.1	17.43
17.5	17.44
17.1	17.45
17.1	17.46
17.6	17.47
17.1	17.48
17.5	17.49
17.10	17.50
17.3	17.51
17.8	17.52
17.1	17.53
17.1	17.54
17.5	17.55
17.4	17.56
17.7	17.57
17.1	17.58
17.1	17.59
17.1	17.60
17.1	17.61
17.8	17.62
17.1	17.63
17.1	17.64
18.9	18.1
18.1	18.2
18.1	18.3
18.1	18.4
18.1	18.5
18.1	18.6
18.1	18.7
18.1	18.8
18.1	18.9
18.8	18.10
18.1	18.11
18.4	18.12
18.8	18.13
18.1	18.14
18.7	18.15
18.8	18.16
18.1	18.17
18.4	18.18
18.8	18.19
18.1	18.20
18.1	18.21
18.1	18.22
18.8	18.23
18.1	18.24
18.1	18.25
18.1	18.26
18.1	18.27
18.1	18.28
18.2	18.29
18.1	18.30
18.1	18.31
18.1	18.32
18.1	18.33
18.1	18.34
18.7	18.35
18.1	18.36
18.4	18.37
18.1	18.38
18.4	18.39
18.1	18.40
18.1	18.41
18.1	18.42
18.6	18.43
18.1	18.44
18.8	18.45
18.1	18.46
18.1	18.47
18.1	18.48
18.1	18.49
18.5	18.50
18.7	18.51
18.8	18.52
18.4	18.53
18.1	18.54
18.1	18.55
18.3	18.56
18.8	18.57
18.1	18.58
18.1	18.59
18.1	18.60
18.1	18.61
18.1	18.62
18.1	18.63
18.8	18.64
19.1	19.1
19.6	19.2
19.1	19.3
19.1	19.4
19.1	19.5
19.6	19.6
19.6	19.7
19.1	19.8
19.6	19.9
19.1	19.10
19.1	19.11
19.8	19.12
19.6	19.13
19.1	19.14
19.1	19.15
19.1	19.16
19.1	19.17
19.4	19.18
19.1	19.19
19.1	19.20
19.4	19.21
19.5	19.22
19.1	19.23
19.1	19.24
19.1	19.25
19.1	19.26
19.7	19.27
19.1	19.28
19.4	19.29
19.1	19.30
19.1	19.31
19.1	19.32
19.1	19.33
19.2	19.34
19.1	19.35
19.1	19.36
19.1	19.37
19.1	19.38
19.1	19.39
19.4	19.40
19.1	19.41
19.4	19.42
19.1	19.43
19.1	19.44
19.1	19.45
19.1	19.46
19.1	19.47
19.1	19.48
19.1	19.49
19.1	19.50
19.1	19.51
19.6	19.52
19.1	19.53
19.1	19.54
19.6	19.55
19.1	19.56
19.4	19.57
19.3	19.58
19.1	19.59
19.1	19.60
19.6	19.61
19.1	19.62
19.1	19.63
19.1	19.64
20.1	20.1
20.1	20.2
20.1	20.3
20.1	20.4
20.1	20.5
20.1	20.6
20.1	20.7
20.1	20.8
20.5	20.9
20.1	20.10
20.1	20.11
20.1	20.12
20.1	20.13
20.1	20.14
20.1	20.15
20.1	20.16
20.1	20.17
20.2	20.18
20.1	20.19
20.7	20.20
20.1	20.21
20.1	20.22
20.1	20.23
20.7	20.24
20.1	20.25
20.1	20.26
20.1	20.27
20.7	20.28
20.1	20.29
20.5	20.30
20.7	20.31
20.6	20.32
20.7	20.33
20.1	20.34
20.1	20.35
20.7	20.36
20.1	20.37
20.1	20.38
20.1	20.39
20.1	20.40
20.7	20.41
20.3	20.42
20.1	20.43
20.1	20.44
20.1	20.45
20.1	20.46
20.1	20.47
20.1	20.48
20.7	20.49
20.1	20.50
20.1	20.51
20.1	20.52
20.1	20.53
20.1	20.54
20.5	20.55
20.4	20.56
20.7	20.57
20.1	20.58
20.1	20.59
20.1	20.60
20.5	20.61
20.5	20.62
20.1	20.63
20.1	20.64
21.1	21.1
21.1	21.2
21.1	21.3
21.1	21.4
21.1	21.5
21.1	21.6
21.1	21.7
21.3	21.8
21.1	21.9
21.1	21.10
21.1	21.11
21.2	21.12
21.1	21.13
21.1	21.14
21.1	21.15
21.1	21.16
21.1	21.17
21.1	21.18
21.1	21.19
21.1	21.20
21.1	21.21
21.4	21.22
21.4	21.23
21.1	21.24
21.1	21.25
21.1	21.26
21.1	21.27
21.1	21.28
21.1	21.29
21.1	21.30
21.1	21.31
21.1	21.32
21.1	21.33
21.1	21.34
21.1	21.35
21.1	21.36
21.1	21.37
21.1	21.38
21.1	21.39
21.1	21.40
21.4	21.41
21.1	21.42
21.1	21.43
21.1	21.44
21.1	21.45
21.1	21.46
21.1	21.47
21.1	21.48
21.1	21.49
21.1	21.50
21.1	21.51
21.1	21.52
21.1	21.53
21.1	21.54
21.1	21.55
21.1	21.56
21.1	21.57
21.1	21.58
21.1	21.59
21.4	21.60
21.4	21.61
21.1	21.62
21.1	21.63
21.1	21.64
22.1	22.1
22.1	22.2
22.1	22.3
22.1	22.4
22.1	22.5
22.1	22.6
22.1	22.7
22.1	22.8
22.1	22.9
22.1	22.10
22.1	22.11
22.1	22.12
22.1	22.13
22.1	22.14
22.1	22.15
22.1	22.16
22.1	22.17
22.1	22.18
22.1	22.19
22.1	22.20
22.1	22.21
22.1	22.22
22.1	22.23
22.1	22.24
22.1	22.25
22.1	22.26
22.1	22.27
22.1	22.28
22.1	22.29
22.1	22.30
22.1	22.31
22.1	22.32
22.1	22.33
22.2	22.34
22.1	22.35
22.1	22.36
22.1	22.37
22.1	22.38
22.1	22.39
22.1	22.40
22.1	22.41
22.1	22.42
22.1	22.43
22.1	22.44
22.1	22.45
22.1	22.46
22.1	22.47
22.1	22.48
22.1	22.49
22.1	22.50
22.1	22.51
22.1	22.52
22.1	22.53
22.1	22.54
22.1	22.55
22.1	22.56
22.1	22.57
22.1	22.58
22.1	22.59
22.1	22.60
22.1	22.61
22.1	22.62
22.1	22.63
22.1	22.64
23.14	23.1
23.13	23.2
23.4	23.3
23.14	23.4
23.4	23.5
23.4	23.6
23.4	23.7
23.14	23.8
23.5	23.9
23.4	23.10
23.4	23.11
23.11	23.12
23.4	23.13
23.4	23.14
23.11	23.15
23.4	23.16
23.4	23.17
23.14	23.18
23.4	23.19
23.4	23.20
23.12	23.21
23.4	23.22
23.4	23.23
23.14	23.24
23.11	23.25
23.4	23.26
23.4	23.27
23.4	23.28
23.4	23.29
23.9	23.30
23.6	23.31
23.4	23.32
23.4	23.33
23.4	23.34
23.4	23.35
23.4	23.36
23.4	23.37
23.4	23.38
23.4	23.39
23.4	23.40
23.14	23.41
23.4	23.42
23.4	23.43
23.2	23.44
23.4	23.45
23.4	23.46
23.1	23.47
23.4	23.48
23.4	23.49
23.10	23.50
23.8	23.51
23.14	23.52
23.15	23.53
23.4	23.54
23.4	23.55
23.3	23.56
23.14	23.57
23.7	23.58
23.4	23.59
23.4	23.60
23.11	23.61
23.11	23.62
23.4	23.63
23.4	23.64
24.6	24.1
24.10	24.2
24.1	24.3
24.14	24.4
24.12	24.5
24.16	24.6
24.1	24.7
24.9	24.8
24.1	24.9
24.3	24.10
24.19	24.11
24.15	24.12
24.1	24.13
24.1	24.14
24.1	24.15
24.1	24.16
24.1	24.17
24.16	24.18
24.1	24.19
24.1	24.20
24.13	24.21
24.1	24.22
24.7	24.23
24.1	24.24
24.8	24.25
24.5	24.26
24.1	24.27
24.1	24.28
24.1	24.29
24.1	24.30
24.4	24.31
24.1	24.32
24.16	24.33
24.1	24.34
24.12	24.35
24.18	24.36
24.1	24.37
24.16	24.38
24.9	24.39
24.1	24.40
24.2	24.41
24.11	24.42
24.1	24.43
24.1	24.44
24.1	24.45
24.11	24.46
24.11	24.47
24.17	24.48
24.1	24.49
24.1	24.50
24.1	24.51
24.1	24.52
24.16	24.53
24.1	24.54
24.1	24.55
24.18	24.56
24.16	24.57
24.1	24.58
24.16	24.59
24.10	24.60
24.1	24.61
24.1	24.62
24.1	24.63
24.1	24.64
25.1	25.1
25.12	25.2
25.1	25.3
25.6	25.4
25.1	25.5
25.1	25.6
25.1	25.7
25.11	25.8
25.1	25.9
25.1	25.10
25.1	25.11
25.1	25.12
25.1	25.13
25.1	25.14
25.1	25.15
25.10	25.16
25.7	25.17
25.1	25.18
25.9	25.19
25.1	25.20
25.13	25.21
25.12	25.22
25.1	25.23
25.1	25.24
25.2	25.25
25.10	25.26
25.5	25.27
25.12	25.28
25.1	25.29
25.13	25.30
25.12	25.31
25.12	25.32
25.6	25.33
25.8	25.34
25.13	25.35
25.1	25.36
25.10	25.37
25.12	25.38
25.12	25.39
25.12	25.40
25.1	25.41
25.1	25.42
25.13	25.43
25.1	25.44
25.1	25.45
25.10	25.46
25.13	25.47
25.1	25.48
25.12	25.49
25.3	25.50
25.12	25.51
25.1	25.52
25.13	25.53
25.1	25.54
25.4	25.55
25.12	25.56
25.1	25.57
25.12	25.58
25.7	25.59
25.1	25.60
25.13	25.61
25.12	25.62
25.13	25.63
25.13	25.64
26.1	26.1
26.1	26.2
26.1	26.3
26.1	26.4
26.1	26.5
26.1	26.6
26.1	26.7
26.5	26.8
26.5	26.9
26.1	26.10
26.1	26.11
26.1	26.12
26.5	26.13
26.5	26.14
26.1	26.15
26.1	26.16
26.4	26.17
26.1	26.18
26.1	26.19
26.1	26.20
26.4	26.21
26.1	26.22
26.1	26.23
26.1	26.24
26.3	26.25
26.5	26.26
26.5	26.27
26.5	26.28
26.1	26.29
26.2	26.30
26.1	26.31
26.1	26.32
26.5	26.33
26.1	26.34
26.1	26.35
26.1	26.36
26.5	26.37
26.1	26.38
26.1	26.39
26.1	26.40
26.1	26.41
26.1	26.42
26.1	26.43
26.1	26.44
26.1	26.45
26.1	26.46
26.1	26.47
26.1	26.48
26.1	26.49
26.1	26.50
26.5	26.51
26.1	26.52
26.1	26.53
26.1	26.54
26.1	26.55
26.3	26.56
26.5	26.57
26.1	26.58
26.1	26.59
26.5	26.60
26.5	26.61
26.5	26.62
26.1	26.63
26.1	26.64
27.1	27.1
27.1	27.2
27.1	27.3
27.1	27.4
27.4	27.5
27.4	27.6
27.1	27.7
27.1	27.8
27.1	27.9
27.1	27.10
27.6	27.11
27.1	27.12
27.6	27.13
27.1	27.14
27.1	27.15
27.1	27.16
27.1	27.17
27.4	27.18
27.5	27.19
27.4	27.20
27.1	27.21
27.1	27.22
27.2	27.23
27.6	27.24
27.1	27.25
27.1	27.26
27.4	27.27
27.6	27.28
27.1	27.29
27.1	27.30
27.4	27.31
27.6	27.32
27.1	27.33
27.1	27.34
27.1	27.35
27.1	27.36
27.1	27.37
27.1	27.38
27.6	27.39
27.1	27.40
27.4	27.41
27.1	27.42
27.1	27.43
27.1	27.44
27.5	27.45
27.1	27.46
27.6	27.47
27.1	27.48
27.4	27.49
27.1	27.50
27.1	27.51
27.1	27.52
27.1	27.53
27.1	27.54
27.1	27.55
27.1	27.56
27.1	27.57
27.1	27.58
27.1	27.59
27.4	27.60
27.4	27.61
27.6	27.62
27.3	27.63
27.1	27.64
28.9	28.1
28.9	28.2
28.11	28.3
28.9	28.4
28.19	28.5
28.9	28.6
28.9	28.7
28.19	28.8
28.9	28.9
28.15	28.10
28.9	28.11
28.15	28.12
28.14	28.13
28.9	28.14
28.9	28.15
28.4	28.16
28.9	28.17
28.15	28.18
28.16	28.19
28.9	28.20
28.9	28.21
28.9	28.22
28.20	28.23
28.9	28.24
28.9	28.25
28.15	28.26
28.15	28.27
28.9	28.28
28.13	28.29
28.9	28.30
28.12	28.31
28.19	28.32
28.9	28.33
28.9	28.34
28.17	28.35
28.12	28.36
28.3	28.37
28.9	28.38
28.5	28.39
28.9	28.40
28.7	28.41
28.10	28.42
28.9	28.43
28.19	28.44
28.2	28.45
28.8	28.46
28.19	28.47
28.6	28.48
28.9	28.49
28.14	28.50
28.9	28.51
28.9	28.52
28.9	28.53
28.18	28.54
28.15	28.55
28.9	28.56
28.8	28.57
28.15	28.58
28.9	28.59
28.1	28.60
28.18	28.61
28.1	28.62
28.15	28.63
28.19	28.64
29.1	29.1
29.14	29.2
29.14	29.3
29.14	29.4
29.14	29.5
29.14	29.6
29.14	29.7
29.14	29.8
29.1	29.9
29.14	29.10
29.8	29.11
29.13	29.12
29.14	29.13
29.8	29.14
29.14	29.15
29.5	29.16
29.7	29.17
29.9	29.18
29.4	29.19
29.14	29.20
29.11	29.21
29.9	29.22
29.14	29.23
29.13	29.24
29.3	29.25
29.12	29.26
29.1	29.27
29.14	29.28
29.14	29.29
29.14	29.30
29.13	29.31
29.2	29.32
29.14	29.33
29.13	29.34
29.14	29.35
29.13	29.36
29.5	29.37
29.14	29.38
29.8	29.39
29.1	29.40
29.14	29.41
29.9	29.42
29.14	29.43
29.14	29.44
29.14	29.45
29.13	29.46
29.6	29.47
29.14	29.48
29.14	29.49
29.14	29.50
29.10	29.51
29.8	29.52
29.1	29.53
29.8	29.54
29.1	29.55
29.14	29.56
29.14	29.57
29.14	29.58
29.14	29.59
29.14	29.60
29.14	29.61
29.14	29.62
29.1	29.63
29.14	29.64
30.1	30.1
30.1	30.2
30.1	30.3
30.4	30.4
30.1	30.5
30.1	30.6
30.4	30.7
30.1	30.8
30.1	30.9
30.1	30.10
30.1	30.11
30.1	30.12
30.1	30.13
30.1	30.14
30.1	30.15
30.1	30.16
30.4	30.17
30.1	30.18
30.1	30.19
30.1	30.20
30.1	30.21
30.4	30.22
30.1	30.23
30.1	30.24
30.1	30.25
30.4	30.26
30.3	30.27
30.4	30.28
30.1	30.29
30.2	30.30
30.1	30.31
30.1	30.32
30.4	30.33
30.4	30.34
30.1	30.35
30.3	30.36
30.4	30.37
30.1	30.38
30.1	30.39
30.1	30.40
30.1	30.41
30.1	30.42
30.1	30.43
30.4	30.44
30.1	30.45
30.1	30.46
30.1	30.47
30.1	30.48
30.1	30.49
30.4	30.50
30.4	30.51
30.1	30.52
30.1	30.53
30.1	30.54
30.1	30.55
30.1	30.56
30.1	30.57
30.1	30.58
30.1	30.59
30.4	30.60
30.4	30.61
30.1	30.62
30.1	30.63
30.1	30.64
31.1	31.1
31.1	31.2
31.1	31.3
31.5	31.4
31.7	31.5
31.1	31.6
31.1	31.7
31.1	31.8
31.1	31.9
31.1	31.10
31.1	31.11
31.1	31.12
31.1	31.13
31.1	31.14
31.1	31.15
31.9	31.16
31.9	31.17
31.1	31.18
31.1	31.19
31.1	31.20
31.1	31.21
31.1	31.22
31.1	31.23
31.9	31.24
31.9	31.25
31.4	31.26
31.8	31.27
31.9	31.28
31.8	31.29
31.1	31.30
31.4	31.31
31.1	31.32
31.1	31.33
31.1	31.34
31.8	31.35
31.8	31.36
31.8	31.37
31.8	31.38
31.1	31.39
31.1	31.40
31.9	31.41
31.1	31.42
31.9	31.43
31.8	31.44
31.2	31.45
31.6	31.46
31.1	31.47
31.4	31.48
31.1	31.49
31.1	31.50
31.3	31.51
31.1	31.52
31.1	31.53
31.1	31.54
31.1	31.55
31.1	31.56
31.9	31.57
31.9	31.58
31.9	31.59
31.1	31.60
31.7	31.61
31.1	31.62
31.1	31.63
31.1	31.64
32.1	32.1
32.1	32.2
32.1	32.3
32.6	32.4
32.6	32.5
32.1	32.6
32.1	32.7
32.1	32.8
32.1	32.9
32.1	32.10
32.1	32.11
32.1	32.12
32.1	32.13
32.1	32.14
32.1	32.15
32.3	32.16
32.1	32.17
32.1	32.18
32.1	32.19
32.3	32.20
32.1	32.21
32.1	32.22
32.3	32.23
32.1	32.24
32.1	32.25
32.1	32.26
32.1	32.27
32.1	32.28
32.1	32.29
32.1	32.30
32.1	32.31
32.1	32.32
32.1	32.33
32.1	32.34
32.1	32.35
32.1	32.36
32.4	32.37
32.1	32.38
32.1	32.39
32.5	32.40
32.1	32.41
32.1	32.42
32.6	32.43
32.2	32.44
32.3	32.45
32.1	32.46
32.1	32.47
32.3	32.48
32.1	32.49
32.3	32.50
32.1	32.51
32.6	32.52
32.1	32.53
32.6	32.54
32.1	32.55
32.1	32.56
32.1	32.57
32.1	32.58
32.1	32.59
32.1	32.60
32.1	32.61
32.1	32.62
32.1	32.63
32.3	32.64
33.13	33.1
33.10	33.2
33.1	33.3
33.1	33.4
33.13	33.5
33.13	33.6
33.1	33.7
33.11	33.8
33.11	33.9
33.11	33.10
33.11	33.11
33.11	33.12
33.11	33.13
33.1	33.14
33.12	33.15
33.6	33.16
33.11	33.17
33.1	33.18
33.3	33.19
33.4	33.20
33.16	33.21
33.11	33.22
33.5	33.23
33.11	33.24
33.9	33.25
33.1	33.26
33.1	33.27
33.13	33.28
33.1	33.29
33.1	33.30
33.11	33.31
33.12	33.32
33.11	33.33
33.11	33.34
33.12	33.35
33.1	33.36
33.11	33.37
33.1	33.38
33.1	33.39
33.11	33.40
33.11	33.41
33.7	33.42
33.1	33.43
33.12	33.44
33.1	33.45
33.13	33.46
33.7	33.47
33.13	33.48
33.15	33.49
33.11	33.50
33.11	33.51
33.11	33.52
33.7	33.53
33.14	33.54
33.10	33.55
33.2	33.56
33.1	33.57
33.1	33.58
33.11	33.59
33.6	33.60
33.13	33.61
33.8	33.62
33.11	33.63
33.1	33.64
34.10	34.1
34.7	34.2
34.7	34.3
34.7	34.4
34.7	34.5
34.7	34.6
34.7	34.7
34.10	34.8
34.7	34.9
34.10	34.10
34.10	34.11
34.7	34.12
34.1	34.13
34.7	34.14
34.7	34.15
34.7	34.16
34.7	34.17
34.7	34.18
34.7	34.19
34.7	34.20
34.10	34.21
34.7	34.22
34.7	34.23
34.7	34.24
34.7	34.25
34.10	34.26
34.9	34.27
34.7	34.28
34.7	34.29
34.9	34.30
34.8	34.31
34.7	34.32
34.7	34.33
34.3	34.34
34.7	34.35
34.1	34.36
34.7	34.37
34.7	34.38
34.10	34.39
34.7	34.40
34.7	34.41
34.9	34.42
34.2	34.43
34.7	34.44
34.4	34.45
34.1	34.46
34.7	34.47
34.7	34.48
34.10	34.49
34.6	34.50
34.1	34.51
34.7	34.52
34.10	34.53
34.10	34.54
34.7	34.55
34.7	34.56
34.9	34.57
34.9	34.58
34.5	34.59
34.7	34.60
34.7	34.61
34.1	34.62
34.1	34.63
34.7	34.64
35.1	35.1
35.1	35.2
35.1	35.3
35.1	35.4
35.1	35.5
35.7	35.6
35.1	35.7
35.1	35.8
35.1	35.9
35.1	35.10
35.1	35.11
35.2	35.12
35.1	35.13
35.1	35.14
35.1	35.15
35.1	35.16
35.1	35.17
35.1	35.18
35.1	35.19
35.1	35.20
35.1	35.21
35.1	35.22
35.1	35.23
35.1	35.24
35.1	35.25
35.1	35.26
35.1	35.27
35.1	35.28
35.1	35.29
35.1	35.30
35.1	35.31
35.1	35.32
35.1	35.33
35.1	35.34
35.1	35.35
35.1	35.36
35.1	35.37
35.1	35.38
35.1	35.39
35.1	35.40
35.1	35.41
35.1	35.42
35.1	35.43
35.6	35.44
35.1	35.45
35.1	35.46
35.1	35.47
35.1	35.48
35.4	35.49
35.1	35.50
35.1	35.51
35.1	35.52
35.1	35.53
35.1	35.54
35.1	35.55
35.1	35.56
35.1	35.57
35.5	35.58
35.1	35.59
35.1	35.60
35.1	35.61
35.1	35.62
35.1	35.63
35.3	35.64
36.11	36.1
36.1	36.2
36.8	36.3
36.7	36.4
36.8	36.5
36.1	36.6
36.1	36.7
36.1	36.8
36.1	36.9
36.1	36.10
36.1	36.11
36.9	36.12
36.10	36.13
36.1	36.14
36.1	36.15
36.1	36.16
36.3	36.17
36.1	36.18
36.1	36.19
36.1	36.20
36.1	36.21
36.1	36.22
36.4	36.23
36.11	36.24
36.1	36.25
36.1	36.26
36.1	36.27
36.1	36.28
36.1	36.29
36.11	36.30
36.1	36.31
36.1	36.32
36.1	36.33
36.1	36.34
36.1	36.35
36.1	36.36
36.5	36.37
36.10	36.38
36.11	36.39
36.6	36.40
36.1	36.41
36.1	36.42
36.11	36.43
36.4	36.44
36.1	36.45
36.10	36.46
36.1	36.47
36.11	36.48
36.1	36.49
36.1	36.50
36.1	36.51
36.1	36.52
36.1	36.53
36.2	36.54
36.1	36.55
36.1	36.56
36.9	36.57
36.11	36.58
36.1	36.59
36.10	36.60
36.1	36.61
36.1	36.62
36.1	36.63
36.11	36.64
37.1	37.1
37.1	37.2
37.1	37.3
37.1	37.4
37.1	37.5
37.1	37.6
37.1	37.7
37.1	37.8
37.1	37.9
37.1	37.10
37.1	37.11
37.1	37.12
37.1	37.13
37.1	37.14
37.1	37.15
37.2	37.16
37.1	37.17
37.1	37.18
37.1	37.19
37.1	37.20
37.1	37.21
37.1	37.22
37.1	37.23
37.1	37.24
37.1	37.25
37.1	37.26
37.1	37.27
37.1	37.28
37.1	37.29
37.1	37.30
37.3	37.31
37.1	37.32
37.1	37.33
37.1	37.34
37.1	37.35
37.1	37.36
37.1	37.37
37.1	37.38
37.1	37.39
37.1	37.40
37.1	37.41
37.1	37.42
37.1	37.43
37.1	37.44
37.1	37.45
37.1	37.46
37.1	37.47
37.1	37.48
37.1	37.49
37.1	37.50
37.3	37.51
37.1	37.52
37.1	37.53
37.1	37.54
37.1	37.55
37.1	37.56
37.1	37.57
37.1	37.58
37.1	37.59
37.1	37.60
37.1	37.61
37.1	37.62
37.1	37.63
37.4	37.64
38.14	38.1
38.1	38.2
38.1	38.3
38.1	38.4
38.17	38.5
38.1	38.6
38.14	38.7
38.8	38.8
38.15	38.9
38.1	38.10
38.15	38.11
38.2	38.12
38.13	38.13
38.5	38.14
38.17	38.15
38.17	38.16
38.14	38.17
38.20	38.18
38.17	38.19
38.17	38.20
38.15	38.21
38.16	38.22
38.1	38.23
38.12	38.24
38.14	38.25
38.20	38.26
38.10	38.27
38.14	38.28
38.19	38.29
38.15	38.30
38.17	38.31
38.8	38.32
38.8	38.33
38.10	38.34
38.17	38.35
38.15	38.36
38.9	38.37
38.17	38.38
38.12	38.39
38.1	38.40
38.9	38.41
38.17	38.42
38.1	38.43
38.6	38.44
38.17	38.45
38.3	38.46
38.17	38.47
38.12	38.48
38.14	38.49
38.8	38.50
38.7	38.51
38.17	38.52
38.15	38.53
38.18	38.54
38.4	38.55
38.1	38.56
38.15	38.57
38.15	38.58
38.11	38.59
38.15	38.60
38.14	38.61
38.12	38.62
38.8	38.63
38.20	38.64
39.1	39.1
39.1	39.2
39.1	39.3
39.1	39.4
39.1	39.5
39.1	39.6
39.11	39.7
39.9	39.8
39.1	39.9
39.11	39.10
39.3	39.11
39.11	39.12
39.5	39.13
39.2	39.14
39.1	39.15
39.1	39.16
39.1	39.17
39.1	39.18
39.12	39.19
39.1	39.20
39.1	39.21
39.1	39.22
39.1	39.23
39.1	39.24
39.1	39.25
39.1	39.26
39.1	39.27
39.11	39.28
39.11	39.29
39.11	39.30
39.1	39.31
39.1	39.32
39.8	39.33
39.1	39.34
39.1	39.35
39.6	39.36
39.1	39.37
39.1	39.38
39.1	39.39
39.1	39.40
39.6	39.41
39.1	39.42
39.1	39.43
39.4	39.44
39.1	39.45
39.1	39.46
39.10	39.47
39.1	39.48
39.1	39.49
39.1	39.50
39.1	39.51
39.11	39.52
39.1	39.53
39.1	39.54
39.1	39.55
39.1	39.56
39.1	39.57
39.1	39.58
39.1	39.59
39.11	39.60
39.7	39.61
39.1	39.62
39.1	39.63
39.1	39.64
40.9	40.1
40.9	40.2
40.9	40.3
40.3	40.4
40.3	40.5
40.9	40.6
40.9	40.7
40.9	40.8
40.9	40.9
40.9	40.10
40.9	40.11
40.9	40.12
40.9	40.13
40.9	40.14
40.9	40.15
40.9	40.16
40.9	40.17
40.7	40.18
40.8	40.19
40.5	40.20
40.9	40.21
40.9	40.22
40.9	40.23
40.9	40.24
40.3	40.25
40.3	40.26
40.5	40.27
40.9	40.28
40.9	40.29
40.6	40.30
40.9	40.31
40.9	40.32
40.9	40.33
40.3	40.34
40.9	40.35
40.9	40.36
40.3	40.37
40.9	40.38
40.9	40.39
40.9	40.40
40.9	40.41
40.9	40.42
40.2	40.43
40.9	40.44
40.9	40.45
40.9	40.46
40.9	40.47
40.1	40.48
40.4	40.49
40.9	40.50
40.9	40.51
40.9	40.52
40.9	40.53
40.3	40.54
40.9	40.55
40.9	40.56
40.9	40.57
40.3	40.58
40.9	40.59
40.3	40.60
40.3	40.61
40.1	40.62
40.5	40.63
40.9	40.64
41.1	41.1
41.1	41.2
41.1	41.3
41.1	41.4
41.1	41.5
41.10	41.6
41.1	41.7
41.1	41.8
41.3	41.9
41.1	41.10
41.1	41.11
41.1	41.12
41.1	41.13
41.1	41.14
41.1	41.15
41.1	41.16
41.1	41.17
41.1	41.18
41.9	41.19
41.1	41.20
41.1	41.21
41.1	41.22
41.1	41.23
41.1	41.24
41.1	41.25
41.1	41.26
41.1	41.27
41.1	41.28
41.1	41.29
41.1	41.30
41.1	41.31
41.1	41.32
41.8	41.33
41.9	41.34
41.1	41.35
41.10	41.36
41.1	41.37
41.1	41.38
41.1	41.39
41.4	41.40
41.7	41.41
41.1	41.42
41.1	41.43
41.1	41.44
41.5	41.45
41.1	41.46
41.9	41.47
41.1	41.48
41.2	41.49
41.1	41.50
41.1	41.51
41.1	41.52
41.1	41.53
41.1	41.54
41.10	41.55
41.1	41.56
41.1	41.57
41.1	41.58
41.1	41.59
41.1	41.60
41.10	41.61
41.1	41.62
41.6	41.63
41.1	41.64
42.1	42.1
42.1	42.2
42.1	42.3
42.1	42.4
42.1	42.5
42.13	42.6
42.7	42.7
42.7	42.8
42.7	42.9
42.15	42.10
42.1	42.11
42.1	42.12
42.1	42.13
42.10	42.14
42.1	42.15
42.15	42.16
42.8	42.17
42.14	42.18
42.10	42.19
42.1	42.20
42.1	42.21
42.12	42.22
42.1	42.23
42.1	42.24
42.1	42.25
42.7	42.26
42.7	42.27
42.7	42.28
42.12	42.29
42.1	42.30
42.7	42.31
42.7	42.32
42.1	42.33
42.1	42.34
42.14	42.35
42.1	42.36
42.13	42.37
42.1	42.38
42.1	42.39
42.4	42.40
42.1	42.41
42.1	42.42
42.13	42.43
42.7	42.44
42.7	42.45
42.1	42.46
42.1	42.47
42.6	42.48
42.12	42.49
42.11	42.50
42.9	42.51
42.10	42.52
42.5	42.53
42.5	42.54
42.2	42.55
42.1	42.56
42.3	42.57
42.10	42.58
42.7	42.59
42.1	42.60
42.7	42.61
42.1	42.62
42.1	42.63
42.1	42.64
43.11	43.1
43.11	43.2
43.11	43.3
43.11	43.4
43.11	43.5
43.10	43.6
43.11	43.7
43.2	43.8
43.11	43.9
43.11	43.10
43.6	43.11
43.8	43.12
43.1	43.13
43.5	43.14
43.11	43.15
43.11	43.16
43.1	43.17
43.11	43.18
43.11	43.19
43.1	43.20
43.11	43.21
43.11	43.22
43.11	43.23
43.11	43.24
43.1	43.25
43.11	43.26
43.11	43.27
43.11	43.28
43.11	43.29
43.11	43.30
43.11	43.31
43.1	43.32
43.11	43.33
43.11	43.34
43.1	43.35
43.6	43.36
43.11	43.37
43.1	43.38
43.1	43.39
43.11	43.40
43.11	43.41
43.11	43.42
43.1	43.43
43.7	43.44
43.1	43.45
43.3	43.46
43.11	43.47
43.1	43.48
43.11	43.49
43.4	43.50
43.9	43.51
43.11	43.52
43.11	43.53
43.11	43.54
43.10	43.55
43.11	43.56
43.11	43.57
43.11	43.58
43.11	43.59
43.11	43.60
43.11	43.61
43.11	43.62
43.11	43.63
43.11	43.64
44.1	44.1
44.1	44.2
44.1	44.3
44.1	44.4
44.7	44.5
44.1	44.6
44.1	44.7
44.4	44.8
44.7	44.9
44.1	44.10
44.1	44.11
44.1	44.12
44.1	44.13
44.7	44.14
44.1	44.15
44.1	44.16
44.3	44.17
44.1	44.18
44.1	44.19
44.1	44.20
44.1	44.21
44.1	44.22
44.1	44.23
44.1	44.24
44.1	44.25
44.1	44.26
44.1	44.27
44.1	44.28
44.1	44.29
44.1	44.30
44.7	44.31
44.7	44.32
44.1	44.33
44.1	44.34
44.1	44.35
44.1	44.36
44.1	44.37
44.1	44.38
44.1	44.39
44.7	44.40
44.1	44.41
44.1	44.42
44.1	44.43
44.1	44.44
44.1	44.45
44.2	44.46
44.1	44.47
44.1	44.48
44.7	44.49
44.6	44.50
44.6	44.51
44.1	44.52
44.7	44.53
44.1	44.54
44.6	44.55
44.7	44.56
44.7	44.57
44.5	44.58
44.7	44.59
44.1	44.60
44.7	44.61
44.1	44.62
44.7	44.63
44.7	44.64
45.1	45.1
45.1	45.2
45.10	45.3
45.1	45.4
45.1	45.5
45.1	45.6
45.1	45.7
45.1	45.8
45.3	45.9
45.1	45.10
45.1	45.11
45.1	45.12
45.1	45.13
45.1	45.14
45.1	45.15
45.1	45.16
45.10	45.17
45.1	45.18
45.1	45.19
45.7	45.20
45.1	45.21
45.5	45.22
45.1	45.23
45.1	45.24
45.1	45.25
45.4	45.26
45.1	45.27
45.1	45.28
45.1	45.29
45.1	45.30
45.1	45.31
45.11	45.32
45.8	45.33
45.11	45.34
45.3	45.35
45.1	45.36
45.9	45.37
45.1	45.38
45.6	45.39
45.11	45.40
45.11	45.41
45.1	45.42
45.1	45.43
45.1	45.44
45.1	45.45
45.1	45.46
45.1	45.47
45.6	45.48
45.1	45.49
45.11	45.50
45.1	45.51
45.1	45.52
45.1	45.53
45.1	45.54
45.1	45.55
45.2	45.56
45.11	45.57
45.11	45.58
45.1	45.59
45.11	45.60
45.11	45.61
45.11	45.62
45.6	45.63
45.1	45.64
46.7	46.1
46.7	46.2
46.4	46.3
46.7	46.4
46.7	46.5
46.7	46.6
46.7	46.7
46.7	46.8
46.7	46.9
46.7	46.10
46.4	46.11
46.4	46.12
46.7	46.13
46.7	46.14
46.7	46.15
46.7	46.16
46.4	46.17
46.4	46.18
46.7	46.19
46.4	46.20
46.4	46.21
46.7	46.22
46.7	46.23
46.5	46.24
46.4	46.25
46.2	46.26
46.7	46.27
46.7	46.28
46.7	46.29
46.7	46.30
46.7	46.31
46.7	46.32
46.7	46.33
46.4	46.34
46.7	46.35
46.7	46.36
46.7	46.37
46.7	46.38
46.7	46.39
46.7	46.40
46.4	46.41
46.1	46.42
46.4	46.43
46.7	46.44
46.7	46.45
46.5	46.46
46.7	46.47
46.7	46.48
46.7	46.49
46.7	46.50
46.6	46.51
46.4	46.52
46.7	46.53
46.3	46.54
46.4	46.55
46.7	46.56
46.4	46.57
46.7	46.58
46.5	46.59
46.7	46.60
46.5	46.61
46.7	46.62
46.7	46.63
46.7	46.64
47.5	47.1
47.1	47.2
47.1	47.3
47.5	47.4
47.5	47.5
47.5	47.6
47.1	47.7
47.5	47.8
47.1	47.9
47.5	47.10
47.5	47.11
47.1	47.12
47.5	47.13
47.5	47.14
47.5	47.15
47.5	47.16
47.1	47.17
47.5	47.18
47.5	47.19
47.1	47.20
47.5	47.21
47.5	47.22
47.5	47.23
47.5	47.24
47.5	47.25
47.1	47.26
47.5	47.27
47.5	47.28
47.5	47.29
47.5	47.30
47.5	47.31
47.5	47.32
47.5	47.33
47.1	47.34
47.5	47.35
47.5	47.36
47.1	47.37
47.5	47.38
47.5	47.39
47.5	47.40
47.5	47.41
47.5	47.42
47.3	47.43
47.5	47.44
47.5	47.45
47.5	47.46
47.5	47.47
47.5	47.48
47.5	47.49
47.5	47.50
47.5	47.51
47.4	47.52
47.5	47.53
47.1	47.54
47.1	47.55
47.5	47.56
47.5	47.57
47.1	47.58
47.5	47.59
47.2	47.60
47.1	47.61
47.5	47.62
47.5	47.63
47.5	47.64
48.4	48.1
48.10	48.2
48.4	48.3
48.10	48.4
48.10	48.5
48.9	48.6
48.10	48.7
48.10	48.8
48.7	48.9
48.9	48.10
48.5	48.11
48.4	48.12
48.4	48.13
48.1	48.14
48.10	48.15
48.10	48.16
48.9	48.17
48.6	48.18
48.10	48.19
48.7	48.20
48.10	48.21
48.7	48.22
48.9	48.23
48.7	48.24
48.9	48.25
48.7	48.26
48.9	48.27
48.10	48.28
48.10	48.29
48.2	48.30
48.9	48.31
48.10	48.32
48.1	48.33
48.4	48.34
48.10	48.35
48.10	48.36
48.7	48.37
48.1	48.38
48.10	48.39
48.9	48.40
48.9	48.41
48.4	48.42
48.10	48.43
48.10	48.44
48.4	48.45
48.8	48.46
48.7	48.47
48.1	48.48
48.1	48.49
48.3	48.50
48.10	48.51
48.9	48.52
48.10	48.53
48.9	48.54
48.4	48.55
48.4	48.56
48.10	48.57
48.10	48.58
48.10	48.59
48.10	48.60
48.4	48.61
48.4	48.62
48.10	48.63
48.9	48.64
49.13	49.1
49.1	49.2
49.11	49.3
49.13	49.4
49.7	49.5
49.11	49.6
49.10	49.7
49.11	49.8
49.11	49.9
49.12	49.10
49.2	49.11
49.13	49.12
49.11	49.13
49.6	49.14
49.11	49.15
49.10	49.16
49.1	49.17
49.9	49.18
49.11	49.19
49.11	49.20
49.1	49.21
49.8	49.22
49.13	49.23
49.11	49.24
49.13	49.25
49.11	49.26
49.13	49.27
49.13	49.28
49.1	49.29
49.1	49.30
49.13	49.31
49.1	49.32
49.10	49.33
49.13	49.34
49.1	49.35
49.1	49.36
49.13	49.37
49.1	49.38
49.13	49.39
49.11	49.40
49.5	49.41
49.12	49.42
49.13	49.43
49.11	49.44
49.1	49.45
49.7	49.46
49.13	49.47
49.13	49.48
49.1	49.49
49.11	49.50
49.4	49.51
49.11	49.52
49.13	49.53
49.9	49.54
49.13	49.55
49.11	49.56
49.6	49.57
49.12	49.58
49.13	49.59
49.13	49.60
49.11	49.61
49.15	49.62
49.14	49.63
49.3	49.64
50.1	50.1
50.1	50.2
50.1	50.3
50.1	50.4
50.1	50.5
50.1	50.6
50.1	50.7
50.1	50.8
50.1	50.9
50.1	50.10
50.1	50.11
50.1	50.12
50.1	50.13
50.1	50.14
50.1	50.15
50.1	50.16
50.1	50.17
50.1	50.18
50.1	50.19
50.1	50.20
50.1	50.21
50.1	50.22
50.1	50.23
50.1	50.24
50.1	50.25
50.1	50.26
50.1	50.27
50.1	50.28
50.1	50.29
50.2	50.30
50.1	50.31
50.1	50.32
50.1	50.33
50.1	50.34
50.1	50.35
50.1	50.36
50.1	50.37
50.1	50.38
50.1	50.39
50.1	50.40
50.1	50.41
50.1	50.42
50.4	50.43
50.1	50.44
50.1	50.45
50.1	50.46
50.1	50.47
50.1	50.48
50.1	50.49
50.1	50.50
50.1	50.51
50.1	50.52
50.1	50.53
50.1	50.54
50.1	50.55
50.1	50.56
50.1	50.57
50.3	50.58
50.1	50.59
50.1	50.60
50.1	50.61
50.1	50.62
50.1	50.63
50.1	50.64
51.4	51.1
51.5	51.2
51.8	51.3
51.11	51.4
51.4	51.5
51.8	51.6
51.5	51.7
51.4	51.8
51.5	51.9
51.5	51.10
51.5	51.11
51.1	51.12
51.8	51.13
51.12	51.14
51.4	51.15
51.8	51.16
51.5	51.17
51.9	51.18
51.5	51.19
51.13	51.20
51.3	51.21
51.8	51.22
51.9	51.23
51.8	51.24
51.9	51.25
51.8	51.26
51.5	51.27
51.10	51.28
51.4	51.29
51.10	51.30
51.5	51.31
51.5	51.32
51.5	51.33
51.2	51.34
51.5	51.35
51.5	51.36
51.4	51.37
51.5	51.38
51.5	51.39
51.8	51.40
51.5	51.41
51.5	51.42
51.11	51.43
51.5	51.44
51.10	51.45
51.5	51.46
51.4	51.47
51.8	51.48
51.5	51.49
51.5	51.50
51.7	51.51
51.1	51.52
51.5	51.53
51.8	51.54
51.5	51.55
51.5	51.56
51.5	51.57
51.6	51.58
51.5	51.59
51.13	51.60
51.5	51.61
51.5	51.62
51.4	51.63
51.13	51.64
52.1	52.1
52.1	52.2
52.1	52.3
52.1	52.4
52.1	52.5
52.1	52.6
52.6	52.7
52.1	52.8
52.1	52.9
52.5	52.10
52.1	52.11
52.1	52.12
52.1	52.13
52.1	52.14
52.1	52.15
52.1	52.16
52.1	52.17
52.1	52.18
52.1	52.19
52.1	52.20
52.1	52.21
52.1	52.22
52.6	52.23
52.1	52.24
52.1	52.25
52.1	52.26
52.1	52.27
52.1	52.28
52.1	52.29
52.1	52.30
52.1	52.31
52.6	52.32
52.1	52.33
52.1	52.34
52.1	52.35
52.1	52.36
52.1	52.37
52.6	52.38
52.1	52.39
52.1	52.40
52.1	52.41
52.6	52.42
52.1	52.43
52.1	52.44
52.1	52.45
52.1	52.46
52.3	52.47
52.1	52.48
52.1	52.49
52.1	52.50
52.1	52.51
52.1	52.52
52.2	52.53
52.5	52.54
52.1	52.55
52.1	52.56
52.4	52.57
52.5	52.58
52.1	52.59
52.1	52.60
52.1	52.61
52.6	52.62
52.1	52.63
52.1	52.64
53.3	53.1
53.3	53.2
53.3	53.3
53.3	53.4
53.3	53.5
53.3	53.6
53.3	53.7
53.3	53.8
53.3	53.9
53.3	53.10
53.3	53.11
53.3	53.12
53.3	53.13
53.3	53.14
53.6	53.15
53.3	53.16
53.3	53.17
53.6	53.18
53.3	53.19
53.3	53.20
53.3	53.21
53.3	53.22
53.3	53.23
53.4	53.24
53.3	53.25
53.3	53.26
53.3	53.27
53.6	53.28
53.3	53.29
53.3	53.30
53.1	53.31
53.3	53.32
53.6	53.33
53.3	53.34
53.3	53.35
53.3	53.36
53.3	53.37
53.3	53.38
53.1	53.39
53.3	53.40
53.3	53.41
53.3	53.42
53.5	53.43
53.3	53.44
53.6	53.45
53.3	53.46
53.3	53.47
53.3	53.48
53.3	53.49
53.3	53.50
53.3	53.51
53.2	53.52
53.3	53.53
53.3	53.54
53.3	53.55
53.3	53.56
53.3	53.57
53.3	53.58
53.3	53.59
53.3	53.60
53.3	53.61
53.3	53.62
53.3	53.63
53.3	53.64
54.1	54.1
54.1	54.2
54.1	54.3
54.1	54.4
54.1	54.5
54.1	54.6
54.1	54.7
54.1	54.8
54.1	54.9
54.1	54.10
54.1	54.11
54.1	54.12
54.1	54.13
54.1	54.14
54.1	54.15
54.1	54.16
54.1	54.17
54.1	54.18
54.1	54.19
54.1	54.20
54.1	54.21
54.1	54.22
54.1	54.23
54.2	54.24
54.7	54.25
54.9	54.26
54.1	54.27
54.1	54.28
54.1	54.29
54.1	54.30
54.1	54.31
54.1	54.32
54.1	54.33
54.1	54.34
54.1	54.35
54.10	54.36
54.1	54.37
54.1	54.38
54.1	54.39
54.1	54.40
54.6	54.41
54.1	54.42
54.1	54.43
54.3	54.44
54.1	54.45
54.1	54.46
54.1	54.47
54.8	54.48
54.1	54.49
54.1	54.50
54.1	54.51
54.1	54.52
54.1	54.53
54.10	54.54
54.1	54.55
54.1	54.56
54.1	54.57
54.1	54.58
54.4	54.59
54.5	54.60
54.1	54.61
54.1	54.62
54.1	54.63
54.1	54.64
55.1	55.1
55.8	55.2
55.6	55.3
55.8	55.4
55.1	55.5
55.11	55.6
55.8	55.7
55.1	55.8
55.4	55.9
55.1	55.10
55.8	55.11
55.7	55.12
55.1	55.13
55.9	55.14
55.1	55.15
55.1	55.16
55.8	55.17
55.1	55.18
55.11	55.19
55.5	55.20
55.1	55.21
55.11	55.22
55.2	55.23
55.1	55.24
55.1	55.25
55.1	55.26
55.1	55.27
55.1	55.28
55.1	55.29
55.8	55.30
55.7	55.31
55.8	55.32
55.1	55.33
55.1	55.34
55.1	55.35
55.8	55.36
55.8	55.37
55.10	55.38
55.1	55.39
55.8	55.40
55.3	55.41
55.1	55.42
55.1	55.43
55.1	55.44
55.1	55.45
55.1	55.46
55.1	55.47
55.11	55.48
55.11	55.49
55.1	55.50
55.1	55.51
55.1	55.52
55.8	55.53
55.1	55.54
55.1	55.55
55.1	55.56
55.9	55.57
55.8	55.58
55.1	55.59
55.11	55.60
55.7	55.61
55.1	55.62
55.1	55.63
55.1	55.64
56.7	56.1
56.7	56.2
56.7	56.3
56.7	56.4
56.5	56.5
56.2	56.6
56.7	56.7
56.7	56.8
56.7	56.9
56.7	56.10
56.7	56.11
56.7	56.12
56.7	56.13
56.7	56.14
56.7	56.15
56.7	56.16
56.7	56.17
56.7	56.18
56.1	56.19
56.7	56.20
56.7	56.21
56.5	56.22
56.7	56.23
56.7	56.24
56.7	56.25
56.7	56.26
56.9	56.27
56.7	56.28
56.7	56.29
56.7	56.30
56.10	56.31
56.1	56.32
56.7	56.33
56.7	56.34
56.9	56.35
56.7	56.36
56.7	56.37
56.7	56.38
56.9	56.39
56.7	56.40
56.1	56.41
56.7	56.42
56.9	56.43
56.9	56.44
56.7	56.45
56.7	56.46
56.7	56.47
56.7	56.48
56.1	56.49
56.9	56.50
56.7	56.51
56.7	56.52
56.6	56.53
56.7	56.54
56.3	56.55
56.7	56.56
56.9	56.57
56.4	56.58
56.4	56.59
56.8	56.60
56.7	56.61
56.7	56.62
56.7	56.63
56.7	56.64
57.1	57.1
57.1	57.2
57.1	57.3
57.1	57.4
57.1	57.5
57.1	57.6
57.1	57.7
57.1	57.8
57.1	57.9
57.1	57.10
57.1	57.11
57.1	57.12
57.1	57.13
57.1	57.14
57.8	57.15
57.1	57.16
57.1	57.17
57.1	57.18
57.1	57.19
57.8	57.20
57.1	57.21
57.4	57.22
57.1	57.23
57.1	57.24
57.1	57.25
57.8	57.26
57.1	57.27
57.1	57.28
57.2	57.29
57.1	57.30
57.1	57.31
57.1	57.32
57.1	57.33
57.1	57.34
57.8	57.35
57.1	57.36
57.3	57.37
57.1	57.38
57.1	57.39
57.1	57.40
57.8	57.41
57.8	57.42
57.1	57.43
57.1	57.44
57.1	57.45
57.1	57.46
57.9	57.47
57.1	57.48
57.6	57.49
57.1	57.50
57.1	57.51
57.8	57.52
57.8	57.53
57.8	57.54
57.1	57.55
57.1	57.56
57.5	57.57
57.8	57.58
57.1	57.59
57.8	57.60
57.7	57.61
57.1	57.62
57.1	57.63
57.8	57.64
58.12	58.1
58.13	58.2
58.11	58.3
58.13	58.4
58.13	58.5
58.13	58.6
58.13	58.7
58.13	58.8
58.15	58.9
58.13	58.10
58.13	58.11
58.1	58.12
58.1	58.13
58.7	58.14
58.9	58.15
58.10	58.16
58.13	58.17
58.1	58.18
58.5	58.19
58.4	58.20
58.1	58.21
58.4	58.22
58.13	58.23
58.13	58.24
58.11	58.25
58.14	58.26
58.1	58.27
58.1	58.28
58.13	58.29
58.12	58.30
58.15	58.31
58.1	58.32
58.12	58.33
58.13	58.34
58.12	58.35
58.14	58.36
58.12	58.37
58.15	58.38
58.14	58.39
58.1	58.40
58.12	58.41
58.1	58.42
58.5	58.43
58.4	58.44
58.1	58.45
58.4	58.46
58.13	58.47
58.13	58.48
58.8	58.49
58.13	58.50
58.6	58.51
58.16	58.52
58.1	58.53
58.3	58.54
58.8	58.55
58.12	58.56
58.13	58.57
58.1	58.58
58.15	58.59
58.11	58.60
58.15	58.61
58.13	58.62
58.13	58.63
58.2	58.64
59.15	59.1
59.15	59.2
59.12	59.3
59.8	59.4
59.9	59.5
59.15	59.6
59.9	59.7
59.8	59.8
59.15	59.9
59.11	59.10
59.8	59.11
59.15	59.12
59.11	59.13
59.8	59.14
59.8	59.15
59.9	59.16
59.12	59.17
59.15	59.18
59.8	59.19
59.1	59.20
59.8	59.21
59.8	59.22
59.15	59.23
59.6	59.24
59.15	59.25
59.15	59.26
59.15	59.27
59.10	59.28
59.15	59.29
59.8	59.30
59.15	59.31
59.16	59.32
59.15	59.33
59.5	59.34
59.11	59.35
59.9	59.36
59.4	59.37
59.7	59.38
59.15	59.39
59.15	59.40
59.1	59.41
59.11	59.42
59.15	59.43
59.15	59.44
59.8	59.45
59.8	59.46
59.9	59.47
59.8	59.48
59.9	59.49
59.15	59.50
59.8	59.51
59.8	59.52
59.13	59.53
59.8	59.54
59.8	59.55
59.8	59.56
59.11	59.57
59.3	59.58
59.8	59.59
59.14	59.60
59.14	59.61
59.8	59.62
59.2	59.63
59.8	59.64
60.1	60.1
60.1	60.2
60.1	60.3
60.1	60.4
60.1	60.5
60.1	60.6
60.1	60.7
60.1	60.8
60.1	60.9
60.1	60.10
60.1	60.11
60.1	60.12
60.1	60.13
60.1	60.14
60.1	60.15
60.1	60.16
60.7	60.17
60.1	60.18
60.7	60.19
60.1	60.20
60.1	60.21
60.1	60.22
60.1	60.23
60.1	60.24
60.1	60.25
60.1	60.26
60.1	60.27
60.1	60.28
60.1	60.29
60.4	60.30
60.1	60.31
60.1	60.32
60.6	60.33
60.1	60.34
60.1	60.35
60.2	60.36
60.4	60.37
60.1	60.38
60.9	60.39
60.6	60.40
60.1	60.41
60.6	60.42
60.1	60.43
60.1	60.44
60.4	60.45
60.1	60.46
60.1	60.47
60.1	60.48
60.6	60.49
60.1	60.50
60.1	60.51
60.1	60.52
60.8	60.53
60.1	60.54
60.1	60.55
60.1	60.56
60.1	60.57
60.3	60.58
60.5	60.59
60.1	60.60
60.8	60.61
60.7	60.62
60.8	60.63
60.1	60.64
61.6	61.1
61.12	61.2
61.18	61.3
61.6	61.4
61.5	61.5
61.15	61.6
61.13	61.7
61.13	61.8
61.12	61.9
61.15	61.10
61.17	61.11
61.5	61.12
61.6	61.13
61.12	61.14
61.6	61.15
61.1	61.16
61.8	61.17
61.17	61.18
61.1	61.19
61.5	61.20
61.10	61.21
61.12	61.22
61.17	61.23
61.3	61.24
61.5	61.25
61.12	61.26
61.6	61.27
61.8	61.28
61.4	61.29
61.9	61.30
61.13	61.31
61.1	61.32
61.17	61.33
61.14	61.34
61.9	61.35
61.1	61.36
61.6	61.37
61.12	61.38
61.1	61.39
61.13	61.40
61.13	61.41
61.17	61.42
61.2	61.43
61.7	61.44
61.1	61.45
61.5	61.46
61.14	61.47
61.16	61.48
61.14	61.49
61.12	61.50
61.5	61.51
61.1	61.52
61.12	61.53
61.13	61.54
61.17	61.55
61.14	61.56
61.6	61.57
61.6	61.58
61.6	61.59
61.14	61.60
61.1	61.61
61.13	61.62
61.6	61.63
61.11	61.64
62.1	62.1
62.1	62.2
62.1	62.3
62.1	62.4
62.1	62.5
62.1	62.6
62.8	62.7
62.9	62.8
62.9	62.9
62.1	62.10
62.1	62.11
62.1	62.12
62.8	62.13
62.9	62.14
62.1	62.15
62.7	62.16
62.1	62.17
62.1	62.18
62.9	62.19
62.1	62.20
62.9	62.21
62.1	62.22
62.2	62.23
62.7	62.24
62.7	62.25
62.9	62.26
62.1	62.27
62.9	62.28
62.1	62.29
62.1	62.30
62.5	62.31
62.7	62.32
62.9	62.33
62.9	62.34
62.7	62.35
62.3	62.36
62.1	62.37
62.7	62.38
62.1	62.39
62.9	62.40
62.1	62.41
62.9	62.42
62.4	62.43
62.1	62.44
62.1	62.45
62.1	62.46
62.1	62.47
62.4	62.48
62.7	62.49
62.1	62.50
62.1	62.51
62.9	62.52
62.6	62.53
62.9	62.54
62.1	62.55
62.7	62.56
62.1	62.57
62.7	62.58
62.7	62.59
62.1	62.60
62.1	62.61
62.9	62.62
62.1	62.63
62.9	62.64
63.1	63.1
63.1	63.2
63.1	63.3
63.1	63.4
63.1	63.5
63.1	63.6
63.1	63.7
63.1	63.8
63.1	63.9
63.1	63.10
63.1	63.11
63.1	63.12
63.1	63.13
63.1	63.14
63.1	63.15
63.1	63.16
63.1	63.17
63.1	63.18
63.1	63.19
63.1	63.20
63.1	63.21
63.1	63.22
63.1	63.23
63.1	63.24
63.1	63.25
63.1	63.26
63.1	63.27
63.1	63.28
63.1	63.29
63.1	63.30
63.1	63.31
63.1	63.32
63.1	63.33
63.1	63.34
63.1	63.35
63.1	63.36
63.1	63.37
63.1	63.38
63.1	63.39
63.1	63.40
63.1	63.41
63.1	63.42
63.3	63.43
63.1	63.44
63.1	63.45
63.1	63.46
63.1	63.47
63.1	63.48
63.1	63.49
63.1	63.50
63.2	63.51
63.1	63.52
63.1	63.53
63.1	63.54
63.1	63.55
63.1	63.56
63.1	63.57
63.1	63.58
63.1	63.59
63.1	63.60
63.1	63.61
63.1	63.62
63.1	63.63
63.1	63.64
64.6	64.1
64.6	64.2
64.1	64.3
64.6	64.4
64.6	64.5
64.4	64.6
64.1	64.7
64.1	64.8
64.1	64.9
64.6	64.10
64.3	64.11
64.1	64.12
64.6	64.13
64.1	64.14
64.1	64.15
64.1	64.16
64.1	64.17
64.1	64.18
64.1	64.19
64.1	64.20
64.1	64.21
64.1	64.22
64.1	64.23
64.1	64.24
64.6	64.25
64.6	64.26
64.1	64.27
64.6	64.28
64.2	64.29
64.1	64.30
64.1	64.31
64.1	64.32
64.1	64.33
64.1	64.34
64.6	64.35
64.6	64.36
64.1	64.37
64.1	64.38
64.5	64.39
64.1	64.40
64.1	64.41
64.1	64.42
64.1	64.43
64.1	64.44
64.1	64.45
64.1	64.46
64.5	64.47
64.1	64.48
64.1	64.49
64.1	64.50
64.5	64.51
64.1	64.52
64.1	64.53
64.1	64.54
64.1	64.55
64.1	64.56
64.1	64.57
64.1	64.58
64.1	64.59
64.1	64.60
64.6	64.61
64.1	64.62
64.1	64.63
64.5	64.64
65.4	65.1
65.1	65.2
65.5	65.3
65.1	65.4
65.1	65.5
65.4	65.6
65.1	65.7
65.1	65.8
65.1	65.9
65.1	65.10
65.1	65.11
65.4	65.12
65.1	65.13
65.1	65.14
65.5	65.15
65.1	65.16
65.1	65.17
65.1	65.18
65.1	65.19
65.1	65.20
65.1	65.21
65.1	65.22
65.1	65.23
65.1	65.24
65.1	65.25
65.1	65.26
65.1	65.27
65.4	65.28
65.2	65.29
65.4	65.30
65.1	65.31
65.1	65.32
65.4	65.33
65.1	65.34
65.1	65.35
65.1	65.36
65.4	65.37
65.1	65.38
65.1	65.39
65.1	65.40
65.1	65.41
65.1	65.42
65.4	65.43
65.1	65.44
65.1	65.45
65.4	65.46
65.1	65.47
65.1	65.48
65.1	65.49
65.1	65.50
65.4	65.51
65.1	65.52
65.4	65.53
65.1	65.54
65.1	65.55
65.3	65.56
65.1	65.57
65.1	65.58
65.1	65.59
65.1	65.60
65.1	65.61
65.1	65.62
65.4	65.63
65.1	65.64
66.1	66.1
66.8	66.2
66.1	66.3
66.1	66.4
66.8	66.5
66.8	66.6
66.12	66.7
66.10	66.8
66.8	66.9
66.1	66.10
66.8	66.11
66.1	66.12
66.3	66.13
66.8	66.14
66.8	66.15
66.1	66.16
66.12	66.17
66.1	66.18
66.11	66.19
66.8	66.20
66.1	66.21
66.6	66.22
66.12	66.23
66.7	66.24
66.1	66.25
66.1	66.26
66.1	66.27
66.1	66.28
66.6	66.29
66.8	66.30
66.12	66.31
66.8	66.32
66.12	66.33
66.12	66.34
66.12	66.35
66.9	66.36
66.7	66.37
66.12	66.38
66.8	66.39
66.1	66.40
66.8	66.41
66.8	66.42
66.8	66.43
66.12	66.44
66.5	66.45
66.8	66.46
66.8	66.47
66.8	66.48
66.6	66.49
66.12	66.50
66.7	66.51
66.12	66.52
66.6	66.53
66.5	66.54
66.8	66.55
66.7	66.56
66.8	66.57
66.6	66.58
66.12	66.59
66.4	66.60
66.7	66.61
66.1	66.62
66.2	66.63
66.8	66.64
67.11	67.1
67.13	67.2
67.12	67.3
67.13	67.4
67.10	67.5
67.5	67.6
67.5	67.7
67.5	67.8
67.1	67.9
67.5	67.10
67.9	67.11
67.13	67.12
67.13	67.13
67.6	67.14
67.5	67.15
67.10	67.16
67.11	67.17
67.13	67.18
67.13	67.19
67.10	67.20
67.13	67.21
67.10	67.22
67.4	67.23
67.8	67.24
67.1	67.25
67.11	67.26
67.13	67.27
67.11	67.28
67.11	67.29
67.5	67.30
67.2	67.31
67.12	67.32
67.14	67.33
67.5	67.34
67.5	67.35
67.12	67.36
67.13	67.37
67.11	67.38
67.5	67.39
67.7	67.40
67.13	67.41
67.13	67.42
67.1	67.43
67.12	67.44
67.3	67.45
67.13	67.46
67.5	67.47
67.13	67.48
67.10	67.49
67.7	67.50
67.5	67.51
67.9	67.52
67.9	67.53
67.5	67.54
67.13	67.55
67.5	67.56
67.13	67.57
67.13	67.58
67.1	67.59
67.7	67.60
67.14	67.61
67.7	67.62
67.7	67.63
67.1	67.64
68.4	68.1
68.4	68.2
68.1	68.3
68.4	68.4
68.4	68.5
68.8	68.6
68.4	68.7
68.1	68.8
68.6	68.9
68.6	68.10
68.4	68.11
68.5	68.12
68.6	68.13
68.4	68.14
68.4	68.15
68.1	68.16
68.6	68.17
68.6	68.18
68.6	68.19
68.6	68.20
68.4	68.21
68.8	68.22
68.4	68.23
68.6	68.24
68.4	68.25
68.4	68.26
68.6	68.27
68.7	68.28
68.8	68.29
68.1	68.30
68.4	68.31
68.4	68.32
68.1	68.33
68.4	68.34
68.4	68.35
68.5	68.36
68.3	68.37
68.4	68.38
68.4	68.39
68.4	68.40
68.4	68.41
68.6	68.42
68.1	68.43
68.6	68.44
68.1	68.45
68.1	68.46
68.8	68.47
68.6	68.48
68.4	68.49
68.4	68.50
68.2	68.51
68.4	68.52
68.4	68.53
68.6	68.54
68.4	68.55
68.6	68.56
68.8	68.57
68.1	68.58
68.4	68.59
68.4	68.60
68.4	68.61
68.6	68.62
68.4	68.63
68.6	68.64
69.1	69.1
69.1	69.2
69.1	69.3
69.1	69.4
69.1	69.5
69.5	69.6
69.1	69.7
69.4	69.8
69.1	69.9
69.1	69.10
69.1	69.11
69.1	69.12
69.1	69.13
69.1	69.14
69.2	69.15
69.1	69.16
69.1	69.17
69.1	69.18
69.1	69.19
69.1	69.20
69.4	69.21
69.1	69.22
69.1	69.23
69.5	69.24
69.5	69.25
69.1	69.26
69.1	69.27
69.1	69.28
69.1	69.29
69.5	69.30
69.1	69.31
69.1	69.32
69.1	69.33
69.1	69.34
69.1	69.35
69.5	69.36
69.5	69.37
69.1	69.38
69.1	69.39
69.1	69.40
69.1	69.41
69.1	69.42
69.5	69.43
69.1	69.44
69.4	69.45
69.1	69.46
69.1	69.47
69.1	69.48
69.1	69.49
69.1	69.50
69.1	69.51
69.1	69.52
69.1	69.53
69.1	69.54
69.1	69.55
69.1	69.56
69.1	69.57
69.1	69.58
69.1	69.59
69.3	69.60
69.1	69.61
69.1	69.62
69.1	69.63
69.1	69.64
70.1	70.1
70.1	70.2
70.1	70.3
70.1	70.4
70.1	70.5
70.9	70.6
70.6	70.7
70.1	70.8
70.1	70.9
70.1	70.10
70.1	70.11
70.1	70.12
70.8	70.13
70.8	70.14
70.1	70.15
70.8	70.16
70.1	70.17
70.1	70.18
70.1	70.19
70.1	70.20
70.1	70.21
70.1	70.22
70.1	70.23
70.1	70.24
70.5	70.25
70.5	70.26
70.1	70.27
70.1	70.28
70.1	70.29
70.1	70.30
70.1	70.31
70.4	70.32
70.2	70.33
70.3	70.34
70.1	70.35
70.1	70.36
70.1	70.37
70.1	70.38
70.1	70.39
70.1	70.40
70.8	70.41
70.1	70.42
70.5	70.43
70.8	70.44
70.5	70.45
70.1	70.46
70.1	70.47
70.1	70.48
70.1	70.49
70.1	70.50
70.1	70.51
70.1	70.52
70.5	70.53
70.1	70.54
70.1	70.55
70.7	70.56
70.8	70.57
70.1	70.58
70.1	70.59
70.1	70.60
70.1	70.61
70.1	70.62
70.8	70.63
70.1	70.64
71.4	71.1
71.1	71.2
71.10	71.3
71.10	71.4
71.1	71.5
71.1	71.6
71.10	71.7
71.1	71.8
71.10	71.9
71.10	71.10
71.1	71.11
71.1	71.12
71.1	71.13
71.10	71.14
71.1	71.15
71.1	71.16
71.10	71.17
71.10	71.18
71.1	71.19
71.1	71.20
71.1	71.21
71.7	71.22
71.10	71.23
71.1	71.24
71.5	71.25
71.4	71.26
71.8	71.27
71.1	71.28
71.1	71.29
71.1	71.30
71.10	71.31
71.1	71.32
71.9	71.33
71.5	71.34
71.1	71.35
71.2	71.36
71.10	71.37
71.1	71.38
71.10	71.39
71.8	71.40
71.5	71.41
71.8	71.42
71.10	71.43
71.3	71.44
71.5	71.45
71.1	71.46
71.1	71.47
71.10	71.48
71.8	71.49
71.8	71.50
71.10	71.51
71.8	71.52
71.5	71.53
71.10	71.54
71.10	71.55
71.1	71.56
71.8	71.57
71.4	71.58
71.8	71.59
71.6	71.60
71.10	71.61
71.10	71.62
71.1	71.63
71.10	71.64
72.1	72.1
72.1	72.2
72.1	72.3
72.1	72.4
72.1	72.5
72.1	72.6
72.1	72.7
72.1	72.8
72.1	72.9
72.1	72.10
72.1	72.11
72.2	72.12
72.1	72.13
72.1	72.14
72.1	72.15
72.1	72.16
72.1	72.17
72.1	72.18
72.1	72.19
72.1	72.20
72.1	72.21
72.1	72.22
72.1	72.23
72.1	72.24
72.1	72.25
72.1	72.26
72.1	72.27
72.1	72.28
72.1	72.29
72.1	72.30
72.1	72.31
72.1	72.32
72.1	72.33
72.1	72.34
72.1	72.35
72.1	72.36
72.1	72.37
72.1	72.38
72.1	72.39
72.1	72.40
72.1	72.41
72.1	72.42
72.1	72.43
72.1	72.44
72.1	72.45
72.1	72.46
72.1	72.47
72.1	72.48
72.1	72.49
72.1	72.50
72.1	72.51
72.1	72.52
72.1	72.53
72.1	72.54
72.1	72.55
72.1	72.56
72.1	72.57
72.1	72.58
72.1	72.59
72.1	72.60
72.1	72.61
72.1	72.62
72.1	72.63
72.1	72.64
73.9	73.1
73.5	73.2
73.1	73.3
73.5	73.4
73.2	73.5
73.8	73.6
73.5	73.7
73.8	73.8
73.9	73.9
73.8	73.10
73.5	73.11
73.5	73.12
73.9	73.13
73.5	73.14
73.5	73.15
73.9	73.16
73.5	73.17
73.8	73.18
73.5	73.19
73.1	73.20
73.1	73.21
73.5	73.22
73.5	73.23
73.7	73.24
73.1	73.25
73.5	73.26
73.9	73.27
73.3	73.28
73.6	73.29
73.8	73.30
73.1	73.31
73.9	73.32
73.9	73.33
73.5	73.34
73.7	73.35
73.9	73.36
73.9	73.37
73.8	73.38
73.7	73.39
73.5	73.40
73.5	73.41
73.5	73.42
73.5	73.43
73.1	73.44
73.8	73.45
73.9	73.46
73.5	73.47
73.7	73.48
73.9	73.49
73.5	73.50
73.8	73.51
73.8	73.52
73.8	73.53
73.6	73.54
73.1	73.55
73.6	73.56
73.9	73.57
73.9	73.58
73.9	73.59
73.9	73.60
73.7	73.61
73.8	73.62
73.4	73.63
73.5	73.64
74.6	74.1
74.6	74.2
74.6	74.3
74.9	74.4
74.6	74.5
74.9	74.6
74.9	74.7
74.1	74.8
74.6	74.9
74.6	74.10
74.6	74.11
74.6	74.12
74.6	74.13
74.6	74.14
74.6	74.15
74.9	74.16
74.6	74.17
74.6	74.18
74.6	74.19
74.6	74.20
74.9	74.21
74.9	74.22
74.6	74.23
74.6	74.24
74.9	74.25
74.9	74.26
74.1	74.27
74.6	74.28
74.6	74.29
74.6	74.30
74.6	74.31
74.9	74.32
74.6	74.33
74.6	74.34
74.9	74.35
74.6	74.36
74.1	74.37
74.9	74.38
74.6	74.39
74.6	74.40
74.10	74.41
74.6	74.42
74.6	74.43
74.6	74.44
74.6	74.45
74.5	74.46
74.9	74.47
74.6	74.48
74.7	74.49
74.3	74.50
74.4	74.51
74.9	74.52
74.6	74.53
74.6	74.54
74.5	74.55
74.1	74.56
74.6	74.57
74.6	74.58
74.9	74.59
74.2	74.60
74.6	74.61
74.1	74.62
74.9	74.63
74.8	74.64
75.9	75.1
75.14	75.2
75.14	75.3
75.15	75.4
75.15	75.5
75.9	75.6
75.10	75.7
75.15	75.8
75.15	75.9
75.15	75.10
75.15	75.11
75.9	75.12
75.9	75.13
75.15	75.14
75.9	75.15
75.10	75.16
75.6	75.17
75.15	75.18
75.14	75.19
75.2	75.20
75.1	75.21
75.15	75.22
75.15	75.23
75.3	75.24
75.5	75.25
75.1	75.26
75.1	75.27
75.9	75.28
75.5	75.29
75.10	75.30
75.14	75.31
75.9	75.32
75.9	75.33
75.14	75.34
75.15	75.35
75.9	75.36
75.15	75.37
75.14	75.38
75.12	75.39
75.15	75.40
75.14	75.41
75.15	75.42
75.15	75.43
75.13	75.44
75.11	75.45
75.4	75.46
75.6	75.47
75.14	75.48
75.15	75.49
75.1	75.50
75.10	75.51
75.6	75.52
75.15	75.53
75.14	75.54
75.15	75.55
75.8	75.56
75.7	75.57
75.15	75.58
75.1	75.59
75.1	75.60
75.6	75.61
75.10	75.62
75.13	75.63
75.14	75.64
76.1	76.1
76.1	76.2
76.1	76.3
76.1	76.4
76.1	76.5
76.1	76.6
76.1	76.7
76.1	76.8
76.1	76.9
76.1	76.10
76.1	76.11
76.1	76.12
76.1	76.13
76.1	76.14
76.1	76.15
76.1	76.16
76.1	76.17
76.1	76.18
76.1	76.19
76.1	76.20
76.3	76.21
76.1	76.22
76.1	76.23
76.1	76.24
76.1	76.25
76.1	76.26
76.1	76.27
76.1	76.28
76.1	76.29
76.1	76.30
76.1	76.31
76.1	76.32
76.1	76.33
76.1	76.34
76.1	76.35
76.1	76.36
76.1	76.37
76.1	76.38
76.1	76.39
76.1	76.40
76.1	76.41
76.1	76.42
76.1	76.43
76.1	76.44
76.1	76.45
76.1	76.46
76.1	76.47
76.1	76.48
76.1	76.49
76.1	76.50
76.1	76.51
76.1	76.52
76.1	76.53
76.1	76.54
76.2	76.55
76.1	76.56
76.1	76.57
76.1	76.58
76.1	76.59
76.1	76.60
76.1	76.61
76.4	76.62
76.1	76.63
76.1	76.64
77.11	77.1
77.7	77.2
77.1	77.3
77.11	77.4
77.1	77.5
77.1	77.6
77.1	77.7
77.1	77.8
77.1	77.9
77.10	77.10
77.11	77.11
77.10	77.12
77.1	77.13
77.1	77.14
77.1	77.15
77.11	77.16
77.3	77.17
77.11	77.18
77.1	77.19
77.5	77.20
77.11	77.21
77.1	77.22
77.11	77.23
77.1	77.24
77.1	77.25
77.11	77.26
77.7	77.27
77.11	77.28
77.4	77.29
77.10	77.30
77.1	77.31
77.1	77.32
77.10	77.33
77.6	77.34
77.7	77.35
77.1	77.36
77.1	77.37
77.11	77.38
77.5	77.39
77.5	77.40
77.7	77.41
77.1	77.42
77.1	77.43
77.1	77.44
77.12	77.45
77.7	77.46
77.7	77.47
77.9	77.48
77.1	77.49
77.1	77.50
77.11	77.51
77.7	77.52
77.8	77.53
77.2	77.54
77.11	77.55
77.1	77.56
77.7	77.57
77.1	77.58
77.11	77.59
77.1	77.60
77.11	77.61
77.1	77.62
77.1	77.63
77.11	77.64
78.13	78.1
78.14	78.2
78.11	78.3
78.1	78.4
78.11	78.5
78.6	78.6
78.11	78.7
78.2	78.8
78.1	78.9
78.11	78.10
78.11	78.11
78.15	78.12
78.9	78.13
78.1	78.14
78.1	78.15
78.11	78.16
78.11	78.17
78.7	78.18
78.11	78.19
78.13	78.20
78.12	78.21
78.1	78.22
78.1	78.23
78.11	78.24
78.15	78.25
78.12	78.26
78.11	78.27
78.11	78.28
78.1	78.29
78.11	78.30
78.11	78.31
78.11	78.32
78.1	78.33
78.11	78.34
78.11	78.35
78.11	78.36
78.4	78.37
78.1	78.38
78.11	78.39
78.8	78.40
78.1	78.41
78.11	78.42
78.5	78.43
78.11	78.44
78.11	78.45
78.11	78.46
78.3	78.47
78.11	78.48
78.11	78.49
78.8	78.50
78.9	78.51
78.11	78.52
78.6	78.53
78.15	78.54
78.1	78.55
78.9	78.56
78.11	78.57
78.11	78.58
78.15	78.59
78.10	78.60
78.11	78.61
78.15	78.62
78.1	78.63
78.11	78.64
79.1	79.1
79.1	79.2
79.1	79.3
79.8	79.4
79.8	79.5
79.8	79.6
79.8	79.7
79.8	79.8
79.8	79.9
79.8	79.10
79.8	79.11
79.1	79.12
79.8	79.13
79.4	79.14
79.8	79.15
79.8	79.16
79.1	79.17
79.8	79.18
79.8	79.19
79.8	79.20
79.1	79.21
79.8	79.22
79.8	79.23
79.8	79.24
79.8	79.25
79.1	79.26
79.8	79.27
79.1	79.28
79.8	79.29
79.8	79.30
79.8	79.31
79.8	79.32
79.7	79.33
79.7	79.34
79.1	79.35
79.5	79.36
79.1	79.37
79.2	79.38
79.1	79.39
79.8	79.40
79.8	79.41
79.7	79.42
79.1	79.43
79.6	79.44
79.6	79.45
79.8	79.46
79.8	79.47
79.8	79.48
79.6	79.49
79.3	79.50
79.8	79.51
79.8	79.52
79.8	79.53
79.8	79.54
79.8	79.55
79.8	79.56
79.7	79.57
79.6	79.58
79.8	79.59
79.8	79.60
79.8	79.61
79.8	79.62
79.8	79.63
79.1	79.64
80.15	80.1
80.6	80.2
80.11	80.3
80.15	80.4
80.15	80.5
80.14	80.6
80.15	80.7
80.2	80.8
80.10	80.9
80.10	80.10
80.12	80.11
80.6	80.12
80.6	80.13
80.10	80.14
80.7	80.15
80.6	80.16
80.6	80.17
80.12	80.18
80.6	80.19
80.6	80.20
80.13	80.21
80.10	80.22
80.15	80.23
80.11	80.24
80.14	80.25
80.14	80.26
80.15	80.27
80.10	80.28
80.6	80.29
80.15	80.30
80.12	80.31
80.9	80.32
80.15	80.33
80.10	80.34
80.15	80.35
80.6	80.36
80.6	80.37
80.14	80.38
80.6	80.39
80.15	80.40
80.14	80.41
80.6	80.42
80.15	80.43
80.5	80.44
80.14	80.45
80.1	80.46
80.11	80.47
80.6	80.48
80.14	80.49
80.8	80.50
80.6	80.51
80.10	80.52
80.6	80.53
80.4	80.54
80.6	80.55
80.15	80.56
80.15	80.57
80.6	80.58
80.12	80.59
80.15	80.60
80.1	80.61
80.3	80.62
80.6	80.63
80.6	80.64
81.8	81.1
81.1	81.2
81.1	81.3
81.8	81.4
81.1	81.5
81.7	81.6
81.1	81.7
81.1	81.8
81.1	81.9
81.1	81.10
81.1	81.11
81.8	81.12
81.8	81.13
81.1	81.14
81.8	81.15
81.1	81.16
81.8	81.17
81.1	81.18
81.5	81.19
81.7	81.20
81.8	81.21
81.8	81.22
81.1	81.23
81.1	81.24
81.8	81.25
81.8	81.26
81.6	81.27
81.6	81.28
81.8	81.29
81.6	81.30
81.1	81.31
81.8	81.32
81.8	81.33
81.7	81.34
81.1	81.35
81.8	81.36
81.1	81.37
81.8	81.38
81.7	81.39
81.4	81.40
81.5	81.41
81.1	81.42
81.1	81.43
81.1	81.44
81.1	81.45
81.8	81.46
81.7	81.47
81.1	81.48
81.8	81.49
81.1	81.50
81.7	81.51
81.1	81.52
81.3	81.53
81.8	81.54
81.1	81.55
81.8	81.56
81.1	81.57
81.1	81.58
81.6	81.59
81.1	81.60
81.7	81.61
81.2	81.62
81.1	81.63
81.3	81.64
82.1	82.1
82.1	82.2
82.1	82.3
82.1	82.4
82.1	82.5
82.1	82.6
82.1	82.7
82.1	82.8
82.1	82.9
82.1	82.10
82.1	82.11
82.1	82.12
82.1	82.13
82.1	82.14
82.1	82.15
82.1	82.16
82.1	82.17
82.1	82.18
82.1	82.19
82.1	82.20
82.1	82.21
82.1	82.22
82.2	82.23
82.1	82.24
82.1	82.25
82.1	82.26
82.1	82.27
82.1	82.28
82.1	82.29
82.1	82.30
82.1	82.31
82.1	82.32
82.1	82.33
82.1	82.34
82.1	82.35
82.1	82.36
82.1	82.37
82.1	82.38
82.1	82.39
82.1	82.40
82.1	82.41
82.1	82.42
82.1	82.43
82.1	82.44
82.1	82.45
82.1	82.46
82.1	82.47
82.1	82.48
82.1	82.49
82.1	82.50
82.1	82.51
82.1	82.52
82.1	82.53
82.1	82.54
82.1	82.55
82.1	82.56
82.4	82.57
82.1	82.58
82.1	82.59
82.1	82.60
82.1	82.61
82.3	82.62
82.1	82.63
82.1	82.64
83.1	83.1
83.1	83.2
83.1	83.3
83.1	83.4
83.1	83.5
83.1	83.6
83.1	83.7
83.1	83.8
83.1	83.9
83.1	83.10
83.1	83.11
83.1	83.12
83.1	83.13
83.1	83.14
83.1	83.15
83.1	83.16
83.1	83.17
83.1	83.18
83.1	83.19
83.1	83.20
83.1	83.21
83.1	83.22
83.1	83.23
83.1	83.24
83.1	83.25
83.1	83.26
83.1	83.27
83.1	83.28
83.1	83.29
83.1	83.30
83.1	83.31
83.2	83.32
83.1	83.33
83.1	83.34
83.1	83.35
83.1	83.36
83.1	83.37
83.1	83.38
83.3	83.39
83.1	83.40
83.1	83.41
83.1	83.42
83.1	83.43
83.1	83.44
83.1	83.45
83.1	83.46
83.1	83.47
83.1	83.48
83.1	83.49
83.1	83.50
83.1	83.51
83.1	83.52
83.1	83.53
83.1	83.54
83.1	83.55
83.1	83.56
83.1	83.57
83.1	83.58
83.1	83.59
83.1	83.60
83.1	83.61
83.1	83.62
83.1	83.63
83.1	83.64
84.10	84.1
84.1	84.2
84.10	84.3
84.17	84.4
84.9	84.5
84.11	84.6
84.18	84.7
84.15	84.8
84.13	84.9
84.13	84.10
84.14	84.11
84.12	84.12
84.17	84.13
84.5	84.14
84.14	84.15
84.10	84.16
84.17	84.17
84.3	84.18
84.9	84.19
84.10	84.20
84.9	84.21
84.5	84.22
84.19	84.23
84.10	84.24
84.11	84.25
84.14	84.26
84.17	84.27
84.9	84.28
84.11	84.29
84.17	84.30
84.17	84.31
84.16	84.32
84.18	84.33
84.11	84.34
84.11	84.35
84.5	84.36
84.9	84.37
84.10	84.38
84.19	84.39
84.11	84.40
84.19	84.41
84.16	84.42
84.4	84.43
84.5	84.44
84.7	84.45
84.9	84.46
84.17	84.47
84.9	84.48
84.9	84.49
84.16	84.50
84.6	84.51
84.11	84.52
84.9	84.53
84.2	84.54
84.11	84.55
84.9	84.56
84.16	84.57
84.17	84.58
84.9	84.59
84.18	84.60
84.11	84.61
84.17	84.62
84.8	84.63
84.11	84.64
85.4	85.1
85.4	85.2
85.4	85.3
85.4	85.4
85.4	85.5
85.4	85.6
85.4	85.7
85.4	85.8
85.4	85.9
85.4	85.10
85.4	85.11
85.2	85.12
85.3	85.13
85.1	85.14
85.1	85.15
85.4	85.16
85.4	85.17
85.4	85.18
85.1	85.19
85.4	85.20
85.4	85.21
85.1	85.22
85.4	85.23
85.4	85.24
85.1	85.25
85.4	85.26
85.4	85.27
85.4	85.28
85.5	85.29
85.4	85.30
85.1	85.31
85.4	85.32
85.4	85.33
85.4	85.34
85.4	85.35
85.4	85.36
85.4	85.37
85.4	85.38
85.4	85.39
85.1	85.40
85.4	85.41
85.6	85.42
85.4	85.43
85.4	85.44
85.1	85.45
85.4	85.46
85.4	85.47
85.4	85.48
85.4	85.49
85.4	85.50
85.4	85.51
85.4	85.52
85.4	85.53
85.4	85.54
85.4	85.55
85.4	85.56
85.4	85.57
85.6	85.58
85.1	85.59
85.4	85.60
85.4	85.61
85.4	85.62
85.6	85.63
85.4	85.64
86.6	86.1
86.5	86.2
86.5	86.3
86.5	86.4
86.5	86.5
86.5	86.6
86.4	86.7
86.5	86.8
86.7	86.9
86.1	86.10
86.6	86.11
86.7	86.12
86.5	86.13
86.4	86.14
86.8	86.15
86.4	86.16
86.4	86.17
86.5	86.18
86.4	86.19
86.4	86.20
86.5	86.21
86.4	86.22
86.7	86.23
86.5	86.24
86.4	86.25
86.5	86.26
86.1	86.27
86.4	86.28
86.5	86.29
86.1	86.30
86.7	86.31
86.5	86.32
86.4	86.33
86.4	86.34
86.2	86.35
86.7	86.36
86.4	86.37
86.4	86.38
86.5	86.39
86.7	86.40
86.4	86.41
86.7	86.42
86.1	86.43
86.7	86.44
86.5	86.45
86.5	86.46
86.7	86.47
86.6	86.48
86.7	86.49
86.3	86.50
86.5	86.51
86.5	86.52
86.7	86.53
86.7	86.54
86.7	86.55
86.4	86.56
86.7	86.57
86.4	86.58
86.7	86.59
86.7	86.60
86.7	86.61
86.5	86.62
86.5	86.63
86.5	86.64
87.13	87.1
87.13	87.2
87.13	87.3
87.10	87.4
87.6	87.5
87.1	87.6
87.10	87.7
87.13	87.8
87.11	87.9
87.10	87.10
87.11	87.11
87.10	87.12
87.13	87.13
87.9	87.14
87.13	87.15
87.1	87.16
87.1	87.17
87.1	87.18
87.11	87.19
87.13	87.20
87.1	87.21
87.1	87.22
87.13	87.23
87.1	87.24
87.6	87.25
87.4	87.26
87.13	87.27
87.1	87.28
87.3	87.29
87.11	87.30
87.6	87.31
87.1	87.32
87.8	87.33
87.1	87.34
87.2	87.35
87.1	87.36
87.12	87.37
87.11	87.38
87.12	87.39
87.1	87.40
87.10	87.41
87.13	87.42
87.6	87.43
87.5	87.44
87.11	87.45
87.9	87.46
87.5	87.47
87.1	87.48
87.6	87.49
87.7	87.50
87.5	87.51
87.6	87.52
87.10	87.53
87.11	87.54
87.1	87.55
87.13	87.56
87.11	87.57
87.6	87.58
87.13	87.59
87.12	87.60
87.9	87.61
87.7	87.62
87.13	87.63
87.11	87.64
88.1	88.1
88.1	88.2
88.1	88.3
88.1	88.4
88.1	88.5
88.1	88.6
88.1	88.7
88.1	88.8
88.1	88.9
88.5	88.10
88.1	88.11
88.5	88.12
88.1	88.13
88.5	88.14
88.1	88.15
88.1	88.16
88.1	88.17
88.1	88.18
88.5	88.19
88.5	88.20
88.1	88.21
88.5	88.22
88.1	88.23
88.1	88.24
88.1	88.25
88.1	88.26
88.1	88.27
88.1	88.28
88.6	88.29
88.1	88.30
88.7	88.31
88.4	88.32
88.1	88.33
88.1	88.34
88.5	88.35
88.1	88.36
88.1	88.37
88.1	88.38
88.1	88.39
88.1	88.40
88.1	88.41
88.1	88.42
88.5	88.43
88.3	88.44
88.1	88.45
88.1	88.46
88.1	88.47
88.2	88.48
88.1	88.49
88.1	88.50
88.1	88.51
88.1	88.52
88.1	88.53
88.1	88.54
88.1	88.55
88.1	88.56
88.1	88.57
88.1	88.58
88.1	88.59
88.5	88.60
88.1	88.61
88.1	88.62
88.1	88.63
88.1	88.64
89.4	89.1
89.6	89.2
89.4	89.3
89.6	89.4
89.6	89.5
89.4	89.6
89.6	89.7
89.6	89.8
89.1	89.9
89.1	89.10
89.6	89.11
89.6	89.12
89.6	89.13
89.6	89.14
89.6	89.15
89.6	89.16
89.6	89.17
89.4	89.18
89.6	89.19
89.6	89.20
89.5	89.21
89.4	89.22
89.2	89.23
89.6	89.24
89.6	89.25
89.6	89.26
89.1	89.27
89.4	89.28
89.6	89.29
89.6	89.30
89.1	89.31
89.6	89.32
89.4	89.33
89.3	89.34
89.6	89.35
89.6	89.36
89.7	89.37
89.6	89.38
89.6	89.39
89.6	89.40
89.4	89.41
89.6	89.42
89.1	89.43
89.6	89.44
89.1	89.45
89.6	89.46
89.6	89.47
89.6	89.48
89.6	89.49
89.6	89.50
89.1	89.51
89.6	89.52
89.8	89.53
89.6	89.54
89.6	89.55
89.6	89.56
89.6	89.57
89.1	89.58
89.1	89.59
89.6	89.60
89.6	89.61
89.1	89.62
89.4	89.63
89.6	89.64
90.1	90.1
90.1	90.2
90.1	90.3
90.1	90.4
90.1	90.5
90.1	90.6
90.1	90.7
90.1	90.8
90.1	90.9
90.1	90.10
90.1	90.11
90.1	90.12
90.1	90.13
90.1	90.14
90.1	90.15
90.1	90.16
90.1	90.17
90.1	90.18
90.1	90.19
90.1	90.20
90.1	90.21
90.1	90.22
90.1	90.23
90.1	90.24
90.3	90.25
90.1	90.26
90.1	90.27
90.1	90.28
90.1	90.29
90.1	90.30
90.1	90.31
90.1	90.32
90.1	90.33
90.3	90.34
90.1	90.35
90.1	90.36
90.1	90.37
90.4	90.38
90.1	90.39
90.1	90.40
90.1	90.41
90.1	90.42
90.1	90.43
90.1	90.44
90.1	90.45
90.1	90.46
90.1	90.47
90.1	90.48
90.1	90.49
90.1	90.50
90.1	90.51
90.1	90.52
90.1	90.53
90.1	90.54
90.1	90.55
90.1	90.56
90.1	90.57
90.1	90.58
90.1	90.59
90.1	90.60
90.1	90.61
90.1	90.62
90.1	90.63
90.2	90.64
91.1	91.1
91.1	91.2
91.8	91.3
91.8	91.4
91.1	91.5
91.1	91.6
91.1	91.7
91.1	91.8
91.1	91.9
91.1	91.10
91.1	91.11
91.1	91.12
91.8	91.13
91.1	91.14
91.1	91.15
91.1	91.16
91.1	91.17
91.1	91.18
91.8	91.19
91.1	91.20
91.7	91.21
91.1	91.22
91.6	91.23
91.1	91.24
91.1	91.25
91.1	91.26
91.1	91.27
91.1	91.28
91.4	91.29
91.1	91.30
91.1	91.31
91.1	91.32
91.1	91.33
91.1	91.34
91.1	91.35
91.1	91.36
91.1	91.37
91.1	91.38
91.3	91.39
91.1	91.40
91.1	91.41
91.2	91.42
91.1	91.43
91.8	91.44
91.1	91.45
91.6	91.46
91.8	91.47
91.1	91.48
91.1	91.49
91.6	91.50
91.1	91.51
91.1	91.52
91.8	91.53
91.6	91.54
91.8	91.55
91.1	91.56
91.5	91.57
91.1	91.58
91.1	91.59
91.6	91.60
91.1	91.61
91.1	91.62
91.1	91.63
91.1	91.64
92.1	92.1
92.1	92.2
92.4	92.3
92.1	92.4
92.1	92.5
92.1	92.6
92.4	92.7
92.1	92.8
92.4	92.9
92.4	92.10
92.1	92.11
92.1	92.12
92.1	92.13
92.5	92.14
92.1	92.15
92.1	92.16
92.1	92.17
92.1	92.18
92.1	92.19
92.1	92.20
92.1	92.21
92.1	92.22
92.3	92.23
92.1	92.24
92.4	92.25
92.1	92.26
92.1	92.27
92.4	92.28
92.1	92.29
92.1	92.30
92.4	92.31
92.1	92.32
92.1	92.33
92.4	92.34
92.1	92.35
92.5	92.36
92.1	92.37
92.4	92.38
92.4	92.39
92.1	92.40
92.1	92.41
92.4	92.42
92.1	92.43
92.4	92.44
92.1	92.45
92.1	92.46
92.1	92.47
92.1	92.48
92.1	92.49
92.1	92.50
92.2	92.51
92.1	92.52
92.1	92.53
92.4	92.54
92.1	92.55
92.4	92.56
92.4	92.57
92.1	92.58
92.1	92.59
92.1	92.60
92.1	92.61
92.1	92.62
92.1	92.63
92.1	92.64
93.1	93.1
93.1	93.2
93.1	93.3
93.1	93.4
93.1	93.5
93.1	93.6
93.1	93.7
93.1	93.8
93.1	93.9
93.1	93.10
93.1	93.11
93.1	93.12
93.1	93.13
93.4	93.14
93.1	93.15
93.6	93.16
93.1	93.17
93.1	93.18
93.1	93.19
93.1	93.20
93.1	93.21
93.1	93.22
93.1	93.23
93.1	93.24
93.2	93.25
93.1	93.26
93.1	93.27
93.1	93.28
93.1	93.29
93.1	93.30
93.1	93.31
93.1	93.32
93.3	93.33
93.1	93.34
93.1	93.35
93.1	93.36
93.6	93.37
93.1	93.38
93.1	93.39
93.1	93.40
93.1	93.41
93.1	93.42
93.1	93.43
93.6	93.44
93.6	93.45
93.1	93.46
93.1	93.47
93.1	93.48
93.1	93.49
93.1	93.50
93.1	93.51
93.1	93.52
93.1	93.53
93.1	93.54
93.6	93.55
93.1	93.56
93.1	93.57
93.3	93.58
93.5	93.59
93.1	93.60
93.1	93.61
93.1	93.62
93.6	93.63
93.1	93.64
94.1	94.1
94.1	94.2
94.1	94.3
94.1	94.4
94.1	94.5
94.1	94.6
94.1	94.7
94.1	94.8
94.1	94.9
94.1	94.10
94.1	94.11
94.1	94.12
94.1	94.13
94.1	94.14
94.1	94.15
94.1	94.16
94.1	94.17
94.1	94.18
94.1	94.19
94.1	94.20
94.1	94.21
94.1	94.22
94.1	94.23
94.1	94.24
94.1	94.25
94.1	94.26
94.1	94.27
94.1	94.28
94.1	94.29
94.1	94.30
94.1	94.31
94.1	94.32
94.1	94.33
94.1	94.34
94.1	94.35
94.2	94.36
94.1	94.37
94.2	94.38
94.1	94.39
94.1	94.40
94.1	94.41
94.1	94.42
94.2	94.43
94.1	94.44
94.1	94.45
94.1	94.46
94.1	94.47
94.1	94.48
94.1	94.49
94.1	94.50
94.1	94.51
94.1	94.52
94.1	94.53
94.1	94.54
94.1	94.55
94.1	94.56
94.1	94.57
94.1	94.58
94.1	94.59
94.1	94.60
94.1	94.61
94.1	94.62
94.1	94.63
94.1	94.64
95.6	95.1
95.7	95.2
95.9	95.3
95.5	95.4
95.7	95.5
95.2	95.6
95.9	95.7
95.1	95.8
95.3	95.9
95.9	95.10
95.9	95.11
95.6	95.12
95.8	95.13
95.9	95.14
95.8	95.15
95.7	95.16
95.9	95.17
95.6	95.18
95.6	95.19
95.9	95.20
95.6	95.21
95.6	95.22
95.6	95.23
95.6	95.24
95.6	95.25
95.1	95.26
95.9	95.27
95.6	95.28
95.9	95.29
95.9	95.30
95.6	95.31
95.6	95.32
95.6	95.33
95.6	95.34
95.6	95.35
95.8	95.36
95.6	95.37
95.7	95.38
95.1	95.39
95.1	95.40
95.7	95.41
95.6	95.42
95.6	95.43
95.6	95.44
95.9	95.45
95.6	95.46
95.6	95.47
95.7	95.48
95.9	95.49
95.6	95.50
95.6	95.51
95.6	95.52
95.6	95.53
95.6	95.54
95.1	95.55
95.5	95.56
95.6	95.57
95.7	95.58
95.9	95.59
95.6	95.60
95.6	95.61
95.9	95.62
95.4	95.63
95.9	95.64
96.1	96.1
96.6	96.2
96.8	96.3
96.8	96.4
96.1	96.5
96.1	96.6
96.1	96.7
96.1	96.8
96.8	96.9
96.1	96.10
96.8	96.11
96.1	96.12
96.5	96.13
96.1	96.14
96.3	96.15
96.1	96.16
96.1	96.17
96.1	96.18
96.1	96.19
96.8	96.20
96.6	96.21
96.8	96.22
96.1	96.23
96.1	96.24
96.1	96.25
96.1	96.26
96.6	96.27
96.8	96.28
96.1	96.29
96.1	96.30
96.1	96.31
96.8	96.32
96.8	96.33
96.1	96.34
96.1	96.35
96.1	96.36
96.7	96.37
96.1	96.38
96.8	96.39
96.8	96.40
96.1	96.41
96.6	96.42
96.1	96.43
96.1	96.44
96.1	96.45
96.1	96.46
96.1	96.47
96.1	96.48
96.1	96.49
96.1	96.50
96.8	96.51
96.1	96.52
96.6	96.53
96.2	96.54
96.1	96.55
96.1	96.56
96.1	96.57
96.4	96.58
96.8	96.59
96.9	96.60
96.1	96.61
96.1	96.62
96.6	96.63
96.6	96.64
97.13	97.1
97.13	97.2
97.5	97.3
97.13	97.4
97.9	97.5
97.6	97.6
97.3	97.7
97.9	97.8
97.1	97.9
97.9	97.10
97.9	97.11
97.13	97.12
97.9	97.13
97.5	97.14
97.9	97.15
97.9	97.16
97.9	97.17
97.13	97.18
97.4	97.19
97.9	97.20
97.9	97.21
97.1	97.22
97.1	97.23
97.9	97.24
97.8	97.25
97.8	97.26
97.9	97.27
97.14	97.28
97.1	97.29
97.6	97.30
97.14	97.31
97.1	97.32
97.9	97.33
97.1	97.34
97.10	97.35
97.13	97.36
97.9	97.37
97.1	97.38
97.9	97.39
97.1	97.40
97.2	97.41
97.9	97.42
97.3	97.43
97.1	97.44
97.1	97.45
97.7	97.46
97.10	97.47
97.14	97.48
97.14	97.49
97.13	97.50
97.10	97.51
97.12	97.52
97.5	97.53
97.9	97.54
97.14	97.55
97.5	97.56
97.9	97.57
97.11	97.58
97.14	97.59
97.9	97.60
97.1	97.61
97.13	97.62
97.13	97.63
97.9	97.64
98.1	98.1
98.1	98.2
98.1	98.3
98.1	98.4
98.1	98.5
98.1	98.6
98.1	98.7
98.1	98.8
98.1	98.9
98.1	98.10
98.1	98.11
98.1	98.12
98.1	98.13
98.1	98.14
98.4	98.15
98.1	98.16
98.1	98.17
98.1	98.18
98.1	98.19
98.7	98.20
98.1	98.21
98.1	98.22
98.1	98.23
98.1	98.24
98.1	98.25
98.1	98.26
98.1	98.27
98.7	98.28
98.1	98.29
98.1	98.30
98.1	98.31
98.1	98.32
98.1	98.33
98.1	98.34
98.1	98.35
98.1	98.36
98.7	98.37
98.1	98.38
98.7	98.39
98.1	98.40
98.1	98.41
98.6	98.42
98.1	98.43
98.1	98.44
98.1	98.45
98.1	98.46
98.1	98.47
98.1	98.48
98.1	98.49
98.1	98.50
98.1	98.51
98.1	98.52
98.1	98.53
98.2	98.54
98.1	98.55
98.1	98.56
98.1	98.57
98.5	98.58
98.1	98.59
98.1	98.60
98.3	98.61
98.1	98.62
98.1	98.63
98.1	98.64
99.7	99.1
99.1	99.2
99.6	99.3
99.5	99.4
99.1	99.5
99.1	99.6
99.7	99.7
99.1	99.8
99.7	99.9
99.1	99.10
99.1	99.11
99.1	99.12
99.6	99.13
99.1	99.14
99.5	99.15
99.1	99.16
99.3	99.17
99.1	99.18
99.1	99.19
99.1	99.20
99.7	99.21
99.7	99.22
99.7	99.23
99.2	99.24
99.1	99.25
99.5	99.26
99.5	99.27
99.7	99.28
99.1	99.29
99.7	99.30
99.1	99.31
99.7	99.32
99.1	99.33
99.7	99.34
99.3	99.35
99.1	99.36
99.6	99.37
99.7	99.38
99.7	99.39
99.1	99.40
99.1	99.41
99.1	99.42
99.1	99.43
99.1	99.44
99.1	99.45
99.4	99.46
99.6	99.47
99.7	99.48
99.1	99.49
99.1	99.50
99.1	99.51
99.6	99.52
99.1	99.53
99.1	99.54
99.1	99.55
99.7	99.56
99.1	99.57
99.6	99.58
99.1	99.59
99.1	99.60
99.7	99.61
99.1	99.62
99.6	99.63
99.1	99.64
100.1	100.1
100.6	100.2
100.6	100.3
100.10	100.4
100.1	100.5
100.6	100.6
100.6	100.7
100.6	100.8
100.6	100.9
100.8	100.10
100.6	100.11
100.1	100.12
100.6	100.13
100.6	100.14
100.6	100.15
100.6	100.16
100.1	100.17
100.8	100.18
100.6	100.19
100.6	100.20
100.6	100.21
100.6	100.22
100.11	100.23
100.6	100.24
100.6	100.25
100.6	100.26
100.1	100.27
100.1	100.28
100.6	100.29
100.6	100.30
100.3	100.31
100.6	100.32
100.6	100.33
100.9	100.34
100.9	100.35
100.6	100.36
100.6	100.37
100.6	100.38
100.6	100.39
100.6	100.40
100.6	100.41
100.6	100.42
100.6	100.43
100.6	100.44
100.6	100.45
100.1	100.46
100.6	100.47
100.6	100.48
100.6	100.49
100.6	100.50
100.8	100.51
100.6	100.52
100.5	100.53
100.8	100.54
100.2	100.55
100.1	100.56
100.7	100.57
100.6	100.58
100.4	100.59
100.1	100.60
100.1	100.61
100.6	100.62
100.6	100.63
100.6	100.64