subTopicID	resultID
1.6	1.1
1.1	1.2
1.1	1.3
1.1	1.4
1.8	1.5
1.1	1.6
1.1	1.7
1.1	1.8
1.1	1.9
1.1	1.10
1.6	1.11
1.1	1.12
1.1	1.13
1.1	1.14
1.1	1.15
1.1	1.16
1.1	1.17
1.6	1.18
1.6	1.19
1.7	1.20
1.1	1.21
1.8	1.22
1.1	1.23
1.1	1.24
1.1	1.25
1.6	1.26
1.6	1.27
1.1	1.28
1.6	1.29
1.7	1.30
1.1	1.31
1.1	1.32
1.6	1.33
1.6	1.34
1.6	1.35
1.6	1.36
1.8	1.37
1.1	1.38
1.3	1.39
1.6	1.40
1.1	1.41
1.1	1.42
1.1	1.43
1.1	1.44
1.6	1.45
1.6	1.46
1.1	1.47
1.6	1.48
1.5	1.49
1.5	1.50
1.6	1.51
1.6	1.52
1.1	1.53
1.6	1.54
1.4	1.55
1.1	1.56
1.1	1.57
1.6	1.58
1.8	1.59
1.1	1.60
1.2	1.61
1.6	1.62
1.1	1.63
1.1	1.64
2.11	2.1
2.11	2.2
2.11	2.3
2.6	2.4
2.12	2.5
2.11	2.6
2.6	2.7
2.11	2.8
2.6	2.9
2.11	2.10
2.6	2.11
2.1	2.12
2.6	2.13
2.6	2.14
2.6	2.15
2.6	2.16
2.12	2.17
2.6	2.18
2.6	2.19
2.11	2.20
2.12	2.21
2.3	2.22
2.4	2.23
2.6	2.24
2.11	2.25
2.6	2.26
2.11	2.27
2.10	2.28
2.12	2.29
2.11	2.30
2.6	2.31
2.5	2.32
2.6	2.33
2.11	2.34
2.5	2.35
2.8	2.36
2.11	2.37
2.8	2.38
2.5	2.39
2.2	2.40
2.11	2.41
2.9	2.42
2.6	2.43
2.11	2.44
2.6	2.45
2.9	2.46
2.5	2.47
2.7	2.48
2.11	2.49
2.12	2.50
2.6	2.51
2.11	2.52
2.10	2.53
2.11	2.54
2.11	2.55
2.5	2.56
2.12	2.57
2.8	2.58
2.5	2.59
2.10	2.60
2.11	2.61
2.12	2.62
2.8	2.63
2.5	2.64
3.1	3.1
3.1	3.2
3.10	3.3
3.8	3.4
3.10	3.5
3.10	3.6
3.10	3.7
3.1	3.8
3.1	3.9
3.10	3.10
3.1	3.11
3.1	3.12
3.1	3.13
3.10	3.14
3.1	3.15
3.10	3.16
3.8	3.17
3.1	3.18
3.8	3.19
3.8	3.20
3.1	3.21
3.10	3.22
3.6	3.23
3.10	3.24
3.1	3.25
3.10	3.26
3.3	3.27
3.10	3.28
3.10	3.29
3.8	3.30
3.1	3.31
3.8	3.32
3.1	3.33
3.10	3.34
3.1	3.35
3.7	3.36
3.10	3.37
3.7	3.38
3.5	3.39
3.10	3.40
3.10	3.41
3.10	3.42
3.1	3.43
3.8	3.44
3.1	3.45
3.10	3.46
3.9	3.47
3.8	3.48
3.1	3.49
3.7	3.50
3.4	3.51
3.1	3.52
3.1	3.53
3.10	3.54
3.1	3.55
3.8	3.56
3.8	3.57
3.2	3.58
3.1	3.59
3.8	3.60
3.1	3.61
3.1	3.62
3.7	3.63
3.10	3.64
4.1	4.1
4.4	4.2
4.8	4.3
4.8	4.4
4.8	4.5
4.9	4.6
4.8	4.7
4.8	4.8
4.1	4.9
4.6	4.10
4.1	4.11
4.8	4.12
4.8	4.13
4.8	4.14
4.1	4.15
4.8	4.16
4.1	4.17
4.1	4.18
4.1	4.19
4.1	4.20
4.8	4.21
4.9	4.22
4.3	4.23
4.9	4.24
4.9	4.25
4.8	4.26
4.6	4.27
4.1	4.28
4.1	4.29
4.8	4.30
4.6	4.31
4.9	4.32
4.8	4.33
4.1	4.34
4.9	4.35
4.1	4.36
4.6	4.37
4.8	4.38
4.8	4.39
4.9	4.40
4.9	4.41
4.8	4.42
4.8	4.43
4.5	4.44
4.8	4.45
4.2	4.46
4.1	4.47
4.8	4.48
4.5	4.49
4.1	4.50
4.1	4.51
4.1	4.52
4.8	4.53
4.1	4.54
4.7	4.55
4.9	4.56
4.5	4.57
4.1	4.58
4.5	4.59
4.1	4.60
4.9	4.61
4.8	4.62
4.1	4.63
4.6	4.64
5.14	5.1
5.14	5.2
5.12	5.3
5.14	5.4
5.6	5.5
5.4	5.6
5.7	5.7
5.14	5.8
5.14	5.9
5.14	5.10
5.12	5.11
5.4	5.12
5.12	5.13
5.13	5.14
5.11	5.15
5.4	5.16
5.7	5.17
5.16	5.18
5.15	5.19
5.14	5.20
5.14	5.21
5.12	5.22
5.7	5.23
5.13	5.24
5.8	5.25
5.3	5.26
5.4	5.27
5.13	5.28
5.4	5.29
5.4	5.30
5.14	5.31
5.13	5.32
5.10	5.33
5.14	5.34
5.12	5.35
5.13	5.36
5.4	5.37
5.2	5.38
5.14	5.39
5.16	5.40
5.4	5.41
5.14	5.42
5.4	5.43
5.1	5.44
5.14	5.45
5.14	5.46
5.9	5.47
5.7	5.48
5.4	5.49
5.11	5.50
5.14	5.51
5.14	5.52
5.11	5.53
5.5	5.54
5.11	5.55
5.4	5.56
5.16	5.57
5.14	5.58
5.4	5.59
5.12	5.60
5.4	5.61
5.14	5.62
5.11	5.63
5.4	5.64
6.9	6.1
6.1	6.2
6.1	6.3
6.6	6.4
6.3	6.5
6.10	6.6
6.9	6.7
6.1	6.8
6.9	6.9
6.8	6.10
6.1	6.11
6.1	6.12
6.1	6.13
6.1	6.14
6.1	6.15
6.9	6.16
6.1	6.17
6.1	6.18
6.7	6.19
6.2	6.20
6.10	6.21
6.1	6.22
6.1	6.23
6.10	6.24
6.1	6.25
6.1	6.26
6.1	6.27
6.9	6.28
6.1	6.29
6.1	6.30
6.4	6.31
6.1	6.32
6.9	6.33
6.1	6.34
6.7	6.35
6.1	6.36
6.5	6.37
6.9	6.38
6.7	6.39
6.9	6.40
6.1	6.41
6.1	6.42
6.1	6.43
6.1	6.44
6.1	6.45
6.1	6.46
6.9	6.47
6.9	6.48
6.9	6.49
6.9	6.50
6.9	6.51
6.7	6.52
6.1	6.53
6.1	6.54
6.6	6.55
6.1	6.56
6.7	6.57
6.9	6.58
6.7	6.59
6.7	6.60
6.9	6.61
6.9	6.62
6.7	6.63
6.1	6.64
7.1	7.1
7.1	7.2
7.1	7.3
7.1	7.4
7.5	7.5
7.5	7.6
7.1	7.7
7.1	7.8
7.5	7.9
7.5	7.10
7.5	7.11
7.1	7.12
7.5	7.13
7.5	7.14
7.1	7.15
7.1	7.16
7.1	7.17
7.5	7.18
7.5	7.19
7.1	7.20
7.5	7.21
7.4	7.22
7.1	7.23
7.1	7.24
7.1	7.25
7.1	7.26
7.1	7.27
7.1	7.28
7.5	7.29
7.1	7.30
7.4	7.31
7.4	7.32
7.4	7.33
7.3	7.34
7.1	7.35
7.2	7.36
7.5	7.37
7.5	7.38
7.5	7.39
7.5	7.40
7.1	7.41
7.5	7.42
7.1	7.43
7.1	7.44
7.5	7.45
7.4	7.46
7.5	7.47
7.5	7.48
7.3	7.49
7.1	7.50
7.3	7.51
7.5	7.52
7.1	7.53
7.1	7.54
7.5	7.55
7.5	7.56
7.1	7.57
7.1	7.58
7.3	7.59
7.5	7.60
7.3	7.61
7.4	7.62
7.4	7.63
7.5	7.64
8.4	8.1
8.4	8.2
8.4	8.3
8.6	8.4
8.1	8.5
8.1	8.6
8.6	8.7
8.1	8.8
8.1	8.9
8.6	8.10
8.1	8.11
8.4	8.12
8.1	8.13
8.1	8.14
8.4	8.15
8.1	8.16
8.3	8.17
8.6	8.18
8.1	8.19
8.1	8.20
8.2	8.21
8.6	8.22
8.1	8.23
8.1	8.24
8.4	8.25
8.4	8.26
8.4	8.27
8.6	8.28
8.6	8.29
8.4	8.30
8.6	8.31
8.6	8.32
8.1	8.33
8.4	8.34
8.1	8.35
8.4	8.36
8.4	8.37
8.4	8.38
8.4	8.39
8.6	8.40
8.4	8.41
8.4	8.42
8.6	8.43
8.1	8.44
8.6	8.45
8.1	8.46
8.1	8.47
8.4	8.48
8.4	8.49
8.4	8.50
8.4	8.51
8.6	8.52
8.4	8.53
8.4	8.54
8.4	8.55
8.6	8.56
8.1	8.57
8.6	8.58
8.6	8.59
8.4	8.60
8.6	8.61
8.5	8.62
8.1	8.63
8.1	8.64
9.6	9.1
9.1	9.2
9.1	9.3
9.1	9.4
9.1	9.5
9.1	9.6
9.1	9.7
9.1	9.8
9.1	9.9
9.1	9.10
9.1	9.11
9.1	9.12
9.1	9.13
9.6	9.14
9.1	9.15
9.1	9.16
9.5	9.17
9.1	9.18
9.1	9.19
9.1	9.20
9.1	9.21
9.1	9.22
9.6	9.23
9.1	9.24
9.5	9.25
9.2	9.26
9.6	9.27
9.6	9.28
9.1	9.29
9.1	9.30
9.1	9.31
9.6	9.32
9.3	9.33
9.1	9.34
9.1	9.35
9.1	9.36
9.6	9.37
9.4	9.38
9.3	9.39
9.5	9.40
9.1	9.41
9.3	9.42
9.6	9.43
9.3	9.44
9.6	9.45
9.5	9.46
9.1	9.47
9.1	9.48
9.6	9.49
9.1	9.50
9.1	9.51
9.1	9.52
9.1	9.53
9.1	9.54
9.6	9.55
9.1	9.56
9.1	9.57
9.6	9.58
9.1	9.59
9.1	9.60
9.1	9.61
9.1	9.62
9.1	9.63
9.6	9.64
10.8	10.1
10.8	10.2
10.12	10.3
10.12	10.4
10.8	10.5
10.8	10.6
10.8	10.7
10.10	10.8
10.12	10.9
10.8	10.10
10.8	10.11
10.12	10.12
10.5	10.13
10.8	10.14
10.8	10.15
10.8	10.16
10.8	10.17
10.8	10.18
10.8	10.19
10.8	10.20
10.10	10.21
10.8	10.22
10.10	10.23
10.8	10.24
10.1	10.25
10.1	10.26
10.1	10.27
10.12	10.28
10.8	10.29
10.12	10.30
10.7	10.31
10.1	10.32
10.3	10.33
10.9	10.34
10.8	10.35
10.1	10.36
10.8	10.37
10.8	10.38
10.12	10.39
10.1	10.40
10.8	10.41
10.2	10.42
10.2	10.43
10.8	10.44
10.12	10.45
10.8	10.46
10.12	10.47
10.11	10.48
10.12	10.49
10.12	10.50
10.12	10.51
10.8	10.52
10.10	10.53
10.8	10.54
10.1	10.55
10.12	10.56
10.12	10.57
10.12	10.58
10.12	10.59
10.6	10.60
10.12	10.61
10.4	10.62
10.8	10.63
10.2	10.64
11.1	11.1
11.5	11.2
11.1	11.3
11.6	11.4
11.6	11.5
11.6	11.6
11.10	11.7
11.6	11.8
11.6	11.9
11.1	11.10
11.6	11.11
11.1	11.12
11.1	11.13
11.1	11.14
11.11	11.15
11.1	11.16
11.4	11.17
11.11	11.18
11.6	11.19
11.1	11.20
11.9	11.21
11.3	11.22
11.6	11.23
11.8	11.24
11.1	11.25
11.1	11.26
11.11	11.27
11.1	11.28
11.1	11.29
11.1	11.30
11.6	11.31
11.1	11.32
11.1	11.33
11.6	11.34
11.6	11.35
11.6	11.36
11.1	11.37
11.1	11.38
11.6	11.39
11.8	11.40
11.6	11.41
11.10	11.42
11.6	11.43
11.6	11.44
11.6	11.45
11.6	11.46
11.6	11.47
11.7	11.48
11.6	11.49
11.10	11.50
11.1	11.51
11.10	11.52
11.1	11.53
11.1	11.54
11.1	11.55
11.8	11.56
11.6	11.57
11.11	11.58
11.2	11.59
11.10	11.60
11.6	11.61
11.6	11.62
11.6	11.63
11.1	11.64
12.11	12.1
12.4	12.2
12.5	12.3
12.2	12.4
12.1	12.5
12.11	12.6
12.7	12.7
12.11	12.8
12.1	12.9
12.9	12.10
12.11	12.11
12.11	12.12
12.11	12.13
12.11	12.14
12.12	12.15
12.11	12.16
12.11	12.17
12.13	12.18
12.11	12.19
12.13	12.20
12.1	12.21
12.11	12.22
12.6	12.23
12.11	12.24
12.11	12.25
12.13	12.26
12.10	12.27
12.1	12.28
12.11	12.29
12.1	12.30
12.1	12.31
12.1	12.32
12.1	12.33
12.11	12.34
12.3	12.35
12.11	12.36
12.1	12.37
12.11	12.38
12.8	12.39
12.11	12.40
12.1	12.41
12.13	12.42
12.1	12.43
12.13	12.44
12.1	12.45
12.11	12.46
12.11	12.47
12.11	12.48
12.13	12.49
12.1	12.50
12.1	12.51
12.1	12.52
12.1	12.53
12.11	12.54
12.10	12.55
12.1	12.56
12.7	12.57
12.11	12.58
12.1	12.59
12.11	12.60
12.11	12.61
12.11	12.62
12.13	12.63
12.1	12.64
13.10	13.1
13.10	13.2
13.1	13.3
13.9	13.4
13.1	13.5
13.1	13.6
13.2	13.7
13.7	13.8
13.4	13.9
13.7	13.10
13.7	13.11
13.1	13.12
13.8	13.13
13.7	13.14
13.7	13.15
13.1	13.16
13.7	13.17
13.7	13.18
13.7	13.19
13.1	13.20
13.1	13.21
13.7	13.22
13.1	13.23
13.7	13.24
13.1	13.25
13.7	13.26
13.1	13.27
13.1	13.28
13.1	13.29
13.7	13.30
13.8	13.31
13.9	13.32
13.8	13.33
13.1	13.34
13.8	13.35
13.7	13.36
13.7	13.37
13.3	13.38
13.1	13.39
13.1	13.40
13.7	13.41
13.5	13.42
13.8	13.43
13.8	13.44
13.1	13.45
13.7	13.46
13.8	13.47
13.7	13.48
13.7	13.49
13.9	13.50
13.1	13.51
13.9	13.52
13.8	13.53
13.1	13.54
13.7	13.55
13.7	13.56
13.8	13.57
13.6	13.58
13.7	13.59
13.9	13.60
13.7	13.61
13.1	13.62
13.1	13.63
13.1	13.64
14.3	14.1
14.3	14.2
14.3	14.3
14.3	14.4
14.6	14.5
14.6	14.6
14.1	14.7
14.6	14.8
14.6	14.9
14.6	14.10
14.3	14.11
14.2	14.12
14.6	14.13
14.3	14.14
14.6	14.15
14.3	14.16
14.5	14.17
14.6	14.18
14.1	14.19
14.5	14.20
14.6	14.21
14.4	14.22
14.5	14.23
14.6	14.24
14.5	14.25
14.6	14.26
14.3	14.27
14.4	14.28
14.5	14.29
14.6	14.30
14.5	14.31
14.6	14.32
14.6	14.33
14.4	14.34
14.5	14.35
14.6	14.36
14.3	14.37
14.3	14.38
14.5	14.39
14.3	14.40
14.3	14.41
14.5	14.42
14.6	14.43
14.6	14.44
14.6	14.45
14.5	14.46
14.6	14.47
14.3	14.48
14.5	14.49
14.3	14.50
14.4	14.51
14.3	14.52
14.3	14.53
14.5	14.54
14.5	14.55
14.3	14.56
14.3	14.57
14.3	14.58
14.5	14.59
14.3	14.60
14.3	14.61
14.6	14.62
14.3	14.63
14.3	14.64
15.1	15.1
15.13	15.2
15.4	15.3
15.13	15.4
15.7	15.5
15.11	15.6
15.7	15.7
15.13	15.8
15.7	15.9
15.7	15.10
15.15	15.11
15.7	15.12
15.14	15.13
15.13	15.14
15.13	15.15
15.7	15.16
15.15	15.17
15.7	15.18
15.7	15.19
15.7	15.20
15.7	15.21
15.13	15.22
15.13	15.23
15.12	15.24
15.7	15.25
15.13	15.26
15.7	15.27
15.15	15.28
15.13	15.29
15.13	15.30
15.13	15.31
15.11	15.32
15.7	15.33
15.11	15.34
15.7	15.35
15.13	15.36
15.10	15.37
15.7	15.38
15.11	15.39
15.13	15.40
15.15	15.41
15.13	15.42
15.13	15.43
15.9	15.44
15.13	15.45
15.1	15.46
15.1	15.47
15.5	15.48
15.13	15.49
15.6	15.50
15.15	15.51
15.15	15.52
15.8	15.53
15.2	15.54
15.7	15.55
15.9	15.56
15.1	15.57
15.14	15.58
15.14	15.59
15.12	15.60
15.3	15.61
15.14	15.62
15.14	15.63
15.11	15.64
16.14	16.1
16.4	16.2
16.14	16.3
16.8	16.4
16.8	16.5
16.8	16.6
16.8	16.7
16.1	16.8
16.8	16.9
16.14	16.10
16.14	16.11
16.9	16.12
16.14	16.13
16.10	16.14
16.14	16.15
16.14	16.16
16.5	16.17
16.14	16.18
16.14	16.19
16.8	16.20
16.8	16.21
16.2	16.22
16.9	16.23
16.14	16.24
16.14	16.25
16.14	16.26
16.8	16.27
16.8	16.28
16.3	16.29
16.8	16.30
16.8	16.31
16.14	16.32
16.9	16.33
16.14	16.34
16.6	16.35
16.10	16.36
16.10	16.37
16.14	16.38
16.10	16.39
16.8	16.40
16.10	16.41
16.13	16.42
16.14	16.43
16.8	16.44
16.1	16.45
16.1	16.46
16.8	16.47
16.12	16.48
16.11	16.49
16.11	16.50
16.8	16.51
16.14	16.52
16.8	16.53
16.14	16.54
16.10	16.55
16.7	16.56
16.10	16.57
16.10	16.58
16.9	16.59
16.8	16.60
16.8	16.61
16.1	16.62
16.5	16.63
16.8	16.64
17.14	17.1
17.3	17.2
17.4	17.3
17.4	17.4
17.4	17.5
17.4	17.6
17.4	17.7
17.6	17.8
17.4	17.9
17.12	17.10
17.14	17.11
17.12	17.12
17.14	17.13
17.12	17.14
17.6	17.15
17.14	17.16
17.10	17.17
17.6	17.18
17.14	17.19
17.14	17.20
17.1	17.21
17.7	17.22
17.3	17.23
17.14	17.24
17.4	17.25
17.4	17.26
17.6	17.27
17.10	17.28
17.4	17.29
17.6	17.30
17.9	17.31
17.14	17.32
17.4	17.33
17.10	17.34
17.5	17.35
17.13	17.36
17.4	17.37
17.2	17.38
17.10	17.39
17.11	17.40
17.4	17.41
17.4	17.42
17.14	17.43
17.3	17.44
17.14	17.45
17.14	17.46
17.7	17.47
17.6	17.48
17.11	17.49
17.9	17.50
17.8	17.51
17.5	17.52
17.4	17.53
17.4	17.54
17.5	17.55
17.13	17.56
17.12	17.57
17.14	17.58
17.6	17.59
17.6	17.60
17.4	17.61
17.5	17.62
17.6	17.63
17.4	17.64
18.4	18.1
18.6	18.2
18.6	18.3
18.1	18.4
18.1	18.5
18.1	18.6
18.1	18.7
18.1	18.8
18.6	18.9
18.6	18.10
18.1	18.11
18.7	18.12
18.6	18.13
18.1	18.14
18.6	18.15
18.6	18.16
18.6	18.17
18.7	18.18
18.6	18.19
18.1	18.20
18.6	18.21
18.1	18.22
18.6	18.23
18.6	18.24
18.1	18.25
18.1	18.26
18.1	18.27
18.1	18.28
18.3	18.29
18.6	18.30
18.1	18.31
18.6	18.32
18.1	18.33
18.1	18.34
18.7	18.35
18.1	18.36
18.7	18.37
18.1	18.38
18.7	18.39
18.6	18.40
18.1	18.41
18.6	18.42
18.1	18.43
18.6	18.44
18.6	18.45
18.1	18.46
18.1	18.47
18.6	18.48
18.6	18.49
18.5	18.50
18.1	18.51
18.6	18.52
18.7	18.53
18.6	18.54
18.6	18.55
18.2	18.56
18.6	18.57
18.6	18.58
18.6	18.59
18.1	18.60
18.1	18.61
18.1	18.62
18.6	18.63
18.6	18.64
19.11	19.1
19.7	19.2
19.9	19.3
19.9	19.4
19.1	19.5
19.7	19.6
19.8	19.7
19.9	19.8
19.10	19.9
19.1	19.10
19.1	19.11
19.3	19.12
19.10	19.13
19.11	19.14
19.1	19.15
19.1	19.16
19.9	19.17
19.10	19.18
19.1	19.19
19.9	19.20
19.5	19.21
19.4	19.22
19.1	19.23
19.9	19.24
19.9	19.25
19.11	19.26
19.6	19.27
19.1	19.28
19.8	19.29
19.1	19.30
19.9	19.31
19.1	19.32
19.9	19.33
19.2	19.34
19.9	19.35
19.9	19.36
19.9	19.37
19.9	19.38
19.1	19.39
19.10	19.40
19.9	19.41
19.8	19.42
19.9	19.43
19.1	19.44
19.9	19.45
19.1	19.46
19.1	19.47
19.9	19.48
19.1	19.49
19.11	19.50
19.11	19.51
19.7	19.52
19.1	19.53
19.11	19.54
19.7	19.55
19.11	19.56
19.7	19.57
19.3	19.58
19.1	19.59
19.1	19.60
19.7	19.61
19.9	19.62
19.9	19.63
19.9	19.64
20.1	20.1
20.1	20.2
20.7	20.3
20.7	20.4
20.7	20.5
20.1	20.6
20.1	20.7
20.1	20.8
20.6	20.9
20.7	20.10
20.7	20.11
20.1	20.12
20.1	20.13
20.1	20.14
20.7	20.15
20.1	20.16
20.1	20.17
20.2	20.18
20.7	20.19
20.4	20.20
20.7	20.21
20.7	20.22
20.1	20.23
20.4	20.24
20.7	20.25
20.7	20.26
20.1	20.27
20.4	20.28
20.1	20.29
20.8	20.30
20.4	20.31
20.3	20.32
20.4	20.33
20.1	20.34
20.7	20.35
20.4	20.36
20.7	20.37
20.1	20.38
20.1	20.39
20.7	20.40
20.4	20.41
20.3	20.42
20.1	20.43
20.1	20.44
20.7	20.45
20.1	20.46
20.1	20.47
20.7	20.48
20.4	20.49
20.1	20.50
20.1	20.51
20.7	20.52
20.7	20.53
20.1	20.54
20.6	20.55
20.5	20.56
20.4	20.57
20.7	20.58
20.1	20.59
20.1	20.60
20.8	20.61
20.6	20.62
20.1	20.63
20.1	20.64
21.6	21.1
21.7	21.2
21.4	21.3
21.7	21.4
21.7	21.5
21.6	21.6
21.6	21.7
21.3	21.8
21.7	21.9
21.7	21.10
21.7	21.11
21.2	21.12
21.6	21.13
21.6	21.14
21.7	21.15
21.6	21.16
21.7	21.17
21.7	21.18
21.4	21.19
21.7	21.20
21.5	21.21
21.1	21.22
21.1	21.23
21.4	21.24
21.7	21.25
21.7	21.26
21.6	21.27
21.6	21.28
21.7	21.29
21.4	21.30
21.7	21.31
21.7	21.32
21.4	21.33
21.4	21.34
21.4	21.35
21.4	21.36
21.6	21.37
21.4	21.38
21.4	21.39
21.7	21.40
21.1	21.41
21.7	21.42
21.7	21.43
21.6	21.44
21.7	21.45
21.6	21.46
21.6	21.47
21.6	21.48
21.7	21.49
21.7	21.50
21.6	21.51
21.6	21.52
21.6	21.53
21.6	21.54
21.6	21.55
21.4	21.56
21.6	21.57
21.5	21.58
21.6	21.59
21.5	21.60
21.1	21.61
21.6	21.62
21.4	21.63
21.5	21.64
22.11	22.1
22.13	22.2
22.1	22.3
22.9	22.4
22.12	22.5
22.1	22.6
22.5	22.7
22.1	22.8
22.11	22.9
22.13	22.10
22.13	22.11
22.13	22.12
22.13	22.13
22.13	22.14
22.8	22.15
22.13	22.16
22.1	22.17
22.13	22.18
22.13	22.19
22.9	22.20
22.5	22.21
22.13	22.22
22.10	22.23
22.9	22.24
22.12	22.25
22.7	22.26
22.11	22.27
22.13	22.28
22.13	22.29
22.13	22.30
22.1	22.31
22.9	22.32
22.5	22.33
22.2	22.34
22.11	22.35
22.13	22.36
22.11	22.37
22.13	22.38
22.1	22.39
22.1	22.40
22.11	22.41
22.11	22.42
22.13	22.43
22.1	22.44
22.13	22.45
22.10	22.46
22.1	22.47
22.1	22.48
22.13	22.49
22.11	22.50
22.13	22.51
22.1	22.52
22.13	22.53
22.13	22.54
22.13	22.55
22.6	22.56
22.13	22.57
22.1	22.58
22.13	22.59
22.13	22.60
22.12	22.61
22.1	22.62
22.3	22.63
22.4	22.64
23.8	23.1
23.5	23.2
23.3	23.3
23.8	23.4
23.9	23.5
23.3	23.6
23.9	23.7
23.8	23.8
23.4	23.9
23.9	23.10
23.3	23.11
23.8	23.12
23.3	23.13
23.9	23.14
23.8	23.15
23.9	23.16
23.3	23.17
23.3	23.18
23.9	23.19
23.3	23.20
23.5	23.21
23.9	23.22
23.3	23.23
23.8	23.24
23.8	23.25
23.9	23.26
23.3	23.27
23.3	23.28
23.3	23.29
23.8	23.30
23.7	23.31
23.3	23.32
23.9	23.33
23.3	23.34
23.9	23.35
23.9	23.36
23.3	23.37
23.9	23.38
23.3	23.39
23.9	23.40
23.8	23.41
23.9	23.42
23.3	23.43
23.2	23.44
23.9	23.45
23.3	23.46
23.6	23.47
23.3	23.48
23.9	23.49
23.5	23.50
23.5	23.51
23.3	23.52
23.8	23.53
23.9	23.54
23.3	23.55
23.1	23.56
23.3	23.57
23.5	23.58
23.9	23.59
23.3	23.60
23.8	23.61
23.8	23.62
23.3	23.63
23.3	23.64
24.4	24.1
24.5	24.2
24.15	24.3
24.1	24.4
24.16	24.5
24.13	24.6
24.15	24.7
24.12	24.8
24.15	24.9
24.3	24.10
24.17	24.11
24.9	24.12
24.15	24.13
24.15	24.14
24.13	24.15
24.15	24.16
24.15	24.17
24.13	24.18
24.13	24.19
24.15	24.20
24.10	24.21
24.15	24.22
24.8	24.23
24.15	24.24
24.11	24.25
24.6	24.26
24.15	24.27
24.15	24.28
24.15	24.29
24.15	24.30
24.7	24.31
24.15	24.32
24.13	24.33
24.15	24.34
24.1	24.35
24.9	24.36
24.15	24.37
24.13	24.38
24.5	24.39
24.15	24.40
24.2	24.41
24.9	24.42
24.13	24.43
24.13	24.44
24.15	24.45
24.16	24.46
24.9	24.47
24.14	24.48
24.15	24.49
24.15	24.50
24.15	24.51
24.15	24.52
24.13	24.53
24.15	24.54
24.13	24.55
24.16	24.56
24.15	24.57
24.15	24.58
24.13	24.59
24.5	24.60
24.15	24.61
24.15	24.62
24.13	24.63
24.15	24.64
25.2	25.1
25.6	25.2
25.2	25.3
25.6	25.4
25.2	25.5
25.2	25.6
25.2	25.7
25.2	25.8
25.2	25.9
25.2	25.10
25.2	25.11
25.2	25.12
25.2	25.13
25.2	25.14
25.2	25.15
25.6	25.16
25.4	25.17
25.2	25.18
25.4	25.19
25.2	25.20
25.6	25.21
25.2	25.22
25.2	25.23
25.2	25.24
25.1	25.25
25.6	25.26
25.4	25.27
25.6	25.28
25.2	25.29
25.6	25.30
25.2	25.31
25.2	25.32
25.6	25.33
25.5	25.34
25.6	25.35
25.2	25.36
25.6	25.37
25.2	25.38
25.2	25.39
25.2	25.40
25.2	25.41
25.2	25.42
25.6	25.43
25.2	25.44
25.2	25.45
25.6	25.46
25.2	25.47
25.2	25.48
25.2	25.49
25.3	25.50
25.2	25.51
25.2	25.52
25.6	25.53
25.2	25.54
25.5	25.55
25.2	25.56
25.2	25.57
25.2	25.58
25.4	25.59
25.2	25.60
25.6	25.61
25.2	25.62
25.6	25.63
25.6	25.64
26.3	26.1
26.3	26.2
26.3	26.3
26.3	26.4
26.3	26.5
26.3	26.6
26.3	26.7
26.1	26.8
26.1	26.9
26.3	26.10
26.3	26.11
26.3	26.12
26.1	26.13
26.1	26.14
26.3	26.15
26.3	26.16
26.5	26.17
26.3	26.18
26.3	26.19
26.3	26.20
26.5	26.21
26.3	26.22
26.1	26.23
26.3	26.24
26.4	26.25
26.1	26.26
26.1	26.27
26.1	26.28
26.3	26.29
26.2	26.30
26.3	26.31
26.3	26.32
26.1	26.33
26.3	26.34
26.3	26.35
26.3	26.36
26.1	26.37
26.3	26.38
26.3	26.39
26.3	26.40
26.3	26.41
26.3	26.42
26.3	26.43
26.3	26.44
26.3	26.45
26.3	26.46
26.3	26.47
26.3	26.48
26.1	26.49
26.3	26.50
26.1	26.51
26.3	26.52
26.3	26.53
26.1	26.54
26.3	26.55
26.4	26.56
26.1	26.57
26.3	26.58
26.3	26.59
26.1	26.60
26.1	26.61
26.1	26.62
26.3	26.63
26.3	26.64
27.6	27.1
27.6	27.2
27.1	27.3
27.1	27.4
27.5	27.5
27.8	27.6
27.1	27.7
27.1	27.8
27.1	27.9
27.1	27.10
27.7	27.11
27.6	27.12
27.7	27.13
27.6	27.14
27.1	27.15
27.1	27.16
27.6	27.17
27.8	27.18
27.3	27.19
27.8	27.20
27.6	27.21
27.6	27.22
27.2	27.23
27.4	27.24
27.1	27.25
27.1	27.26
27.8	27.27
27.4	27.28
27.1	27.29
27.6	27.30
27.8	27.31
27.7	27.32
27.1	27.33
27.6	27.34
27.1	27.35
27.6	27.36
27.6	27.37
27.6	27.38
27.7	27.39
27.1	27.40
27.5	27.41
27.1	27.42
27.1	27.43
27.1	27.44
27.3	27.45
27.1	27.46
27.5	27.47
27.1	27.48
27.8	27.49
27.1	27.50
27.6	27.51
27.6	27.52
27.6	27.53
27.1	27.54
27.1	27.55
27.1	27.56
27.1	27.57
27.1	27.58
27.6	27.59
27.8	27.60
27.5	27.61
27.4	27.62
27.3	27.63
27.6	27.64
28.9	28.1
28.9	28.2
28.5	28.3
28.15	28.4
28.1	28.5
28.15	28.6
28.9	28.7
28.1	28.8
28.9	28.9
28.1	28.10
28.9	28.11
28.9	28.12
28.15	28.13
28.15	28.14
28.15	28.15
28.12	28.16
28.15	28.17
28.9	28.18
28.7	28.19
28.15	28.20
28.15	28.21
28.9	28.22
28.8	28.23
28.15	28.24
28.15	28.25
28.1	28.26
28.1	28.27
28.9	28.28
28.7	28.29
28.15	28.30
28.14	28.31
28.1	28.32
28.15	28.33
28.15	28.34
28.5	28.35
28.14	28.36
28.3	28.37
28.9	28.38
28.10	28.39
28.9	28.40
28.11	28.41
28.16	28.42
28.15	28.43
28.1	28.44
28.2	28.45
28.13	28.46
28.1	28.47
28.4	28.48
28.15	28.49
28.15	28.50
28.9	28.51
28.9	28.52
28.9	28.53
28.7	28.54
28.9	28.55
28.9	28.56
28.6	28.57
28.1	28.58
28.9	28.59
28.8	28.60
28.7	28.61
28.8	28.62
28.9	28.63
28.1	28.64
29.1	29.1
29.1	29.2
29.1	29.3
29.1	29.4
29.1	29.5
29.1	29.6
29.1	29.7
29.1	29.8
29.9	29.9
29.1	29.10
29.9	29.11
29.1	29.12
29.1	29.13
29.1	29.14
29.1	29.15
29.7	29.16
29.4	29.17
29.9	29.18
29.6	29.19
29.1	29.20
29.7	29.21
29.9	29.22
29.1	29.23
29.1	29.24
29.3	29.25
29.9	29.26
29.1	29.27
29.1	29.28
29.1	29.29
29.1	29.30
29.1	29.31
29.2	29.32
29.1	29.33
29.1	29.34
29.1	29.35
29.1	29.36
29.7	29.37
29.1	29.38
29.9	29.39
29.1	29.40
29.1	29.41
29.9	29.42
29.1	29.43
29.1	29.44
29.1	29.45
29.1	29.46
29.5	29.47
29.1	29.48
29.1	29.49
29.1	29.50
29.8	29.51
29.9	29.52
29.1	29.53
29.9	29.54
29.1	29.55
29.1	29.56
29.1	29.57
29.1	29.58
29.1	29.59
29.1	29.60
29.1	29.61
29.1	29.62
29.1	29.63
29.1	29.64
30.20	30.1
30.19	30.2
30.18	30.3
30.9	30.4
30.1	30.5
30.1	30.6
30.8	30.7
30.1	30.8
30.20	30.9
30.1	30.10
30.18	30.11
30.1	30.12
30.1	30.13
30.1	30.14
30.18	30.15
30.1	30.16
30.3	30.17
30.1	30.18
30.18	30.19
30.1	30.20
30.1	30.21
30.13	30.22
30.1	30.23
30.1	30.24
30.1	30.25
30.6	30.26
30.7	30.27
30.10	30.28
30.1	30.29
30.2	30.30
30.20	30.31
30.1	30.32
30.14	30.33
30.15	30.34
30.1	30.35
30.4	30.36
30.17	30.37
30.1	30.38
30.1	30.39
30.18	30.40
30.18	30.41
30.18	30.42
30.18	30.43
30.12	30.44
30.1	30.45
30.1	30.46
30.1	30.47
30.18	30.48
30.1	30.49
30.16	30.50
30.11	30.51
30.1	30.52
30.1	30.53
30.1	30.54
30.1	30.55
30.1	30.56
30.1	30.57
30.18	30.58
30.1	30.59
30.17	30.60
30.5	30.61
30.18	30.62
30.1	30.63
30.1	30.64
31.1	31.1
31.9	31.2
31.9	31.3
31.7	31.4
31.5	31.5
31.1	31.6
31.9	31.7
31.1	31.8
31.1	31.9
31.1	31.10
31.1	31.11
31.9	31.12
31.1	31.13
31.9	31.14
31.1	31.15
31.1	31.16
31.1	31.17
31.1	31.18
31.1	31.19
31.1	31.20
31.1	31.21
31.9	31.22
31.1	31.23
31.1	31.24
31.1	31.25
31.8	31.26
31.10	31.27
31.1	31.28
31.11	31.29
31.1	31.30
31.4	31.31
31.1	31.32
31.9	31.33
31.9	31.34
31.6	31.35
31.11	31.36
31.10	31.37
31.11	31.38
31.9	31.39
31.1	31.40
31.1	31.41
31.9	31.42
31.10	31.43
31.10	31.44
31.2	31.45
31.9	31.46
31.9	31.47
31.8	31.48
31.1	31.49
31.1	31.50
31.3	31.51
31.9	31.52
31.9	31.53
31.9	31.54
31.1	31.55
31.9	31.56
31.1	31.57
31.12	31.58
31.1	31.59
31.9	31.60
31.8	31.61
31.9	31.62
31.1	31.63
31.9	31.64
32.1	32.1
32.1	32.2
32.1	32.3
32.7	32.4
32.4	32.5
32.1	32.6
32.1	32.7
32.1	32.8
32.1	32.9
32.1	32.10
32.1	32.11
32.6	32.12
32.1	32.13
32.1	32.14
32.1	32.15
32.4	32.16
32.1	32.17
32.1	32.18
32.1	32.19
32.3	32.20
32.1	32.21
32.1	32.22
32.3	32.23
32.6	32.24
32.1	32.25
32.1	32.26
32.1	32.27
32.6	32.28
32.1	32.29
32.1	32.30
32.1	32.31
32.1	32.32
32.1	32.33
32.1	32.34
32.1	32.35
32.1	32.36
32.3	32.37
32.1	32.38
32.1	32.39
32.5	32.40
32.1	32.41
32.1	32.42
32.6	32.43
32.2	32.44
32.4	32.45
32.1	32.46
32.1	32.47
32.3	32.48
32.1	32.49
32.3	32.50
32.6	32.51
32.6	32.52
32.1	32.53
32.6	32.54
32.1	32.55
32.1	32.56
32.1	32.57
32.1	32.58
32.1	32.59
32.1	32.60
32.1	32.61
32.1	32.62
32.1	32.63
32.7	32.64
33.7	33.1
33.9	33.2
33.2	33.3
33.2	33.4
33.7	33.5
33.7	33.6
33.2	33.7
33.8	33.8
33.8	33.9
33.8	33.10
33.8	33.11
33.8	33.12
33.8	33.13
33.2	33.14
33.7	33.15
33.9	33.16
33.8	33.17
33.2	33.18
33.1	33.19
33.4	33.20
33.6	33.21
33.8	33.22
33.6	33.23
33.8	33.24
33.6	33.25
33.2	33.26
33.2	33.27
33.8	33.28
33.2	33.29
33.2	33.30
33.8	33.31
33.7	33.32
33.8	33.33
33.8	33.34
33.7	33.35
33.2	33.36
33.8	33.37
33.2	33.38
33.2	33.39
33.8	33.40
33.8	33.41
33.7	33.42
33.2	33.43
33.7	33.44
33.2	33.45
33.7	33.46
33.7	33.47
33.8	33.48
33.10	33.49
33.8	33.50
33.8	33.51
33.8	33.52
33.7	33.53
33.5	33.54
33.5	33.55
33.3	33.56
33.2	33.57
33.2	33.58
33.8	33.59
33.5	33.60
33.7	33.61
33.10	33.62
33.8	33.63
33.2	33.64
34.8	34.1
34.1	34.2
34.1	34.3
34.1	34.4
34.1	34.5
34.1	34.6
34.1	34.7
34.8	34.8
34.1	34.9
34.8	34.10
34.8	34.11
34.1	34.12
34.8	34.13
34.1	34.14
34.1	34.15
34.1	34.16
34.1	34.17
34.1	34.18
34.1	34.19
34.1	34.20
34.8	34.21
34.1	34.22
34.1	34.23
34.1	34.24
34.1	34.25
34.8	34.26
34.7	34.27
34.1	34.28
34.1	34.29
34.7	34.30
34.6	34.31
34.1	34.32
34.1	34.33
34.4	34.34
34.1	34.35
34.8	34.36
34.1	34.37
34.1	34.38
34.8	34.39
34.1	34.40
34.1	34.41
34.7	34.42
34.2	34.43
34.1	34.44
34.5	34.45
34.7	34.46
34.8	34.47
34.1	34.48
34.8	34.49
34.6	34.50
34.8	34.51
34.1	34.52
34.8	34.53
34.8	34.54
34.1	34.55
34.1	34.56
34.7	34.57
34.7	34.58
34.3	34.59
34.1	34.60
34.1	34.61
34.8	34.62
34.7	34.63
34.1	34.64
35.13	35.1
35.5	35.2
35.11	35.3
35.13	35.4
35.13	35.5
35.4	35.6
35.13	35.7
35.5	35.8
35.10	35.9
35.13	35.10
35.13	35.11
35.3	35.12
35.13	35.13
35.13	35.14
35.5	35.15
35.5	35.16
35.11	35.17
35.11	35.18
35.5	35.19
35.13	35.20
35.13	35.21
35.13	35.22
35.12	35.23
35.13	35.24
35.5	35.25
35.5	35.26
35.11	35.27
35.13	35.28
35.5	35.29
35.14	35.30
35.9	35.31
35.13	35.32
35.11	35.33
35.11	35.34
35.13	35.35
35.11	35.36
35.5	35.37
35.10	35.38
35.11	35.39
35.5	35.40
35.5	35.41
35.5	35.42
35.11	35.43
35.1	35.44
35.11	35.45
35.5	35.46
35.5	35.47
35.13	35.48
35.2	35.49
35.5	35.50
35.5	35.51
35.10	35.52
35.5	35.53
35.5	35.54
35.5	35.55
35.13	35.56
35.13	35.57
35.7	35.58
35.13	35.59
35.8	35.60
35.12	35.61
35.14	35.62
35.15	35.63
35.6	35.64
36.7	36.1
36.14	36.2
36.10	36.3
36.9	36.4
36.10	36.5
36.14	36.6
36.14	36.7
36.1	36.8
36.1	36.9
36.14	36.10
36.14	36.11
36.8	36.12
36.12	36.13
36.14	36.14
36.11	36.15
36.14	36.16
36.2	36.17
36.14	36.18
36.14	36.19
36.14	36.20
36.1	36.21
36.14	36.22
36.4	36.23
36.1	36.24
36.14	36.25
36.14	36.26
36.1	36.27
36.14	36.28
36.14	36.29
36.1	36.30
36.14	36.31
36.1	36.32
36.14	36.33
36.14	36.34
36.14	36.35
36.14	36.36
36.5	36.37
36.8	36.38
36.1	36.39
36.6	36.40
36.14	36.41
36.1	36.42
36.1	36.43
36.4	36.44
36.14	36.45
36.13	36.46
36.1	36.47
36.1	36.48
36.14	36.49
36.14	36.50
36.14	36.51
36.1	36.52
36.14	36.53
36.3	36.54
36.14	36.55
36.14	36.56
36.8	36.57
36.14	36.58
36.14	36.59
36.13	36.60
36.14	36.61
36.14	36.62
36.1	36.63
36.14	36.64
37.5	37.1
37.13	37.2
37.5	37.3
37.12	37.4
37.14	37.5
37.5	37.6
37.14	37.7
37.11	37.8
37.5	37.9
37.5	37.10
37.15	37.11
37.1	37.12
37.5	37.13
37.11	37.14
37.14	37.15
37.2	37.16
37.8	37.17
37.5	37.18
37.14	37.19
37.14	37.20
37.15	37.21
37.14	37.22
37.1	37.23
37.14	37.24
37.14	37.25
37.5	37.26
37.7	37.27
37.5	37.28
37.14	37.29
37.5	37.30
37.6	37.31
37.14	37.32
37.14	37.33
37.9	37.34
37.14	37.35
37.1	37.36
37.5	37.37
37.11	37.38
37.13	37.39
37.11	37.40
37.14	37.41
37.5	37.42
37.13	37.43
37.14	37.44
37.11	37.45
37.5	37.46
37.5	37.47
37.11	37.48
37.11	37.49
37.14	37.50
37.4	37.51
37.14	37.52
37.8	37.53
37.1	37.54
37.10	37.55
37.10	37.56
37.8	37.57
37.11	37.58
37.5	37.59
37.5	37.60
37.5	37.61
37.5	37.62
37.8	37.63
37.3	37.64
38.10	38.1
38.1	38.2
38.9	38.3
38.1	38.4
38.1	38.5
38.9	38.6
38.10	38.7
38.10	38.8
38.9	38.9
38.9	38.10
38.9	38.11
38.2	38.12
38.8	38.13
38.5	38.14
38.1	38.15
38.1	38.16
38.10	38.17
38.1	38.18
38.1	38.19
38.9	38.20
38.9	38.21
38.6	38.22
38.9	38.23
38.10	38.24
38.10	38.25
38.1	38.26
38.7	38.27
38.10	38.28
38.7	38.29
38.9	38.30
38.1	38.31
38.10	38.32
38.10	38.33
38.7	38.34
38.1	38.35
38.9	38.36
38.8	38.37
38.1	38.38
38.10	38.39
38.9	38.40
38.7	38.41
38.1	38.42
38.9	38.43
38.11	38.44
38.1	38.45
38.3	38.46
38.1	38.47
38.10	38.48
38.1	38.49
38.1	38.50
38.5	38.51
38.1	38.52
38.9	38.53
38.10	38.54
38.4	38.55
38.9	38.56
38.9	38.57
38.9	38.58
38.7	38.59
38.9	38.60
38.10	38.61
38.10	38.62
38.1	38.63
38.1	38.64
39.10	39.1
39.1	39.2
39.1	39.3
39.1	39.4
39.10	39.5
39.10	39.6
39.13	39.7
39.9	39.8
39.10	39.9
39.13	39.10
39.2	39.11
39.13	39.12
39.7	39.13
39.3	39.14
39.1	39.15
39.12	39.16
39.1	39.17
39.10	39.18
39.7	39.19
39.13	39.20
39.1	39.21
39.1	39.22
39.10	39.23
39.6	39.24
39.10	39.25
39.1	39.26
39.10	39.27
39.13	39.28
39.13	39.29
39.13	39.30
39.10	39.31
39.1	39.32
39.8	39.33
39.1	39.34
39.10	39.35
39.5	39.36
39.1	39.37
39.10	39.38
39.10	39.39
39.10	39.40
39.5	39.41
39.1	39.42
39.12	39.43
39.4	39.44
39.10	39.45
39.1	39.46
39.9	39.47
39.10	39.48
39.10	39.49
39.13	39.50
39.13	39.51
39.13	39.52
39.1	39.53
39.1	39.54
39.1	39.55
39.1	39.56
39.1	39.57
39.10	39.58
39.10	39.59
39.13	39.60
39.11	39.61
39.10	39.62
39.1	39.63
39.1	39.64
40.1	40.1
40.1	40.2
40.1	40.3
40.11	40.4
40.11	40.5
40.1	40.6
40.1	40.7
40.12	40.8
40.14	40.9
40.14	40.10
40.14	40.11
40.1	40.12
40.14	40.13
40.14	40.14
40.14	40.15
40.1	40.16
40.14	40.17
40.3	40.18
40.8	40.19
40.6	40.20
40.14	40.21
40.14	40.22
40.14	40.23
40.1	40.24
40.10	40.25
40.11	40.26
40.6	40.27
40.1	40.28
40.14	40.29
40.5	40.30
40.12	40.31
40.1	40.32
40.14	40.33
40.11	40.34
40.1	40.35
40.12	40.36
40.11	40.37
40.14	40.38
40.13	40.39
40.1	40.40
40.1	40.41
40.12	40.42
40.2	40.43
40.12	40.44
40.13	40.45
40.1	40.46
40.14	40.47
40.7	40.48
40.5	40.49
40.12	40.50
40.1	40.51
40.1	40.52
40.1	40.53
40.11	40.54
40.1	40.55
40.1	40.56
40.14	40.57
40.11	40.58
40.1	40.59
40.9	40.60
40.9	40.61
40.7	40.62
40.4	40.63
40.1	40.64
41.1	41.1
41.12	41.2
41.1	41.3
41.12	41.4
41.12	41.5
41.10	41.6
41.12	41.7
41.12	41.8
41.3	41.9
41.1	41.10
41.7	41.11
41.12	41.12
41.1	41.13
41.1	41.14
41.12	41.15
41.12	41.16
41.12	41.17
41.9	41.18
41.10	41.19
41.7	41.20
41.7	41.21
41.12	41.22
41.12	41.23
41.12	41.24
41.9	41.25
41.12	41.26
41.1	41.27
41.12	41.28
41.1	41.29
41.7	41.30
41.7	41.31
41.1	41.32
41.5	41.33
41.7	41.34
41.12	41.35
41.7	41.36
41.1	41.37
41.1	41.38
41.1	41.39
41.4	41.40
41.6	41.41
41.1	41.42
41.12	41.43
41.1	41.44
41.11	41.45
41.1	41.46
41.7	41.47
41.12	41.48
41.2	41.49
41.1	41.50
41.1	41.51
41.1	41.52
41.1	41.53
41.12	41.54
41.10	41.55
41.7	41.56
41.12	41.57
41.12	41.58
41.1	41.59
41.12	41.60
41.10	41.61
41.1	41.62
41.8	41.63
41.7	41.64
42.9	42.1
42.3	42.2
42.3	42.3
42.9	42.4
42.9	42.5
42.11	42.6
42.7	42.7
42.7	42.8
42.7	42.9
42.10	42.10
42.3	42.11
42.9	42.12
42.3	42.13
42.12	42.14
42.3	42.15
42.10	42.16
42.4	42.17
42.12	42.18
42.11	42.19
42.3	42.20
42.9	42.21
42.12	42.22
42.3	42.23
42.9	42.24
42.3	42.25
42.7	42.26
42.9	42.27
42.7	42.28
42.12	42.29
42.9	42.30
42.7	42.31
42.7	42.32
42.3	42.33
42.9	42.34
42.10	42.35
42.9	42.36
42.12	42.37
42.9	42.38
42.3	42.39
42.8	42.40
42.3	42.41
42.9	42.42
42.12	42.43
42.9	42.44
42.7	42.45
42.9	42.46
42.9	42.47
42.5	42.48
42.12	42.49
42.1	42.50
42.1	42.51
42.7	42.52
42.5	42.53
42.5	42.54
42.2	42.55
42.3	42.56
42.6	42.57
42.7	42.58
42.9	42.59
42.3	42.60
42.7	42.61
42.9	42.62
42.3	42.63
42.3	42.64
43.14	43.1
43.9	43.2
43.9	43.3
43.9	43.4
43.9	43.5
43.11	43.6
43.9	43.7
43.2	43.8
43.14	43.9
43.14	43.10
43.1	43.11
43.10	43.12
43.15	43.13
43.7	43.14
43.9	43.15
43.9	43.16
43.14	43.17
43.9	43.18
43.9	43.19
43.12	43.20
43.13	43.21
43.13	43.22
43.9	43.23
43.13	43.24
43.5	43.25
43.13	43.26
43.14	43.27
43.13	43.28
43.9	43.29
43.14	43.30
43.13	43.31
43.14	43.32
43.14	43.33
43.10	43.34
43.15	43.35
43.8	43.36
43.13	43.37
43.5	43.38
43.5	43.39
43.13	43.40
43.9	43.41
43.9	43.42
43.5	43.43
43.6	43.44
43.12	43.45
43.3	43.46
43.14	43.47
43.5	43.48
43.13	43.49
43.4	43.50
43.11	43.51
43.14	43.52
43.14	43.53
43.13	43.54
43.15	43.55
43.9	43.56
43.5	43.57
43.13	43.58
43.14	43.59
43.13	43.60
43.14	43.61
43.14	43.62
43.13	43.63
43.13	43.64
44.8	44.1
44.8	44.2
44.7	44.3
44.7	44.4
44.6	44.5
44.1	44.6
44.1	44.7
44.4	44.8
44.6	44.9
44.8	44.10
44.8	44.11
44.7	44.12
44.8	44.13
44.6	44.14
44.8	44.15
44.8	44.16
44.3	44.17
44.8	44.18
44.7	44.19
44.1	44.20
44.8	44.21
44.8	44.22
44.1	44.23
44.1	44.24
44.1	44.25
44.8	44.26
44.8	44.27
44.8	44.28
44.1	44.29
44.1	44.30
44.6	44.31
44.10	44.32
44.1	44.33
44.8	44.34
44.8	44.35
44.7	44.36
44.8	44.37
44.8	44.38
44.1	44.39
44.10	44.40
44.8	44.41
44.7	44.42
44.8	44.43
44.8	44.44
44.8	44.45
44.2	44.46
44.1	44.47
44.1	44.48
44.6	44.49
44.9	44.50
44.5	44.51
44.7	44.52
44.10	44.53
44.1	44.54
44.9	44.55
44.7	44.56
44.7	44.57
44.5	44.58
44.6	44.59
44.8	44.60
44.10	44.61
44.8	44.62
44.6	44.63
44.6	44.64
45.10	45.1
45.6	45.2
45.12	45.3
45.6	45.4
45.6	45.5
45.6	45.6
45.10	45.7
45.10	45.8
45.9	45.9
45.12	45.10
45.6	45.11
45.12	45.12
45.6	45.13
45.10	45.14
45.6	45.15
45.6	45.16
45.12	45.17
45.6	45.18
45.6	45.19
45.1	45.20
45.10	45.21
45.4	45.22
45.6	45.23
45.6	45.24
45.6	45.25
45.5	45.26
45.10	45.27
45.6	45.28
45.10	45.29
45.6	45.30
45.6	45.31
45.10	45.32
45.3	45.33
45.10	45.34
45.11	45.35
45.6	45.36
45.8	45.37
45.6	45.38
45.7	45.39
45.1	45.40
45.1	45.41
45.6	45.42
45.10	45.43
45.6	45.44
45.6	45.45
45.6	45.46
45.6	45.47
45.7	45.48
45.6	45.49
45.10	45.50
45.6	45.51
45.10	45.52
45.10	45.53
45.6	45.54
45.6	45.55
45.2	45.56
45.1	45.57
45.10	45.58
45.6	45.59
45.10	45.60
45.10	45.61
45.10	45.62
45.7	45.63
45.6	45.64
46.7	46.1
46.7	46.2
46.6	46.3
46.7	46.4
46.7	46.5
46.7	46.6
46.7	46.7
46.7	46.8
46.7	46.9
46.7	46.10
46.1	46.11
46.1	46.12
46.7	46.13
46.7	46.14
46.7	46.15
46.7	46.16
46.1	46.17
46.1	46.18
46.7	46.19
46.1	46.20
46.1	46.21
46.7	46.22
46.7	46.23
46.6	46.24
46.1	46.25
46.4	46.26
46.7	46.27
46.7	46.28
46.7	46.29
46.7	46.30
46.7	46.31
46.7	46.32
46.7	46.33
46.6	46.34
46.7	46.35
46.7	46.36
46.7	46.37
46.1	46.38
46.7	46.39
46.7	46.40
46.1	46.41
46.2	46.42
46.6	46.43
46.7	46.44
46.7	46.45
46.6	46.46
46.7	46.47
46.7	46.48
46.1	46.49
46.7	46.50
46.5	46.51
46.1	46.52
46.7	46.53
46.3	46.54
46.1	46.55
46.7	46.56
46.1	46.57
46.7	46.58
46.6	46.59
46.7	46.60
46.6	46.61
46.7	46.62
46.7	46.63
46.7	46.64
47.4	47.1
47.1	47.2
47.9	47.3
47.9	47.4
47.8	47.5
47.8	47.6
47.9	47.7
47.4	47.8
47.6	47.9
47.9	47.10
47.4	47.11
47.9	47.12
47.4	47.13
47.4	47.14
47.8	47.15
47.9	47.16
47.7	47.17
47.8	47.18
47.4	47.19
47.1	47.20
47.9	47.21
47.8	47.22
47.4	47.23
47.8	47.24
47.4	47.25
47.1	47.26
47.4	47.27
47.4	47.28
47.8	47.29
47.8	47.30
47.4	47.31
47.9	47.32
47.9	47.33
47.1	47.34
47.8	47.35
47.8	47.36
47.9	47.37
47.4	47.38
47.8	47.39
47.4	47.40
47.4	47.41
47.8	47.42
47.5	47.43
47.4	47.44
47.4	47.45
47.8	47.46
47.8	47.47
47.4	47.48
47.8	47.49
47.4	47.50
47.4	47.51
47.2	47.52
47.8	47.53
47.1	47.54
47.7	47.55
47.8	47.56
47.4	47.57
47.1	47.58
47.9	47.59
47.3	47.60
47.7	47.61
47.8	47.62
47.9	47.63
47.4	47.64
48.8	48.1
48.5	48.2
48.11	48.3
48.8	48.4
48.8	48.5
48.6	48.6
48.5	48.7
48.5	48.8
48.1	48.9
48.6	48.10
48.4	48.11
48.11	48.12
48.11	48.13
48.10	48.14
48.5	48.15
48.5	48.16
48.6	48.17
48.9	48.18
48.8	48.19
48.1	48.20
48.5	48.21
48.1	48.22
48.6	48.23
48.10	48.24
48.6	48.25
48.10	48.26
48.6	48.27
48.5	48.28
48.5	48.29
48.2	48.30
48.6	48.31
48.5	48.32
48.10	48.33
48.11	48.34
48.5	48.35
48.5	48.36
48.10	48.37
48.10	48.38
48.5	48.39
48.6	48.40
48.6	48.41
48.11	48.42
48.5	48.43
48.5	48.44
48.8	48.45
48.7	48.46
48.1	48.47
48.10	48.48
48.10	48.49
48.3	48.50
48.8	48.51
48.6	48.52
48.5	48.53
48.6	48.54
48.11	48.55
48.11	48.56
48.5	48.57
48.8	48.58
48.8	48.59
48.8	48.60
48.8	48.61
48.8	48.62
48.8	48.63
48.6	48.64
49.10	49.1
49.8	49.2
49.14	49.3
49.14	49.4
49.5	49.5
49.14	49.6
49.6	49.7
49.14	49.8
49.1	49.9
49.1	49.10
49.2	49.11
49.10	49.12
49.14	49.13
49.13	49.14
49.1	49.15
49.6	49.16
49.8	49.17
49.7	49.18
49.1	49.19
49.14	49.20
49.8	49.21
49.5	49.22
49.10	49.23
49.14	49.24
49.10	49.25
49.1	49.26
49.10	49.27
49.10	49.28
49.8	49.29
49.8	49.30
49.10	49.31
49.8	49.32
49.6	49.33
49.10	49.34
49.10	49.35
49.8	49.36
49.10	49.37
49.8	49.38
49.10	49.39
49.1	49.40
49.9	49.41
49.11	49.42
49.8	49.43
49.14	49.44
49.8	49.45
49.6	49.46
49.14	49.47
49.10	49.48
49.8	49.49
49.10	49.50
49.3	49.51
49.14	49.52
49.10	49.53
49.7	49.54
49.10	49.55
49.14	49.56
49.13	49.57
49.11	49.58
49.10	49.59
49.10	49.60
49.14	49.61
49.12	49.62
49.9	49.63
49.4	49.64
50.7	50.1
50.7	50.2
50.1	50.3
50.7	50.4
50.1	50.5
50.7	50.6
50.7	50.7
50.7	50.8
50.7	50.9
50.7	50.10
50.1	50.11
50.1	50.12
50.7	50.13
50.7	50.14
50.7	50.15
50.1	50.16
50.1	50.17
50.1	50.18
50.7	50.19
50.1	50.20
50.7	50.21
50.1	50.22
50.1	50.23
50.7	50.24
50.7	50.25
50.1	50.26
50.1	50.27
50.7	50.28
50.7	50.29
50.2	50.30
50.1	50.31
50.7	50.32
50.1	50.33
50.1	50.34
50.7	50.35
50.7	50.36
50.7	50.37
50.7	50.38
50.4	50.39
50.7	50.40
50.7	50.41
50.5	50.42
50.6	50.43
50.1	50.44
50.7	50.45
50.7	50.46
50.7	50.47
50.5	50.48
50.1	50.49
50.7	50.50
50.5	50.51
50.7	50.52
50.1	50.53
50.1	50.54
50.7	50.55
50.7	50.56
50.1	50.57
50.3	50.58
50.7	50.59
50.1	50.60
50.5	50.61
50.7	50.62
50.7	50.63
50.1	50.64
51.4	51.1
51.1	51.2
51.1	51.3
51.5	51.4
51.4	51.5
51.1	51.6
51.1	51.7
51.4	51.8
51.1	51.9
51.1	51.10
51.1	51.11
51.5	51.12
51.1	51.13
51.4	51.14
51.4	51.15
51.1	51.16
51.1	51.17
51.5	51.18
51.1	51.19
51.1	51.20
51.3	51.21
51.1	51.22
51.5	51.23
51.1	51.24
51.5	51.25
51.1	51.26
51.1	51.27
51.3	51.28
51.4	51.29
51.5	51.30
51.1	51.31
51.1	51.32
51.1	51.33
51.2	51.34
51.1	51.35
51.1	51.36
51.4	51.37
51.1	51.38
51.1	51.39
51.1	51.40
51.1	51.41
51.1	51.42
51.5	51.43
51.1	51.44
51.5	51.45
51.1	51.46
51.4	51.47
51.1	51.48
51.1	51.49
51.1	51.50
51.4	51.51
51.5	51.52
51.1	51.53
51.1	51.54
51.1	51.55
51.1	51.56
51.1	51.57
51.3	51.58
51.1	51.59
51.5	51.60
51.1	51.61
51.1	51.62
51.4	51.63
51.5	51.64
52.10	52.1
52.10	52.2
52.8	52.3
52.8	52.4
52.8	52.5
52.8	52.6
52.5	52.7
52.10	52.8
52.8	52.9
52.7	52.10
52.1	52.11
52.10	52.12
52.11	52.13
52.8	52.14
52.8	52.15
52.11	52.16
52.8	52.17
52.8	52.18
52.11	52.19
52.10	52.20
52.1	52.21
52.10	52.22
52.9	52.23
52.8	52.24
52.8	52.25
52.10	52.26
52.10	52.27
52.8	52.28
52.10	52.29
52.8	52.30
52.8	52.31
52.5	52.32
52.1	52.33
52.8	52.34
52.11	52.35
52.11	52.36
52.11	52.37
52.5	52.38
52.11	52.39
52.8	52.40
52.10	52.41
52.5	52.42
52.10	52.43
52.11	52.44
52.11	52.45
52.8	52.46
52.4	52.47
52.11	52.48
52.8	52.49
52.10	52.50
52.5	52.51
52.10	52.52
52.2	52.53
52.3	52.54
52.10	52.55
52.11	52.56
52.6	52.57
52.3	52.58
52.8	52.59
52.1	52.60
52.1	52.61
52.5	52.62
52.10	52.63
52.11	52.64
53.1	53.1
53.12	53.2
53.12	53.3
53.12	53.4
53.1	53.5
53.12	53.6
53.5	53.7
53.8	53.8
53.12	53.9
53.1	53.10
53.12	53.11
53.10	53.12
53.10	53.13
53.9	53.14
53.11	53.15
53.12	53.16
53.1	53.17
53.7	53.18
53.5	53.19
53.1	53.20
53.12	53.21
53.12	53.22
53.12	53.23
53.3	53.24
53.10	53.25
53.1	53.26
53.1	53.27
53.8	53.28
53.5	53.29
53.10	53.30
53.4	53.31
53.12	53.32
53.11	53.33
53.12	53.34
53.10	53.35
53.10	53.36
53.12	53.37
53.10	53.38
53.4	53.39
53.1	53.40
53.5	53.41
53.12	53.42
53.6	53.43
53.12	53.44
53.7	53.45
53.1	53.46
53.12	53.47
53.5	53.48
53.12	53.49
53.10	53.50
53.12	53.51
53.2	53.52
53.1	53.53
53.10	53.54
53.12	53.55
53.12	53.56
53.9	53.57
53.1	53.58
53.1	53.59
53.12	53.60
53.1	53.61
53.12	53.62
53.1	53.63
53.10	53.64
54.9	54.1
54.9	54.2
54.9	54.3
54.1	54.4
54.9	54.5
54.1	54.6
54.1	54.7
54.1	54.8
54.1	54.9
54.1	54.10
54.13	54.11
54.1	54.12
54.9	54.13
54.1	54.14
54.1	54.15
54.1	54.16
54.9	54.17
54.11	54.18
54.1	54.19
54.9	54.20
54.1	54.21
54.13	54.22
54.9	54.23
54.2	54.24
54.7	54.25
54.7	54.26
54.13	54.27
54.9	54.28
54.1	54.29
54.1	54.30
54.9	54.31
54.11	54.32
54.13	54.33
54.13	54.34
54.1	54.35
54.10	54.36
54.13	54.37
54.1	54.38
54.9	54.39
54.1	54.40
54.6	54.41
54.1	54.42
54.9	54.43
54.3	54.44
54.9	54.45
54.13	54.46
54.13	54.47
54.4	54.48
54.1	54.49
54.13	54.50
54.9	54.51
54.13	54.52
54.1	54.53
54.12	54.54
54.13	54.55
54.1	54.56
54.13	54.57
54.1	54.58
54.5	54.59
54.8	54.60
54.9	54.61
54.1	54.62
54.1	54.63
54.1	54.64
55.1	55.1
55.7	55.2
55.6	55.3
55.7	55.4
55.1	55.5
55.5	55.6
55.1	55.7
55.1	55.8
55.4	55.9
55.1	55.10
55.7	55.11
55.5	55.12
55.1	55.13
55.1	55.14
55.1	55.15
55.1	55.16
55.5	55.17
55.1	55.18
55.7	55.19
55.3	55.20
55.1	55.21
55.7	55.22
55.2	55.23
55.1	55.24
55.1	55.25
55.1	55.26
55.1	55.27
55.7	55.28
55.1	55.29
55.7	55.30
55.5	55.31
55.7	55.32
55.1	55.33
55.1	55.34
55.1	55.35
55.7	55.36
55.7	55.37
55.4	55.38
55.1	55.39
55.7	55.40
55.3	55.41
55.1	55.42
55.1	55.43
55.1	55.44
55.1	55.45
55.1	55.46
55.7	55.47
55.7	55.48
55.5	55.49
55.1	55.50
55.7	55.51
55.1	55.52
55.7	55.53
55.1	55.54
55.1	55.55
55.1	55.56
55.1	55.57
55.7	55.58
55.1	55.59
55.7	55.60
55.5	55.61
55.1	55.62
55.1	55.63
55.1	55.64
56.10	56.1
56.10	56.2
56.10	56.3
56.14	56.4
56.7	56.5
56.2	56.6
56.8	56.7
56.14	56.8
56.14	56.9
56.14	56.10
56.1	56.11
56.10	56.12
56.1	56.13
56.1	56.14
56.8	56.15
56.14	56.16
56.10	56.17
56.14	56.18
56.5	56.19
56.14	56.20
56.1	56.21
56.7	56.22
56.1	56.23
56.1	56.24
56.14	56.25
56.1	56.26
56.9	56.27
56.1	56.28
56.14	56.29
56.10	56.30
56.12	56.31
56.11	56.32
56.10	56.33
56.10	56.34
56.9	56.35
56.14	56.36
56.1	56.37
56.8	56.38
56.9	56.39
56.1	56.40
56.11	56.41
56.14	56.42
56.10	56.43
56.9	56.44
56.14	56.45
56.14	56.46
56.10	56.47
56.1	56.48
56.5	56.49
56.9	56.50
56.10	56.51
56.1	56.52
56.3	56.53
56.8	56.54
56.6	56.55
56.14	56.56
56.9	56.57
56.4	56.58
56.4	56.59
56.13	56.60
56.14	56.61
56.10	56.62
56.14	56.63
56.14	56.64
57.1	57.1
57.1	57.2
57.1	57.3
57.1	57.4
57.1	57.5
57.1	57.6
57.1	57.7
57.1	57.8
57.1	57.9
57.1	57.10
57.1	57.11
57.1	57.12
57.1	57.13
57.1	57.14
57.5	57.15
57.1	57.16
57.1	57.17
57.1	57.18
57.1	57.19
57.5	57.20
57.1	57.21
57.6	57.22
57.1	57.23
57.1	57.24
57.1	57.25
57.5	57.26
57.1	57.27
57.1	57.28
57.2	57.29
57.1	57.30
57.1	57.31
57.1	57.32
57.1	57.33
57.1	57.34
57.1	57.35
57.1	57.36
57.4	57.37
57.1	57.38
57.1	57.39
57.1	57.40
57.5	57.41
57.5	57.42
57.1	57.43
57.1	57.44
57.1	57.45
57.1	57.46
57.5	57.47
57.1	57.48
57.7	57.49
57.1	57.50
57.1	57.51
57.5	57.52
57.5	57.53
57.5	57.54
57.1	57.55
57.1	57.56
57.3	57.57
57.5	57.58
57.1	57.59
57.5	57.60
57.4	57.61
57.1	57.62
57.1	57.63
57.5	57.64
58.1	58.1
58.1	58.2
58.6	58.3
58.1	58.4
58.1	58.5
58.1	58.6
58.1	58.7
58.1	58.8
58.6	58.9
58.1	58.10
58.1	58.11
58.1	58.12
58.1	58.13
58.5	58.14
58.1	58.15
58.6	58.16
58.1	58.17
58.1	58.18
58.5	58.19
58.4	58.20
58.1	58.21
58.4	58.22
58.1	58.23
58.1	58.24
58.6	58.25
58.6	58.26
58.1	58.27
58.1	58.28
58.1	58.29
58.1	58.30
58.6	58.31
58.1	58.32
58.1	58.33
58.1	58.34
58.1	58.35
58.6	58.36
58.1	58.37
58.6	58.38
58.6	58.39
58.1	58.40
58.1	58.41
58.1	58.42
58.5	58.43
58.4	58.44
58.1	58.45
58.4	58.46
58.1	58.47
58.1	58.48
58.6	58.49
58.1	58.50
58.4	58.51
58.4	58.52
58.1	58.53
58.3	58.54
58.6	58.55
58.1	58.56
58.1	58.57
58.1	58.58
58.6	58.59
58.6	58.60
58.6	58.61
58.1	58.62
58.1	58.63
58.2	58.64
59.1	59.1
59.1	59.2
59.5	59.3
59.1	59.4
59.4	59.5
59.1	59.6
59.4	59.7
59.1	59.8
59.1	59.9
59.4	59.10
59.1	59.11
59.1	59.12
59.4	59.13
59.1	59.14
59.1	59.15
59.4	59.16
59.5	59.17
59.1	59.18
59.1	59.19
59.5	59.20
59.1	59.21
59.1	59.22
59.1	59.23
59.7	59.24
59.1	59.25
59.1	59.26
59.1	59.27
59.8	59.28
59.1	59.29
59.1	59.30
59.1	59.31
59.3	59.32
59.1	59.33
59.6	59.34
59.4	59.35
59.4	59.36
59.10	59.37
59.9	59.38
59.1	59.39
59.1	59.40
59.8	59.41
59.4	59.42
59.1	59.43
59.1	59.44
59.1	59.45
59.1	59.46
59.4	59.47
59.1	59.48
59.4	59.49
59.1	59.50
59.1	59.51
59.1	59.52
59.8	59.53
59.1	59.54
59.1	59.55
59.1	59.56
59.4	59.57
59.3	59.58
59.1	59.59
59.5	59.60
59.5	59.61
59.1	59.62
59.2	59.63
59.1	59.64
60.14	60.1
60.9	60.2
60.14	60.3
60.14	60.4
60.14	60.5
60.9	60.6
60.17	60.7
60.14	60.8
60.16	60.9
60.14	60.10
60.9	60.11
60.9	60.12
60.14	60.13
60.1	60.14
60.9	60.15
60.1	60.16
60.3	60.17
60.9	60.18
60.6	60.19
60.1	60.20
60.9	60.21
60.9	60.22
60.9	60.23
60.16	60.24
60.16	60.25
60.1	60.26
60.14	60.27
60.17	60.28
60.14	60.29
60.12	60.30
60.14	60.31
60.11	60.32
60.8	60.33
60.14	60.34
60.9	60.35
60.2	60.36
60.5	60.37
60.9	60.38
60.7	60.39
60.8	60.40
60.9	60.41
60.6	60.42
60.14	60.43
60.16	60.44
60.7	60.45
60.9	60.46
60.1	60.47
60.9	60.48
60.13	60.49
60.1	60.50
60.9	60.51
60.9	60.52
60.10	60.53
60.14	60.54
60.9	60.55
60.14	60.56
60.14	60.57
60.4	60.58
60.18	60.59
60.14	60.60
60.13	60.61
60.15	60.62
60.6	60.63
60.17	60.64
61.7	61.1
61.1	61.2
61.6	61.3
61.7	61.4
61.1	61.5
61.6	61.6
61.1	61.7
61.1	61.8
61.6	61.9
61.6	61.10
61.7	61.11
61.1	61.12
61.7	61.13
61.1	61.14
61.7	61.15
61.1	61.16
61.6	61.17
61.7	61.18
61.1	61.19
61.1	61.20
61.6	61.21
61.6	61.22
61.7	61.23
61.3	61.24
61.1	61.25
61.6	61.26
61.7	61.27
61.6	61.28
61.4	61.29
61.5	61.30
61.7	61.31
61.1	61.32
61.7	61.33
61.7	61.34
61.5	61.35
61.1	61.36
61.7	61.37
61.6	61.38
61.1	61.39
61.7	61.40
61.7	61.41
61.7	61.42
61.2	61.43
61.4	61.44
61.1	61.45
61.1	61.46
61.7	61.47
61.4	61.48
61.7	61.49
61.6	61.50
61.1	61.51
61.1	61.52
61.1	61.53
61.1	61.54
61.7	61.55
61.7	61.56
61.7	61.57
61.7	61.58
61.7	61.59
61.7	61.60
61.1	61.61
61.1	61.62
61.7	61.63
61.4	61.64
62.1	62.1
62.1	62.2
62.1	62.3
62.1	62.4
62.1	62.5
62.1	62.6
62.8	62.7
62.9	62.8
62.9	62.9
62.1	62.10
62.1	62.11
62.1	62.12
62.8	62.13
62.9	62.14
62.1	62.15
62.5	62.16
62.1	62.17
62.1	62.18
62.9	62.19
62.1	62.20
62.9	62.21
62.1	62.22
62.2	62.23
62.5	62.24
62.5	62.25
62.9	62.26
62.1	62.27
62.9	62.28
62.9	62.29
62.1	62.30
62.6	62.31
62.5	62.32
62.9	62.33
62.9	62.34
62.5	62.35
62.4	62.36
62.1	62.37
62.7	62.38
62.1	62.39
62.9	62.40
62.1	62.41
62.9	62.42
62.5	62.43
62.8	62.44
62.1	62.45
62.1	62.46
62.1	62.47
62.7	62.48
62.5	62.49
62.1	62.50
62.9	62.51
62.9	62.52
62.3	62.53
62.9	62.54
62.1	62.55
62.5	62.56
62.1	62.57
62.5	62.58
62.9	62.59
62.1	62.60
62.1	62.61
62.9	62.62
62.1	62.63
62.9	62.64
63.1	63.1
63.4	63.2
63.4	63.3
63.4	63.4
63.4	63.5
63.4	63.6
63.1	63.7
63.4	63.8
63.1	63.9
63.4	63.10
63.4	63.11
63.1	63.12
63.4	63.13
63.1	63.14
63.4	63.15
63.4	63.16
63.4	63.17
63.1	63.18
63.1	63.19
63.1	63.20
63.1	63.21
63.4	63.22
63.4	63.23
63.1	63.24
63.4	63.25
63.7	63.26
63.4	63.27
63.4	63.28
63.4	63.29
63.4	63.30
63.4	63.31
63.4	63.32
63.4	63.33
63.1	63.34
63.1	63.35
63.4	63.36
63.7	63.37
63.4	63.38
63.4	63.39
63.4	63.40
63.4	63.41
63.4	63.42
63.2	63.43
63.5	63.44
63.8	63.45
63.1	63.46
63.4	63.47
63.1	63.48
63.7	63.49
63.4	63.50
63.3	63.51
63.6	63.52
63.4	63.53
63.4	63.54
63.4	63.55
63.1	63.56
63.1	63.57
63.1	63.58
63.4	63.59
63.4	63.60
63.4	63.61
63.4	63.62
63.4	63.63
63.1	63.64
64.4	64.1
64.4	64.2
64.5	64.3
64.4	64.4
64.1	64.5
64.4	64.6
64.5	64.7
64.5	64.8
64.1	64.9
64.1	64.10
64.3	64.11
64.5	64.12
64.1	64.13
64.5	64.14
64.5	64.15
64.5	64.16
64.5	64.17
64.5	64.18
64.5	64.19
64.5	64.20
64.5	64.21
64.5	64.22
64.5	64.23
64.1	64.24
64.4	64.25
64.1	64.26
64.5	64.27
64.4	64.28
64.2	64.29
64.5	64.30
64.5	64.31
64.5	64.32
64.5	64.33
64.5	64.34
64.1	64.35
64.1	64.36
64.5	64.37
64.5	64.38
64.3	64.39
64.5	64.40
64.1	64.41
64.5	64.42
64.1	64.43
64.5	64.44
64.5	64.45
64.5	64.46
64.3	64.47
64.5	64.48
64.1	64.49
64.1	64.50
64.4	64.51
64.5	64.52
64.1	64.53
64.1	64.54
64.1	64.55
64.5	64.56
64.5	64.57
64.5	64.58
64.1	64.59
64.5	64.60
64.4	64.61
64.1	64.62
64.5	64.63
64.4	64.64
65.6	65.1
65.1	65.2
65.4	65.3
65.1	65.4
65.1	65.5
65.6	65.6
65.6	65.7
65.1	65.8
65.1	65.9
65.1	65.10
65.1	65.11
65.6	65.12
65.1	65.13
65.1	65.14
65.5	65.15
65.1	65.16
65.1	65.17
65.1	65.18
65.1	65.19
65.6	65.20
65.1	65.21
65.1	65.22
65.6	65.23
65.1	65.24
65.1	65.25
65.6	65.26
65.1	65.27
65.6	65.28
65.2	65.29
65.6	65.30
65.1	65.31
65.6	65.32
65.5	65.33
65.1	65.34
65.1	65.35
65.1	65.36
65.5	65.37
65.1	65.38
65.1	65.39
65.1	65.40
65.1	65.41
65.1	65.42
65.6	65.43
65.1	65.44
65.6	65.45
65.6	65.46
65.1	65.47
65.1	65.48
65.1	65.49
65.6	65.50
65.6	65.51
65.1	65.52
65.6	65.53
65.1	65.54
65.1	65.55
65.3	65.56
65.1	65.57
65.1	65.58
65.1	65.59
65.1	65.60
65.1	65.61
65.1	65.62
65.6	65.63
65.6	65.64
66.1	66.1
66.7	66.2
66.1	66.3
66.1	66.4
66.1	66.5
66.1	66.6
66.1	66.7
66.1	66.8
66.7	66.9
66.1	66.10
66.7	66.11
66.1	66.12
66.3	66.13
66.7	66.14
66.7	66.15
66.1	66.16
66.1	66.17
66.1	66.18
66.5	66.19
66.1	66.20
66.1	66.21
66.7	66.22
66.7	66.23
66.5	66.24
66.1	66.25
66.1	66.26
66.1	66.27
66.1	66.28
66.7	66.29
66.7	66.30
66.7	66.31
66.7	66.32
66.7	66.33
66.7	66.34
66.7	66.35
66.6	66.36
66.7	66.37
66.7	66.38
66.7	66.39
66.1	66.40
66.7	66.41
66.1	66.42
66.7	66.43
66.7	66.44
66.5	66.45
66.7	66.46
66.7	66.47
66.1	66.48
66.5	66.49
66.7	66.50
66.5	66.51
66.5	66.52
66.5	66.53
66.4	66.54
66.7	66.55
66.5	66.56
66.7	66.57
66.5	66.58
66.7	66.59
66.4	66.60
66.7	66.61
66.1	66.62
66.2	66.63
66.7	66.64
67.1	67.1
67.6	67.2
67.1	67.3
67.6	67.4
67.5	67.5
67.6	67.6
67.6	67.7
67.6	67.8
67.1	67.9
67.6	67.10
67.5	67.11
67.6	67.12
67.6	67.13
67.5	67.14
67.6	67.15
67.1	67.16
67.1	67.17
67.6	67.18
67.6	67.19
67.1	67.20
67.6	67.21
67.1	67.22
67.4	67.23
67.5	67.24
67.1	67.25
67.6	67.26
67.6	67.27
67.1	67.28
67.6	67.29
67.6	67.30
67.2	67.31
67.1	67.32
67.5	67.33
67.6	67.34
67.6	67.35
67.1	67.36
67.6	67.37
67.1	67.38
67.6	67.39
67.5	67.40
67.6	67.41
67.6	67.42
67.1	67.43
67.1	67.44
67.3	67.45
67.6	67.46
67.6	67.47
67.6	67.48
67.1	67.49
67.5	67.50
67.6	67.51
67.5	67.52
67.5	67.53
67.6	67.54
67.6	67.55
67.6	67.56
67.6	67.57
67.6	67.58
67.1	67.59
67.5	67.60
67.5	67.61
67.5	67.62
67.5	67.63
67.1	67.64
68.1	68.1
68.1	68.2
68.6	68.3
68.1	68.4
68.1	68.5
68.5	68.6
68.1	68.7
68.7	68.8
68.6	68.9
68.7	68.10
68.1	68.11
68.3	68.12
68.7	68.13
68.1	68.14
68.1	68.15
68.6	68.16
68.7	68.17
68.7	68.18
68.7	68.19
68.7	68.20
68.7	68.21
68.5	68.22
68.1	68.23
68.6	68.24
68.1	68.25
68.1	68.26
68.7	68.27
68.3	68.28
68.5	68.29
68.1	68.30
68.1	68.31
68.1	68.32
68.6	68.33
68.1	68.34
68.1	68.35
68.3	68.36
68.4	68.37
68.1	68.38
68.1	68.39
68.1	68.40
68.1	68.41
68.7	68.42
68.6	68.43
68.7	68.44
68.6	68.45
68.5	68.46
68.5	68.47
68.7	68.48
68.7	68.49
68.7	68.50
68.2	68.51
68.1	68.52
68.1	68.53
68.7	68.54
68.1	68.55
68.7	68.56
68.6	68.57
68.6	68.58
68.7	68.59
68.1	68.60
68.1	68.61
68.7	68.62
68.7	68.63
68.7	68.64
69.8	69.1
69.10	69.2
69.8	69.3
69.12	69.4
69.8	69.5
69.11	69.6
69.9	69.7
69.5	69.8
69.12	69.9
69.12	69.10
69.6	69.11
69.6	69.12
69.10	69.13
69.6	69.14
69.2	69.15
69.1	69.16
69.9	69.17
69.8	69.18
69.6	69.19
69.8	69.20
69.11	69.21
69.1	69.22
69.9	69.23
69.4	69.24
69.4	69.25
69.9	69.26
69.10	69.27
69.1	69.28
69.8	69.29
69.11	69.30
69.12	69.31
69.1	69.32
69.12	69.33
69.7	69.34
69.12	69.35
69.7	69.36
69.7	69.37
69.1	69.38
69.12	69.39
69.6	69.40
69.12	69.41
69.6	69.42
69.5	69.43
69.9	69.44
69.5	69.45
69.6	69.46
69.12	69.47
69.12	69.48
69.12	69.49
69.7	69.50
69.12	69.51
69.10	69.52
69.8	69.53
69.6	69.54
69.1	69.55
69.9	69.56
69.10	69.57
69.12	69.58
69.8	69.59
69.3	69.60
69.9	69.61
69.8	69.62
69.1	69.63
69.12	69.64
70.10	70.1
70.6	70.2
70.10	70.3
70.6	70.4
70.6	70.5
70.4	70.6
70.5	70.7
70.10	70.8
70.6	70.9
70.6	70.10
70.6	70.11
70.10	70.12
70.6	70.13
70.1	70.14
70.10	70.15
70.1	70.16
70.10	70.17
70.10	70.18
70.10	70.19
70.6	70.20
70.6	70.21
70.6	70.22
70.6	70.23
70.10	70.24
70.8	70.25
70.8	70.26
70.10	70.27
70.6	70.28
70.10	70.29
70.6	70.30
70.10	70.31
70.9	70.32
70.2	70.33
70.3	70.34
70.6	70.35
70.6	70.36
70.6	70.37
70.6	70.38
70.6	70.39
70.10	70.40
70.6	70.41
70.6	70.42
70.1	70.43
70.1	70.44
70.8	70.45
70.6	70.46
70.6	70.47
70.10	70.48
70.10	70.49
70.10	70.50
70.10	70.51
70.6	70.52
70.8	70.53
70.10	70.54
70.10	70.55
70.7	70.56
70.1	70.57
70.10	70.58
70.6	70.59
70.10	70.60
70.6	70.61
70.6	70.62
70.6	70.63
70.6	70.64
71.4	71.1
71.1	71.2
71.6	71.3
71.6	71.4
71.1	71.5
71.1	71.6
71.6	71.7
71.1	71.8
71.6	71.9
71.6	71.10
71.6	71.11
71.1	71.12
71.1	71.13
71.6	71.14
71.1	71.15
71.1	71.16
71.6	71.17
71.6	71.18
71.1	71.19
71.1	71.20
71.1	71.21
71.7	71.22
71.6	71.23
71.1	71.24
71.5	71.25
71.4	71.26
71.5	71.27
71.1	71.28
71.1	71.29
71.1	71.30
71.6	71.31
71.1	71.32
71.7	71.33
71.8	71.34
71.1	71.35
71.2	71.36
71.6	71.37
71.6	71.38
71.6	71.39
71.5	71.40
71.8	71.41
71.5	71.42
71.6	71.43
71.9	71.44
71.8	71.45
71.1	71.46
71.1	71.47
71.6	71.48
71.5	71.49
71.5	71.50
71.6	71.51
71.5	71.52
71.8	71.53
71.6	71.54
71.6	71.55
71.1	71.56
71.5	71.57
71.4	71.58
71.5	71.59
71.3	71.60
71.6	71.61
71.6	71.62
71.1	71.63
71.6	71.64
72.1	72.1
72.6	72.2
72.1	72.3
72.1	72.4
72.4	72.5
72.4	72.6
72.1	72.7
72.1	72.8
72.4	72.9
72.4	72.10
72.4	72.11
72.2	72.12
72.4	72.13
72.4	72.14
72.4	72.15
72.4	72.16
72.1	72.17
72.5	72.18
72.1	72.19
72.4	72.20
72.4	72.21
72.4	72.22
72.4	72.23
72.4	72.24
72.4	72.25
72.4	72.26
72.4	72.27
72.4	72.28
72.1	72.29
72.7	72.30
72.1	72.31
72.4	72.32
72.1	72.33
72.4	72.34
72.4	72.35
72.1	72.36
72.1	72.37
72.1	72.38
72.4	72.39
72.4	72.40
72.4	72.41
72.4	72.42
72.4	72.43
72.1	72.44
72.1	72.45
72.4	72.46
72.4	72.47
72.7	72.48
72.4	72.49
72.3	72.50
72.1	72.51
72.1	72.52
72.1	72.53
72.4	72.54
72.4	72.55
72.6	72.56
72.1	72.57
72.4	72.58
72.1	72.59
72.6	72.60
72.1	72.61
72.4	72.62
72.6	72.63
72.1	72.64
73.1	73.1
73.3	73.2
73.1	73.3
73.7	73.4
73.2	73.5
73.1	73.6
73.3	73.7
73.1	73.8
73.1	73.9
73.7	73.10
73.3	73.11
73.3	73.12
73.5	73.13
73.7	73.14
73.7	73.15
73.1	73.16
73.7	73.17
73.1	73.18
73.3	73.19
73.1	73.20
73.1	73.21
73.3	73.22
73.3	73.23
73.6	73.24
73.5	73.25
73.7	73.26
73.1	73.27
73.4	73.28
73.6	73.29
73.7	73.30
73.5	73.31
73.1	73.32
73.1	73.33
73.7	73.34
73.5	73.35
73.1	73.36
73.5	73.37
73.1	73.38
73.6	73.39
73.3	73.40
73.7	73.41
73.7	73.42
73.3	73.43
73.6	73.44
73.7	73.45
73.5	73.46
73.3	73.47
73.6	73.48
73.1	73.49
73.3	73.50
73.7	73.51
73.7	73.52
73.7	73.53
73.6	73.54
73.5	73.55
73.6	73.56
73.1	73.57
73.1	73.58
73.5	73.59
73.1	73.60
73.5	73.61
73.1	73.62
73.4	73.63
73.3	73.64
74.8	74.1
74.4	74.2
74.8	74.3
74.10	74.4
74.8	74.5
74.4	74.6
74.4	74.7
74.7	74.8
74.8	74.9
74.4	74.10
74.8	74.11
74.8	74.12
74.8	74.13
74.8	74.14
74.8	74.15
74.4	74.16
74.8	74.17
74.8	74.18
74.4	74.19
74.8	74.20
74.4	74.21
74.10	74.22
74.4	74.23
74.8	74.24
74.4	74.25
74.10	74.26
74.11	74.27
74.4	74.28
74.8	74.29
74.8	74.30
74.8	74.31
74.4	74.32
74.8	74.33
74.4	74.34
74.4	74.35
74.8	74.36
74.10	74.37
74.4	74.38
74.4	74.39
74.4	74.40
74.1	74.41
74.4	74.42
74.8	74.43
74.8	74.44
74.8	74.45
74.7	74.46
74.4	74.47
74.4	74.48
74.9	74.49
74.3	74.50
74.5	74.51
74.10	74.52
74.8	74.53
74.4	74.54
74.7	74.55
74.10	74.56
74.4	74.57
74.8	74.58
74.4	74.59
74.2	74.60
74.4	74.61
74.11	74.62
74.4	74.63
74.6	74.64
75.11	75.1
75.5	75.2
75.5	75.3
75.11	75.4
75.5	75.5
75.11	75.6
75.10	75.7
75.5	75.8
75.5	75.9
75.5	75.10
75.11	75.11
75.11	75.12
75.11	75.13
75.5	75.14
75.11	75.15
75.10	75.16
75.9	75.17
75.11	75.18
75.5	75.19
75.2	75.20
75.10	75.21
75.11	75.22
75.11	75.23
75.3	75.24
75.6	75.25
75.10	75.26
75.10	75.27
75.11	75.28
75.6	75.29
75.10	75.30
75.5	75.31
75.11	75.32
75.11	75.33
75.5	75.34
75.11	75.35
75.11	75.36
75.5	75.37
75.5	75.38
75.8	75.39
75.11	75.40
75.5	75.41
75.5	75.42
75.5	75.43
75.1	75.44
75.4	75.45
75.4	75.46
75.9	75.47
75.5	75.48
75.5	75.49
75.10	75.50
75.1	75.51
75.9	75.52
75.5	75.53
75.5	75.54
75.5	75.55
75.1	75.56
75.7	75.57
75.5	75.58
75.11	75.59
75.10	75.60
75.9	75.61
75.10	75.62
75.1	75.63
75.5	75.64
76.7	76.1
76.7	76.2
76.7	76.3
76.1	76.4
76.1	76.5
76.7	76.6
76.7	76.7
76.7	76.8
76.1	76.9
76.5	76.10
76.1	76.11
76.1	76.12
76.7	76.13
76.7	76.14
76.7	76.15
76.7	76.16
76.5	76.17
76.7	76.18
76.7	76.19
76.7	76.20
76.4	76.21
76.7	76.22
76.7	76.23
76.7	76.24
76.7	76.25
76.7	76.26
76.7	76.27
76.7	76.28
76.1	76.29
76.7	76.30
76.7	76.31
76.7	76.32
76.1	76.33
76.1	76.34
76.1	76.35
76.6	76.36
76.1	76.37
76.7	76.38
76.1	76.39
76.7	76.40
76.6	76.41
76.1	76.42
76.7	76.43
76.5	76.44
76.1	76.45
76.7	76.46
76.1	76.47
76.7	76.48
76.7	76.49
76.5	76.50
76.1	76.51
76.6	76.52
76.7	76.53
76.5	76.54
76.2	76.55
76.7	76.56
76.7	76.57
76.7	76.58
76.1	76.59
76.1	76.60
76.7	76.61
76.3	76.62
76.6	76.63
76.1	76.64
77.1	77.1
77.7	77.2
77.4	77.3
77.4	77.4
77.7	77.5
77.4	77.6
77.4	77.7
77.6	77.8
77.4	77.9
77.7	77.10
77.4	77.11
77.7	77.12
77.4	77.13
77.4	77.14
77.4	77.15
77.4	77.16
77.2	77.17
77.4	77.18
77.4	77.19
77.5	77.20
77.7	77.21
77.4	77.22
77.7	77.23
77.4	77.24
77.4	77.25
77.7	77.26
77.1	77.27
77.4	77.28
77.5	77.29
77.7	77.30
77.7	77.31
77.4	77.32
77.7	77.33
77.5	77.34
77.1	77.35
77.4	77.36
77.4	77.37
77.7	77.38
77.1	77.39
77.1	77.40
77.1	77.41
77.4	77.42
77.4	77.43
77.4	77.44
77.5	77.45
77.1	77.46
77.1	77.47
77.1	77.48
77.4	77.49
77.7	77.50
77.7	77.51
77.7	77.52
77.5	77.53
77.3	77.54
77.4	77.55
77.1	77.56
77.1	77.57
77.4	77.58
77.4	77.59
77.7	77.60
77.7	77.61
77.4	77.62
77.4	77.63
77.7	77.64
78.9	78.1
78.9	78.2
78.1	78.3
78.8	78.4
78.1	78.5
78.9	78.6
78.1	78.7
78.2	78.8
78.8	78.9
78.1	78.10
78.7	78.11
78.9	78.12
78.6	78.13
78.8	78.14
78.1	78.15
78.1	78.16
78.1	78.17
78.6	78.18
78.1	78.19
78.9	78.20
78.9	78.21
78.8	78.22
78.1	78.23
78.1	78.24
78.8	78.25
78.9	78.26
78.1	78.27
78.1	78.28
78.1	78.29
78.1	78.30
78.1	78.31
78.1	78.32
78.8	78.33
78.1	78.34
78.1	78.35
78.1	78.36
78.4	78.37
78.8	78.38
78.1	78.39
78.9	78.40
78.1	78.41
78.1	78.42
78.5	78.43
78.1	78.44
78.1	78.45
78.1	78.46
78.3	78.47
78.1	78.48
78.1	78.49
78.6	78.50
78.6	78.51
78.1	78.52
78.6	78.53
78.8	78.54
78.1	78.55
78.5	78.56
78.1	78.57
78.1	78.58
78.8	78.59
78.7	78.60
78.1	78.61
78.8	78.62
78.8	78.63
78.1	78.64
79.5	79.1
79.5	79.2
79.5	79.3
79.1	79.4
79.1	79.5
79.1	79.6
79.5	79.7
79.1	79.8
79.5	79.9
79.1	79.10
79.5	79.11
79.5	79.12
79.1	79.13
79.4	79.14
79.1	79.15
79.1	79.16
79.5	79.17
79.1	79.18
79.1	79.19
79.1	79.20
79.5	79.21
79.1	79.22
79.5	79.23
79.1	79.24
79.5	79.25
79.5	79.26
79.5	79.27
79.5	79.28
79.1	79.29
79.1	79.30
79.1	79.31
79.5	79.32
79.6	79.33
79.6	79.34
79.1	79.35
79.7	79.36
79.5	79.37
79.2	79.38
79.5	79.39
79.1	79.40
79.5	79.41
79.6	79.42
79.5	79.43
79.7	79.44
79.7	79.45
79.1	79.46
79.1	79.47
79.1	79.48
79.7	79.49
79.3	79.50
79.5	79.51
79.5	79.52
79.1	79.53
79.5	79.54
79.1	79.55
79.5	79.56
79.6	79.57
79.7	79.58
79.1	79.59
79.1	79.60
79.1	79.61
79.1	79.62
79.1	79.63
79.5	79.64
80.2	80.1
80.2	80.2
80.6	80.3
80.2	80.4
80.2	80.5
80.8	80.6
80.2	80.7
80.1	80.8
80.8	80.9
80.8	80.10
80.7	80.11
80.2	80.12
80.12	80.13
80.8	80.14
80.10	80.15
80.12	80.16
80.12	80.17
80.7	80.18
80.12	80.19
80.12	80.20
80.10	80.21
80.8	80.22
80.2	80.23
80.11	80.24
80.8	80.25
80.12	80.26
80.2	80.27
80.8	80.28
80.2	80.29
80.2	80.30
80.7	80.31
80.6	80.32
80.2	80.33
80.8	80.34
80.2	80.35
80.2	80.36
80.12	80.37
80.8	80.38
80.12	80.39
80.2	80.40
80.8	80.41
80.12	80.42
80.2	80.43
80.9	80.44
80.8	80.45
80.8	80.46
80.11	80.47
80.12	80.48
80.8	80.49
80.5	80.50
80.2	80.51
80.8	80.52
80.12	80.53
80.4	80.54
80.2	80.55
80.2	80.56
80.2	80.57
80.12	80.58
80.7	80.59
80.2	80.60
80.8	80.61
80.3	80.62
80.12	80.63
80.12	80.64
81.5	81.1
81.3	81.2
81.3	81.3
81.3	81.4
81.3	81.5
81.5	81.6
81.3	81.7
81.3	81.8
81.3	81.9
81.3	81.10
81.3	81.11
81.5	81.12
81.5	81.13
81.3	81.14
81.3	81.15
81.3	81.16
81.5	81.17
81.3	81.18
81.1	81.19
81.5	81.20
81.5	81.21
81.5	81.22
81.3	81.23
81.3	81.24
81.5	81.25
81.5	81.26
81.4	81.27
81.4	81.28
81.5	81.29
81.4	81.30
81.3	81.31
81.5	81.32
81.5	81.33
81.5	81.34
81.3	81.35
81.3	81.36
81.3	81.37
81.3	81.38
81.5	81.39
81.1	81.40
81.1	81.41
81.3	81.42
81.3	81.43
81.3	81.44
81.3	81.45
81.5	81.46
81.5	81.47
81.3	81.48
81.5	81.49
81.3	81.50
81.5	81.51
81.3	81.52
81.4	81.53
81.3	81.54
81.3	81.55
81.5	81.56
81.3	81.57
81.3	81.58
81.4	81.59
81.3	81.60
81.5	81.61
81.2	81.62
81.3	81.63
81.4	81.64
82.9	82.1
82.9	82.2
82.9	82.3
82.9	82.4
82.1	82.5
82.5	82.6
82.8	82.7
82.9	82.8
82.8	82.9
82.5	82.10
82.9	82.11
82.8	82.12
82.8	82.13
82.9	82.14
82.9	82.15
82.8	82.16
82.1	82.17
82.1	82.18
82.1	82.19
82.9	82.20
82.5	82.21
82.8	82.22
82.2	82.23
82.6	82.24
82.8	82.25
82.1	82.26
82.9	82.27
82.8	82.28
82.1	82.29
82.8	82.30
82.9	82.31
82.9	82.32
82.9	82.33
82.1	82.34
82.9	82.35
82.8	82.36
82.1	82.37
82.9	82.38
82.8	82.39
82.8	82.40
82.1	82.41
82.9	82.42
82.9	82.43
82.8	82.44
82.8	82.45
82.9	82.46
82.9	82.47
82.8	82.48
82.8	82.49
82.7	82.50
82.9	82.51
82.1	82.52
82.9	82.53
82.9	82.54
82.9	82.55
82.7	82.56
82.3	82.57
82.1	82.58
82.1	82.59
82.8	82.60
82.9	82.61
82.4	82.62
82.9	82.63
82.9	82.64
83.8	83.1
83.1	83.2
83.8	83.3
83.8	83.4
83.5	83.5
83.11	83.6
83.9	83.7
83.9	83.8
83.8	83.9
83.9	83.10
83.6	83.11
83.8	83.12
83.8	83.13
83.10	83.14
83.8	83.15
83.8	83.16
83.11	83.17
83.8	83.18
83.1	83.19
83.8	83.20
83.1	83.21
83.10	83.22
83.8	83.23
83.11	83.24
83.10	83.25
83.8	83.26
83.8	83.27
83.11	83.28
83.4	83.29
83.1	83.30
83.8	83.31
83.2	83.32
83.11	83.33
83.7	83.34
83.8	83.35
83.11	83.36
83.8	83.37
83.8	83.38
83.3	83.39
83.1	83.40
83.11	83.41
83.8	83.42
83.9	83.43
83.8	83.44
83.8	83.45
83.1	83.46
83.8	83.47
83.8	83.48
83.8	83.49
83.1	83.50
83.1	83.51
83.1	83.52
83.1	83.53
83.1	83.54
83.8	83.55
83.1	83.56
83.9	83.57
83.1	83.58
83.1	83.59
83.8	83.60
83.1	83.61
83.8	83.62
83.8	83.63
83.10	83.64
84.6	84.1
84.6	84.2
84.6	84.3
84.9	84.4
84.1	84.5
84.1	84.6
84.7	84.7
84.7	84.8
84.6	84.9
84.6	84.10
84.9	84.11
84.7	84.12
84.9	84.13
84.5	84.14
84.9	84.15
84.6	84.16
84.9	84.17
84.3	84.18
84.9	84.19
84.6	84.20
84.1	84.21
84.5	84.22
84.9	84.23
84.6	84.24
84.1	84.25
84.9	84.26
84.9	84.27
84.1	84.28
84.1	84.29
84.9	84.30
84.9	84.31
84.9	84.32
84.7	84.33
84.1	84.34
84.1	84.35
84.5	84.36
84.1	84.37
84.6	84.38
84.9	84.39
84.1	84.40
84.6	84.41
84.9	84.42
84.4	84.43
84.5	84.44
84.5	84.45
84.1	84.46
84.9	84.47
84.9	84.48
84.1	84.49
84.9	84.50
84.8	84.51
84.1	84.52
84.1	84.53
84.2	84.54
84.1	84.55
84.1	84.56
84.9	84.57
84.9	84.58
84.1	84.59
84.7	84.60
84.1	84.61
84.9	84.62
84.5	84.63
84.1	84.64
85.8	85.1
85.8	85.2
85.7	85.3
85.1	85.4
85.7	85.5
85.8	85.6
85.7	85.7
85.1	85.8
85.8	85.9
85.7	85.10
85.8	85.11
85.2	85.12
85.4	85.13
85.6	85.14
85.6	85.15
85.7	85.16
85.7	85.17
85.1	85.18
85.6	85.19
85.7	85.20
85.8	85.21
85.6	85.22
85.7	85.23
85.1	85.24
85.6	85.25
85.7	85.26
85.8	85.27
85.8	85.28
85.3	85.29
85.1	85.30
85.6	85.31
85.7	85.32
85.7	85.33
85.1	85.34
85.1	85.35
85.1	85.36
85.7	85.37
85.1	85.38
85.6	85.39
85.6	85.40
85.1	85.41
85.5	85.42
85.1	85.43
85.7	85.44
85.6	85.45
85.7	85.46
85.7	85.47
85.7	85.48
85.1	85.49
85.1	85.50
85.7	85.51
85.1	85.52
85.7	85.53
85.7	85.54
85.8	85.55
85.8	85.56
85.7	85.57
85.6	85.58
85.6	85.59
85.8	85.60
85.7	85.61
85.1	85.62
85.5	85.63
85.1	85.64
86.6	86.1
86.5	86.2
86.5	86.3
86.5	86.4
86.5	86.5
86.1	86.6
86.1	86.7
86.5	86.8
86.3	86.9
86.3	86.10
86.6	86.11
86.6	86.12
86.5	86.13
86.1	86.14
86.4	86.15
86.1	86.16
86.1	86.17
86.5	86.18
86.1	86.19
86.1	86.20
86.5	86.21
86.1	86.22
86.3	86.23
86.5	86.24
86.5	86.25
86.5	86.26
86.6	86.27
86.1	86.28
86.5	86.29
86.6	86.30
86.3	86.31
86.5	86.32
86.1	86.33
86.1	86.34
86.2	86.35
86.3	86.36
86.1	86.37
86.1	86.38
86.5	86.39
86.6	86.40
86.1	86.41
86.3	86.42
86.3	86.43
86.3	86.44
86.5	86.45
86.5	86.46
86.3	86.47
86.6	86.48
86.3	86.49
86.4	86.50
86.5	86.51
86.1	86.52
86.3	86.53
86.3	86.54
86.3	86.55
86.1	86.56
86.3	86.57
86.1	86.58
86.1	86.59
86.3	86.60
86.3	86.61
86.5	86.62
86.5	86.63
86.5	86.64
87.1	87.1
87.1	87.2
87.1	87.3
87.1	87.4
87.6	87.5
87.1	87.6
87.1	87.7
87.1	87.8
87.6	87.9
87.1	87.10
87.6	87.11
87.1	87.12
87.1	87.13
87.6	87.14
87.1	87.15
87.1	87.16
87.1	87.17
87.1	87.18
87.1	87.19
87.1	87.20
87.1	87.21
87.1	87.22
87.1	87.23
87.1	87.24
87.6	87.25
87.4	87.26
87.1	87.27
87.1	87.28
87.3	87.29
87.1	87.30
87.6	87.31
87.1	87.32
87.1	87.33
87.1	87.34
87.2	87.35
87.1	87.36
87.1	87.37
87.1	87.38
87.1	87.39
87.1	87.40
87.1	87.41
87.1	87.42
87.6	87.43
87.6	87.44
87.1	87.45
87.6	87.46
87.6	87.47
87.1	87.48
87.6	87.49
87.5	87.50
87.6	87.51
87.6	87.52
87.1	87.53
87.6	87.54
87.1	87.55
87.1	87.56
87.6	87.57
87.6	87.58
87.1	87.59
87.1	87.60
87.6	87.61
87.5	87.62
87.1	87.63
87.1	87.64
88.1	88.1
88.1	88.2
88.9	88.3
88.9	88.4
88.9	88.5
88.1	88.6
88.1	88.7
88.9	88.8
88.1	88.9
88.5	88.10
88.9	88.11
88.6	88.12
88.1	88.13
88.8	88.14
88.9	88.15
88.9	88.16
88.9	88.17
88.1	88.18
88.8	88.19
88.8	88.20
88.1	88.21
88.6	88.22
88.9	88.23
88.9	88.24
88.9	88.25
88.9	88.26
88.1	88.27
88.1	88.28
88.4	88.29
88.9	88.30
88.5	88.31
88.7	88.32
88.9	88.33
88.9	88.34
88.8	88.35
88.1	88.36
88.1	88.37
88.9	88.38
88.8	88.39
88.1	88.40
88.9	88.41
88.1	88.42
88.8	88.43
88.3	88.44
88.9	88.45
88.1	88.46
88.1	88.47
88.2	88.48
88.9	88.49
88.9	88.50
88.1	88.51
88.9	88.52
88.9	88.53
88.9	88.54
88.1	88.55
88.1	88.56
88.1	88.57
88.9	88.58
88.1	88.59
88.8	88.60
88.1	88.61
88.9	88.62
88.1	88.63
88.1	88.64
89.1	89.1
89.1	89.2
89.1	89.3
89.1	89.4
89.1	89.5
89.1	89.6
89.1	89.7
89.1	89.8
89.3	89.9
89.3	89.10
89.1	89.11
89.1	89.12
89.1	89.13
89.1	89.14
89.1	89.15
89.1	89.16
89.1	89.17
89.1	89.18
89.1	89.19
89.1	89.20
89.3	89.21
89.1	89.22
89.2	89.23
89.1	89.24
89.1	89.25
89.1	89.26
89.3	89.27
89.1	89.28
89.1	89.29
89.1	89.30
89.3	89.31
89.1	89.32
89.1	89.33
89.1	89.34
89.1	89.35
89.1	89.36
89.3	89.37
89.1	89.38
89.1	89.39
89.1	89.40
89.1	89.41
89.1	89.42
89.3	89.43
89.1	89.44
89.3	89.45
89.1	89.46
89.1	89.47
89.1	89.48
89.1	89.49
89.1	89.50
89.3	89.51
89.1	89.52
89.1	89.53
89.1	89.54
89.1	89.55
89.3	89.56
89.1	89.57
89.3	89.58
89.3	89.59
89.1	89.60
89.1	89.61
89.3	89.62
89.1	89.63
89.1	89.64
90.4	90.1
90.4	90.2
90.4	90.3
90.4	90.4
90.4	90.5
90.8	90.6
90.4	90.7
90.8	90.8
90.8	90.9
90.4	90.10
90.4	90.11
90.4	90.12
90.4	90.13
90.8	90.14
90.4	90.15
90.4	90.16
90.4	90.17
90.8	90.18
90.4	90.19
90.4	90.20
90.4	90.21
90.4	90.22
90.4	90.23
90.4	90.24
90.3	90.25
90.9	90.26
90.4	90.27
90.6	90.28
90.8	90.29
90.4	90.30
90.4	90.31
90.4	90.32
90.8	90.33
90.3	90.34
90.4	90.35
90.4	90.36
90.4	90.37
90.1	90.38
90.4	90.39
90.4	90.40
90.4	90.41
90.8	90.42
90.5	90.43
90.9	90.44
90.4	90.45
90.4	90.46
90.4	90.47
90.4	90.48
90.6	90.49
90.5	90.50
90.4	90.51
90.7	90.52
90.8	90.53
90.4	90.54
90.4	90.55
90.6	90.56
90.8	90.57
90.4	90.58
90.4	90.59
90.8	90.60
90.9	90.61
90.4	90.62
90.8	90.63
90.2	90.64
91.7	91.1
91.6	91.2
91.9	91.3
91.3	91.4
91.6	91.5
91.7	91.6
91.6	91.7
91.6	91.8
91.7	91.9
91.7	91.10
91.6	91.11
91.7	91.12
91.3	91.13
91.6	91.14
91.6	91.15
91.6	91.16
91.7	91.17
91.6	91.18
91.3	91.19
91.6	91.20
91.5	91.21
91.6	91.22
91.9	91.23
91.6	91.24
91.6	91.25
91.6	91.26
91.6	91.27
91.7	91.28
91.8	91.29
91.3	91.30
91.7	91.31
91.7	91.32
91.6	91.33
91.7	91.34
91.7	91.35
91.6	91.36
91.6	91.37
91.3	91.38
91.4	91.39
91.6	91.40
91.6	91.41
91.2	91.42
91.7	91.43
91.9	91.44
91.6	91.45
91.9	91.46
91.3	91.47
91.7	91.48
91.6	91.49
91.9	91.50
91.6	91.51
91.6	91.52
91.3	91.53
91.3	91.54
91.3	91.55
91.7	91.56
91.1	91.57
91.6	91.58
91.7	91.59
91.9	91.60
91.7	91.61
91.6	91.62
91.7	91.63
91.6	91.64
92.4	92.1
92.6	92.2
92.1	92.3
92.6	92.4
92.6	92.5
92.6	92.6
92.1	92.7
92.6	92.8
92.1	92.9
92.1	92.10
92.4	92.11
92.6	92.12
92.6	92.13
92.5	92.14
92.6	92.15
92.4	92.16
92.6	92.17
92.6	92.18
92.4	92.19
92.6	92.20
92.6	92.21
92.6	92.22
92.3	92.23
92.6	92.24
92.1	92.25
92.6	92.26
92.6	92.27
92.1	92.28
92.6	92.29
92.6	92.30
92.1	92.31
92.1	92.32
92.4	92.33
92.1	92.34
92.6	92.35
92.5	92.36
92.6	92.37
92.5	92.38
92.1	92.39
92.6	92.40
92.6	92.41
92.1	92.42
92.4	92.43
92.1	92.44
92.6	92.45
92.4	92.46
92.6	92.47
92.6	92.48
92.6	92.49
92.4	92.50
92.2	92.51
92.6	92.52
92.6	92.53
92.5	92.54
92.4	92.55
92.1	92.56
92.5	92.57
92.6	92.58
92.6	92.59
92.6	92.60
92.4	92.61
92.4	92.62
92.6	92.63
92.4	92.64
93.11	93.1
93.14	93.2
93.1	93.3
93.1	93.4
93.14	93.5
93.14	93.6
93.11	93.7
93.11	93.8
93.11	93.9
93.11	93.10
93.11	93.11
93.11	93.12
93.13	93.13
93.5	93.14
93.14	93.15
93.9	93.16
93.1	93.17
93.11	93.18
93.14	93.19
93.14	93.20
93.14	93.21
93.14	93.22
93.11	93.23
93.11	93.24
93.5	93.25
93.11	93.26
93.14	93.27
93.11	93.28
93.11	93.29
93.1	93.30
93.14	93.31
93.14	93.32
93.4	93.33
93.11	93.34
93.9	93.35
93.11	93.36
93.12	93.37
93.14	93.38
93.1	93.39
93.14	93.40
93.1	93.41
93.1	93.42
93.1	93.43
93.8	93.44
93.10	93.45
93.14	93.46
93.1	93.47
93.14	93.48
93.1	93.49
93.13	93.50
93.15	93.51
93.9	93.52
93.14	93.53
93.13	93.54
93.6	93.55
93.14	93.56
93.14	93.57
93.2	93.58
93.3	93.59
93.14	93.60
93.14	93.61
93.14	93.62
93.7	93.63
93.1	93.64
94.10	94.1
94.11	94.2
94.7	94.3
94.1	94.4
94.1	94.5
94.1	94.6
94.1	94.7
94.8	94.8
94.1	94.9
94.1	94.10
94.1	94.11
94.10	94.12
94.1	94.13
94.7	94.14
94.10	94.15
94.4	94.16
94.1	94.17
94.10	94.18
94.10	94.19
94.12	94.20
94.1	94.21
94.10	94.22
94.10	94.23
94.10	94.24
94.1	94.25
94.1	94.26
94.1	94.27
94.10	94.28
94.10	94.29
94.1	94.30
94.10	94.31
94.3	94.32
94.1	94.33
94.1	94.34
94.1	94.35
94.9	94.36
94.11	94.37
94.2	94.38
94.1	94.39
94.1	94.40
94.12	94.41
94.12	94.42
94.5	94.43
94.1	94.44
94.7	94.45
94.10	94.46
94.1	94.47
94.1	94.48
94.10	94.49
94.1	94.50
94.1	94.51
94.10	94.52
94.6	94.53
94.1	94.54
94.1	94.55
94.1	94.56
94.1	94.57
94.1	94.58
94.1	94.59
94.10	94.60
94.10	94.61
94.1	94.62
94.1	94.63
94.10	94.64
95.4	95.1
95.8	95.2
95.9	95.3
95.5	95.4
95.8	95.5
95.2	95.6
95.9	95.7
95.1	95.8
95.3	95.9
95.9	95.10
95.9	95.11
95.4	95.12
95.7	95.13
95.9	95.14
95.7	95.15
95.8	95.16
95.9	95.17
95.9	95.18
95.4	95.19
95.9	95.20
95.9	95.21
95.4	95.22
95.4	95.23
95.9	95.24
95.4	95.25
95.1	95.26
95.9	95.27
95.4	95.28
95.9	95.29
95.8	95.30
95.4	95.31
95.4	95.32
95.9	95.33
95.4	95.34
95.9	95.35
95.7	95.36
95.9	95.37
95.8	95.38
95.1	95.39
95.1	95.40
95.8	95.41
95.9	95.42
95.4	95.43
95.4	95.44
95.9	95.45
95.4	95.46
95.9	95.47
95.8	95.48
95.9	95.49
95.4	95.50
95.9	95.51
95.4	95.52
95.4	95.53
95.4	95.54
95.1	95.55
95.5	95.56
95.9	95.57
95.8	95.58
95.9	95.59
95.4	95.60
95.4	95.61
95.9	95.62
95.6	95.63
95.9	95.64
96.1	96.1
96.6	96.2
96.7	96.3
96.7	96.4
96.1	96.5
96.1	96.6
96.1	96.7
96.1	96.8
96.7	96.9
96.7	96.10
96.7	96.11
96.1	96.12
96.4	96.13
96.7	96.14
96.3	96.15
96.1	96.16
96.1	96.17
96.1	96.18
96.1	96.19
96.1	96.20
96.6	96.21
96.7	96.22
96.1	96.23
96.1	96.24
96.1	96.25
96.1	96.26
96.6	96.27
96.7	96.28
96.7	96.29
96.1	96.30
96.1	96.31
96.7	96.32
96.1	96.33
96.1	96.34
96.1	96.35
96.1	96.36
96.5	96.37
96.1	96.38
96.7	96.39
96.7	96.40
96.1	96.41
96.7	96.42
96.1	96.43
96.1	96.44
96.7	96.45
96.1	96.46
96.1	96.47
96.1	96.48
96.1	96.49
96.1	96.50
96.7	96.51
96.1	96.52
96.6	96.53
96.2	96.54
96.7	96.55
96.1	96.56
96.1	96.57
96.5	96.58
96.7	96.59
96.3	96.60
96.1	96.61
96.1	96.62
96.4	96.63
96.6	96.64
97.6	97.1
97.6	97.2
97.6	97.3
97.6	97.4
97.6	97.5
97.5	97.6
97.1	97.7
97.6	97.8
97.3	97.9
97.3	97.10
97.6	97.11
97.6	97.12
97.6	97.13
97.6	97.14
97.6	97.15
97.6	97.16
97.3	97.17
97.6	97.18
97.4	97.19
97.6	97.20
97.6	97.21
97.3	97.22
97.3	97.23
97.6	97.24
97.1	97.25
97.1	97.26
97.6	97.27
97.6	97.28
97.3	97.29
97.5	97.30
97.5	97.31
97.3	97.32
97.3	97.33
97.3	97.34
97.5	97.35
97.6	97.36
97.6	97.37
97.3	97.38
97.6	97.39
97.3	97.40
97.2	97.41
97.6	97.42
97.1	97.43
97.3	97.44
97.3	97.45
97.5	97.46
97.5	97.47
97.5	97.48
97.5	97.49
97.6	97.50
97.5	97.51
97.3	97.52
97.6	97.53
97.6	97.54
97.5	97.55
97.6	97.56
97.6	97.57
97.1	97.58
97.5	97.59
97.6	97.60
97.3	97.61
97.6	97.62
97.6	97.63
97.6	97.64
98.1	98.1
98.1	98.2
98.1	98.3
98.1	98.4
98.1	98.5
98.1	98.6
98.7	98.7
98.1	98.8
98.9	98.9
98.1	98.10
98.1	98.11
98.9	98.12
98.1	98.13
98.9	98.14
98.3	98.15
98.1	98.16
98.9	98.17
98.1	98.18
98.1	98.19
98.6	98.20
98.7	98.21
98.1	98.22
98.1	98.23
98.1	98.24
98.1	98.25
98.1	98.26
98.9	98.27
98.5	98.28
98.7	98.29
98.1	98.30
98.7	98.31
98.10	98.32
98.1	98.33
98.1	98.34
98.1	98.35
98.1	98.36
98.10	98.37
98.9	98.38
98.6	98.39
98.9	98.40
98.7	98.41
98.5	98.42
98.9	98.43
98.9	98.44
98.9	98.45
98.1	98.46
98.1	98.47
98.9	98.48
98.9	98.49
98.7	98.50
98.1	98.51
98.9	98.52
98.9	98.53
98.2	98.54
98.1	98.55
98.9	98.56
98.1	98.57
98.4	98.58
98.1	98.59
98.9	98.60
98.8	98.61
98.1	98.62
98.1	98.63
98.9	98.64
99.7	99.1
99.1	99.2
99.6	99.3
99.5	99.4
99.1	99.5
99.1	99.6
99.6	99.7
99.1	99.8
99.7	99.9
99.1	99.10
99.7	99.11
99.1	99.12
99.6	99.13
99.1	99.14
99.5	99.15
99.1	99.16
99.3	99.17
99.1	99.18
99.1	99.19
99.1	99.20
99.6	99.21
99.7	99.22
99.7	99.23
99.2	99.24
99.1	99.25
99.5	99.26
99.5	99.27
99.6	99.28
99.1	99.29
99.7	99.30
99.1	99.31
99.7	99.32
99.1	99.33
99.7	99.34
99.3	99.35
99.1	99.36
99.6	99.37
99.1	99.38
99.7	99.39
99.1	99.40
99.1	99.41
99.7	99.42
99.1	99.43
99.1	99.44
99.1	99.45
99.4	99.46
99.6	99.47
99.7	99.48
99.1	99.49
99.1	99.50
99.1	99.51
99.6	99.52
99.1	99.53
99.1	99.54
99.1	99.55
99.6	99.56
99.1	99.57
99.6	99.58
99.1	99.59
99.1	99.60
99.7	99.61
99.1	99.62
99.6	99.63
99.7	99.64
100.4	100.1
100.1	100.2
100.1	100.3
100.5	100.4
100.4	100.5
100.1	100.6
100.1	100.7
100.1	100.8
100.1	100.9
100.4	100.10
100.1	100.11
100.4	100.12
100.1	100.13
100.1	100.14
100.1	100.15
100.1	100.16
100.4	100.17
100.4	100.18
100.1	100.19
100.1	100.20
100.1	100.21
100.1	100.22
100.4	100.23
100.1	100.24
100.1	100.25
100.1	100.26
100.4	100.27
100.4	100.28
100.1	100.29
100.1	100.30
100.5	100.31
100.1	100.32
100.1	100.33
100.1	100.34
100.1	100.35
100.1	100.36
100.1	100.37
100.1	100.38
100.1	100.39
100.1	100.40
100.1	100.41
100.1	100.42
100.1	100.43
100.1	100.44
100.1	100.45
100.4	100.46
100.1	100.47
100.1	100.48
100.1	100.49
100.1	100.50
100.4	100.51
100.1	100.52
100.3	100.53
100.4	100.54
100.2	100.55
100.4	100.56
100.1	100.57
100.1	100.58
100.3	100.59
100.4	100.60
100.4	100.61
100.1	100.62
100.1	100.63
100.1	100.64