subTopicID	resultID
1.6	1.1
1.4	1.2
1.4	1.3
1.4	1.4
1.1	1.5
1.4	1.6
1.4	1.7
1.6	1.8
1.4	1.9
1.4	1.10
1.6	1.11
1.4	1.12
1.4	1.13
1.4	1.14
1.4	1.15
1.4	1.16
1.4	1.17
1.6	1.18
1.6	1.19
1.4	1.20
1.4	1.21
1.1	1.22
1.4	1.23
1.4	1.24
1.4	1.25
1.6	1.26
1.6	1.27
1.4	1.28
1.6	1.29
1.4	1.30
1.4	1.31
1.4	1.32
1.6	1.33
1.6	1.34
1.6	1.35
1.6	1.36
1.1	1.37
1.4	1.38
1.5	1.39
1.6	1.40
1.4	1.41
1.4	1.42
1.4	1.43
1.4	1.44
1.6	1.45
1.6	1.46
1.4	1.47
1.6	1.48
1.3	1.49
1.3	1.50
1.6	1.51
1.6	1.52
1.4	1.53
1.6	1.54
1.1	1.55
1.4	1.56
1.6	1.57
1.6	1.58
1.1	1.59
1.4	1.60
1.2	1.61
1.6	1.62
1.4	1.63
1.4	1.64
2.11	2.1
2.11	2.2
2.11	2.3
2.1	2.4
2.8	2.5
2.11	2.6
2.11	2.7
2.11	2.8
2.1	2.9
2.11	2.10
2.1	2.11
2.9	2.12
2.1	2.13
2.1	2.14
2.1	2.15
2.1	2.16
2.8	2.17
2.1	2.18
2.1	2.19
2.11	2.20
2.8	2.21
2.4	2.22
2.3	2.23
2.1	2.24
2.11	2.25
2.1	2.26
2.10	2.27
2.12	2.28
2.8	2.29
2.11	2.30
2.11	2.31
2.10	2.32
2.1	2.33
2.11	2.34
2.10	2.35
2.7	2.36
2.11	2.37
2.7	2.38
2.10	2.39
2.2	2.40
2.11	2.41
2.6	2.42
2.1	2.43
2.10	2.44
2.1	2.45
2.6	2.46
2.10	2.47
2.5	2.48
2.10	2.49
2.8	2.50
2.11	2.51
2.10	2.52
2.12	2.53
2.11	2.54
2.11	2.55
2.10	2.56
2.8	2.57
2.7	2.58
2.10	2.59
2.12	2.60
2.11	2.61
2.8	2.62
2.7	2.63
2.10	2.64
3.6	3.1
3.6	3.2
3.11	3.3
3.1	3.4
3.6	3.5
3.11	3.6
3.11	3.7
3.6	3.8
3.6	3.9
3.6	3.10
3.6	3.11
3.6	3.12
3.6	3.13
3.11	3.14
3.6	3.15
3.11	3.16
3.1	3.17
3.6	3.18
3.1	3.19
3.1	3.20
3.6	3.21
3.11	3.22
3.3	3.23
3.11	3.24
3.6	3.25
3.11	3.26
3.12	3.27
3.6	3.28
3.11	3.29
3.1	3.30
3.6	3.31
3.1	3.32
3.6	3.33
3.11	3.34
3.6	3.35
3.8	3.36
3.11	3.37
3.10	3.38
3.4	3.39
3.11	3.40
3.11	3.41
3.11	3.42
3.6	3.43
3.1	3.44
3.6	3.45
3.11	3.46
3.9	3.47
3.11	3.48
3.6	3.49
3.7	3.50
3.5	3.51
3.6	3.52
3.6	3.53
3.11	3.54
3.6	3.55
3.1	3.56
3.1	3.57
3.2	3.58
3.6	3.59
3.1	3.60
3.6	3.61
3.6	3.62
3.7	3.63
3.11	3.64
4.1	4.1
4.5	4.2
4.9	4.3
4.9	4.4
4.9	4.5
4.7	4.6
4.9	4.7
4.9	4.8
4.1	4.9
4.6	4.10
4.1	4.11
4.9	4.12
4.9	4.13
4.9	4.14
4.1	4.15
4.9	4.16
4.1	4.17
4.1	4.18
4.1	4.19
4.1	4.20
4.9	4.21
4.7	4.22
4.3	4.23
4.7	4.24
4.7	4.25
4.9	4.26
4.6	4.27
4.1	4.28
4.1	4.29
4.9	4.30
4.6	4.31
4.7	4.32
4.9	4.33
4.1	4.34
4.7	4.35
4.1	4.36
4.7	4.37
4.9	4.38
4.9	4.39
4.1	4.40
4.7	4.41
4.9	4.42
4.9	4.43
4.6	4.44
4.9	4.45
4.2	4.46
4.9	4.47
4.9	4.48
4.4	4.49
4.1	4.50
4.1	4.51
4.1	4.52
4.9	4.53
4.1	4.54
4.8	4.55
4.1	4.56
4.4	4.57
4.1	4.58
4.4	4.59
4.9	4.60
4.7	4.61
4.9	4.62
4.1	4.63
4.6	4.64
5.1	5.1
5.1	5.2
5.8	5.3
5.1	5.4
5.4	5.5
5.1	5.6
5.7	5.7
5.1	5.8
5.1	5.9
5.1	5.10
5.8	5.11
5.8	5.12
5.8	5.13
5.6	5.14
5.6	5.15
5.1	5.16
5.7	5.17
5.1	5.18
5.5	5.19
5.1	5.20
5.1	5.21
5.8	5.22
5.7	5.23
5.6	5.24
5.4	5.25
5.5	5.26
5.1	5.27
5.6	5.28
5.1	5.29
5.8	5.30
5.1	5.31
5.6	5.32
5.3	5.33
5.1	5.34
5.8	5.35
5.8	5.36
5.1	5.37
5.2	5.38
5.1	5.39
5.1	5.40
5.1	5.41
5.1	5.42
5.1	5.43
5.9	5.44
5.1	5.45
5.1	5.46
5.5	5.47
5.7	5.48
5.1	5.49
5.6	5.50
5.1	5.51
5.1	5.52
5.6	5.53
5.4	5.54
5.6	5.55
5.8	5.56
5.1	5.57
5.1	5.58
5.1	5.59
5.8	5.60
5.8	5.61
5.1	5.62
5.6	5.63
5.1	5.64
6.1	6.1
6.7	6.2
6.7	6.3
6.6	6.4
6.3	6.5
6.7	6.6
6.1	6.7
6.7	6.8
6.1	6.9
6.1	6.10
6.7	6.11
6.7	6.12
6.7	6.13
6.7	6.14
6.7	6.15
6.1	6.16
6.7	6.17
6.7	6.18
6.1	6.19
6.2	6.20
6.7	6.21
6.7	6.22
6.7	6.23
6.7	6.24
6.7	6.25
6.7	6.26
6.7	6.27
6.1	6.28
6.7	6.29
6.7	6.30
6.4	6.31
6.7	6.32
6.1	6.33
6.7	6.34
6.1	6.35
6.7	6.36
6.5	6.37
6.1	6.38
6.1	6.39
6.1	6.40
6.7	6.41
6.7	6.42
6.7	6.43
6.7	6.44
6.7	6.45
6.7	6.46
6.1	6.47
6.1	6.48
6.1	6.49
6.1	6.50
6.1	6.51
6.1	6.52
6.7	6.53
6.7	6.54
6.6	6.55
6.7	6.56
6.1	6.57
6.1	6.58
6.1	6.59
6.1	6.60
6.1	6.61
6.1	6.62
6.1	6.63
6.7	6.64
7.1	7.1
7.1	7.2
7.1	7.3
7.1	7.4
7.4	7.5
7.4	7.6
7.1	7.7
7.1	7.8
7.4	7.9
7.4	7.10
7.1	7.11
7.1	7.12
7.1	7.13
7.4	7.14
7.1	7.15
7.1	7.16
7.1	7.17
7.1	7.18
7.4	7.19
7.1	7.20
7.1	7.21
7.4	7.22
7.1	7.23
7.1	7.24
7.1	7.25
7.1	7.26
7.1	7.27
7.1	7.28
7.4	7.29
7.1	7.30
7.4	7.31
7.4	7.32
7.4	7.33
7.3	7.34
7.1	7.35
7.2	7.36
7.1	7.37
7.4	7.38
7.4	7.39
7.1	7.40
7.1	7.41
7.4	7.42
7.1	7.43
7.1	7.44
7.1	7.45
7.4	7.46
7.1	7.47
7.1	7.48
7.3	7.49
7.1	7.50
7.3	7.51
7.1	7.52
7.1	7.53
7.1	7.54
7.1	7.55
7.4	7.56
7.1	7.57
7.1	7.58
7.4	7.59
7.1	7.60
7.3	7.61
7.4	7.62
7.4	7.63
7.4	7.64
8.6	8.1
8.6	8.2
8.1	8.3
8.5	8.4
8.4	8.5
8.4	8.6
8.5	8.7
8.4	8.8
8.4	8.9
8.5	8.10
8.4	8.11
8.6	8.12
8.4	8.13
8.4	8.14
8.6	8.15
8.4	8.16
8.3	8.17
8.5	8.18
8.4	8.19
8.4	8.20
8.2	8.21
8.5	8.22
8.4	8.23
8.4	8.24
8.1	8.25
8.1	8.26
8.1	8.27
8.5	8.28
8.5	8.29
8.1	8.30
8.5	8.31
8.5	8.32
8.4	8.33
8.1	8.34
8.4	8.35
8.1	8.36
8.1	8.37
8.1	8.38
8.1	8.39
8.5	8.40
8.1	8.41
8.1	8.42
8.5	8.43
8.4	8.44
8.5	8.45
8.4	8.46
8.4	8.47
8.6	8.48
8.1	8.49
8.1	8.50
8.1	8.51
8.5	8.52
8.1	8.53
8.1	8.54
8.1	8.55
8.5	8.56
8.4	8.57
8.5	8.58
8.5	8.59
8.1	8.60
8.5	8.61
8.7	8.62
8.4	8.63
8.4	8.64
9.8	9.1
9.12	9.2
9.10	9.3
9.10	9.4
9.1	9.5
9.12	9.6
9.12	9.7
9.1	9.8
9.12	9.9
9.12	9.10
9.12	9.11
9.10	9.12
9.1	9.13
9.8	9.14
9.1	9.15
9.10	9.16
9.3	9.17
9.10	9.18
9.10	9.19
9.10	9.20
9.10	9.21
9.10	9.22
9.8	9.23
9.12	9.24
9.6	9.25
9.2	9.26
9.9	9.27
9.9	9.28
9.10	9.29
9.12	9.30
9.10	9.31
9.9	9.32
9.7	9.33
9.10	9.34
9.12	9.35
9.12	9.36
9.9	9.37
9.4	9.38
9.5	9.39
9.11	9.40
9.10	9.41
9.7	9.42
9.8	9.43
9.5	9.44
9.8	9.45
9.3	9.46
9.1	9.47
9.12	9.48
9.9	9.49
9.10	9.50
9.12	9.51
9.10	9.52
9.12	9.53
9.12	9.54
9.9	9.55
9.1	9.56
9.10	9.57
9.9	9.58
9.10	9.59
9.12	9.60
9.12	9.61
9.1	9.62
9.12	9.63
9.1	9.64
10.9	10.1
10.9	10.2
10.1	10.3
10.1	10.4
10.9	10.5
10.9	10.6
10.9	10.7
10.8	10.8
10.1	10.9
10.9	10.10
10.9	10.11
10.1	10.12
10.5	10.13
10.9	10.14
10.9	10.15
10.9	10.16
10.9	10.17
10.9	10.18
10.9	10.19
10.9	10.20
10.7	10.21
10.9	10.22
10.7	10.23
10.9	10.24
10.8	10.25
10.1	10.26
10.8	10.27
10.1	10.28
10.9	10.29
10.1	10.30
10.7	10.31
10.8	10.32
10.4	10.33
10.6	10.34
10.9	10.35
10.8	10.36
10.9	10.37
10.9	10.38
10.1	10.39
10.8	10.40
10.9	10.41
10.2	10.42
10.2	10.43
10.9	10.44
10.1	10.45
10.9	10.46
10.1	10.47
10.5	10.48
10.1	10.49
10.1	10.50
10.1	10.51
10.9	10.52
10.8	10.53
10.9	10.54
10.8	10.55
10.1	10.56
10.1	10.57
10.1	10.58
10.1	10.59
10.6	10.60
10.1	10.61
10.3	10.62
10.9	10.63
10.2	10.64
11.1	11.1
11.4	11.2
11.1	11.3
11.1	11.4
11.9	11.5
11.9	11.6
11.8	11.7
11.9	11.8
11.9	11.9
11.1	11.10
11.1	11.11
11.1	11.12
11.1	11.13
11.1	11.14
11.8	11.15
11.1	11.16
11.7	11.17
11.8	11.18
11.9	11.19
11.1	11.20
11.3	11.21
11.5	11.22
11.9	11.23
11.6	11.24
11.1	11.25
11.1	11.26
11.8	11.27
11.1	11.28
11.1	11.29
11.1	11.30
11.9	11.31
11.1	11.32
11.1	11.33
11.1	11.34
11.9	11.35
11.9	11.36
11.1	11.37
11.1	11.38
11.9	11.39
11.6	11.40
11.9	11.41
11.1	11.42
11.9	11.43
11.9	11.44
11.9	11.45
11.9	11.46
11.1	11.47
11.3	11.48
11.9	11.49
11.8	11.50
11.1	11.51
11.1	11.52
11.1	11.53
11.1	11.54
11.1	11.55
11.6	11.56
11.9	11.57
11.8	11.58
11.2	11.59
11.1	11.60
11.9	11.61
11.9	11.62
11.9	11.63
11.1	11.64
12.10	12.1
12.4	12.2
12.13	12.3
12.2	12.4
12.10	12.5
12.10	12.6
12.8	12.7
12.14	12.8
12.11	12.9
12.6	12.10
12.14	12.11
12.14	12.12
12.14	12.13
12.10	12.14
12.12	12.15
12.10	12.16
12.10	12.17
12.1	12.18
12.10	12.19
12.1	12.20
12.7	12.21
12.14	12.22
12.9	12.23
12.10	12.24
12.10	12.25
12.7	12.26
12.8	12.27
12.11	12.28
12.10	12.29
12.10	12.30
12.10	12.31
12.11	12.32
12.11	12.33
12.14	12.34
12.3	12.35
12.10	12.36
12.11	12.37
12.14	12.38
12.12	12.39
12.10	12.40
12.11	12.41
12.7	12.42
12.10	12.43
12.1	12.44
12.11	12.45
12.10	12.46
12.10	12.47
12.10	12.48
12.1	12.49
12.11	12.50
12.11	12.51
12.10	12.52
12.7	12.53
12.10	12.54
12.5	12.55
12.10	12.56
12.15	12.57
12.10	12.58
12.7	12.59
12.14	12.60
12.10	12.61
12.10	12.62
12.7	12.63
12.10	12.64
13.6	13.1
13.6	13.2
13.7	13.3
13.10	13.4
13.7	13.5
13.7	13.6
13.2	13.7
13.1	13.8
13.4	13.9
13.1	13.10
13.1	13.11
13.7	13.12
13.8	13.13
13.1	13.14
13.1	13.15
13.7	13.16
13.1	13.17
13.1	13.18
13.1	13.19
13.7	13.20
13.7	13.21
13.1	13.22
13.7	13.23
13.1	13.24
13.7	13.25
13.1	13.26
13.7	13.27
13.7	13.28
13.7	13.29
13.1	13.30
13.8	13.31
13.10	13.32
13.8	13.33
13.7	13.34
13.8	13.35
13.1	13.36
13.1	13.37
13.3	13.38
13.7	13.39
13.7	13.40
13.1	13.41
13.9	13.42
13.8	13.43
13.8	13.44
13.7	13.45
13.1	13.46
13.8	13.47
13.1	13.48
13.1	13.49
13.10	13.50
13.7	13.51
13.9	13.52
13.8	13.53
13.7	13.54
13.1	13.55
13.1	13.56
13.8	13.57
13.5	13.58
13.1	13.59
13.10	13.60
13.1	13.61
13.7	13.62
13.7	13.63
13.7	13.64
14.5	14.1
14.1	14.2
14.1	14.3
14.5	14.4
14.5	14.5
14.5	14.6
14.3	14.7
14.5	14.8
14.5	14.9
14.5	14.10
14.1	14.11
14.2	14.12
14.5	14.13
14.1	14.14
14.5	14.15
14.1	14.16
14.1	14.17
14.5	14.18
14.3	14.19
14.1	14.20
14.5	14.21
14.4	14.22
14.1	14.23
14.5	14.24
14.4	14.25
14.5	14.26
14.1	14.27
14.4	14.28
14.4	14.29
14.5	14.30
14.1	14.31
14.5	14.32
14.5	14.33
14.4	14.34
14.1	14.35
14.5	14.36
14.1	14.37
14.1	14.38
14.1	14.39
14.1	14.40
14.5	14.41
14.1	14.42
14.5	14.43
14.5	14.44
14.5	14.45
14.4	14.46
14.5	14.47
14.5	14.48
14.4	14.49
14.1	14.50
14.4	14.51
14.1	14.52
14.1	14.53
14.1	14.54
14.1	14.55
14.1	14.56
14.1	14.57
14.1	14.58
14.4	14.59
14.1	14.60
14.1	14.61
14.5	14.62
14.1	14.63
14.1	14.64
15.3	15.1
15.6	15.2
15.4	15.3
15.6	15.4
15.11	15.5
15.12	15.6
15.11	15.7
15.6	15.8
15.11	15.9
15.11	15.10
15.10	15.11
15.11	15.12
15.3	15.13
15.6	15.14
15.6	15.15
15.11	15.16
15.10	15.17
15.11	15.18
15.11	15.19
15.11	15.20
15.11	15.21
15.6	15.22
15.6	15.23
15.13	15.24
15.11	15.25
15.6	15.26
15.11	15.27
15.10	15.28
15.6	15.29
15.6	15.30
15.6	15.31
15.12	15.32
15.11	15.33
15.12	15.34
15.11	15.35
15.6	15.36
15.14	15.37
15.11	15.38
15.12	15.39
15.6	15.40
15.10	15.41
15.6	15.42
15.6	15.43
15.9	15.44
15.6	15.45
15.10	15.46
15.3	15.47
15.8	15.48
15.6	15.49
15.7	15.50
15.10	15.51
15.10	15.52
15.5	15.53
15.2	15.54
15.11	15.55
15.9	15.56
15.3	15.57
15.3	15.58
15.3	15.59
15.13	15.60
15.1	15.61
15.3	15.62
15.3	15.63
15.12	15.64
16.1	16.1
16.5	16.2
16.1	16.3
16.8	16.4
16.8	16.5
16.8	16.6
16.8	16.7
16.10	16.8
16.8	16.9
16.1	16.10
16.1	16.11
16.10	16.12
16.1	16.13
16.8	16.14
16.1	16.15
16.1	16.16
16.1	16.17
16.1	16.18
16.1	16.19
16.8	16.20
16.8	16.21
16.2	16.22
16.10	16.23
16.1	16.24
16.1	16.25
16.1	16.26
16.8	16.27
16.8	16.28
16.5	16.29
16.8	16.30
16.8	16.31
16.1	16.32
16.8	16.33
16.1	16.34
16.4	16.35
16.8	16.36
16.8	16.37
16.1	16.38
16.8	16.39
16.8	16.40
16.8	16.41
16.9	16.42
16.1	16.43
16.8	16.44
16.10	16.45
16.10	16.46
16.8	16.47
16.3	16.48
16.6	16.49
16.6	16.50
16.8	16.51
16.1	16.52
16.8	16.53
16.1	16.54
16.8	16.55
16.7	16.56
16.8	16.57
16.8	16.58
16.10	16.59
16.8	16.60
16.8	16.61
16.10	16.62
16.1	16.63
16.8	16.64
17.8	17.1
17.4	17.2
17.13	17.3
17.13	17.4
17.13	17.5
17.13	17.6
17.8	17.7
17.4	17.8
17.13	17.9
17.11	17.10
17.8	17.11
17.1	17.12
17.8	17.13
17.9	17.14
17.13	17.15
17.8	17.16
17.4	17.17
17.13	17.18
17.8	17.19
17.8	17.20
17.7	17.21
17.3	17.22
17.4	17.23
17.8	17.24
17.13	17.25
17.8	17.26
17.13	17.27
17.4	17.28
17.13	17.29
17.13	17.30
17.7	17.31
17.8	17.32
17.13	17.33
17.4	17.34
17.1	17.35
17.5	17.36
17.13	17.37
17.2	17.38
17.4	17.39
17.12	17.40
17.13	17.41
17.13	17.42
17.8	17.43
17.4	17.44
17.8	17.45
17.8	17.46
17.3	17.47
17.13	17.48
17.12	17.49
17.9	17.50
17.6	17.51
17.12	17.52
17.13	17.53
17.8	17.54
17.12	17.55
17.10	17.56
17.11	17.57
17.8	17.58
17.13	17.59
17.13	17.60
17.13	17.61
17.12	17.62
17.13	17.63
17.13	17.64
18.4	18.1
18.7	18.2
18.7	18.3
18.1	18.4
18.1	18.5
18.1	18.6
18.1	18.7
18.1	18.8
18.1	18.9
18.7	18.10
18.1	18.11
18.7	18.12
18.7	18.13
18.1	18.14
18.7	18.15
18.7	18.16
18.7	18.17
18.6	18.18
18.7	18.19
18.1	18.20
18.1	18.21
18.1	18.22
18.7	18.23
18.7	18.24
18.1	18.25
18.1	18.26
18.1	18.27
18.1	18.28
18.2	18.29
18.1	18.30
18.1	18.31
18.1	18.32
18.1	18.33
18.1	18.34
18.6	18.35
18.1	18.36
18.6	18.37
18.1	18.38
18.7	18.39
18.7	18.40
18.1	18.41
18.7	18.42
18.5	18.43
18.7	18.44
18.7	18.45
18.1	18.46
18.1	18.47
18.1	18.48
18.7	18.49
18.5	18.50
18.1	18.51
18.7	18.52
18.6	18.53
18.7	18.54
18.7	18.55
18.3	18.56
18.7	18.57
18.7	18.58
18.7	18.59
18.7	18.60
18.1	18.61
18.1	18.62
18.7	18.63
18.1	18.64
19.8	19.1
19.6	19.2
19.11	19.3
19.11	19.4
19.1	19.5
19.6	19.6
19.10	19.7
19.11	19.8
19.12	19.9
19.1	19.10
19.1	19.11
19.3	19.12
19.12	19.13
19.8	19.14
19.1	19.15
19.1	19.16
19.11	19.17
19.12	19.18
19.1	19.19
19.11	19.20
19.9	19.21
19.4	19.22
19.1	19.23
19.11	19.24
19.11	19.25
19.8	19.26
19.7	19.27
19.1	19.28
19.5	19.29
19.1	19.30
19.11	19.31
19.1	19.32
19.11	19.33
19.2	19.34
19.11	19.35
19.11	19.36
19.11	19.37
19.11	19.38
19.1	19.39
19.12	19.40
19.11	19.41
19.5	19.42
19.11	19.43
19.1	19.44
19.11	19.45
19.11	19.46
19.1	19.47
19.11	19.48
19.1	19.49
19.8	19.50
19.8	19.51
19.6	19.52
19.1	19.53
19.6	19.54
19.6	19.55
19.8	19.56
19.6	19.57
19.3	19.58
19.1	19.59
19.1	19.60
19.6	19.61
19.11	19.62
19.11	19.63
19.11	19.64
20.9	20.1
20.9	20.2
20.7	20.3
20.7	20.4
20.7	20.5
20.9	20.6
20.9	20.7
20.9	20.8
20.11	20.9
20.7	20.10
20.7	20.11
20.5	20.12
20.9	20.13
20.9	20.14
20.7	20.15
20.9	20.16
20.9	20.17
20.2	20.18
20.7	20.19
20.8	20.20
20.7	20.21
20.7	20.22
20.9	20.23
20.1	20.24
20.7	20.25
20.7	20.26
20.9	20.27
20.1	20.28
20.9	20.29
20.3	20.30
20.1	20.31
20.6	20.32
20.1	20.33
20.9	20.34
20.7	20.35
20.8	20.36
20.7	20.37
20.9	20.38
20.9	20.39
20.7	20.40
20.1	20.41
20.10	20.42
20.9	20.43
20.9	20.44
20.7	20.45
20.9	20.46
20.9	20.47
20.9	20.48
20.8	20.49
20.9	20.50
20.9	20.51
20.7	20.52
20.1	20.53
20.9	20.54
20.3	20.55
20.4	20.56
20.1	20.57
20.7	20.58
20.9	20.59
20.9	20.60
20.3	20.61
20.11	20.62
20.9	20.63
20.9	20.64
21.4	21.1
21.4	21.2
21.1	21.3
21.4	21.4
21.4	21.5
21.8	21.6
21.8	21.7
21.3	21.8
21.4	21.9
21.4	21.10
21.4	21.11
21.2	21.12
21.8	21.13
21.8	21.14
21.4	21.15
21.8	21.16
21.4	21.17
21.4	21.18
21.1	21.19
21.4	21.20
21.6	21.21
21.5	21.22
21.7	21.23
21.1	21.24
21.4	21.25
21.4	21.26
21.8	21.27
21.8	21.28
21.4	21.29
21.8	21.30
21.4	21.31
21.4	21.32
21.1	21.33
21.1	21.34
21.1	21.35
21.1	21.36
21.8	21.37
21.1	21.38
21.1	21.39
21.4	21.40
21.5	21.41
21.4	21.42
21.4	21.43
21.8	21.44
21.4	21.45
21.8	21.46
21.8	21.47
21.8	21.48
21.4	21.49
21.4	21.50
21.4	21.51
21.8	21.52
21.4	21.53
21.8	21.54
21.4	21.55
21.1	21.56
21.8	21.57
21.6	21.58
21.4	21.59
21.6	21.60
21.7	21.61
21.8	21.62
21.1	21.63
21.1	21.64
22.10	22.1
22.12	22.2
22.9	22.3
22.1	22.4
22.9	22.5
22.9	22.6
22.13	22.7
22.9	22.8
22.10	22.9
22.12	22.10
22.12	22.11
22.12	22.12
22.12	22.13
22.12	22.14
22.8	22.15
22.12	22.16
22.9	22.17
22.12	22.18
22.12	22.19
22.1	22.20
22.7	22.21
22.12	22.22
22.11	22.23
22.1	22.24
22.1	22.25
22.6	22.26
22.10	22.27
22.12	22.28
22.12	22.29
22.12	22.30
22.9	22.31
22.1	22.32
22.7	22.33
22.2	22.34
22.1	22.35
22.12	22.36
22.1	22.37
22.12	22.38
22.9	22.39
22.9	22.40
22.10	22.41
22.10	22.42
22.12	22.43
22.9	22.44
22.12	22.45
22.11	22.46
22.9	22.47
22.9	22.48
22.12	22.49
22.10	22.50
22.12	22.51
22.9	22.52
22.12	22.53
22.12	22.54
22.12	22.55
22.5	22.56
22.12	22.57
22.9	22.58
22.12	22.59
22.12	22.60
22.1	22.61
22.9	22.62
22.3	22.63
22.4	22.64
23.1	23.1
23.6	23.2
23.10	23.3
23.1	23.4
23.9	23.5
23.10	23.6
23.9	23.7
23.1	23.8
23.7	23.9
23.9	23.10
23.10	23.11
23.1	23.12
23.10	23.13
23.9	23.14
23.1	23.15
23.9	23.16
23.10	23.17
23.1	23.18
23.9	23.19
23.10	23.20
23.8	23.21
23.9	23.22
23.10	23.23
23.1	23.24
23.8	23.25
23.9	23.26
23.10	23.27
23.10	23.28
23.10	23.29
23.8	23.30
23.5	23.31
23.10	23.32
23.9	23.33
23.10	23.34
23.9	23.35
23.9	23.36
23.10	23.37
23.9	23.38
23.10	23.39
23.9	23.40
23.1	23.41
23.9	23.42
23.10	23.43
23.2	23.44
23.9	23.45
23.10	23.46
23.4	23.47
23.10	23.48
23.9	23.49
23.6	23.50
23.6	23.51
23.10	23.52
23.1	23.53
23.9	23.54
23.10	23.55
23.3	23.56
23.10	23.57
23.5	23.58
23.9	23.59
23.10	23.60
23.8	23.61
23.1	23.62
23.10	23.63
23.10	23.64
24.4	24.1
24.6	24.2
24.1	24.3
24.9	24.4
24.11	24.5
24.15	24.6
24.1	24.7
24.6	24.8
24.1	24.9
24.3	24.10
24.8	24.11
24.13	24.12
24.1	24.13
24.1	24.14
24.15	24.15
24.1	24.16
24.1	24.17
24.15	24.18
24.15	24.19
24.1	24.20
24.15	24.21
24.1	24.22
24.7	24.23
24.1	24.24
24.12	24.25
24.5	24.26
24.1	24.27
24.1	24.28
24.1	24.29
24.1	24.30
24.10	24.31
24.1	24.32
24.15	24.33
24.1	24.34
24.9	24.35
24.13	24.36
24.1	24.37
24.15	24.38
24.14	24.39
24.1	24.40
24.2	24.41
24.13	24.42
24.15	24.43
24.15	24.44
24.1	24.45
24.11	24.46
24.11	24.47
24.8	24.48
24.1	24.49
24.1	24.50
24.1	24.51
24.1	24.52
24.15	24.53
24.1	24.54
24.15	24.55
24.11	24.56
24.1	24.57
24.1	24.58
24.15	24.59
24.6	24.60
24.1	24.61
24.1	24.62
24.15	24.63
24.1	24.64
25.7	25.1
25.6	25.2
25.1	25.3
25.6	25.4
25.1	25.5
25.1	25.6
25.1	25.7
25.1	25.8
25.7	25.9
25.1	25.10
25.1	25.11
25.1	25.12
25.1	25.13
25.1	25.14
25.1	25.15
25.6	25.16
25.5	25.17
25.1	25.18
25.5	25.19
25.1	25.20
25.7	25.21
25.7	25.22
25.1	25.23
25.1	25.24
25.2	25.25
25.6	25.26
25.5	25.27
25.7	25.28
25.1	25.29
25.7	25.30
25.7	25.31
25.7	25.32
25.6	25.33
25.4	25.34
25.7	25.35
25.1	25.36
25.6	25.37
25.7	25.38
25.1	25.39
25.7	25.40
25.1	25.41
25.1	25.42
25.7	25.43
25.1	25.44
25.1	25.45
25.6	25.46
25.7	25.47
25.1	25.48
25.7	25.49
25.3	25.50
25.7	25.51
25.1	25.52
25.7	25.53
25.1	25.54
25.4	25.55
25.7	25.56
25.1	25.57
25.7	25.58
25.8	25.59
25.1	25.60
25.7	25.61
25.7	25.62
25.7	25.63
25.6	25.64
26.5	26.1
26.5	26.2
26.1	26.3
26.1	26.4
26.1	26.5
26.1	26.6
26.5	26.7
26.4	26.8
26.4	26.9
26.1	26.10
26.1	26.11
26.5	26.12
26.4	26.13
26.4	26.14
26.1	26.15
26.5	26.16
26.6	26.17
26.1	26.18
26.5	26.19
26.5	26.20
26.3	26.21
26.1	26.22
26.4	26.23
26.1	26.24
26.3	26.25
26.6	26.26
26.4	26.27
26.4	26.28
26.1	26.29
26.2	26.30
26.5	26.31
26.5	26.32
26.4	26.33
26.1	26.34
26.5	26.35
26.1	26.36
26.6	26.37
26.1	26.38
26.1	26.39
26.1	26.40
26.1	26.41
26.5	26.42
26.1	26.43
26.1	26.44
26.1	26.45
26.1	26.46
26.1	26.47
26.1	26.48
26.4	26.49
26.5	26.50
26.4	26.51
26.1	26.52
26.5	26.53
26.4	26.54
26.5	26.55
26.3	26.56
26.4	26.57
26.1	26.58
26.5	26.59
26.4	26.60
26.4	26.61
26.6	26.62
26.5	26.63
26.1	26.64
27.1	27.1
27.1	27.2
27.6	27.3
27.6	27.4
27.5	27.5
27.5	27.6
27.6	27.7
27.6	27.8
27.6	27.9
27.6	27.10
27.3	27.11
27.1	27.12
27.3	27.13
27.1	27.14
27.6	27.15
27.6	27.16
27.1	27.17
27.5	27.18
27.4	27.19
27.5	27.20
27.1	27.21
27.1	27.22
27.2	27.23
27.3	27.24
27.6	27.25
27.6	27.26
27.5	27.27
27.3	27.28
27.6	27.29
27.1	27.30
27.5	27.31
27.3	27.32
27.6	27.33
27.1	27.34
27.6	27.35
27.1	27.36
27.1	27.37
27.1	27.38
27.3	27.39
27.6	27.40
27.5	27.41
27.6	27.42
27.6	27.43
27.6	27.44
27.4	27.45
27.6	27.46
27.5	27.47
27.6	27.48
27.1	27.49
27.6	27.50
27.1	27.51
27.1	27.52
27.1	27.53
27.6	27.54
27.6	27.55
27.6	27.56
27.6	27.57
27.6	27.58
27.1	27.59
27.1	27.60
27.5	27.61
27.3	27.62
27.4	27.63
27.1	27.64
28.1	28.1
28.1	28.2
28.5	28.3
28.13	28.4
28.10	28.5
28.13	28.6
28.1	28.7
28.10	28.8
28.1	28.9
28.10	28.10
28.1	28.11
28.1	28.12
28.13	28.13
28.13	28.14
28.13	28.15
28.5	28.16
28.13	28.17
28.1	28.18
28.4	28.19
28.13	28.20
28.13	28.21
28.1	28.22
28.12	28.23
28.13	28.24
28.13	28.25
28.10	28.26
28.10	28.27
28.1	28.28
28.4	28.29
28.13	28.30
28.6	28.31
28.10	28.32
28.13	28.33
28.13	28.34
28.6	28.35
28.6	28.36
28.3	28.37
28.1	28.38
28.8	28.39
28.1	28.40
28.6	28.41
28.12	28.42
28.13	28.43
28.10	28.44
28.2	28.45
28.11	28.46
28.10	28.47
28.7	28.48
28.13	28.49
28.13	28.50
28.1	28.51
28.1	28.52
28.1	28.53
28.4	28.54
28.1	28.55
28.1	28.56
28.8	28.57
28.10	28.58
28.1	28.59
28.9	28.60
28.4	28.61
28.12	28.62
28.1	28.63
28.10	28.64
29.11	29.1
29.1	29.2
29.1	29.3
29.1	29.4
29.12	29.5
29.12	29.6
29.1	29.7
29.12	29.8
29.6	29.9
29.12	29.10
29.6	29.11
29.13	29.12
29.1	29.13
29.11	29.14
29.12	29.15
29.9	29.16
29.5	29.17
29.6	29.18
29.7	29.19
29.1	29.20
29.6	29.21
29.6	29.22
29.12	29.23
29.13	29.24
29.3	29.25
29.6	29.26
29.1	29.27
29.1	29.28
29.12	29.29
29.1	29.30
29.12	29.31
29.2	29.32
29.12	29.33
29.13	29.34
29.1	29.35
29.13	29.36
29.10	29.37
29.1	29.38
29.11	29.39
29.11	29.40
29.12	29.41
29.6	29.42
29.12	29.43
29.1	29.44
29.12	29.45
29.12	29.46
29.4	29.47
29.12	29.48
29.1	29.49
29.1	29.50
29.8	29.51
29.11	29.52
29.11	29.53
29.11	29.54
29.1	29.55
29.1	29.56
29.12	29.57
29.12	29.58
29.1	29.59
29.1	29.60
29.1	29.61
29.1	29.62
29.1	29.63
29.1	29.64
30.17	30.1
30.16	30.2
30.17	30.3
30.8	30.4
30.1	30.5
30.1	30.6
30.6	30.7
30.1	30.8
30.17	30.9
30.1	30.10
30.19	30.11
30.1	30.12
30.1	30.13
30.1	30.14
30.19	30.15
30.1	30.16
30.5	30.17
30.1	30.18
30.19	30.19
30.1	30.20
30.1	30.21
30.12	30.22
30.1	30.23
30.1	30.24
30.1	30.25
30.9	30.26
30.7	30.27
30.4	30.28
30.19	30.29
30.2	30.30
30.17	30.31
30.1	30.32
30.18	30.33
30.14	30.34
30.19	30.35
30.3	30.36
30.15	30.37
30.1	30.38
30.1	30.39
30.19	30.40
30.19	30.41
30.17	30.42
30.19	30.43
30.10	30.44
30.1	30.45
30.19	30.46
30.1	30.47
30.19	30.48
30.1	30.49
30.12	30.50
30.13	30.51
30.1	30.52
30.1	30.53
30.1	30.54
30.1	30.55
30.1	30.56
30.1	30.57
30.19	30.58
30.1	30.59
30.15	30.60
30.11	30.61
30.19	30.62
30.1	30.63
30.1	30.64
31.10	31.1
31.1	31.2
31.1	31.3
31.13	31.4
31.8	31.5
31.10	31.6
31.1	31.7
31.10	31.8
31.10	31.9
31.10	31.10
31.10	31.11
31.1	31.12
31.10	31.13
31.1	31.14
31.10	31.15
31.6	31.16
31.6	31.17
31.10	31.18
31.10	31.19
31.10	31.20
31.10	31.21
31.1	31.22
31.10	31.23
31.6	31.24
31.6	31.25
31.5	31.26
31.11	31.27
31.6	31.28
31.9	31.29
31.10	31.30
31.4	31.31
31.10	31.32
31.1	31.33
31.1	31.34
31.7	31.35
31.9	31.36
31.11	31.37
31.9	31.38
31.1	31.39
31.10	31.40
31.6	31.41
31.1	31.42
31.6	31.43
31.6	31.44
31.3	31.45
31.11	31.46
31.1	31.47
31.5	31.48
31.10	31.49
31.10	31.50
31.2	31.51
31.1	31.52
31.10	31.53
31.1	31.54
31.10	31.55
31.1	31.56
31.6	31.57
31.12	31.58
31.6	31.59
31.1	31.60
31.5	31.61
31.1	31.62
31.10	31.63
31.10	31.64
32.1	32.1
32.1	32.2
32.1	32.3
32.6	32.4
32.4	32.5
32.9	32.6
32.1	32.7
32.1	32.8
32.1	32.9
32.9	32.10
32.9	32.11
32.7	32.12
32.1	32.13
32.1	32.14
32.1	32.15
32.4	32.16
32.1	32.17
32.1	32.18
32.9	32.19
32.3	32.20
32.1	32.21
32.1	32.22
32.3	32.23
32.7	32.24
32.8	32.25
32.1	32.26
32.8	32.27
32.9	32.28
32.8	32.29
32.8	32.30
32.1	32.31
32.1	32.32
32.8	32.33
32.1	32.34
32.8	32.35
32.9	32.36
32.5	32.37
32.8	32.38
32.8	32.39
32.3	32.40
32.8	32.41
32.1	32.42
32.7	32.43
32.2	32.44
32.4	32.45
32.1	32.46
32.9	32.47
32.3	32.48
32.1	32.49
32.3	32.50
32.7	32.51
32.9	32.52
32.8	32.53
32.9	32.54
32.1	32.55
32.8	32.56
32.8	32.57
32.8	32.58
32.8	32.59
32.8	32.60
32.8	32.61
32.8	32.62
32.8	32.63
32.6	32.64
33.1	33.1
33.7	33.2
33.5	33.3
33.8	33.4
33.1	33.5
33.1	33.6
33.8	33.7
33.5	33.8
33.5	33.9
33.5	33.10
33.5	33.11
33.5	33.12
33.5	33.13
33.8	33.14
33.1	33.15
33.7	33.16
33.5	33.17
33.8	33.18
33.2	33.19
33.6	33.20
33.4	33.21
33.5	33.22
33.4	33.23
33.5	33.24
33.4	33.25
33.5	33.26
33.8	33.27
33.5	33.28
33.5	33.29
33.8	33.30
33.5	33.31
33.1	33.32
33.5	33.33
33.5	33.34
33.1	33.35
33.8	33.36
33.5	33.37
33.8	33.38
33.8	33.39
33.5	33.40
33.5	33.41
33.1	33.42
33.8	33.43
33.1	33.44
33.8	33.45
33.1	33.46
33.1	33.47
33.5	33.48
33.8	33.49
33.5	33.50
33.5	33.51
33.5	33.52
33.5	33.53
33.1	33.54
33.1	33.55
33.3	33.56
33.8	33.57
33.8	33.58
33.5	33.59
33.7	33.60
33.1	33.61
33.8	33.62
33.5	33.63
33.8	33.64
34.1	34.1
34.10	34.2
34.7	34.3
34.7	34.4
34.9	34.5
34.7	34.6
34.9	34.7
34.1	34.8
34.9	34.9
34.10	34.10
34.10	34.11
34.7	34.12
34.1	34.13
34.9	34.14
34.9	34.15
34.9	34.16
34.7	34.17
34.7	34.18
34.9	34.19
34.7	34.20
34.1	34.21
34.9	34.22
34.9	34.23
34.9	34.24
34.7	34.25
34.10	34.26
34.11	34.27
34.10	34.28
34.9	34.29
34.11	34.30
34.8	34.31
34.9	34.32
34.7	34.33
34.4	34.34
34.7	34.35
34.1	34.36
34.10	34.37
34.7	34.38
34.1	34.39
34.9	34.40
34.10	34.41
34.11	34.42
34.2	34.43
34.9	34.44
34.5	34.45
34.1	34.46
34.10	34.47
34.9	34.48
34.10	34.49
34.6	34.50
34.1	34.51
34.9	34.52
34.10	34.53
34.10	34.54
34.9	34.55
34.9	34.56
34.11	34.57
34.11	34.58
34.3	34.59
34.9	34.60
34.7	34.61
34.1	34.62
34.1	34.63
34.9	34.64
35.11	35.1
35.1	35.2
35.10	35.3
35.11	35.4
35.11	35.5
35.3	35.6
35.11	35.7
35.1	35.8
35.10	35.9
35.11	35.10
35.11	35.11
35.4	35.12
35.11	35.13
35.11	35.14
35.1	35.15
35.1	35.16
35.10	35.17
35.10	35.18
35.1	35.19
35.11	35.20
35.11	35.21
35.11	35.22
35.13	35.23
35.11	35.24
35.1	35.25
35.1	35.26
35.10	35.27
35.11	35.28
35.1	35.29
35.6	35.30
35.12	35.31
35.11	35.32
35.10	35.33
35.10	35.34
35.11	35.35
35.10	35.36
35.1	35.37
35.9	35.38
35.10	35.39
35.1	35.40
35.1	35.41
35.1	35.42
35.10	35.43
35.8	35.44
35.10	35.45
35.1	35.46
35.1	35.47
35.11	35.48
35.2	35.49
35.1	35.50
35.1	35.51
35.9	35.52
35.1	35.53
35.1	35.54
35.1	35.55
35.11	35.56
35.11	35.57
35.7	35.58
35.11	35.59
35.6	35.60
35.13	35.61
35.9	35.62
35.6	35.63
35.5	35.64
36.7	36.1
36.1	36.2
36.10	36.3
36.5	36.4
36.10	36.5
36.1	36.6
36.1	36.7
36.12	36.8
36.12	36.9
36.1	36.10
36.1	36.11
36.6	36.12
36.9	36.13
36.1	36.14
36.11	36.15
36.1	36.16
36.2	36.17
36.1	36.18
36.1	36.19
36.1	36.20
36.12	36.21
36.1	36.22
36.4	36.23
36.12	36.24
36.1	36.25
36.1	36.26
36.12	36.27
36.1	36.28
36.1	36.29
36.12	36.30
36.1	36.31
36.12	36.32
36.12	36.33
36.1	36.34
36.1	36.35
36.1	36.36
36.8	36.37
36.6	36.38
36.12	36.39
36.13	36.40
36.1	36.41
36.12	36.42
36.12	36.43
36.4	36.44
36.1	36.45
36.9	36.46
36.12	36.47
36.12	36.48
36.1	36.49
36.1	36.50
36.1	36.51
36.12	36.52
36.1	36.53
36.3	36.54
36.1	36.55
36.1	36.56
36.6	36.57
36.1	36.58
36.1	36.59
36.9	36.60
36.12	36.61
36.1	36.62
36.12	36.63
36.1	36.64
37.5	37.1
37.15	37.2
37.5	37.3
37.6	37.4
37.19	37.5
37.5	37.6
37.19	37.7
37.18	37.8
37.19	37.9
37.19	37.10
37.10	37.11
37.9	37.12
37.19	37.13
37.11	37.14
37.19	37.15
37.2	37.16
37.17	37.17
37.5	37.18
37.19	37.19
37.19	37.20
37.10	37.21
37.19	37.22
37.9	37.23
37.12	37.24
37.19	37.25
37.5	37.26
37.7	37.27
37.5	37.28
37.12	37.29
37.19	37.30
37.3	37.31
37.19	37.32
37.19	37.33
37.13	37.34
37.19	37.35
37.9	37.36
37.11	37.37
37.11	37.38
37.1	37.39
37.11	37.40
37.19	37.41
37.5	37.42
37.1	37.43
37.19	37.44
37.11	37.45
37.5	37.46
37.5	37.47
37.11	37.48
37.11	37.49
37.19	37.50
37.8	37.51
37.19	37.52
37.18	37.53
37.14	37.54
37.16	37.55
37.10	37.56
37.17	37.57
37.18	37.58
37.5	37.59
37.5	37.60
37.5	37.61
37.19	37.62
37.17	37.63
37.4	37.64
38.7	38.1
38.1	38.2
38.5	38.3
38.1	38.4
38.1	38.5
38.5	38.6
38.7	38.7
38.7	38.8
38.5	38.9
38.5	38.10
38.5	38.11
38.2	38.12
38.6	38.13
38.9	38.14
38.1	38.15
38.1	38.16
38.7	38.17
38.1	38.18
38.1	38.19
38.5	38.20
38.5	38.21
38.6	38.22
38.5	38.23
38.1	38.24
38.7	38.25
38.1	38.26
38.8	38.27
38.7	38.28
38.10	38.29
38.5	38.30
38.7	38.31
38.7	38.32
38.7	38.33
38.10	38.34
38.1	38.35
38.5	38.36
38.6	38.37
38.1	38.38
38.7	38.39
38.5	38.40
38.10	38.41
38.1	38.42
38.5	38.43
38.9	38.44
38.1	38.45
38.3	38.46
38.1	38.47
38.1	38.48
38.1	38.49
38.1	38.50
38.4	38.51
38.1	38.52
38.5	38.53
38.7	38.54
38.4	38.55
38.5	38.56
38.5	38.57
38.5	38.58
38.10	38.59
38.5	38.60
38.7	38.61
38.7	38.62
38.1	38.63
38.1	38.64
39.13	39.1
39.1	39.2
39.1	39.3
39.1	39.4
39.13	39.5
39.13	39.6
39.14	39.7
39.6	39.8
39.13	39.9
39.14	39.10
39.2	39.11
39.14	39.12
39.10	39.13
39.3	39.14
39.1	39.15
39.13	39.16
39.1	39.17
39.13	39.18
39.4	39.19
39.14	39.20
39.1	39.21
39.1	39.22
39.1	39.23
39.5	39.24
39.13	39.25
39.1	39.26
39.13	39.27
39.14	39.28
39.1	39.29
39.1	39.30
39.13	39.31
39.1	39.32
39.8	39.33
39.1	39.34
39.13	39.35
39.8	39.36
39.1	39.37
39.13	39.38
39.13	39.39
39.13	39.40
39.8	39.41
39.1	39.42
39.7	39.43
39.11	39.44
39.13	39.45
39.1	39.46
39.12	39.47
39.13	39.48
39.13	39.49
39.14	39.50
39.14	39.51
39.14	39.52
39.1	39.53
39.1	39.54
39.1	39.55
39.1	39.56
39.1	39.57
39.13	39.58
39.13	39.59
39.1	39.60
39.9	39.61
39.13	39.62
39.13	39.63
39.1	39.64
40.13	40.1
40.13	40.2
40.13	40.3
40.9	40.4
40.9	40.5
40.13	40.6
40.13	40.7
40.12	40.8
40.14	40.9
40.14	40.10
40.14	40.11
40.13	40.12
40.13	40.13
40.14	40.14
40.13	40.15
40.13	40.16
40.14	40.17
40.5	40.18
40.8	40.19
40.6	40.20
40.13	40.21
40.14	40.22
40.14	40.23
40.13	40.24
40.11	40.25
40.9	40.26
40.6	40.27
40.13	40.28
40.13	40.29
40.7	40.30
40.12	40.31
40.13	40.32
40.14	40.33
40.9	40.34
40.13	40.35
40.12	40.36
40.9	40.37
40.14	40.38
40.3	40.39
40.13	40.40
40.13	40.41
40.12	40.42
40.2	40.43
40.12	40.44
40.3	40.45
40.13	40.46
40.14	40.47
40.10	40.48
40.4	40.49
40.12	40.50
40.13	40.51
40.13	40.52
40.13	40.53
40.9	40.54
40.13	40.55
40.13	40.56
40.14	40.57
40.9	40.58
40.13	40.59
40.1	40.60
40.1	40.61
40.10	40.62
40.6	40.63
40.13	40.64
41.1	41.1
41.8	41.2
41.1	41.3
41.8	41.4
41.8	41.5
41.11	41.6
41.8	41.7
41.8	41.8
41.3	41.9
41.1	41.10
41.10	41.11
41.8	41.12
41.1	41.13
41.1	41.14
41.8	41.15
41.8	41.16
41.8	41.17
41.5	41.18
41.9	41.19
41.10	41.20
41.10	41.21
41.8	41.22
41.8	41.23
41.8	41.24
41.5	41.25
41.8	41.26
41.1	41.27
41.8	41.28
41.1	41.29
41.1	41.30
41.10	41.31
41.1	41.32
41.12	41.33
41.10	41.34
41.8	41.35
41.1	41.36
41.1	41.37
41.1	41.38
41.1	41.39
41.4	41.40
41.11	41.41
41.1	41.42
41.8	41.43
41.1	41.44
41.6	41.45
41.1	41.46
41.10	41.47
41.8	41.48
41.2	41.49
41.1	41.50
41.1	41.51
41.1	41.52
41.1	41.53
41.8	41.54
41.11	41.55
41.10	41.56
41.8	41.57
41.8	41.58
41.1	41.59
41.8	41.60
41.11	41.61
41.1	41.62
41.7	41.63
41.10	41.64
42.9	42.1
42.10	42.2
42.10	42.3
42.9	42.4
42.9	42.5
42.8	42.6
42.1	42.7
42.1	42.8
42.1	42.9
42.7	42.10
42.10	42.11
42.9	42.12
42.10	42.13
42.8	42.14
42.10	42.15
42.7	42.16
42.4	42.17
42.8	42.18
42.1	42.19
42.10	42.20
42.9	42.21
42.8	42.22
42.10	42.23
42.9	42.24
42.10	42.25
42.1	42.26
42.9	42.27
42.1	42.28
42.8	42.29
42.9	42.30
42.1	42.31
42.1	42.32
42.10	42.33
42.9	42.34
42.7	42.35
42.9	42.36
42.8	42.37
42.9	42.38
42.10	42.39
42.6	42.40
42.10	42.41
42.9	42.42
42.7	42.43
42.9	42.44
42.1	42.45
42.9	42.46
42.9	42.47
42.5	42.48
42.8	42.49
42.7	42.50
42.7	42.51
42.1	42.52
42.5	42.53
42.5	42.54
42.2	42.55
42.10	42.56
42.3	42.57
42.1	42.58
42.9	42.59
42.10	42.60
42.1	42.61
42.9	42.62
42.10	42.63
42.10	42.64
43.10	43.1
43.8	43.2
43.1	43.3
43.1	43.4
43.8	43.5
43.7	43.6
43.1	43.7
43.2	43.8
43.1	43.9
43.10	43.10
43.7	43.11
43.8	43.12
43.9	43.13
43.6	43.14
43.8	43.15
43.8	43.16
43.10	43.17
43.8	43.18
43.8	43.19
43.9	43.20
43.1	43.21
43.1	43.22
43.8	43.23
43.1	43.24
43.10	43.25
43.1	43.26
43.10	43.27
43.1	43.28
43.8	43.29
43.10	43.30
43.1	43.31
43.10	43.32
43.10	43.33
43.8	43.34
43.9	43.35
43.5	43.36
43.1	43.37
43.10	43.38
43.10	43.39
43.1	43.40
43.1	43.41
43.1	43.42
43.10	43.43
43.5	43.44
43.10	43.45
43.3	43.46
43.10	43.47
43.10	43.48
43.1	43.49
43.4	43.50
43.9	43.51
43.1	43.52
43.10	43.53
43.1	43.54
43.9	43.55
43.8	43.56
43.10	43.57
43.1	43.58
43.1	43.59
43.1	43.60
43.1	43.61
43.1	43.62
43.1	43.63
43.1	43.64
44.8	44.1
44.8	44.2
44.8	44.3
44.8	44.4
44.9	44.5
44.7	44.6
44.1	44.7
44.4	44.8
44.9	44.9
44.8	44.10
44.1	44.11
44.8	44.12
44.1	44.13
44.9	44.14
44.1	44.15
44.8	44.16
44.3	44.17
44.1	44.18
44.8	44.19
44.1	44.20
44.1	44.21
44.1	44.22
44.7	44.23
44.1	44.24
44.1	44.25
44.1	44.26
44.8	44.27
44.8	44.28
44.1	44.29
44.1	44.30
44.9	44.31
44.9	44.32
44.1	44.33
44.1	44.34
44.8	44.35
44.8	44.36
44.8	44.37
44.8	44.38
44.1	44.39
44.9	44.40
44.8	44.41
44.8	44.42
44.1	44.43
44.8	44.44
44.1	44.45
44.2	44.46
44.1	44.47
44.1	44.48
44.9	44.49
44.6	44.50
44.5	44.51
44.8	44.52
44.6	44.53
44.1	44.54
44.6	44.55
44.9	44.56
44.9	44.57
44.5	44.58
44.9	44.59
44.8	44.60
44.9	44.61
44.8	44.62
44.9	44.63
44.9	44.64
45.9	45.1
45.1	45.2
45.1	45.3
45.1	45.4
45.1	45.5
45.1	45.6
45.9	45.7
45.9	45.8
45.6	45.9
45.1	45.10
45.1	45.11
45.1	45.12
45.1	45.13
45.9	45.14
45.1	45.15
45.1	45.16
45.8	45.17
45.1	45.18
45.1	45.19
45.9	45.20
45.9	45.21
45.3	45.22
45.1	45.23
45.1	45.24
45.1	45.25
45.4	45.26
45.9	45.27
45.1	45.28
45.9	45.29
45.1	45.30
45.1	45.31
45.9	45.32
45.6	45.33
45.9	45.34
45.5	45.35
45.1	45.36
45.8	45.37
45.1	45.38
45.7	45.39
45.7	45.40
45.9	45.41
45.1	45.42
45.9	45.43
45.1	45.44
45.1	45.45
45.1	45.46
45.1	45.47
45.7	45.48
45.1	45.49
45.9	45.50
45.1	45.51
45.9	45.52
45.9	45.53
45.1	45.54
45.1	45.55
45.2	45.56
45.9	45.57
45.9	45.58
45.1	45.59
45.9	45.60
45.9	45.61
45.9	45.62
45.7	45.63
45.1	45.64
46.4	46.1
46.4	46.2
46.2	46.3
46.4	46.4
46.4	46.5
46.4	46.6
46.4	46.7
46.4	46.8
46.4	46.9
46.4	46.10
46.6	46.11
46.6	46.12
46.4	46.13
46.4	46.14
46.4	46.15
46.4	46.16
46.6	46.17
46.6	46.18
46.4	46.19
46.6	46.20
46.6	46.21
46.4	46.22
46.4	46.23
46.6	46.24
46.6	46.25
46.5	46.26
46.4	46.27
46.4	46.28
46.4	46.29
46.4	46.30
46.4	46.31
46.4	46.32
46.4	46.33
46.6	46.34
46.4	46.35
46.4	46.36
46.4	46.37
46.6	46.38
46.4	46.39
46.4	46.40
46.6	46.41
46.3	46.42
46.2	46.43
46.4	46.44
46.4	46.45
46.2	46.46
46.4	46.47
46.4	46.48
46.6	46.49
46.4	46.50
46.2	46.51
46.6	46.52
46.4	46.53
46.1	46.54
46.6	46.55
46.4	46.56
46.6	46.57
46.4	46.58
46.2	46.59
46.4	46.60
46.2	46.61
46.4	46.62
46.4	46.63
46.4	46.64
47.5	47.1
47.7	47.2
47.8	47.3
47.8	47.4
47.9	47.5
47.9	47.6
47.8	47.7
47.5	47.8
47.7	47.9
47.8	47.10
47.5	47.11
47.8	47.12
47.5	47.13
47.5	47.14
47.9	47.15
47.8	47.16
47.7	47.17
47.9	47.18
47.5	47.19
47.1	47.20
47.8	47.21
47.9	47.22
47.5	47.23
47.9	47.24
47.5	47.25
47.1	47.26
47.5	47.27
47.5	47.28
47.9	47.29
47.9	47.30
47.5	47.31
47.8	47.32
47.8	47.33
47.1	47.34
47.9	47.35
47.9	47.36
47.8	47.37
47.5	47.38
47.9	47.39
47.5	47.40
47.5	47.41
47.9	47.42
47.4	47.43
47.5	47.44
47.5	47.45
47.9	47.46
47.9	47.47
47.5	47.48
47.9	47.49
47.5	47.50
47.5	47.51
47.3	47.52
47.9	47.53
47.1	47.54
47.6	47.55
47.9	47.56
47.5	47.57
47.1	47.58
47.8	47.59
47.2	47.60
47.6	47.61
47.9	47.62
47.8	47.63
47.5	47.64
48.8	48.1
48.4	48.2
48.7	48.3
48.4	48.4
48.4	48.5
48.1	48.6
48.4	48.7
48.4	48.8
48.1	48.9
48.7	48.10
48.5	48.11
48.8	48.12
48.8	48.13
48.6	48.14
48.4	48.15
48.4	48.16
48.7	48.17
48.5	48.18
48.4	48.19
48.1	48.20
48.4	48.21
48.1	48.22
48.1	48.23
48.6	48.24
48.1	48.25
48.6	48.26
48.7	48.27
48.4	48.28
48.4	48.29
48.2	48.30
48.7	48.31
48.4	48.32
48.6	48.33
48.8	48.34
48.4	48.35
48.4	48.36
48.6	48.37
48.6	48.38
48.4	48.39
48.7	48.40
48.7	48.41
48.8	48.42
48.4	48.43
48.4	48.44
48.8	48.45
48.6	48.46
48.1	48.47
48.6	48.48
48.6	48.49
48.3	48.50
48.4	48.51
48.7	48.52
48.4	48.53
48.7	48.54
48.8	48.55
48.8	48.56
48.4	48.57
48.8	48.58
48.8	48.59
48.4	48.60
48.8	48.61
48.8	48.62
48.4	48.63
48.7	48.64
49.7	49.1
49.7	49.2
49.9	49.3
49.9	49.4
49.5	49.5
49.9	49.6
49.7	49.7
49.9	49.8
49.1	49.9
49.1	49.10
49.2	49.11
49.9	49.12
49.9	49.13
49.6	49.14
49.1	49.15
49.5	49.16
49.7	49.17
49.4	49.18
49.1	49.19
49.9	49.20
49.7	49.21
49.5	49.22
49.9	49.23
49.9	49.24
49.9	49.25
49.1	49.26
49.9	49.27
49.9	49.28
49.7	49.29
49.7	49.30
49.9	49.31
49.7	49.32
49.5	49.33
49.9	49.34
49.9	49.35
49.7	49.36
49.7	49.37
49.7	49.38
49.9	49.39
49.1	49.40
49.8	49.41
49.1	49.42
49.7	49.43
49.9	49.44
49.7	49.45
49.5	49.46
49.9	49.47
49.9	49.48
49.7	49.49
49.9	49.50
49.3	49.51
49.9	49.52
49.7	49.53
49.4	49.54
49.7	49.55
49.9	49.56
49.6	49.57
49.1	49.58
49.9	49.59
49.9	49.60
49.9	49.61
49.6	49.62
49.8	49.63
49.4	49.64
50.4	50.1
50.4	50.2
50.1	50.3
50.4	50.4
50.1	50.5
50.4	50.6
50.4	50.7
50.4	50.8
50.4	50.9
50.4	50.10
50.1	50.11
50.1	50.12
50.4	50.13
50.4	50.14
50.4	50.15
50.1	50.16
50.1	50.17
50.1	50.18
50.4	50.19
50.1	50.20
50.4	50.21
50.1	50.22
50.1	50.23
50.4	50.24
50.4	50.25
50.1	50.26
50.1	50.27
50.4	50.28
50.4	50.29
50.3	50.30
50.1	50.31
50.4	50.32
50.1	50.33
50.1	50.34
50.4	50.35
50.4	50.36
50.4	50.37
50.4	50.38
50.5	50.39
50.4	50.40
50.4	50.41
50.6	50.42
50.6	50.43
50.1	50.44
50.4	50.45
50.4	50.46
50.4	50.47
50.6	50.48
50.1	50.49
50.4	50.50
50.6	50.51
50.4	50.52
50.1	50.53
50.4	50.54
50.4	50.55
50.4	50.56
50.1	50.57
50.2	50.58
50.4	50.59
50.4	50.60
50.6	50.61
50.4	50.62
50.4	50.63
50.4	50.64
51.4	51.1
51.1	51.2
51.8	51.3
51.6	51.4
51.10	51.5
51.8	51.6
51.8	51.7
51.10	51.8
51.1	51.9
51.1	51.10
51.1	51.11
51.9	51.12
51.8	51.13
51.4	51.14
51.10	51.15
51.8	51.16
51.1	51.17
51.6	51.18
51.8	51.19
51.1	51.20
51.3	51.21
51.8	51.22
51.6	51.23
51.8	51.24
51.6	51.25
51.8	51.26
51.1	51.27
51.5	51.28
51.10	51.29
51.9	51.30
51.8	51.31
51.8	51.32
51.1	51.33
51.2	51.34
51.8	51.35
51.8	51.36
51.4	51.37
51.8	51.38
51.8	51.39
51.8	51.40
51.8	51.41
51.8	51.42
51.6	51.43
51.1	51.44
51.9	51.45
51.1	51.46
51.4	51.47
51.8	51.48
51.1	51.49
51.8	51.50
51.7	51.51
51.6	51.52
51.1	51.53
51.8	51.54
51.8	51.55
51.1	51.56
51.1	51.57
51.5	51.58
51.8	51.59
51.6	51.60
51.1	51.61
51.1	51.62
51.4	51.63
51.6	51.64
52.9	52.1
52.9	52.2
52.1	52.3
52.9	52.4
52.9	52.5
52.9	52.6
52.8	52.7
52.9	52.8
52.9	52.9
52.7	52.10
52.5	52.11
52.9	52.12
52.1	52.13
52.9	52.14
52.1	52.15
52.1	52.16
52.9	52.17
52.1	52.18
52.1	52.19
52.9	52.20
52.5	52.21
52.9	52.22
52.7	52.23
52.1	52.24
52.9	52.25
52.9	52.26
52.9	52.27
52.1	52.28
52.9	52.29
52.1	52.30
52.9	52.31
52.8	52.32
52.5	52.33
52.9	52.34
52.1	52.35
52.1	52.36
52.1	52.37
52.8	52.38
52.1	52.39
52.9	52.40
52.9	52.41
52.8	52.42
52.9	52.43
52.1	52.44
52.1	52.45
52.1	52.46
52.3	52.47
52.1	52.48
52.1	52.49
52.9	52.50
52.8	52.51
52.9	52.52
52.2	52.53
52.4	52.54
52.9	52.55
52.1	52.56
52.6	52.57
52.4	52.58
52.9	52.59
52.5	52.60
52.5	52.61
52.8	52.62
52.9	52.63
52.1	52.64
53.9	53.1
53.4	53.2
53.4	53.3
53.4	53.4
53.9	53.5
53.4	53.6
53.1	53.7
53.8	53.8
53.4	53.9
53.9	53.10
53.4	53.11
53.1	53.12
53.1	53.13
53.1	53.14
53.7	53.15
53.4	53.16
53.9	53.17
53.7	53.18
53.1	53.19
53.9	53.20
53.4	53.21
53.4	53.22
53.4	53.23
53.3	53.24
53.1	53.25
53.9	53.26
53.9	53.27
53.8	53.28
53.1	53.29
53.1	53.30
53.6	53.31
53.4	53.32
53.7	53.33
53.4	53.34
53.1	53.35
53.1	53.36
53.4	53.37
53.1	53.38
53.6	53.39
53.9	53.40
53.1	53.41
53.4	53.42
53.5	53.43
53.4	53.44
53.7	53.45
53.9	53.46
53.4	53.47
53.1	53.48
53.4	53.49
53.1	53.50
53.4	53.51
53.2	53.52
53.9	53.53
53.1	53.54
53.4	53.55
53.4	53.56
53.1	53.57
53.9	53.58
53.9	53.59
53.4	53.60
53.9	53.61
53.4	53.62
53.9	53.63
53.1	53.64
54.7	54.1
54.7	54.2
54.7	54.3
54.1	54.4
54.7	54.5
54.7	54.6
54.1	54.7
54.1	54.8
54.1	54.9
54.7	54.10
54.10	54.11
54.1	54.12
54.7	54.13
54.7	54.14
54.7	54.15
54.1	54.16
54.7	54.17
54.10	54.18
54.1	54.19
54.7	54.20
54.1	54.21
54.10	54.22
54.7	54.23
54.2	54.24
54.6	54.25
54.6	54.26
54.10	54.27
54.7	54.28
54.7	54.29
54.7	54.30
54.7	54.31
54.10	54.32
54.10	54.33
54.10	54.34
54.7	54.35
54.11	54.36
54.10	54.37
54.1	54.38
54.7	54.39
54.1	54.40
54.4	54.41
54.1	54.42
54.7	54.43
54.3	54.44
54.7	54.45
54.10	54.46
54.10	54.47
54.8	54.48
54.1	54.49
54.10	54.50
54.7	54.51
54.10	54.52
54.1	54.53
54.4	54.54
54.10	54.55
54.1	54.56
54.10	54.57
54.1	54.58
54.5	54.59
54.9	54.60
54.7	54.61
54.7	54.62
54.1	54.63
54.1	54.64
55.1	55.1
55.5	55.2
55.8	55.3
55.5	55.4
55.1	55.5
55.6	55.6
55.1	55.7
55.1	55.8
55.3	55.9
55.1	55.10
55.5	55.11
55.6	55.12
55.1	55.13
55.7	55.14
55.1	55.15
55.1	55.16
55.6	55.17
55.1	55.18
55.5	55.19
55.4	55.20
55.1	55.21
55.5	55.22
55.2	55.23
55.1	55.24
55.1	55.25
55.5	55.26
55.1	55.27
55.5	55.28
55.1	55.29
55.6	55.30
55.8	55.31
55.5	55.32
55.1	55.33
55.1	55.34
55.1	55.35
55.5	55.36
55.5	55.37
55.3	55.38
55.1	55.39
55.5	55.40
55.3	55.41
55.1	55.42
55.1	55.43
55.1	55.44
55.1	55.45
55.1	55.46
55.5	55.47
55.6	55.48
55.6	55.49
55.1	55.50
55.5	55.51
55.1	55.52
55.5	55.53
55.1	55.54
55.1	55.55
55.1	55.56
55.7	55.57
55.5	55.58
55.1	55.59
55.5	55.60
55.6	55.61
55.5	55.62
55.1	55.63
55.1	55.64
56.13	56.1
56.13	56.2
56.13	56.3
56.14	56.4
56.5	56.5
56.2	56.6
56.1	56.7
56.14	56.8
56.14	56.9
56.13	56.10
56.7	56.11
56.13	56.12
56.7	56.13
56.7	56.14
56.9	56.15
56.14	56.16
56.13	56.17
56.14	56.18
56.4	56.19
56.14	56.20
56.7	56.21
56.5	56.22
56.7	56.23
56.7	56.24
56.14	56.25
56.7	56.26
56.3	56.27
56.7	56.28
56.13	56.29
56.13	56.30
56.11	56.31
56.6	56.32
56.13	56.33
56.13	56.34
56.3	56.35
56.14	56.36
56.15	56.37
56.9	56.38
56.3	56.39
56.7	56.40
56.6	56.41
56.14	56.42
56.13	56.43
56.3	56.44
56.14	56.45
56.14	56.46
56.13	56.47
56.7	56.48
56.4	56.49
56.3	56.50
56.13	56.51
56.7	56.52
56.12	56.53
56.1	56.54
56.11	56.55
56.14	56.56
56.3	56.57
56.8	56.58
56.10	56.59
56.4	56.60
56.14	56.61
56.13	56.62
56.13	56.63
56.14	56.64
57.1	57.1
57.1	57.2
57.1	57.3
57.1	57.4
57.1	57.5
57.1	57.6
57.1	57.7
57.1	57.8
57.1	57.9
57.1	57.10
57.1	57.11
57.1	57.12
57.1	57.13
57.1	57.14
57.1	57.15
57.1	57.16
57.1	57.17
57.1	57.18
57.1	57.19
57.1	57.20
57.1	57.21
57.6	57.22
57.1	57.23
57.1	57.24
57.1	57.25
57.1	57.26
57.1	57.27
57.1	57.28
57.2	57.29
57.1	57.30
57.1	57.31
57.1	57.32
57.1	57.33
57.1	57.34
57.1	57.35
57.1	57.36
57.3	57.37
57.1	57.38
57.1	57.39
57.1	57.40
57.5	57.41
57.5	57.42
57.1	57.43
57.1	57.44
57.1	57.45
57.1	57.46
57.5	57.47
57.1	57.48
57.5	57.49
57.1	57.50
57.1	57.51
57.5	57.52
57.5	57.53
57.5	57.54
57.1	57.55
57.1	57.56
57.4	57.57
57.5	57.58
57.1	57.59
57.5	57.60
57.3	57.61
57.1	57.62
57.1	57.63
57.5	57.64
58.8	58.1
58.8	58.2
58.9	58.3
58.8	58.4
58.6	58.5
58.8	58.6
58.8	58.7
58.6	58.8
58.1	58.9
58.8	58.10
58.8	58.11
58.6	58.12
58.6	58.13
58.7	58.14
58.8	58.15
58.5	58.16
58.8	58.17
58.6	58.18
58.4	58.19
58.5	58.20
58.6	58.21
58.7	58.22
58.8	58.23
58.8	58.24
58.9	58.25
58.1	58.26
58.6	58.27
58.6	58.28
58.8	58.29
58.8	58.30
58.1	58.31
58.6	58.32
58.8	58.33
58.8	58.34
58.8	58.35
58.1	58.36
58.1	58.37
58.1	58.38
58.1	58.39
58.6	58.40
58.8	58.41
58.6	58.42
58.4	58.43
58.5	58.44
58.6	58.45
58.7	58.46
58.8	58.47
58.8	58.48
58.9	58.49
58.8	58.50
58.7	58.51
58.5	58.52
58.6	58.53
58.3	58.54
58.1	58.55
58.8	58.56
58.8	58.57
58.6	58.58
58.1	58.59
58.5	58.60
58.1	58.61
58.8	58.62
58.6	58.63
58.2	58.64
59.4	59.1
59.4	59.2
59.5	59.3
59.4	59.4
59.1	59.5
59.4	59.6
59.1	59.7
59.4	59.8
59.4	59.9
59.1	59.10
59.4	59.11
59.4	59.12
59.1	59.13
59.4	59.14
59.4	59.15
59.1	59.16
59.5	59.17
59.4	59.18
59.4	59.19
59.5	59.20
59.4	59.21
59.4	59.22
59.4	59.23
59.3	59.24
59.4	59.25
59.4	59.26
59.4	59.27
59.1	59.28
59.4	59.29
59.4	59.30
59.4	59.31
59.3	59.32
59.4	59.33
59.5	59.34
59.1	59.35
59.1	59.36
59.3	59.37
59.3	59.38
59.4	59.39
59.4	59.40
59.5	59.41
59.1	59.42
59.4	59.43
59.4	59.44
59.4	59.45
59.4	59.46
59.1	59.47
59.4	59.48
59.1	59.49
59.4	59.50
59.4	59.51
59.4	59.52
59.1	59.53
59.4	59.54
59.4	59.55
59.4	59.56
59.1	59.57
59.3	59.58
59.4	59.59
59.5	59.60
59.5	59.61
59.4	59.62
59.2	59.63
59.4	59.64
60.5	60.1
60.8	60.2
60.5	60.3
60.5	60.4
60.5	60.5
60.5	60.6
60.1	60.7
60.5	60.8
60.9	60.9
60.5	60.10
60.8	60.11
60.8	60.12
60.5	60.13
60.9	60.14
60.8	60.15
60.9	60.16
60.3	60.17
60.8	60.18
60.10	60.19
60.9	60.20
60.8	60.21
60.8	60.22
60.8	60.23
60.9	60.24
60.9	60.25
60.9	60.26
60.5	60.27
60.1	60.28
60.5	60.29
60.11	60.30
60.5	60.31
60.1	60.32
60.7	60.33
60.5	60.34
60.8	60.35
60.2	60.36
60.12	60.37
60.8	60.38
60.11	60.39
60.7	60.40
60.8	60.41
60.7	60.42
60.5	60.43
60.9	60.44
60.6	60.45
60.8	60.46
60.9	60.47
60.8	60.48
60.7	60.49
60.9	60.50
60.8	60.51
60.8	60.52
60.10	60.53
60.5	60.54
60.8	60.55
60.5	60.56
60.5	60.57
60.4	60.58
60.10	60.59
60.5	60.60
60.7	60.61
60.10	60.62
60.10	60.63
60.1	60.64
61.8	61.1
61.9	61.2
61.6	61.3
61.8	61.4
61.9	61.5
61.6	61.6
61.1	61.7
61.1	61.8
61.6	61.9
61.7	61.10
61.8	61.11
61.9	61.12
61.8	61.13
61.9	61.14
61.8	61.15
61.9	61.16
61.6	61.17
61.1	61.18
61.1	61.19
61.9	61.20
61.6	61.21
61.9	61.22
61.1	61.23
61.3	61.24
61.9	61.25
61.9	61.26
61.8	61.27
61.6	61.28
61.5	61.29
61.4	61.30
61.1	61.31
61.1	61.32
61.1	61.33
61.8	61.34
61.7	61.35
61.1	61.36
61.8	61.37
61.9	61.38
61.1	61.39
61.1	61.40
61.1	61.41
61.8	61.42
61.2	61.43
61.5	61.44
61.1	61.45
61.9	61.46
61.8	61.47
61.5	61.48
61.8	61.49
61.6	61.50
61.9	61.51
61.1	61.52
61.9	61.53
61.1	61.54
61.1	61.55
61.8	61.56
61.8	61.57
61.8	61.58
61.8	61.59
61.8	61.60
61.1	61.61
61.1	61.62
61.8	61.63
61.4	61.64
62.1	62.1
62.1	62.2
62.1	62.3
62.1	62.4
62.7	62.5
62.1	62.6
62.5	62.7
62.7	62.8
62.7	62.9
62.1	62.10
62.1	62.11
62.1	62.12
62.5	62.13
62.7	62.14
62.7	62.15
62.6	62.16
62.1	62.17
62.1	62.18
62.7	62.19
62.1	62.20
62.7	62.21
62.1	62.22
62.2	62.23
62.6	62.24
62.6	62.25
62.7	62.26
62.1	62.27
62.7	62.28
62.7	62.29
62.7	62.30
62.3	62.31
62.6	62.32
62.7	62.33
62.7	62.34
62.6	62.35
62.4	62.36
62.1	62.37
62.4	62.38
62.1	62.39
62.7	62.40
62.1	62.41
62.7	62.42
62.6	62.43
62.5	62.44
62.7	62.45
62.1	62.46
62.1	62.47
62.4	62.48
62.6	62.49
62.1	62.50
62.7	62.51
62.7	62.52
62.3	62.53
62.7	62.54
62.1	62.55
62.6	62.56
62.1	62.57
62.6	62.58
62.6	62.59
62.1	62.60
62.7	62.61
62.6	62.62
62.1	62.63
62.7	62.64
63.1	63.1
63.1	63.2
63.7	63.3
63.7	63.4
63.7	63.5
63.7	63.6
63.1	63.7
63.1	63.8
63.8	63.9
63.7	63.10
63.7	63.11
63.1	63.12
63.7	63.13
63.1	63.14
63.7	63.15
63.7	63.16
63.7	63.17
63.1	63.18
63.8	63.19
63.8	63.20
63.1	63.21
63.1	63.22
63.1	63.23
63.8	63.24
63.7	63.25
63.5	63.26
63.7	63.27
63.7	63.28
63.7	63.29
63.1	63.30
63.7	63.31
63.7	63.32
63.7	63.33
63.1	63.34
63.8	63.35
63.7	63.36
63.5	63.37
63.7	63.38
63.7	63.39
63.7	63.40
63.7	63.41
63.7	63.42
63.2	63.43
63.6	63.44
63.9	63.45
63.8	63.46
63.1	63.47
63.8	63.48
63.5	63.49
63.1	63.50
63.3	63.51
63.4	63.52
63.1	63.53
63.7	63.54
63.7	63.55
63.8	63.56
63.1	63.57
63.8	63.58
63.7	63.59
63.1	63.60
63.7	63.61
63.1	63.62
63.7	63.63
63.8	63.64
64.5	64.1
64.5	64.2
64.1	64.3
64.5	64.4
64.6	64.5
64.1	64.6
64.1	64.7
64.1	64.8
64.6	64.9
64.6	64.10
64.3	64.11
64.1	64.12
64.6	64.13
64.1	64.14
64.1	64.15
64.1	64.16
64.1	64.17
64.1	64.18
64.1	64.19
64.1	64.20
64.1	64.21
64.1	64.22
64.1	64.23
64.6	64.24
64.6	64.25
64.6	64.26
64.1	64.27
64.6	64.28
64.2	64.29
64.1	64.30
64.1	64.31
64.1	64.32
64.1	64.33
64.1	64.34
64.6	64.35
64.6	64.36
64.1	64.37
64.1	64.38
64.3	64.39
64.1	64.40
64.1	64.41
64.1	64.42
64.6	64.43
64.1	64.44
64.1	64.45
64.1	64.46
64.4	64.47
64.1	64.48
64.6	64.49
64.6	64.50
64.6	64.51
64.1	64.52
64.6	64.53
64.6	64.54
64.6	64.55
64.1	64.56
64.1	64.57
64.1	64.58
64.6	64.59
64.1	64.60
64.5	64.61
64.6	64.62
64.1	64.63
64.5	64.64
65.6	65.1
65.5	65.2
65.3	65.3
65.5	65.4
65.1	65.5
65.6	65.6
65.1	65.7
65.5	65.8
65.1	65.9
65.5	65.10
65.5	65.11
65.6	65.12
65.5	65.13
65.5	65.14
65.7	65.15
65.5	65.16
65.5	65.17
65.5	65.18
65.1	65.19
65.1	65.20
65.5	65.21
65.1	65.22
65.1	65.23
65.1	65.24
65.5	65.25
65.1	65.26
65.5	65.27
65.6	65.28
65.2	65.29
65.6	65.30
65.5	65.31
65.1	65.32
65.7	65.33
65.5	65.34
65.5	65.35
65.5	65.36
65.7	65.37
65.5	65.38
65.1	65.39
65.5	65.40
65.5	65.41
65.1	65.42
65.6	65.43
65.1	65.44
65.1	65.45
65.6	65.46
65.1	65.47
65.5	65.48
65.5	65.49
65.6	65.50
65.6	65.51
65.5	65.52
65.6	65.53
65.5	65.54
65.5	65.55
65.4	65.56
65.1	65.57
65.1	65.58
65.1	65.59
65.1	65.60
65.1	65.61
65.1	65.62
65.6	65.63
65.1	65.64
66.1	66.1
66.5	66.2
66.1	66.3
66.1	66.4
66.1	66.5
66.5	66.6
66.1	66.7
66.1	66.8
66.5	66.9
66.1	66.10
66.5	66.11
66.1	66.12
66.2	66.13
66.5	66.14
66.5	66.15
66.1	66.16
66.1	66.17
66.1	66.18
66.6	66.19
66.1	66.20
66.1	66.21
66.5	66.22
66.5	66.23
66.6	66.24
66.1	66.25
66.1	66.26
66.1	66.27
66.1	66.28
66.5	66.29
66.5	66.30
66.5	66.31
66.5	66.32
66.5	66.33
66.5	66.34
66.5	66.35
66.4	66.36
66.5	66.37
66.6	66.38
66.5	66.39
66.1	66.40
66.5	66.41
66.1	66.42
66.5	66.43
66.5	66.44
66.6	66.45
66.5	66.46
66.5	66.47
66.1	66.48
66.6	66.49
66.5	66.50
66.6	66.51
66.6	66.52
66.6	66.53
66.4	66.54
66.5	66.55
66.6	66.56
66.5	66.57
66.6	66.58
66.6	66.59
66.4	66.60
66.5	66.61
66.1	66.62
66.3	66.63
66.5	66.64
67.5	67.1
67.1	67.2
67.5	67.3
67.1	67.4
67.4	67.5
67.1	67.6
67.1	67.7
67.1	67.8
67.5	67.9
67.1	67.10
67.4	67.11
67.1	67.12
67.1	67.13
67.4	67.14
67.1	67.15
67.5	67.16
67.5	67.17
67.1	67.18
67.1	67.19
67.5	67.20
67.1	67.21
67.5	67.22
67.6	67.23
67.4	67.24
67.5	67.25
67.5	67.26
67.1	67.27
67.5	67.28
67.1	67.29
67.1	67.30
67.2	67.31
67.5	67.32
67.4	67.33
67.1	67.34
67.1	67.35
67.5	67.36
67.1	67.37
67.5	67.38
67.1	67.39
67.4	67.40
67.1	67.41
67.1	67.42
67.5	67.43
67.5	67.44
67.3	67.45
67.1	67.46
67.1	67.47
67.1	67.48
67.5	67.49
67.4	67.50
67.1	67.51
67.4	67.52
67.4	67.53
67.1	67.54
67.1	67.55
67.1	67.56
67.1	67.57
67.1	67.58
67.5	67.59
67.4	67.60
67.4	67.61
67.4	67.62
67.4	67.63
67.5	67.64
68.1	68.1
68.1	68.2
68.6	68.3
68.1	68.4
68.1	68.5
68.5	68.6
68.1	68.7
68.6	68.8
68.6	68.9
68.6	68.10
68.1	68.11
68.3	68.12
68.6	68.13
68.1	68.14
68.1	68.15
68.5	68.16
68.6	68.17
68.6	68.18
68.1	68.19
68.6	68.20
68.1	68.21
68.5	68.22
68.1	68.23
68.6	68.24
68.1	68.25
68.1	68.26
68.6	68.27
68.3	68.28
68.5	68.29
68.1	68.30
68.1	68.31
68.1	68.32
68.5	68.33
68.1	68.34
68.1	68.35
68.3	68.36
68.4	68.37
68.1	68.38
68.1	68.39
68.1	68.40
68.1	68.41
68.6	68.42
68.6	68.43
68.6	68.44
68.6	68.45
68.5	68.46
68.5	68.47
68.1	68.48
68.1	68.49
68.1	68.50
68.2	68.51
68.1	68.52
68.1	68.53
68.6	68.54
68.1	68.55
68.6	68.56
68.6	68.57
68.6	68.58
68.6	68.59
68.1	68.60
68.1	68.61
68.6	68.62
68.1	68.63
68.6	68.64
69.1	69.1
69.5	69.2
69.1	69.3
69.8	69.4
69.1	69.5
69.7	69.6
69.12	69.7
69.4	69.8
69.1	69.9
69.8	69.10
69.9	69.11
69.9	69.12
69.10	69.13
69.9	69.14
69.2	69.15
69.8	69.16
69.12	69.17
69.1	69.18
69.9	69.19
69.1	69.20
69.7	69.21
69.8	69.22
69.12	69.23
69.11	69.24
69.11	69.25
69.12	69.26
69.10	69.27
69.8	69.28
69.1	69.29
69.7	69.30
69.8	69.31
69.8	69.32
69.1	69.33
69.5	69.34
69.8	69.35
69.5	69.36
69.5	69.37
69.8	69.38
69.8	69.39
69.9	69.40
69.8	69.41
69.10	69.42
69.4	69.43
69.12	69.44
69.6	69.45
69.9	69.46
69.1	69.47
69.8	69.48
69.8	69.49
69.5	69.50
69.1	69.51
69.5	69.52
69.1	69.53
69.10	69.54
69.8	69.55
69.12	69.56
69.10	69.57
69.1	69.58
69.1	69.59
69.3	69.60
69.12	69.61
69.1	69.62
69.8	69.63
69.8	69.64
70.1	70.1
70.13	70.2
70.13	70.3
70.13	70.4
70.9	70.5
70.4	70.6
70.8	70.7
70.1	70.8
70.13	70.9
70.9	70.10
70.9	70.11
70.1	70.12
70.9	70.13
70.6	70.14
70.1	70.15
70.6	70.16
70.1	70.17
70.1	70.18
70.1	70.19
70.13	70.20
70.13	70.21
70.13	70.22
70.9	70.23
70.1	70.24
70.14	70.25
70.14	70.26
70.1	70.27
70.13	70.28
70.1	70.29
70.9	70.30
70.1	70.31
70.3	70.32
70.2	70.33
70.7	70.34
70.9	70.35
70.13	70.36
70.13	70.37
70.13	70.38
70.9	70.39
70.1	70.40
70.9	70.41
70.13	70.42
70.15	70.43
70.6	70.44
70.12	70.45
70.13	70.46
70.13	70.47
70.1	70.48
70.1	70.49
70.1	70.50
70.1	70.51
70.13	70.52
70.11	70.53
70.10	70.54
70.1	70.55
70.5	70.56
70.15	70.57
70.1	70.58
70.13	70.59
70.1	70.60
70.13	70.61
70.13	70.62
70.9	70.63
70.13	70.64
71.6	71.1
71.7	71.2
71.1	71.3
71.1	71.4
71.7	71.5
71.7	71.6
71.1	71.7
71.7	71.8
71.1	71.9
71.1	71.10
71.1	71.11
71.7	71.12
71.7	71.13
71.1	71.14
71.7	71.15
71.7	71.16
71.1	71.17
71.1	71.18
71.7	71.19
71.7	71.20
71.7	71.21
71.4	71.22
71.1	71.23
71.7	71.24
71.6	71.25
71.6	71.26
71.5	71.27
71.7	71.28
71.7	71.29
71.7	71.30
71.1	71.31
71.7	71.32
71.4	71.33
71.5	71.34
71.7	71.35
71.2	71.36
71.1	71.37
71.1	71.38
71.1	71.39
71.5	71.40
71.5	71.41
71.5	71.42
71.1	71.43
71.8	71.44
71.1	71.45
71.7	71.46
71.7	71.47
71.1	71.48
71.5	71.49
71.5	71.50
71.1	71.51
71.5	71.52
71.5	71.53
71.1	71.54
71.1	71.55
71.7	71.56
71.5	71.57
71.6	71.58
71.5	71.59
71.3	71.60
71.1	71.61
71.1	71.62
71.7	71.63
71.1	71.64
72.1	72.1
72.5	72.2
72.1	72.3
72.5	72.4
72.1	72.5
72.1	72.6
72.1	72.7
72.1	72.8
72.1	72.9
72.1	72.10
72.1	72.11
72.2	72.12
72.1	72.13
72.7	72.14
72.1	72.15
72.1	72.16
72.5	72.17
72.4	72.18
72.1	72.19
72.1	72.20
72.1	72.21
72.1	72.22
72.1	72.23
72.1	72.24
72.1	72.25
72.1	72.26
72.1	72.27
72.7	72.28
72.5	72.29
72.6	72.30
72.1	72.31
72.1	72.32
72.5	72.33
72.1	72.34
72.1	72.35
72.1	72.36
72.5	72.37
72.5	72.38
72.1	72.39
72.1	72.40
72.7	72.41
72.1	72.42
72.1	72.43
72.5	72.44
72.5	72.45
72.1	72.46
72.1	72.47
72.6	72.48
72.7	72.49
72.3	72.50
72.1	72.51
72.5	72.52
72.5	72.53
72.1	72.54
72.1	72.55
72.5	72.56
72.5	72.57
72.1	72.58
72.5	72.59
72.3	72.60
72.1	72.61
72.1	72.62
72.3	72.63
72.5	72.64
73.6	73.1
73.4	73.2
73.6	73.3
73.7	73.4
73.2	73.5
73.6	73.6
73.4	73.7
73.6	73.8
73.6	73.9
73.7	73.10
73.4	73.11
73.4	73.12
73.5	73.13
73.7	73.14
73.7	73.15
73.6	73.16
73.7	73.17
73.6	73.18
73.4	73.19
73.6	73.20
73.6	73.21
73.4	73.22
73.4	73.23
73.1	73.24
73.5	73.25
73.7	73.26
73.6	73.27
73.3	73.28
73.1	73.29
73.7	73.30
73.5	73.31
73.5	73.32
73.6	73.33
73.7	73.34
73.5	73.35
73.6	73.36
73.5	73.37
73.6	73.38
73.1	73.39
73.4	73.40
73.7	73.41
73.7	73.42
73.4	73.43
73.1	73.44
73.7	73.45
73.5	73.46
73.4	73.47
73.1	73.48
73.6	73.49
73.4	73.50
73.7	73.51
73.7	73.52
73.7	73.53
73.1	73.54
73.5	73.55
73.1	73.56
73.6	73.57
73.6	73.58
73.5	73.59
73.5	73.60
73.5	73.61
73.6	73.62
73.3	73.63
73.4	73.64
74.4	74.1
74.9	74.2
74.4	74.3
74.8	74.4
74.4	74.5
74.9	74.6
74.8	74.7
74.6	74.8
74.4	74.9
74.9	74.10
74.4	74.11
74.4	74.12
74.4	74.13
74.4	74.14
74.4	74.15
74.9	74.16
74.4	74.17
74.4	74.18
74.9	74.19
74.4	74.20
74.9	74.21
74.8	74.22
74.9	74.23
74.4	74.24
74.9	74.25
74.8	74.26
74.8	74.27
74.9	74.28
74.4	74.29
74.4	74.30
74.4	74.31
74.9	74.32
74.4	74.33
74.9	74.34
74.9	74.35
74.4	74.36
74.8	74.37
74.9	74.38
74.9	74.39
74.9	74.40
74.6	74.41
74.9	74.42
74.4	74.43
74.4	74.44
74.4	74.45
74.10	74.46
74.9	74.47
74.9	74.48
74.1	74.49
74.3	74.50
74.5	74.51
74.8	74.52
74.4	74.53
74.9	74.54
74.10	74.55
74.8	74.56
74.9	74.57
74.4	74.58
74.9	74.59
74.2	74.60
74.9	74.61
74.10	74.62
74.9	74.63
74.7	74.64
75.1	75.1
75.11	75.2
75.11	75.3
75.1	75.4
75.11	75.5
75.1	75.6
75.12	75.7
75.11	75.8
75.11	75.9
75.11	75.10
75.1	75.11
75.1	75.12
75.1	75.13
75.11	75.14
75.1	75.15
75.12	75.16
75.13	75.17
75.1	75.18
75.11	75.19
75.2	75.20
75.10	75.21
75.1	75.22
75.1	75.23
75.5	75.24
75.4	75.25
75.10	75.26
75.10	75.27
75.1	75.28
75.4	75.29
75.12	75.30
75.11	75.31
75.1	75.32
75.1	75.33
75.11	75.34
75.1	75.35
75.1	75.36
75.11	75.37
75.11	75.38
75.6	75.39
75.1	75.40
75.11	75.41
75.11	75.42
75.11	75.43
75.8	75.44
75.9	75.45
75.3	75.46
75.6	75.47
75.11	75.48
75.11	75.49
75.10	75.50
75.12	75.51
75.13	75.52
75.11	75.53
75.11	75.54
75.11	75.55
75.8	75.56
75.7	75.57
75.11	75.58
75.1	75.59
75.10	75.60
75.13	75.61
75.12	75.62
75.8	75.63
75.11	75.64
76.4	76.1
76.1	76.2
76.4	76.3
76.1	76.4
76.1	76.5
76.1	76.6
76.1	76.7
76.1	76.8
76.1	76.9
76.3	76.10
76.1	76.11
76.1	76.12
76.4	76.13
76.4	76.14
76.1	76.15
76.4	76.16
76.3	76.17
76.1	76.18
76.1	76.19
76.1	76.20
76.6	76.21
76.1	76.22
76.4	76.23
76.4	76.24
76.1	76.25
76.1	76.26
76.1	76.27
76.1	76.28
76.1	76.29
76.1	76.30
76.4	76.31
76.4	76.32
76.1	76.33
76.1	76.34
76.1	76.35
76.3	76.36
76.1	76.37
76.1	76.38
76.1	76.39
76.4	76.40
76.4	76.41
76.1	76.42
76.4	76.43
76.3	76.44
76.1	76.45
76.4	76.46
76.1	76.47
76.4	76.48
76.4	76.49
76.3	76.50
76.1	76.51
76.3	76.52
76.4	76.53
76.3	76.54
76.2	76.55
76.1	76.56
76.1	76.57
76.1	76.58
76.1	76.59
76.1	76.60
76.4	76.61
76.5	76.62
76.4	76.63
76.1	76.64
77.16	77.1
77.9	77.2
77.11	77.3
77.1	77.4
77.14	77.5
77.14	77.6
77.11	77.7
77.15	77.8
77.11	77.9
77.13	77.10
77.1	77.11
77.13	77.12
77.11	77.13
77.11	77.14
77.1	77.15
77.1	77.16
77.2	77.17
77.1	77.18
77.11	77.19
77.4	77.20
77.1	77.21
77.11	77.22
77.1	77.23
77.11	77.24
77.11	77.25
77.1	77.26
77.9	77.27
77.1	77.28
77.5	77.29
77.13	77.30
77.11	77.31
77.11	77.32
77.13	77.33
77.12	77.34
77.15	77.35
77.11	77.36
77.11	77.37
77.1	77.38
77.6	77.39
77.6	77.40
77.1	77.41
77.11	77.42
77.11	77.43
77.13	77.44
77.7	77.45
77.9	77.46
77.6	77.47
77.10	77.48
77.11	77.49
77.16	77.50
77.1	77.51
77.13	77.52
77.5	77.53
77.3	77.54
77.1	77.55
77.8	77.56
77.9	77.57
77.11	77.58
77.1	77.59
77.14	77.60
77.11	77.61
77.11	77.62
77.11	77.63
77.1	77.64
78.1	78.1
78.5	78.2
78.4	78.3
78.8	78.4
78.4	78.5
78.5	78.6
78.4	78.7
78.2	78.8
78.8	78.9
78.4	78.10
78.4	78.11
78.5	78.12
78.1	78.13
78.8	78.14
78.4	78.15
78.4	78.16
78.4	78.17
78.1	78.18
78.4	78.19
78.5	78.20
78.5	78.21
78.8	78.22
78.4	78.23
78.4	78.24
78.8	78.25
78.5	78.26
78.4	78.27
78.4	78.28
78.4	78.29
78.4	78.30
78.4	78.31
78.4	78.32
78.8	78.33
78.4	78.34
78.4	78.35
78.4	78.36
78.6	78.37
78.8	78.38
78.4	78.39
78.5	78.40
78.4	78.41
78.4	78.42
78.7	78.43
78.4	78.44
78.4	78.45
78.4	78.46
78.3	78.47
78.4	78.48
78.4	78.49
78.1	78.50
78.1	78.51
78.4	78.52
78.1	78.53
78.8	78.54
78.4	78.55
78.7	78.56
78.4	78.57
78.4	78.58
78.8	78.59
78.4	78.60
78.4	78.61
78.8	78.62
78.8	78.63
78.4	78.64
79.8	79.1
79.8	79.2
79.8	79.3
79.1	79.4
79.1	79.5
79.1	79.6
79.1	79.7
79.1	79.8
79.1	79.9
79.1	79.10
79.8	79.11
79.8	79.12
79.1	79.13
79.4	79.14
79.1	79.15
79.1	79.16
79.8	79.17
79.1	79.18
79.1	79.19
79.1	79.20
79.8	79.21
79.1	79.22
79.1	79.23
79.1	79.24
79.1	79.25
79.8	79.26
79.8	79.27
79.8	79.28
79.1	79.29
79.1	79.30
79.1	79.31
79.1	79.32
79.3	79.33
79.3	79.34
79.1	79.35
79.5	79.36
79.8	79.37
79.2	79.38
79.8	79.39
79.1	79.40
79.8	79.41
79.3	79.42
79.8	79.43
79.7	79.44
79.7	79.45
79.1	79.46
79.1	79.47
79.1	79.48
79.7	79.49
79.6	79.50
79.8	79.51
79.1	79.52
79.1	79.53
79.8	79.54
79.1	79.55
79.1	79.56
79.3	79.57
79.7	79.58
79.1	79.59
79.1	79.60
79.1	79.61
79.1	79.62
79.1	79.63
79.8	79.64
80.7	80.1
80.7	80.2
80.5	80.3
80.7	80.4
80.7	80.5
80.9	80.6
80.7	80.7
80.2	80.8
80.9	80.9
80.9	80.10
80.1	80.11
80.7	80.12
80.9	80.13
80.9	80.14
80.8	80.15
80.7	80.16
80.7	80.17
80.1	80.18
80.7	80.19
80.7	80.20
80.8	80.21
80.9	80.22
80.7	80.23
80.1	80.24
80.9	80.25
80.9	80.26
80.7	80.27
80.9	80.28
80.7	80.29
80.7	80.30
80.1	80.31
80.5	80.32
80.7	80.33
80.9	80.34
80.7	80.35
80.7	80.36
80.7	80.37
80.9	80.38
80.7	80.39
80.7	80.40
80.9	80.41
80.7	80.42
80.7	80.43
80.6	80.44
80.9	80.45
80.9	80.46
80.1	80.47
80.7	80.48
80.9	80.49
80.6	80.50
80.7	80.51
80.9	80.52
80.7	80.53
80.4	80.54
80.7	80.55
80.7	80.56
80.7	80.57
80.7	80.58
80.1	80.59
80.7	80.60
80.9	80.61
80.3	80.62
80.7	80.63
80.7	80.64
81.4	81.1
81.3	81.2
81.3	81.3
81.3	81.4
81.3	81.5
81.4	81.6
81.3	81.7
81.3	81.8
81.3	81.9
81.3	81.10
81.3	81.11
81.4	81.12
81.4	81.13
81.3	81.14
81.3	81.15
81.3	81.16
81.4	81.17
81.3	81.18
81.1	81.19
81.4	81.20
81.4	81.21
81.4	81.22
81.3	81.23
81.3	81.24
81.4	81.25
81.4	81.26
81.1	81.27
81.1	81.28
81.4	81.29
81.4	81.30
81.3	81.31
81.4	81.32
81.4	81.33
81.4	81.34
81.3	81.35
81.3	81.36
81.3	81.37
81.4	81.38
81.4	81.39
81.5	81.40
81.1	81.41
81.3	81.42
81.3	81.43
81.3	81.44
81.3	81.45
81.4	81.46
81.4	81.47
81.3	81.48
81.4	81.49
81.3	81.50
81.4	81.51
81.3	81.52
81.1	81.53
81.3	81.54
81.3	81.55
81.4	81.56
81.3	81.57
81.3	81.58
81.1	81.59
81.4	81.60
81.4	81.61
81.2	81.62
81.3	81.63
81.1	81.64
82.8	82.1
82.8	82.2
82.8	82.3
82.8	82.4
82.5	82.5
82.7	82.6
82.1	82.7
82.8	82.8
82.1	82.9
82.7	82.10
82.8	82.11
82.1	82.12
82.1	82.13
82.8	82.14
82.8	82.15
82.1	82.16
82.5	82.17
82.8	82.18
82.5	82.19
82.8	82.20
82.7	82.21
82.1	82.22
82.2	82.23
82.6	82.24
82.1	82.25
82.5	82.26
82.8	82.27
82.1	82.28
82.5	82.29
82.1	82.30
82.8	82.31
82.8	82.32
82.8	82.33
82.5	82.34
82.8	82.35
82.1	82.36
82.8	82.37
82.8	82.38
82.1	82.39
82.1	82.40
82.5	82.41
82.8	82.42
82.8	82.43
82.1	82.44
82.1	82.45
82.8	82.46
82.8	82.47
82.1	82.48
82.1	82.49
82.7	82.50
82.8	82.51
82.5	82.52
82.8	82.53
82.8	82.54
82.8	82.55
82.7	82.56
82.3	82.57
82.8	82.58
82.5	82.59
82.1	82.60
82.8	82.61
82.4	82.62
82.8	82.63
82.8	82.64
83.14	83.1
83.4	83.2
83.14	83.3
83.14	83.4
83.7	83.5
83.8	83.6
83.6	83.7
83.9	83.8
83.14	83.9
83.13	83.10
83.10	83.11
83.14	83.12
83.14	83.13
83.11	83.14
83.8	83.15
83.14	83.16
83.8	83.17
83.14	83.18
83.4	83.19
83.14	83.20
83.4	83.21
83.11	83.22
83.14	83.23
83.8	83.24
83.11	83.25
83.14	83.26
83.14	83.27
83.8	83.28
83.3	83.29
83.4	83.30
83.14	83.31
83.2	83.32
83.8	83.33
83.12	83.34
83.14	83.35
83.8	83.36
83.14	83.37
83.14	83.38
83.5	83.39
83.13	83.40
83.8	83.41
83.14	83.42
83.6	83.43
83.14	83.44
83.14	83.45
83.4	83.46
83.4	83.47
83.14	83.48
83.14	83.49
83.4	83.50
83.4	83.51
83.4	83.52
83.4	83.53
83.4	83.54
83.14	83.55
83.4	83.56
83.6	83.57
83.4	83.58
83.4	83.59
83.14	83.60
83.4	83.61
83.14	83.62
83.14	83.63
83.1	83.64
84.8	84.1
84.10	84.2
84.8	84.3
84.7	84.4
84.1	84.5
84.1	84.6
84.11	84.7
84.6	84.8
84.10	84.9
84.8	84.10
84.7	84.11
84.10	84.12
84.7	84.13
84.6	84.14
84.7	84.15
84.8	84.16
84.1	84.17
84.5	84.18
84.7	84.19
84.8	84.20
84.1	84.21
84.11	84.22
84.7	84.23
84.8	84.24
84.1	84.25
84.7	84.26
84.7	84.27
84.1	84.28
84.1	84.29
84.1	84.30
84.1	84.31
84.7	84.32
84.11	84.33
84.1	84.34
84.1	84.35
84.11	84.36
84.7	84.37
84.8	84.38
84.7	84.39
84.1	84.40
84.8	84.41
84.7	84.42
84.4	84.43
84.11	84.44
84.9	84.45
84.1	84.46
84.7	84.47
84.7	84.48
84.1	84.49
84.7	84.50
84.3	84.51
84.1	84.52
84.1	84.53
84.2	84.54
84.1	84.55
84.1	84.56
84.7	84.57
84.7	84.58
84.1	84.59
84.11	84.60
84.1	84.61
84.7	84.62
84.9	84.63
84.1	84.64
85.4	85.1
85.4	85.2
85.4	85.3
85.4	85.4
85.4	85.5
85.4	85.6
85.4	85.7
85.4	85.8
85.4	85.9
85.4	85.10
85.4	85.11
85.2	85.12
85.3	85.13
85.4	85.14
85.1	85.15
85.4	85.16
85.4	85.17
85.4	85.18
85.4	85.19
85.4	85.20
85.4	85.21
85.1	85.22
85.4	85.23
85.4	85.24
85.4	85.25
85.4	85.26
85.4	85.27
85.4	85.28
85.1	85.29
85.4	85.30
85.1	85.31
85.4	85.32
85.4	85.33
85.4	85.34
85.4	85.35
85.4	85.36
85.4	85.37
85.4	85.38
85.4	85.39
85.1	85.40
85.4	85.41
85.1	85.42
85.4	85.43
85.4	85.44
85.4	85.45
85.4	85.46
85.4	85.47
85.4	85.48
85.4	85.49
85.4	85.50
85.4	85.51
85.4	85.52
85.4	85.53
85.4	85.54
85.4	85.55
85.4	85.56
85.4	85.57
85.1	85.58
85.1	85.59
85.4	85.60
85.4	85.61
85.4	85.62
85.1	85.63
85.4	85.64
86.4	86.1
86.1	86.2
86.1	86.3
86.1	86.4
86.1	86.5
86.1	86.6
86.1	86.7
86.1	86.8
86.5	86.9
86.5	86.10
86.4	86.11
86.4	86.12
86.1	86.13
86.1	86.14
86.3	86.15
86.5	86.16
86.5	86.17
86.1	86.18
86.5	86.19
86.1	86.20
86.1	86.21
86.1	86.22
86.5	86.23
86.1	86.24
86.1	86.25
86.1	86.26
86.4	86.27
86.1	86.28
86.1	86.29
86.4	86.30
86.5	86.31
86.1	86.32
86.1	86.33
86.1	86.34
86.2	86.35
86.5	86.36
86.5	86.37
86.1	86.38
86.1	86.39
86.4	86.40
86.1	86.41
86.5	86.42
86.5	86.43
86.5	86.44
86.1	86.45
86.1	86.46
86.5	86.47
86.4	86.48
86.5	86.49
86.3	86.50
86.1	86.51
86.1	86.52
86.5	86.53
86.5	86.54
86.5	86.55
86.5	86.56
86.5	86.57
86.5	86.58
86.5	86.59
86.5	86.60
86.5	86.61
86.1	86.62
86.1	86.63
86.1	86.64
87.6	87.1
87.6	87.2
87.6	87.3
87.6	87.4
87.1	87.5
87.6	87.6
87.6	87.7
87.6	87.8
87.1	87.9
87.6	87.10
87.6	87.11
87.6	87.12
87.6	87.13
87.1	87.14
87.6	87.15
87.6	87.16
87.6	87.17
87.6	87.18
87.6	87.19
87.6	87.20
87.6	87.21
87.6	87.22
87.6	87.23
87.6	87.24
87.1	87.25
87.5	87.26
87.6	87.27
87.6	87.28
87.3	87.29
87.6	87.30
87.1	87.31
87.6	87.32
87.4	87.33
87.6	87.34
87.2	87.35
87.6	87.36
87.6	87.37
87.6	87.38
87.6	87.39
87.6	87.40
87.6	87.41
87.6	87.42
87.1	87.43
87.1	87.44
87.6	87.45
87.1	87.46
87.1	87.47
87.6	87.48
87.1	87.49
87.1	87.50
87.1	87.51
87.6	87.52
87.6	87.53
87.1	87.54
87.6	87.55
87.6	87.56
87.1	87.57
87.1	87.58
87.6	87.59
87.6	87.60
87.1	87.61
87.1	87.62
87.6	87.63
87.6	87.64
88.4	88.1
88.4	88.2
88.6	88.3
88.6	88.4
88.6	88.5
88.4	88.6
88.6	88.7
88.6	88.8
88.6	88.9
88.1	88.10
88.6	88.11
88.1	88.12
88.4	88.13
88.5	88.14
88.6	88.15
88.6	88.16
88.6	88.17
88.6	88.18
88.5	88.19
88.5	88.20
88.4	88.21
88.5	88.22
88.6	88.23
88.6	88.24
88.6	88.25
88.6	88.26
88.6	88.27
88.4	88.28
88.1	88.29
88.6	88.30
88.1	88.31
88.3	88.32
88.6	88.33
88.6	88.34
88.5	88.35
88.6	88.36
88.4	88.37
88.6	88.38
88.5	88.39
88.6	88.40
88.6	88.41
88.4	88.42
88.5	88.43
88.3	88.44
88.6	88.45
88.6	88.46
88.6	88.47
88.2	88.48
88.6	88.49
88.6	88.50
88.4	88.51
88.6	88.52
88.6	88.53
88.6	88.54
88.4	88.55
88.4	88.56
88.4	88.57
88.6	88.58
88.6	88.59
88.5	88.60
88.6	88.61
88.6	88.62
88.4	88.63
88.4	88.64
89.8	89.1
89.6	89.2
89.8	89.3
89.7	89.4
89.7	89.5
89.8	89.6
89.6	89.7
89.6	89.8
89.3	89.9
89.3	89.10
89.6	89.11
89.6	89.12
89.6	89.13
89.7	89.14
89.7	89.15
89.7	89.16
89.6	89.17
89.7	89.18
89.7	89.19
89.7	89.20
89.1	89.21
89.8	89.22
89.2	89.23
89.6	89.24
89.7	89.25
89.6	89.26
89.3	89.27
89.8	89.28
89.7	89.29
89.6	89.30
89.1	89.31
89.6	89.32
89.8	89.33
89.5	89.34
89.6	89.35
89.7	89.36
89.1	89.37
89.7	89.38
89.7	89.39
89.7	89.40
89.8	89.41
89.6	89.42
89.3	89.43
89.7	89.44
89.1	89.45
89.6	89.46
89.7	89.47
89.7	89.48
89.6	89.49
89.7	89.50
89.3	89.51
89.6	89.52
89.4	89.53
89.7	89.54
89.6	89.55
89.3	89.56
89.7	89.57
89.3	89.58
89.3	89.59
89.6	89.60
89.7	89.61
89.3	89.62
89.8	89.63
89.6	89.64
90.6	90.1
90.6	90.2
90.9	90.3
90.6	90.4
90.6	90.5
90.9	90.6
90.9	90.7
90.9	90.8
90.9	90.9
90.6	90.10
90.9	90.11
90.6	90.12
90.6	90.13
90.1	90.14
90.6	90.15
90.9	90.16
90.6	90.17
90.9	90.18
90.9	90.19
90.6	90.20
90.9	90.21
90.9	90.22
90.9	90.23
90.6	90.24
90.8	90.25
90.7	90.26
90.6	90.27
90.1	90.28
90.9	90.29
90.9	90.30
90.9	90.31
90.6	90.32
90.1	90.33
90.3	90.34
90.9	90.35
90.6	90.36
90.6	90.37
90.5	90.38
90.9	90.39
90.9	90.40
90.9	90.41
90.1	90.42
90.7	90.43
90.7	90.44
90.9	90.45
90.6	90.46
90.6	90.47
90.6	90.48
90.1	90.49
90.4	90.50
90.9	90.51
90.6	90.52
90.1	90.53
90.6	90.54
90.6	90.55
90.1	90.56
90.9	90.57
90.6	90.58
90.6	90.59
90.1	90.60
90.7	90.61
90.9	90.62
90.9	90.63
90.2	90.64
91.6	91.1
91.1	91.2
91.7	91.3
91.6	91.4
91.1	91.5
91.1	91.6
91.1	91.7
91.1	91.8
91.6	91.9
91.1	91.10
91.1	91.11
91.6	91.12
91.6	91.13
91.1	91.14
91.1	91.15
91.1	91.16
91.1	91.17
91.1	91.18
91.6	91.19
91.1	91.20
91.3	91.21
91.1	91.22
91.7	91.23
91.1	91.24
91.1	91.25
91.1	91.26
91.1	91.27
91.6	91.28
91.3	91.29
91.6	91.30
91.6	91.31
91.6	91.32
91.1	91.33
91.6	91.34
91.6	91.35
91.1	91.36
91.1	91.37
91.7	91.38
91.4	91.39
91.1	91.40
91.1	91.41
91.2	91.42
91.6	91.43
91.7	91.44
91.1	91.45
91.7	91.46
91.6	91.47
91.6	91.48
91.1	91.49
91.7	91.50
91.1	91.51
91.1	91.52
91.6	91.53
91.6	91.54
91.6	91.55
91.6	91.56
91.5	91.57
91.1	91.58
91.6	91.59
91.7	91.60
91.6	91.61
91.1	91.62
91.1	91.63
91.1	91.64
92.8	92.1
92.6	92.2
92.9	92.3
92.10	92.4
92.5	92.5
92.10	92.6
92.9	92.7
92.10	92.8
92.1	92.9
92.9	92.10
92.8	92.11
92.6	92.12
92.10	92.13
92.4	92.14
92.6	92.15
92.8	92.16
92.6	92.17
92.6	92.18
92.10	92.19
92.6	92.20
92.6	92.21
92.6	92.22
92.3	92.23
92.6	92.24
92.1	92.25
92.6	92.26
92.10	92.27
92.9	92.28
92.6	92.29
92.6	92.30
92.9	92.31
92.1	92.32
92.10	92.33
92.9	92.34
92.10	92.35
92.4	92.36
92.10	92.37
92.7	92.38
92.9	92.39
92.6	92.40
92.6	92.41
92.1	92.42
92.8	92.43
92.1	92.44
92.10	92.45
92.10	92.46
92.6	92.47
92.10	92.48
92.10	92.49
92.8	92.50
92.2	92.51
92.6	92.52
92.6	92.53
92.7	92.54
92.8	92.55
92.9	92.56
92.7	92.57
92.6	92.58
92.6	92.59
92.6	92.60
92.10	92.61
92.10	92.62
92.6	92.63
92.1	92.64
93.1	93.1
93.1	93.2
93.9	93.3
93.9	93.4
93.10	93.5
93.10	93.6
93.1	93.7
93.1	93.8
93.1	93.9
93.1	93.10
93.1	93.11
93.1	93.12
93.12	93.13
93.5	93.14
93.10	93.15
93.12	93.16
93.9	93.17
93.1	93.18
93.1	93.19
93.10	93.20
93.10	93.21
93.10	93.22
93.1	93.23
93.1	93.24
93.5	93.25
93.1	93.26
93.10	93.27
93.1	93.28
93.1	93.29
93.9	93.30
93.10	93.31
93.10	93.32
93.2	93.33
93.1	93.34
93.12	93.35
93.8	93.36
93.13	93.37
93.1	93.38
93.9	93.39
93.10	93.40
93.9	93.41
93.9	93.42
93.9	93.43
93.7	93.44
93.13	93.45
93.10	93.46
93.9	93.47
93.1	93.48
93.9	93.49
93.12	93.50
93.9	93.51
93.12	93.52
93.10	93.53
93.6	93.54
93.6	93.55
93.10	93.56
93.10	93.57
93.4	93.58
93.3	93.59
93.1	93.60
93.10	93.61
93.10	93.62
93.11	93.63
93.9	93.64
94.1	94.1
94.9	94.2
94.1	94.3
94.9	94.4
94.9	94.5
94.9	94.6
94.9	94.7
94.3	94.8
94.9	94.9
94.9	94.10
94.9	94.11
94.1	94.12
94.9	94.13
94.1	94.14
94.1	94.15
94.5	94.16
94.9	94.17
94.1	94.18
94.1	94.19
94.3	94.20
94.9	94.21
94.1	94.22
94.1	94.23
94.1	94.24
94.9	94.25
94.9	94.26
94.9	94.27
94.1	94.28
94.1	94.29
94.9	94.30
94.1	94.31
94.6	94.32
94.9	94.33
94.9	94.34
94.9	94.35
94.7	94.36
94.9	94.37
94.4	94.38
94.9	94.39
94.9	94.40
94.1	94.41
94.1	94.42
94.2	94.43
94.9	94.44
94.1	94.45
94.1	94.46
94.9	94.47
94.9	94.48
94.1	94.49
94.9	94.50
94.9	94.51
94.9	94.52
94.8	94.53
94.9	94.54
94.9	94.55
94.9	94.56
94.9	94.57
94.9	94.58
94.9	94.59
94.1	94.60
94.1	94.61
94.9	94.62
94.9	94.63
94.1	94.64
95.1	95.1
95.8	95.2
95.8	95.3
95.3	95.4
95.8	95.5
95.2	95.6
95.8	95.7
95.7	95.8
95.4	95.9
95.8	95.10
95.8	95.11
95.1	95.12
95.5	95.13
95.8	95.14
95.5	95.15
95.7	95.16
95.8	95.17
95.8	95.18
95.1	95.19
95.8	95.20
95.1	95.21
95.1	95.22
95.1	95.23
95.1	95.24
95.1	95.25
95.7	95.26
95.8	95.27
95.1	95.28
95.8	95.29
95.8	95.30
95.1	95.31
95.1	95.32
95.8	95.33
95.1	95.34
95.1	95.35
95.5	95.36
95.1	95.37
95.8	95.38
95.7	95.39
95.7	95.40
95.8	95.41
95.1	95.42
95.1	95.43
95.1	95.44
95.8	95.45
95.1	95.46
95.1	95.47
95.8	95.48
95.8	95.49
95.1	95.50
95.1	95.51
95.1	95.52
95.1	95.53
95.1	95.54
95.7	95.55
95.3	95.56
95.1	95.57
95.7	95.58
95.8	95.59
95.1	95.60
95.1	95.61
95.8	95.62
95.6	95.63
95.8	95.64
96.5	96.1
96.8	96.2
96.3	96.3
96.3	96.4
96.1	96.5
96.5	96.6
96.5	96.7
96.5	96.8
96.3	96.9
96.8	96.10
96.3	96.11
96.5	96.12
96.7	96.13
96.3	96.14
96.4	96.15
96.5	96.16
96.5	96.17
96.5	96.18
96.5	96.19
96.1	96.20
96.8	96.21
96.3	96.22
96.5	96.23
96.5	96.24
96.5	96.25
96.5	96.26
96.8	96.27
96.3	96.28
96.3	96.29
96.5	96.30
96.5	96.31
96.3	96.32
96.5	96.33
96.5	96.34
96.5	96.35
96.5	96.36
96.4	96.37
96.5	96.38
96.3	96.39
96.8	96.40
96.5	96.41
96.3	96.42
96.5	96.43
96.5	96.44
96.3	96.45
96.5	96.46
96.5	96.47
96.5	96.48
96.5	96.49
96.5	96.50
96.3	96.51
96.5	96.52
96.8	96.53
96.2	96.54
96.3	96.55
96.5	96.56
96.5	96.57
96.6	96.58
96.3	96.59
96.4	96.60
96.5	96.61
96.5	96.62
96.7	96.63
96.8	96.64
97.6	97.1
97.1	97.2
97.6	97.3
97.6	97.4
97.1	97.5
97.7	97.6
97.9	97.7
97.1	97.8
97.10	97.9
97.1	97.10
97.6	97.11
97.6	97.12
97.1	97.13
97.6	97.14
97.1	97.15
97.6	97.16
97.1	97.17
97.6	97.18
97.3	97.19
97.1	97.20
97.1	97.21
97.10	97.22
97.10	97.23
97.1	97.24
97.8	97.25
97.8	97.26
97.1	97.27
97.6	97.28
97.10	97.29
97.7	97.30
97.5	97.31
97.10	97.32
97.1	97.33
97.10	97.34
97.7	97.35
97.6	97.36
97.1	97.37
97.10	97.38
97.6	97.39
97.1	97.40
97.2	97.41
97.1	97.42
97.4	97.43
97.10	97.44
97.1	97.45
97.5	97.46
97.7	97.47
97.5	97.48
97.5	97.49
97.6	97.50
97.7	97.51
97.10	97.52
97.6	97.53
97.1	97.54
97.5	97.55
97.5	97.56
97.1	97.57
97.9	97.58
97.5	97.59
97.1	97.60
97.1	97.61
97.6	97.62
97.1	97.63
97.1	97.64
98.6	98.1
98.6	98.2
98.6	98.3
98.6	98.4
98.6	98.5
98.6	98.6
98.1	98.7
98.6	98.8
98.9	98.9
98.6	98.10
98.6	98.11
98.9	98.12
98.6	98.13
98.9	98.14
98.8	98.15
98.6	98.16
98.9	98.17
98.6	98.18
98.6	98.19
98.7	98.20
98.1	98.21
98.6	98.22
98.6	98.23
98.6	98.24
98.6	98.25
98.6	98.26
98.9	98.27
98.3	98.28
98.1	98.29
98.6	98.30
98.1	98.31
98.1	98.32
98.6	98.33
98.6	98.34
98.6	98.35
98.6	98.36
98.1	98.37
98.9	98.38
98.7	98.39
98.9	98.40
98.1	98.41
98.3	98.42
98.9	98.43
98.9	98.44
98.9	98.45
98.6	98.46
98.6	98.47
98.9	98.48
98.9	98.49
98.1	98.50
98.6	98.51
98.9	98.52
98.9	98.53
98.2	98.54
98.6	98.55
98.9	98.56
98.6	98.57
98.5	98.58
98.6	98.59
98.9	98.60
98.4	98.61
98.6	98.62
98.6	98.63
98.9	98.64
99.8	99.1
99.5	99.2
99.1	99.3
99.7	99.4
99.5	99.5
99.9	99.6
99.1	99.7
99.9	99.8
99.8	99.9
99.5	99.10
99.9	99.11
99.5	99.12
99.7	99.13
99.5	99.14
99.6	99.15
99.9	99.16
99.3	99.17
99.5	99.18
99.5	99.19
99.5	99.20
99.1	99.21
99.8	99.22
99.8	99.23
99.2	99.24
99.5	99.25
99.6	99.26
99.6	99.27
99.1	99.28
99.5	99.29
99.8	99.30
99.5	99.31
99.8	99.32
99.5	99.33
99.8	99.34
99.3	99.35
99.5	99.36
99.7	99.37
99.9	99.38
99.9	99.39
99.5	99.40
99.9	99.41
99.9	99.42
99.9	99.43
99.5	99.44
99.5	99.45
99.4	99.46
99.7	99.47
99.9	99.48
99.5	99.49
99.5	99.50
99.9	99.51
99.1	99.52
99.5	99.53
99.5	99.54
99.5	99.55
99.1	99.56
99.5	99.57
99.1	99.58
99.9	99.59
99.5	99.60
99.9	99.61
99.5	99.62
99.1	99.63
99.9	99.64
100.5	100.1
100.1	100.2
100.1	100.3
100.4	100.4
100.5	100.5
100.1	100.6
100.1	100.7
100.1	100.8
100.1	100.9
100.5	100.10
100.1	100.11
100.5	100.12
100.1	100.13
100.1	100.14
100.1	100.15
100.1	100.16
100.5	100.17
100.5	100.18
100.1	100.19
100.1	100.20
100.1	100.21
100.1	100.22
100.5	100.23
100.1	100.24
100.1	100.25
100.1	100.26
100.5	100.27
100.5	100.28
100.1	100.29
100.1	100.30
100.4	100.31
100.1	100.32
100.1	100.33
100.1	100.34
100.1	100.35
100.1	100.36
100.1	100.37
100.1	100.38
100.1	100.39
100.1	100.40
100.1	100.41
100.1	100.42
100.1	100.43
100.1	100.44
100.1	100.45
100.5	100.46
100.1	100.47
100.1	100.48
100.1	100.49
100.1	100.50
100.4	100.51
100.1	100.52
100.3	100.53
100.5	100.54
100.2	100.55
100.5	100.56
100.1	100.57
100.1	100.58
100.3	100.59
100.5	100.60
100.5	100.61
100.1	100.62
100.1	100.63
100.1	100.64