subTopicID	resultID
1.5	1.1
1.6	1.2
1.6	1.3
1.6	1.4
1.4	1.5
1.6	1.6
1.6	1.7
1.5	1.8
1.6	1.9
1.6	1.10
1.6	1.11
1.6	1.12
1.6	1.13
1.6	1.14
1.6	1.15
1.1	1.16
1.6	1.17
1.5	1.18
1.4	1.19
1.1	1.20
1.6	1.21
1.4	1.22
1.6	1.23
1.6	1.24
1.6	1.25
1.5	1.26
1.5	1.27
1.6	1.28
1.5	1.29
1.1	1.30
1.6	1.31
1.6	1.32
1.5	1.33
1.5	1.34
1.5	1.35
1.5	1.36
1.4	1.37
1.1	1.38
1.3	1.39
1.5	1.40
1.6	1.41
1.6	1.42
1.6	1.43
1.6	1.44
1.5	1.45
1.5	1.46
1.6	1.47
1.4	1.48
1.3	1.49
1.3	1.50
1.4	1.51
1.5	1.52
1.6	1.53
1.5	1.54
1.3	1.55
1.6	1.56
1.5	1.57
1.5	1.58
1.4	1.59
1.5	1.60
1.2	1.61
1.5	1.62
1.6	1.63
1.6	1.64
2.1	2.1
2.1	2.2
2.7	2.3
2.1	2.4
2.4	2.5
2.7	2.6
2.1	2.7
2.1	2.8
2.1	2.9
2.1	2.10
2.1	2.11
2.9	2.12
2.1	2.13
2.1	2.14
2.1	2.15
2.1	2.16
2.7	2.17
2.1	2.18
2.1	2.19
2.1	2.20
2.4	2.21
2.3	2.22
2.6	2.23
2.1	2.24
2.1	2.25
2.1	2.26
2.7	2.27
2.4	2.28
2.7	2.29
2.1	2.30
2.1	2.31
2.7	2.32
2.1	2.33
2.7	2.34
2.7	2.35
2.4	2.36
2.7	2.37
2.4	2.38
2.7	2.39
2.2	2.40
2.7	2.41
2.5	2.42
2.1	2.43
2.7	2.44
2.1	2.45
2.5	2.46
2.7	2.47
2.8	2.48
2.7	2.49
2.7	2.50
2.1	2.51
2.7	2.52
2.4	2.53
2.1	2.54
2.1	2.55
2.7	2.56
2.7	2.57
2.4	2.58
2.7	2.59
2.4	2.60
2.7	2.61
2.7	2.62
2.4	2.63
2.7	2.64
3.1	3.1
3.1	3.2
3.1	3.3
3.11	3.4
3.1	3.5
3.12	3.6
3.12	3.7
3.1	3.8
3.1	3.9
3.1	3.10
3.1	3.11
3.1	3.12
3.1	3.13
3.12	3.14
3.1	3.15
3.12	3.16
3.12	3.17
3.1	3.18
3.11	3.19
3.12	3.20
3.1	3.21
3.1	3.22
3.7	3.23
3.12	3.24
3.1	3.25
3.12	3.26
3.4	3.27
3.1	3.28
3.12	3.29
3.11	3.30
3.1	3.31
3.11	3.32
3.1	3.33
3.12	3.34
3.1	3.35
3.10	3.36
3.1	3.37
3.6	3.38
3.2	3.39
3.12	3.40
3.1	3.41
3.12	3.42
3.1	3.43
3.11	3.44
3.10	3.45
3.1	3.46
3.8	3.47
3.12	3.48
3.1	3.49
3.9	3.50
3.3	3.51
3.1	3.52
3.1	3.53
3.12	3.54
3.1	3.55
3.12	3.56
3.12	3.57
3.5	3.58
3.1	3.59
3.12	3.60
3.1	3.61
3.1	3.62
3.9	3.63
3.12	3.64
4.1	4.1
4.4	4.2
4.7	4.3
4.7	4.4
4.7	4.5
4.5	4.6
4.7	4.7
4.7	4.8
4.1	4.9
4.5	4.10
4.1	4.11
4.7	4.12
4.7	4.13
4.7	4.14
4.1	4.15
4.7	4.16
4.1	4.17
4.1	4.18
4.1	4.19
4.1	4.20
4.1	4.21
4.1	4.22
4.3	4.23
4.5	4.24
4.5	4.25
4.7	4.26
4.5	4.27
4.1	4.28
4.1	4.29
4.7	4.30
4.5	4.31
4.1	4.32
4.7	4.33
4.1	4.34
4.5	4.35
4.1	4.36
4.5	4.37
4.7	4.38
4.7	4.39
4.1	4.40
4.5	4.41
4.7	4.42
4.7	4.43
4.5	4.44
4.7	4.45
4.2	4.46
4.1	4.47
4.7	4.48
4.6	4.49
4.1	4.50
4.1	4.51
4.1	4.52
4.7	4.53
4.1	4.54
4.6	4.55
4.1	4.56
4.6	4.57
4.1	4.58
4.6	4.59
4.1	4.60
4.5	4.61
4.7	4.62
4.1	4.63
4.6	4.64
5.1	5.1
5.1	5.2
5.1	5.3
5.1	5.4
5.5	5.5
5.1	5.6
5.3	5.7
5.1	5.8
5.1	5.9
5.1	5.10
5.6	5.11
5.6	5.12
5.6	5.13
5.6	5.14
5.6	5.15
5.1	5.16
5.3	5.17
5.1	5.18
5.3	5.19
5.1	5.20
5.1	5.21
5.6	5.22
5.3	5.23
5.6	5.24
5.5	5.25
5.3	5.26
5.1	5.27
5.6	5.28
5.1	5.29
5.6	5.30
5.1	5.31
5.6	5.32
5.7	5.33
5.1	5.34
5.6	5.35
5.6	5.36
5.1	5.37
5.2	5.38
5.1	5.39
5.1	5.40
5.1	5.41
5.1	5.42
5.1	5.43
5.4	5.44
5.1	5.45
5.1	5.46
5.3	5.47
5.3	5.48
5.1	5.49
5.3	5.50
5.1	5.51
5.1	5.52
5.3	5.53
5.5	5.54
5.3	5.55
5.6	5.56
5.1	5.57
5.1	5.58
5.1	5.59
5.6	5.60
5.6	5.61
5.1	5.62
5.3	5.63
5.1	5.64
6.6	6.1
6.1	6.2
6.1	6.3
6.5	6.4
6.4	6.5
6.1	6.6
6.1	6.7
6.1	6.8
6.6	6.9
6.6	6.10
6.1	6.11
6.1	6.12
6.1	6.13
6.1	6.14
6.1	6.15
6.6	6.16
6.1	6.17
6.1	6.18
6.6	6.19
6.2	6.20
6.1	6.21
6.1	6.22
6.1	6.23
6.1	6.24
6.1	6.25
6.1	6.26
6.1	6.27
6.6	6.28
6.1	6.29
6.1	6.30
6.3	6.31
6.1	6.32
6.6	6.33
6.1	6.34
6.6	6.35
6.1	6.36
6.5	6.37
6.6	6.38
6.6	6.39
6.1	6.40
6.1	6.41
6.1	6.42
6.1	6.43
6.1	6.44
6.1	6.45
6.1	6.46
6.6	6.47
6.6	6.48
6.6	6.49
6.6	6.50
6.6	6.51
6.6	6.52
6.1	6.53
6.1	6.54
6.5	6.55
6.1	6.56
6.6	6.57
6.6	6.58
6.6	6.59
6.6	6.60
6.6	6.61
6.6	6.62
6.6	6.63
6.1	6.64
7.4	7.1
7.4	7.2
7.11	7.3
7.7	7.4
7.6	7.5
7.10	7.6
7.11	7.7
7.5	7.8
7.6	7.9
7.10	7.10
7.10	7.11
7.4	7.12
7.4	7.13
7.10	7.14
7.4	7.15
7.7	7.16
7.11	7.17
7.4	7.18
7.10	7.19
7.4	7.20
7.4	7.21
7.6	7.22
7.7	7.23
7.11	7.24
7.11	7.25
7.4	7.26
7.5	7.27
7.5	7.28
7.10	7.29
7.4	7.30
7.10	7.31
7.1	7.32
7.6	7.33
7.1	7.34
7.4	7.35
7.2	7.36
7.4	7.37
7.10	7.38
7.6	7.39
7.4	7.40
7.5	7.41
7.6	7.42
7.4	7.43
7.7	7.44
7.10	7.45
7.6	7.46
7.10	7.47
7.10	7.48
7.8	7.49
7.11	7.50
7.1	7.51
7.4	7.52
7.7	7.53
7.5	7.54
7.4	7.55
7.10	7.56
7.11	7.57
7.7	7.58
7.3	7.59
7.9	7.60
7.1	7.61
7.6	7.62
7.1	7.63
7.10	7.64
8.1	8.1
8.1	8.2
8.1	8.3
8.3	8.4
8.4	8.5
8.4	8.6
8.3	8.7
8.4	8.8
8.4	8.9
8.3	8.10
8.4	8.11
8.3	8.12
8.4	8.13
8.4	8.14
8.1	8.15
8.4	8.16
8.1	8.17
8.4	8.18
8.4	8.19
8.4	8.20
8.2	8.21
8.4	8.22
8.4	8.23
8.4	8.24
8.1	8.25
8.1	8.26
8.1	8.27
8.3	8.28
8.3	8.29
8.1	8.30
8.3	8.31
8.3	8.32
8.4	8.33
8.1	8.34
8.4	8.35
8.1	8.36
8.1	8.37
8.1	8.38
8.3	8.39
8.3	8.40
8.1	8.41
8.1	8.42
8.3	8.43
8.4	8.44
8.4	8.45
8.4	8.46
8.4	8.47
8.1	8.48
8.1	8.49
8.1	8.50
8.1	8.51
8.3	8.52
8.1	8.53
8.1	8.54
8.1	8.55
8.4	8.56
8.4	8.57
8.3	8.58
8.3	8.59
8.1	8.60
8.3	8.61
8.1	8.62
8.4	8.63
8.4	8.64
9.9	9.1
9.1	9.2
9.5	9.3
9.5	9.4
9.6	9.5
9.1	9.6
9.1	9.7
9.10	9.8
9.1	9.9
9.6	9.10
9.1	9.11
9.1	9.12
9.6	9.13
9.10	9.14
9.6	9.15
9.5	9.16
9.3	9.17
9.5	9.18
9.5	9.19
9.5	9.20
9.5	9.21
9.1	9.22
9.8	9.23
9.1	9.24
9.6	9.25
9.2	9.26
9.10	9.27
9.10	9.28
9.5	9.29
9.1	9.30
9.5	9.31
9.6	9.32
9.3	9.33
9.5	9.34
9.1	9.35
9.1	9.36
9.10	9.37
9.4	9.38
9.3	9.39
9.7	9.40
9.5	9.41
9.3	9.42
9.8	9.43
9.3	9.44
9.8	9.45
9.7	9.46
9.6	9.47
9.1	9.48
9.10	9.49
9.5	9.50
9.1	9.51
9.1	9.52
9.1	9.53
9.1	9.54
9.6	9.55
9.6	9.56
9.5	9.57
9.6	9.58
9.5	9.59
9.6	9.60
9.1	9.61
9.10	9.62
9.1	9.63
9.6	9.64
10.1	10.1
10.1	10.2
10.5	10.3
10.1	10.4
10.1	10.5
10.1	10.6
10.1	10.7
10.5	10.8
10.5	10.9
10.1	10.10
10.1	10.11
10.5	10.12
10.4	10.13
10.1	10.14
10.1	10.15
10.1	10.16
10.1	10.17
10.1	10.18
10.1	10.19
10.1	10.20
10.4	10.21
10.1	10.22
10.5	10.23
10.1	10.24
10.5	10.25
10.5	10.26
10.5	10.27
10.1	10.28
10.1	10.29
10.1	10.30
10.4	10.31
10.5	10.32
10.3	10.33
10.4	10.34
10.1	10.35
10.4	10.36
10.1	10.37
10.1	10.38
10.5	10.39
10.5	10.40
10.1	10.41
10.2	10.42
10.2	10.43
10.1	10.44
10.5	10.45
10.1	10.46
10.5	10.47
10.4	10.48
10.1	10.49
10.1	10.50
10.5	10.51
10.1	10.52
10.5	10.53
10.1	10.54
10.4	10.55
10.1	10.56
10.5	10.57
10.1	10.58
10.1	10.59
10.4	10.60
10.5	10.61
10.3	10.62
10.1	10.63
10.2	10.64
11.1	11.1
11.5	11.2
11.1	11.3
11.1	11.4
11.8	11.5
11.3	11.6
11.7	11.7
11.8	11.8
11.3	11.9
11.1	11.10
11.8	11.11
11.1	11.12
11.1	11.13
11.8	11.14
11.7	11.15
11.1	11.16
11.4	11.17
11.7	11.18
11.3	11.19
11.1	11.20
11.4	11.21
11.6	11.22
11.8	11.23
11.7	11.24
11.1	11.25
11.1	11.26
11.7	11.27
11.1	11.28
11.1	11.29
11.1	11.30
11.3	11.31
11.1	11.32
11.1	11.33
11.8	11.34
11.8	11.35
11.8	11.36
11.1	11.37
11.1	11.38
11.8	11.39
11.7	11.40
11.3	11.41
11.1	11.42
11.8	11.43
11.8	11.44
11.8	11.45
11.8	11.46
11.8	11.47
11.4	11.48
11.8	11.49
11.1	11.50
11.1	11.51
11.1	11.52
11.1	11.53
11.1	11.54
11.1	11.55
11.7	11.56
11.8	11.57
11.7	11.58
11.2	11.59
11.1	11.60
11.8	11.61
11.8	11.62
11.8	11.63
11.1	11.64
12.9	12.1
12.4	12.2
12.11	12.3
12.2	12.4
12.13	12.5
12.9	12.6
12.12	12.7
12.3	12.8
12.13	12.9
12.5	12.10
12.3	12.11
12.3	12.12
12.3	12.13
12.9	12.14
12.10	12.15
12.9	12.16
12.9	12.17
12.7	12.18
12.9	12.19
12.9	12.20
12.7	12.21
12.3	12.22
12.5	12.23
12.9	12.24
12.9	12.25
12.7	12.26
12.8	12.27
12.13	12.28
12.9	12.29
12.9	12.30
12.13	12.31
12.13	12.32
12.13	12.33
12.3	12.34
12.1	12.35
12.9	12.36
12.13	12.37
12.3	12.38
12.10	12.39
12.9	12.40
12.13	12.41
12.7	12.42
12.13	12.43
12.7	12.44
12.13	12.45
12.9	12.46
12.9	12.47
12.9	12.48
12.7	12.49
12.13	12.50
12.13	12.51
12.13	12.52
12.7	12.53
12.9	12.54
12.6	12.55
12.9	12.56
12.12	12.57
12.9	12.58
12.7	12.59
12.3	12.60
12.9	12.61
12.9	12.62
12.7	12.63
12.13	12.64
13.10	13.1
13.10	13.2
13.1	13.3
13.8	13.4
13.1	13.5
13.10	13.6
13.2	13.7
13.1	13.8
13.6	13.9
13.1	13.10
13.1	13.11
13.10	13.12
13.9	13.13
13.1	13.14
13.1	13.15
13.1	13.16
13.1	13.17
13.8	13.18
13.1	13.19
13.10	13.20
13.10	13.21
13.1	13.22
13.1	13.23
13.1	13.24
13.1	13.25
13.1	13.26
13.1	13.27
13.10	13.28
13.10	13.29
13.1	13.30
13.1	13.31
13.9	13.32
13.9	13.33
13.10	13.34
13.9	13.35
13.1	13.36
13.1	13.37
13.5	13.38
13.1	13.39
13.1	13.40
13.1	13.41
13.7	13.42
13.9	13.43
13.8	13.44
13.1	13.45
13.1	13.46
13.8	13.47
13.1	13.48
13.9	13.49
13.7	13.50
13.10	13.51
13.4	13.52
13.9	13.53
13.10	13.54
13.1	13.55
13.9	13.56
13.9	13.57
13.3	13.58
13.1	13.59
13.8	13.60
13.1	13.61
13.1	13.62
13.10	13.63
13.10	13.64
14.1	14.1
14.1	14.2
14.1	14.3
14.5	14.4
14.5	14.5
14.5	14.6
14.3	14.7
14.5	14.8
14.5	14.9
14.5	14.10
14.1	14.11
14.2	14.12
14.5	14.13
14.1	14.14
14.5	14.15
14.1	14.16
14.1	14.17
14.5	14.18
14.4	14.19
14.1	14.20
14.5	14.21
14.4	14.22
14.1	14.23
14.5	14.24
14.4	14.25
14.5	14.26
14.1	14.27
14.4	14.28
14.4	14.29
14.5	14.30
14.1	14.31
14.5	14.32
14.5	14.33
14.4	14.34
14.1	14.35
14.5	14.36
14.1	14.37
14.1	14.38
14.1	14.39
14.1	14.40
14.5	14.41
14.1	14.42
14.5	14.43
14.5	14.44
14.5	14.45
14.4	14.46
14.5	14.47
14.5	14.48
14.1	14.49
14.1	14.50
14.4	14.51
14.1	14.52
14.1	14.53
14.1	14.54
14.1	14.55
14.1	14.56
14.5	14.57
14.1	14.58
14.4	14.59
14.1	14.60
14.1	14.61
14.5	14.62
14.1	14.63
14.1	14.64
15.16	15.1
15.14	15.2
15.8	15.3
15.10	15.4
15.14	15.5
15.11	15.6
15.14	15.7
15.14	15.8
15.10	15.9
15.10	15.10
15.11	15.11
15.10	15.12
15.1	15.13
15.10	15.14
15.14	15.15
15.10	15.16
15.13	15.17
15.10	15.18
15.14	15.19
15.10	15.20
15.10	15.21
15.14	15.22
15.14	15.23
15.1	15.24
15.10	15.25
15.14	15.26
15.14	15.27
15.16	15.28
15.14	15.29
15.14	15.30
15.14	15.31
15.11	15.32
15.10	15.33
15.11	15.34
15.10	15.35
15.14	15.36
15.5	15.37
15.10	15.38
15.11	15.39
15.14	15.40
15.11	15.41
15.14	15.42
15.14	15.43
15.15	15.44
15.14	15.45
15.11	15.46
15.16	15.47
15.7	15.48
15.14	15.49
15.17	15.50
15.16	15.51
15.13	15.52
15.4	15.53
15.3	15.54
15.10	15.55
15.15	15.56
15.13	15.57
15.6	15.58
15.12	15.59
15.9	15.60
15.2	15.61
15.17	15.62
15.6	15.63
15.11	15.64
16.1	16.1
16.7	16.2
16.1	16.3
16.8	16.4
16.8	16.5
16.8	16.6
16.8	16.7
16.6	16.8
16.8	16.9
16.1	16.10
16.1	16.11
16.6	16.12
16.1	16.13
16.8	16.14
16.1	16.15
16.1	16.16
16.1	16.17
16.1	16.18
16.1	16.19
16.8	16.20
16.8	16.21
16.2	16.22
16.6	16.23
16.1	16.24
16.1	16.25
16.1	16.26
16.8	16.27
16.8	16.28
16.4	16.29
16.8	16.30
16.8	16.31
16.1	16.32
16.8	16.33
16.1	16.34
16.5	16.35
16.8	16.36
16.8	16.37
16.1	16.38
16.8	16.39
16.1	16.40
16.8	16.41
16.4	16.42
16.1	16.43
16.8	16.44
16.6	16.45
16.6	16.46
16.8	16.47
16.3	16.48
16.5	16.49
16.5	16.50
16.8	16.51
16.1	16.52
16.8	16.53
16.1	16.54
16.8	16.55
16.4	16.56
16.8	16.57
16.8	16.58
16.6	16.59
16.8	16.60
16.8	16.61
16.6	16.62
16.1	16.63
16.8	16.64
17.8	17.1
17.8	17.2
17.1	17.3
17.1	17.4
17.1	17.5
17.3	17.6
17.1	17.7
17.1	17.8
17.1	17.9
17.7	17.10
17.8	17.11
17.7	17.12
17.8	17.13
17.7	17.14
17.1	17.15
17.8	17.16
17.1	17.17
17.1	17.18
17.8	17.19
17.8	17.20
17.4	17.21
17.5	17.22
17.1	17.23
17.8	17.24
17.1	17.25
17.8	17.26
17.8	17.27
17.1	17.28
17.1	17.29
17.1	17.30
17.6	17.31
17.1	17.32
17.1	17.33
17.1	17.34
17.7	17.35
17.4	17.36
17.1	17.37
17.7	17.38
17.1	17.39
17.7	17.40
17.8	17.41
17.1	17.42
17.8	17.43
17.8	17.44
17.8	17.45
17.8	17.46
17.5	17.47
17.1	17.48
17.7	17.49
17.7	17.50
17.4	17.51
17.7	17.52
17.1	17.53
17.1	17.54
17.1	17.55
17.2	17.56
17.7	17.57
17.8	17.58
17.8	17.59
17.1	17.60
17.1	17.61
17.7	17.62
17.1	17.63
17.1	17.64
18.4	18.1
18.8	18.2
18.10	18.3
18.12	18.4
18.10	18.5
18.12	18.6
18.10	18.7
18.12	18.8
18.12	18.9
18.11	18.10
18.12	18.11
18.11	18.12
18.10	18.13
18.12	18.14
18.11	18.15
18.11	18.16
18.1	18.17
18.10	18.18
18.10	18.19
18.12	18.20
18.11	18.21
18.12	18.22
18.12	18.23
18.12	18.24
18.12	18.25
18.11	18.26
18.1	18.27
18.11	18.28
18.3	18.29
18.12	18.30
18.12	18.31
18.11	18.32
18.12	18.33
18.12	18.34
18.5	18.35
18.12	18.36
18.1	18.37
18.1	18.38
18.10	18.39
18.11	18.40
18.12	18.41
18.8	18.42
18.7	18.43
18.10	18.44
18.1	18.45
18.1	18.46
18.12	18.47
18.11	18.48
18.1	18.49
18.9	18.50
18.6	18.51
18.1	18.52
18.8	18.53
18.1	18.54
18.8	18.55
18.2	18.56
18.6	18.57
18.1	18.58
18.1	18.59
18.1	18.60
18.11	18.61
18.10	18.62
18.1	18.63
18.12	18.64
19.13	19.1
19.1	19.2
19.13	19.3
19.13	19.4
19.11	19.5
19.9	19.6
19.6	19.7
19.10	19.8
19.11	19.9
19.13	19.10
19.11	19.11
19.3	19.12
19.1	19.13
19.11	19.14
19.1	19.15
19.1	19.16
19.10	19.17
19.13	19.18
19.10	19.19
19.10	19.20
19.5	19.21
19.7	19.22
19.1	19.23
19.10	19.24
19.10	19.25
19.11	19.26
19.8	19.27
19.11	19.28
19.1	19.29
19.13	19.30
19.10	19.31
19.13	19.32
19.10	19.33
19.2	19.34
19.10	19.35
19.10	19.36
19.10	19.37
19.10	19.38
19.10	19.39
19.1	19.40
19.10	19.41
19.1	19.42
19.10	19.43
19.13	19.44
19.10	19.45
19.14	19.46
19.13	19.47
19.10	19.48
19.13	19.49
19.13	19.50
19.13	19.51
19.1	19.52
19.13	19.53
19.12	19.54
19.13	19.55
19.13	19.56
19.14	19.57
19.4	19.58
19.10	19.59
19.13	19.60
19.13	19.61
19.14	19.62
19.10	19.63
19.10	19.64
20.6	20.1
20.1	20.2
20.1	20.3
20.1	20.4
20.1	20.5
20.6	20.6
20.6	20.7
20.6	20.8
20.4	20.9
20.1	20.10
20.1	20.11
20.6	20.12
20.6	20.13
20.6	20.14
20.1	20.15
20.6	20.16
20.6	20.17
20.2	20.18
20.1	20.19
20.7	20.20
20.1	20.21
20.1	20.22
20.6	20.23
20.7	20.24
20.1	20.25
20.1	20.26
20.6	20.27
20.7	20.28
20.6	20.29
20.4	20.30
20.7	20.31
20.3	20.32
20.7	20.33
20.6	20.34
20.1	20.35
20.7	20.36
20.1	20.37
20.6	20.38
20.6	20.39
20.1	20.40
20.1	20.41
20.5	20.42
20.6	20.43
20.6	20.44
20.1	20.45
20.6	20.46
20.6	20.47
20.6	20.48
20.7	20.49
20.6	20.50
20.6	20.51
20.1	20.52
20.1	20.53
20.1	20.54
20.4	20.55
20.5	20.56
20.7	20.57
20.1	20.58
20.6	20.59
20.6	20.60
20.4	20.61
20.4	20.62
20.6	20.63
20.6	20.64
21.1	21.1
21.1	21.2
21.5	21.3
21.1	21.4
21.1	21.5
21.5	21.6
21.6	21.7
21.3	21.8
21.1	21.9
21.1	21.10
21.1	21.11
21.2	21.12
21.6	21.13
21.6	21.14
21.1	21.15
21.6	21.16
21.6	21.17
21.1	21.18
21.6	21.19
21.1	21.20
21.4	21.21
21.4	21.22
21.4	21.23
21.6	21.24
21.1	21.25
21.1	21.26
21.6	21.27
21.6	21.28
21.1	21.29
21.6	21.30
21.1	21.31
21.1	21.32
21.6	21.33
21.5	21.34
21.6	21.35
21.5	21.36
21.6	21.37
21.6	21.38
21.6	21.39
21.1	21.40
21.4	21.41
21.1	21.42
21.1	21.43
21.1	21.44
21.1	21.45
21.6	21.46
21.1	21.47
21.6	21.48
21.1	21.49
21.1	21.50
21.1	21.51
21.1	21.52
21.1	21.53
21.6	21.54
21.1	21.55
21.6	21.56
21.6	21.57
21.4	21.58
21.1	21.59
21.5	21.60
21.4	21.61
21.6	21.62
21.6	21.63
21.5	21.64
22.11	22.1
22.9	22.2
22.1	22.3
22.8	22.4
22.1	22.5
22.1	22.6
22.5	22.7
22.1	22.8
22.11	22.9
22.9	22.10
22.9	22.11
22.9	22.12
22.9	22.13
22.9	22.14
22.10	22.15
22.9	22.16
22.1	22.17
22.9	22.18
22.1	22.19
22.8	22.20
22.5	22.21
22.9	22.22
22.5	22.23
22.8	22.24
22.8	22.25
22.7	22.26
22.11	22.27
22.9	22.28
22.9	22.29
22.9	22.30
22.1	22.31
22.8	22.32
22.5	22.33
22.2	22.34
22.11	22.35
22.1	22.36
22.11	22.37
22.1	22.38
22.1	22.39
22.1	22.40
22.11	22.41
22.11	22.42
22.9	22.43
22.1	22.44
22.9	22.45
22.5	22.46
22.1	22.47
22.1	22.48
22.9	22.49
22.11	22.50
22.9	22.51
22.1	22.52
22.9	22.53
22.9	22.54
22.9	22.55
22.6	22.56
22.1	22.57
22.1	22.58
22.9	22.59
22.9	22.60
22.8	22.61
22.1	22.62
22.3	22.63
22.4	22.64
23.8	23.1
23.4	23.2
23.8	23.3
23.8	23.4
23.1	23.5
23.8	23.6
23.1	23.7
23.5	23.8
23.7	23.9
23.1	23.10
23.8	23.11
23.5	23.12
23.8	23.13
23.1	23.14
23.5	23.15
23.1	23.16
23.8	23.17
23.8	23.18
23.1	23.19
23.1	23.20
23.5	23.21
23.1	23.22
23.8	23.23
23.5	23.24
23.5	23.25
23.1	23.26
23.8	23.27
23.8	23.28
23.8	23.29
23.5	23.30
23.4	23.31
23.8	23.32
23.1	23.33
23.8	23.34
23.1	23.35
23.1	23.36
23.8	23.37
23.1	23.38
23.8	23.39
23.1	23.40
23.8	23.41
23.1	23.42
23.8	23.43
23.2	23.44
23.1	23.45
23.8	23.46
23.6	23.47
23.1	23.48
23.1	23.49
23.4	23.50
23.4	23.51
23.8	23.52
23.5	23.53
23.1	23.54
23.8	23.55
23.3	23.56
23.8	23.57
23.7	23.58
23.1	23.59
23.8	23.60
23.5	23.61
23.5	23.62
23.8	23.63
23.8	23.64
24.2	24.1
24.15	24.2
24.1	24.3
24.14	24.4
24.18	24.5
24.18	24.6
24.16	24.7
24.11	24.8
24.1	24.9
24.9	24.10
24.6	24.11
24.14	24.12
24.19	24.13
24.1	24.14
24.19	24.15
24.1	24.16
24.18	24.17
24.19	24.18
24.19	24.19
24.1	24.20
24.19	24.21
24.19	24.22
24.12	24.23
24.1	24.24
24.4	24.25
24.13	24.26
24.19	24.27
24.1	24.28
24.1	24.29
24.14	24.30
24.7	24.31
24.1	24.32
24.19	24.33
24.1	24.34
24.10	24.35
24.14	24.36
24.19	24.37
24.19	24.38
24.17	24.39
24.1	24.40
24.3	24.41
24.14	24.42
24.19	24.43
24.19	24.44
24.19	24.45
24.14	24.46
24.19	24.47
24.8	24.48
24.1	24.49
24.1	24.50
24.1	24.51
24.1	24.52
24.19	24.53
24.1	24.54
24.19	24.55
24.18	24.56
24.14	24.57
24.1	24.58
24.16	24.59
24.5	24.60
24.1	24.61
24.14	24.62
24.19	24.63
24.19	24.64
25.5	25.1
25.1	25.2
25.4	25.3
25.5	25.4
25.4	25.5
25.4	25.6
25.4	25.7
25.4	25.8
25.5	25.9
25.4	25.10
25.4	25.11
25.4	25.12
25.4	25.13
25.4	25.14
25.4	25.15
25.5	25.16
25.1	25.17
25.4	25.18
25.1	25.19
25.4	25.20
25.5	25.21
25.5	25.22
25.4	25.23
25.4	25.24
25.2	25.25
25.5	25.26
25.1	25.27
25.5	25.28
25.4	25.29
25.5	25.30
25.5	25.31
25.5	25.32
25.5	25.33
25.1	25.34
25.5	25.35
25.4	25.36
25.5	25.37
25.5	25.38
25.4	25.39
25.5	25.40
25.4	25.41
25.4	25.42
25.5	25.43
25.4	25.44
25.4	25.45
25.5	25.46
25.4	25.47
25.4	25.48
25.5	25.49
25.3	25.50
25.5	25.51
25.4	25.52
25.5	25.53
25.4	25.54
25.1	25.55
25.5	25.56
25.4	25.57
25.4	25.58
25.1	25.59
25.4	25.60
25.5	25.61
25.4	25.62
25.5	25.63
25.5	25.64
26.5	26.1
26.1	26.2
26.1	26.3
26.1	26.4
26.1	26.5
26.1	26.6
26.1	26.7
26.4	26.8
26.4	26.9
26.1	26.10
26.1	26.11
26.5	26.12
26.5	26.13
26.4	26.14
26.1	26.15
26.5	26.16
26.6	26.17
26.5	26.18
26.5	26.19
26.5	26.20
26.3	26.21
26.1	26.22
26.4	26.23
26.1	26.24
26.3	26.25
26.6	26.26
26.5	26.27
26.4	26.28
26.1	26.29
26.2	26.30
26.5	26.31
26.5	26.32
26.5	26.33
26.1	26.34
26.5	26.35
26.1	26.36
26.4	26.37
26.1	26.38
26.1	26.39
26.1	26.40
26.1	26.41
26.5	26.42
26.1	26.43
26.1	26.44
26.1	26.45
26.1	26.46
26.1	26.47
26.1	26.48
26.4	26.49
26.5	26.50
26.4	26.51
26.1	26.52
26.5	26.53
26.4	26.54
26.5	26.55
26.3	26.56
26.5	26.57
26.1	26.58
26.5	26.59
26.4	26.60
26.4	26.61
26.6	26.62
26.5	26.63
26.1	26.64
27.1	27.1
27.4	27.2
27.4	27.3
27.4	27.4
27.5	27.5
27.1	27.6
27.4	27.7
27.4	27.8
27.4	27.9
27.4	27.10
27.5	27.11
27.1	27.12
27.5	27.13
27.1	27.14
27.4	27.15
27.4	27.16
27.1	27.17
27.1	27.18
27.3	27.19
27.1	27.20
27.1	27.21
27.1	27.22
27.2	27.23
27.5	27.24
27.4	27.25
27.4	27.26
27.1	27.27
27.5	27.28
27.4	27.29
27.1	27.30
27.1	27.31
27.5	27.32
27.4	27.33
27.4	27.34
27.4	27.35
27.1	27.36
27.1	27.37
27.1	27.38
27.5	27.39
27.4	27.40
27.5	27.41
27.4	27.42
27.4	27.43
27.4	27.44
27.3	27.45
27.4	27.46
27.5	27.47
27.4	27.48
27.1	27.49
27.4	27.50
27.1	27.51
27.1	27.52
27.1	27.53
27.4	27.54
27.4	27.55
27.4	27.56
27.4	27.57
27.4	27.58
27.1	27.59
27.1	27.60
27.5	27.61
27.3	27.62
27.3	27.63
27.1	27.64
28.1	28.1
28.1	28.2
28.3	28.3
28.1	28.4
28.8	28.5
28.1	28.6
28.8	28.7
28.8	28.8
28.1	28.9
28.8	28.10
28.1	28.11
28.1	28.12
28.1	28.13
28.1	28.14
28.1	28.15
28.3	28.16
28.1	28.17
28.1	28.18
28.4	28.19
28.1	28.20
28.1	28.21
28.1	28.22
28.4	28.23
28.1	28.24
28.1	28.25
28.8	28.26
28.8	28.27
28.1	28.28
28.7	28.29
28.1	28.30
28.4	28.31
28.8	28.32
28.1	28.33
28.1	28.34
28.3	28.35
28.7	28.36
28.5	28.37
28.1	28.38
28.3	28.39
28.1	28.40
28.3	28.41
28.4	28.42
28.1	28.43
28.8	28.44
28.2	28.45
28.7	28.46
28.8	28.47
28.6	28.48
28.1	28.49
28.1	28.50
28.1	28.51
28.1	28.52
28.1	28.53
28.7	28.54
28.8	28.55
28.1	28.56
28.3	28.57
28.8	28.58
28.1	28.59
28.4	28.60
28.7	28.61
28.4	28.62
28.8	28.63
28.8	28.64
29.5	29.1
29.5	29.2
29.7	29.3
29.5	29.4
29.7	29.5
29.7	29.6
29.5	29.7
29.7	29.8
29.4	29.9
29.7	29.10
29.8	29.11
29.1	29.12
29.5	29.13
29.5	29.14
29.7	29.15
29.4	29.16
29.4	29.17
29.8	29.18
29.4	29.19
29.7	29.20
29.8	29.21
29.8	29.22
29.7	29.23
29.1	29.24
29.3	29.25
29.8	29.26
29.5	29.27
29.7	29.28
29.7	29.29
29.7	29.30
29.7	29.31
29.2	29.32
29.7	29.33
29.1	29.34
29.7	29.35
29.7	29.36
29.8	29.37
29.5	29.38
29.5	29.39
29.8	29.40
29.7	29.41
29.8	29.42
29.7	29.43
29.7	29.44
29.7	29.45
29.7	29.46
29.6	29.47
29.7	29.48
29.5	29.49
29.5	29.50
29.1	29.51
29.8	29.52
29.5	29.53
29.8	29.54
29.5	29.55
29.7	29.56
29.7	29.57
29.7	29.58
29.7	29.59
29.5	29.60
29.7	29.61
29.5	29.62
29.5	29.63
29.5	29.64
30.13	30.1
30.1	30.2
30.14	30.3
30.4	30.4
30.1	30.5
30.1	30.6
30.3	30.7
30.1	30.8
30.14	30.9
30.1	30.10
30.14	30.11
30.1	30.12
30.1	30.13
30.1	30.14
30.14	30.15
30.1	30.16
30.6	30.17
30.14	30.18
30.14	30.19
30.1	30.20
30.1	30.21
30.12	30.22
30.1	30.23
30.1	30.24
30.14	30.25
30.3	30.26
30.7	30.27
30.8	30.28
30.14	30.29
30.2	30.30
30.14	30.31
30.1	30.32
30.12	30.33
30.13	30.34
30.14	30.35
30.10	30.36
30.13	30.37
30.14	30.38
30.1	30.39
30.14	30.40
30.14	30.41
30.14	30.42
30.14	30.43
30.5	30.44
30.1	30.45
30.14	30.46
30.1	30.47
30.14	30.48
30.1	30.49
30.11	30.50
30.11	30.51
30.1	30.52
30.1	30.53
30.1	30.54
30.1	30.55
30.1	30.56
30.1	30.57
30.14	30.58
30.1	30.59
30.13	30.60
30.9	30.61
30.14	30.62
30.1	30.63
30.1	30.64
31.1	31.1
31.8	31.2
31.8	31.3
31.9	31.4
31.5	31.5
31.1	31.6
31.8	31.7
31.1	31.8
31.1	31.9
31.1	31.10
31.8	31.11
31.8	31.12
31.1	31.13
31.8	31.14
31.1	31.15
31.1	31.16
31.10	31.17
31.1	31.18
31.1	31.19
31.8	31.20
31.1	31.21
31.8	31.22
31.1	31.23
31.1	31.24
31.1	31.25
31.9	31.26
31.9	31.27
31.10	31.28
31.7	31.29
31.1	31.30
31.6	31.31
31.1	31.32
31.8	31.33
31.8	31.34
31.6	31.35
31.3	31.36
31.10	31.37
31.4	31.38
31.8	31.39
31.1	31.40
31.1	31.41
31.8	31.42
31.10	31.43
31.10	31.44
31.5	31.45
31.2	31.46
31.8	31.47
31.9	31.48
31.1	31.49
31.1	31.50
31.9	31.51
31.8	31.52
31.8	31.53
31.8	31.54
31.1	31.55
31.8	31.56
31.1	31.57
31.11	31.58
31.8	31.59
31.8	31.60
31.9	31.61
31.8	31.62
31.1	31.63
31.1	31.64
32.8	32.1
32.8	32.2
32.9	32.3
32.6	32.4
32.4	32.5
32.9	32.6
32.9	32.7
32.7	32.8
32.8	32.9
32.7	32.10
32.7	32.11
32.6	32.12
32.9	32.13
32.8	32.14
32.9	32.15
32.5	32.16
32.9	32.17
32.9	32.18
32.7	32.19
32.3	32.20
32.8	32.21
32.7	32.22
32.3	32.23
32.7	32.24
32.1	32.25
32.9	32.26
32.1	32.27
32.8	32.28
32.1	32.29
32.1	32.30
32.1	32.31
32.8	32.32
32.1	32.33
32.8	32.34
32.1	32.35
32.8	32.36
32.1	32.37
32.1	32.38
32.1	32.39
32.8	32.40
32.1	32.41
32.8	32.42
32.8	32.43
32.2	32.44
32.5	32.45
32.9	32.46
32.7	32.47
32.3	32.48
32.8	32.49
32.3	32.50
32.7	32.51
32.1	32.52
32.1	32.53
32.1	32.54
32.8	32.55
32.1	32.56
32.1	32.57
32.1	32.58
32.1	32.59
32.1	32.60
32.1	32.61
32.1	32.62
32.1	32.63
32.1	32.64
33.1	33.1
33.4	33.2
33.7	33.3
33.7	33.4
33.1	33.5
33.1	33.6
33.7	33.7
33.7	33.8
33.7	33.9
33.7	33.10
33.7	33.11
33.1	33.12
33.7	33.13
33.7	33.14
33.1	33.15
33.1	33.16
33.7	33.17
33.7	33.18
33.2	33.19
33.5	33.20
33.4	33.21
33.1	33.22
33.4	33.23
33.7	33.24
33.4	33.25
33.7	33.26
33.7	33.27
33.1	33.28
33.7	33.29
33.7	33.30
33.7	33.31
33.1	33.32
33.1	33.33
33.7	33.34
33.1	33.35
33.7	33.36
33.7	33.37
33.7	33.38
33.7	33.39
33.7	33.40
33.7	33.41
33.1	33.42
33.7	33.43
33.1	33.44
33.7	33.45
33.1	33.46
33.1	33.47
33.1	33.48
33.7	33.49
33.7	33.50
33.7	33.51
33.7	33.52
33.1	33.53
33.1	33.54
33.1	33.55
33.3	33.56
33.7	33.57
33.7	33.58
33.7	33.59
33.1	33.60
33.1	33.61
33.6	33.62
33.7	33.63
33.7	33.64
34.1	34.1
34.1	34.2
34.8	34.3
34.8	34.4
34.6	34.5
34.6	34.6
34.6	34.7
34.1	34.8
34.6	34.9
34.8	34.10
34.8	34.11
34.8	34.12
34.1	34.13
34.6	34.14
34.6	34.15
34.6	34.16
34.8	34.17
34.8	34.18
34.6	34.19
34.8	34.20
34.1	34.21
34.6	34.22
34.6	34.23
34.6	34.24
34.8	34.25
34.8	34.26
34.1	34.27
34.8	34.28
34.6	34.29
34.1	34.30
34.7	34.31
34.6	34.32
34.8	34.33
34.4	34.34
34.8	34.35
34.1	34.36
34.8	34.37
34.8	34.38
34.1	34.39
34.6	34.40
34.8	34.41
34.1	34.42
34.2	34.43
34.6	34.44
34.5	34.45
34.1	34.46
34.1	34.47
34.6	34.48
34.8	34.49
34.7	34.50
34.1	34.51
34.6	34.52
34.8	34.53
34.8	34.54
34.6	34.55
34.6	34.56
34.1	34.57
34.1	34.58
34.3	34.59
34.6	34.60
34.6	34.61
34.1	34.62
34.1	34.63
34.6	34.64
35.1	35.1
35.7	35.2
35.1	35.3
35.7	35.4
35.7	35.5
35.3	35.6
35.1	35.7
35.7	35.8
35.8	35.9
35.1	35.10
35.1	35.11
35.4	35.12
35.1	35.13
35.7	35.14
35.7	35.15
35.7	35.16
35.8	35.17
35.8	35.18
35.7	35.19
35.1	35.20
35.1	35.21
35.1	35.22
35.6	35.23
35.1	35.24
35.7	35.25
35.7	35.26
35.1	35.27
35.1	35.28
35.7	35.29
35.6	35.30
35.6	35.31
35.1	35.32
35.1	35.33
35.8	35.34
35.1	35.35
35.1	35.36
35.7	35.37
35.8	35.38
35.1	35.39
35.7	35.40
35.7	35.41
35.7	35.42
35.1	35.43
35.5	35.44
35.8	35.45
35.7	35.46
35.7	35.47
35.7	35.48
35.2	35.49
35.7	35.50
35.7	35.51
35.8	35.52
35.7	35.53
35.7	35.54
35.7	35.55
35.7	35.56
35.1	35.57
35.5	35.58
35.1	35.59
35.6	35.60
35.6	35.61
35.8	35.62
35.6	35.63
35.4	35.64
36.2	36.1
36.9	36.2
36.8	36.3
36.6	36.4
36.8	36.5
36.9	36.6
36.1	36.7
36.1	36.8
36.1	36.9
36.9	36.10
36.9	36.11
36.8	36.12
36.1	36.13
36.9	36.14
36.7	36.15
36.9	36.16
36.3	36.17
36.7	36.18
36.9	36.19
36.9	36.20
36.1	36.21
36.7	36.22
36.5	36.23
36.1	36.24
36.9	36.25
36.9	36.26
36.1	36.27
36.9	36.28
36.9	36.29
36.1	36.30
36.9	36.31
36.1	36.32
36.9	36.33
36.9	36.34
36.9	36.35
36.9	36.36
36.6	36.37
36.8	36.38
36.1	36.39
36.6	36.40
36.9	36.41
36.1	36.42
36.1	36.43
36.5	36.44
36.9	36.45
36.8	36.46
36.1	36.47
36.1	36.48
36.9	36.49
36.9	36.50
36.9	36.51
36.1	36.52
36.9	36.53
36.4	36.54
36.9	36.55
36.9	36.56
36.8	36.57
36.7	36.58
36.9	36.59
36.1	36.60
36.9	36.61
36.9	36.62
36.1	36.63
36.1	36.64
37.1	37.1
37.5	37.2
37.1	37.3
37.9	37.4
37.11	37.5
37.1	37.6
37.11	37.7
37.1	37.8
37.11	37.9
37.11	37.10
37.10	37.11
37.10	37.12
37.11	37.13
37.1	37.14
37.11	37.15
37.2	37.16
37.10	37.17
37.1	37.18
37.11	37.19
37.11	37.20
37.10	37.21
37.11	37.22
37.10	37.23
37.8	37.24
37.11	37.25
37.11	37.26
37.6	37.27
37.1	37.28
37.8	37.29
37.11	37.30
37.4	37.31
37.11	37.32
37.11	37.33
37.9	37.34
37.11	37.35
37.10	37.36
37.1	37.37
37.1	37.38
37.8	37.39
37.1	37.40
37.11	37.41
37.11	37.42
37.8	37.43
37.11	37.44
37.1	37.45
37.11	37.46
37.1	37.47
37.11	37.48
37.1	37.49
37.11	37.50
37.7	37.51
37.11	37.52
37.1	37.53
37.9	37.54
37.10	37.55
37.11	37.56
37.10	37.57
37.1	37.58
37.11	37.59
37.11	37.60
37.11	37.61
37.11	37.62
37.10	37.63
37.3	37.64
38.5	38.1
38.6	38.2
38.6	38.3
38.1	38.4
38.1	38.5
38.6	38.6
38.5	38.7
38.1	38.8
38.6	38.9
38.6	38.10
38.6	38.11
38.2	38.12
38.3	38.13
38.3	38.14
38.6	38.15
38.1	38.16
38.5	38.17
38.6	38.18
38.1	38.19
38.6	38.20
38.6	38.21
38.5	38.22
38.6	38.23
38.1	38.24
38.5	38.25
38.1	38.26
38.3	38.27
38.5	38.28
38.5	38.29
38.6	38.30
38.5	38.31
38.1	38.32
38.5	38.33
38.5	38.34
38.1	38.35
38.6	38.36
38.3	38.37
38.1	38.38
38.1	38.39
38.6	38.40
38.1	38.41
38.1	38.42
38.6	38.43
38.3	38.44
38.1	38.45
38.4	38.46
38.1	38.47
38.1	38.48
38.1	38.49
38.1	38.50
38.3	38.51
38.1	38.52
38.6	38.53
38.1	38.54
38.3	38.55
38.6	38.56
38.6	38.57
38.6	38.58
38.1	38.59
38.6	38.60
38.5	38.61
38.1	38.62
38.1	38.63
38.1	38.64
39.10	39.1
39.8	39.2
39.8	39.3
39.8	39.4
39.10	39.5
39.10	39.6
39.8	39.7
39.6	39.8
39.10	39.9
39.8	39.10
39.2	39.11
39.8	39.12
39.11	39.13
39.7	39.14
39.8	39.15
39.9	39.16
39.8	39.17
39.10	39.18
39.1	39.19
39.8	39.20
39.10	39.21
39.8	39.22
39.8	39.23
39.3	39.24
39.8	39.25
39.5	39.26
39.10	39.27
39.5	39.28
39.8	39.29
39.8	39.30
39.10	39.31
39.10	39.32
39.6	39.33
39.8	39.34
39.8	39.35
39.6	39.36
39.8	39.37
39.10	39.38
39.10	39.39
39.10	39.40
39.6	39.41
39.8	39.42
39.4	39.43
39.1	39.44
39.10	39.45
39.8	39.46
39.5	39.47
39.8	39.48
39.10	39.49
39.8	39.50
39.8	39.51
39.5	39.52
39.8	39.53
39.8	39.54
39.8	39.55
39.8	39.56
39.8	39.57
39.10	39.58
39.10	39.59
39.8	39.60
39.5	39.61
39.10	39.62
39.10	39.63
39.8	39.64
40.7	40.1
40.7	40.2
40.10	40.3
40.1	40.4
40.1	40.5
40.10	40.6
40.7	40.7
40.1	40.8
40.10	40.9
40.10	40.10
40.10	40.11
40.7	40.12
40.10	40.13
40.10	40.14
40.10	40.15
40.7	40.16
40.10	40.17
40.4	40.18
40.8	40.19
40.5	40.20
40.10	40.21
40.10	40.22
40.10	40.23
40.7	40.24
40.5	40.25
40.1	40.26
40.5	40.27
40.7	40.28
40.10	40.29
40.5	40.30
40.1	40.31
40.7	40.32
40.10	40.33
40.1	40.34
40.7	40.35
40.10	40.36
40.1	40.37
40.10	40.38
40.7	40.39
40.7	40.40
40.7	40.41
40.10	40.42
40.2	40.43
40.1	40.44
40.7	40.45
40.7	40.46
40.10	40.47
40.9	40.48
40.3	40.49
40.1	40.50
40.7	40.51
40.7	40.52
40.7	40.53
40.1	40.54
40.7	40.55
40.7	40.56
40.10	40.57
40.1	40.58
40.7	40.59
40.1	40.60
40.6	40.61
40.9	40.62
40.9	40.63
40.7	40.64
41.1	41.1
41.8	41.2
41.1	41.3
41.8	41.4
41.8	41.5
41.7	41.6
41.8	41.7
41.8	41.8
41.3	41.9
41.1	41.10
41.1	41.11
41.8	41.12
41.1	41.13
41.8	41.14
41.8	41.15
41.8	41.16
41.8	41.17
41.6	41.18
41.7	41.19
41.1	41.20
41.7	41.21
41.8	41.22
41.8	41.23
41.8	41.24
41.6	41.25
41.8	41.26
41.1	41.27
41.8	41.28
41.1	41.29
41.1	41.30
41.1	41.31
41.1	41.32
41.4	41.33
41.1	41.34
41.8	41.35
41.8	41.36
41.1	41.37
41.8	41.38
41.8	41.39
41.9	41.40
41.7	41.41
41.1	41.42
41.8	41.43
41.1	41.44
41.4	41.45
41.1	41.46
41.1	41.47
41.8	41.48
41.2	41.49
41.1	41.50
41.1	41.51
41.1	41.52
41.8	41.53
41.8	41.54
41.7	41.55
41.1	41.56
41.8	41.57
41.8	41.58
41.1	41.59
41.8	41.60
41.7	41.61
41.1	41.62
41.5	41.63
41.1	41.64
42.8	42.1
42.1	42.2
42.1	42.3
42.8	42.4
42.8	42.5
42.6	42.6
42.6	42.7
42.6	42.8
42.6	42.9
42.9	42.10
42.1	42.11
42.8	42.12
42.1	42.13
42.9	42.14
42.1	42.15
42.9	42.16
42.5	42.17
42.8	42.18
42.6	42.19
42.1	42.20
42.8	42.21
42.6	42.22
42.1	42.23
42.8	42.24
42.1	42.25
42.6	42.26
42.8	42.27
42.8	42.28
42.6	42.29
42.8	42.30
42.6	42.31
42.6	42.32
42.1	42.33
42.8	42.34
42.9	42.35
42.1	42.36
42.9	42.37
42.8	42.38
42.1	42.39
42.5	42.40
42.1	42.41
42.8	42.42
42.3	42.43
42.8	42.44
42.6	42.45
42.8	42.46
42.8	42.47
42.7	42.48
42.6	42.49
42.6	42.50
42.3	42.51
42.6	42.52
42.7	42.53
42.7	42.54
42.2	42.55
42.1	42.56
42.4	42.57
42.6	42.58
42.8	42.59
42.1	42.60
42.6	42.61
42.8	42.62
42.1	42.63
42.1	42.64
43.8	43.1
43.9	43.2
43.9	43.3
43.9	43.4
43.9	43.5
43.1	43.6
43.9	43.7
43.2	43.8
43.3	43.9
43.3	43.10
43.7	43.11
43.11	43.12
43.1	43.13
43.5	43.14
43.9	43.15
43.9	43.16
43.3	43.17
43.9	43.18
43.9	43.19
43.7	43.20
43.3	43.21
43.3	43.22
43.9	43.23
43.3	43.24
43.8	43.25
43.3	43.26
43.8	43.27
43.9	43.28
43.9	43.29
43.8	43.30
43.9	43.31
43.3	43.32
43.8	43.33
43.11	43.34
43.10	43.35
43.10	43.36
43.9	43.37
43.8	43.38
43.8	43.39
43.3	43.40
43.9	43.41
43.9	43.42
43.8	43.43
43.10	43.44
43.8	43.45
43.4	43.46
43.8	43.47
43.8	43.48
43.3	43.49
43.6	43.50
43.8	43.51
43.3	43.52
43.8	43.53
43.3	43.54
43.8	43.55
43.9	43.56
43.7	43.57
43.3	43.58
43.3	43.59
43.3	43.60
43.3	43.61
43.3	43.62
43.3	43.63
43.3	43.64
44.6	44.1
44.6	44.2
44.8	44.3
44.8	44.4
44.1	44.5
44.4	44.6
44.4	44.7
44.5	44.8
44.1	44.9
44.6	44.10
44.6	44.11
44.8	44.12
44.6	44.13
44.1	44.14
44.6	44.15
44.6	44.16
44.3	44.17
44.6	44.18
44.6	44.19
44.4	44.20
44.6	44.21
44.6	44.22
44.4	44.23
44.4	44.24
44.4	44.25
44.6	44.26
44.6	44.27
44.6	44.28
44.4	44.29
44.4	44.30
44.8	44.31
44.1	44.32
44.4	44.33
44.6	44.34
44.6	44.35
44.8	44.36
44.6	44.37
44.6	44.38
44.6	44.39
44.1	44.40
44.6	44.41
44.6	44.42
44.6	44.43
44.6	44.44
44.6	44.45
44.2	44.46
44.4	44.47
44.4	44.48
44.1	44.49
44.7	44.50
44.7	44.51
44.8	44.52
44.7	44.53
44.6	44.54
44.7	44.55
44.8	44.56
44.8	44.57
44.7	44.58
44.8	44.59
44.6	44.60
44.1	44.61
44.6	44.62
44.1	44.63
44.8	44.64
45.12	45.1
45.11	45.2
45.13	45.3
45.1	45.4
45.1	45.5
45.1	45.6
45.11	45.7
45.12	45.8
45.3	45.9
45.14	45.10
45.1	45.11
45.13	45.12
45.14	45.13
45.11	45.14
45.1	45.15
45.11	45.16
45.8	45.17
45.1	45.18
45.11	45.19
45.8	45.20
45.11	45.21
45.4	45.22
45.1	45.23
45.1	45.24
45.1	45.25
45.6	45.26
45.11	45.27
45.11	45.28
45.10	45.29
45.1	45.30
45.11	45.31
45.11	45.32
45.15	45.33
45.10	45.34
45.9	45.35
45.1	45.36
45.7	45.37
45.1	45.38
45.5	45.39
45.15	45.40
45.10	45.41
45.11	45.42
45.10	45.43
45.11	45.44
45.11	45.45
45.11	45.46
45.11	45.47
45.5	45.48
45.11	45.49
45.12	45.50
45.11	45.51
45.11	45.52
45.11	45.53
45.1	45.54
45.1	45.55
45.2	45.56
45.12	45.57
45.10	45.58
45.1	45.59
45.12	45.60
45.12	45.61
45.11	45.62
45.5	45.63
45.11	45.64
46.1	46.1
46.1	46.2
46.4	46.3
46.1	46.4
46.1	46.5
46.1	46.6
46.1	46.7
46.1	46.8
46.1	46.9
46.1	46.10
46.5	46.11
46.5	46.12
46.1	46.13
46.1	46.14
46.1	46.15
46.1	46.16
46.5	46.17
46.5	46.18
46.1	46.19
46.5	46.20
46.5	46.21
46.1	46.22
46.1	46.23
46.5	46.24
46.5	46.25
46.4	46.26
46.1	46.27
46.1	46.28
46.1	46.29
46.1	46.30
46.1	46.31
46.1	46.32
46.1	46.33
46.5	46.34
46.1	46.35
46.1	46.36
46.1	46.37
46.5	46.38
46.1	46.39
46.1	46.40
46.1	46.41
46.2	46.42
46.4	46.43
46.1	46.44
46.1	46.45
46.5	46.46
46.1	46.47
46.1	46.48
46.1	46.49
46.1	46.50
46.4	46.51
46.5	46.52
46.1	46.53
46.3	46.54
46.5	46.55
46.1	46.56
46.5	46.57
46.1	46.58
46.5	46.59
46.1	46.60
46.5	46.61
46.1	46.62
46.1	46.63
46.1	46.64
47.9	47.1
47.7	47.2
47.1	47.3
47.7	47.4
47.1	47.5
47.1	47.6
47.1	47.7
47.9	47.8
47.7	47.9
47.7	47.10
47.9	47.11
47.7	47.12
47.9	47.13
47.9	47.14
47.1	47.15
47.9	47.16
47.7	47.17
47.1	47.18
47.9	47.19
47.7	47.20
47.1	47.21
47.9	47.22
47.9	47.23
47.5	47.24
47.9	47.25
47.7	47.26
47.1	47.27
47.9	47.28
47.9	47.29
47.1	47.30
47.9	47.31
47.1	47.32
47.1	47.33
47.7	47.34
47.1	47.35
47.4	47.36
47.1	47.37
47.9	47.38
47.1	47.39
47.9	47.40
47.9	47.41
47.1	47.42
47.10	47.43
47.9	47.44
47.9	47.45
47.1	47.46
47.1	47.47
47.9	47.48
47.1	47.49
47.9	47.50
47.9	47.51
47.2	47.52
47.1	47.53
47.7	47.54
47.3	47.55
47.1	47.56
47.1	47.57
47.6	47.58
47.1	47.59
47.8	47.60
47.7	47.61
47.9	47.62
47.7	47.63
47.9	47.64
48.1	48.1
48.7	48.2
48.5	48.3
48.1	48.4
48.1	48.5
48.5	48.6
48.7	48.7
48.7	48.8
48.6	48.9
48.5	48.10
48.4	48.11
48.1	48.12
48.1	48.13
48.6	48.14
48.7	48.15
48.7	48.16
48.5	48.17
48.4	48.18
48.7	48.19
48.5	48.20
48.7	48.21
48.5	48.22
48.5	48.23
48.6	48.24
48.5	48.25
48.6	48.26
48.5	48.27
48.7	48.28
48.7	48.29
48.2	48.30
48.5	48.31
48.7	48.32
48.6	48.33
48.1	48.34
48.7	48.35
48.7	48.36
48.6	48.37
48.6	48.38
48.7	48.39
48.5	48.40
48.5	48.41
48.1	48.42
48.7	48.43
48.7	48.44
48.1	48.45
48.6	48.46
48.5	48.47
48.6	48.48
48.6	48.49
48.3	48.50
48.7	48.51
48.5	48.52
48.7	48.53
48.5	48.54
48.1	48.55
48.1	48.56
48.7	48.57
48.1	48.58
48.1	48.59
48.1	48.60
48.1	48.61
48.1	48.62
48.1	48.63
48.5	48.64
49.4	49.1
49.6	49.2
49.1	49.3
49.1	49.4
49.9	49.5
49.8	49.6
49.4	49.7
49.1	49.8
49.8	49.9
49.8	49.10
49.2	49.11
49.6	49.12
49.1	49.13
49.9	49.14
49.8	49.15
49.7	49.16
49.4	49.17
49.5	49.18
49.8	49.19
49.1	49.20
49.4	49.21
49.4	49.22
49.6	49.23
49.1	49.24
49.6	49.25
49.8	49.26
49.6	49.27
49.6	49.28
49.4	49.29
49.4	49.30
49.6	49.31
49.6	49.32
49.7	49.33
49.6	49.34
49.6	49.35
49.4	49.36
49.4	49.37
49.4	49.38
49.6	49.39
49.8	49.40
49.5	49.41
49.8	49.42
49.4	49.43
49.1	49.44
49.4	49.45
49.7	49.46
49.1	49.47
49.1	49.48
49.4	49.49
49.6	49.50
49.3	49.51
49.1	49.52
49.4	49.53
49.5	49.54
49.6	49.55
49.1	49.56
49.9	49.57
49.8	49.58
49.6	49.59
49.6	49.60
49.1	49.61
49.7	49.62
49.9	49.63
49.5	49.64
50.4	50.1
50.4	50.2
50.1	50.3
50.4	50.4
50.1	50.5
50.4	50.6
50.4	50.7
50.4	50.8
50.4	50.9
50.4	50.10
50.1	50.11
50.1	50.12
50.4	50.13
50.4	50.14
50.4	50.15
50.1	50.16
50.1	50.17
50.1	50.18
50.4	50.19
50.1	50.20
50.4	50.21
50.1	50.22
50.1	50.23
50.4	50.24
50.4	50.25
50.1	50.26
50.1	50.27
50.4	50.28
50.4	50.29
50.3	50.30
50.1	50.31
50.4	50.32
50.1	50.33
50.1	50.34
50.4	50.35
50.4	50.36
50.4	50.37
50.4	50.38
50.5	50.39
50.4	50.40
50.4	50.41
50.6	50.42
50.1	50.43
50.1	50.44
50.4	50.45
50.4	50.46
50.4	50.47
50.6	50.48
50.1	50.49
50.4	50.50
50.6	50.51
50.4	50.52
50.1	50.53
50.4	50.54
50.4	50.55
50.4	50.56
50.1	50.57
50.2	50.58
50.4	50.59
50.4	50.60
50.6	50.61
50.4	50.62
50.4	50.63
50.4	50.64
51.1	51.1
51.5	51.2
51.5	51.3
51.4	51.4
51.1	51.5
51.5	51.6
51.5	51.7
51.1	51.8
51.5	51.9
51.5	51.10
51.4	51.11
51.4	51.12
51.5	51.13
51.1	51.14
51.1	51.15
51.5	51.16
51.5	51.17
51.5	51.18
51.5	51.19
51.5	51.20
51.3	51.21
51.5	51.22
51.4	51.23
51.5	51.24
51.4	51.25
51.5	51.26
51.5	51.27
51.3	51.28
51.1	51.29
51.4	51.30
51.5	51.31
51.5	51.32
51.5	51.33
51.2	51.34
51.5	51.35
51.5	51.36
51.1	51.37
51.5	51.38
51.5	51.39
51.5	51.40
51.5	51.41
51.5	51.42
51.4	51.43
51.5	51.44
51.4	51.45
51.5	51.46
51.1	51.47
51.5	51.48
51.5	51.49
51.5	51.50
51.1	51.51
51.4	51.52
51.5	51.53
51.5	51.54
51.5	51.55
51.5	51.56
51.5	51.57
51.4	51.58
51.5	51.59
51.4	51.60
51.5	51.61
51.5	51.62
51.1	51.63
51.4	51.64
52.1	52.1
52.1	52.2
52.5	52.3
52.1	52.4
52.1	52.5
52.1	52.6
52.9	52.7
52.1	52.8
52.1	52.9
52.10	52.10
52.8	52.11
52.1	52.12
52.5	52.13
52.1	52.14
52.5	52.15
52.5	52.16
52.1	52.17
52.5	52.18
52.5	52.19
52.1	52.20
52.8	52.21
52.1	52.22
52.7	52.23
52.5	52.24
52.1	52.25
52.1	52.26
52.1	52.27
52.5	52.28
52.1	52.29
52.5	52.30
52.1	52.31
52.9	52.32
52.8	52.33
52.1	52.34
52.5	52.35
52.5	52.36
52.5	52.37
52.9	52.38
52.5	52.39
52.5	52.40
52.1	52.41
52.9	52.42
52.1	52.43
52.5	52.44
52.5	52.45
52.5	52.46
52.3	52.47
52.5	52.48
52.5	52.49
52.1	52.50
52.9	52.51
52.1	52.52
52.2	52.53
52.4	52.54
52.1	52.55
52.5	52.56
52.4	52.57
52.6	52.58
52.1	52.59
52.8	52.60
52.8	52.61
52.7	52.62
52.1	52.63
52.5	52.64
53.1	53.1
53.5	53.2
53.5	53.3
53.5	53.4
53.1	53.5
53.5	53.6
53.3	53.7
53.7	53.8
53.5	53.9
53.1	53.10
53.5	53.11
53.3	53.12
53.3	53.13
53.3	53.14
53.6	53.15
53.5	53.16
53.1	53.17
53.6	53.18
53.6	53.19
53.1	53.20
53.5	53.21
53.5	53.22
53.5	53.23
53.4	53.24
53.3	53.25
53.1	53.26
53.1	53.27
53.6	53.28
53.3	53.29
53.3	53.30
53.7	53.31
53.5	53.32
53.6	53.33
53.5	53.34
53.3	53.35
53.3	53.36
53.5	53.37
53.3	53.38
53.7	53.39
53.1	53.40
53.6	53.41
53.5	53.42
53.7	53.43
53.5	53.44
53.6	53.45
53.1	53.46
53.5	53.47
53.3	53.48
53.5	53.49
53.3	53.50
53.1	53.51
53.2	53.52
53.1	53.53
53.3	53.54
53.1	53.55
53.5	53.56
53.3	53.57
53.1	53.58
53.1	53.59
53.5	53.60
53.1	53.61
53.5	53.62
53.3	53.63
53.3	53.64
54.5	54.1
54.5	54.2
54.5	54.3
54.9	54.4
54.5	54.5
54.8	54.6
54.9	54.7
54.9	54.8
54.9	54.9
54.5	54.10
54.9	54.11
54.5	54.12
54.4	54.13
54.4	54.14
54.5	54.15
54.9	54.16
54.5	54.17
54.5	54.18
54.9	54.19
54.9	54.20
54.9	54.21
54.6	54.22
54.5	54.23
54.3	54.24
54.7	54.25
54.7	54.26
54.6	54.27
54.6	54.28
54.9	54.29
54.5	54.30
54.5	54.31
54.6	54.32
54.6	54.33
54.6	54.34
54.5	54.35
54.1	54.36
54.6	54.37
54.9	54.38
54.8	54.39
54.8	54.40
54.1	54.41
54.9	54.42
54.4	54.43
54.2	54.44
54.4	54.45
54.6	54.46
54.6	54.47
54.1	54.48
54.9	54.49
54.9	54.50
54.5	54.51
54.6	54.52
54.9	54.53
54.1	54.54
54.6	54.55
54.5	54.56
54.5	54.57
54.9	54.58
54.7	54.59
54.5	54.60
54.5	54.61
54.5	54.62
54.8	54.63
54.5	54.64
55.4	55.1
55.1	55.2
55.3	55.3
55.1	55.4
55.4	55.5
55.1	55.6
55.4	55.7
55.4	55.8
55.3	55.9
55.4	55.10
55.1	55.11
55.1	55.12
55.1	55.13
55.4	55.14
55.4	55.15
55.4	55.16
55.3	55.17
55.4	55.18
55.1	55.19
55.3	55.20
55.4	55.21
55.1	55.22
55.2	55.23
55.4	55.24
55.4	55.25
55.1	55.26
55.4	55.27
55.1	55.28
55.4	55.29
55.3	55.30
55.3	55.31
55.1	55.32
55.4	55.33
55.4	55.34
55.4	55.35
55.1	55.36
55.1	55.37
55.3	55.38
55.1	55.39
55.1	55.40
55.4	55.41
55.4	55.42
55.4	55.43
55.4	55.44
55.4	55.45
55.4	55.46
55.1	55.47
55.1	55.48
55.1	55.49
55.4	55.50
55.1	55.51
55.4	55.52
55.1	55.53
55.1	55.54
55.1	55.55
55.4	55.56
55.4	55.57
55.1	55.58
55.1	55.59
55.1	55.60
55.1	55.61
55.1	55.62
55.4	55.63
55.4	55.64
56.1	56.1
56.1	56.2
56.1	56.3
56.8	56.4
56.5	56.5
56.2	56.6
56.4	56.7
56.8	56.8
56.8	56.9
56.1	56.10
56.8	56.11
56.1	56.12
56.8	56.13
56.8	56.14
56.4	56.15
56.8	56.16
56.1	56.17
56.8	56.18
56.6	56.19
56.8	56.20
56.8	56.21
56.5	56.22
56.8	56.23
56.8	56.24
56.8	56.25
56.8	56.26
56.1	56.27
56.8	56.28
56.1	56.29
56.1	56.30
56.5	56.31
56.6	56.32
56.1	56.33
56.1	56.34
56.1	56.35
56.8	56.36
56.4	56.37
56.4	56.38
56.1	56.39
56.8	56.40
56.6	56.41
56.8	56.42
56.1	56.43
56.1	56.44
56.8	56.45
56.8	56.46
56.1	56.47
56.8	56.48
56.6	56.49
56.1	56.50
56.1	56.51
56.8	56.52
56.5	56.53
56.4	56.54
56.5	56.55
56.8	56.56
56.1	56.57
56.3	56.58
56.7	56.59
56.6	56.60
56.8	56.61
56.1	56.62
56.1	56.63
56.8	56.64
57.1	57.1
57.1	57.2
57.1	57.3
57.7	57.4
57.7	57.5
57.1	57.6
57.1	57.7
57.1	57.8
57.1	57.9
57.1	57.10
57.1	57.11
57.1	57.12
57.1	57.13
57.1	57.14
57.7	57.15
57.1	57.16
57.6	57.17
57.1	57.18
57.1	57.19
57.7	57.20
57.1	57.21
57.8	57.22
57.1	57.23
57.1	57.24
57.1	57.25
57.7	57.26
57.1	57.27
57.7	57.28
57.2	57.29
57.1	57.30
57.7	57.31
57.1	57.32
57.1	57.33
57.1	57.34
57.7	57.35
57.7	57.36
57.5	57.37
57.1	57.38
57.1	57.39
57.7	57.40
57.7	57.41
57.6	57.42
57.1	57.43
57.1	57.44
57.1	57.45
57.1	57.46
57.6	57.47
57.1	57.48
57.6	57.49
57.1	57.50
57.1	57.51
57.6	57.52
57.7	57.53
57.7	57.54
57.1	57.55
57.1	57.56
57.3	57.57
57.6	57.58
57.7	57.59
57.7	57.60
57.4	57.61
57.1	57.62
57.1	57.63
57.6	57.64
58.8	58.1
58.4	58.2
58.13	58.3
58.4	58.4
58.4	58.5
58.4	58.6
58.4	58.7
58.4	58.8
58.4	58.9
58.4	58.10
58.4	58.11
58.13	58.12
58.4	58.13
58.10	58.14
58.11	58.15
58.7	58.16
58.4	58.17
58.11	58.18
58.3	58.19
58.6	58.20
58.13	58.21
58.12	58.22
58.4	58.23
58.4	58.24
58.13	58.25
58.13	58.26
58.11	58.27
58.11	58.28
58.4	58.29
58.4	58.30
58.11	58.31
58.4	58.32
58.8	58.33
58.4	58.34
58.4	58.35
58.8	58.36
58.13	58.37
58.13	58.38
58.13	58.39
58.11	58.40
58.4	58.41
58.11	58.42
58.3	58.43
58.6	58.44
58.13	58.45
58.12	58.46
58.4	58.47
58.4	58.48
58.1	58.49
58.11	58.50
58.13	58.51
58.9	58.52
58.11	58.53
58.5	58.54
58.13	58.55
58.11	58.56
58.4	58.57
58.13	58.58
58.13	58.59
58.8	58.60
58.4	58.61
58.4	58.62
58.4	58.63
58.2	58.64
59.1	59.1
59.1	59.2
59.6	59.3
59.1	59.4
59.5	59.5
59.1	59.6
59.5	59.7
59.1	59.8
59.1	59.9
59.5	59.10
59.1	59.11
59.1	59.12
59.5	59.13
59.1	59.14
59.1	59.15
59.5	59.16
59.6	59.17
59.1	59.18
59.1	59.19
59.3	59.20
59.1	59.21
59.1	59.22
59.1	59.23
59.4	59.24
59.1	59.25
59.1	59.26
59.1	59.27
59.5	59.28
59.1	59.29
59.1	59.30
59.1	59.31
59.4	59.32
59.1	59.33
59.3	59.34
59.5	59.35
59.5	59.36
59.4	59.37
59.4	59.38
59.1	59.39
59.1	59.40
59.6	59.41
59.5	59.42
59.5	59.43
59.5	59.44
59.1	59.45
59.1	59.46
59.5	59.47
59.1	59.48
59.5	59.49
59.1	59.50
59.1	59.51
59.1	59.52
59.6	59.53
59.1	59.54
59.1	59.55
59.1	59.56
59.5	59.57
59.7	59.58
59.1	59.59
59.6	59.60
59.6	59.61
59.1	59.62
59.2	59.63
59.1	59.64
60.13	60.1
60.3	60.2
60.13	60.3
60.13	60.4
60.13	60.5
60.13	60.6
60.8	60.7
60.13	60.8
60.12	60.9
60.13	60.10
60.3	60.11
60.3	60.12
60.13	60.13
60.12	60.14
60.3	60.15
60.12	60.16
60.1	60.17
60.3	60.18
60.7	60.19
60.12	60.20
60.3	60.21
60.3	60.22
60.3	60.23
60.12	60.24
60.12	60.25
60.12	60.26
60.13	60.27
60.8	60.28
60.13	60.29
60.11	60.30
60.13	60.31
60.8	60.32
60.10	60.33
60.13	60.34
60.3	60.35
60.2	60.36
60.5	60.37
60.3	60.38
60.6	60.39
60.11	60.40
60.3	60.41
60.6	60.42
60.13	60.43
60.12	60.44
60.9	60.45
60.3	60.46
60.12	60.47
60.3	60.48
60.6	60.49
60.12	60.50
60.3	60.51
60.3	60.52
60.7	60.53
60.3	60.54
60.3	60.55
60.13	60.56
60.13	60.57
60.4	60.58
60.7	60.59
60.13	60.60
60.7	60.61
60.7	60.62
60.7	60.63
60.8	60.64
61.1	61.1
61.6	61.2
61.4	61.3
61.1	61.4
61.4	61.5
61.4	61.6
61.6	61.7
61.6	61.8
61.4	61.9
61.4	61.10
61.1	61.11
61.6	61.12
61.1	61.13
61.6	61.14
61.1	61.15
61.4	61.16
61.4	61.17
61.1	61.18
61.6	61.19
61.6	61.20
61.4	61.21
61.4	61.22
61.1	61.23
61.5	61.24
61.6	61.25
61.4	61.26
61.1	61.27
61.4	61.28
61.3	61.29
61.4	61.30
61.1	61.31
61.1	61.32
61.1	61.33
61.1	61.34
61.4	61.35
61.6	61.36
61.1	61.37
61.4	61.38
61.6	61.39
61.1	61.40
61.1	61.41
61.1	61.42
61.2	61.43
61.3	61.44
61.6	61.45
61.6	61.46
61.1	61.47
61.3	61.48
61.1	61.49
61.4	61.50
61.6	61.51
61.6	61.52
61.6	61.53
61.6	61.54
61.1	61.55
61.1	61.56
61.1	61.57
61.1	61.58
61.1	61.59
61.1	61.60
61.6	61.61
61.6	61.62
61.1	61.63
61.4	61.64
62.6	62.1
62.6	62.2
62.6	62.3
62.6	62.4
62.1	62.5
62.6	62.6
62.4	62.7
62.1	62.8
62.1	62.9
62.6	62.10
62.6	62.11
62.6	62.12
62.4	62.13
62.1	62.14
62.1	62.15
62.3	62.16
62.6	62.17
62.6	62.18
62.1	62.19
62.6	62.20
62.1	62.21
62.6	62.22
62.2	62.23
62.3	62.24
62.1	62.25
62.1	62.26
62.6	62.27
62.1	62.28
62.1	62.29
62.1	62.30
62.5	62.31
62.3	62.32
62.1	62.33
62.1	62.34
62.1	62.35
62.3	62.36
62.6	62.37
62.5	62.38
62.6	62.39
62.1	62.40
62.6	62.41
62.1	62.42
62.3	62.43
62.4	62.44
62.1	62.45
62.6	62.46
62.6	62.47
62.3	62.48
62.3	62.49
62.6	62.50
62.1	62.51
62.1	62.52
62.5	62.53
62.1	62.54
62.6	62.55
62.3	62.56
62.6	62.57
62.3	62.58
62.1	62.59
62.6	62.60
62.1	62.61
62.3	62.62
62.6	62.63
62.1	62.64
63.1	63.1
63.1	63.2
63.6	63.3
63.6	63.4
63.6	63.5
63.6	63.6
63.6	63.7
63.1	63.8
63.1	63.9
63.6	63.10
63.6	63.11
63.1	63.12
63.6	63.13
63.1	63.14
63.6	63.15
63.6	63.16
63.6	63.17
63.1	63.18
63.1	63.19
63.1	63.20
63.1	63.21
63.6	63.22
63.1	63.23
63.5	63.24
63.6	63.25
63.1	63.26
63.6	63.27
63.6	63.28
63.6	63.29
63.6	63.30
63.6	63.31
63.1	63.32
63.6	63.33
63.1	63.34
63.1	63.35
63.6	63.36
63.5	63.37
63.6	63.38
63.6	63.39
63.6	63.40
63.6	63.41
63.6	63.42
63.2	63.43
63.4	63.44
63.5	63.45
63.1	63.46
63.6	63.47
63.1	63.48
63.1	63.49
63.6	63.50
63.3	63.51
63.4	63.52
63.1	63.53
63.6	63.54
63.6	63.55
63.1	63.56
63.1	63.57
63.1	63.58
63.6	63.59
63.1	63.60
63.6	63.61
63.6	63.62
63.6	63.63
63.1	63.64
64.5	64.1
64.6	64.2
64.1	64.3
64.7	64.4
64.7	64.5
64.3	64.6
64.1	64.7
64.1	64.8
64.9	64.9
64.8	64.10
64.3	64.11
64.9	64.12
64.8	64.13
64.8	64.14
64.1	64.15
64.1	64.16
64.1	64.17
64.1	64.18
64.1	64.19
64.1	64.20
64.9	64.21
64.1	64.22
64.1	64.23
64.8	64.24
64.7	64.25
64.6	64.26
64.8	64.27
64.8	64.28
64.3	64.29
64.1	64.30
64.9	64.31
64.8	64.32
64.1	64.33
64.8	64.34
64.7	64.35
64.7	64.36
64.1	64.37
64.1	64.38
64.4	64.39
64.1	64.40
64.8	64.41
64.1	64.42
64.8	64.43
64.1	64.44
64.8	64.45
64.1	64.46
64.2	64.47
64.9	64.48
64.1	64.49
64.6	64.50
64.7	64.51
64.1	64.52
64.8	64.53
64.8	64.54
64.1	64.55
64.7	64.56
64.1	64.57
64.1	64.58
64.1	64.59
64.1	64.60
64.3	64.61
64.8	64.62
64.1	64.63
64.3	64.64
65.1	65.1
65.4	65.2
65.3	65.3
65.4	65.4
65.1	65.5
65.1	65.6
65.1	65.7
65.4	65.8
65.1	65.9
65.4	65.10
65.4	65.11
65.1	65.12
65.4	65.13
65.4	65.14
65.5	65.15
65.4	65.16
65.4	65.17
65.4	65.18
65.1	65.19
65.1	65.20
65.4	65.21
65.4	65.22
65.1	65.23
65.1	65.24
65.4	65.25
65.1	65.26
65.4	65.27
65.5	65.28
65.2	65.29
65.1	65.30
65.4	65.31
65.1	65.32
65.5	65.33
65.4	65.34
65.4	65.35
65.4	65.36
65.5	65.37
65.4	65.38
65.1	65.39
65.4	65.40
65.4	65.41
65.1	65.42
65.1	65.43
65.1	65.44
65.1	65.45
65.1	65.46
65.1	65.47
65.4	65.48
65.4	65.49
65.1	65.50
65.5	65.51
65.4	65.52
65.1	65.53
65.4	65.54
65.4	65.55
65.3	65.56
65.1	65.57
65.1	65.58
65.1	65.59
65.1	65.60
65.1	65.61
65.4	65.62
65.1	65.63
65.1	65.64
66.1	66.1
66.1	66.2
66.1	66.3
66.1	66.4
66.1	66.5
66.1	66.6
66.1	66.7
66.1	66.8
66.1	66.9
66.1	66.10
66.1	66.11
66.1	66.12
66.3	66.13
66.1	66.14
66.1	66.15
66.1	66.16
66.1	66.17
66.1	66.18
66.5	66.19
66.1	66.20
66.1	66.21
66.1	66.22
66.5	66.23
66.5	66.24
66.1	66.25
66.1	66.26
66.1	66.27
66.1	66.28
66.1	66.29
66.1	66.30
66.5	66.31
66.1	66.32
66.5	66.33
66.5	66.34
66.5	66.35
66.4	66.36
66.5	66.37
66.5	66.38
66.1	66.39
66.1	66.40
66.1	66.41
66.1	66.42
66.1	66.43
66.5	66.44
66.5	66.45
66.1	66.46
66.1	66.47
66.1	66.48
66.5	66.49
66.5	66.50
66.5	66.51
66.5	66.52
66.5	66.53
66.4	66.54
66.1	66.55
66.5	66.56
66.1	66.57
66.5	66.58
66.5	66.59
66.4	66.60
66.1	66.61
66.1	66.62
66.2	66.63
66.5	66.64
67.5	67.1
67.1	67.2
67.1	67.3
67.1	67.4
67.5	67.5
67.1	67.6
67.1	67.7
67.1	67.8
67.5	67.9
67.1	67.10
67.5	67.11
67.1	67.12
67.1	67.13
67.4	67.14
67.1	67.15
67.5	67.16
67.5	67.17
67.1	67.18
67.1	67.19
67.5	67.20
67.1	67.21
67.5	67.22
67.4	67.23
67.4	67.24
67.5	67.25
67.5	67.26
67.1	67.27
67.5	67.28
67.1	67.29
67.1	67.30
67.2	67.31
67.1	67.32
67.5	67.33
67.1	67.34
67.1	67.35
67.5	67.36
67.1	67.37
67.1	67.38
67.1	67.39
67.5	67.40
67.1	67.41
67.1	67.42
67.5	67.43
67.5	67.44
67.3	67.45
67.1	67.46
67.1	67.47
67.1	67.48
67.5	67.49
67.5	67.50
67.1	67.51
67.5	67.52
67.5	67.53
67.1	67.54
67.1	67.55
67.1	67.56
67.1	67.57
67.1	67.58
67.5	67.59
67.5	67.60
67.5	67.61
67.5	67.62
67.5	67.63
67.5	67.64
68.4	68.1
68.4	68.2
68.3	68.3
68.4	68.4
68.4	68.5
68.3	68.6
68.4	68.7
68.3	68.8
68.5	68.9
68.6	68.10
68.3	68.11
68.6	68.12
68.4	68.13
68.4	68.14
68.4	68.15
68.6	68.16
68.3	68.17
68.3	68.18
68.4	68.19
68.6	68.20
68.3	68.21
68.3	68.22
68.4	68.23
68.6	68.24
68.4	68.25
68.4	68.26
68.3	68.27
68.6	68.28
68.6	68.29
68.4	68.30
68.4	68.31
68.4	68.32
68.6	68.33
68.4	68.34
68.4	68.35
68.6	68.36
68.1	68.37
68.4	68.38
68.4	68.39
68.4	68.40
68.4	68.41
68.3	68.42
68.3	68.43
68.3	68.44
68.3	68.45
68.6	68.46
68.3	68.47
68.4	68.48
68.3	68.49
68.3	68.50
68.2	68.51
68.4	68.52
68.4	68.53
68.3	68.54
68.4	68.55
68.3	68.56
68.3	68.57
68.3	68.58
68.3	68.59
68.4	68.60
68.4	68.61
68.3	68.62
68.4	68.63
68.3	68.64
69.5	69.1
69.3	69.2
69.8	69.3
69.8	69.4
69.4	69.5
69.1	69.6
69.5	69.7
69.6	69.8
69.8	69.9
69.8	69.10
69.3	69.11
69.5	69.12
69.3	69.13
69.5	69.14
69.2	69.15
69.4	69.16
69.5	69.17
69.5	69.18
69.5	69.19
69.5	69.20
69.3	69.21
69.4	69.22
69.5	69.23
69.3	69.24
69.3	69.25
69.5	69.26
69.3	69.27
69.4	69.28
69.8	69.29
69.1	69.30
69.8	69.31
69.4	69.32
69.8	69.33
69.3	69.34
69.8	69.35
69.3	69.36
69.3	69.37
69.4	69.38
69.8	69.39
69.5	69.40
69.8	69.41
69.3	69.42
69.7	69.43
69.5	69.44
69.1	69.45
69.3	69.46
69.8	69.47
69.8	69.48
69.8	69.49
69.3	69.50
69.8	69.51
69.3	69.52
69.5	69.53
69.3	69.54
69.4	69.55
69.5	69.56
69.3	69.57
69.8	69.58
69.5	69.59
69.7	69.60
69.5	69.61
69.8	69.62
69.4	69.63
69.4	69.64
70.5	70.1
70.1	70.2
70.6	70.3
70.1	70.4
70.1	70.5
70.3	70.6
70.5	70.7
70.6	70.8
70.1	70.9
70.1	70.10
70.1	70.11
70.6	70.12
70.1	70.13
70.8	70.14
70.6	70.15
70.1	70.16
70.5	70.17
70.6	70.18
70.6	70.19
70.1	70.20
70.1	70.21
70.6	70.22
70.1	70.23
70.6	70.24
70.8	70.25
70.8	70.26
70.6	70.27
70.1	70.28
70.6	70.29
70.1	70.30
70.5	70.31
70.4	70.32
70.2	70.33
70.7	70.34
70.1	70.35
70.1	70.36
70.1	70.37
70.1	70.38
70.1	70.39
70.6	70.40
70.1	70.41
70.6	70.42
70.8	70.43
70.1	70.44
70.8	70.45
70.1	70.46
70.6	70.47
70.6	70.48
70.6	70.49
70.6	70.50
70.6	70.51
70.6	70.52
70.8	70.53
70.5	70.54
70.6	70.55
70.7	70.56
70.8	70.57
70.6	70.58
70.1	70.59
70.6	70.60
70.1	70.61
70.6	70.62
70.1	70.63
70.6	70.64
71.5	71.1
71.4	71.2
71.1	71.3
71.1	71.4
71.4	71.5
71.4	71.6
71.1	71.7
71.4	71.8
71.1	71.9
71.4	71.10
71.1	71.11
71.4	71.12
71.4	71.13
71.1	71.14
71.4	71.15
71.4	71.16
71.1	71.17
71.1	71.18
71.4	71.19
71.4	71.20
71.4	71.21
71.3	71.22
71.1	71.23
71.4	71.24
71.3	71.25
71.5	71.26
71.5	71.27
71.4	71.28
71.4	71.29
71.4	71.30
71.1	71.31
71.4	71.32
71.3	71.33
71.5	71.34
71.4	71.35
71.2	71.36
71.1	71.37
71.1	71.38
71.1	71.39
71.5	71.40
71.5	71.41
71.5	71.42
71.1	71.43
71.3	71.44
71.1	71.45
71.4	71.46
71.4	71.47
71.1	71.48
71.5	71.49
71.5	71.50
71.1	71.51
71.5	71.52
71.1	71.53
71.1	71.54
71.1	71.55
71.4	71.56
71.5	71.57
71.5	71.58
71.5	71.59
71.3	71.60
71.1	71.61
71.1	71.62
71.4	71.63
71.1	71.64
72.9	72.1
72.1	72.2
72.9	72.3
72.9	72.4
72.5	72.5
72.5	72.6
72.9	72.7
72.9	72.8
72.8	72.9
72.9	72.10
72.8	72.11
72.2	72.12
72.8	72.13
72.6	72.14
72.8	72.15
72.8	72.16
72.9	72.17
72.4	72.18
72.9	72.19
72.5	72.20
72.8	72.21
72.8	72.22
72.5	72.23
72.8	72.24
72.5	72.25
72.8	72.26
72.5	72.27
72.10	72.28
72.9	72.29
72.4	72.30
72.8	72.31
72.8	72.32
72.9	72.33
72.8	72.34
72.5	72.35
72.9	72.36
72.9	72.37
72.9	72.38
72.5	72.39
72.8	72.40
72.6	72.41
72.8	72.42
72.8	72.43
72.1	72.44
72.1	72.45
72.8	72.46
72.8	72.47
72.7	72.48
72.6	72.49
72.3	72.50
72.9	72.51
72.9	72.52
72.9	72.53
72.8	72.54
72.5	72.55
72.1	72.56
72.9	72.57
72.8	72.58
72.9	72.59
72.3	72.60
72.9	72.61
72.5	72.62
72.3	72.63
72.1	72.64
73.5	73.1
73.4	73.2
73.2	73.3
73.2	73.4
73.1	73.5
73.5	73.6
73.4	73.7
73.5	73.8
73.5	73.9
73.2	73.10
73.4	73.11
73.4	73.12
73.7	73.13
73.2	73.14
73.2	73.15
73.5	73.16
73.2	73.17
73.5	73.18
73.4	73.19
73.2	73.20
73.5	73.21
73.4	73.22
73.4	73.23
73.7	73.24
73.5	73.25
73.2	73.26
73.5	73.27
73.3	73.28
73.7	73.29
73.2	73.30
73.7	73.31
73.5	73.32
73.2	73.33
73.2	73.34
73.5	73.35
73.2	73.36
73.7	73.37
73.5	73.38
73.7	73.39
73.4	73.40
73.2	73.41
73.2	73.42
73.4	73.43
73.3	73.44
73.2	73.45
73.7	73.46
73.4	73.47
73.7	73.48
73.5	73.49
73.4	73.50
73.2	73.51
73.2	73.52
73.2	73.53
73.5	73.54
73.7	73.55
73.7	73.56
73.5	73.57
73.5	73.58
73.7	73.59
73.5	73.60
73.5	73.61
73.5	73.62
73.6	73.63
73.4	73.64
74.1	74.1
74.6	74.2
74.1	74.3
74.5	74.4
74.1	74.5
74.6	74.6
74.5	74.7
74.4	74.8
74.1	74.9
74.6	74.10
74.1	74.11
74.1	74.12
74.1	74.13
74.1	74.14
74.6	74.15
74.6	74.16
74.1	74.17
74.1	74.18
74.6	74.19
74.1	74.20
74.6	74.21
74.5	74.22
74.6	74.23
74.1	74.24
74.6	74.25
74.5	74.26
74.5	74.27
74.6	74.28
74.1	74.29
74.1	74.30
74.1	74.31
74.6	74.32
74.1	74.33
74.6	74.34
74.6	74.35
74.1	74.36
74.5	74.37
74.6	74.38
74.6	74.39
74.6	74.40
74.5	74.41
74.6	74.42
74.1	74.43
74.1	74.44
74.1	74.45
74.5	74.46
74.6	74.47
74.6	74.48
74.4	74.49
74.3	74.50
74.4	74.51
74.5	74.52
74.1	74.53
74.6	74.54
74.5	74.55
74.5	74.56
74.6	74.57
74.1	74.58
74.6	74.59
74.2	74.60
74.6	74.61
74.5	74.62
74.6	74.63
74.4	74.64
75.1	75.1
75.6	75.2
75.6	75.3
75.12	75.4
75.6	75.5
75.1	75.6
75.11	75.7
75.6	75.8
75.12	75.9
75.12	75.10
75.12	75.11
75.12	75.12
75.12	75.13
75.6	75.14
75.12	75.15
75.11	75.16
75.8	75.17
75.12	75.18
75.6	75.19
75.2	75.20
75.1	75.21
75.12	75.22
75.12	75.23
75.5	75.24
75.4	75.25
75.1	75.26
75.1	75.27
75.12	75.28
75.4	75.29
75.11	75.30
75.6	75.31
75.1	75.32
75.12	75.33
75.6	75.34
75.12	75.35
75.12	75.36
75.12	75.37
75.6	75.38
75.9	75.39
75.12	75.40
75.6	75.41
75.12	75.42
75.12	75.43
75.10	75.44
75.3	75.45
75.3	75.46
75.9	75.47
75.6	75.48
75.6	75.49
75.11	75.50
75.10	75.51
75.8	75.52
75.12	75.53
75.6	75.54
75.6	75.55
75.10	75.56
75.7	75.57
75.12	75.58
75.12	75.59
75.1	75.60
75.8	75.61
75.11	75.62
75.10	75.63
75.6	75.64
76.3	76.1
76.3	76.2
76.5	76.3
76.3	76.4
76.3	76.5
76.3	76.6
76.3	76.7
76.3	76.8
76.3	76.9
76.1	76.10
76.3	76.11
76.3	76.12
76.5	76.13
76.3	76.14
76.3	76.15
76.5	76.16
76.5	76.17
76.3	76.18
76.3	76.19
76.3	76.20
76.1	76.21
76.3	76.22
76.5	76.23
76.5	76.24
76.3	76.25
76.3	76.26
76.3	76.27
76.3	76.28
76.3	76.29
76.3	76.30
76.5	76.31
76.5	76.32
76.3	76.33
76.3	76.34
76.3	76.35
76.5	76.36
76.3	76.37
76.3	76.38
76.3	76.39
76.3	76.40
76.5	76.41
76.3	76.42
76.5	76.43
76.5	76.44
76.3	76.45
76.3	76.46
76.3	76.47
76.3	76.48
76.5	76.49
76.5	76.50
76.3	76.51
76.5	76.52
76.3	76.53
76.5	76.54
76.2	76.55
76.3	76.56
76.3	76.57
76.3	76.58
76.3	76.59
76.3	76.60
76.3	76.61
76.4	76.62
76.5	76.63
76.3	76.64
77.6	77.1
77.7	77.2
77.6	77.3
77.1	77.4
77.6	77.5
77.6	77.6
77.6	77.7
77.6	77.8
77.6	77.9
77.1	77.10
77.1	77.11
77.1	77.12
77.6	77.13
77.6	77.14
77.1	77.15
77.1	77.16
77.2	77.17
77.1	77.18
77.6	77.19
77.6	77.20
77.1	77.21
77.6	77.22
77.1	77.23
77.6	77.24
77.6	77.25
77.1	77.26
77.7	77.27
77.1	77.28
77.4	77.29
77.1	77.30
77.6	77.31
77.6	77.32
77.1	77.33
77.4	77.34
77.7	77.35
77.1	77.36
77.6	77.37
77.1	77.38
77.7	77.39
77.7	77.40
77.1	77.41
77.6	77.42
77.6	77.43
77.1	77.44
77.5	77.45
77.7	77.46
77.4	77.47
77.8	77.48
77.6	77.49
77.6	77.50
77.1	77.51
77.1	77.52
77.4	77.53
77.3	77.54
77.1	77.55
77.6	77.56
77.7	77.57
77.6	77.58
77.1	77.59
77.6	77.60
77.1	77.61
77.6	77.62
77.6	77.63
77.1	77.64
78.11	78.1
78.5	78.2
78.1	78.3
78.7	78.4
78.10	78.5
78.5	78.6
78.10	78.7
78.2	78.8
78.8	78.9
78.10	78.10
78.6	78.11
78.5	78.12
78.11	78.13
78.7	78.14
78.1	78.15
78.10	78.16
78.10	78.17
78.11	78.18
78.1	78.19
78.8	78.20
78.8	78.21
78.1	78.22
78.10	78.23
78.1	78.24
78.7	78.25
78.8	78.26
78.10	78.27
78.1	78.28
78.1	78.29
78.1	78.30
78.10	78.31
78.1	78.32
78.7	78.33
78.1	78.34
78.10	78.35
78.1	78.36
78.4	78.37
78.7	78.38
78.10	78.39
78.8	78.40
78.10	78.41
78.1	78.42
78.9	78.43
78.1	78.44
78.10	78.45
78.10	78.46
78.3	78.47
78.1	78.48
78.10	78.49
78.5	78.50
78.5	78.51
78.1	78.52
78.11	78.53
78.7	78.54
78.1	78.55
78.11	78.56
78.1	78.57
78.1	78.58
78.7	78.59
78.6	78.60
78.10	78.61
78.7	78.62
78.1	78.63
78.10	78.64
79.5	79.1
79.5	79.2
79.5	79.3
79.3	79.4
79.3	79.5
79.3	79.6
79.3	79.7
79.3	79.8
79.3	79.9
79.3	79.10
79.3	79.11
79.5	79.12
79.3	79.13
79.4	79.14
79.3	79.15
79.3	79.16
79.5	79.17
79.3	79.18
79.3	79.19
79.3	79.20
79.5	79.21
79.3	79.22
79.3	79.23
79.3	79.24
79.3	79.25
79.5	79.26
79.5	79.27
79.5	79.28
79.3	79.29
79.3	79.30
79.3	79.31
79.3	79.32
79.1	79.33
79.1	79.34
79.3	79.35
79.5	79.36
79.5	79.37
79.2	79.38
79.5	79.39
79.3	79.40
79.5	79.41
79.1	79.42
79.5	79.43
79.5	79.44
79.5	79.45
79.3	79.46
79.3	79.47
79.3	79.48
79.5	79.49
79.1	79.50
79.5	79.51
79.3	79.52
79.3	79.53
79.3	79.54
79.3	79.55
79.3	79.56
79.1	79.57
79.5	79.58
79.3	79.59
79.3	79.60
79.3	79.61
79.3	79.62
79.3	79.63
79.3	79.64
80.5	80.1
80.5	80.2
80.4	80.3
80.5	80.4
80.5	80.5
80.1	80.6
80.5	80.7
80.2	80.8
80.1	80.9
80.1	80.10
80.1	80.11
80.5	80.12
80.1	80.13
80.1	80.14
80.4	80.15
80.5	80.16
80.5	80.17
80.1	80.18
80.5	80.19
80.5	80.20
80.4	80.21
80.1	80.22
80.5	80.23
80.1	80.24
80.1	80.25
80.1	80.26
80.5	80.27
80.1	80.28
80.5	80.29
80.5	80.30
80.1	80.31
80.4	80.32
80.5	80.33
80.1	80.34
80.5	80.35
80.5	80.36
80.5	80.37
80.1	80.38
80.5	80.39
80.5	80.40
80.1	80.41
80.5	80.42
80.5	80.43
80.4	80.44
80.1	80.45
80.1	80.46
80.1	80.47
80.5	80.48
80.1	80.49
80.4	80.50
80.5	80.51
80.1	80.52
80.5	80.53
80.6	80.54
80.5	80.55
80.5	80.56
80.5	80.57
80.5	80.58
80.1	80.59
80.5	80.60
80.1	80.61
80.3	80.62
80.5	80.63
80.5	80.64
81.4	81.1
81.3	81.2
81.3	81.3
81.3	81.4
81.3	81.5
81.4	81.6
81.3	81.7
81.3	81.8
81.3	81.9
81.3	81.10
81.3	81.11
81.4	81.12
81.4	81.13
81.3	81.14
81.3	81.15
81.3	81.16
81.4	81.17
81.3	81.18
81.4	81.19
81.4	81.20
81.3	81.21
81.4	81.22
81.3	81.23
81.3	81.24
81.3	81.25
81.3	81.26
81.4	81.27
81.4	81.28
81.4	81.29
81.4	81.30
81.3	81.31
81.4	81.32
81.4	81.33
81.4	81.34
81.3	81.35
81.3	81.36
81.3	81.37
81.3	81.38
81.4	81.39
81.1	81.40
81.4	81.41
81.3	81.42
81.3	81.43
81.3	81.44
81.3	81.45
81.3	81.46
81.4	81.47
81.3	81.48
81.4	81.49
81.3	81.50
81.4	81.51
81.3	81.52
81.4	81.53
81.3	81.54
81.3	81.55
81.4	81.56
81.3	81.57
81.3	81.58
81.1	81.59
81.4	81.60
81.4	81.61
81.2	81.62
81.3	81.63
81.4	81.64
82.5	82.1
82.5	82.2
82.5	82.3
82.6	82.4
82.3	82.5
82.3	82.6
82.6	82.7
82.5	82.8
82.6	82.9
82.3	82.10
82.5	82.11
82.6	82.12
82.6	82.13
82.6	82.14
82.6	82.15
82.5	82.16
82.3	82.17
82.5	82.18
82.5	82.19
82.5	82.20
82.3	82.21
82.5	82.22
82.1	82.23
82.3	82.24
82.5	82.25
82.3	82.26
82.6	82.27
82.5	82.28
82.3	82.29
82.6	82.30
82.5	82.31
82.5	82.32
82.5	82.33
82.3	82.34
82.5	82.35
82.6	82.36
82.5	82.37
82.5	82.38
82.5	82.39
82.5	82.40
82.5	82.41
82.5	82.42
82.5	82.43
82.6	82.44
82.5	82.45
82.6	82.46
82.5	82.47
82.5	82.48
82.5	82.49
82.3	82.50
82.6	82.51
82.5	82.52
82.5	82.53
82.6	82.54
82.5	82.55
82.5	82.56
82.2	82.57
82.5	82.58
82.3	82.59
82.6	82.60
82.5	82.61
82.4	82.62
82.6	82.63
82.5	82.64
83.6	83.1
83.7	83.2
83.6	83.3
83.6	83.4
83.5	83.5
83.3	83.6
83.1	83.7
83.1	83.8
83.6	83.9
83.1	83.10
83.9	83.11
83.6	83.12
83.6	83.13
83.10	83.14
83.6	83.15
83.6	83.16
83.3	83.17
83.6	83.18
83.7	83.19
83.6	83.20
83.7	83.21
83.10	83.22
83.6	83.23
83.3	83.24
83.10	83.25
83.6	83.26
83.6	83.27
83.3	83.28
83.4	83.29
83.7	83.30
83.6	83.31
83.2	83.32
83.3	83.33
83.10	83.34
83.6	83.35
83.3	83.36
83.6	83.37
83.6	83.38
83.8	83.39
83.7	83.40
83.3	83.41
83.6	83.42
83.1	83.43
83.6	83.44
83.6	83.45
83.7	83.46
83.7	83.47
83.6	83.48
83.6	83.49
83.7	83.50
83.7	83.51
83.7	83.52
83.7	83.53
83.7	83.54
83.6	83.55
83.7	83.56
83.1	83.57
83.7	83.58
83.7	83.59
83.6	83.60
83.7	83.61
83.6	83.62
83.6	83.63
83.1	83.64
84.13	84.1
84.4	84.2
84.13	84.3
84.14	84.4
84.14	84.5
84.5	84.6
84.3	84.7
84.10	84.8
84.13	84.9
84.13	84.10
84.14	84.11
84.13	84.12
84.14	84.13
84.7	84.14
84.14	84.15
84.13	84.16
84.14	84.17
84.11	84.18
84.9	84.19
84.13	84.20
84.14	84.21
84.7	84.22
84.14	84.23
84.13	84.24
84.5	84.25
84.5	84.26
84.12	84.27
84.14	84.28
84.5	84.29
84.14	84.30
84.14	84.31
84.13	84.32
84.8	84.33
84.5	84.34
84.5	84.35
84.7	84.36
84.12	84.37
84.13	84.38
84.13	84.39
84.5	84.40
84.14	84.41
84.14	84.42
84.1	84.43
84.7	84.44
84.7	84.45
84.5	84.46
84.5	84.47
84.9	84.48
84.14	84.49
84.14	84.50
84.2	84.51
84.5	84.52
84.14	84.53
84.11	84.54
84.14	84.55
84.14	84.56
84.14	84.57
84.13	84.58
84.5	84.59
84.6	84.60
84.14	84.61
84.13	84.62
84.7	84.63
84.14	84.64
85.4	85.1
85.6	85.2
85.6	85.3
85.6	85.4
85.6	85.5
85.4	85.6
85.6	85.7
85.6	85.8
85.4	85.9
85.6	85.10
85.4	85.11
85.2	85.12
85.3	85.13
85.1	85.14
85.5	85.15
85.6	85.16
85.6	85.17
85.1	85.18
85.1	85.19
85.6	85.20
85.4	85.21
85.5	85.22
85.6	85.23
85.6	85.24
85.1	85.25
85.6	85.26
85.4	85.27
85.4	85.28
85.5	85.29
85.1	85.30
85.5	85.31
85.6	85.32
85.6	85.33
85.6	85.34
85.6	85.35
85.1	85.36
85.6	85.37
85.6	85.38
85.1	85.39
85.1	85.40
85.1	85.41
85.5	85.42
85.6	85.43
85.6	85.44
85.1	85.45
85.6	85.46
85.6	85.47
85.6	85.48
85.1	85.49
85.1	85.50
85.6	85.51
85.6	85.52
85.6	85.53
85.6	85.54
85.4	85.55
85.4	85.56
85.4	85.57
85.1	85.58
85.1	85.59
85.4	85.60
85.6	85.61
85.1	85.62
85.1	85.63
85.6	85.64
86.1	86.1
86.4	86.2
86.4	86.3
86.4	86.4
86.4	86.5
86.1	86.6
86.4	86.7
86.4	86.8
86.1	86.9
86.1	86.10
86.3	86.11
86.3	86.12
86.4	86.13
86.4	86.14
86.3	86.15
86.1	86.16
86.1	86.17
86.4	86.18
86.1	86.19
86.4	86.20
86.4	86.21
86.1	86.22
86.1	86.23
86.4	86.24
86.4	86.25
86.4	86.26
86.3	86.27
86.1	86.28
86.4	86.29
86.3	86.30
86.1	86.31
86.4	86.32
86.4	86.33
86.1	86.34
86.2	86.35
86.1	86.36
86.1	86.37
86.4	86.38
86.4	86.39
86.3	86.40
86.1	86.41
86.1	86.42
86.1	86.43
86.1	86.44
86.4	86.45
86.4	86.46
86.1	86.47
86.3	86.48
86.1	86.49
86.3	86.50
86.4	86.51
86.1	86.52
86.1	86.53
86.1	86.54
86.1	86.55
86.1	86.56
86.1	86.57
86.1	86.58
86.1	86.59
86.1	86.60
86.1	86.61
86.4	86.62
86.4	86.63
86.4	86.64
87.1	87.1
87.1	87.2
87.1	87.3
87.1	87.4
87.4	87.5
87.1	87.6
87.1	87.7
87.1	87.8
87.1	87.9
87.1	87.10
87.1	87.11
87.1	87.12
87.1	87.13
87.4	87.14
87.1	87.15
87.1	87.16
87.1	87.17
87.1	87.18
87.1	87.19
87.1	87.20
87.1	87.21
87.1	87.22
87.1	87.23
87.1	87.24
87.4	87.25
87.4	87.26
87.1	87.27
87.1	87.28
87.3	87.29
87.1	87.30
87.4	87.31
87.1	87.32
87.1	87.33
87.1	87.34
87.2	87.35
87.1	87.36
87.1	87.37
87.1	87.38
87.1	87.39
87.1	87.40
87.1	87.41
87.1	87.42
87.4	87.43
87.4	87.44
87.1	87.45
87.4	87.46
87.4	87.47
87.1	87.48
87.1	87.49
87.4	87.50
87.4	87.51
87.1	87.52
87.1	87.53
87.4	87.54
87.1	87.55
87.1	87.56
87.4	87.57
87.4	87.58
87.1	87.59
87.1	87.60
87.4	87.61
87.4	87.62
87.1	87.63
87.1	87.64
88.1	88.1
88.1	88.2
88.5	88.3
88.5	88.4
88.5	88.5
88.1	88.6
88.5	88.7
88.1	88.8
88.5	88.9
88.3	88.10
88.5	88.11
88.3	88.12
88.1	88.13
88.4	88.14
88.1	88.15
88.5	88.16
88.5	88.17
88.1	88.18
88.4	88.19
88.4	88.20
88.1	88.21
88.4	88.22
88.5	88.23
88.5	88.24
88.5	88.25
88.5	88.26
88.5	88.27
88.1	88.28
88.3	88.29
88.5	88.30
88.4	88.31
88.3	88.32
88.5	88.33
88.5	88.34
88.4	88.35
88.1	88.36
88.1	88.37
88.5	88.38
88.4	88.39
88.1	88.40
88.5	88.41
88.1	88.42
88.4	88.43
88.3	88.44
88.5	88.45
88.5	88.46
88.1	88.47
88.2	88.48
88.5	88.49
88.5	88.50
88.1	88.51
88.5	88.52
88.5	88.53
88.5	88.54
88.1	88.55
88.1	88.56
88.1	88.57
88.5	88.58
88.1	88.59
88.4	88.60
88.5	88.61
88.5	88.62
88.1	88.63
88.1	88.64
89.4	89.1
89.6	89.2
89.4	89.3
89.1	89.4
89.1	89.5
89.4	89.6
89.6	89.7
89.6	89.8
89.3	89.9
89.3	89.10
89.6	89.11
89.6	89.12
89.6	89.13
89.1	89.14
89.1	89.15
89.1	89.16
89.6	89.17
89.1	89.18
89.1	89.19
89.1	89.20
89.3	89.21
89.4	89.22
89.2	89.23
89.6	89.24
89.1	89.25
89.6	89.26
89.3	89.27
89.4	89.28
89.1	89.29
89.6	89.30
89.3	89.31
89.6	89.32
89.4	89.33
89.5	89.34
89.6	89.35
89.6	89.36
89.3	89.37
89.1	89.38
89.1	89.39
89.1	89.40
89.4	89.41
89.6	89.42
89.3	89.43
89.1	89.44
89.3	89.45
89.6	89.46
89.1	89.47
89.1	89.48
89.6	89.49
89.1	89.50
89.3	89.51
89.6	89.52
89.4	89.53
89.1	89.54
89.6	89.55
89.3	89.56
89.1	89.57
89.3	89.58
89.3	89.59
89.6	89.60
89.1	89.61
89.3	89.62
89.4	89.63
89.6	89.64
90.5	90.1
90.1	90.2
90.1	90.3
90.5	90.4
90.5	90.5
90.1	90.6
90.1	90.7
90.1	90.8
90.1	90.9
90.5	90.10
90.1	90.11
90.1	90.12
90.5	90.13
90.1	90.14
90.5	90.15
90.1	90.16
90.5	90.17
90.1	90.18
90.1	90.19
90.1	90.20
90.1	90.21
90.1	90.22
90.1	90.23
90.1	90.24
90.3	90.25
90.4	90.26
90.5	90.27
90.6	90.28
90.1	90.29
90.1	90.30
90.1	90.31
90.5	90.32
90.1	90.33
90.3	90.34
90.1	90.35
90.1	90.36
90.5	90.37
90.5	90.38
90.1	90.39
90.1	90.40
90.1	90.41
90.1	90.42
90.4	90.43
90.4	90.44
90.1	90.45
90.5	90.46
90.5	90.47
90.5	90.48
90.6	90.49
90.4	90.50
90.1	90.51
90.5	90.52
90.1	90.53
90.5	90.54
90.1	90.55
90.6	90.56
90.1	90.57
90.5	90.58
90.5	90.59
90.6	90.60
90.6	90.61
90.1	90.62
90.1	90.63
90.2	90.64
91.3	91.1
91.5	91.2
91.1	91.3
91.3	91.4
91.5	91.5
91.3	91.6
91.5	91.7
91.5	91.8
91.3	91.9
91.5	91.10
91.5	91.11
91.3	91.12
91.3	91.13
91.5	91.14
91.5	91.15
91.5	91.16
91.5	91.17
91.5	91.18
91.3	91.19
91.5	91.20
91.1	91.21
91.5	91.22
91.3	91.23
91.5	91.24
91.5	91.25
91.5	91.26
91.5	91.27
91.3	91.28
91.1	91.29
91.3	91.30
91.3	91.31
91.3	91.32
91.5	91.33
91.3	91.34
91.3	91.35
91.5	91.36
91.5	91.37
91.1	91.38
91.4	91.39
91.5	91.40
91.5	91.41
91.2	91.42
91.1	91.43
91.4	91.44
91.5	91.45
91.3	91.46
91.3	91.47
91.3	91.48
91.5	91.49
91.3	91.50
91.5	91.51
91.5	91.52
91.3	91.53
91.3	91.54
91.3	91.55
91.3	91.56
91.5	91.57
91.5	91.58
91.3	91.59
91.3	91.60
91.3	91.61
91.5	91.62
91.5	91.63
91.5	91.64
92.1	92.1
92.4	92.2
92.6	92.3
92.1	92.4
92.4	92.5
92.1	92.6
92.6	92.7
92.4	92.8
92.6	92.9
92.6	92.10
92.1	92.11
92.4	92.12
92.1	92.13
92.5	92.14
92.4	92.15
92.1	92.16
92.4	92.17
92.4	92.18
92.1	92.19
92.4	92.20
92.4	92.21
92.4	92.22
92.3	92.23
92.4	92.24
92.1	92.25
92.4	92.26
92.4	92.27
92.6	92.28
92.4	92.29
92.4	92.30
92.6	92.31
92.6	92.32
92.1	92.33
92.6	92.34
92.1	92.35
92.5	92.36
92.4	92.37
92.5	92.38
92.6	92.39
92.4	92.40
92.4	92.41
92.6	92.42
92.1	92.43
92.1	92.44
92.1	92.45
92.1	92.46
92.4	92.47
92.1	92.48
92.1	92.49
92.1	92.50
92.2	92.51
92.4	92.52
92.4	92.53
92.6	92.54
92.1	92.55
92.5	92.56
92.5	92.57
92.4	92.58
92.4	92.59
92.4	92.60
92.1	92.61
92.1	92.62
92.4	92.63
92.1	92.64
93.7	93.1
93.7	93.2
93.1	93.3
93.1	93.4
93.7	93.5
93.1	93.6
93.7	93.7
93.7	93.8
93.7	93.9
93.7	93.10
93.7	93.11
93.7	93.12
93.1	93.13
93.8	93.14
93.7	93.15
93.1	93.16
93.1	93.17
93.7	93.18
93.7	93.19
93.7	93.20
93.7	93.21
93.7	93.22
93.1	93.23
93.7	93.24
93.8	93.25
93.7	93.26
93.7	93.27
93.7	93.28
93.7	93.29
93.7	93.30
93.1	93.31
93.7	93.32
93.5	93.33
93.7	93.34
93.1	93.35
93.1	93.36
93.1	93.37
93.7	93.38
93.1	93.39
93.7	93.40
93.7	93.41
93.1	93.42
93.7	93.43
93.2	93.44
93.1	93.45
93.7	93.46
93.7	93.47
93.7	93.48
93.1	93.49
93.1	93.50
93.1	93.51
93.7	93.52
93.7	93.53
93.4	93.54
93.7	93.55
93.7	93.56
93.7	93.57
93.6	93.58
93.3	93.59
93.7	93.60
93.7	93.61
93.7	93.62
93.1	93.63
93.7	93.64
94.1	94.1
94.1	94.2
94.7	94.3
94.1	94.4
94.1	94.5
94.1	94.6
94.1	94.7
94.7	94.8
94.1	94.9
94.1	94.10
94.1	94.11
94.7	94.12
94.1	94.13
94.7	94.14
94.7	94.15
94.1	94.16
94.1	94.17
94.7	94.18
94.7	94.19
94.7	94.20
94.1	94.21
94.7	94.22
94.7	94.23
94.7	94.24
94.1	94.25
94.1	94.26
94.1	94.27
94.1	94.28
94.7	94.29
94.1	94.30
94.7	94.31
94.6	94.32
94.1	94.33
94.1	94.34
94.1	94.35
94.5	94.36
94.1	94.37
94.2	94.38
94.1	94.39
94.1	94.40
94.7	94.41
94.7	94.42
94.3	94.43
94.1	94.44
94.7	94.45
94.7	94.46
94.1	94.47
94.1	94.48
94.7	94.49
94.1	94.50
94.1	94.51
94.1	94.52
94.4	94.53
94.1	94.54
94.1	94.55
94.1	94.56
94.1	94.57
94.1	94.58
94.1	94.59
94.7	94.60
94.7	94.61
94.1	94.62
94.1	94.63
94.7	94.64
95.1	95.1
95.7	95.2
95.7	95.3
95.4	95.4
95.8	95.5
95.2	95.6
95.7	95.7
95.3	95.8
95.5	95.9
95.7	95.10
95.7	95.11
95.1	95.12
95.6	95.13
95.7	95.14
95.6	95.15
95.8	95.16
95.7	95.17
95.7	95.18
95.1	95.19
95.7	95.20
95.7	95.21
95.1	95.22
95.1	95.23
95.1	95.24
95.1	95.25
95.8	95.26
95.7	95.27
95.1	95.28
95.7	95.29
95.8	95.30
95.1	95.31
95.1	95.32
95.7	95.33
95.1	95.34
95.1	95.35
95.6	95.36
95.1	95.37
95.7	95.38
95.3	95.39
95.3	95.40
95.8	95.41
95.7	95.42
95.1	95.43
95.1	95.44
95.7	95.45
95.1	95.46
95.7	95.47
95.8	95.48
95.7	95.49
95.1	95.50
95.1	95.51
95.1	95.52
95.1	95.53
95.1	95.54
95.3	95.55
95.4	95.56
95.7	95.57
95.3	95.58
95.7	95.59
95.1	95.60
95.1	95.61
95.7	95.62
95.4	95.63
95.7	95.64
96.1	96.1
96.6	96.2
96.7	96.3
96.7	96.4
96.5	96.5
96.8	96.6
96.1	96.7
96.1	96.8
96.7	96.9
96.3	96.10
96.7	96.11
96.1	96.12
96.4	96.13
96.7	96.14
96.3	96.15
96.1	96.16
96.1	96.17
96.1	96.18
96.8	96.19
96.5	96.20
96.6	96.21
96.7	96.22
96.8	96.23
96.8	96.24
96.1	96.25
96.1	96.26
96.6	96.27
96.7	96.28
96.7	96.29
96.8	96.30
96.8	96.31
96.7	96.32
96.8	96.33
96.8	96.34
96.8	96.35
96.8	96.36
96.3	96.37
96.1	96.38
96.7	96.39
96.6	96.40
96.1	96.41
96.7	96.42
96.8	96.43
96.8	96.44
96.7	96.45
96.8	96.46
96.1	96.47
96.1	96.48
96.8	96.49
96.1	96.50
96.7	96.51
96.1	96.52
96.6	96.53
96.2	96.54
96.7	96.55
96.1	96.56
96.1	96.57
96.4	96.58
96.7	96.59
96.3	96.60
96.1	96.61
96.1	96.62
96.4	96.63
96.6	96.64
97.5	97.1
97.1	97.2
97.5	97.3
97.5	97.4
97.1	97.5
97.7	97.6
97.7	97.7
97.1	97.8
97.1	97.9
97.1	97.10
97.5	97.11
97.5	97.12
97.1	97.13
97.5	97.14
97.1	97.15
97.5	97.16
97.1	97.17
97.5	97.18
97.3	97.19
97.1	97.20
97.1	97.21
97.1	97.22
97.1	97.23
97.1	97.24
97.6	97.25
97.6	97.26
97.1	97.27
97.5	97.28
97.1	97.29
97.7	97.30
97.5	97.31
97.1	97.32
97.1	97.33
97.1	97.34
97.7	97.35
97.5	97.36
97.1	97.37
97.1	97.38
97.5	97.39
97.1	97.40
97.2	97.41
97.1	97.42
97.4	97.43
97.1	97.44
97.1	97.45
97.5	97.46
97.7	97.47
97.5	97.48
97.7	97.49
97.5	97.50
97.5	97.51
97.1	97.52
97.5	97.53
97.1	97.54
97.5	97.55
97.5	97.56
97.1	97.57
97.4	97.58
97.5	97.59
97.1	97.60
97.1	97.61
97.5	97.62
97.1	97.63
97.1	97.64
98.5	98.1
98.1	98.2
98.1	98.3
98.1	98.4
98.1	98.5
98.1	98.6
98.5	98.7
98.1	98.8
98.1	98.9
98.1	98.10
98.1	98.11
98.1	98.12
98.1	98.13
98.1	98.14
98.1	98.15
98.1	98.16
98.5	98.17
98.5	98.18
98.1	98.19
98.5	98.20
98.1	98.21
98.1	98.22
98.5	98.23
98.1	98.24
98.1	98.25
98.5	98.26
98.1	98.27
98.6	98.28
98.5	98.29
98.1	98.30
98.1	98.31
98.1	98.32
98.5	98.33
98.1	98.34
98.1	98.35
98.1	98.36
98.5	98.37
98.1	98.38
98.1	98.39
98.1	98.40
98.5	98.41
98.4	98.42
98.5	98.43
98.1	98.44
98.5	98.45
98.1	98.46
98.1	98.47
98.1	98.48
98.1	98.49
98.6	98.50
98.5	98.51
98.1	98.52
98.1	98.53
98.2	98.54
98.1	98.55
98.1	98.56
98.5	98.57
98.1	98.58
98.1	98.59
98.5	98.60
98.3	98.61
98.1	98.62
98.1	98.63
98.1	98.64
99.1	99.1
99.3	99.2
99.1	99.3
99.6	99.4
99.3	99.5
99.3	99.6
99.1	99.7
99.3	99.8
99.1	99.9
99.3	99.10
99.3	99.11
99.3	99.12
99.1	99.13
99.3	99.14
99.4	99.15
99.3	99.16
99.5	99.17
99.3	99.18
99.3	99.19
99.3	99.20
99.1	99.21
99.1	99.22
99.1	99.23
99.2	99.24
99.3	99.25
99.4	99.26
99.6	99.27
99.1	99.28
99.3	99.29
99.1	99.30
99.3	99.31
99.1	99.32
99.3	99.33
99.1	99.34
99.5	99.35
99.3	99.36
99.1	99.37
99.3	99.38
99.1	99.39
99.3	99.40
99.3	99.41
99.3	99.42
99.3	99.43
99.3	99.44
99.3	99.45
99.5	99.46
99.6	99.47
99.3	99.48
99.3	99.49
99.3	99.50
99.3	99.51
99.1	99.52
99.3	99.53
99.3	99.54
99.3	99.55
99.1	99.56
99.3	99.57
99.1	99.58
99.3	99.59
99.3	99.60
99.1	99.61
99.3	99.62
99.1	99.63
99.3	99.64
100.11	100.1
100.6	100.2
100.1	100.3
100.3	100.4
100.11	100.5
100.7	100.6
100.7	100.7
100.1	100.8
100.1	100.9
100.11	100.10
100.1	100.11
100.11	100.12
100.7	100.13
100.6	100.14
100.7	100.15
100.1	100.16
100.11	100.17
100.11	100.18
100.1	100.19
100.7	100.20
100.6	100.21
100.1	100.22
100.8	100.23
100.7	100.24
100.1	100.25
100.7	100.26
100.11	100.27
100.11	100.28
100.1	100.29
100.1	100.30
100.8	100.31
100.11	100.32
100.7	100.33
100.9	100.34
100.10	100.35
100.1	100.36
100.7	100.37
100.7	100.38
100.1	100.39
100.1	100.40
100.1	100.41
100.1	100.42
100.11	100.43
100.7	100.44
100.7	100.45
100.11	100.46
100.1	100.47
100.1	100.48
100.7	100.49
100.1	100.50
100.12	100.51
100.1	100.52
100.5	100.53
100.11	100.54
100.2	100.55
100.11	100.56
100.10	100.57
100.1	100.58
100.4	100.59
100.11	100.60
100.11	100.61
100.1	100.62
100.1	100.63
100.6	100.64