subTopicID	resultID
1.6	1.1
1.1	1.2
1.1	1.3
1.1	1.4
1.4	1.5
1.1	1.6
1.1	1.7
1.6	1.8
1.1	1.9
1.1	1.10
1.1	1.11
1.1	1.12
1.1	1.13
1.1	1.14
1.1	1.15
1.1	1.16
1.1	1.17
1.6	1.18
1.6	1.19
1.8	1.20
1.1	1.21
1.7	1.22
1.1	1.23
1.1	1.24
1.1	1.25
1.6	1.26
1.6	1.27
1.1	1.28
1.6	1.29
1.8	1.30
1.1	1.31
1.1	1.32
1.6	1.33
1.6	1.34
1.6	1.35
1.6	1.36
1.7	1.37
1.1	1.38
1.3	1.39
1.6	1.40
1.1	1.41
1.1	1.42
1.1	1.43
1.1	1.44
1.6	1.45
1.6	1.46
1.1	1.47
1.7	1.48
1.3	1.49
1.3	1.50
1.7	1.51
1.6	1.52
1.1	1.53
1.6	1.54
1.5	1.55
1.1	1.56
1.6	1.57
1.6	1.58
1.7	1.59
1.6	1.60
1.2	1.61
1.6	1.62
1.1	1.63
1.1	1.64
2.10	2.1
2.4	2.2
2.4	2.3
2.10	2.4
2.9	2.5
2.4	2.6
2.10	2.7
2.10	2.8
2.10	2.9
2.4	2.10
2.10	2.11
2.7	2.12
2.10	2.13
2.10	2.14
2.10	2.15
2.10	2.16
2.9	2.17
2.10	2.18
2.10	2.19
2.10	2.20
2.9	2.21
2.3	2.22
2.5	2.23
2.10	2.24
2.4	2.25
2.10	2.26
2.4	2.27
2.8	2.28
2.9	2.29
2.10	2.30
2.10	2.31
2.4	2.32
2.10	2.33
2.4	2.34
2.4	2.35
2.8	2.36
2.4	2.37
2.8	2.38
2.9	2.39
2.2	2.40
2.4	2.41
2.1	2.42
2.10	2.43
2.4	2.44
2.10	2.45
2.1	2.46
2.4	2.47
2.6	2.48
2.4	2.49
2.9	2.50
2.10	2.51
2.4	2.52
2.8	2.53
2.4	2.54
2.4	2.55
2.4	2.56
2.9	2.57
2.8	2.58
2.4	2.59
2.8	2.60
2.4	2.61
2.9	2.62
2.8	2.63
2.9	2.64
3.11	3.1
3.11	3.2
3.11	3.3
3.10	3.4
3.11	3.5
3.1	3.6
3.1	3.7
3.11	3.8
3.11	3.9
3.11	3.10
3.11	3.11
3.11	3.12
3.11	3.13
3.1	3.14
3.11	3.15
3.1	3.16
3.1	3.17
3.11	3.18
3.10	3.19
3.1	3.20
3.11	3.21
3.11	3.22
3.4	3.23
3.1	3.24
3.11	3.25
3.11	3.26
3.6	3.27
3.11	3.28
3.1	3.29
3.10	3.30
3.11	3.31
3.10	3.32
3.11	3.33
3.1	3.34
3.11	3.35
3.12	3.36
3.11	3.37
3.8	3.38
3.5	3.39
3.1	3.40
3.11	3.41
3.1	3.42
3.11	3.43
3.10	3.44
3.11	3.45
3.11	3.46
3.7	3.47
3.11	3.48
3.11	3.49
3.9	3.50
3.3	3.51
3.11	3.52
3.11	3.53
3.1	3.54
3.11	3.55
3.1	3.56
3.1	3.57
3.2	3.58
3.11	3.59
3.10	3.60
3.11	3.61
3.11	3.62
3.9	3.63
3.1	3.64
4.5	4.1
4.4	4.2
4.6	4.3
4.6	4.4
4.6	4.5
4.1	4.6
4.6	4.7
4.6	4.8
4.5	4.9
4.1	4.10
4.5	4.11
4.6	4.12
4.6	4.13
4.6	4.14
4.5	4.15
4.6	4.16
4.5	4.17
4.5	4.18
4.5	4.19
4.6	4.20
4.6	4.21
4.5	4.22
4.3	4.23
4.1	4.24
4.1	4.25
4.6	4.26
4.1	4.27
4.6	4.28
4.6	4.29
4.6	4.30
4.1	4.31
4.5	4.32
4.6	4.33
4.5	4.34
4.5	4.35
4.5	4.36
4.1	4.37
4.6	4.38
4.6	4.39
4.5	4.40
4.5	4.41
4.6	4.42
4.6	4.43
4.1	4.44
4.6	4.45
4.2	4.46
4.6	4.47
4.6	4.48
4.7	4.49
4.5	4.50
4.5	4.51
4.5	4.52
4.6	4.53
4.5	4.54
4.7	4.55
4.5	4.56
4.7	4.57
4.5	4.58
4.7	4.59
4.6	4.60
4.5	4.61
4.6	4.62
4.5	4.63
4.1	4.64
5.9	5.1
5.9	5.2
5.1	5.3
5.9	5.4
5.8	5.5
5.9	5.6
5.7	5.7
5.9	5.8
5.9	5.9
5.9	5.10
5.1	5.11
5.1	5.12
5.1	5.13
5.7	5.14
5.7	5.15
5.9	5.16
5.7	5.17
5.9	5.18
5.4	5.19
5.9	5.20
5.9	5.21
5.1	5.22
5.7	5.23
5.1	5.24
5.5	5.25
5.4	5.26
5.9	5.27
5.1	5.28
5.9	5.29
5.1	5.30
5.9	5.31
5.1	5.32
5.6	5.33
5.9	5.34
5.1	5.35
5.1	5.36
5.9	5.37
5.2	5.38
5.9	5.39
5.9	5.40
5.9	5.41
5.9	5.42
5.9	5.43
5.3	5.44
5.9	5.45
5.9	5.46
5.4	5.47
5.7	5.48
5.9	5.49
5.7	5.50
5.9	5.51
5.9	5.52
5.7	5.53
5.5	5.54
5.7	5.55
5.1	5.56
5.9	5.57
5.9	5.58
5.9	5.59
5.1	5.60
5.1	5.61
5.9	5.62
5.7	5.63
5.9	5.64
6.1	6.1
6.7	6.2
6.7	6.3
6.6	6.4
6.4	6.5
6.7	6.6
6.7	6.7
6.7	6.8
6.1	6.9
6.1	6.10
6.7	6.11
6.7	6.12
6.7	6.13
6.7	6.14
6.7	6.15
6.7	6.16
6.7	6.17
6.7	6.18
6.1	6.19
6.2	6.20
6.5	6.21
6.7	6.22
6.7	6.23
6.5	6.24
6.7	6.25
6.7	6.26
6.7	6.27
6.7	6.28
6.7	6.29
6.7	6.30
6.3	6.31
6.7	6.32
6.1	6.33
6.7	6.34
6.1	6.35
6.7	6.36
6.6	6.37
6.1	6.38
6.1	6.39
6.7	6.40
6.7	6.41
6.7	6.42
6.7	6.43
6.7	6.44
6.7	6.45
6.7	6.46
6.7	6.47
6.1	6.48
6.7	6.49
6.7	6.50
6.7	6.51
6.1	6.52
6.7	6.53
6.7	6.54
6.6	6.55
6.7	6.56
6.1	6.57
6.1	6.58
6.1	6.59
6.1	6.60
6.1	6.61
6.1	6.62
6.1	6.63
6.7	6.64
7.1	7.1
7.1	7.2
7.4	7.3
7.4	7.4
7.7	7.5
7.1	7.6
7.1	7.7
7.4	7.8
7.7	7.9
7.1	7.10
7.1	7.11
7.1	7.12
7.1	7.13
7.1	7.14
7.1	7.15
7.4	7.16
7.1	7.17
7.1	7.18
7.1	7.19
7.1	7.20
7.1	7.21
7.7	7.22
7.4	7.23
7.4	7.24
7.1	7.25
7.1	7.26
7.5	7.27
7.4	7.28
7.1	7.29
7.1	7.30
7.7	7.31
7.7	7.32
7.7	7.33
7.3	7.34
7.1	7.35
7.2	7.36
7.1	7.37
7.1	7.38
7.7	7.39
7.1	7.40
7.5	7.41
7.7	7.42
7.1	7.43
7.4	7.44
7.1	7.45
7.7	7.46
7.1	7.47
7.1	7.48
7.3	7.49
7.1	7.50
7.3	7.51
7.1	7.52
7.4	7.53
7.5	7.54
7.1	7.55
7.1	7.56
7.1	7.57
7.4	7.58
7.6	7.59
7.5	7.60
7.3	7.61
7.7	7.62
7.7	7.63
7.1	7.64
8.4	8.1
8.4	8.2
8.4	8.3
8.5	8.4
8.1	8.5
8.1	8.6
8.5	8.7
8.1	8.8
8.1	8.9
8.5	8.10
8.1	8.11
8.5	8.12
8.1	8.13
8.1	8.14
8.4	8.15
8.1	8.16
8.3	8.17
8.5	8.18
8.1	8.19
8.1	8.20
8.2	8.21
8.5	8.22
8.1	8.23
8.1	8.24
8.4	8.25
8.4	8.26
8.4	8.27
8.5	8.28
8.5	8.29
8.4	8.30
8.5	8.31
8.5	8.32
8.1	8.33
8.4	8.34
8.1	8.35
8.4	8.36
8.4	8.37
8.4	8.38
8.4	8.39
8.5	8.40
8.4	8.41
8.4	8.42
8.5	8.43
8.1	8.44
8.5	8.45
8.1	8.46
8.1	8.47
8.4	8.48
8.4	8.49
8.4	8.50
8.4	8.51
8.5	8.52
8.4	8.53
8.4	8.54
8.4	8.55
8.5	8.56
8.1	8.57
8.5	8.58
8.5	8.59
8.4	8.60
8.5	8.61
8.4	8.62
8.1	8.63
8.1	8.64
9.7	9.1
9.10	9.2
9.4	9.3
9.4	9.4
9.1	9.5
9.10	9.6
9.10	9.7
9.8	9.8
9.10	9.9
9.1	9.10
9.10	9.11
9.10	9.12
9.1	9.13
9.9	9.14
9.1	9.15
9.4	9.16
9.3	9.17
9.4	9.18
9.4	9.19
9.4	9.20
9.4	9.21
9.10	9.22
9.7	9.23
9.10	9.24
9.7	9.25
9.2	9.26
9.9	9.27
9.9	9.28
9.4	9.29
9.10	9.30
9.4	9.31
9.8	9.32
9.3	9.33
9.4	9.34
9.10	9.35
9.10	9.36
9.8	9.37
9.5	9.38
9.3	9.39
9.6	9.40
9.4	9.41
9.3	9.42
9.7	9.43
9.3	9.44
9.7	9.45
9.6	9.46
9.1	9.47
9.10	9.48
9.9	9.49
9.4	9.50
9.10	9.51
9.10	9.52
9.10	9.53
9.10	9.54
9.8	9.55
9.1	9.56
9.4	9.57
9.8	9.58
9.4	9.59
9.1	9.60
9.10	9.61
9.8	9.62
9.10	9.63
9.8	9.64
10.6	10.1
10.6	10.2
10.1	10.3
10.1	10.4
10.6	10.5
10.6	10.6
10.6	10.7
10.7	10.8
10.1	10.9
10.6	10.10
10.6	10.11
10.1	10.12
10.4	10.13
10.6	10.14
10.6	10.15
10.6	10.16
10.6	10.17
10.6	10.18
10.6	10.19
10.6	10.20
10.7	10.21
10.6	10.22
10.7	10.23
10.6	10.24
10.7	10.25
10.1	10.26
10.7	10.27
10.1	10.28
10.6	10.29
10.1	10.30
10.7	10.31
10.7	10.32
10.5	10.33
10.4	10.34
10.6	10.35
10.7	10.36
10.6	10.37
10.6	10.38
10.1	10.39
10.1	10.40
10.1	10.41
10.2	10.42
10.2	10.43
10.6	10.44
10.1	10.45
10.6	10.46
10.1	10.47
10.4	10.48
10.1	10.49
10.1	10.50
10.1	10.51
10.6	10.52
10.7	10.53
10.6	10.54
10.7	10.55
10.1	10.56
10.1	10.57
10.1	10.58
10.1	10.59
10.4	10.60
10.1	10.61
10.3	10.62
10.6	10.63
10.2	10.64
11.1	11.1
11.5	11.2
11.9	11.3
11.9	11.4
11.6	11.5
11.8	11.6
11.1	11.7
11.6	11.8
11.8	11.9
11.9	11.10
11.6	11.11
11.9	11.12
11.9	11.13
11.9	11.14
11.10	11.15
11.9	11.16
11.7	11.17
11.10	11.18
11.8	11.19
11.9	11.20
11.4	11.21
11.3	11.22
11.6	11.23
11.10	11.24
11.1	11.25
11.9	11.26
11.10	11.27
11.9	11.28
11.9	11.29
11.9	11.30
11.8	11.31
11.9	11.32
11.9	11.33
11.6	11.34
11.6	11.35
11.6	11.36
11.9	11.37
11.9	11.38
11.6	11.39
11.10	11.40
11.8	11.41
11.1	11.42
11.6	11.43
11.6	11.44
11.6	11.45
11.6	11.46
11.6	11.47
11.4	11.48
11.6	11.49
11.1	11.50
11.9	11.51
11.1	11.52
11.9	11.53
11.9	11.54
11.9	11.55
11.10	11.56
11.6	11.57
11.1	11.58
11.2	11.59
11.1	11.60
11.6	11.61
11.6	11.62
11.6	11.63
11.9	11.64
12.1	12.1
12.4	12.2
12.5	12.3
12.2	12.4
12.1	12.5
12.1	12.6
12.6	12.7
12.1	12.8
12.1	12.9
12.8	12.10
12.1	12.11
12.1	12.12
12.1	12.13
12.1	12.14
12.9	12.15
12.1	12.16
12.1	12.17
12.7	12.18
12.1	12.19
12.7	12.20
12.7	12.21
12.1	12.22
12.8	12.23
12.1	12.24
12.1	12.25
12.7	12.26
12.6	12.27
12.1	12.28
12.1	12.29
12.1	12.30
12.1	12.31
12.7	12.32
12.1	12.33
12.1	12.34
12.3	12.35
12.1	12.36
12.1	12.37
12.1	12.38
12.9	12.39
12.1	12.40
12.7	12.41
12.7	12.42
12.1	12.43
12.7	12.44
12.1	12.45
12.1	12.46
12.1	12.47
12.1	12.48
12.7	12.49
12.1	12.50
12.1	12.51
12.1	12.52
12.7	12.53
12.1	12.54
12.5	12.55
12.1	12.56
12.6	12.57
12.1	12.58
12.7	12.59
12.1	12.60
12.1	12.61
12.1	12.62
12.7	12.63
12.1	12.64
13.1	13.1
13.1	13.2
13.9	13.3
13.6	13.4
13.9	13.5
13.9	13.6
13.2	13.7
13.8	13.8
13.7	13.9
13.8	13.10
13.8	13.11
13.9	13.12
13.6	13.13
13.8	13.14
13.8	13.15
13.9	13.16
13.8	13.17
13.8	13.18
13.8	13.19
13.9	13.20
13.9	13.21
13.8	13.22
13.9	13.23
13.8	13.24
13.9	13.25
13.8	13.26
13.9	13.27
13.9	13.28
13.9	13.29
13.8	13.30
13.8	13.31
13.6	13.32
13.6	13.33
13.9	13.34
13.6	13.35
13.8	13.36
13.8	13.37
13.4	13.38
13.9	13.39
13.9	13.40
13.8	13.41
13.5	13.42
13.6	13.43
13.6	13.44
13.9	13.45
13.8	13.46
13.6	13.47
13.8	13.48
13.8	13.49
13.5	13.50
13.9	13.51
13.3	13.52
13.6	13.53
13.9	13.54
13.8	13.55
13.6	13.56
13.6	13.57
13.3	13.58
13.8	13.59
13.6	13.60
13.8	13.61
13.9	13.62
13.9	13.63
13.9	13.64
14.5	14.1
14.5	14.2
14.5	14.3
14.1	14.4
14.1	14.5
14.1	14.6
14.3	14.7
14.1	14.8
14.1	14.9
14.1	14.10
14.5	14.11
14.2	14.12
14.1	14.13
14.5	14.14
14.1	14.15
14.5	14.16
14.4	14.17
14.1	14.18
14.6	14.19
14.5	14.20
14.1	14.21
14.4	14.22
14.4	14.23
14.1	14.24
14.4	14.25
14.1	14.26
14.5	14.27
14.4	14.28
14.4	14.29
14.1	14.30
14.5	14.31
14.1	14.32
14.1	14.33
14.4	14.34
14.5	14.35
14.1	14.36
14.5	14.37
14.5	14.38
14.5	14.39
14.5	14.40
14.1	14.41
14.5	14.42
14.1	14.43
14.1	14.44
14.1	14.45
14.4	14.46
14.1	14.47
14.1	14.48
14.4	14.49
14.5	14.50
14.4	14.51
14.5	14.52
14.5	14.53
14.5	14.54
14.5	14.55
14.5	14.56
14.5	14.57
14.5	14.58
14.4	14.59
14.5	14.60
14.5	14.61
14.1	14.62
14.5	14.63
14.5	14.64
15.7	15.1
15.8	15.2
15.9	15.3
15.8	15.4
15.20	15.5
15.11	15.6
15.20	15.7
15.8	15.8
15.20	15.9
15.20	15.10
15.13	15.11
15.20	15.12
15.19	15.13
15.8	15.14
15.8	15.15
15.20	15.16
15.15	15.17
15.20	15.18
15.20	15.19
15.20	15.20
15.20	15.21
15.8	15.22
15.8	15.23
15.15	15.24
15.20	15.25
15.8	15.26
15.20	15.27
15.15	15.28
15.8	15.29
15.8	15.30
15.8	15.31
15.18	15.32
15.8	15.33
15.18	15.34
15.20	15.35
15.8	15.36
15.10	15.37
15.20	15.38
15.18	15.39
15.8	15.40
15.13	15.41
15.8	15.42
15.8	15.43
15.5	15.44
15.8	15.45
15.17	15.46
15.7	15.47
15.6	15.48
15.8	15.49
15.4	15.50
15.1	15.51
15.1	15.52
15.4	15.53
15.2	15.54
15.20	15.55
15.12	15.56
15.15	15.57
15.7	15.58
15.14	15.59
15.12	15.60
15.3	15.61
15.16	15.62
15.16	15.63
15.11	15.64
16.13	16.1
16.9	16.2
16.13	16.3
16.8	16.4
16.8	16.5
16.8	16.6
16.13	16.7
16.10	16.8
16.13	16.9
16.13	16.10
16.13	16.11
16.1	16.12
16.13	16.13
16.8	16.14
16.13	16.15
16.13	16.16
16.11	16.17
16.13	16.18
16.13	16.19
16.13	16.20
16.8	16.21
16.2	16.22
16.1	16.23
16.13	16.24
16.13	16.25
16.13	16.26
16.8	16.27
16.8	16.28
16.5	16.29
16.8	16.30
16.8	16.31
16.13	16.32
16.1	16.33
16.13	16.34
16.7	16.35
16.8	16.36
16.8	16.37
16.13	16.38
16.1	16.39
16.13	16.40
16.8	16.41
16.5	16.42
16.13	16.43
16.13	16.44
16.12	16.45
16.10	16.46
16.8	16.47
16.6	16.48
16.12	16.49
16.4	16.50
16.8	16.51
16.13	16.52
16.8	16.53
16.13	16.54
16.8	16.55
16.3	16.56
16.8	16.57
16.8	16.58
16.10	16.59
16.8	16.60
16.8	16.61
16.10	16.62
16.11	16.63
16.8	16.64
17.1	17.1
17.1	17.2
17.1	17.3
17.1	17.4
17.8	17.5
17.4	17.6
17.1	17.7
17.8	17.8
17.1	17.9
17.6	17.10
17.1	17.11
17.6	17.12
17.1	17.13
17.6	17.14
17.8	17.15
17.1	17.16
17.8	17.17
17.1	17.18
17.1	17.19
17.1	17.20
17.7	17.21
17.5	17.22
17.8	17.23
17.1	17.24
17.8	17.25
17.1	17.26
17.1	17.27
17.8	17.28
17.1	17.29
17.8	17.30
17.7	17.31
17.8	17.32
17.1	17.33
17.8	17.34
17.6	17.35
17.7	17.36
17.1	17.37
17.3	17.38
17.8	17.39
17.6	17.40
17.1	17.41
17.1	17.42
17.1	17.43
17.1	17.44
17.1	17.45
17.1	17.46
17.5	17.47
17.1	17.48
17.6	17.49
17.6	17.50
17.7	17.51
17.6	17.52
17.1	17.53
17.1	17.54
17.8	17.55
17.2	17.56
17.6	17.57
17.1	17.58
17.1	17.59
17.8	17.60
17.8	17.61
17.6	17.62
17.8	17.63
17.8	17.64
18.4	18.1
18.15	18.2
18.9	18.3
18.8	18.4
18.9	18.5
18.8	18.6
18.9	18.7
18.8	18.8
18.1	18.9
18.1	18.10
18.1	18.11
18.9	18.12
18.9	18.13
18.8	18.14
18.14	18.15
18.1	18.16
18.12	18.17
18.9	18.18
18.9	18.19
18.8	18.20
18.1	18.21
18.8	18.22
18.8	18.23
18.8	18.24
18.8	18.25
18.1	18.26
18.12	18.27
18.14	18.28
18.3	18.29
18.1	18.30
18.1	18.31
18.14	18.32
18.1	18.33
18.1	18.34
18.7	18.35
18.8	18.36
18.8	18.37
18.12	18.38
18.9	18.39
18.1	18.40
18.1	18.41
18.15	18.42
18.5	18.43
18.1	18.44
18.8	18.45
18.12	18.46
18.8	18.47
18.14	18.48
18.8	18.49
18.10	18.50
18.13	18.51
18.8	18.52
18.8	18.53
18.12	18.54
18.11	18.55
18.2	18.56
18.9	18.57
18.12	18.58
18.12	18.59
18.12	18.60
18.1	18.61
18.6	18.62
18.12	18.63
18.1	18.64
19.9	19.1
19.7	19.2
19.10	19.3
19.10	19.4
19.9	19.5
19.7	19.6
19.6	19.7
19.1	19.8
19.6	19.9
19.10	19.10
19.10	19.11
19.3	19.12
19.6	19.13
19.9	19.14
19.10	19.15
19.10	19.16
19.10	19.17
19.7	19.18
19.10	19.19
19.10	19.20
19.5	19.21
19.4	19.22
19.9	19.23
19.10	19.24
19.1	19.25
19.9	19.26
19.8	19.27
19.10	19.28
19.6	19.29
19.10	19.30
19.10	19.31
19.9	19.32
19.1	19.33
19.2	19.34
19.1	19.35
19.10	19.36
19.10	19.37
19.1	19.38
19.10	19.39
19.7	19.40
19.1	19.41
19.6	19.42
19.10	19.43
19.10	19.44
19.1	19.45
19.1	19.46
19.10	19.47
19.10	19.48
19.10	19.49
19.9	19.50
19.9	19.51
19.7	19.52
19.10	19.53
19.7	19.54
19.7	19.55
19.9	19.56
19.9	19.57
19.3	19.58
19.10	19.59
19.10	19.60
19.7	19.61
19.1	19.62
19.10	19.63
19.1	19.64
20.4	20.1
20.7	20.2
20.7	20.3
20.7	20.4
20.7	20.5
20.4	20.6
20.4	20.7
20.4	20.8
20.1	20.9
20.7	20.10
20.7	20.11
20.4	20.12
20.4	20.13
20.4	20.14
20.7	20.15
20.4	20.16
20.4	20.17
20.2	20.18
20.7	20.19
20.8	20.20
20.7	20.21
20.7	20.22
20.4	20.23
20.8	20.24
20.7	20.25
20.7	20.26
20.4	20.27
20.8	20.28
20.4	20.29
20.1	20.30
20.8	20.31
20.3	20.32
20.8	20.33
20.4	20.34
20.7	20.35
20.8	20.36
20.7	20.37
20.4	20.38
20.4	20.39
20.7	20.40
20.7	20.41
20.5	20.42
20.4	20.43
20.4	20.44
20.7	20.45
20.4	20.46
20.4	20.47
20.4	20.48
20.8	20.49
20.4	20.50
20.4	20.51
20.7	20.52
20.7	20.53
20.4	20.54
20.1	20.55
20.6	20.56
20.8	20.57
20.7	20.58
20.4	20.59
20.4	20.60
20.1	20.61
20.1	20.62
20.4	20.63
20.4	20.64
21.1	21.1
21.1	21.2
21.5	21.3
21.1	21.4
21.1	21.5
21.5	21.6
21.5	21.7
21.3	21.8
21.1	21.9
21.1	21.10
21.1	21.11
21.2	21.12
21.5	21.13
21.5	21.14
21.1	21.15
21.5	21.16
21.1	21.17
21.1	21.18
21.5	21.19
21.1	21.20
21.6	21.21
21.4	21.22
21.4	21.23
21.5	21.24
21.1	21.25
21.1	21.26
21.5	21.27
21.5	21.28
21.1	21.29
21.5	21.30
21.1	21.31
21.1	21.32
21.5	21.33
21.6	21.34
21.5	21.35
21.6	21.36
21.5	21.37
21.5	21.38
21.5	21.39
21.1	21.40
21.4	21.41
21.1	21.42
21.1	21.43
21.1	21.44
21.1	21.45
21.5	21.46
21.1	21.47
21.5	21.48
21.1	21.49
21.1	21.50
21.1	21.51
21.1	21.52
21.1	21.53
21.5	21.54
21.1	21.55
21.5	21.56
21.5	21.57
21.6	21.58
21.1	21.59
21.6	21.60
21.4	21.61
21.5	21.62
21.5	21.63
21.6	21.64
22.8	22.1
22.11	22.2
22.1	22.3
22.10	22.4
22.1	22.5
22.1	22.6
22.7	22.7
22.1	22.8
22.8	22.9
22.11	22.10
22.11	22.11
22.11	22.12
22.11	22.13
22.11	22.14
22.9	22.15
22.11	22.16
22.1	22.17
22.11	22.18
22.11	22.19
22.10	22.20
22.7	22.21
22.11	22.22
22.7	22.23
22.10	22.24
22.10	22.25
22.6	22.26
22.8	22.27
22.11	22.28
22.11	22.29
22.11	22.30
22.1	22.31
22.10	22.32
22.7	22.33
22.2	22.34
22.10	22.35
22.11	22.36
22.10	22.37
22.11	22.38
22.1	22.39
22.1	22.40
22.8	22.41
22.8	22.42
22.11	22.43
22.1	22.44
22.11	22.45
22.7	22.46
22.1	22.47
22.1	22.48
22.11	22.49
22.8	22.50
22.11	22.51
22.1	22.52
22.11	22.53
22.11	22.54
22.11	22.55
22.5	22.56
22.1	22.57
22.1	22.58
22.11	22.59
22.11	22.60
22.10	22.61
22.1	22.62
22.3	22.63
22.4	22.64
23.11	23.1
23.6	23.2
23.11	23.3
23.11	23.4
23.1	23.5
23.10	23.6
23.1	23.7
23.9	23.8
23.8	23.9
23.10	23.10
23.10	23.11
23.9	23.12
23.10	23.13
23.1	23.14
23.9	23.15
23.10	23.16
23.10	23.17
23.11	23.18
23.1	23.19
23.10	23.20
23.7	23.21
23.1	23.22
23.10	23.23
23.9	23.24
23.7	23.25
23.1	23.26
23.11	23.27
23.10	23.28
23.10	23.29
23.7	23.30
23.6	23.31
23.11	23.32
23.1	23.33
23.10	23.34
23.1	23.35
23.1	23.36
23.10	23.37
23.1	23.38
23.10	23.39
23.1	23.40
23.11	23.41
23.1	23.42
23.11	23.43
23.2	23.44
23.1	23.45
23.10	23.46
23.5	23.47
23.10	23.48
23.1	23.49
23.4	23.50
23.4	23.51
23.11	23.52
23.9	23.53
23.1	23.54
23.10	23.55
23.3	23.56
23.11	23.57
23.6	23.58
23.10	23.59
23.10	23.60
23.7	23.61
23.9	23.62
23.10	23.63
23.10	23.64
24.5	24.1
24.10	24.2
24.1	24.3
24.11	24.4
24.11	24.5
24.1	24.6
24.8	24.7
24.6	24.8
24.8	24.9
24.9	24.10
24.7	24.11
24.11	24.12
24.8	24.13
24.8	24.14
24.1	24.15
24.8	24.16
24.8	24.17
24.1	24.18
24.1	24.19
24.8	24.20
24.1	24.21
24.8	24.22
24.10	24.23
24.8	24.24
24.4	24.25
24.3	24.26
24.8	24.27
24.8	24.28
24.1	24.29
24.8	24.30
24.12	24.31
24.1	24.32
24.1	24.33
24.1	24.34
24.11	24.35
24.11	24.36
24.8	24.37
24.1	24.38
24.7	24.39
24.1	24.40
24.2	24.41
24.11	24.42
24.1	24.43
24.1	24.44
24.1	24.45
24.11	24.46
24.11	24.47
24.7	24.48
24.1	24.49
24.1	24.50
24.1	24.51
24.1	24.52
24.1	24.53
24.8	24.54
24.1	24.55
24.11	24.56
24.8	24.57
24.8	24.58
24.1	24.59
24.10	24.60
24.1	24.61
24.8	24.62
24.1	24.63
24.1	24.64
25.1	25.1
25.5	25.2
25.1	25.3
25.5	25.4
25.1	25.5
25.1	25.6
25.1	25.7
25.1	25.8
25.5	25.9
25.1	25.10
25.1	25.11
25.1	25.12
25.1	25.13
25.1	25.14
25.1	25.15
25.5	25.16
25.4	25.17
25.1	25.18
25.4	25.19
25.1	25.20
25.5	25.21
25.1	25.22
25.1	25.23
25.1	25.24
25.2	25.25
25.5	25.26
25.4	25.27
25.5	25.28
25.1	25.29
25.5	25.30
25.5	25.31
25.1	25.32
25.5	25.33
25.4	25.34
25.5	25.35
25.1	25.36
25.5	25.37
25.5	25.38
25.1	25.39
25.5	25.40
25.1	25.41
25.1	25.42
25.5	25.43
25.1	25.44
25.1	25.45
25.5	25.46
25.1	25.47
25.1	25.48
25.5	25.49
25.3	25.50
25.5	25.51
25.1	25.52
25.5	25.53
25.1	25.54
25.4	25.55
25.1	25.56
25.1	25.57
25.1	25.58
25.4	25.59
25.1	25.60
25.5	25.61
25.1	25.62
25.5	25.63
25.5	25.64
26.1	26.1
26.4	26.2
26.4	26.3
26.4	26.4
26.4	26.5
26.4	26.6
26.4	26.7
26.1	26.8
26.6	26.9
26.4	26.10
26.4	26.11
26.1	26.12
26.1	26.13
26.6	26.14
26.4	26.15
26.1	26.16
26.5	26.17
26.4	26.18
26.1	26.19
26.4	26.20
26.3	26.21
26.4	26.22
26.1	26.23
26.4	26.24
26.3	26.25
26.6	26.26
26.1	26.27
26.6	26.28
26.4	26.29
26.2	26.30
26.1	26.31
26.1	26.32
26.1	26.33
26.4	26.34
26.1	26.35
26.4	26.36
26.6	26.37
26.4	26.38
26.4	26.39
26.4	26.40
26.4	26.41
26.1	26.42
26.4	26.43
26.4	26.44
26.4	26.45
26.4	26.46
26.4	26.47
26.4	26.48
26.1	26.49
26.1	26.50
26.6	26.51
26.4	26.52
26.1	26.53
26.1	26.54
26.1	26.55
26.3	26.56
26.1	26.57
26.4	26.58
26.1	26.59
26.6	26.60
26.6	26.61
26.6	26.62
26.4	26.63
26.4	26.64
27.1	27.1
27.1	27.2
27.6	27.3
27.6	27.4
27.5	27.5
27.5	27.6
27.6	27.7
27.6	27.8
27.6	27.9
27.6	27.10
27.4	27.11
27.1	27.12
27.4	27.13
27.1	27.14
27.6	27.15
27.6	27.16
27.1	27.17
27.5	27.18
27.3	27.19
27.5	27.20
27.1	27.21
27.1	27.22
27.2	27.23
27.4	27.24
27.6	27.25
27.6	27.26
27.5	27.27
27.4	27.28
27.6	27.29
27.1	27.30
27.5	27.31
27.4	27.32
27.6	27.33
27.1	27.34
27.6	27.35
27.1	27.36
27.1	27.37
27.1	27.38
27.4	27.39
27.6	27.40
27.5	27.41
27.6	27.42
27.6	27.43
27.6	27.44
27.3	27.45
27.6	27.46
27.5	27.47
27.6	27.48
27.1	27.49
27.6	27.50
27.1	27.51
27.1	27.52
27.1	27.53
27.6	27.54
27.6	27.55
27.6	27.56
27.6	27.57
27.6	27.58
27.1	27.59
27.5	27.60
27.5	27.61
27.4	27.62
27.3	27.63
27.1	27.64
28.1	28.1
28.1	28.2
28.4	28.3
28.7	28.4
28.5	28.5
28.7	28.6
28.1	28.7
28.5	28.8
28.1	28.9
28.5	28.10
28.1	28.11
28.1	28.12
28.7	28.13
28.7	28.14
28.7	28.15
28.4	28.16
28.1	28.17
28.1	28.18
28.8	28.19
28.7	28.20
28.7	28.21
28.1	28.22
28.8	28.23
28.7	28.24
28.7	28.25
28.5	28.26
28.5	28.27
28.1	28.28
28.8	28.29
28.7	28.30
28.6	28.31
28.5	28.32
28.1	28.33
28.1	28.34
28.4	28.35
28.6	28.36
28.3	28.37
28.1	28.38
28.6	28.39
28.1	28.40
28.4	28.41
28.8	28.42
28.7	28.43
28.5	28.44
28.2	28.45
28.8	28.46
28.5	28.47
28.8	28.48
28.7	28.49
28.7	28.50
28.1	28.51
28.1	28.52
28.1	28.53
28.8	28.54
28.1	28.55
28.1	28.56
28.6	28.57
28.5	28.58
28.1	28.59
28.5	28.60
28.8	28.61
28.8	28.62
28.1	28.63
28.5	28.64
29.1	29.1
29.1	29.2
29.10	29.3
29.1	29.4
29.10	29.5
29.10	29.6
29.1	29.7
29.10	29.8
29.6	29.9
29.10	29.10
29.6	29.11
29.9	29.12
29.1	29.13
29.1	29.14
29.10	29.15
29.6	29.16
29.5	29.17
29.7	29.18
29.8	29.19
29.10	29.20
29.6	29.21
29.7	29.22
29.10	29.23
29.9	29.24
29.3	29.25
29.7	29.26
29.1	29.27
29.10	29.28
29.10	29.29
29.10	29.30
29.10	29.31
29.2	29.32
29.10	29.33
29.9	29.34
29.10	29.35
29.9	29.36
29.6	29.37
29.10	29.38
29.7	29.39
29.7	29.40
29.10	29.41
29.7	29.42
29.10	29.43
29.10	29.44
29.10	29.45
29.10	29.46
29.4	29.47
29.10	29.48
29.1	29.49
29.1	29.50
29.9	29.51
29.7	29.52
29.1	29.53
29.7	29.54
29.1	29.55
29.10	29.56
29.10	29.57
29.10	29.58
29.10	29.59
29.1	29.60
29.10	29.61
29.1	29.62
29.1	29.63
29.1	29.64
30.18	30.1
30.14	30.2
30.18	30.3
30.6	30.4
30.16	30.5
30.16	30.6
30.10	30.7
30.16	30.8
30.18	30.9
30.16	30.10
30.18	30.11
30.16	30.12
30.16	30.13
30.16	30.14
30.1	30.15
30.16	30.16
30.3	30.17
30.1	30.18
30.1	30.19
30.16	30.20
30.16	30.21
30.15	30.22
30.16	30.23
30.16	30.24
30.1	30.25
30.4	30.26
30.9	30.27
30.11	30.28
30.1	30.29
30.2	30.30
30.18	30.31
30.16	30.32
30.13	30.33
30.13	30.34
30.1	30.35
30.5	30.36
30.17	30.37
30.1	30.38
30.16	30.39
30.1	30.40
30.1	30.41
30.18	30.42
30.1	30.43
30.8	30.44
30.16	30.45
30.1	30.46
30.16	30.47
30.1	30.48
30.16	30.49
30.15	30.50
30.12	30.51
30.16	30.52
30.16	30.53
30.16	30.54
30.16	30.55
30.16	30.56
30.16	30.57
30.1	30.58
30.16	30.59
30.17	30.60
30.7	30.61
30.1	30.62
30.16	30.63
30.16	30.64
31.18	31.1
31.18	31.2
31.15	31.3
31.3	31.4
31.2	31.5
31.17	31.6
31.15	31.7
31.7	31.8
31.17	31.9
31.17	31.10
31.15	31.11
31.18	31.12
31.17	31.13
31.18	31.14
31.17	31.15
31.7	31.16
31.7	31.17
31.17	31.18
31.17	31.19
31.18	31.20
31.18	31.21
31.15	31.22
31.18	31.23
31.7	31.24
31.7	31.25
31.16	31.26
31.13	31.27
31.12	31.28
31.10	31.29
31.17	31.30
31.11	31.31
31.18	31.32
31.15	31.33
31.15	31.34
31.1	31.35
31.6	31.36
31.13	31.37
31.8	31.38
31.15	31.39
31.18	31.40
31.7	31.41
31.15	31.42
31.13	31.43
31.7	31.44
31.5	31.45
31.4	31.46
31.18	31.47
31.16	31.48
31.18	31.49
31.18	31.50
31.9	31.51
31.15	31.52
31.18	31.53
31.15	31.54
31.18	31.55
31.18	31.56
31.7	31.57
31.14	31.58
31.12	31.59
31.18	31.60
31.16	31.61
31.15	31.62
31.17	31.63
31.18	31.64
32.1	32.1
32.1	32.2
32.8	32.3
32.7	32.4
32.9	32.5
32.8	32.6
32.8	32.7
32.8	32.8
32.1	32.9
32.11	32.10
32.11	32.11
32.7	32.12
32.8	32.13
32.1	32.14
32.8	32.15
32.6	32.16
32.8	32.17
32.8	32.18
32.11	32.19
32.4	32.20
32.1	32.21
32.8	32.22
32.4	32.23
32.5	32.24
32.10	32.25
32.8	32.26
32.10	32.27
32.8	32.28
32.10	32.29
32.10	32.30
32.1	32.31
32.1	32.32
32.10	32.33
32.1	32.34
32.10	32.35
32.8	32.36
32.3	32.37
32.10	32.38
32.10	32.39
32.3	32.40
32.10	32.41
32.1	32.42
32.8	32.43
32.2	32.44
32.6	32.45
32.8	32.46
32.11	32.47
32.4	32.48
32.1	32.49
32.4	32.50
32.5	32.51
32.8	32.52
32.10	32.53
32.1	32.54
32.1	32.55
32.10	32.56
32.10	32.57
32.10	32.58
32.10	32.59
32.10	32.60
32.10	32.61
32.10	32.62
32.10	32.63
32.5	32.64
33.5	33.1
33.6	33.2
33.1	33.3
33.1	33.4
33.5	33.5
33.5	33.6
33.1	33.7
33.1	33.8
33.1	33.9
33.1	33.10
33.1	33.11
33.1	33.12
33.1	33.13
33.1	33.14
33.5	33.15
33.5	33.16
33.1	33.17
33.1	33.18
33.2	33.19
33.4	33.20
33.6	33.21
33.1	33.22
33.6	33.23
33.1	33.24
33.6	33.25
33.1	33.26
33.1	33.27
33.5	33.28
33.1	33.29
33.1	33.30
33.1	33.31
33.5	33.32
33.1	33.33
33.1	33.34
33.5	33.35
33.1	33.36
33.1	33.37
33.1	33.38
33.1	33.39
33.1	33.40
33.1	33.41
33.5	33.42
33.1	33.43
33.5	33.44
33.1	33.45
33.5	33.46
33.5	33.47
33.1	33.48
33.1	33.49
33.1	33.50
33.1	33.51
33.1	33.52
33.5	33.53
33.5	33.54
33.5	33.55
33.3	33.56
33.1	33.57
33.1	33.58
33.1	33.59
33.5	33.60
33.5	33.61
33.1	33.62
33.1	33.63
33.1	33.64
34.8	34.1
34.7	34.2
34.9	34.3
34.9	34.4
34.1	34.5
34.9	34.6
34.1	34.7
34.8	34.8
34.1	34.9
34.7	34.10
34.7	34.11
34.9	34.12
34.7	34.13
34.1	34.14
34.1	34.15
34.1	34.16
34.9	34.17
34.9	34.18
34.1	34.19
34.9	34.20
34.8	34.21
34.1	34.22
34.1	34.23
34.1	34.24
34.9	34.25
34.7	34.26
34.8	34.27
34.7	34.28
34.1	34.29
34.8	34.30
34.6	34.31
34.1	34.32
34.9	34.33
34.3	34.34
34.9	34.35
34.7	34.36
34.7	34.37
34.9	34.38
34.8	34.39
34.1	34.40
34.7	34.41
34.8	34.42
34.2	34.43
34.1	34.44
34.5	34.45
34.8	34.46
34.7	34.47
34.1	34.48
34.7	34.49
34.6	34.50
34.7	34.51
34.1	34.52
34.7	34.53
34.7	34.54
34.1	34.55
34.1	34.56
34.8	34.57
34.8	34.58
34.4	34.59
34.1	34.60
34.9	34.61
34.7	34.62
34.8	34.63
34.1	34.64
35.9	35.1
35.4	35.2
35.9	35.3
35.4	35.4
35.4	35.5
35.3	35.6
35.4	35.7
35.4	35.8
35.5	35.9
35.9	35.10
35.9	35.11
35.8	35.12
35.9	35.13
35.4	35.14
35.4	35.15
35.4	35.16
35.5	35.17
35.5	35.18
35.4	35.19
35.9	35.20
35.4	35.21
35.9	35.22
35.1	35.23
35.9	35.24
35.4	35.25
35.4	35.26
35.9	35.27
35.9	35.28
35.4	35.29
35.1	35.30
35.1	35.31
35.9	35.32
35.9	35.33
35.9	35.34
35.9	35.35
35.9	35.36
35.4	35.37
35.5	35.38
35.9	35.39
35.4	35.40
35.4	35.41
35.4	35.42
35.9	35.43
35.1	35.44
35.9	35.45
35.4	35.46
35.4	35.47
35.4	35.48
35.2	35.49
35.4	35.50
35.4	35.51
35.5	35.52
35.4	35.53
35.4	35.54
35.4	35.55
35.4	35.56
35.9	35.57
35.7	35.58
35.9	35.59
35.1	35.60
35.1	35.61
35.5	35.62
35.1	35.63
35.6	35.64
36.6	36.1
36.1	36.2
36.7	36.3
36.5	36.4
36.7	36.5
36.1	36.6
36.1	36.7
36.8	36.8
36.8	36.9
36.1	36.10
36.1	36.11
36.7	36.12
36.8	36.13
36.1	36.14
36.1	36.15
36.1	36.16
36.2	36.17
36.1	36.18
36.1	36.19
36.1	36.20
36.8	36.21
36.1	36.22
36.3	36.23
36.8	36.24
36.1	36.25
36.1	36.26
36.8	36.27
36.1	36.28
36.1	36.29
36.8	36.30
36.1	36.31
36.8	36.32
36.1	36.33
36.1	36.34
36.1	36.35
36.1	36.36
36.5	36.37
36.7	36.38
36.8	36.39
36.5	36.40
36.1	36.41
36.8	36.42
36.8	36.43
36.3	36.44
36.1	36.45
36.8	36.46
36.8	36.47
36.8	36.48
36.1	36.49
36.1	36.50
36.1	36.51
36.8	36.52
36.1	36.53
36.4	36.54
36.1	36.55
36.1	36.56
36.7	36.57
36.1	36.58
36.1	36.59
36.8	36.60
36.1	36.61
36.1	36.62
36.8	36.63
36.8	36.64
37.1	37.1
37.8	37.2
37.1	37.3
37.15	37.4
37.14	37.5
37.1	37.6
37.14	37.7
37.9	37.8
37.14	37.9
37.14	37.10
37.12	37.11
37.6	37.12
37.14	37.13
37.9	37.14
37.14	37.15
37.2	37.16
37.12	37.17
37.1	37.18
37.14	37.19
37.14	37.20
37.12	37.21
37.14	37.22
37.6	37.23
37.11	37.24
37.14	37.25
37.1	37.26
37.5	37.27
37.1	37.28
37.11	37.29
37.14	37.30
37.3	37.31
37.14	37.32
37.14	37.33
37.10	37.34
37.14	37.35
37.6	37.36
37.1	37.37
37.9	37.38
37.11	37.39
37.1	37.40
37.14	37.41
37.1	37.42
37.11	37.43
37.14	37.44
37.9	37.45
37.1	37.46
37.1	37.47
37.1	37.48
37.9	37.49
37.14	37.50
37.7	37.51
37.14	37.52
37.9	37.53
37.13	37.54
37.6	37.55
37.1	37.56
37.12	37.57
37.9	37.58
37.1	37.59
37.1	37.60
37.1	37.61
37.14	37.62
37.12	37.63
37.4	37.64
38.9	38.1
38.8	38.2
38.8	38.3
38.4	38.4
38.4	38.5
38.8	38.6
38.9	38.7
38.4	38.8
38.8	38.9
38.8	38.10
38.8	38.11
38.2	38.12
38.1	38.13
38.7	38.14
38.8	38.15
38.4	38.16
38.9	38.17
38.4	38.18
38.4	38.19
38.8	38.20
38.8	38.21
38.6	38.22
38.8	38.23
38.4	38.24
38.9	38.25
38.4	38.26
38.6	38.27
38.9	38.28
38.6	38.29
38.8	38.30
38.9	38.31
38.9	38.32
38.9	38.33
38.6	38.34
38.4	38.35
38.8	38.36
38.1	38.37
38.4	38.38
38.4	38.39
38.8	38.40
38.9	38.41
38.4	38.42
38.8	38.43
38.7	38.44
38.4	38.45
38.3	38.46
38.4	38.47
38.4	38.48
38.4	38.49
38.4	38.50
38.5	38.51
38.4	38.52
38.8	38.53
38.4	38.54
38.7	38.55
38.8	38.56
38.8	38.57
38.8	38.58
38.9	38.59
38.8	38.60
38.9	38.61
38.9	38.62
38.4	38.63
38.4	38.64
39.1	39.1
39.8	39.2
39.8	39.3
39.8	39.4
39.1	39.5
39.1	39.6
39.8	39.7
39.9	39.8
39.1	39.9
39.8	39.10
39.2	39.11
39.8	39.12
39.5	39.13
39.4	39.14
39.8	39.15
39.1	39.16
39.8	39.17
39.1	39.18
39.5	39.19
39.8	39.20
39.1	39.21
39.8	39.22
39.8	39.23
39.3	39.24
39.1	39.25
39.8	39.26
39.1	39.27
39.8	39.28
39.8	39.29
39.8	39.30
39.1	39.31
39.8	39.32
39.6	39.33
39.8	39.34
39.8	39.35
39.6	39.36
39.8	39.37
39.1	39.38
39.1	39.39
39.1	39.40
39.6	39.41
39.8	39.42
39.7	39.43
39.5	39.44
39.1	39.45
39.8	39.46
39.9	39.47
39.1	39.48
39.1	39.49
39.8	39.50
39.8	39.51
39.8	39.52
39.8	39.53
39.8	39.54
39.8	39.55
39.8	39.56
39.8	39.57
39.1	39.58
39.1	39.59
39.8	39.60
39.8	39.61
39.1	39.62
39.1	39.63
39.8	39.64
40.5	40.1
40.5	40.2
40.10	40.3
40.9	40.4
40.2	40.5
40.10	40.6
40.5	40.7
40.2	40.8
40.10	40.9
40.10	40.10
40.10	40.11
40.5	40.12
40.10	40.13
40.10	40.14
40.10	40.15
40.5	40.16
40.10	40.17
40.4	40.18
40.3	40.19
40.7	40.20
40.10	40.21
40.10	40.22
40.10	40.23
40.5	40.24
40.7	40.25
40.2	40.26
40.7	40.27
40.5	40.28
40.10	40.29
40.4	40.30
40.2	40.31
40.5	40.32
40.10	40.33
40.9	40.34
40.5	40.35
40.10	40.36
40.9	40.37
40.10	40.38
40.5	40.39
40.5	40.40
40.10	40.41
40.2	40.42
40.1	40.43
40.2	40.44
40.5	40.45
40.5	40.46
40.10	40.47
40.6	40.48
40.8	40.49
40.2	40.50
40.5	40.51
40.5	40.52
40.5	40.53
40.2	40.54
40.5	40.55
40.5	40.56
40.10	40.57
40.9	40.58
40.5	40.59
40.9	40.60
40.7	40.61
40.6	40.62
40.7	40.63
40.5	40.64
41.8	41.1
41.8	41.2
41.8	41.3
41.1	41.4
41.1	41.5
41.6	41.6
41.1	41.7
41.1	41.8
41.3	41.9
41.8	41.10
41.8	41.11
41.1	41.12
41.8	41.13
41.8	41.14
41.1	41.15
41.1	41.16
41.1	41.17
41.1	41.18
41.7	41.19
41.8	41.20
41.7	41.21
41.1	41.22
41.1	41.23
41.1	41.24
41.1	41.25
41.1	41.26
41.8	41.27
41.1	41.28
41.8	41.29
41.8	41.30
41.8	41.31
41.8	41.32
41.4	41.33
41.7	41.34
41.1	41.35
41.1	41.36
41.8	41.37
41.8	41.38
41.8	41.39
41.4	41.40
41.6	41.41
41.8	41.42
41.1	41.43
41.8	41.44
41.4	41.45
41.8	41.46
41.7	41.47
41.1	41.48
41.2	41.49
41.8	41.50
41.8	41.51
41.8	41.52
41.8	41.53
41.8	41.54
41.6	41.55
41.8	41.56
41.1	41.57
41.1	41.58
41.8	41.59
41.1	41.60
41.6	41.61
41.8	41.62
41.5	41.63
41.8	41.64
42.10	42.1
42.3	42.2
42.3	42.3
42.10	42.4
42.10	42.5
42.11	42.6
42.6	42.7
42.13	42.8
42.6	42.9
42.12	42.10
42.3	42.11
42.10	42.12
42.3	42.13
42.2	42.14
42.3	42.15
42.12	42.16
42.9	42.17
42.6	42.18
42.11	42.19
42.3	42.20
42.10	42.21
42.2	42.22
42.3	42.23
42.10	42.24
42.3	42.25
42.13	42.26
42.10	42.27
42.6	42.28
42.2	42.29
42.10	42.30
42.13	42.31
42.6	42.32
42.3	42.33
42.10	42.34
42.12	42.35
42.10	42.36
42.12	42.37
42.10	42.38
42.3	42.39
42.5	42.40
42.3	42.41
42.10	42.42
42.8	42.43
42.10	42.44
42.6	42.45
42.10	42.46
42.10	42.47
42.7	42.48
42.2	42.49
42.2	42.50
42.8	42.51
42.13	42.52
42.7	42.53
42.7	42.54
42.1	42.55
42.3	42.56
42.4	42.57
42.13	42.58
42.10	42.59
42.3	42.60
42.6	42.61
42.10	42.62
42.3	42.63
42.3	42.64
43.6	43.1
43.10	43.2
43.10	43.3
43.10	43.4
43.10	43.5
43.7	43.6
43.10	43.7
43.2	43.8
43.3	43.9
43.6	43.10
43.1	43.11
43.9	43.12
43.1	43.13
43.4	43.14
43.10	43.15
43.10	43.16
43.6	43.17
43.10	43.18
43.10	43.19
43.8	43.20
43.3	43.21
43.3	43.22
43.10	43.23
43.3	43.24
43.6	43.25
43.3	43.26
43.6	43.27
43.3	43.28
43.10	43.29
43.6	43.30
43.3	43.31
43.3	43.32
43.6	43.33
43.9	43.34
43.1	43.35
43.7	43.36
43.10	43.37
43.6	43.38
43.6	43.39
43.3	43.40
43.10	43.41
43.10	43.42
43.6	43.43
43.7	43.44
43.8	43.45
43.5	43.46
43.6	43.47
43.6	43.48
43.3	43.49
43.4	43.50
43.8	43.51
43.3	43.52
43.6	43.53
43.3	43.54
43.6	43.55
43.10	43.56
43.8	43.57
43.3	43.58
43.3	43.59
43.3	43.60
43.3	43.61
43.3	43.62
43.3	43.63
43.3	43.64
44.8	44.1
44.8	44.2
44.8	44.3
44.8	44.4
44.7	44.5
44.1	44.6
44.1	44.7
44.6	44.8
44.7	44.9
44.9	44.10
44.9	44.11
44.8	44.12
44.9	44.13
44.4	44.14
44.9	44.15
44.9	44.16
44.3	44.17
44.9	44.18
44.8	44.19
44.9	44.20
44.9	44.21
44.9	44.22
44.1	44.23
44.1	44.24
44.9	44.25
44.9	44.26
44.8	44.27
44.8	44.28
44.1	44.29
44.1	44.30
44.4	44.31
44.7	44.32
44.1	44.33
44.9	44.34
44.8	44.35
44.8	44.36
44.8	44.37
44.8	44.38
44.9	44.39
44.7	44.40
44.8	44.41
44.8	44.42
44.9	44.43
44.8	44.44
44.9	44.45
44.2	44.46
44.1	44.47
44.9	44.48
44.7	44.49
44.5	44.50
44.5	44.51
44.8	44.52
44.5	44.53
44.9	44.54
44.5	44.55
44.4	44.56
44.4	44.57
44.5	44.58
44.4	44.59
44.8	44.60
44.7	44.61
44.8	44.62
44.7	44.63
44.4	44.64
45.6	45.1
45.1	45.2
45.1	45.3
45.1	45.4
45.1	45.5
45.1	45.6
45.6	45.7
45.6	45.8
45.7	45.9
45.1	45.10
45.1	45.11
45.1	45.12
45.1	45.13
45.6	45.14
45.1	45.15
45.1	45.16
45.1	45.17
45.1	45.18
45.1	45.19
45.1	45.20
45.6	45.21
45.4	45.22
45.1	45.23
45.1	45.24
45.1	45.25
45.5	45.26
45.6	45.27
45.1	45.28
45.6	45.29
45.1	45.30
45.1	45.31
45.6	45.32
45.7	45.33
45.6	45.34
45.3	45.35
45.1	45.36
45.8	45.37
45.1	45.38
45.3	45.39
45.3	45.40
45.6	45.41
45.1	45.42
45.6	45.43
45.1	45.44
45.1	45.45
45.1	45.46
45.1	45.47
45.3	45.48
45.1	45.49
45.6	45.50
45.1	45.51
45.6	45.52
45.6	45.53
45.1	45.54
45.1	45.55
45.2	45.56
45.6	45.57
45.6	45.58
45.1	45.59
45.6	45.60
45.6	45.61
45.6	45.62
45.3	45.63
45.6	45.64
46.1	46.1
46.1	46.2
46.6	46.3
46.1	46.4
46.1	46.5
46.1	46.6
46.1	46.7
46.1	46.8
46.1	46.9
46.1	46.10
46.5	46.11
46.5	46.12
46.1	46.13
46.1	46.14
46.1	46.15
46.1	46.16
46.5	46.17
46.5	46.18
46.1	46.19
46.5	46.20
46.5	46.21
46.1	46.22
46.1	46.23
46.5	46.24
46.5	46.25
46.4	46.26
46.1	46.27
46.1	46.28
46.1	46.29
46.1	46.30
46.1	46.31
46.1	46.32
46.1	46.33
46.5	46.34
46.1	46.35
46.1	46.36
46.1	46.37
46.5	46.38
46.1	46.39
46.1	46.40
46.5	46.41
46.2	46.42
46.4	46.43
46.1	46.44
46.1	46.45
46.6	46.46
46.1	46.47
46.1	46.48
46.5	46.49
46.1	46.50
46.4	46.51
46.5	46.52
46.1	46.53
46.3	46.54
46.5	46.55
46.1	46.56
46.5	46.57
46.1	46.58
46.6	46.59
46.1	46.60
46.6	46.61
46.1	46.62
46.1	46.63
46.1	46.64
47.7	47.1
47.6	47.2
47.8	47.3
47.6	47.4
47.1	47.5
47.1	47.6
47.8	47.7
47.7	47.8
47.6	47.9
47.8	47.10
47.7	47.11
47.6	47.12
47.7	47.13
47.7	47.14
47.1	47.15
47.1	47.16
47.6	47.17
47.1	47.18
47.7	47.19
47.8	47.20
47.8	47.21
47.7	47.22
47.1	47.23
47.9	47.24
47.7	47.25
47.6	47.26
47.1	47.27
47.9	47.28
47.7	47.29
47.1	47.30
47.7	47.31
47.1	47.32
47.8	47.33
47.6	47.34
47.1	47.35
47.5	47.36
47.8	47.37
47.7	47.38
47.1	47.39
47.7	47.40
47.7	47.41
47.1	47.42
47.4	47.43
47.1	47.44
47.7	47.45
47.1	47.46
47.1	47.47
47.7	47.48
47.8	47.49
47.7	47.50
47.7	47.51
47.2	47.52
47.1	47.53
47.6	47.54
47.4	47.55
47.1	47.56
47.1	47.57
47.6	47.58
47.1	47.59
47.3	47.60
47.6	47.61
47.7	47.62
47.8	47.63
47.7	47.64
48.4	48.1
48.6	48.2
48.1	48.3
48.4	48.4
48.4	48.5
48.1	48.6
48.6	48.7
48.6	48.8
48.7	48.9
48.1	48.10
48.5	48.11
48.4	48.12
48.4	48.13
48.9	48.14
48.6	48.15
48.6	48.16
48.1	48.17
48.5	48.18
48.6	48.19
48.1	48.20
48.6	48.21
48.7	48.22
48.1	48.23
48.7	48.24
48.1	48.25
48.7	48.26
48.1	48.27
48.6	48.28
48.6	48.29
48.2	48.30
48.1	48.31
48.6	48.32
48.9	48.33
48.4	48.34
48.6	48.35
48.6	48.36
48.7	48.37
48.7	48.38
48.6	48.39
48.1	48.40
48.1	48.41
48.4	48.42
48.6	48.43
48.6	48.44
48.4	48.45
48.8	48.46
48.1	48.47
48.7	48.48
48.9	48.49
48.3	48.50
48.6	48.51
48.1	48.52
48.6	48.53
48.1	48.54
48.4	48.55
48.4	48.56
48.6	48.57
48.4	48.58
48.4	48.59
48.4	48.60
48.4	48.61
48.4	48.62
48.4	48.63
48.1	48.64
49.8	49.1
49.8	49.2
49.4	49.3
49.4	49.4
49.1	49.5
49.7	49.6
49.8	49.7
49.4	49.8
49.7	49.9
49.7	49.10
49.2	49.11
49.4	49.12
49.4	49.13
49.5	49.14
49.7	49.15
49.1	49.16
49.8	49.17
49.5	49.18
49.7	49.19
49.4	49.20
49.8	49.21
49.1	49.22
49.4	49.23
49.4	49.24
49.4	49.25
49.7	49.26
49.4	49.27
49.4	49.28
49.8	49.29
49.8	49.30
49.4	49.31
49.8	49.32
49.1	49.33
49.4	49.34
49.4	49.35
49.8	49.36
49.8	49.37
49.8	49.38
49.4	49.39
49.7	49.40
49.5	49.41
49.7	49.42
49.8	49.43
49.4	49.44
49.8	49.45
49.1	49.46
49.4	49.47
49.4	49.48
49.8	49.49
49.4	49.50
49.3	49.51
49.4	49.52
49.8	49.53
49.5	49.54
49.8	49.55
49.4	49.56
49.5	49.57
49.7	49.58
49.4	49.59
49.4	49.60
49.4	49.61
49.1	49.62
49.5	49.63
49.6	49.64
50.6	50.1
50.6	50.2
50.7	50.3
50.6	50.4
50.7	50.5
50.6	50.6
50.6	50.7
50.6	50.8
50.6	50.9
50.6	50.10
50.7	50.11
50.7	50.12
50.6	50.13
50.6	50.14
50.6	50.15
50.7	50.16
50.7	50.17
50.7	50.18
50.6	50.19
50.7	50.20
50.6	50.21
50.7	50.22
50.7	50.23
50.6	50.24
50.6	50.25
50.7	50.26
50.7	50.27
50.6	50.28
50.6	50.29
50.3	50.30
50.7	50.31
50.6	50.32
50.7	50.33
50.7	50.34
50.6	50.35
50.6	50.36
50.6	50.37
50.6	50.38
50.5	50.39
50.6	50.40
50.6	50.41
50.4	50.42
50.4	50.43
50.7	50.44
50.6	50.45
50.6	50.46
50.6	50.47
50.4	50.48
50.7	50.49
50.6	50.50
50.4	50.51
50.6	50.52
50.7	50.53
50.6	50.54
50.6	50.55
50.6	50.56
50.7	50.57
50.2	50.58
50.6	50.59
50.1	50.60
50.4	50.61
50.6	50.62
50.6	50.63
50.6	50.64
51.6	51.1
51.5	51.2
51.1	51.3
51.4	51.4
51.6	51.5
51.1	51.6
51.1	51.7
51.6	51.8
51.5	51.9
51.5	51.10
51.5	51.11
51.4	51.12
51.1	51.13
51.6	51.14
51.6	51.15
51.1	51.16
51.5	51.17
51.5	51.18
51.1	51.19
51.5	51.20
51.3	51.21
51.1	51.22
51.4	51.23
51.1	51.24
51.4	51.25
51.1	51.26
51.5	51.27
51.7	51.28
51.6	51.29
51.4	51.30
51.1	51.31
51.1	51.32
51.5	51.33
51.2	51.34
51.1	51.35
51.1	51.36
51.6	51.37
51.1	51.38
51.1	51.39
51.1	51.40
51.1	51.41
51.1	51.42
51.4	51.43
51.5	51.44
51.4	51.45
51.5	51.46
51.6	51.47
51.1	51.48
51.5	51.49
51.5	51.50
51.6	51.51
51.4	51.52
51.5	51.53
51.1	51.54
51.1	51.55
51.5	51.56
51.5	51.57
51.7	51.58
51.1	51.59
51.4	51.60
51.5	51.61
51.5	51.62
51.6	51.63
51.4	51.64
52.1	52.1
52.1	52.2
52.7	52.3
52.7	52.4
52.7	52.5
52.7	52.6
52.10	52.7
52.1	52.8
52.1	52.9
52.9	52.10
52.6	52.11
52.1	52.12
52.7	52.13
52.1	52.14
52.7	52.15
52.7	52.16
52.1	52.17
52.7	52.18
52.7	52.19
52.1	52.20
52.6	52.21
52.1	52.22
52.9	52.23
52.7	52.24
52.7	52.25
52.1	52.26
52.1	52.27
52.7	52.28
52.1	52.29
52.7	52.30
52.7	52.31
52.5	52.32
52.6	52.33
52.7	52.34
52.7	52.35
52.6	52.36
52.7	52.37
52.10	52.38
52.7	52.39
52.7	52.40
52.1	52.41
52.10	52.42
52.1	52.43
52.7	52.44
52.7	52.45
52.7	52.46
52.3	52.47
52.7	52.48
52.7	52.49
52.1	52.50
52.10	52.51
52.1	52.52
52.2	52.53
52.11	52.54
52.1	52.55
52.7	52.56
52.4	52.57
52.8	52.58
52.7	52.59
52.6	52.60
52.6	52.61
52.5	52.62
52.1	52.63
52.7	52.64
53.5	53.1
53.8	53.2
53.7	53.3
53.7	53.4
53.5	53.5
53.7	53.6
53.1	53.7
53.9	53.8
53.7	53.9
53.5	53.10
53.8	53.11
53.1	53.12
53.1	53.13
53.1	53.14
53.9	53.15
53.7	53.16
53.5	53.17
53.9	53.18
53.1	53.19
53.8	53.20
53.7	53.21
53.7	53.22
53.7	53.23
53.4	53.24
53.1	53.25
53.5	53.26
53.5	53.27
53.9	53.28
53.1	53.29
53.1	53.30
53.3	53.31
53.8	53.32
53.9	53.33
53.7	53.34
53.1	53.35
53.1	53.36
53.7	53.37
53.1	53.38
53.3	53.39
53.5	53.40
53.1	53.41
53.8	53.42
53.6	53.43
53.8	53.44
53.9	53.45
53.5	53.46
53.7	53.47
53.1	53.48
53.8	53.49
53.1	53.50
53.8	53.51
53.2	53.52
53.5	53.53
53.1	53.54
53.8	53.55
53.8	53.56
53.1	53.57
53.5	53.58
53.5	53.59
53.8	53.60
53.5	53.61
53.8	53.62
53.5	53.63
53.1	53.64
54.7	54.1
54.4	54.2
54.4	54.3
54.7	54.4
54.7	54.5
54.8	54.6
54.7	54.7
54.7	54.8
54.7	54.9
54.7	54.10
54.8	54.11
54.7	54.12
54.6	54.13
54.1	54.14
54.7	54.15
54.7	54.16
54.4	54.17
54.8	54.18
54.7	54.19
54.4	54.20
54.7	54.21
54.4	54.22
54.4	54.23
54.3	54.24
54.6	54.25
54.6	54.26
54.4	54.27
54.7	54.28
54.4	54.29
54.7	54.30
54.4	54.31
54.8	54.32
54.4	54.33
54.8	54.34
54.7	54.35
54.8	54.36
54.4	54.37
54.7	54.38
54.8	54.39
54.7	54.40
54.1	54.41
54.7	54.42
54.6	54.43
54.2	54.44
54.1	54.45
54.4	54.46
54.4	54.47
54.5	54.48
54.7	54.49
54.8	54.50
54.4	54.51
54.4	54.52
54.7	54.53
54.1	54.54
54.4	54.55
54.7	54.56
54.4	54.57
54.7	54.58
54.5	54.59
54.5	54.60
54.4	54.61
54.7	54.62
54.8	54.63
54.7	54.64
55.4	55.1
55.1	55.2
55.5	55.3
55.1	55.4
55.4	55.5
55.5	55.6
55.4	55.7
55.4	55.8
55.3	55.9
55.4	55.10
55.1	55.11
55.5	55.12
55.1	55.13
55.4	55.14
55.4	55.15
55.4	55.16
55.5	55.17
55.4	55.18
55.1	55.19
55.3	55.20
55.4	55.21
55.1	55.22
55.2	55.23
55.4	55.24
55.4	55.25
55.1	55.26
55.4	55.27
55.1	55.28
55.4	55.29
55.5	55.30
55.5	55.31
55.1	55.32
55.4	55.33
55.4	55.34
55.4	55.35
55.1	55.36
55.1	55.37
55.3	55.38
55.1	55.39
55.1	55.40
55.5	55.41
55.4	55.42
55.4	55.43
55.4	55.44
55.4	55.45
55.4	55.46
55.1	55.47
55.1	55.48
55.5	55.49
55.4	55.50
55.1	55.51
55.4	55.52
55.1	55.53
55.1	55.54
55.1	55.55
55.4	55.56
55.4	55.57
55.1	55.58
55.1	55.59
55.1	55.60
55.1	55.61
55.1	55.62
55.4	55.63
55.4	55.64
56.7	56.1
56.7	56.2
56.7	56.3
56.1	56.4
56.3	56.5
56.2	56.6
56.4	56.7
56.1	56.8
56.1	56.9
56.7	56.10
56.1	56.11
56.7	56.12
56.1	56.13
56.1	56.14
56.4	56.15
56.1	56.16
56.7	56.17
56.1	56.18
56.9	56.19
56.1	56.20
56.1	56.21
56.3	56.22
56.1	56.23
56.1	56.24
56.1	56.25
56.1	56.26
56.7	56.27
56.1	56.28
56.7	56.29
56.7	56.30
56.6	56.31
56.9	56.32
56.7	56.33
56.7	56.34
56.7	56.35
56.1	56.36
56.4	56.37
56.4	56.38
56.7	56.39
56.1	56.40
56.9	56.41
56.1	56.42
56.7	56.43
56.7	56.44
56.1	56.45
56.1	56.46
56.7	56.47
56.1	56.48
56.9	56.49
56.7	56.50
56.7	56.51
56.1	56.52
56.3	56.53
56.4	56.54
56.6	56.55
56.1	56.56
56.7	56.57
56.8	56.58
56.5	56.59
56.9	56.60
56.1	56.61
56.7	56.62
56.7	56.63
56.1	56.64
57.7	57.1
57.7	57.2
57.7	57.3
57.7	57.4
57.7	57.5
57.7	57.6
57.7	57.7
57.7	57.8
57.7	57.9
57.7	57.10
57.7	57.11
57.7	57.12
57.7	57.13
57.7	57.14
57.1	57.15
57.7	57.16
57.1	57.17
57.7	57.18
57.7	57.19
57.1	57.20
57.7	57.21
57.5	57.22
57.7	57.23
57.7	57.24
57.7	57.25
57.7	57.26
57.7	57.27
57.7	57.28
57.2	57.29
57.7	57.30
57.7	57.31
57.7	57.32
57.7	57.33
57.7	57.34
57.7	57.35
57.7	57.36
57.3	57.37
57.7	57.38
57.7	57.39
57.1	57.40
57.1	57.41
57.1	57.42
57.7	57.43
57.7	57.44
57.7	57.45
57.7	57.46
57.1	57.47
57.7	57.48
57.6	57.49
57.7	57.50
57.7	57.51
57.1	57.52
57.1	57.53
57.1	57.54
57.7	57.55
57.7	57.56
57.6	57.57
57.1	57.58
57.7	57.59
57.1	57.60
57.4	57.61
57.7	57.62
57.7	57.63
57.1	57.64
58.8	58.1
58.8	58.2
58.7	58.3
58.8	58.4
58.1	58.5
58.8	58.6
58.1	58.7
58.1	58.8
58.8	58.9
58.1	58.10
58.8	58.11
58.1	58.12
58.1	58.13
58.9	58.14
58.8	58.15
58.6	58.16
58.1	58.17
58.1	58.18
58.3	58.19
58.4	58.20
58.1	58.21
58.9	58.22
58.1	58.23
58.8	58.24
58.7	58.25
58.7	58.26
58.1	58.27
58.1	58.28
58.1	58.29
58.8	58.30
58.7	58.31
58.1	58.32
58.1	58.33
58.8	58.34
58.8	58.35
58.7	58.36
58.8	58.37
58.7	58.38
58.7	58.39
58.1	58.40
58.8	58.41
58.1	58.42
58.3	58.43
58.4	58.44
58.1	58.45
58.9	58.46
58.1	58.47
58.8	58.48
58.6	58.49
58.8	58.50
58.4	58.51
58.6	58.52
58.1	58.53
58.5	58.54
58.8	58.55
58.8	58.56
58.1	58.57
58.1	58.58
58.7	58.59
58.4	58.60
58.7	58.61
58.1	58.62
58.1	58.63
58.2	58.64
59.5	59.1
59.5	59.2
59.6	59.3
59.5	59.4
59.1	59.5
59.5	59.6
59.1	59.7
59.5	59.8
59.5	59.9
59.1	59.10
59.5	59.11
59.5	59.12
59.1	59.13
59.5	59.14
59.5	59.15
59.1	59.16
59.6	59.17
59.5	59.18
59.5	59.19
59.4	59.20
59.5	59.21
59.5	59.22
59.5	59.23
59.3	59.24
59.5	59.25
59.5	59.26
59.5	59.27
59.6	59.28
59.1	59.29
59.5	59.30
59.5	59.31
59.3	59.32
59.1	59.33
59.4	59.34
59.1	59.35
59.1	59.36
59.3	59.37
59.3	59.38
59.5	59.39
59.1	59.40
59.6	59.41
59.1	59.42
59.1	59.43
59.1	59.44
59.5	59.45
59.5	59.46
59.1	59.47
59.5	59.48
59.1	59.49
59.1	59.50
59.5	59.51
59.5	59.52
59.6	59.53
59.5	59.54
59.5	59.55
59.5	59.56
59.1	59.57
59.3	59.58
59.5	59.59
59.6	59.60
59.6	59.61
59.5	59.62
59.2	59.63
59.5	59.64
60.1	60.1
60.1	60.2
60.1	60.3
60.1	60.4
60.11	60.5
60.1	60.6
60.12	60.7
60.11	60.8
60.11	60.9
60.11	60.10
60.1	60.11
60.1	60.12
60.11	60.13
60.11	60.14
60.1	60.15
60.11	60.16
60.4	60.17
60.1	60.18
60.8	60.19
60.11	60.20
60.1	60.21
60.1	60.22
60.1	60.23
60.11	60.24
60.11	60.25
60.11	60.26
60.11	60.27
60.12	60.28
60.11	60.29
60.3	60.30
60.11	60.31
60.12	60.32
60.9	60.33
60.11	60.34
60.1	60.35
60.2	60.36
60.7	60.37
60.1	60.38
60.5	60.39
60.5	60.40
60.1	60.41
60.10	60.42
60.11	60.43
60.11	60.44
60.3	60.45
60.1	60.46
60.11	60.47
60.1	60.48
60.10	60.49
60.11	60.50
60.1	60.51
60.1	60.52
60.8	60.53
60.1	60.54
60.1	60.55
60.11	60.56
60.11	60.57
60.6	60.58
60.8	60.59
60.1	60.60
60.8	60.61
60.8	60.62
60.8	60.63
60.12	60.64
61.5	61.1
61.1	61.2
61.1	61.3
61.5	61.4
61.1	61.5
61.1	61.6
61.5	61.7
61.5	61.8
61.1	61.9
61.1	61.10
61.5	61.11
61.1	61.12
61.5	61.13
61.1	61.14
61.5	61.15
61.1	61.16
61.1	61.17
61.5	61.18
61.5	61.19
61.5	61.20
61.1	61.21
61.1	61.22
61.5	61.23
61.3	61.24
61.5	61.25
61.1	61.26
61.5	61.27
61.1	61.28
61.4	61.29
61.1	61.30
61.5	61.31
61.5	61.32
61.5	61.33
61.5	61.34
61.1	61.35
61.5	61.36
61.5	61.37
61.1	61.38
61.5	61.39
61.5	61.40
61.5	61.41
61.5	61.42
61.2	61.43
61.4	61.44
61.5	61.45
61.5	61.46
61.5	61.47
61.4	61.48
61.5	61.49
61.1	61.50
61.1	61.51
61.5	61.52
61.1	61.53
61.5	61.54
61.5	61.55
61.5	61.56
61.5	61.57
61.5	61.58
61.5	61.59
61.5	61.60
61.5	61.61
61.5	61.62
61.5	61.63
61.4	61.64
62.4	62.1
62.4	62.2
62.4	62.3
62.4	62.4
62.7	62.5
62.4	62.6
62.1	62.7
62.7	62.8
62.7	62.9
62.4	62.10
62.4	62.11
62.4	62.12
62.1	62.13
62.7	62.14
62.7	62.15
62.3	62.16
62.4	62.17
62.4	62.18
62.7	62.19
62.4	62.20
62.7	62.21
62.4	62.22
62.2	62.23
62.3	62.24
62.3	62.25
62.7	62.26
62.4	62.27
62.7	62.28
62.7	62.29
62.7	62.30
62.5	62.31
62.3	62.32
62.7	62.33
62.7	62.34
62.7	62.35
62.6	62.36
62.4	62.37
62.6	62.38
62.4	62.39
62.7	62.40
62.4	62.41
62.7	62.42
62.3	62.43
62.4	62.44
62.7	62.45
62.4	62.46
62.4	62.47
62.3	62.48
62.3	62.49
62.4	62.50
62.7	62.51
62.7	62.52
62.5	62.53
62.7	62.54
62.4	62.55
62.3	62.56
62.4	62.57
62.3	62.58
62.7	62.59
62.4	62.60
62.7	62.61
62.3	62.62
62.4	62.63
62.7	62.64
63.1	63.1
63.1	63.2
63.5	63.3
63.5	63.4
63.5	63.5
63.5	63.6
63.1	63.7
63.1	63.8
63.1	63.9
63.5	63.10
63.5	63.11
63.1	63.12
63.5	63.13
63.1	63.14
63.5	63.15
63.5	63.16
63.5	63.17
63.1	63.18
63.1	63.19
63.8	63.20
63.1	63.21
63.1	63.22
63.1	63.23
63.8	63.24
63.5	63.25
63.8	63.26
63.5	63.27
63.5	63.28
63.5	63.29
63.1	63.30
63.5	63.31
63.1	63.32
63.5	63.33
63.1	63.34
63.8	63.35
63.5	63.36
63.7	63.37
63.5	63.38
63.5	63.39
63.5	63.40
63.5	63.41
63.1	63.42
63.2	63.43
63.6	63.44
63.7	63.45
63.8	63.46
63.1	63.47
63.8	63.48
63.8	63.49
63.1	63.50
63.3	63.51
63.4	63.52
63.1	63.53
63.5	63.54
63.5	63.55
63.8	63.56
63.1	63.57
63.1	63.58
63.5	63.59
63.1	63.60
63.5	63.61
63.1	63.62
63.5	63.63
63.8	63.64
64.6	64.1
64.7	64.2
64.1	64.3
64.4	64.4
64.4	64.5
64.9	64.6
64.1	64.7
64.1	64.8
64.1	64.9
64.1	64.10
64.9	64.11
64.1	64.12
64.8	64.13
64.8	64.14
64.1	64.15
64.1	64.16
64.1	64.17
64.1	64.18
64.1	64.19
64.1	64.20
64.1	64.21
64.1	64.22
64.1	64.23
64.8	64.24
64.8	64.25
64.7	64.26
64.8	64.27
64.8	64.28
64.5	64.29
64.1	64.30
64.1	64.31
64.8	64.32
64.1	64.33
64.8	64.34
64.4	64.35
64.8	64.36
64.1	64.37
64.1	64.38
64.2	64.39
64.1	64.40
64.8	64.41
64.8	64.42
64.8	64.43
64.1	64.44
64.8	64.45
64.1	64.46
64.3	64.47
64.1	64.48
64.1	64.49
64.7	64.50
64.4	64.51
64.1	64.52
64.8	64.53
64.8	64.54
64.1	64.55
64.4	64.56
64.1	64.57
64.1	64.58
64.1	64.59
64.1	64.60
64.4	64.61
64.8	64.62
64.1	64.63
64.9	64.64
65.6	65.1
65.1	65.2
65.4	65.3
65.1	65.4
65.6	65.5
65.6	65.6
65.6	65.7
65.1	65.8
65.6	65.9
65.1	65.10
65.1	65.11
65.6	65.12
65.1	65.13
65.1	65.14
65.5	65.15
65.1	65.16
65.1	65.17
65.1	65.18
65.6	65.19
65.6	65.20
65.1	65.21
65.1	65.22
65.6	65.23
65.6	65.24
65.1	65.25
65.6	65.26
65.1	65.27
65.5	65.28
65.2	65.29
65.6	65.30
65.1	65.31
65.6	65.32
65.5	65.33
65.1	65.34
65.1	65.35
65.1	65.36
65.5	65.37
65.1	65.38
65.1	65.39
65.1	65.40
65.1	65.41
65.6	65.42
65.6	65.43
65.1	65.44
65.6	65.45
65.6	65.46
65.6	65.47
65.1	65.48
65.1	65.49
65.6	65.50
65.5	65.51
65.1	65.52
65.6	65.53
65.1	65.54
65.1	65.55
65.3	65.56
65.6	65.57
65.6	65.58
65.6	65.59
65.6	65.60
65.6	65.61
65.1	65.62
65.6	65.63
65.6	65.64
66.5	66.1
66.5	66.2
66.5	66.3
66.5	66.4
66.5	66.5
66.5	66.6
66.5	66.7
66.5	66.8
66.5	66.9
66.5	66.10
66.5	66.11
66.5	66.12
66.3	66.13
66.5	66.14
66.5	66.15
66.5	66.16
66.5	66.17
66.5	66.18
66.4	66.19
66.5	66.20
66.5	66.21
66.5	66.22
66.4	66.23
66.4	66.24
66.5	66.25
66.5	66.26
66.5	66.27
66.5	66.28
66.5	66.29
66.5	66.30
66.4	66.31
66.5	66.32
66.4	66.33
66.4	66.34
66.4	66.35
66.1	66.36
66.4	66.37
66.4	66.38
66.5	66.39
66.5	66.40
66.5	66.41
66.5	66.42
66.5	66.43
66.4	66.44
66.4	66.45
66.5	66.46
66.4	66.47
66.5	66.48
66.4	66.49
66.4	66.50
66.4	66.51
66.4	66.52
66.4	66.53
66.1	66.54
66.4	66.55
66.4	66.56
66.5	66.57
66.4	66.58
66.4	66.59
66.1	66.60
66.4	66.61
66.5	66.62
66.2	66.63
66.4	66.64
67.5	67.1
67.4	67.2
67.5	67.3
67.4	67.4
67.1	67.5
67.4	67.6
67.4	67.7
67.4	67.8
67.5	67.9
67.4	67.10
67.1	67.11
67.4	67.12
67.4	67.13
67.1	67.14
67.4	67.15
67.5	67.16
67.5	67.17
67.4	67.18
67.4	67.19
67.5	67.20
67.4	67.21
67.5	67.22
67.1	67.23
67.1	67.24
67.5	67.25
67.5	67.26
67.4	67.27
67.5	67.28
67.4	67.29
67.4	67.30
67.2	67.31
67.5	67.32
67.1	67.33
67.4	67.34
67.5	67.35
67.5	67.36
67.4	67.37
67.5	67.38
67.4	67.39
67.1	67.40
67.4	67.41
67.4	67.42
67.5	67.43
67.5	67.44
67.3	67.45
67.4	67.46
67.4	67.47
67.4	67.48
67.5	67.49
67.1	67.50
67.4	67.51
67.1	67.52
67.1	67.53
67.4	67.54
67.4	67.55
67.4	67.56
67.4	67.57
67.4	67.58
67.5	67.59
67.1	67.60
67.1	67.61
67.1	67.62
67.5	67.63
67.5	67.64
68.4	68.1
68.4	68.2
68.6	68.3
68.4	68.4
68.4	68.5
68.1	68.6
68.4	68.7
68.6	68.8
68.5	68.9
68.6	68.10
68.4	68.11
68.5	68.12
68.6	68.13
68.4	68.14
68.4	68.15
68.1	68.16
68.6	68.17
68.6	68.18
68.6	68.19
68.1	68.20
68.6	68.21
68.1	68.22
68.4	68.23
68.1	68.24
68.4	68.25
68.4	68.26
68.6	68.27
68.5	68.28
68.5	68.29
68.4	68.30
68.4	68.31
68.4	68.32
68.5	68.33
68.4	68.34
68.4	68.35
68.5	68.36
68.3	68.37
68.4	68.38
68.4	68.39
68.4	68.40
68.4	68.41
68.6	68.42
68.6	68.43
68.6	68.44
68.1	68.45
68.5	68.46
68.1	68.47
68.6	68.48
68.6	68.49
68.6	68.50
68.2	68.51
68.4	68.52
68.4	68.53
68.6	68.54
68.4	68.55
68.6	68.56
68.6	68.57
68.1	68.58
68.6	68.59
68.4	68.60
68.4	68.61
68.6	68.62
68.6	68.63
68.6	68.64
69.10	69.1
69.8	69.2
69.10	69.3
69.7	69.4
69.7	69.5
69.4	69.6
69.10	69.7
69.3	69.8
69.7	69.9
69.7	69.10
69.5	69.11
69.5	69.12
69.8	69.13
69.5	69.14
69.2	69.15
69.1	69.16
69.10	69.17
69.10	69.18
69.10	69.19
69.10	69.20
69.4	69.21
69.1	69.22
69.10	69.23
69.8	69.24
69.4	69.25
69.10	69.26
69.8	69.27
69.1	69.28
69.10	69.29
69.4	69.30
69.7	69.31
69.1	69.32
69.7	69.33
69.8	69.34
69.7	69.35
69.8	69.36
69.8	69.37
69.1	69.38
69.7	69.39
69.5	69.40
69.7	69.41
69.8	69.42
69.9	69.43
69.10	69.44
69.3	69.45
69.5	69.46
69.7	69.47
69.7	69.48
69.7	69.49
69.8	69.50
69.7	69.51
69.8	69.52
69.10	69.53
69.5	69.54
69.1	69.55
69.10	69.56
69.8	69.57
69.7	69.58
69.10	69.59
69.6	69.60
69.10	69.61
69.7	69.62
69.1	69.63
69.1	69.64
70.9	70.1
70.1	70.2
70.1	70.3
70.1	70.4
70.1	70.5
70.4	70.6
70.7	70.7
70.9	70.8
70.1	70.9
70.1	70.10
70.1	70.11
70.9	70.12
70.1	70.13
70.8	70.14
70.9	70.15
70.8	70.16
70.9	70.17
70.9	70.18
70.9	70.19
70.1	70.20
70.1	70.21
70.1	70.22
70.1	70.23
70.9	70.24
70.6	70.25
70.6	70.26
70.9	70.27
70.1	70.28
70.9	70.29
70.1	70.30
70.9	70.31
70.3	70.32
70.2	70.33
70.5	70.34
70.1	70.35
70.1	70.36
70.1	70.37
70.1	70.38
70.1	70.39
70.9	70.40
70.1	70.41
70.1	70.42
70.8	70.43
70.8	70.44
70.8	70.45
70.1	70.46
70.1	70.47
70.9	70.48
70.9	70.49
70.9	70.50
70.9	70.51
70.9	70.52
70.6	70.53
70.7	70.54
70.9	70.55
70.6	70.56
70.8	70.57
70.9	70.58
70.1	70.59
70.9	70.60
70.1	70.61
70.9	70.62
70.1	70.63
70.1	70.64
71.4	71.1
71.1	71.2
71.1	71.3
71.6	71.4
71.1	71.5
71.1	71.6
71.1	71.7
71.1	71.8
71.6	71.9
71.1	71.10
71.6	71.11
71.1	71.12
71.1	71.13
71.6	71.14
71.1	71.15
71.1	71.16
71.6	71.17
71.6	71.18
71.1	71.19
71.1	71.20
71.1	71.21
71.4	71.22
71.6	71.23
71.1	71.24
71.4	71.25
71.5	71.26
71.5	71.27
71.1	71.28
71.1	71.29
71.1	71.30
71.6	71.31
71.1	71.32
71.4	71.33
71.6	71.34
71.1	71.35
71.2	71.36
71.6	71.37
71.1	71.38
71.6	71.39
71.5	71.40
71.6	71.41
71.5	71.42
71.1	71.43
71.3	71.44
71.6	71.45
71.1	71.46
71.1	71.47
71.6	71.48
71.5	71.49
71.5	71.50
71.1	71.51
71.5	71.52
71.6	71.53
71.1	71.54
71.6	71.55
71.1	71.56
71.5	71.57
71.4	71.58
71.5	71.59
71.3	71.60
71.6	71.61
71.6	71.62
71.1	71.63
71.6	71.64
72.5	72.1
72.8	72.2
72.5	72.3
72.5	72.4
72.4	72.5
72.4	72.6
72.5	72.7
72.5	72.8
72.1	72.9
72.1	72.10
72.1	72.11
72.2	72.12
72.1	72.13
72.6	72.14
72.1	72.15
72.1	72.16
72.5	72.17
72.3	72.18
72.5	72.19
72.4	72.20
72.1	72.21
72.1	72.22
72.4	72.23
72.1	72.24
72.4	72.25
72.1	72.26
72.4	72.27
72.6	72.28
72.8	72.29
72.3	72.30
72.1	72.31
72.1	72.32
72.8	72.33
72.1	72.34
72.4	72.35
72.5	72.36
72.5	72.37
72.5	72.38
72.4	72.39
72.1	72.40
72.6	72.41
72.1	72.42
72.1	72.43
72.8	72.44
72.8	72.45
72.1	72.46
72.1	72.47
72.9	72.48
72.6	72.49
72.7	72.50
72.5	72.51
72.5	72.52
72.5	72.53
72.1	72.54
72.4	72.55
72.8	72.56
72.5	72.57
72.4	72.58
72.5	72.59
72.7	72.60
72.5	72.61
72.4	72.62
72.7	72.63
72.8	72.64
73.7	73.1
73.3	73.2
73.4	73.3
73.8	73.4
73.2	73.5
73.4	73.6
73.3	73.7
73.4	73.8
73.4	73.9
73.8	73.10
73.3	73.11
73.3	73.12
73.7	73.13
73.8	73.14
73.8	73.15
73.4	73.16
73.8	73.17
73.4	73.18
73.3	73.19
73.4	73.20
73.4	73.21
73.3	73.22
73.3	73.23
73.1	73.24
73.7	73.25
73.8	73.26
73.4	73.27
73.6	73.28
73.7	73.29
73.8	73.30
73.7	73.31
73.7	73.32
73.4	73.33
73.8	73.34
73.4	73.35
73.4	73.36
73.7	73.37
73.4	73.38
73.1	73.39
73.3	73.40
73.8	73.41
73.8	73.42
73.3	73.43
73.1	73.44
73.8	73.45
73.7	73.46
73.3	73.47
73.1	73.48
73.4	73.49
73.3	73.50
73.8	73.51
73.8	73.52
73.4	73.53
73.7	73.54
73.7	73.55
73.1	73.56
73.4	73.57
73.4	73.58
73.7	73.59
73.7	73.60
73.7	73.61
73.4	73.62
73.5	73.63
73.3	73.64
74.1	74.1
74.4	74.2
74.1	74.3
74.6	74.4
74.1	74.5
74.4	74.6
74.6	74.7
74.7	74.8
74.1	74.9
74.4	74.10
74.1	74.11
74.1	74.12
74.1	74.13
74.1	74.14
74.1	74.15
74.4	74.16
74.1	74.17
74.1	74.18
74.4	74.19
74.1	74.20
74.4	74.21
74.6	74.22
74.4	74.23
74.1	74.24
74.4	74.25
74.6	74.26
74.6	74.27
74.4	74.28
74.1	74.29
74.1	74.30
74.1	74.31
74.4	74.32
74.1	74.33
74.4	74.34
74.4	74.35
74.1	74.36
74.6	74.37
74.4	74.38
74.4	74.39
74.4	74.40
74.7	74.41
74.4	74.42
74.1	74.43
74.1	74.44
74.1	74.45
74.6	74.46
74.4	74.47
74.4	74.48
74.7	74.49
74.3	74.50
74.5	74.51
74.6	74.52
74.1	74.53
74.4	74.54
74.6	74.55
74.6	74.56
74.4	74.57
74.1	74.58
74.4	74.59
74.2	74.60
74.4	74.61
74.6	74.62
74.4	74.63
74.5	74.64
75.8	75.1
75.1	75.2
75.1	75.3
75.8	75.4
75.1	75.5
75.8	75.6
75.6	75.7
75.1	75.8
75.1	75.9
75.1	75.10
75.8	75.11
75.8	75.12
75.8	75.13
75.1	75.14
75.8	75.15
75.6	75.16
75.9	75.17
75.8	75.18
75.1	75.19
75.2	75.20
75.8	75.21
75.8	75.22
75.8	75.23
75.4	75.24
75.3	75.25
75.8	75.26
75.6	75.27
75.8	75.28
75.3	75.29
75.6	75.30
75.1	75.31
75.8	75.32
75.8	75.33
75.1	75.34
75.8	75.35
75.8	75.36
75.1	75.37
75.1	75.38
75.7	75.39
75.8	75.40
75.1	75.41
75.1	75.42
75.1	75.43
75.6	75.44
75.5	75.45
75.5	75.46
75.7	75.47
75.1	75.48
75.1	75.49
75.6	75.50
75.6	75.51
75.9	75.52
75.1	75.53
75.1	75.54
75.1	75.55
75.6	75.56
75.5	75.57
75.1	75.58
75.8	75.59
75.8	75.60
75.9	75.61
75.6	75.62
75.9	75.63
75.1	75.64
76.1	76.1
76.4	76.2
76.1	76.3
76.4	76.4
76.4	76.5
76.4	76.6
76.4	76.7
76.4	76.8
76.4	76.9
76.6	76.10
76.4	76.11
76.4	76.12
76.1	76.13
76.1	76.14
76.4	76.15
76.1	76.16
76.1	76.17
76.4	76.18
76.4	76.19
76.4	76.20
76.5	76.21
76.4	76.22
76.1	76.23
76.1	76.24
76.4	76.25
76.4	76.26
76.4	76.27
76.4	76.28
76.4	76.29
76.4	76.30
76.1	76.31
76.1	76.32
76.4	76.33
76.4	76.34
76.4	76.35
76.6	76.36
76.4	76.37
76.4	76.38
76.4	76.39
76.1	76.40
76.1	76.41
76.4	76.42
76.1	76.43
76.6	76.44
76.4	76.45
76.1	76.46
76.4	76.47
76.1	76.48
76.1	76.49
76.6	76.50
76.4	76.51
76.1	76.52
76.1	76.53
76.6	76.54
76.2	76.55
76.4	76.56
76.4	76.57
76.4	76.58
76.4	76.59
76.4	76.60
76.1	76.61
76.3	76.62
76.1	76.63
76.4	76.64
77.7	77.1
77.9	77.2
77.1	77.3
77.1	77.4
77.1	77.5
77.1	77.6
77.1	77.7
77.1	77.8
77.1	77.9
77.9	77.10
77.1	77.11
77.9	77.12
77.1	77.13
77.1	77.14
77.1	77.15
77.1	77.16
77.2	77.17
77.1	77.18
77.1	77.19
77.7	77.20
77.9	77.21
77.1	77.22
77.9	77.23
77.1	77.24
77.1	77.25
77.9	77.26
77.6	77.27
77.1	77.28
77.4	77.29
77.9	77.30
77.1	77.31
77.1	77.32
77.9	77.33
77.8	77.34
77.6	77.35
77.1	77.36
77.1	77.37
77.9	77.38
77.6	77.39
77.6	77.40
77.9	77.41
77.1	77.42
77.1	77.43
77.1	77.44
77.5	77.45
77.9	77.46
77.5	77.47
77.5	77.48
77.1	77.49
77.7	77.50
77.1	77.51
77.9	77.52
77.4	77.53
77.3	77.54
77.1	77.55
77.7	77.56
77.6	77.57
77.1	77.58
77.1	77.59
77.1	77.60
77.1	77.61
77.1	77.62
77.1	77.63
77.9	77.64
78.15	78.1
78.1	78.2
78.8	78.3
78.11	78.4
78.6	78.5
78.16	78.6
78.6	78.7
78.2	78.8
78.11	78.9
78.6	78.10
78.7	78.11
78.1	78.12
78.13	78.13
78.11	78.14
78.8	78.15
78.6	78.16
78.6	78.17
78.17	78.18
78.8	78.19
78.9	78.20
78.9	78.21
78.14	78.22
78.6	78.23
78.8	78.24
78.14	78.25
78.9	78.26
78.6	78.27
78.8	78.28
78.8	78.29
78.8	78.30
78.6	78.31
78.8	78.32
78.14	78.33
78.8	78.34
78.6	78.35
78.8	78.36
78.4	78.37
78.14	78.38
78.6	78.39
78.1	78.40
78.6	78.41
78.8	78.42
78.12	78.43
78.8	78.44
78.6	78.45
78.6	78.46
78.3	78.47
78.8	78.48
78.6	78.49
78.16	78.50
78.16	78.51
78.8	78.52
78.10	78.53
78.11	78.54
78.8	78.55
78.5	78.56
78.8	78.57
78.6	78.58
78.14	78.59
78.7	78.60
78.6	78.61
78.11	78.62
78.14	78.63
78.6	78.64
79.4	79.1
79.4	79.2
79.4	79.3
79.1	79.4
79.1	79.5
79.1	79.6
79.1	79.7
79.1	79.8
79.1	79.9
79.1	79.10
79.1	79.11
79.4	79.12
79.1	79.13
79.3	79.14
79.1	79.15
79.1	79.16
79.4	79.17
79.1	79.18
79.1	79.19
79.1	79.20
79.1	79.21
79.1	79.22
79.1	79.23
79.1	79.24
79.1	79.25
79.4	79.26
79.4	79.27
79.4	79.28
79.1	79.29
79.1	79.30
79.1	79.31
79.1	79.32
79.5	79.33
79.5	79.34
79.1	79.35
79.4	79.36
79.4	79.37
79.2	79.38
79.4	79.39
79.1	79.40
79.1	79.41
79.5	79.42
79.4	79.43
79.4	79.44
79.4	79.45
79.1	79.46
79.1	79.47
79.1	79.48
79.4	79.49
79.5	79.50
79.1	79.51
79.1	79.52
79.1	79.53
79.1	79.54
79.1	79.55
79.1	79.56
79.5	79.57
79.4	79.58
79.1	79.59
79.1	79.60
79.1	79.61
79.1	79.62
79.1	79.63
79.1	79.64
80.6	80.1
80.6	80.2
80.5	80.3
80.6	80.4
80.6	80.5
80.1	80.6
80.6	80.7
80.2	80.8
80.1	80.9
80.1	80.10
80.1	80.11
80.6	80.12
80.1	80.13
80.1	80.14
80.5	80.15
80.6	80.16
80.6	80.17
80.1	80.18
80.6	80.19
80.6	80.20
80.7	80.21
80.1	80.22
80.6	80.23
80.1	80.24
80.1	80.25
80.6	80.26
80.6	80.27
80.1	80.28
80.6	80.29
80.6	80.30
80.1	80.31
80.5	80.32
80.6	80.33
80.1	80.34
80.6	80.35
80.6	80.36
80.6	80.37
80.1	80.38
80.6	80.39
80.6	80.40
80.1	80.41
80.6	80.42
80.6	80.43
80.5	80.44
80.1	80.45
80.1	80.46
80.1	80.47
80.6	80.48
80.1	80.49
80.5	80.50
80.6	80.51
80.1	80.52
80.6	80.53
80.4	80.54
80.6	80.55
80.6	80.56
80.6	80.57
80.6	80.58
80.1	80.59
80.6	80.60
80.1	80.61
80.3	80.62
80.6	80.63
80.6	80.64
81.1	81.1
81.6	81.2
81.6	81.3
81.5	81.4
81.6	81.5
81.5	81.6
81.5	81.7
81.6	81.8
81.6	81.9
81.6	81.10
81.5	81.11
81.5	81.12
81.1	81.13
81.6	81.14
81.5	81.15
81.6	81.16
81.5	81.17
81.6	81.18
81.4	81.19
81.1	81.20
81.5	81.21
81.5	81.22
81.6	81.23
81.6	81.24
81.5	81.25
81.5	81.26
81.1	81.27
81.1	81.28
81.1	81.29
81.1	81.30
81.6	81.31
81.1	81.32
81.5	81.33
81.5	81.34
81.6	81.35
81.5	81.36
81.6	81.37
81.5	81.38
81.5	81.39
81.3	81.40
81.4	81.41
81.6	81.42
81.6	81.43
81.6	81.44
81.6	81.45
81.5	81.46
81.1	81.47
81.6	81.48
81.5	81.49
81.6	81.50
81.1	81.51
81.6	81.52
81.4	81.53
81.5	81.54
81.6	81.55
81.1	81.56
81.6	81.57
81.6	81.58
81.4	81.59
81.5	81.60
81.1	81.61
81.2	81.62
81.6	81.63
81.4	81.64
82.6	82.1
82.1	82.2
82.1	82.3
82.6	82.4
82.1	82.5
82.7	82.6
82.6	82.7
82.1	82.8
82.6	82.9
82.7	82.10
82.1	82.11
82.6	82.12
82.6	82.13
82.1	82.14
82.6	82.15
82.6	82.16
82.8	82.17
82.1	82.18
82.1	82.19
82.6	82.20
82.7	82.21
82.6	82.22
82.2	82.23
82.5	82.24
82.6	82.25
82.1	82.26
82.1	82.27
82.6	82.28
82.1	82.29
82.6	82.30
82.1	82.31
82.6	82.32
82.1	82.33
82.1	82.34
82.6	82.35
82.6	82.36
82.1	82.37
82.6	82.38
82.6	82.39
82.6	82.40
82.1	82.41
82.6	82.42
82.1	82.43
82.6	82.44
82.6	82.45
82.1	82.46
82.1	82.47
82.6	82.48
82.6	82.49
82.8	82.50
82.6	82.51
82.1	82.52
82.1	82.53
82.6	82.54
82.1	82.55
82.8	82.56
82.3	82.57
82.1	82.58
82.8	82.59
82.6	82.60
82.1	82.61
82.4	82.62
82.6	82.63
82.6	82.64
83.9	83.1
83.8	83.2
83.9	83.3
83.9	83.4
83.6	83.5
83.4	83.6
83.1	83.7
83.1	83.8
83.9	83.9
83.1	83.10
83.5	83.11
83.9	83.12
83.9	83.13
83.7	83.14
83.9	83.15
83.9	83.16
83.4	83.17
83.9	83.18
83.8	83.19
83.9	83.20
83.8	83.21
83.10	83.22
83.9	83.23
83.4	83.24
83.10	83.25
83.9	83.26
83.9	83.27
83.4	83.28
83.5	83.29
83.8	83.30
83.9	83.31
83.2	83.32
83.4	83.33
83.7	83.34
83.9	83.35
83.4	83.36
83.9	83.37
83.9	83.38
83.3	83.39
83.8	83.40
83.4	83.41
83.9	83.42
83.1	83.43
83.9	83.44
83.9	83.45
83.8	83.46
83.8	83.47
83.9	83.48
83.9	83.49
83.8	83.50
83.8	83.51
83.8	83.52
83.8	83.53
83.8	83.54
83.9	83.55
83.8	83.56
83.1	83.57
83.8	83.58
83.8	83.59
83.9	83.60
83.8	83.61
83.9	83.62
83.9	83.63
83.1	83.64
84.11	84.1
84.6	84.2
84.11	84.3
84.15	84.4
84.1	84.5
84.12	84.6
84.14	84.7
84.14	84.8
84.11	84.9
84.11	84.10
84.1	84.11
84.11	84.12
84.1	84.13
84.13	84.14
84.1	84.15
84.11	84.16
84.15	84.17
84.7	84.18
84.9	84.19
84.11	84.20
84.15	84.21
84.8	84.22
84.1	84.23
84.11	84.24
84.15	84.25
84.15	84.26
84.9	84.27
84.1	84.28
84.15	84.29
84.1	84.30
84.1	84.31
84.1	84.32
84.3	84.33
84.15	84.34
84.15	84.35
84.8	84.36
84.9	84.37
84.11	84.38
84.11	84.39
84.15	84.40
84.1	84.41
84.1	84.42
84.4	84.43
84.8	84.44
84.8	84.45
84.15	84.46
84.12	84.47
84.9	84.48
84.1	84.49
84.1	84.50
84.2	84.51
84.15	84.52
84.15	84.53
84.5	84.54
84.1	84.55
84.1	84.56
84.1	84.57
84.11	84.58
84.12	84.59
84.10	84.60
84.15	84.61
84.11	84.62
84.8	84.63
84.15	84.64
85.1	85.1
85.1	85.2
85.1	85.3
85.1	85.4
85.1	85.5
85.1	85.6
85.1	85.7
85.1	85.8
85.1	85.9
85.1	85.10
85.1	85.11
85.2	85.12
85.3	85.13
85.4	85.14
85.4	85.15
85.1	85.16
85.1	85.17
85.1	85.18
85.4	85.19
85.1	85.20
85.1	85.21
85.4	85.22
85.1	85.23
85.1	85.24
85.4	85.25
85.1	85.26
85.1	85.27
85.1	85.28
85.5	85.29
85.1	85.30
85.4	85.31
85.1	85.32
85.1	85.33
85.1	85.34
85.1	85.35
85.4	85.36
85.1	85.37
85.1	85.38
85.4	85.39
85.4	85.40
85.1	85.41
85.4	85.42
85.1	85.43
85.1	85.44
85.4	85.45
85.1	85.46
85.1	85.47
85.1	85.48
85.1	85.49
85.1	85.50
85.1	85.51
85.1	85.52
85.1	85.53
85.1	85.54
85.1	85.55
85.1	85.56
85.1	85.57
85.4	85.58
85.4	85.59
85.1	85.60
85.1	85.61
85.4	85.62
85.4	85.63
85.1	85.64
86.4	86.1
86.1	86.2
86.1	86.3
86.1	86.4
86.1	86.5
86.6	86.6
86.1	86.7
86.1	86.8
86.3	86.9
86.3	86.10
86.4	86.11
86.4	86.12
86.1	86.13
86.6	86.14
86.5	86.15
86.6	86.16
86.6	86.17
86.1	86.18
86.6	86.19
86.1	86.20
86.1	86.21
86.6	86.22
86.3	86.23
86.1	86.24
86.1	86.25
86.1	86.26
86.5	86.27
86.6	86.28
86.1	86.29
86.4	86.30
86.3	86.31
86.1	86.32
86.1	86.33
86.6	86.34
86.2	86.35
86.3	86.36
86.3	86.37
86.6	86.38
86.1	86.39
86.4	86.40
86.6	86.41
86.6	86.42
86.3	86.43
86.3	86.44
86.1	86.45
86.1	86.46
86.3	86.47
86.4	86.48
86.3	86.49
86.5	86.50
86.1	86.51
86.6	86.52
86.6	86.53
86.3	86.54
86.3	86.55
86.6	86.56
86.3	86.57
86.6	86.58
86.6	86.59
86.3	86.60
86.3	86.61
86.1	86.62
86.1	86.63
86.1	86.64
87.1	87.1
87.1	87.2
87.1	87.3
87.1	87.4
87.4	87.5
87.1	87.6
87.1	87.7
87.1	87.8
87.4	87.9
87.1	87.10
87.4	87.11
87.1	87.12
87.1	87.13
87.4	87.14
87.1	87.15
87.1	87.16
87.1	87.17
87.1	87.18
87.1	87.19
87.1	87.20
87.1	87.21
87.1	87.22
87.1	87.23
87.1	87.24
87.4	87.25
87.5	87.26
87.1	87.27
87.1	87.28
87.3	87.29
87.1	87.30
87.4	87.31
87.1	87.32
87.1	87.33
87.1	87.34
87.2	87.35
87.1	87.36
87.1	87.37
87.1	87.38
87.1	87.39
87.1	87.40
87.1	87.41
87.1	87.42
87.4	87.43
87.4	87.44
87.1	87.45
87.4	87.46
87.4	87.47
87.1	87.48
87.4	87.49
87.5	87.50
87.4	87.51
87.1	87.52
87.1	87.53
87.4	87.54
87.1	87.55
87.1	87.56
87.4	87.57
87.4	87.58
87.1	87.59
87.1	87.60
87.4	87.61
87.4	87.62
87.1	87.63
87.1	87.64
88.1	88.1
88.1	88.2
88.7	88.3
88.7	88.4
88.8	88.5
88.1	88.6
88.8	88.7
88.8	88.8
88.8	88.9
88.4	88.10
88.8	88.11
88.5	88.12
88.1	88.13
88.9	88.14
88.8	88.15
88.8	88.16
88.7	88.17
88.8	88.18
88.9	88.19
88.9	88.20
88.1	88.21
88.3	88.22
88.7	88.23
88.7	88.24
88.7	88.25
88.7	88.26
88.8	88.27
88.1	88.28
88.4	88.29
88.8	88.30
88.5	88.31
88.6	88.32
88.7	88.33
88.8	88.34
88.9	88.35
88.8	88.36
88.8	88.37
88.8	88.38
88.3	88.39
88.8	88.40
88.7	88.41
88.1	88.42
88.9	88.43
88.6	88.44
88.7	88.45
88.8	88.46
88.8	88.47
88.2	88.48
88.7	88.49
88.8	88.50
88.1	88.51
88.8	88.52
88.8	88.53
88.7	88.54
88.1	88.55
88.1	88.56
88.1	88.57
88.7	88.58
88.8	88.59
88.3	88.60
88.8	88.61
88.7	88.62
88.8	88.63
88.1	88.64
89.1	89.1
89.6	89.2
89.1	89.3
89.5	89.4
89.5	89.5
89.1	89.6
89.6	89.7
89.6	89.8
89.4	89.9
89.4	89.10
89.6	89.11
89.6	89.12
89.6	89.13
89.5	89.14
89.5	89.15
89.5	89.16
89.6	89.17
89.5	89.18
89.5	89.19
89.5	89.20
89.7	89.21
89.1	89.22
89.2	89.23
89.6	89.24
89.5	89.25
89.6	89.26
89.4	89.27
89.1	89.28
89.5	89.29
89.6	89.30
89.7	89.31
89.6	89.32
89.1	89.33
89.3	89.34
89.6	89.35
89.5	89.36
89.7	89.37
89.5	89.38
89.5	89.39
89.5	89.40
89.1	89.41
89.6	89.42
89.4	89.43
89.5	89.44
89.7	89.45
89.6	89.46
89.5	89.47
89.5	89.48
89.6	89.49
89.5	89.50
89.4	89.51
89.6	89.52
89.8	89.53
89.5	89.54
89.6	89.55
89.4	89.56
89.5	89.57
89.4	89.58
89.4	89.59
89.6	89.60
89.5	89.61
89.4	89.62
89.1	89.63
89.6	89.64
90.1	90.1
90.1	90.2
90.1	90.3
90.1	90.4
90.1	90.5
90.7	90.6
90.7	90.7
90.7	90.8
90.7	90.9
90.1	90.10
90.7	90.11
90.1	90.12
90.1	90.13
90.7	90.14
90.1	90.15
90.1	90.16
90.1	90.17
90.7	90.18
90.7	90.19
90.1	90.20
90.7	90.21
90.1	90.22
90.7	90.23
90.1	90.24
90.3	90.25
90.5	90.26
90.1	90.27
90.6	90.28
90.7	90.29
90.1	90.30
90.7	90.31
90.1	90.32
90.7	90.33
90.3	90.34
90.7	90.35
90.1	90.36
90.1	90.37
90.4	90.38
90.7	90.39
90.1	90.40
90.7	90.41
90.7	90.42
90.5	90.43
90.5	90.44
90.7	90.45
90.1	90.46
90.1	90.47
90.1	90.48
90.6	90.49
90.5	90.50
90.7	90.51
90.1	90.52
90.7	90.53
90.1	90.54
90.1	90.55
90.6	90.56
90.7	90.57
90.1	90.58
90.1	90.59
90.6	90.60
90.6	90.61
90.7	90.62
90.7	90.63
90.2	90.64
91.4	91.1
91.2	91.2
91.6	91.3
91.4	91.4
91.2	91.5
91.4	91.6
91.2	91.7
91.2	91.8
91.4	91.9
91.2	91.10
91.2	91.11
91.4	91.12
91.4	91.13
91.2	91.14
91.2	91.15
91.2	91.16
91.4	91.17
91.2	91.18
91.4	91.19
91.2	91.20
91.3	91.21
91.2	91.22
91.6	91.23
91.2	91.24
91.2	91.25
91.2	91.26
91.2	91.27
91.4	91.28
91.3	91.29
91.4	91.30
91.4	91.31
91.4	91.32
91.2	91.33
91.4	91.34
91.4	91.35
91.2	91.36
91.2	91.37
91.6	91.38
91.5	91.39
91.2	91.40
91.2	91.41
91.1	91.42
91.6	91.43
91.3	91.44
91.2	91.45
91.6	91.46
91.6	91.47
91.4	91.48
91.2	91.49
91.6	91.50
91.2	91.51
91.2	91.52
91.4	91.53
91.4	91.54
91.4	91.55
91.4	91.56
91.2	91.57
91.2	91.58
91.4	91.59
91.6	91.60
91.4	91.61
91.2	91.62
91.4	91.63
91.2	91.64
92.1	92.1
92.8	92.2
92.10	92.3
92.1	92.4
92.4	92.5
92.1	92.6
92.9	92.7
92.1	92.8
92.10	92.9
92.9	92.10
92.5	92.11
92.8	92.12
92.1	92.13
92.6	92.14
92.8	92.15
92.5	92.16
92.8	92.17
92.8	92.18
92.1	92.19
92.8	92.20
92.8	92.21
92.1	92.22
92.3	92.23
92.8	92.24
92.5	92.25
92.8	92.26
92.1	92.27
92.10	92.28
92.8	92.29
92.8	92.30
92.10	92.31
92.10	92.32
92.1	92.33
92.10	92.34
92.1	92.35
92.6	92.36
92.1	92.37
92.7	92.38
92.10	92.39
92.8	92.40
92.8	92.41
92.5	92.42
92.5	92.43
92.5	92.44
92.1	92.45
92.1	92.46
92.8	92.47
92.1	92.48
92.1	92.49
92.5	92.50
92.2	92.51
92.1	92.52
92.8	92.53
92.9	92.54
92.5	92.55
92.9	92.56
92.7	92.57
92.8	92.58
92.8	92.59
92.8	92.60
92.1	92.61
92.1	92.62
92.8	92.63
92.5	92.64
93.7	93.1
93.11	93.2
93.10	93.3
93.10	93.4
93.11	93.5
93.11	93.6
93.7	93.7
93.7	93.8
93.7	93.9
93.7	93.10
93.7	93.11
93.7	93.12
93.12	93.13
93.8	93.14
93.11	93.15
93.10	93.16
93.10	93.17
93.7	93.18
93.7	93.19
93.11	93.20
93.10	93.21
93.11	93.22
93.7	93.23
93.7	93.24
93.8	93.25
93.7	93.26
93.11	93.27
93.7	93.28
93.7	93.29
93.10	93.30
93.11	93.31
93.11	93.32
93.2	93.33
93.7	93.34
93.12	93.35
93.9	93.36
93.1	93.37
93.11	93.38
93.10	93.39
93.11	93.40
93.10	93.41
93.10	93.42
93.1	93.43
93.3	93.44
93.1	93.45
93.11	93.46
93.10	93.47
93.7	93.48
93.10	93.49
93.12	93.50
93.10	93.51
93.12	93.52
93.10	93.53
93.6	93.54
93.1	93.55
93.11	93.56
93.11	93.57
93.5	93.58
93.4	93.59
93.7	93.60
93.10	93.61
93.10	93.62
93.1	93.63
93.10	93.64
94.1	94.1
94.1	94.2
94.7	94.3
94.1	94.4
94.1	94.5
94.1	94.6
94.1	94.7
94.5	94.8
94.1	94.9
94.1	94.10
94.1	94.11
94.7	94.12
94.1	94.13
94.7	94.14
94.7	94.15
94.4	94.16
94.1	94.17
94.7	94.18
94.7	94.19
94.5	94.20
94.1	94.21
94.7	94.22
94.7	94.23
94.7	94.24
94.1	94.25
94.1	94.26
94.1	94.27
94.1	94.28
94.7	94.29
94.1	94.30
94.7	94.31
94.6	94.32
94.1	94.33
94.1	94.34
94.1	94.35
94.2	94.36
94.1	94.37
94.2	94.38
94.1	94.39
94.1	94.40
94.7	94.41
94.7	94.42
94.3	94.43
94.1	94.44
94.7	94.45
94.7	94.46
94.1	94.47
94.1	94.48
94.7	94.49
94.1	94.50
94.1	94.51
94.1	94.52
94.6	94.53
94.1	94.54
94.1	94.55
94.1	94.56
94.1	94.57
94.1	94.58
94.1	94.59
94.7	94.60
94.7	94.61
94.1	94.62
94.1	94.63
94.7	94.64
95.1	95.1
95.7	95.2
95.7	95.3
95.5	95.4
95.7	95.5
95.2	95.6
95.7	95.7
95.4	95.8
95.3	95.9
95.7	95.10
95.7	95.11
95.1	95.12
95.6	95.13
95.7	95.14
95.6	95.15
95.4	95.16
95.7	95.17
95.7	95.18
95.1	95.19
95.7	95.20
95.1	95.21
95.1	95.22
95.1	95.23
95.1	95.24
95.1	95.25
95.4	95.26
95.7	95.27
95.1	95.28
95.7	95.29
95.7	95.30
95.1	95.31
95.1	95.32
95.7	95.33
95.1	95.34
95.1	95.35
95.6	95.36
95.1	95.37
95.7	95.38
95.4	95.39
95.4	95.40
95.4	95.41
95.1	95.42
95.1	95.43
95.1	95.44
95.7	95.45
95.1	95.46
95.1	95.47
95.7	95.48
95.7	95.49
95.1	95.50
95.1	95.51
95.1	95.52
95.1	95.53
95.1	95.54
95.4	95.55
95.5	95.56
95.1	95.57
95.4	95.58
95.7	95.59
95.1	95.60
95.1	95.61
95.7	95.62
95.5	95.63
95.7	95.64
96.10	96.1
96.4	96.2
96.1	96.3
96.1	96.4
96.8	96.5
96.5	96.6
96.10	96.7
96.10	96.8
96.1	96.9
96.6	96.10
96.1	96.11
96.5	96.12
96.6	96.13
96.1	96.14
96.3	96.15
96.10	96.16
96.10	96.17
96.5	96.18
96.5	96.19
96.8	96.20
96.4	96.21
96.1	96.22
96.5	96.23
96.5	96.24
96.10	96.25
96.10	96.26
96.4	96.27
96.1	96.28
96.1	96.29
96.5	96.30
96.5	96.31
96.1	96.32
96.5	96.33
96.5	96.34
96.5	96.35
96.5	96.36
96.9	96.37
96.10	96.38
96.1	96.39
96.4	96.40
96.10	96.41
96.1	96.42
96.5	96.43
96.5	96.44
96.1	96.45
96.5	96.46
96.10	96.47
96.5	96.48
96.5	96.49
96.5	96.50
96.1	96.51
96.10	96.52
96.4	96.53
96.2	96.54
96.1	96.55
96.10	96.56
96.10	96.57
96.7	96.58
96.1	96.59
96.9	96.60
96.10	96.61
96.5	96.62
96.6	96.63
96.4	96.64
97.3	97.1
97.1	97.2
97.3	97.3
97.3	97.4
97.1	97.5
97.4	97.6
97.4	97.7
97.1	97.8
97.1	97.9
97.1	97.10
97.3	97.11
97.3	97.12
97.1	97.13
97.3	97.14
97.1	97.15
97.3	97.16
97.1	97.17
97.3	97.18
97.5	97.19
97.1	97.20
97.1	97.21
97.1	97.22
97.1	97.23
97.1	97.24
97.5	97.25
97.5	97.26
97.1	97.27
97.3	97.28
97.1	97.29
97.4	97.30
97.3	97.31
97.1	97.32
97.1	97.33
97.1	97.34
97.4	97.35
97.3	97.36
97.1	97.37
97.1	97.38
97.3	97.39
97.1	97.40
97.2	97.41
97.1	97.42
97.5	97.43
97.1	97.44
97.1	97.45
97.3	97.46
97.4	97.47
97.3	97.48
97.4	97.49
97.3	97.50
97.3	97.51
97.1	97.52
97.3	97.53
97.1	97.54
97.3	97.55
97.3	97.56
97.1	97.57
97.4	97.58
97.3	97.59
97.1	97.60
97.1	97.61
97.3	97.62
97.1	97.63
97.1	97.64
98.7	98.1
98.7	98.2
98.7	98.3
98.7	98.4
98.7	98.5
98.7	98.6
98.11	98.7
98.7	98.8
98.8	98.9
98.7	98.10
98.7	98.11
98.11	98.12
98.7	98.13
98.8	98.14
98.10	98.15
98.7	98.16
98.11	98.17
98.8	98.18
98.7	98.19
98.6	98.20
98.1	98.21
98.7	98.22
98.7	98.23
98.8	98.24
98.7	98.25
98.7	98.26
98.8	98.27
98.5	98.28
98.1	98.29
98.7	98.30
98.1	98.31
98.6	98.32
98.7	98.33
98.7	98.34
98.7	98.35
98.7	98.36
98.1	98.37
98.8	98.38
98.6	98.39
98.8	98.40
98.1	98.41
98.9	98.42
98.8	98.43
98.8	98.44
98.11	98.45
98.7	98.46
98.7	98.47
98.8	98.48
98.8	98.49
98.1	98.50
98.7	98.51
98.11	98.52
98.11	98.53
98.2	98.54
98.7	98.55
98.8	98.56
98.7	98.57
98.3	98.58
98.8	98.59
98.11	98.60
98.4	98.61
98.7	98.62
98.8	98.63
98.8	98.64
99.5	99.1
99.1	99.2
99.5	99.3
99.4	99.4
99.1	99.5
99.1	99.6
99.5	99.7
99.1	99.8
99.5	99.9
99.1	99.10
99.1	99.11
99.1	99.12
99.5	99.13
99.1	99.14
99.4	99.15
99.1	99.16
99.3	99.17
99.1	99.18
99.1	99.19
99.1	99.20
99.5	99.21
99.5	99.22
99.5	99.23
99.2	99.24
99.1	99.25
99.4	99.26
99.4	99.27
99.5	99.28
99.1	99.29
99.5	99.30
99.1	99.31
99.5	99.32
99.1	99.33
99.5	99.34
99.3	99.35
99.1	99.36
99.5	99.37
99.1	99.38
99.1	99.39
99.1	99.40
99.1	99.41
99.1	99.42
99.1	99.43
99.1	99.44
99.1	99.45
99.3	99.46
99.4	99.47
99.1	99.48
99.1	99.49
99.1	99.50
99.1	99.51
99.5	99.52
99.1	99.53
99.1	99.54
99.1	99.55
99.5	99.56
99.1	99.57
99.5	99.58
99.1	99.59
99.1	99.60
99.1	99.61
99.1	99.62
99.5	99.63
99.1	99.64
100.10	100.1
100.6	100.2
100.3	100.3
100.7	100.4
100.10	100.5
100.6	100.6
100.6	100.7
100.3	100.8
100.6	100.9
100.10	100.10
100.3	100.11
100.10	100.12
100.6	100.13
100.9	100.14
100.6	100.15
100.3	100.16
100.10	100.17
100.10	100.18
100.3	100.19
100.6	100.20
100.9	100.21
100.3	100.22
100.12	100.23
100.6	100.24
100.3	100.25
100.6	100.26
100.10	100.27
100.10	100.28
100.6	100.29
100.3	100.30
100.8	100.31
100.3	100.32
100.6	100.33
100.11	100.34
100.1	100.35
100.3	100.36
100.6	100.37
100.6	100.38
100.3	100.39
100.3	100.40
100.3	100.41
100.3	100.42
100.3	100.43
100.6	100.44
100.6	100.45
100.10	100.46
100.3	100.47
100.3	100.48
100.6	100.49
100.3	100.50
100.8	100.51
100.3	100.52
100.5	100.53
100.10	100.54
100.2	100.55
100.10	100.56
100.1	100.57
100.3	100.58
100.4	100.59
100.10	100.60
100.10	100.61
100.3	100.62
100.6	100.63
100.9	100.64