subTopicID	resultID
1.1	1.1
1.1	1.2
1.1	1.3
1.1	1.4
1.4	1.5
1.1	1.6
1.1	1.7
1.1	1.8
1.1	1.9
1.1	1.10
1.1	1.11
1.1	1.12
1.1	1.13
1.1	1.14
1.1	1.15
1.1	1.16
1.1	1.17
1.1	1.18
1.1	1.19
1.1	1.20
1.1	1.21
1.4	1.22
1.1	1.23
1.1	1.24
1.1	1.25
1.1	1.26
1.1	1.27
1.1	1.28
1.1	1.29
1.1	1.30
1.1	1.31
1.1	1.32
1.1	1.33
1.1	1.34
1.1	1.35
1.1	1.36
1.4	1.37
1.1	1.38
1.3	1.39
1.1	1.40
1.1	1.41
1.1	1.42
1.1	1.43
1.1	1.44
1.1	1.45
1.1	1.46
1.1	1.47
1.4	1.48
1.3	1.49
1.3	1.50
1.1	1.51
1.1	1.52
1.1	1.53
1.1	1.54
1.4	1.55
1.1	1.56
1.1	1.57
1.1	1.58
1.4	1.59
1.1	1.60
1.2	1.61
1.1	1.62
1.1	1.63
1.1	1.64
2.9	2.1
2.9	2.2
2.9	2.3
2.9	2.4
2.7	2.5
2.9	2.6
2.9	2.7
2.9	2.8
2.9	2.9
2.9	2.10
2.9	2.11
2.8	2.12
2.9	2.13
2.9	2.14
2.9	2.15
2.9	2.16
2.7	2.17
2.9	2.18
2.9	2.19
2.9	2.20
2.7	2.21
2.4	2.22
2.3	2.23
2.9	2.24
2.9	2.25
2.9	2.26
2.9	2.27
2.1	2.28
2.7	2.29
2.9	2.30
2.9	2.31
2.7	2.32
2.9	2.33
2.9	2.34
2.7	2.35
2.1	2.36
2.9	2.37
2.1	2.38
2.7	2.39
2.2	2.40
2.9	2.41
2.6	2.42
2.9	2.43
2.9	2.44
2.9	2.45
2.6	2.46
2.7	2.47
2.5	2.48
2.9	2.49
2.7	2.50
2.9	2.51
2.9	2.52
2.1	2.53
2.9	2.54
2.9	2.55
2.7	2.56
2.7	2.57
2.1	2.58
2.7	2.59
2.1	2.60
2.9	2.61
2.7	2.62
2.1	2.63
2.7	2.64
3.1	3.1
3.1	3.2
3.1	3.3
3.1	3.4
3.1	3.5
3.1	3.6
3.1	3.7
3.1	3.8
3.1	3.9
3.1	3.10
3.1	3.11
3.1	3.12
3.1	3.13
3.1	3.14
3.1	3.15
3.1	3.16
3.1	3.17
3.1	3.18
3.1	3.19
3.1	3.20
3.1	3.21
3.1	3.22
3.3	3.23
3.1	3.24
3.1	3.25
3.1	3.26
3.3	3.27
3.1	3.28
3.1	3.29
3.1	3.30
3.1	3.31
3.1	3.32
3.1	3.33
3.1	3.34
3.1	3.35
3.1	3.36
3.1	3.37
3.1	3.38
3.5	3.39
3.1	3.40
3.1	3.41
3.1	3.42
3.1	3.43
3.1	3.44
3.1	3.45
3.1	3.46
3.1	3.47
3.1	3.48
3.1	3.49
3.1	3.50
3.4	3.51
3.1	3.52
3.1	3.53
3.1	3.54
3.1	3.55
3.1	3.56
3.1	3.57
3.2	3.58
3.1	3.59
3.1	3.60
3.1	3.61
3.1	3.62
3.1	3.63
3.1	3.64
4.1	4.1
4.5	4.2
4.6	4.3
4.6	4.4
4.6	4.5
4.3	4.6
4.6	4.7
4.6	4.8
4.1	4.9
4.3	4.10
4.1	4.11
4.6	4.12
4.6	4.13
4.6	4.14
4.6	4.15
4.6	4.16
4.1	4.17
4.1	4.18
4.1	4.19
4.6	4.20
4.6	4.21
4.1	4.22
4.4	4.23
4.1	4.24
4.3	4.25
4.6	4.26
4.3	4.27
4.6	4.28
4.6	4.29
4.6	4.30
4.3	4.31
4.1	4.32
4.6	4.33
4.1	4.34
4.1	4.35
4.1	4.36
4.3	4.37
4.6	4.38
4.6	4.39
4.1	4.40
4.1	4.41
4.6	4.42
4.6	4.43
4.3	4.44
4.6	4.45
4.2	4.46
4.6	4.47
4.6	4.48
4.8	4.49
4.1	4.50
4.1	4.51
4.6	4.52
4.6	4.53
4.1	4.54
4.7	4.55
4.1	4.56
4.8	4.57
4.1	4.58
4.8	4.59
4.6	4.60
4.1	4.61
4.6	4.62
4.1	4.63
4.3	4.64
5.1	5.1
5.1	5.2
5.1	5.3
5.1	5.4
5.4	5.5
5.1	5.6
5.6	5.7
5.1	5.8
5.1	5.9
5.1	5.10
5.1	5.11
5.9	5.12
5.9	5.13
5.9	5.14
5.6	5.15
5.1	5.16
5.6	5.17
5.1	5.18
5.8	5.19
5.1	5.20
5.1	5.21
5.9	5.22
5.6	5.23
5.9	5.24
5.7	5.25
5.8	5.26
5.1	5.27
5.9	5.28
5.1	5.29
5.9	5.30
5.1	5.31
5.9	5.32
5.3	5.33
5.1	5.34
5.9	5.35
5.9	5.36
5.1	5.37
5.2	5.38
5.1	5.39
5.1	5.40
5.1	5.41
5.1	5.42
5.1	5.43
5.5	5.44
5.1	5.45
5.1	5.46
5.8	5.47
5.6	5.48
5.1	5.49
5.6	5.50
5.1	5.51
5.1	5.52
5.6	5.53
5.7	5.54
5.6	5.55
5.1	5.56
5.1	5.57
5.1	5.58
5.1	5.59
5.9	5.60
5.9	5.61
5.1	5.62
5.6	5.63
5.1	5.64
6.6	6.1
6.8	6.2
6.8	6.3
6.5	6.4
6.4	6.5
6.1	6.6
6.8	6.7
6.8	6.8
6.6	6.9
6.6	6.10
6.8	6.11
6.8	6.12
6.8	6.13
6.8	6.14
6.8	6.15
6.8	6.16
6.8	6.17
6.8	6.18
6.6	6.19
6.2	6.20
6.7	6.21
6.1	6.22
6.1	6.23
6.7	6.24
6.8	6.25
6.8	6.26
6.8	6.27
6.8	6.28
6.8	6.29
6.8	6.30
6.3	6.31
6.8	6.32
6.6	6.33
6.8	6.34
6.6	6.35
6.8	6.36
6.5	6.37
6.6	6.38
6.6	6.39
6.8	6.40
6.8	6.41
6.8	6.42
6.8	6.43
6.8	6.44
6.8	6.45
6.8	6.46
6.8	6.47
6.6	6.48
6.8	6.49
6.8	6.50
6.8	6.51
6.6	6.52
6.1	6.53
6.8	6.54
6.5	6.55
6.8	6.56
6.6	6.57
6.6	6.58
6.6	6.59
6.6	6.60
6.6	6.61
6.8	6.62
6.6	6.63
6.8	6.64
7.10	7.1
7.10	7.2
7.7	7.3
7.7	7.4
7.3	7.5
7.1	7.6
7.10	7.7
7.9	7.8
7.1	7.9
7.1	7.10
7.10	7.11
7.10	7.12
7.10	7.13
7.1	7.14
7.10	7.15
7.7	7.16
7.10	7.17
7.10	7.18
7.1	7.19
7.10	7.20
7.10	7.21
7.3	7.22
7.7	7.23
7.7	7.24
7.10	7.25
7.10	7.26
7.5	7.27
7.9	7.28
7.1	7.29
7.10	7.30
7.3	7.31
7.3	7.32
7.3	7.33
7.4	7.34
7.10	7.35
7.2	7.36
7.10	7.37
7.1	7.38
7.1	7.39
7.10	7.40
7.9	7.41
7.1	7.42
7.10	7.43
7.7	7.44
7.1	7.45
7.3	7.46
7.1	7.47
7.1	7.48
7.8	7.49
7.10	7.50
7.4	7.51
7.10	7.52
7.7	7.53
7.5	7.54
7.10	7.55
7.1	7.56
7.10	7.57
7.7	7.58
7.6	7.59
7.5	7.60
7.4	7.61
7.3	7.62
7.3	7.63
7.1	7.64
8.3	8.1
8.3	8.2
8.7	8.3
8.6	8.4
8.1	8.5
8.1	8.6
8.5	8.7
8.9	8.8
8.1	8.9
8.6	8.10
8.1	8.11
8.6	8.12
8.1	8.13
8.9	8.14
8.3	8.15
8.9	8.16
8.4	8.17
8.5	8.18
8.1	8.19
8.1	8.20
8.2	8.21
8.5	8.22
8.1	8.23
8.1	8.24
8.7	8.25
8.7	8.26
8.8	8.27
8.6	8.28
8.5	8.29
8.7	8.30
8.5	8.31
8.5	8.32
8.1	8.33
8.7	8.34
8.9	8.35
8.7	8.36
8.7	8.37
8.7	8.38
8.3	8.39
8.5	8.40
8.7	8.41
8.7	8.42
8.5	8.43
8.9	8.44
8.5	8.45
8.1	8.46
8.1	8.47
8.3	8.48
8.7	8.49
8.7	8.50
8.7	8.51
8.5	8.52
8.7	8.53
8.7	8.54
8.7	8.55
8.5	8.56
8.9	8.57
8.5	8.58
8.5	8.59
8.3	8.60
8.5	8.61
8.8	8.62
8.1	8.63
8.1	8.64
9.8	9.1
9.9	9.2
9.11	9.3
9.11	9.4
9.9	9.5
9.1	9.6
9.1	9.7
9.12	9.8
9.1	9.9
9.9	9.10
9.1	9.11
9.1	9.12
9.12	9.13
9.6	9.14
9.9	9.15
9.11	9.16
9.7	9.17
9.11	9.18
9.11	9.19
9.11	9.20
9.11	9.21
9.1	9.22
9.8	9.23
9.1	9.24
9.8	9.25
9.2	9.26
9.6	9.27
9.6	9.28
9.11	9.29
9.1	9.30
9.11	9.31
9.12	9.32
9.3	9.33
9.11	9.34
9.1	9.35
9.1	9.36
9.12	9.37
9.4	9.38
9.10	9.39
9.5	9.40
9.11	9.41
9.3	9.42
9.8	9.43
9.10	9.44
9.8	9.45
9.5	9.46
9.12	9.47
9.1	9.48
9.6	9.49
9.11	9.50
9.1	9.51
9.11	9.52
9.1	9.53
9.1	9.54
9.6	9.55
9.12	9.56
9.11	9.57
9.12	9.58
9.11	9.59
9.9	9.60
9.1	9.61
9.12	9.62
9.1	9.63
9.12	9.64
10.4	10.1
10.4	10.2
10.8	10.3
10.8	10.4
10.4	10.5
10.4	10.6
10.4	10.7
10.7	10.8
10.8	10.9
10.4	10.10
10.4	10.11
10.8	10.12
10.3	10.13
10.4	10.14
10.4	10.15
10.4	10.16
10.12	10.17
10.12	10.18
10.12	10.19
10.12	10.20
10.9	10.21
10.4	10.22
10.7	10.23
10.12	10.24
10.6	10.25
10.6	10.26
10.6	10.27
10.8	10.28
10.4	10.29
10.8	10.30
10.9	10.31
10.6	10.32
10.5	10.33
10.11	10.34
10.12	10.35
10.7	10.36
10.4	10.37
10.4	10.38
10.8	10.39
10.6	10.40
10.4	10.41
10.2	10.42
10.2	10.43
10.4	10.44
10.8	10.45
10.12	10.46
10.8	10.47
10.13	10.48
10.8	10.49
10.8	10.50
10.8	10.51
10.4	10.52
10.7	10.53
10.4	10.54
10.7	10.55
10.8	10.56
10.8	10.57
10.8	10.58
10.8	10.59
10.10	10.60
10.8	10.61
10.1	10.62
10.12	10.63
10.2	10.64
11.7	11.1
11.6	11.2
11.7	11.3
11.7	11.4
11.3	11.5
11.3	11.6
11.7	11.7
11.3	11.8
11.3	11.9
11.7	11.10
11.3	11.11
11.7	11.12
11.7	11.13
11.7	11.14
11.5	11.15
11.7	11.16
11.4	11.17
11.5	11.18
11.3	11.19
11.7	11.20
11.8	11.21
11.1	11.22
11.3	11.23
11.5	11.24
11.7	11.25
11.7	11.26
11.5	11.27
11.7	11.28
11.7	11.29
11.7	11.30
11.3	11.31
11.7	11.32
11.7	11.33
11.7	11.34
11.3	11.35
11.3	11.36
11.7	11.37
11.7	11.38
11.3	11.39
11.5	11.40
11.3	11.41
11.7	11.42
11.3	11.43
11.3	11.44
11.3	11.45
11.3	11.46
11.7	11.47
11.8	11.48
11.3	11.49
11.7	11.50
11.7	11.51
11.7	11.52
11.7	11.53
11.7	11.54
11.7	11.55
11.5	11.56
11.3	11.57
11.5	11.58
11.2	11.59
11.7	11.60
11.3	11.61
11.3	11.62
11.3	11.63
11.7	11.64
12.1	12.1
12.4	12.2
12.5	12.3
12.2	12.4
12.1	12.5
12.1	12.6
12.5	12.7
12.1	12.8
12.1	12.9
12.1	12.10
12.1	12.11
12.1	12.12
12.1	12.13
12.1	12.14
12.1	12.15
12.1	12.16
12.1	12.17
12.1	12.18
12.1	12.19
12.1	12.20
12.1	12.21
12.1	12.22
12.1	12.23
12.1	12.24
12.1	12.25
12.1	12.26
12.5	12.27
12.1	12.28
12.1	12.29
12.1	12.30
12.1	12.31
12.1	12.32
12.1	12.33
12.1	12.34
12.3	12.35
12.1	12.36
12.1	12.37
12.1	12.38
12.1	12.39
12.1	12.40
12.1	12.41
12.1	12.42
12.1	12.43
12.1	12.44
12.1	12.45
12.1	12.46
12.1	12.47
12.1	12.48
12.1	12.49
12.1	12.50
12.1	12.51
12.1	12.52
12.1	12.53
12.1	12.54
12.5	12.55
12.1	12.56
12.1	12.57
12.1	12.58
12.1	12.59
12.1	12.60
12.1	12.61
12.1	12.62
12.1	12.63
12.1	12.64
13.1	13.1
13.1	13.2
13.1	13.3
13.1	13.4
13.1	13.5
13.1	13.6
13.2	13.7
13.1	13.8
13.1	13.9
13.1	13.10
13.1	13.11
13.1	13.12
13.1	13.13
13.1	13.14
13.1	13.15
13.1	13.16
13.1	13.17
13.1	13.18
13.1	13.19
13.1	13.20
13.1	13.21
13.1	13.22
13.1	13.23
13.1	13.24
13.1	13.25
13.1	13.26
13.1	13.27
13.1	13.28
13.1	13.29
13.1	13.30
13.1	13.31
13.1	13.32
13.1	13.33
13.1	13.34
13.1	13.35
13.1	13.36
13.1	13.37
13.1	13.38
13.1	13.39
13.1	13.40
13.1	13.41
13.1	13.42
13.1	13.43
13.1	13.44
13.1	13.45
13.1	13.46
13.1	13.47
13.1	13.48
13.1	13.49
13.1	13.50
13.1	13.51
13.1	13.52
13.1	13.53
13.1	13.54
13.1	13.55
13.1	13.56
13.1	13.57
13.1	13.58
13.1	13.59
13.1	13.60
13.1	13.61
13.1	13.62
13.1	13.63
13.1	13.64
14.10	14.1
14.10	14.2
14.8	14.3
14.10	14.4
14.1	14.5
14.1	14.6
14.3	14.7
14.1	14.8
14.1	14.9
14.1	14.10
14.10	14.11
14.2	14.12
14.1	14.13
14.10	14.14
14.1	14.15
14.10	14.16
14.6	14.17
14.1	14.18
14.5	14.19
14.8	14.20
14.9	14.21
14.7	14.22
14.6	14.23
14.1	14.24
14.11	14.25
14.1	14.26
14.10	14.27
14.7	14.28
14.11	14.29
14.1	14.30
14.8	14.31
14.1	14.32
14.1	14.33
14.4	14.34
14.8	14.35
14.1	14.36
14.10	14.37
14.10	14.38
14.8	14.39
14.10	14.40
14.10	14.41
14.8	14.42
14.1	14.43
14.1	14.44
14.1	14.45
14.11	14.46
14.1	14.47
14.10	14.48
14.6	14.49
14.10	14.50
14.11	14.51
14.10	14.52
14.10	14.53
14.8	14.54
14.8	14.55
14.10	14.56
14.10	14.57
14.10	14.58
14.11	14.59
14.10	14.60
14.8	14.61
14.9	14.62
14.8	14.63
14.10	14.64
15.1	15.1
15.5	15.2
15.8	15.3
15.5	15.4
15.5	15.5
15.10	15.6
15.5	15.7
15.5	15.8
15.5	15.9
15.5	15.10
15.10	15.11
15.5	15.12
15.1	15.13
15.5	15.14
15.5	15.15
15.5	15.16
15.1	15.17
15.5	15.18
15.5	15.19
15.5	15.20
15.5	15.21
15.5	15.22
15.5	15.23
15.1	15.24
15.5	15.25
15.5	15.26
15.5	15.27
15.1	15.28
15.5	15.29
15.5	15.30
15.5	15.31
15.10	15.32
15.5	15.33
15.10	15.34
15.5	15.35
15.5	15.36
15.9	15.37
15.5	15.38
15.10	15.39
15.5	15.40
15.10	15.41
15.5	15.42
15.5	15.43
15.9	15.44
15.5	15.45
15.1	15.46
15.1	15.47
15.7	15.48
15.5	15.49
15.8	15.50
15.1	15.51
15.1	15.52
15.4	15.53
15.2	15.54
15.5	15.55
15.12	15.56
15.1	15.57
15.11	15.58
15.11	15.59
15.6	15.60
15.3	15.61
15.11	15.62
15.11	15.63
15.10	15.64
16.1	16.1
16.7	16.2
16.1	16.3
16.1	16.4
16.1	16.5
16.1	16.6
16.1	16.7
16.1	16.8
16.1	16.9
16.1	16.10
16.1	16.11
16.1	16.12
16.1	16.13
16.1	16.14
16.1	16.15
16.1	16.16
16.8	16.17
16.1	16.18
16.1	16.19
16.1	16.20
16.1	16.21
16.2	16.22
16.1	16.23
16.1	16.24
16.1	16.25
16.1	16.26
16.1	16.27
16.1	16.28
16.4	16.29
16.1	16.30
16.1	16.31
16.1	16.32
16.1	16.33
16.1	16.34
16.9	16.35
16.1	16.36
16.1	16.37
16.1	16.38
16.1	16.39
16.1	16.40
16.1	16.41
16.4	16.42
16.1	16.43
16.1	16.44
16.6	16.45
16.6	16.46
16.1	16.47
16.3	16.48
16.6	16.49
16.6	16.50
16.1	16.51
16.1	16.52
16.1	16.53
16.1	16.54
16.1	16.55
16.5	16.56
16.1	16.57
16.1	16.58
16.1	16.59
16.1	16.60
16.1	16.61
16.6	16.62
16.8	16.63
16.1	16.64
17.4	17.1
17.9	17.2
17.14	17.3
17.14	17.4
17.14	17.5
17.16	17.6
17.14	17.7
17.11	17.8
17.14	17.9
17.6	17.10
17.4	17.11
17.15	17.12
17.4	17.13
17.10	17.14
17.11	17.15
17.4	17.16
17.11	17.17
17.17	17.18
17.4	17.19
17.4	17.20
17.13	17.21
17.5	17.22
17.9	17.23
17.4	17.24
17.14	17.25
17.4	17.26
17.14	17.27
17.17	17.28
17.14	17.29
17.17	17.30
17.8	17.31
17.12	17.32
17.14	17.33
17.11	17.34
17.15	17.35
17.13	17.36
17.14	17.37
17.2	17.38
17.17	17.39
17.7	17.40
17.14	17.41
17.14	17.42
17.4	17.43
17.9	17.44
17.4	17.45
17.4	17.46
17.5	17.47
17.17	17.48
17.7	17.49
17.6	17.50
17.1	17.51
17.7	17.52
17.14	17.53
17.14	17.54
17.7	17.55
17.3	17.56
17.15	17.57
17.4	17.58
17.11	17.59
17.17	17.60
17.14	17.61
17.7	17.62
17.17	17.63
17.14	17.64
18.6	18.1
18.7	18.2
18.1	18.3
18.1	18.4
18.1	18.5
18.1	18.6
18.1	18.7
18.1	18.8
18.1	18.9
18.1	18.10
18.1	18.11
18.1	18.12
18.1	18.13
18.1	18.14
18.1	18.15
18.1	18.16
18.7	18.17
18.1	18.18
18.1	18.19
18.1	18.20
18.1	18.21
18.1	18.22
18.1	18.23
18.1	18.24
18.1	18.25
18.1	18.26
18.7	18.27
18.1	18.28
18.3	18.29
18.1	18.30
18.1	18.31
18.1	18.32
18.1	18.33
18.1	18.34
18.1	18.35
18.1	18.36
18.7	18.37
18.7	18.38
18.1	18.39
18.1	18.40
18.1	18.41
18.7	18.42
18.4	18.43
18.1	18.44
18.7	18.45
18.7	18.46
18.1	18.47
18.1	18.48
18.7	18.49
18.8	18.50
18.5	18.51
18.7	18.52
18.7	18.53
18.7	18.54
18.7	18.55
18.2	18.56
18.1	18.57
18.7	18.58
18.7	18.59
18.7	18.60
18.1	18.61
18.1	18.62
18.7	18.63
18.1	18.64
19.1	19.1
19.1	19.2
19.1	19.3
19.1	19.4
19.1	19.5
19.1	19.6
19.5	19.7
19.1	19.8
19.1	19.9
19.1	19.10
19.1	19.11
19.3	19.12
19.1	19.13
19.1	19.14
19.1	19.15
19.1	19.16
19.1	19.17
19.1	19.18
19.1	19.19
19.1	19.20
19.5	19.21
19.5	19.22
19.1	19.23
19.1	19.24
19.1	19.25
19.1	19.26
19.4	19.27
19.1	19.28
19.1	19.29
19.1	19.30
19.1	19.31
19.1	19.32
19.1	19.33
19.2	19.34
19.1	19.35
19.1	19.36
19.1	19.37
19.1	19.38
19.1	19.39
19.1	19.40
19.1	19.41
19.1	19.42
19.1	19.43
19.1	19.44
19.1	19.45
19.1	19.46
19.1	19.47
19.1	19.48
19.1	19.49
19.1	19.50
19.1	19.51
19.1	19.52
19.1	19.53
19.1	19.54
19.1	19.55
19.1	19.56
19.1	19.57
19.3	19.58
19.1	19.59
19.1	19.60
19.1	19.61
19.1	19.62
19.1	19.63
19.1	19.64
20.10	20.1
20.8	20.2
20.12	20.3
20.12	20.4
20.12	20.5
20.10	20.6
20.10	20.7
20.10	20.8
20.6	20.9
20.1	20.10
20.12	20.11
20.4	20.12
20.10	20.13
20.8	20.14
20.12	20.15
20.8	20.16
20.8	20.17
20.2	20.18
20.12	20.19
20.7	20.20
20.1	20.21
20.1	20.22
20.10	20.23
20.11	20.24
20.12	20.25
20.12	20.26
20.8	20.27
20.11	20.28
20.10	20.29
20.6	20.30
20.7	20.31
20.5	20.32
20.11	20.33
20.10	20.34
20.12	20.35
20.7	20.36
20.12	20.37
20.8	20.38
20.10	20.39
20.12	20.40
20.1	20.41
20.3	20.42
20.10	20.43
20.10	20.44
20.1	20.45
20.10	20.46
20.8	20.47
20.8	20.48
20.7	20.49
20.8	20.50
20.8	20.51
20.1	20.52
20.1	20.53
20.8	20.54
20.6	20.55
20.9	20.56
20.11	20.57
20.8	20.58
20.10	20.59
20.10	20.60
20.6	20.61
20.6	20.62
20.8	20.63
20.10	20.64
21.1	21.1
21.1	21.2
21.5	21.3
21.1	21.4
21.1	21.5
21.5	21.6
21.5	21.7
21.3	21.8
21.1	21.9
21.1	21.10
21.1	21.11
21.2	21.12
21.5	21.13
21.5	21.14
21.1	21.15
21.1	21.16
21.1	21.17
21.1	21.18
21.5	21.19
21.1	21.20
21.6	21.21
21.4	21.22
21.4	21.23
21.5	21.24
21.1	21.25
21.1	21.26
21.5	21.27
21.1	21.28
21.1	21.29
21.5	21.30
21.1	21.31
21.1	21.32
21.5	21.33
21.5	21.34
21.5	21.35
21.5	21.36
21.5	21.37
21.5	21.38
21.5	21.39
21.1	21.40
21.4	21.41
21.1	21.42
21.1	21.43
21.1	21.44
21.1	21.45
21.5	21.46
21.1	21.47
21.5	21.48
21.1	21.49
21.1	21.50
21.1	21.51
21.1	21.52
21.1	21.53
21.1	21.54
21.1	21.55
21.5	21.56
21.1	21.57
21.6	21.58
21.1	21.59
21.6	21.60
21.4	21.61
21.1	21.62
21.5	21.63
21.5	21.64
22.1	22.1
22.1	22.2
22.1	22.3
22.1	22.4
22.1	22.5
22.1	22.6
22.1	22.7
22.1	22.8
22.1	22.9
22.1	22.10
22.1	22.11
22.1	22.12
22.1	22.13
22.1	22.14
22.1	22.15
22.1	22.16
22.1	22.17
22.1	22.18
22.1	22.19
22.1	22.20
22.1	22.21
22.1	22.22
22.1	22.23
22.1	22.24
22.1	22.25
22.1	22.26
22.1	22.27
22.1	22.28
22.1	22.29
22.1	22.30
22.1	22.31
22.1	22.32
22.1	22.33
22.2	22.34
22.1	22.35
22.1	22.36
22.1	22.37
22.1	22.38
22.1	22.39
22.1	22.40
22.1	22.41
22.1	22.42
22.1	22.43
22.1	22.44
22.1	22.45
22.1	22.46
22.1	22.47
22.1	22.48
22.1	22.49
22.1	22.50
22.1	22.51
22.1	22.52
22.1	22.53
22.1	22.54
22.1	22.55
22.1	22.56
22.1	22.57
22.1	22.58
22.1	22.59
22.1	22.60
22.1	22.61
22.1	22.62
22.1	22.63
22.1	22.64
23.1	23.1
23.8	23.2
23.1	23.3
23.1	23.4
23.7	23.5
23.7	23.6
23.7	23.7
23.1	23.8
23.4	23.9
23.7	23.10
23.7	23.11
23.1	23.12
23.7	23.13
23.7	23.14
23.1	23.15
23.7	23.16
23.7	23.17
23.1	23.18
23.7	23.19
23.7	23.20
23.6	23.21
23.7	23.22
23.7	23.23
23.1	23.24
23.6	23.25
23.7	23.26
23.1	23.27
23.7	23.28
23.7	23.29
23.6	23.30
23.5	23.31
23.1	23.32
23.7	23.33
23.7	23.34
23.7	23.35
23.7	23.36
23.7	23.37
23.7	23.38
23.7	23.39
23.7	23.40
23.1	23.41
23.7	23.42
23.1	23.43
23.2	23.44
23.7	23.45
23.7	23.46
23.4	23.47
23.7	23.48
23.7	23.49
23.8	23.50
23.8	23.51
23.1	23.52
23.1	23.53
23.7	23.54
23.7	23.55
23.3	23.56
23.1	23.57
23.5	23.58
23.7	23.59
23.7	23.60
23.6	23.61
23.1	23.62
23.7	23.63
23.7	23.64
24.3	24.1
24.14	24.2
24.17	24.3
24.12	24.4
24.9	24.5
24.17	24.6
24.17	24.7
24.13	24.8
24.17	24.9
24.7	24.10
24.10	24.11
24.12	24.12
24.17	24.13
24.17	24.14
24.5	24.15
24.17	24.16
24.15	24.17
24.5	24.18
24.5	24.19
24.17	24.20
24.5	24.21
24.17	24.22
24.16	24.23
24.17	24.24
24.11	24.25
24.6	24.26
24.17	24.27
24.17	24.28
24.17	24.29
24.15	24.30
24.4	24.31
24.17	24.32
24.5	24.33
24.17	24.34
24.12	24.35
24.12	24.36
24.17	24.37
24.5	24.38
24.8	24.39
24.17	24.40
24.2	24.41
24.12	24.42
24.5	24.43
24.5	24.44
24.17	24.45
24.9	24.46
24.9	24.47
24.10	24.48
24.17	24.49
24.17	24.50
24.17	24.51
24.17	24.52
24.5	24.53
24.17	24.54
24.5	24.55
24.9	24.56
24.17	24.57
24.17	24.58
24.5	24.59
24.1	24.60
24.17	24.61
24.17	24.62
24.5	24.63
24.17	24.64
25.5	25.1
25.1	25.2
25.5	25.3
25.1	25.4
25.5	25.5
25.5	25.6
25.5	25.7
25.5	25.8
25.5	25.9
25.5	25.10
25.5	25.11
25.5	25.12
25.5	25.13
25.5	25.14
25.5	25.15
25.1	25.16
25.4	25.17
25.5	25.18
25.4	25.19
25.5	25.20
25.1	25.21
25.5	25.22
25.5	25.23
25.5	25.24
25.2	25.25
25.1	25.26
25.4	25.27
25.1	25.28
25.5	25.29
25.1	25.30
25.1	25.31
25.5	25.32
25.1	25.33
25.4	25.34
25.1	25.35
25.5	25.36
25.1	25.37
25.5	25.38
25.5	25.39
25.1	25.40
25.5	25.41
25.5	25.42
25.1	25.43
25.5	25.44
25.5	25.45
25.1	25.46
25.5	25.47
25.5	25.48
25.1	25.49
25.3	25.50
25.1	25.51
25.5	25.52
25.1	25.53
25.5	25.54
25.4	25.55
25.5	25.56
25.5	25.57
25.5	25.58
25.4	25.59
25.5	25.60
25.1	25.61
25.5	25.62
25.1	25.63
25.1	25.64
26.4	26.1
26.4	26.2
26.4	26.3
26.4	26.4
26.4	26.5
26.4	26.6
26.4	26.7
26.3	26.8
26.3	26.9
26.4	26.10
26.4	26.11
26.4	26.12
26.3	26.13
26.3	26.14
26.4	26.15
26.4	26.16
26.3	26.17
26.4	26.18
26.4	26.19
26.4	26.20
26.1	26.21
26.4	26.22
26.3	26.23
26.4	26.24
26.1	26.25
26.3	26.26
26.3	26.27
26.3	26.28
26.4	26.29
26.2	26.30
26.4	26.31
26.4	26.32
26.3	26.33
26.4	26.34
26.4	26.35
26.4	26.36
26.3	26.37
26.4	26.38
26.4	26.39
26.4	26.40
26.4	26.41
26.4	26.42
26.4	26.43
26.4	26.44
26.4	26.45
26.4	26.46
26.4	26.47
26.4	26.48
26.3	26.49
26.4	26.50
26.3	26.51
26.4	26.52
26.4	26.53
26.3	26.54
26.4	26.55
26.1	26.56
26.3	26.57
26.4	26.58
26.4	26.59
26.3	26.60
26.3	26.61
26.3	26.62
26.4	26.63
26.4	26.64
27.8	27.1
27.6	27.2
27.16	27.3
27.16	27.4
27.18	27.5
27.17	27.6
27.16	27.7
27.16	27.8
27.16	27.9
27.3	27.10
27.13	27.11
27.6	27.12
27.13	27.13
27.8	27.14
27.3	27.15
27.16	27.16
27.8	27.17
27.5	27.18
27.11	27.19
27.5	27.20
27.8	27.21
27.6	27.22
27.2	27.23
27.9	27.24
27.3	27.25
27.16	27.26
27.17	27.27
27.9	27.28
27.16	27.29
27.8	27.30
27.5	27.31
27.14	27.32
27.3	27.33
27.6	27.34
27.3	27.35
27.8	27.36
27.8	27.37
27.8	27.38
27.13	27.39
27.16	27.40
27.18	27.41
27.3	27.42
27.16	27.43
27.3	27.44
27.12	27.45
27.3	27.46
27.15	27.47
27.6	27.48
27.10	27.49
27.16	27.50
27.8	27.51
27.6	27.52
27.6	27.53
27.3	27.54
27.3	27.55
27.16	27.56
27.3	27.57
27.6	27.58
27.6	27.59
27.10	27.60
27.1	27.61
27.7	27.62
27.4	27.63
27.6	27.64
28.15	28.1
28.13	28.2
28.17	28.3
28.1	28.4
28.10	28.5
28.1	28.6
28.15	28.7
28.10	28.8
28.13	28.9
28.18	28.10
28.13	28.11
28.13	28.12
28.14	28.13
28.1	28.14
28.1	28.15
28.8	28.16
28.13	28.17
28.13	28.18
28.7	28.19
28.1	28.20
28.1	28.21
28.15	28.22
28.12	28.23
28.1	28.24
28.1	28.25
28.18	28.26
28.10	28.27
28.13	28.28
28.19	28.29
28.1	28.30
28.11	28.31
28.10	28.32
28.13	28.33
28.13	28.34
28.3	28.35
28.6	28.36
28.4	28.37
28.15	28.38
28.11	28.39
28.15	28.40
28.16	28.41
28.12	28.42
28.1	28.43
28.10	28.44
28.2	28.45
28.5	28.46
28.10	28.47
28.11	28.48
28.1	28.49
28.14	28.50
28.13	28.51
28.15	28.52
28.15	28.53
28.19	28.54
28.18	28.55
28.13	28.56
28.11	28.57
28.18	28.58
28.13	28.59
28.9	28.60
28.7	28.61
28.12	28.62
28.15	28.63
28.18	28.64
29.6	29.1
29.6	29.2
29.6	29.3
29.6	29.4
29.6	29.5
29.6	29.6
29.6	29.7
29.6	29.8
29.4	29.9
29.6	29.10
29.4	29.11
29.1	29.12
29.6	29.13
29.6	29.14
29.6	29.15
29.4	29.16
29.4	29.17
29.6	29.18
29.4	29.19
29.6	29.20
29.4	29.21
29.6	29.22
29.6	29.23
29.1	29.24
29.3	29.25
29.6	29.26
29.6	29.27
29.6	29.28
29.6	29.29
29.6	29.30
29.1	29.31
29.2	29.32
29.6	29.33
29.1	29.34
29.6	29.35
29.1	29.36
29.4	29.37
29.6	29.38
29.6	29.39
29.6	29.40
29.6	29.41
29.6	29.42
29.6	29.43
29.6	29.44
29.6	29.45
29.1	29.46
29.5	29.47
29.6	29.48
29.6	29.49
29.6	29.50
29.1	29.51
29.6	29.52
29.6	29.53
29.6	29.54
29.6	29.55
29.6	29.56
29.6	29.57
29.6	29.58
29.6	29.59
29.6	29.60
29.6	29.61
29.6	29.62
29.6	29.63
29.6	29.64
30.1	30.1
30.1	30.2
30.1	30.3
30.4	30.4
30.1	30.5
30.1	30.6
30.5	30.7
30.1	30.8
30.1	30.9
30.1	30.10
30.1	30.11
30.1	30.12
30.1	30.13
30.1	30.14
30.1	30.15
30.1	30.16
30.3	30.17
30.1	30.18
30.1	30.19
30.1	30.20
30.1	30.21
30.1	30.22
30.1	30.23
30.1	30.24
30.1	30.25
30.5	30.26
30.7	30.27
30.5	30.28
30.1	30.29
30.2	30.30
30.1	30.31
30.1	30.32
30.1	30.33
30.1	30.34
30.1	30.35
30.6	30.36
30.1	30.37
30.1	30.38
30.1	30.39
30.1	30.40
30.1	30.41
30.1	30.42
30.1	30.43
30.1	30.44
30.1	30.45
30.1	30.46
30.1	30.47
30.1	30.48
30.1	30.49
30.1	30.50
30.1	30.51
30.1	30.52
30.1	30.53
30.1	30.54
30.1	30.55
30.1	30.56
30.1	30.57
30.1	30.58
30.1	30.59
30.1	30.60
30.4	30.61
30.1	30.62
30.1	30.63
30.1	30.64
31.1	31.1
31.1	31.2
31.1	31.3
31.8	31.4
31.4	31.5
31.1	31.6
31.1	31.7
31.1	31.8
31.1	31.9
31.1	31.10
31.1	31.11
31.1	31.12
31.1	31.13
31.1	31.14
31.1	31.15
31.1	31.16
31.1	31.17
31.1	31.18
31.1	31.19
31.1	31.20
31.1	31.21
31.1	31.22
31.1	31.23
31.1	31.24
31.1	31.25
31.8	31.26
31.8	31.27
31.1	31.28
31.1	31.29
31.1	31.30
31.5	31.31
31.1	31.32
31.1	31.33
31.1	31.34
31.9	31.35
31.1	31.36
31.1	31.37
31.1	31.38
31.1	31.39
31.1	31.40
31.1	31.41
31.1	31.42
31.1	31.43
31.1	31.44
31.3	31.45
31.6	31.46
31.1	31.47
31.8	31.48
31.1	31.49
31.1	31.50
31.2	31.51
31.1	31.52
31.1	31.53
31.1	31.54
31.1	31.55
31.1	31.56
31.1	31.57
31.7	31.58
31.1	31.59
31.1	31.60
31.8	31.61
31.1	31.62
31.1	31.63
31.1	31.64
32.7	32.1
32.7	32.2
32.1	32.3
32.8	32.4
32.3	32.5
32.1	32.6
32.1	32.7
32.1	32.8
32.7	32.9
32.1	32.10
32.1	32.11
32.8	32.12
32.1	32.13
32.7	32.14
32.1	32.15
32.4	32.16
32.1	32.17
32.1	32.18
32.1	32.19
32.6	32.20
32.7	32.21
32.1	32.22
32.6	32.23
32.8	32.24
32.5	32.25
32.1	32.26
32.5	32.27
32.1	32.28
32.5	32.29
32.5	32.30
32.7	32.31
32.7	32.32
32.5	32.33
32.7	32.34
32.5	32.35
32.1	32.36
32.4	32.37
32.5	32.38
32.5	32.39
32.4	32.40
32.5	32.41
32.7	32.42
32.1	32.43
32.2	32.44
32.4	32.45
32.1	32.46
32.1	32.47
32.6	32.48
32.7	32.49
32.6	32.50
32.8	32.51
32.1	32.52
32.5	32.53
32.1	32.54
32.7	32.55
32.5	32.56
32.5	32.57
32.5	32.58
32.5	32.59
32.5	32.60
32.5	32.61
32.5	32.62
32.5	32.63
32.8	32.64
33.10	33.1
33.4	33.2
33.7	33.3
33.1	33.4
33.10	33.5
33.10	33.6
33.1	33.7
33.7	33.8
33.7	33.9
33.7	33.10
33.7	33.11
33.7	33.12
33.7	33.13
33.1	33.14
33.10	33.15
33.6	33.16
33.7	33.17
33.1	33.18
33.2	33.19
33.5	33.20
33.4	33.21
33.7	33.22
33.4	33.23
33.7	33.24
33.11	33.25
33.7	33.26
33.1	33.27
33.10	33.28
33.7	33.29
33.1	33.30
33.7	33.31
33.10	33.32
33.7	33.33
33.7	33.34
33.10	33.35
33.1	33.36
33.7	33.37
33.1	33.38
33.1	33.39
33.7	33.40
33.7	33.41
33.9	33.42
33.1	33.43
33.10	33.44
33.1	33.45
33.10	33.46
33.10	33.47
33.7	33.48
33.1	33.49
33.7	33.50
33.7	33.51
33.7	33.52
33.10	33.53
33.9	33.54
33.9	33.55
33.3	33.56
33.1	33.57
33.1	33.58
33.7	33.59
33.6	33.60
33.10	33.61
33.8	33.62
33.7	33.63
33.1	33.64
34.7	34.1
34.1	34.2
34.1	34.3
34.1	34.4
34.1	34.5
34.1	34.6
34.1	34.7
34.7	34.8
34.1	34.9
34.1	34.10
34.1	34.11
34.1	34.12
34.7	34.13
34.1	34.14
34.1	34.15
34.1	34.16
34.1	34.17
34.1	34.18
34.1	34.19
34.1	34.20
34.7	34.21
34.1	34.22
34.1	34.23
34.1	34.24
34.1	34.25
34.1	34.26
34.7	34.27
34.1	34.28
34.1	34.29
34.7	34.30
34.6	34.31
34.1	34.32
34.1	34.33
34.3	34.34
34.1	34.35
34.7	34.36
34.1	34.37
34.1	34.38
34.7	34.39
34.1	34.40
34.1	34.41
34.7	34.42
34.2	34.43
34.1	34.44
34.5	34.45
34.7	34.46
34.7	34.47
34.1	34.48
34.1	34.49
34.6	34.50
34.7	34.51
34.1	34.52
34.7	34.53
34.1	34.54
34.1	34.55
34.1	34.56
34.7	34.57
34.7	34.58
34.4	34.59
34.1	34.60
34.1	34.61
34.7	34.62
34.7	34.63
34.1	34.64
35.1	35.1
35.1	35.2
35.1	35.3
35.1	35.4
35.1	35.5
35.3	35.6
35.1	35.7
35.1	35.8
35.1	35.9
35.1	35.10
35.1	35.11
35.1	35.12
35.1	35.13
35.1	35.14
35.1	35.15
35.1	35.16
35.1	35.17
35.1	35.18
35.1	35.19
35.1	35.20
35.1	35.21
35.1	35.22
35.1	35.23
35.1	35.24
35.1	35.25
35.1	35.26
35.1	35.27
35.1	35.28
35.1	35.29
35.1	35.30
35.1	35.31
35.1	35.32
35.1	35.33
35.1	35.34
35.1	35.35
35.1	35.36
35.1	35.37
35.1	35.38
35.1	35.39
35.1	35.40
35.1	35.41
35.1	35.42
35.1	35.43
35.1	35.44
35.1	35.45
35.1	35.46
35.1	35.47
35.1	35.48
35.2	35.49
35.1	35.50
35.1	35.51
35.1	35.52
35.1	35.53
35.1	35.54
35.1	35.55
35.1	35.56
35.1	35.57
35.1	35.58
35.1	35.59
35.1	35.60
35.1	35.61
35.1	35.62
35.1	35.63
35.1	35.64
36.5	36.1
36.1	36.2
36.7	36.3
36.10	36.4
36.7	36.5
36.11	36.6
36.13	36.7
36.13	36.8
36.12	36.9
36.11	36.10
36.11	36.11
36.9	36.12
36.16	36.13
36.1	36.14
36.17	36.15
36.11	36.16
36.2	36.17
36.17	36.18
36.11	36.19
36.1	36.20
36.13	36.21
36.11	36.22
36.4	36.23
36.8	36.24
36.11	36.25
36.11	36.26
36.13	36.27
36.1	36.28
36.11	36.29
36.8	36.30
36.11	36.31
36.13	36.32
36.13	36.33
36.11	36.34
36.11	36.35
36.1	36.36
36.6	36.37
36.9	36.38
36.8	36.39
36.15	36.40
36.11	36.41
36.12	36.42
36.8	36.43
36.18	36.44
36.11	36.45
36.14	36.46
36.13	36.47
36.8	36.48
36.1	36.49
36.1	36.50
36.1	36.51
36.12	36.52
36.1	36.53
36.3	36.54
36.11	36.55
36.1	36.56
36.9	36.57
36.11	36.58
36.13	36.59
36.14	36.60
36.13	36.61
36.1	36.62
36.13	36.63
36.13	36.64
37.5	37.1
37.14	37.2
37.5	37.3
37.13	37.4
37.12	37.5
37.5	37.6
37.12	37.7
37.11	37.8
37.12	37.9
37.12	37.10
37.9	37.11
37.1	37.12
37.12	37.13
37.11	37.14
37.12	37.15
37.2	37.16
37.9	37.17
37.5	37.18
37.12	37.19
37.12	37.20
37.9	37.21
37.12	37.22
37.1	37.23
37.10	37.24
37.12	37.25
37.5	37.26
37.6	37.27
37.5	37.28
37.10	37.29
37.12	37.30
37.7	37.31
37.12	37.32
37.12	37.33
37.8	37.34
37.12	37.35
37.1	37.36
37.5	37.37
37.11	37.38
37.10	37.39
37.5	37.40
37.12	37.41
37.5	37.42
37.10	37.43
37.12	37.44
37.11	37.45
37.5	37.46
37.5	37.47
37.5	37.48
37.11	37.49
37.12	37.50
37.4	37.51
37.12	37.52
37.11	37.53
37.13	37.54
37.1	37.55
37.11	37.56
37.9	37.57
37.11	37.58
37.5	37.59
37.5	37.60
37.5	37.61
37.12	37.62
37.9	37.63
37.3	37.64
38.15	38.1
38.1	38.2
38.11	38.3
38.13	38.4
38.1	38.5
38.11	38.6
38.7	38.7
38.7	38.8
38.14	38.9
38.11	38.10
38.14	38.11
38.2	38.12
38.6	38.13
38.16	38.14
38.1	38.15
38.13	38.16
38.7	38.17
38.1	38.18
38.1	38.19
38.11	38.20
38.14	38.21
38.5	38.22
38.11	38.23
38.13	38.24
38.7	38.25
38.13	38.26
38.5	38.27
38.7	38.28
38.9	38.29
38.14	38.30
38.7	38.31
38.7	38.32
38.12	38.33
38.9	38.34
38.13	38.35
38.14	38.36
38.6	38.37
38.13	38.38
38.13	38.39
38.11	38.40
38.12	38.41
38.13	38.42
38.11	38.43
38.8	38.44
38.13	38.45
38.3	38.46
38.13	38.47
38.13	38.48
38.1	38.49
38.1	38.50
38.4	38.51
38.13	38.52
38.14	38.53
38.13	38.54
38.10	38.55
38.11	38.56
38.14	38.57
38.14	38.58
38.15	38.59
38.11	38.60
38.7	38.61
38.7	38.62
38.1	38.63
38.1	38.64
39.10	39.1
39.1	39.2
39.1	39.3
39.10	39.4
39.10	39.5
39.10	39.6
39.1	39.7
39.11	39.8
39.10	39.9
39.13	39.10
39.2	39.11
39.13	39.12
39.8	39.13
39.3	39.14
39.1	39.15
39.9	39.16
39.1	39.17
39.10	39.18
39.14	39.19
39.1	39.20
39.10	39.21
39.1	39.22
39.10	39.23
39.4	39.24
39.10	39.25
39.1	39.26
39.10	39.27
39.13	39.28
39.1	39.29
39.1	39.30
39.10	39.31
39.10	39.32
39.6	39.33
39.1	39.34
39.10	39.35
39.6	39.36
39.1	39.37
39.10	39.38
39.10	39.39
39.10	39.40
39.6	39.41
39.1	39.42
39.7	39.43
39.5	39.44
39.10	39.45
39.1	39.46
39.11	39.47
39.10	39.48
39.10	39.49
39.1	39.50
39.13	39.51
39.13	39.52
39.10	39.53
39.1	39.54
39.1	39.55
39.1	39.56
39.1	39.57
39.10	39.58
39.10	39.59
39.1	39.60
39.12	39.61
39.10	39.62
39.10	39.63
39.1	39.64
40.1	40.1
40.1	40.2
40.1	40.3
40.8	40.4
40.8	40.5
40.1	40.6
40.1	40.7
40.8	40.8
40.1	40.9
40.1	40.10
40.1	40.11
40.1	40.12
40.1	40.13
40.1	40.14
40.1	40.15
40.1	40.16
40.1	40.17
40.4	40.18
40.7	40.19
40.5	40.20
40.1	40.21
40.1	40.22
40.1	40.23
40.1	40.24
40.5	40.25
40.8	40.26
40.5	40.27
40.1	40.28
40.1	40.29
40.9	40.30
40.8	40.31
40.1	40.32
40.1	40.33
40.8	40.34
40.1	40.35
40.1	40.36
40.8	40.37
40.1	40.38
40.1	40.39
40.1	40.40
40.1	40.41
40.8	40.42
40.2	40.43
40.8	40.44
40.1	40.45
40.1	40.46
40.1	40.47
40.6	40.48
40.3	40.49
40.8	40.50
40.1	40.51
40.1	40.52
40.1	40.53
40.8	40.54
40.1	40.55
40.1	40.56
40.1	40.57
40.8	40.58
40.1	40.59
40.8	40.60
40.5	40.61
40.6	40.62
40.5	40.63
40.1	40.64
41.9	41.1
41.1	41.2
41.9	41.3
41.1	41.4
41.1	41.5
41.6	41.6
41.1	41.7
41.1	41.8
41.3	41.9
41.9	41.10
41.9	41.11
41.1	41.12
41.9	41.13
41.9	41.14
41.1	41.15
41.1	41.16
41.1	41.17
41.10	41.18
41.6	41.19
41.9	41.20
41.8	41.21
41.1	41.22
41.1	41.23
41.1	41.24
41.10	41.25
41.1	41.26
41.9	41.27
41.1	41.28
41.9	41.29
41.9	41.30
41.9	41.31
41.9	41.32
41.7	41.33
41.8	41.34
41.1	41.35
41.1	41.36
41.9	41.37
41.9	41.38
41.9	41.39
41.5	41.40
41.6	41.41
41.9	41.42
41.1	41.43
41.9	41.44
41.7	41.45
41.9	41.46
41.8	41.47
41.1	41.48
41.2	41.49
41.9	41.50
41.9	41.51
41.9	41.52
41.1	41.53
41.1	41.54
41.6	41.55
41.8	41.56
41.1	41.57
41.1	41.58
41.9	41.59
41.1	41.60
41.6	41.61
41.9	41.62
41.4	41.63
41.9	41.64
42.5	42.1
42.5	42.2
42.5	42.3
42.5	42.4
42.5	42.5
42.3	42.6
42.5	42.7
42.5	42.8
42.5	42.9
42.3	42.10
42.5	42.11
42.5	42.12
42.5	42.13
42.3	42.14
42.5	42.15
42.3	42.16
42.1	42.17
42.5	42.18
42.3	42.19
42.5	42.20
42.5	42.21
42.3	42.22
42.5	42.23
42.5	42.24
42.5	42.25
42.5	42.26
42.5	42.27
42.5	42.28
42.3	42.29
42.5	42.30
42.5	42.31
42.5	42.32
42.5	42.33
42.5	42.34
42.3	42.35
42.5	42.36
42.3	42.37
42.5	42.38
42.5	42.39
42.1	42.40
42.5	42.41
42.5	42.42
42.3	42.43
42.5	42.44
42.5	42.45
42.5	42.46
42.5	42.47
42.1	42.48
42.3	42.49
42.3	42.50
42.3	42.51
42.5	42.52
42.1	42.53
42.1	42.54
42.2	42.55
42.5	42.56
42.4	42.57
42.5	42.58
42.5	42.59
42.5	42.60
42.5	42.61
42.5	42.62
42.5	42.63
42.5	42.64
43.6	43.1
43.4	43.2
43.4	43.3
43.4	43.4
43.4	43.5
43.7	43.6
43.4	43.7
43.2	43.8
43.4	43.9
43.4	43.10
43.7	43.11
43.4	43.12
43.7	43.13
43.5	43.14
43.4	43.15
43.4	43.16
43.4	43.17
43.4	43.18
43.4	43.19
43.6	43.20
43.4	43.21
43.4	43.22
43.4	43.23
43.4	43.24
43.6	43.25
43.4	43.26
43.4	43.27
43.4	43.28
43.4	43.29
43.4	43.30
43.4	43.31
43.4	43.32
43.4	43.33
43.4	43.34
43.7	43.35
43.1	43.36
43.4	43.37
43.6	43.38
43.6	43.39
43.4	43.40
43.4	43.41
43.4	43.42
43.6	43.43
43.1	43.44
43.6	43.45
43.3	43.46
43.6	43.47
43.6	43.48
43.4	43.49
43.5	43.50
43.6	43.51
43.4	43.52
43.4	43.53
43.4	43.54
43.6	43.55
43.4	43.56
43.6	43.57
43.4	43.58
43.4	43.59
43.4	43.60
43.4	43.61
43.4	43.62
43.4	43.63
43.4	43.64
44.12	44.1
44.12	44.2
44.11	44.3
44.11	44.4
44.17	44.5
44.14	44.6
44.4	44.7
44.5	44.8
44.17	44.9
44.7	44.10
44.10	44.11
44.11	44.12
44.7	44.13
44.13	44.14
44.7	44.15
44.7	44.16
44.3	44.17
44.7	44.18
44.12	44.19
44.16	44.20
44.7	44.21
44.7	44.22
44.8	44.23
44.16	44.24
44.10	44.25
44.7	44.26
44.12	44.27
44.12	44.28
44.16	44.29
44.4	44.30
44.13	44.31
44.15	44.32
44.16	44.33
44.7	44.34
44.12	44.35
44.11	44.36
44.12	44.37
44.12	44.38
44.10	44.39
44.15	44.40
44.12	44.41
44.12	44.42
44.7	44.43
44.12	44.44
44.10	44.45
44.2	44.46
44.16	44.47
44.10	44.48
44.6	44.49
44.1	44.50
44.9	44.51
44.12	44.52
44.1	44.53
44.10	44.54
44.1	44.55
44.11	44.56
44.11	44.57
44.9	44.58
44.13	44.59
44.12	44.60
44.15	44.61
44.12	44.62
44.6	44.63
44.13	44.64
45.13	45.1
45.13	45.2
45.15	45.3
45.1	45.4
45.1	45.5
45.1	45.6
45.13	45.7
45.6	45.8
45.11	45.9
45.15	45.10
45.1	45.11
45.15	45.12
45.15	45.13
45.13	45.14
45.1	45.15
45.1	45.16
45.12	45.17
45.1	45.18
45.1	45.19
45.15	45.20
45.13	45.21
45.3	45.22
45.1	45.23
45.1	45.24
45.1	45.25
45.4	45.26
45.13	45.27
45.1	45.28
45.6	45.29
45.1	45.30
45.13	45.31
45.13	45.32
45.5	45.33
45.14	45.34
45.7	45.35
45.1	45.36
45.9	45.37
45.1	45.38
45.8	45.39
45.10	45.40
45.14	45.41
45.1	45.42
45.6	45.43
45.1	45.44
45.13	45.45
45.13	45.46
45.1	45.47
45.8	45.48
45.1	45.49
45.6	45.50
45.1	45.51
45.13	45.52
45.13	45.53
45.1	45.54
45.1	45.55
45.2	45.56
45.14	45.57
45.14	45.58
45.1	45.59
45.6	45.60
45.6	45.61
45.13	45.62
45.8	45.63
45.13	45.64
46.1	46.1
46.1	46.2
46.6	46.3
46.1	46.4
46.1	46.5
46.1	46.6
46.1	46.7
46.1	46.8
46.1	46.9
46.1	46.10
46.6	46.11
46.6	46.12
46.1	46.13
46.1	46.14
46.1	46.15
46.1	46.16
46.6	46.17
46.1	46.18
46.1	46.19
46.1	46.20
46.1	46.21
46.1	46.22
46.1	46.23
46.6	46.24
46.6	46.25
46.4	46.26
46.1	46.27
46.1	46.28
46.1	46.29
46.1	46.30
46.1	46.31
46.1	46.32
46.1	46.33
46.6	46.34
46.1	46.35
46.1	46.36
46.1	46.37
46.1	46.38
46.1	46.39
46.1	46.40
46.1	46.41
46.2	46.42
46.5	46.43
46.1	46.44
46.1	46.45
46.6	46.46
46.1	46.47
46.1	46.48
46.1	46.49
46.1	46.50
46.5	46.51
46.6	46.52
46.1	46.53
46.3	46.54
46.1	46.55
46.1	46.56
46.6	46.57
46.1	46.58
46.6	46.59
46.1	46.60
46.6	46.61
46.1	46.62
46.1	46.63
46.1	46.64
47.5	47.1
47.1	47.2
47.7	47.3
47.1	47.4
47.7	47.5
47.7	47.6
47.7	47.7
47.7	47.8
47.1	47.9
47.1	47.10
47.5	47.11
47.1	47.12
47.5	47.13
47.5	47.14
47.7	47.15
47.5	47.16
47.1	47.17
47.7	47.18
47.7	47.19
47.1	47.20
47.7	47.21
47.5	47.22
47.7	47.23
47.5	47.24
47.5	47.25
47.1	47.26
47.7	47.27
47.5	47.28
47.7	47.29
47.7	47.30
47.7	47.31
47.7	47.32
47.7	47.33
47.1	47.34
47.7	47.35
47.4	47.36
47.7	47.37
47.7	47.38
47.7	47.39
47.5	47.40
47.5	47.41
47.7	47.42
47.6	47.43
47.7	47.44
47.5	47.45
47.7	47.46
47.7	47.47
47.5	47.48
47.1	47.49
47.5	47.50
47.7	47.51
47.2	47.52
47.7	47.53
47.1	47.54
47.6	47.55
47.7	47.56
47.7	47.57
47.1	47.58
47.7	47.59
47.3	47.60
47.1	47.61
47.7	47.62
47.7	47.63
47.5	47.64
48.1	48.1
48.1	48.2
48.6	48.3
48.1	48.4
48.1	48.5
48.6	48.6
48.1	48.7
48.1	48.8
48.5	48.9
48.6	48.10
48.4	48.11
48.6	48.12
48.6	48.13
48.5	48.14
48.1	48.15
48.1	48.16
48.6	48.17
48.4	48.18
48.1	48.19
48.6	48.20
48.1	48.21
48.6	48.22
48.6	48.23
48.5	48.24
48.6	48.25
48.5	48.26
48.6	48.27
48.1	48.28
48.1	48.29
48.2	48.30
48.6	48.31
48.1	48.32
48.5	48.33
48.6	48.34
48.1	48.35
48.1	48.36
48.5	48.37
48.5	48.38
48.1	48.39
48.6	48.40
48.6	48.41
48.1	48.42
48.1	48.43
48.1	48.44
48.1	48.45
48.5	48.46
48.6	48.47
48.5	48.48
48.5	48.49
48.3	48.50
48.1	48.51
48.6	48.52
48.1	48.53
48.6	48.54
48.6	48.55
48.1	48.56
48.1	48.57
48.1	48.58
48.1	48.59
48.1	48.60
48.1	48.61
48.1	48.62
48.1	48.63
48.6	48.64
49.5	49.1
49.5	49.2
49.1	49.3
49.1	49.4
49.6	49.5
49.1	49.6
49.5	49.7
49.1	49.8
49.1	49.9
49.9	49.10
49.2	49.11
49.7	49.12
49.1	49.13
49.6	49.14
49.1	49.15
49.8	49.16
49.5	49.17
49.4	49.18
49.1	49.19
49.1	49.20
49.5	49.21
49.8	49.22
49.7	49.23
49.1	49.24
49.7	49.25
49.1	49.26
49.7	49.27
49.7	49.28
49.5	49.29
49.5	49.30
49.7	49.31
49.5	49.32
49.8	49.33
49.7	49.34
49.7	49.35
49.5	49.36
49.5	49.37
49.5	49.38
49.7	49.39
49.1	49.40
49.4	49.41
49.9	49.42
49.5	49.43
49.1	49.44
49.5	49.45
49.8	49.46
49.7	49.47
49.7	49.48
49.5	49.49
49.7	49.50
49.3	49.51
49.1	49.52
49.5	49.53
49.4	49.54
49.7	49.55
49.1	49.56
49.6	49.57
49.9	49.58
49.7	49.59
49.7	49.60
49.1	49.61
49.6	49.62
49.4	49.63
49.10	49.64
50.1	50.1
50.1	50.2
50.6	50.3
50.1	50.4
50.6	50.5
50.1	50.6
50.1	50.7
50.1	50.8
50.1	50.9
50.1	50.10
50.6	50.11
50.6	50.12
50.1	50.13
50.1	50.14
50.1	50.15
50.6	50.16
50.6	50.17
50.6	50.18
50.1	50.19
50.6	50.20
50.1	50.21
50.6	50.22
50.6	50.23
50.1	50.24
50.1	50.25
50.6	50.26
50.6	50.27
50.1	50.28
50.1	50.29
50.3	50.30
50.6	50.31
50.1	50.32
50.6	50.33
50.6	50.34
50.1	50.35
50.1	50.36
50.1	50.37
50.1	50.38
50.4	50.39
50.1	50.40
50.1	50.41
50.5	50.42
50.5	50.43
50.6	50.44
50.1	50.45
50.1	50.46
50.1	50.47
50.5	50.48
50.6	50.49
50.1	50.50
50.5	50.51
50.1	50.52
50.6	50.53
50.1	50.54
50.1	50.55
50.1	50.56
50.6	50.57
50.2	50.58
50.1	50.59
50.1	50.60
50.5	50.61
50.1	50.62
50.1	50.63
50.1	50.64
51.4	51.1
51.1	51.2
51.1	51.3
51.1	51.4
51.4	51.5
51.1	51.6
51.1	51.7
51.4	51.8
51.1	51.9
51.1	51.10
51.1	51.11
51.1	51.12
51.1	51.13
51.4	51.14
51.4	51.15
51.1	51.16
51.1	51.17
51.1	51.18
51.1	51.19
51.1	51.20
51.3	51.21
51.1	51.22
51.1	51.23
51.1	51.24
51.1	51.25
51.1	51.26
51.1	51.27
51.3	51.28
51.4	51.29
51.1	51.30
51.1	51.31
51.1	51.32
51.1	51.33
51.2	51.34
51.1	51.35
51.1	51.36
51.4	51.37
51.1	51.38
51.1	51.39
51.1	51.40
51.1	51.41
51.1	51.42
51.1	51.43
51.1	51.44
51.1	51.45
51.1	51.46
51.4	51.47
51.1	51.48
51.1	51.49
51.1	51.50
51.4	51.51
51.1	51.52
51.1	51.53
51.1	51.54
51.1	51.55
51.1	51.56
51.1	51.57
51.3	51.58
51.1	51.59
51.1	51.60
51.1	51.61
51.1	51.62
51.4	51.63
51.1	51.64
52.1	52.1
52.1	52.2
52.1	52.3
52.1	52.4
52.1	52.5
52.1	52.6
52.5	52.7
52.1	52.8
52.1	52.9
52.5	52.10
52.1	52.11
52.1	52.12
52.1	52.13
52.1	52.14
52.1	52.15
52.1	52.16
52.1	52.17
52.1	52.18
52.1	52.19
52.1	52.20
52.1	52.21
52.1	52.22
52.5	52.23
52.1	52.24
52.1	52.25
52.1	52.26
52.1	52.27
52.1	52.28
52.1	52.29
52.1	52.30
52.1	52.31
52.5	52.32
52.5	52.33
52.1	52.34
52.1	52.35
52.1	52.36
52.1	52.37
52.5	52.38
52.1	52.39
52.1	52.40
52.1	52.41
52.5	52.42
52.1	52.43
52.1	52.44
52.1	52.45
52.1	52.46
52.3	52.47
52.1	52.48
52.1	52.49
52.1	52.50
52.5	52.51
52.1	52.52
52.2	52.53
52.4	52.54
52.1	52.55
52.1	52.56
52.4	52.57
52.4	52.58
52.1	52.59
52.1	52.60
52.1	52.61
52.5	52.62
52.1	52.63
52.1	52.64
53.7	53.1
53.7	53.2
53.7	53.3
53.7	53.4
53.1	53.5
53.7	53.6
53.1	53.7
53.6	53.8
53.7	53.9
53.1	53.10
53.7	53.11
53.1	53.12
53.1	53.13
53.1	53.14
53.6	53.15
53.7	53.16
53.7	53.17
53.8	53.18
53.1	53.19
53.7	53.20
53.7	53.21
53.7	53.22
53.7	53.23
53.5	53.24
53.1	53.25
53.7	53.26
53.7	53.27
53.8	53.28
53.1	53.29
53.1	53.30
53.4	53.31
53.7	53.32
53.8	53.33
53.7	53.34
53.1	53.35
53.1	53.36
53.7	53.37
53.1	53.38
53.4	53.39
53.1	53.40
53.1	53.41
53.7	53.42
53.3	53.43
53.7	53.44
53.8	53.45
53.7	53.46
53.7	53.47
53.1	53.48
53.7	53.49
53.1	53.50
53.7	53.51
53.2	53.52
53.1	53.53
53.1	53.54
53.7	53.55
53.7	53.56
53.1	53.57
53.7	53.58
53.7	53.59
53.7	53.60
53.7	53.61
53.7	53.62
53.1	53.63
53.1	53.64
54.9	54.1
54.9	54.2
54.9	54.3
54.7	54.4
54.9	54.5
54.9	54.6
54.7	54.7
54.7	54.8
54.7	54.9
54.9	54.10
54.2	54.11
54.7	54.12
54.2	54.13
54.2	54.14
54.9	54.15
54.7	54.16
54.9	54.17
54.2	54.18
54.7	54.19
54.9	54.20
54.7	54.21
54.2	54.22
54.9	54.23
54.1	54.24
54.6	54.25
54.6	54.26
54.2	54.27
54.9	54.28
54.9	54.29
54.9	54.30
54.9	54.31
54.2	54.32
54.2	54.33
54.2	54.34
54.9	54.35
54.5	54.36
54.2	54.37
54.7	54.38
54.9	54.39
54.7	54.40
54.5	54.41
54.7	54.42
54.2	54.43
54.3	54.44
54.2	54.45
54.2	54.46
54.2	54.47
54.4	54.48
54.7	54.49
54.2	54.50
54.9	54.51
54.2	54.52
54.7	54.53
54.5	54.54
54.2	54.55
54.7	54.56
54.9	54.57
54.7	54.58
54.8	54.59
54.6	54.60
54.9	54.61
54.9	54.62
54.9	54.63
54.7	54.64
55.1	55.1
55.1	55.2
55.4	55.3
55.1	55.4
55.1	55.5
55.4	55.6
55.1	55.7
55.1	55.8
55.3	55.9
55.1	55.10
55.1	55.11
55.4	55.12
55.1	55.13
55.6	55.14
55.1	55.15
55.1	55.16
55.4	55.17
55.1	55.18
55.1	55.19
55.5	55.20
55.1	55.21
55.1	55.22
55.2	55.23
55.1	55.24
55.1	55.25
55.1	55.26
55.1	55.27
55.1	55.28
55.1	55.29
55.4	55.30
55.4	55.31
55.1	55.32
55.1	55.33
55.1	55.34
55.1	55.35
55.1	55.36
55.1	55.37
55.3	55.38
55.1	55.39
55.1	55.40
55.4	55.41
55.1	55.42
55.1	55.43
55.1	55.44
55.1	55.45
55.1	55.46
55.1	55.47
55.1	55.48
55.4	55.49
55.6	55.50
55.1	55.51
55.1	55.52
55.1	55.53
55.1	55.54
55.1	55.55
55.1	55.56
55.6	55.57
55.1	55.58
55.1	55.59
55.1	55.60
55.1	55.61
55.1	55.62
55.1	55.63
55.1	55.64
56.1	56.1
56.1	56.2
56.1	56.3
56.1	56.4
56.4	56.5
56.2	56.6
56.1	56.7
56.1	56.8
56.1	56.9
56.1	56.10
56.1	56.11
56.1	56.12
56.1	56.13
56.1	56.14
56.1	56.15
56.1	56.16
56.1	56.17
56.1	56.18
56.1	56.19
56.1	56.20
56.1	56.21
56.4	56.22
56.1	56.23
56.1	56.24
56.1	56.25
56.1	56.26
56.1	56.27
56.1	56.28
56.1	56.29
56.1	56.30
56.4	56.31
56.1	56.32
56.1	56.33
56.1	56.34
56.1	56.35
56.1	56.36
56.1	56.37
56.1	56.38
56.1	56.39
56.1	56.40
56.1	56.41
56.1	56.42
56.1	56.43
56.1	56.44
56.1	56.45
56.1	56.46
56.1	56.47
56.1	56.48
56.1	56.49
56.1	56.50
56.1	56.51
56.1	56.52
56.4	56.53
56.1	56.54
56.4	56.55
56.1	56.56
56.1	56.57
56.3	56.58
56.5	56.59
56.1	56.60
56.1	56.61
56.1	56.62
56.1	56.63
56.1	56.64
57.4	57.1
57.4	57.2
57.4	57.3
57.4	57.4
57.4	57.5
57.4	57.6
57.4	57.7
57.4	57.8
57.4	57.9
57.4	57.10
57.4	57.11
57.4	57.12
57.4	57.13
57.4	57.14
57.1	57.15
57.4	57.16
57.1	57.17
57.4	57.18
57.4	57.19
57.4	57.20
57.4	57.21
57.5	57.22
57.4	57.23
57.4	57.24
57.4	57.25
57.4	57.26
57.4	57.27
57.4	57.28
57.2	57.29
57.4	57.30
57.4	57.31
57.4	57.32
57.4	57.33
57.4	57.34
57.4	57.35
57.4	57.36
57.3	57.37
57.4	57.38
57.4	57.39
57.1	57.40
57.1	57.41
57.1	57.42
57.4	57.43
57.4	57.44
57.4	57.45
57.4	57.46
57.1	57.47
57.4	57.48
57.1	57.49
57.4	57.50
57.4	57.51
57.1	57.52
57.1	57.53
57.1	57.54
57.4	57.55
57.4	57.56
57.6	57.57
57.1	57.58
57.4	57.59
57.1	57.60
57.3	57.61
57.4	57.62
57.4	57.63
57.1	57.64
58.6	58.1
58.6	58.2
58.7	58.3
58.6	58.4
58.1	58.5
58.6	58.6
58.1	58.7
58.1	58.8
58.9	58.9
58.1	58.10
58.6	58.11
58.1	58.12
58.1	58.13
58.8	58.14
58.6	58.15
58.7	58.16
58.1	58.17
58.1	58.18
58.3	58.19
58.4	58.20
58.1	58.21
58.8	58.22
58.1	58.23
58.6	58.24
58.7	58.25
58.9	58.26
58.1	58.27
58.1	58.28
58.1	58.29
58.6	58.30
58.9	58.31
58.1	58.32
58.1	58.33
58.6	58.34
58.6	58.35
58.9	58.36
58.6	58.37
58.9	58.38
58.9	58.39
58.1	58.40
58.6	58.41
58.1	58.42
58.3	58.43
58.4	58.44
58.1	58.45
58.8	58.46
58.1	58.47
58.6	58.48
58.7	58.49
58.6	58.50
58.4	58.51
58.7	58.52
58.1	58.53
58.5	58.54
58.6	58.55
58.6	58.56
58.1	58.57
58.1	58.58
58.9	58.59
58.4	58.60
58.9	58.61
58.1	58.62
58.1	58.63
58.2	58.64
59.1	59.1
59.1	59.2
59.5	59.3
59.1	59.4
59.4	59.5
59.1	59.6
59.4	59.7
59.1	59.8
59.1	59.9
59.4	59.10
59.1	59.11
59.1	59.12
59.4	59.13
59.1	59.14
59.1	59.15
59.4	59.16
59.5	59.17
59.1	59.18
59.1	59.19
59.5	59.20
59.1	59.21
59.1	59.22
59.1	59.23
59.3	59.24
59.1	59.25
59.1	59.26
59.1	59.27
59.4	59.28
59.1	59.29
59.1	59.30
59.1	59.31
59.3	59.32
59.1	59.33
59.6	59.34
59.4	59.35
59.4	59.36
59.3	59.37
59.3	59.38
59.1	59.39
59.1	59.40
59.5	59.41
59.4	59.42
59.4	59.43
59.1	59.44
59.1	59.45
59.1	59.46
59.4	59.47
59.1	59.48
59.4	59.49
59.1	59.50
59.1	59.51
59.1	59.52
59.5	59.53
59.1	59.54
59.1	59.55
59.1	59.56
59.4	59.57
59.3	59.58
59.1	59.59
59.5	59.60
59.5	59.61
59.1	59.62
59.2	59.63
59.1	59.64
60.1	60.1
60.1	60.2
60.1	60.3
60.1	60.4
60.1	60.5
60.1	60.6
60.11	60.7
60.1	60.8
60.13	60.9
60.1	60.10
60.1	60.11
60.1	60.12
60.1	60.13
60.13	60.14
60.1	60.15
60.13	60.16
60.3	60.17
60.1	60.18
60.16	60.19
60.13	60.20
60.1	60.21
60.1	60.22
60.1	60.23
60.13	60.24
60.13	60.25
60.13	60.26
60.1	60.27
60.11	60.28
60.1	60.29
60.12	60.30
60.1	60.31
60.11	60.32
60.14	60.33
60.1	60.34
60.1	60.35
60.2	60.36
60.10	60.37
60.1	60.38
60.5	60.39
60.15	60.40
60.1	60.41
60.8	60.42
60.1	60.43
60.13	60.44
60.4	60.45
60.1	60.46
60.13	60.47
60.1	60.48
60.8	60.49
60.13	60.50
60.1	60.51
60.1	60.52
60.9	60.53
60.1	60.54
60.1	60.55
60.1	60.56
60.13	60.57
60.6	60.58
60.9	60.59
60.1	60.60
60.7	60.61
60.7	60.62
60.16	60.63
60.11	60.64
61.1	61.1
61.7	61.2
61.7	61.3
61.1	61.4
61.7	61.5
61.7	61.6
61.1	61.7
61.1	61.8
61.7	61.9
61.3	61.10
61.1	61.11
61.7	61.12
61.1	61.13
61.7	61.14
61.1	61.15
61.7	61.16
61.7	61.17
61.1	61.18
61.1	61.19
61.7	61.20
61.7	61.21
61.7	61.22
61.1	61.23
61.4	61.24
61.7	61.25
61.7	61.26
61.1	61.27
61.7	61.28
61.6	61.29
61.3	61.30
61.1	61.31
61.1	61.32
61.1	61.33
61.1	61.34
61.3	61.35
61.1	61.36
61.1	61.37
61.7	61.38
61.1	61.39
61.1	61.40
61.1	61.41
61.1	61.42
61.2	61.43
61.6	61.44
61.1	61.45
61.7	61.46
61.1	61.47
61.5	61.48
61.1	61.49
61.7	61.50
61.7	61.51
61.1	61.52
61.7	61.53
61.1	61.54
61.1	61.55
61.1	61.56
61.1	61.57
61.1	61.58
61.1	61.59
61.1	61.60
61.1	61.61
61.1	61.62
61.1	61.63
61.3	61.64
62.14	62.1
62.14	62.2
62.3	62.3
62.14	62.4
62.8	62.5
62.17	62.6
62.9	62.7
62.8	62.8
62.1	62.9
62.14	62.10
62.14	62.11
62.14	62.12
62.5	62.13
62.8	62.14
62.8	62.15
62.15	62.16
62.17	62.17
62.14	62.18
62.1	62.19
62.3	62.20
62.8	62.21
62.3	62.22
62.2	62.23
62.16	62.24
62.15	62.25
62.1	62.26
62.17	62.27
62.1	62.28
62.8	62.29
62.8	62.30
62.10	62.31
62.15	62.32
62.8	62.33
62.1	62.34
62.11	62.35
62.6	62.36
62.3	62.37
62.18	62.38
62.14	62.39
62.1	62.40
62.3	62.41
62.1	62.42
62.15	62.43
62.12	62.44
62.19	62.45
62.3	62.46
62.14	62.47
62.13	62.48
62.7	62.49
62.19	62.50
62.8	62.51
62.8	62.52
62.4	62.53
62.1	62.54
62.3	62.55
62.7	62.56
62.3	62.57
62.15	62.58
62.11	62.59
62.14	62.60
62.19	62.61
62.11	62.62
62.3	62.63
62.11	62.64
63.1	63.1
63.1	63.2
63.1	63.3
63.1	63.4
63.1	63.5
63.1	63.6
63.1	63.7
63.1	63.8
63.1	63.9
63.1	63.10
63.1	63.11
63.1	63.12
63.1	63.13
63.1	63.14
63.1	63.15
63.1	63.16
63.1	63.17
63.1	63.18
63.1	63.19
63.1	63.20
63.1	63.21
63.1	63.22
63.1	63.23
63.1	63.24
63.1	63.25
63.1	63.26
63.1	63.27
63.1	63.28
63.1	63.29
63.1	63.30
63.1	63.31
63.1	63.32
63.1	63.33
63.1	63.34
63.1	63.35
63.1	63.36
63.1	63.37
63.1	63.38
63.1	63.39
63.1	63.40
63.1	63.41
63.1	63.42
63.2	63.43
63.1	63.44
63.1	63.45
63.1	63.46
63.1	63.47
63.1	63.48
63.1	63.49
63.1	63.50
63.3	63.51
63.1	63.52
63.1	63.53
63.1	63.54
63.1	63.55
63.1	63.56
63.1	63.57
63.1	63.58
63.1	63.59
63.1	63.60
63.1	63.61
63.1	63.62
63.1	63.63
63.1	63.64
64.5	64.1
64.1	64.2
64.1	64.3
64.1	64.4
64.1	64.5
64.6	64.6
64.1	64.7
64.1	64.8
64.1	64.9
64.1	64.10
64.1	64.11
64.1	64.12
64.1	64.13
64.1	64.14
64.1	64.15
64.1	64.16
64.1	64.17
64.1	64.18
64.1	64.19
64.1	64.20
64.1	64.21
64.1	64.22
64.1	64.23
64.1	64.24
64.1	64.25
64.1	64.26
64.1	64.27
64.1	64.28
64.2	64.29
64.1	64.30
64.1	64.31
64.1	64.32
64.1	64.33
64.1	64.34
64.1	64.35
64.1	64.36
64.1	64.37
64.1	64.38
64.4	64.39
64.1	64.40
64.1	64.41
64.1	64.42
64.1	64.43
64.1	64.44
64.1	64.45
64.1	64.46
64.3	64.47
64.1	64.48
64.1	64.49
64.1	64.50
64.1	64.51
64.1	64.52
64.1	64.53
64.1	64.54
64.1	64.55
64.1	64.56
64.1	64.57
64.1	64.58
64.1	64.59
64.1	64.60
64.1	64.61
64.1	64.62
64.1	64.63
64.1	64.64
65.5	65.1
65.6	65.2
65.4	65.3
65.6	65.4
65.1	65.5
65.5	65.6
65.1	65.7
65.6	65.8
65.1	65.9
65.6	65.10
65.6	65.11
65.5	65.12
65.6	65.13
65.6	65.14
65.7	65.15
65.6	65.16
65.6	65.17
65.6	65.18
65.1	65.19
65.1	65.20
65.6	65.21
65.1	65.22
65.1	65.23
65.1	65.24
65.6	65.25
65.5	65.26
65.6	65.27
65.7	65.28
65.2	65.29
65.5	65.30
65.6	65.31
65.1	65.32
65.7	65.33
65.6	65.34
65.6	65.35
65.6	65.36
65.7	65.37
65.6	65.38
65.1	65.39
65.6	65.40
65.6	65.41
65.1	65.42
65.5	65.43
65.1	65.44
65.1	65.45
65.5	65.46
65.1	65.47
65.1	65.48
65.6	65.49
65.5	65.50
65.5	65.51
65.6	65.52
65.5	65.53
65.6	65.54
65.6	65.55
65.3	65.56
65.1	65.57
65.1	65.58
65.1	65.59
65.1	65.60
65.1	65.61
65.1	65.62
65.1	65.63
65.5	65.64
66.5	66.1
66.1	66.2
66.5	66.3
66.5	66.4
66.5	66.5
66.1	66.6
66.5	66.7
66.5	66.8
66.1	66.9
66.5	66.10
66.1	66.11
66.5	66.12
66.3	66.13
66.1	66.14
66.1	66.15
66.5	66.16
66.5	66.17
66.5	66.18
66.6	66.19
66.5	66.20
66.5	66.21
66.1	66.22
66.1	66.23
66.6	66.24
66.5	66.25
66.5	66.26
66.5	66.27
66.5	66.28
66.1	66.29
66.1	66.30
66.1	66.31
66.1	66.32
66.1	66.33
66.1	66.34
66.1	66.35
66.7	66.36
66.1	66.37
66.6	66.38
66.1	66.39
66.5	66.40
66.1	66.41
66.5	66.42
66.1	66.43
66.1	66.44
66.6	66.45
66.1	66.46
66.1	66.47
66.5	66.48
66.6	66.49
66.1	66.50
66.6	66.51
66.6	66.52
66.6	66.53
66.4	66.54
66.1	66.55
66.6	66.56
66.1	66.57
66.6	66.58
66.6	66.59
66.4	66.60
66.1	66.61
66.5	66.62
66.2	66.63
66.1	66.64
67.1	67.1
67.4	67.2
67.1	67.3
67.4	67.4
67.5	67.5
67.4	67.6
67.4	67.7
67.4	67.8
67.1	67.9
67.4	67.10
67.5	67.11
67.4	67.12
67.4	67.13
67.5	67.14
67.4	67.15
67.1	67.16
67.1	67.17
67.4	67.18
67.4	67.19
67.1	67.20
67.4	67.21
67.1	67.22
67.5	67.23
67.5	67.24
67.1	67.25
67.1	67.26
67.4	67.27
67.1	67.28
67.4	67.29
67.4	67.30
67.2	67.31
67.1	67.32
67.5	67.33
67.4	67.34
67.1	67.35
67.1	67.36
67.4	67.37
67.1	67.38
67.4	67.39
67.5	67.40
67.4	67.41
67.4	67.42
67.1	67.43
67.1	67.44
67.3	67.45
67.4	67.46
67.4	67.47
67.4	67.48
67.1	67.49
67.5	67.50
67.4	67.51
67.5	67.52
67.5	67.53
67.4	67.54
67.4	67.55
67.4	67.56
67.4	67.57
67.4	67.58
67.1	67.59
67.5	67.60
67.5	67.61
67.5	67.62
67.1	67.63
67.1	67.64
68.1	68.1
68.1	68.2
68.3	68.3
68.1	68.4
68.1	68.5
68.6	68.6
68.1	68.7
68.3	68.8
68.6	68.9
68.3	68.10
68.1	68.11
68.4	68.12
68.1	68.13
68.1	68.14
68.1	68.15
68.6	68.16
68.3	68.17
68.3	68.18
68.1	68.19
68.3	68.20
68.1	68.21
68.6	68.22
68.1	68.23
68.3	68.24
68.1	68.25
68.1	68.26
68.3	68.27
68.4	68.28
68.6	68.29
68.1	68.30
68.1	68.31
68.1	68.32
68.6	68.33
68.1	68.34
68.1	68.35
68.4	68.36
68.5	68.37
68.1	68.38
68.1	68.39
68.1	68.40
68.1	68.41
68.1	68.42
68.3	68.43
68.3	68.44
68.3	68.45
68.6	68.46
68.3	68.47
68.1	68.48
68.1	68.49
68.1	68.50
68.2	68.51
68.1	68.52
68.1	68.53
68.3	68.54
68.1	68.55
68.3	68.56
68.3	68.57
68.3	68.58
68.3	68.59
68.1	68.60
68.1	68.61
68.3	68.62
68.1	68.63
68.3	68.64
69.1	69.1
69.4	69.2
69.1	69.3
69.1	69.4
69.1	69.5
69.4	69.6
69.1	69.7
69.3	69.8
69.1	69.9
69.1	69.10
69.1	69.11
69.1	69.12
69.4	69.13
69.1	69.14
69.2	69.15
69.1	69.16
69.1	69.17
69.1	69.18
69.1	69.19
69.1	69.20
69.4	69.21
69.1	69.22
69.1	69.23
69.4	69.24
69.4	69.25
69.1	69.26
69.4	69.27
69.1	69.28
69.1	69.29
69.4	69.30
69.1	69.31
69.1	69.32
69.1	69.33
69.4	69.34
69.1	69.35
69.4	69.36
69.4	69.37
69.1	69.38
69.1	69.39
69.1	69.40
69.1	69.41
69.4	69.42
69.3	69.43
69.1	69.44
69.4	69.45
69.1	69.46
69.1	69.47
69.1	69.48
69.1	69.49
69.4	69.50
69.1	69.51
69.4	69.52
69.1	69.53
69.1	69.54
69.1	69.55
69.1	69.56
69.4	69.57
69.1	69.58
69.1	69.59
69.3	69.60
69.1	69.61
69.1	69.62
69.1	69.63
69.1	69.64
70.1	70.1
70.1	70.2
70.1	70.3
70.1	70.4
70.1	70.5
70.3	70.6
70.8	70.7
70.1	70.8
70.1	70.9
70.1	70.10
70.1	70.11
70.1	70.12
70.1	70.13
70.5	70.14
70.1	70.15
70.1	70.16
70.1	70.17
70.1	70.18
70.1	70.19
70.1	70.20
70.1	70.21
70.1	70.22
70.1	70.23
70.1	70.24
70.5	70.25
70.5	70.26
70.1	70.27
70.1	70.28
70.1	70.29
70.1	70.30
70.1	70.31
70.4	70.32
70.2	70.33
70.6	70.34
70.1	70.35
70.1	70.36
70.1	70.37
70.1	70.38
70.1	70.39
70.1	70.40
70.1	70.41
70.1	70.42
70.5	70.43
70.5	70.44
70.5	70.45
70.1	70.46
70.1	70.47
70.1	70.48
70.1	70.49
70.1	70.50
70.1	70.51
70.1	70.52
70.5	70.53
70.8	70.54
70.1	70.55
70.7	70.56
70.5	70.57
70.1	70.58
70.1	70.59
70.1	70.60
70.1	70.61
70.1	70.62
70.1	70.63
70.1	70.64
71.5	71.1
71.6	71.2
71.6	71.3
71.8	71.4
71.1	71.5
71.1	71.6
71.6	71.7
71.6	71.8
71.8	71.9
71.6	71.10
71.6	71.11
71.1	71.12
71.1	71.13
71.8	71.14
71.1	71.15
71.1	71.16
71.8	71.17
71.8	71.18
71.1	71.19
71.6	71.20
71.1	71.21
71.7	71.22
71.8	71.23
71.1	71.24
71.5	71.25
71.3	71.26
71.3	71.27
71.1	71.28
71.6	71.29
71.1	71.30
71.8	71.31
71.1	71.32
71.7	71.33
71.3	71.34
71.1	71.35
71.2	71.36
71.8	71.37
71.6	71.38
71.8	71.39
71.3	71.40
71.3	71.41
71.3	71.42
71.6	71.43
71.4	71.44
71.8	71.45
71.6	71.46
71.6	71.47
71.8	71.48
71.3	71.49
71.3	71.50
71.6	71.51
71.3	71.52
71.3	71.53
71.6	71.54
71.8	71.55
71.6	71.56
71.3	71.57
71.5	71.58
71.3	71.59
71.4	71.60
71.8	71.61
71.8	71.62
71.6	71.63
71.8	71.64
72.1	72.1
72.1	72.2
72.1	72.3
72.1	72.4
72.1	72.5
72.1	72.6
72.1	72.7
72.1	72.8
72.1	72.9
72.1	72.10
72.1	72.11
72.2	72.12
72.1	72.13
72.1	72.14
72.1	72.15
72.1	72.16
72.1	72.17
72.1	72.18
72.1	72.19
72.1	72.20
72.1	72.21
72.1	72.22
72.1	72.23
72.1	72.24
72.1	72.25
72.1	72.26
72.1	72.27
72.1	72.28
72.1	72.29
72.1	72.30
72.1	72.31
72.1	72.32
72.1	72.33
72.1	72.34
72.1	72.35
72.1	72.36
72.1	72.37
72.1	72.38
72.1	72.39
72.1	72.40
72.1	72.41
72.1	72.42
72.1	72.43
72.1	72.44
72.1	72.45
72.1	72.46
72.1	72.47
72.1	72.48
72.1	72.49
72.1	72.50
72.1	72.51
72.1	72.52
72.1	72.53
72.1	72.54
72.1	72.55
72.1	72.56
72.1	72.57
72.1	72.58
72.1	72.59
72.1	72.60
72.1	72.61
72.1	72.62
72.1	72.63
72.1	72.64
73.1	73.1
73.3	73.2
73.3	73.3
73.3	73.4
73.2	73.5
73.3	73.6
73.3	73.7
73.3	73.8
73.3	73.9
73.3	73.10
73.3	73.11
73.3	73.12
73.1	73.13
73.3	73.14
73.3	73.15
73.3	73.16
73.3	73.17
73.3	73.18
73.3	73.19
73.3	73.20
73.3	73.21
73.3	73.22
73.3	73.23
73.1	73.24
73.1	73.25
73.3	73.26
73.3	73.27
73.4	73.28
73.1	73.29
73.3	73.30
73.1	73.31
73.1	73.32
73.3	73.33
73.3	73.34
73.1	73.35
73.3	73.36
73.1	73.37
73.3	73.38
73.1	73.39
73.3	73.40
73.3	73.41
73.3	73.42
73.3	73.43
73.1	73.44
73.3	73.45
73.1	73.46
73.3	73.47
73.1	73.48
73.1	73.49
73.3	73.50
73.3	73.51
73.3	73.52
73.3	73.53
73.1	73.54
73.1	73.55
73.1	73.56
73.1	73.57
73.3	73.58
73.1	73.59
73.1	73.60
73.1	73.61
73.3	73.62
73.4	73.63
73.3	73.64
74.5	74.1
74.5	74.2
74.5	74.3
74.1	74.4
74.5	74.5
74.5	74.6
74.1	74.7
74.6	74.8
74.5	74.9
74.5	74.10
74.5	74.11
74.5	74.12
74.5	74.13
74.5	74.14
74.5	74.15
74.5	74.16
74.5	74.17
74.5	74.18
74.5	74.19
74.5	74.20
74.5	74.21
74.1	74.22
74.5	74.23
74.5	74.24
74.5	74.25
74.1	74.26
74.1	74.27
74.5	74.28
74.5	74.29
74.5	74.30
74.5	74.31
74.5	74.32
74.5	74.33
74.5	74.34
74.5	74.35
74.5	74.36
74.1	74.37
74.5	74.38
74.5	74.39
74.5	74.40
74.6	74.41
74.5	74.42
74.5	74.43
74.5	74.44
74.5	74.45
74.1	74.46
74.5	74.47
74.5	74.48
74.6	74.49
74.3	74.50
74.4	74.51
74.1	74.52
74.5	74.53
74.5	74.54
74.1	74.55
74.1	74.56
74.5	74.57
74.5	74.58
74.5	74.59
74.2	74.60
74.5	74.61
74.1	74.62
74.5	74.63
74.4	74.64
75.3	75.1
75.8	75.2
75.8	75.3
75.3	75.4
75.8	75.5
75.3	75.6
75.7	75.7
75.8	75.8
75.8	75.9
75.8	75.10
75.3	75.11
75.3	75.12
75.3	75.13
75.8	75.14
75.3	75.15
75.7	75.16
75.9	75.17
75.8	75.18
75.8	75.19
75.2	75.20
75.3	75.21
75.8	75.22
75.8	75.23
75.4	75.24
75.1	75.25
75.3	75.26
75.7	75.27
75.8	75.28
75.1	75.29
75.7	75.30
75.8	75.31
75.3	75.32
75.3	75.33
75.8	75.34
75.8	75.35
75.3	75.36
75.8	75.37
75.8	75.38
75.6	75.39
75.3	75.40
75.8	75.41
75.8	75.42
75.8	75.43
75.7	75.44
75.5	75.45
75.5	75.46
75.6	75.47
75.8	75.48
75.8	75.49
75.7	75.50
75.7	75.51
75.9	75.52
75.8	75.53
75.8	75.54
75.8	75.55
75.7	75.56
75.10	75.57
75.8	75.58
75.3	75.59
75.3	75.60
75.9	75.61
75.7	75.62
75.9	75.63
75.8	75.64
76.1	76.1
76.1	76.2
76.1	76.3
76.1	76.4
76.1	76.5
76.1	76.6
76.1	76.7
76.1	76.8
76.1	76.9
76.4	76.10
76.1	76.11
76.1	76.12
76.1	76.13
76.1	76.14
76.1	76.15
76.4	76.16
76.4	76.17
76.1	76.18
76.1	76.19
76.1	76.20
76.5	76.21
76.1	76.22
76.4	76.23
76.1	76.24
76.1	76.25
76.1	76.26
76.1	76.27
76.1	76.28
76.1	76.29
76.1	76.30
76.4	76.31
76.1	76.32
76.1	76.33
76.1	76.34
76.1	76.35
76.4	76.36
76.1	76.37
76.1	76.38
76.1	76.39
76.1	76.40
76.4	76.41
76.1	76.42
76.4	76.43
76.4	76.44
76.1	76.45
76.1	76.46
76.1	76.47
76.1	76.48
76.1	76.49
76.4	76.50
76.1	76.51
76.4	76.52
76.1	76.53
76.4	76.54
76.2	76.55
76.1	76.56
76.1	76.57
76.1	76.58
76.1	76.59
76.1	76.60
76.1	76.61
76.3	76.62
76.4	76.63
76.1	76.64
77.7	77.1
77.1	77.2
77.7	77.3
77.10	77.4
77.7	77.5
77.7	77.6
77.7	77.7
77.10	77.8
77.7	77.9
77.10	77.10
77.7	77.11
77.10	77.12
77.7	77.13
77.7	77.14
77.7	77.15
77.7	77.16
77.2	77.17
77.7	77.18
77.7	77.19
77.7	77.20
77.10	77.21
77.7	77.22
77.10	77.23
77.7	77.24
77.7	77.25
77.10	77.26
77.1	77.27
77.7	77.28
77.4	77.29
77.10	77.30
77.7	77.31
77.7	77.32
77.10	77.33
77.9	77.34
77.1	77.35
77.7	77.36
77.7	77.37
77.10	77.38
77.8	77.39
77.8	77.40
77.10	77.41
77.7	77.42
77.7	77.43
77.10	77.44
77.6	77.45
77.1	77.46
77.5	77.47
77.5	77.48
77.7	77.49
77.7	77.50
77.10	77.51
77.10	77.52
77.4	77.53
77.3	77.54
77.7	77.55
77.7	77.56
77.1	77.57
77.7	77.58
77.7	77.59
77.7	77.60
77.7	77.61
77.7	77.62
77.7	77.63
77.10	77.64
78.7	78.1
78.1	78.2
78.4	78.3
78.8	78.4
78.4	78.5
78.1	78.6
78.4	78.7
78.2	78.8
78.8	78.9
78.4	78.10
78.4	78.11
78.1	78.12
78.7	78.13
78.8	78.14
78.4	78.15
78.4	78.16
78.4	78.17
78.7	78.18
78.4	78.19
78.8	78.20
78.1	78.21
78.8	78.22
78.4	78.23
78.4	78.24
78.8	78.25
78.1	78.26
78.4	78.27
78.4	78.28
78.4	78.29
78.4	78.30
78.4	78.31
78.4	78.32
78.8	78.33
78.4	78.34
78.4	78.35
78.4	78.36
78.5	78.37
78.8	78.38
78.4	78.39
78.1	78.40
78.4	78.41
78.4	78.42
78.6	78.43
78.4	78.44
78.4	78.45
78.4	78.46
78.3	78.47
78.4	78.48
78.4	78.49
78.1	78.50
78.7	78.51
78.4	78.52
78.7	78.53
78.8	78.54
78.4	78.55
78.7	78.56
78.4	78.57
78.4	78.58
78.8	78.59
78.4	78.60
78.4	78.61
78.8	78.62
78.8	78.63
78.4	78.64
79.10	79.1
79.7	79.2
79.10	79.3
79.11	79.4
79.11	79.5
79.11	79.6
79.8	79.7
79.11	79.8
79.8	79.9
79.11	79.10
79.15	79.11
79.10	79.12
79.11	79.13
79.3	79.14
79.1	79.15
79.11	79.16
79.7	79.17
79.1	79.18
79.11	79.19
79.12	79.20
79.14	79.21
79.11	79.22
79.8	79.23
79.8	79.24
79.8	79.25
79.10	79.26
79.7	79.27
79.10	79.28
79.8	79.29
79.1	79.30
79.11	79.31
79.8	79.32
79.13	79.33
79.13	79.34
79.12	79.35
79.9	79.36
79.10	79.37
79.2	79.38
79.10	79.39
79.11	79.40
79.14	79.41
79.6	79.42
79.10	79.43
79.4	79.44
79.4	79.45
79.1	79.46
79.8	79.47
79.12	79.48
79.4	79.49
79.5	79.50
79.15	79.51
79.8	79.52
79.11	79.53
79.15	79.54
79.11	79.55
79.8	79.56
79.16	79.57
79.4	79.58
79.12	79.59
79.11	79.60
79.11	79.61
79.12	79.62
79.11	79.63
79.8	79.64
80.1	80.1
80.1	80.2
80.8	80.3
80.1	80.4
80.1	80.5
80.7	80.6
80.1	80.7
80.2	80.8
80.7	80.9
80.7	80.10
80.11	80.11
80.10	80.12
80.7	80.13
80.7	80.14
80.9	80.15
80.10	80.16
80.10	80.17
80.11	80.18
80.10	80.19
80.10	80.20
80.12	80.21
80.7	80.22
80.1	80.23
80.6	80.24
80.7	80.25
80.7	80.26
80.1	80.27
80.7	80.28
80.1	80.29
80.1	80.30
80.6	80.31
80.9	80.32
80.1	80.33
80.7	80.34
80.1	80.35
80.10	80.36
80.10	80.37
80.7	80.38
80.10	80.39
80.1	80.40
80.7	80.41
80.10	80.42
80.1	80.43
80.5	80.44
80.7	80.45
80.7	80.46
80.6	80.47
80.10	80.48
80.7	80.49
80.5	80.50
80.10	80.51
80.7	80.52
80.10	80.53
80.4	80.54
80.10	80.55
80.1	80.56
80.1	80.57
80.10	80.58
80.11	80.59
80.1	80.60
80.11	80.61
80.3	80.62
80.10	80.63
80.10	80.64
81.1	81.1
81.4	81.2
81.4	81.3
81.4	81.4
81.4	81.5
81.1	81.6
81.4	81.7
81.4	81.8
81.4	81.9
81.4	81.10
81.4	81.11
81.1	81.12
81.1	81.13
81.4	81.14
81.4	81.15
81.4	81.16
81.1	81.17
81.4	81.18
81.3	81.19
81.1	81.20
81.4	81.21
81.1	81.22
81.4	81.23
81.4	81.24
81.4	81.25
81.4	81.26
81.1	81.27
81.1	81.28
81.1	81.29
81.1	81.30
81.4	81.31
81.1	81.32
81.1	81.33
81.1	81.34
81.4	81.35
81.4	81.36
81.4	81.37
81.4	81.38
81.1	81.39
81.3	81.40
81.3	81.41
81.4	81.42
81.4	81.43
81.4	81.44
81.4	81.45
81.1	81.46
81.1	81.47
81.4	81.48
81.1	81.49
81.4	81.50
81.1	81.51
81.4	81.52
81.3	81.53
81.4	81.54
81.4	81.55
81.1	81.56
81.4	81.57
81.4	81.58
81.3	81.59
81.1	81.60
81.1	81.61
81.2	81.62
81.4	81.63
81.3	81.64
82.1	82.1
82.1	82.2
82.1	82.3
82.1	82.4
82.1	82.5
82.1	82.6
82.1	82.7
82.1	82.8
82.1	82.9
82.1	82.10
82.1	82.11
82.1	82.12
82.1	82.13
82.1	82.14
82.1	82.15
82.1	82.16
82.1	82.17
82.1	82.18
82.1	82.19
82.1	82.20
82.1	82.21
82.1	82.22
82.2	82.23
82.1	82.24
82.1	82.25
82.1	82.26
82.1	82.27
82.1	82.28
82.1	82.29
82.1	82.30
82.1	82.31
82.1	82.32
82.1	82.33
82.1	82.34
82.1	82.35
82.1	82.36
82.1	82.37
82.1	82.38
82.1	82.39
82.1	82.40
82.1	82.41
82.1	82.42
82.1	82.43
82.1	82.44
82.1	82.45
82.1	82.46
82.1	82.47
82.1	82.48
82.1	82.49
82.1	82.50
82.1	82.51
82.1	82.52
82.1	82.53
82.1	82.54
82.1	82.55
82.1	82.56
82.3	82.57
82.1	82.58
82.1	82.59
82.1	82.60
82.1	82.61
82.4	82.62
82.1	82.63
82.1	82.64
83.9	83.1
83.11	83.2
83.9	83.3
83.9	83.4
83.3	83.5
83.12	83.6
83.10	83.7
83.10	83.8
83.9	83.9
83.7	83.10
83.5	83.11
83.9	83.12
83.4	83.13
83.1	83.14
83.4	83.15
83.9	83.16
83.4	83.17
83.9	83.18
83.11	83.19
83.9	83.20
83.11	83.21
83.1	83.22
83.9	83.23
83.12	83.24
83.1	83.25
83.9	83.26
83.9	83.27
83.12	83.28
83.5	83.29
83.11	83.30
83.9	83.31
83.2	83.32
83.4	83.33
83.1	83.34
83.9	83.35
83.4	83.36
83.11	83.37
83.9	83.38
83.6	83.39
83.7	83.40
83.4	83.41
83.9	83.42
83.10	83.43
83.9	83.44
83.9	83.45
83.11	83.46
83.11	83.47
83.9	83.48
83.9	83.49
83.11	83.50
83.11	83.51
83.11	83.52
83.7	83.53
83.11	83.54
83.9	83.55
83.11	83.56
83.10	83.57
83.11	83.58
83.11	83.59
83.9	83.60
83.11	83.61
83.9	83.62
83.9	83.63
83.8	83.64
84.1	84.1
84.1	84.2
84.1	84.3
84.1	84.4
84.1	84.5
84.1	84.6
84.4	84.7
84.4	84.8
84.1	84.9
84.1	84.10
84.1	84.11
84.1	84.12
84.1	84.13
84.1	84.14
84.1	84.15
84.1	84.16
84.1	84.17
84.1	84.18
84.1	84.19
84.1	84.20
84.1	84.21
84.1	84.22
84.1	84.23
84.1	84.24
84.1	84.25
84.1	84.26
84.1	84.27
84.1	84.28
84.1	84.29
84.1	84.30
84.1	84.31
84.1	84.32
84.4	84.33
84.1	84.34
84.1	84.35
84.1	84.36
84.1	84.37
84.1	84.38
84.1	84.39
84.1	84.40
84.1	84.41
84.1	84.42
84.1	84.43
84.1	84.44
84.1	84.45
84.1	84.46
84.1	84.47
84.1	84.48
84.1	84.49
84.1	84.50
84.2	84.51
84.1	84.52
84.1	84.53
84.3	84.54
84.1	84.55
84.1	84.56
84.1	84.57
84.1	84.58
84.1	84.59
84.4	84.60
84.1	84.61
84.1	84.62
84.1	84.63
84.1	84.64
85.1	85.1
85.1	85.2
85.1	85.3
85.1	85.4
85.1	85.5
85.1	85.6
85.1	85.7
85.1	85.8
85.1	85.9
85.1	85.10
85.1	85.11
85.2	85.12
85.3	85.13
85.1	85.14
85.4	85.15
85.1	85.16
85.1	85.17
85.1	85.18
85.4	85.19
85.1	85.20
85.1	85.21
85.4	85.22
85.1	85.23
85.1	85.24
85.4	85.25
85.1	85.26
85.1	85.27
85.1	85.28
85.4	85.29
85.1	85.30
85.4	85.31
85.1	85.32
85.1	85.33
85.1	85.34
85.1	85.35
85.1	85.36
85.1	85.37
85.1	85.38
85.1	85.39
85.4	85.40
85.1	85.41
85.4	85.42
85.1	85.43
85.1	85.44
85.1	85.45
85.1	85.46
85.1	85.47
85.1	85.48
85.1	85.49
85.1	85.50
85.1	85.51
85.1	85.52
85.1	85.53
85.1	85.54
85.1	85.55
85.1	85.56
85.1	85.57
85.4	85.58
85.4	85.59
85.1	85.60
85.1	85.61
85.1	85.62
85.4	85.63
85.1	85.64
86.1	86.1
86.3	86.2
86.3	86.3
86.3	86.4
86.3	86.5
86.3	86.6
86.3	86.7
86.3	86.8
86.3	86.9
86.3	86.10
86.1	86.11
86.1	86.12
86.3	86.13
86.3	86.14
86.1	86.15
86.3	86.16
86.3	86.17
86.3	86.18
86.3	86.19
86.3	86.20
86.3	86.21
86.3	86.22
86.3	86.23
86.3	86.24
86.3	86.25
86.3	86.26
86.1	86.27
86.3	86.28
86.3	86.29
86.1	86.30
86.3	86.31
86.3	86.32
86.3	86.33
86.3	86.34
86.2	86.35
86.3	86.36
86.3	86.37
86.3	86.38
86.3	86.39
86.1	86.40
86.3	86.41
86.3	86.42
86.3	86.43
86.3	86.44
86.3	86.45
86.3	86.46
86.3	86.47
86.1	86.48
86.3	86.49
86.1	86.50
86.3	86.51
86.3	86.52
86.3	86.53
86.3	86.54
86.3	86.55
86.3	86.56
86.3	86.57
86.3	86.58
86.3	86.59
86.3	86.60
86.3	86.61
86.3	86.62
86.3	86.63
86.3	86.64
87.4	87.1
87.8	87.2
87.8	87.3
87.6	87.4
87.11	87.5
87.12	87.6
87.6	87.7
87.8	87.8
87.16	87.9
87.6	87.10
87.16	87.11
87.6	87.12
87.8	87.13
87.15	87.14
87.13	87.15
87.13	87.16
87.12	87.17
87.14	87.18
87.13	87.19
87.8	87.20
87.14	87.21
87.12	87.22
87.8	87.23
87.13	87.24
87.11	87.25
87.10	87.26
87.8	87.27
87.14	87.28
87.3	87.29
87.4	87.30
87.11	87.31
87.13	87.32
87.9	87.33
87.13	87.34
87.2	87.35
87.13	87.36
87.4	87.37
87.4	87.38
87.4	87.39
87.14	87.40
87.12	87.41
87.8	87.42
87.11	87.43
87.1	87.44
87.4	87.45
87.1	87.46
87.1	87.47
87.14	87.48
87.16	87.49
87.5	87.50
87.1	87.51
87.4	87.52
87.6	87.53
87.11	87.54
87.12	87.55
87.8	87.56
87.16	87.57
87.11	87.58
87.8	87.59
87.4	87.60
87.11	87.61
87.7	87.62
87.8	87.63
87.4	87.64
88.6	88.1
88.6	88.2
88.1	88.3
88.1	88.4
88.9	88.5
88.6	88.6
88.9	88.7
88.9	88.8
88.9	88.9
88.8	88.10
88.9	88.11
88.3	88.12
88.6	88.13
88.5	88.14
88.9	88.15
88.9	88.16
88.1	88.17
88.9	88.18
88.5	88.19
88.5	88.20
88.6	88.21
88.5	88.22
88.1	88.23
88.1	88.24
88.1	88.25
88.1	88.26
88.9	88.27
88.6	88.28
88.8	88.29
88.9	88.30
88.3	88.31
88.4	88.32
88.1	88.33
88.9	88.34
88.7	88.35
88.9	88.36
88.9	88.37
88.9	88.38
88.5	88.39
88.9	88.40
88.1	88.41
88.6	88.42
88.7	88.43
88.4	88.44
88.1	88.45
88.9	88.46
88.9	88.47
88.2	88.48
88.1	88.49
88.9	88.50
88.6	88.51
88.9	88.52
88.9	88.53
88.1	88.54
88.6	88.55
88.6	88.56
88.6	88.57
88.1	88.58
88.9	88.59
88.5	88.60
88.9	88.61
88.1	88.62
88.9	88.63
88.6	88.64
89.8	89.1
89.1	89.2
89.7	89.3
89.1	89.4
89.1	89.5
89.7	89.6
89.4	89.7
89.4	89.8
89.6	89.9
89.6	89.10
89.4	89.11
89.4	89.12
89.1	89.13
89.8	89.14
89.1	89.15
89.1	89.16
89.4	89.17
89.8	89.18
89.8	89.19
89.1	89.20
89.6	89.21
89.7	89.22
89.2	89.23
89.4	89.24
89.1	89.25
89.4	89.26
89.4	89.27
89.7	89.28
89.8	89.29
89.4	89.30
89.6	89.31
89.4	89.32
89.8	89.33
89.3	89.34
89.4	89.35
89.1	89.36
89.6	89.37
89.1	89.38
89.8	89.39
89.1	89.40
89.7	89.41
89.4	89.42
89.4	89.43
89.1	89.44
89.6	89.45
89.1	89.46
89.1	89.47
89.8	89.48
89.4	89.49
89.1	89.50
89.4	89.51
89.4	89.52
89.5	89.53
89.1	89.54
89.4	89.55
89.6	89.56
89.8	89.57
89.6	89.58
89.6	89.59
89.4	89.60
89.1	89.61
89.4	89.62
89.8	89.63
89.1	89.64
90.3	90.1
90.3	90.2
90.3	90.3
90.3	90.4
90.3	90.5
90.3	90.6
90.3	90.7
90.3	90.8
90.3	90.9
90.3	90.10
90.3	90.11
90.3	90.12
90.3	90.13
90.3	90.14
90.3	90.15
90.3	90.16
90.3	90.17
90.3	90.18
90.3	90.19
90.3	90.20
90.3	90.21
90.3	90.22
90.3	90.23
90.3	90.24
90.3	90.25
90.3	90.26
90.3	90.27
90.3	90.28
90.3	90.29
90.3	90.30
90.3	90.31
90.3	90.32
90.3	90.33
90.3	90.34
90.3	90.35
90.3	90.36
90.3	90.37
90.2	90.38
90.3	90.39
90.3	90.40
90.3	90.41
90.3	90.42
90.3	90.43
90.3	90.44
90.3	90.45
90.3	90.46
90.3	90.47
90.3	90.48
90.3	90.49
90.3	90.50
90.3	90.51
90.3	90.52
90.3	90.53
90.3	90.54
90.3	90.55
90.3	90.56
90.3	90.57
90.3	90.58
90.3	90.59
90.3	90.60
90.3	90.61
90.3	90.62
90.3	90.63
90.1	90.64
91.1	91.1
91.1	91.2
91.3	91.3
91.1	91.4
91.1	91.5
91.1	91.6
91.1	91.7
91.1	91.8
91.1	91.9
91.1	91.10
91.1	91.11
91.1	91.12
91.1	91.13
91.1	91.14
91.1	91.15
91.1	91.16
91.1	91.17
91.1	91.18
91.1	91.19
91.1	91.20
91.3	91.21
91.1	91.22
91.3	91.23
91.1	91.24
91.1	91.25
91.1	91.26
91.1	91.27
91.1	91.28
91.3	91.29
91.1	91.30
91.1	91.31
91.1	91.32
91.1	91.33
91.1	91.34
91.1	91.35
91.1	91.36
91.1	91.37
91.3	91.38
91.4	91.39
91.1	91.40
91.1	91.41
91.2	91.42
91.1	91.43
91.3	91.44
91.1	91.45
91.3	91.46
91.1	91.47
91.1	91.48
91.1	91.49
91.3	91.50
91.1	91.51
91.1	91.52
91.1	91.53
91.1	91.54
91.1	91.55
91.1	91.56
91.1	91.57
91.1	91.58
91.1	91.59
91.3	91.60
91.1	91.61
91.1	91.62
91.1	91.63
91.1	91.64
92.1	92.1
92.1	92.2
92.4	92.3
92.1	92.4
92.1	92.5
92.1	92.6
92.4	92.7
92.1	92.8
92.4	92.9
92.4	92.10
92.1	92.11
92.1	92.12
92.1	92.13
92.4	92.14
92.1	92.15
92.1	92.16
92.1	92.17
92.1	92.18
92.1	92.19
92.1	92.20
92.1	92.21
92.1	92.22
92.3	92.23
92.1	92.24
92.1	92.25
92.1	92.26
92.1	92.27
92.4	92.28
92.1	92.29
92.1	92.30
92.4	92.31
92.4	92.32
92.1	92.33
92.4	92.34
92.1	92.35
92.4	92.36
92.1	92.37
92.4	92.38
92.4	92.39
92.1	92.40
92.1	92.41
92.1	92.42
92.1	92.43
92.1	92.44
92.1	92.45
92.1	92.46
92.1	92.47
92.1	92.48
92.1	92.49
92.1	92.50
92.2	92.51
92.1	92.52
92.1	92.53
92.4	92.54
92.1	92.55
92.4	92.56
92.4	92.57
92.1	92.58
92.1	92.59
92.1	92.60
92.1	92.61
92.1	92.62
92.1	92.63
92.1	92.64
93.1	93.1
93.1	93.2
93.1	93.3
93.1	93.4
93.1	93.5
93.1	93.6
93.1	93.7
93.1	93.8
93.1	93.9
93.1	93.10
93.1	93.11
93.1	93.12
93.1	93.13
93.1	93.14
93.1	93.15
93.1	93.16
93.1	93.17
93.1	93.18
93.1	93.19
93.1	93.20
93.1	93.21
93.1	93.22
93.1	93.23
93.1	93.24
93.1	93.25
93.1	93.26
93.1	93.27
93.1	93.28
93.1	93.29
93.1	93.30
93.1	93.31
93.1	93.32
93.3	93.33
93.1	93.34
93.1	93.35
93.1	93.36
93.1	93.37
93.1	93.38
93.1	93.39
93.1	93.40
93.1	93.41
93.1	93.42
93.1	93.43
93.1	93.44
93.1	93.45
93.1	93.46
93.1	93.47
93.1	93.48
93.1	93.49
93.1	93.50
93.1	93.51
93.1	93.52
93.1	93.53
93.1	93.54
93.1	93.55
93.1	93.56
93.1	93.57
93.3	93.58
93.2	93.59
93.1	93.60
93.1	93.61
93.1	93.62
93.1	93.63
93.1	93.64
94.1	94.1
94.1	94.2
94.1	94.3
94.1	94.4
94.1	94.5
94.1	94.6
94.1	94.7
94.1	94.8
94.1	94.9
94.1	94.10
94.1	94.11
94.1	94.12
94.1	94.13
94.1	94.14
94.1	94.15
94.1	94.16
94.1	94.17
94.1	94.18
94.1	94.19
94.1	94.20
94.1	94.21
94.1	94.22
94.1	94.23
94.1	94.24
94.1	94.25
94.1	94.26
94.1	94.27
94.1	94.28
94.1	94.29
94.1	94.30
94.1	94.31
94.1	94.32
94.1	94.33
94.1	94.34
94.1	94.35
94.2	94.36
94.1	94.37
94.2	94.38
94.1	94.39
94.1	94.40
94.1	94.41
94.1	94.42
94.2	94.43
94.1	94.44
94.1	94.45
94.1	94.46
94.1	94.47
94.1	94.48
94.1	94.49
94.1	94.50
94.1	94.51
94.1	94.52
94.1	94.53
94.1	94.54
94.1	94.55
94.1	94.56
94.1	94.57
94.1	94.58
94.1	94.59
94.1	94.60
94.1	94.61
94.1	94.62
94.1	94.63
94.1	94.64
95.2	95.1
95.9	95.2
95.13	95.3
95.5	95.4
95.9	95.5
95.1	95.6
95.13	95.7
95.3	95.8
95.4	95.9
95.13	95.10
95.13	95.11
95.2	95.12
95.6	95.13
95.10	95.14
95.6	95.15
95.12	95.16
95.13	95.17
95.13	95.18
95.2	95.19
95.13	95.20
95.10	95.21
95.14	95.22
95.15	95.23
95.10	95.24
95.2	95.25
95.12	95.26
95.13	95.27
95.15	95.28
95.13	95.29
95.9	95.30
95.2	95.31
95.2	95.32
95.13	95.33
95.14	95.34
95.10	95.35
95.6	95.36
95.10	95.37
95.9	95.38
95.3	95.39
95.3	95.40
95.11	95.41
95.10	95.42
95.2	95.43
95.15	95.44
95.10	95.45
95.15	95.46
95.10	95.47
95.11	95.48
95.13	95.49
95.2	95.50
95.10	95.51
95.14	95.52
95.2	95.53
95.2	95.54
95.3	95.55
95.8	95.56
95.10	95.57
95.12	95.58
95.10	95.59
95.15	95.60
95.15	95.61
95.10	95.62
95.7	95.63
95.10	95.64
96.3	96.1
96.1	96.2
96.11	96.3
96.8	96.4
96.5	96.5
96.3	96.6
96.11	96.7
96.11	96.8
96.8	96.9
96.9	96.10
96.8	96.11
96.3	96.12
96.9	96.13
96.11	96.14
96.4	96.15
96.11	96.16
96.11	96.17
96.3	96.18
96.3	96.19
96.6	96.20
96.1	96.21
96.8	96.22
96.3	96.23
96.3	96.24
96.11	96.25
96.11	96.26
96.1	96.27
96.8	96.28
96.11	96.29
96.3	96.30
96.3	96.31
96.8	96.32
96.10	96.33
96.3	96.34
96.3	96.35
96.3	96.36
96.4	96.37
96.11	96.38
96.8	96.39
96.1	96.40
96.11	96.41
96.8	96.42
96.3	96.43
96.3	96.44
96.11	96.45
96.3	96.46
96.11	96.47
96.3	96.48
96.3	96.49
96.3	96.50
96.8	96.51
96.11	96.52
96.1	96.53
96.2	96.54
96.11	96.55
96.3	96.56
96.11	96.57
96.7	96.58
96.8	96.59
96.4	96.60
96.11	96.61
96.3	96.62
96.9	96.63
96.1	96.64
97.6	97.1
97.1	97.2
97.6	97.3
97.6	97.4
97.1	97.5
97.5	97.6
97.5	97.7
97.1	97.8
97.1	97.9
97.1	97.10
97.6	97.11
97.6	97.12
97.1	97.13
97.6	97.14
97.1	97.15
97.6	97.16
97.1	97.17
97.6	97.18
97.3	97.19
97.1	97.20
97.1	97.21
97.1	97.22
97.1	97.23
97.1	97.24
97.4	97.25
97.4	97.26
97.1	97.27
97.6	97.28
97.1	97.29
97.5	97.30
97.6	97.31
97.1	97.32
97.1	97.33
97.1	97.34
97.5	97.35
97.6	97.36
97.1	97.37
97.1	97.38
97.6	97.39
97.1	97.40
97.2	97.41
97.1	97.42
97.7	97.43
97.1	97.44
97.1	97.45
97.6	97.46
97.5	97.47
97.6	97.48
97.5	97.49
97.6	97.50
97.5	97.51
97.1	97.52
97.6	97.53
97.1	97.54
97.6	97.55
97.6	97.56
97.1	97.57
97.7	97.58
97.6	97.59
97.1	97.60
97.1	97.61
97.6	97.62
97.1	97.63
97.1	97.64
98.4	98.1
98.4	98.2
98.4	98.3
98.4	98.4
98.4	98.5
98.4	98.6
98.16	98.7
98.4	98.8
98.10	98.9
98.4	98.10
98.15	98.11
98.17	98.12
98.15	98.13
98.10	98.14
98.8	98.15
98.4	98.16
98.17	98.17
98.4	98.18
98.15	98.19
98.14	98.20
98.7	98.21
98.15	98.22
98.4	98.23
98.4	98.24
98.4	98.25
98.15	98.26
98.10	98.27
98.6	98.28
98.7	98.29
98.4	98.30
98.13	98.31
98.12	98.32
98.4	98.33
98.4	98.34
98.15	98.35
98.15	98.36
98.11	98.37
98.10	98.38
98.1	98.39
98.10	98.40
98.7	98.41
98.9	98.42
98.10	98.43
98.10	98.44
98.17	98.45
98.15	98.46
98.4	98.47
98.10	98.48
98.17	98.49
98.7	98.50
98.4	98.51
98.17	98.52
98.17	98.53
98.2	98.54
98.15	98.55
98.10	98.56
98.15	98.57
98.5	98.58
98.10	98.59
98.17	98.60
98.3	98.61
98.4	98.62
98.4	98.63
98.10	98.64
99.6	99.1
99.5	99.2
99.15	99.3
99.13	99.4
99.1	99.5
99.1	99.6
99.18	99.7
99.14	99.8
99.6	99.9
99.5	99.10
99.11	99.11
99.19	99.12
99.4	99.13
99.5	99.14
99.16	99.15
99.14	99.16
99.8	99.17
99.5	99.18
99.5	99.19
99.5	99.20
99.18	99.21
99.6	99.22
99.6	99.23
99.2	99.24
99.19	99.25
99.9	99.26
99.16	99.27
99.12	99.28
99.5	99.29
99.6	99.30
99.5	99.31
99.6	99.32
99.10	99.33
99.6	99.34
99.3	99.35
99.1	99.36
99.4	99.37
99.1	99.38
99.11	99.39
99.10	99.40
99.14	99.41
99.11	99.42
99.1	99.43
99.5	99.44
99.5	99.45
99.7	99.46
99.17	99.47
99.14	99.48
99.19	99.49
99.5	99.50
99.14	99.51
99.15	99.52
99.5	99.53
99.19	99.54
99.19	99.55
99.12	99.56
99.10	99.57
99.15	99.58
99.14	99.59
99.1	99.60
99.11	99.61
99.5	99.62
99.15	99.63
99.11	99.64
100.1	100.1
100.1	100.2
100.1	100.3
100.4	100.4
100.1	100.5
100.1	100.6
100.1	100.7
100.1	100.8
100.1	100.9
100.1	100.10
100.1	100.11
100.1	100.12
100.1	100.13
100.1	100.14
100.1	100.15
100.1	100.16
100.1	100.17
100.1	100.18
100.1	100.19
100.1	100.20
100.1	100.21
100.1	100.22
100.4	100.23
100.1	100.24
100.1	100.25
100.1	100.26
100.1	100.27
100.1	100.28
100.1	100.29
100.1	100.30
100.4	100.31
100.1	100.32
100.1	100.33
100.1	100.34
100.1	100.35
100.1	100.36
100.1	100.37
100.1	100.38
100.1	100.39
100.1	100.40
100.1	100.41
100.1	100.42
100.1	100.43
100.1	100.44
100.1	100.45
100.1	100.46
100.1	100.47
100.1	100.48
100.1	100.49
100.1	100.50
100.4	100.51
100.1	100.52
100.3	100.53
100.1	100.54
100.2	100.55
100.1	100.56
100.1	100.57
100.1	100.58
100.3	100.59
100.1	100.60
100.1	100.61
100.1	100.62
100.1	100.63
100.1	100.64