subTopicID	resultID
1.3	1.1
1.1	1.2
1.5	1.3
1.1	1.4
1.8	1.5
1.5	1.6
1.1	1.7
1.5	1.8
1.1	1.9
1.5	1.10
1.1	1.11
1.1	1.12
1.1	1.13
1.1	1.14
1.1	1.15
1.7	1.16
1.1	1.17
1.5	1.18
1.3	1.19
1.7	1.20
1.1	1.21
1.8	1.22
1.1	1.23
1.5	1.24
1.5	1.25
1.5	1.26
1.5	1.27
1.1	1.28
1.5	1.29
1.7	1.30
1.1	1.31
1.1	1.32
1.5	1.33
1.3	1.34
1.5	1.35
1.5	1.36
1.8	1.37
1.7	1.38
1.4	1.39
1.3	1.40
1.5	1.41
1.1	1.42
1.5	1.43
1.1	1.44
1.5	1.45
1.3	1.46
1.5	1.47
1.8	1.48
1.4	1.49
1.4	1.50
1.8	1.51
1.3	1.52
1.1	1.53
1.3	1.54
1.6	1.55
1.1	1.56
1.5	1.57
1.3	1.58
1.3	1.59
1.5	1.60
1.2	1.61
1.5	1.62
1.1	1.63
1.5	1.64
2.10	2.1
2.10	2.2
2.10	2.3
2.6	2.4
2.1	2.5
2.10	2.6
2.10	2.7
2.10	2.8
2.6	2.9
2.10	2.10
2.6	2.11
2.9	2.12
2.6	2.13
2.6	2.14
2.6	2.15
2.6	2.16
2.1	2.17
2.6	2.18
2.6	2.19
2.10	2.20
2.1	2.21
2.3	2.22
2.5	2.23
2.6	2.24
2.10	2.25
2.6	2.26
2.10	2.27
2.8	2.28
2.1	2.29
2.10	2.30
2.10	2.31
2.10	2.32
2.6	2.33
2.10	2.34
2.10	2.35
2.8	2.36
2.10	2.37
2.8	2.38
2.1	2.39
2.2	2.40
2.10	2.41
2.7	2.42
2.6	2.43
2.10	2.44
2.6	2.45
2.7	2.46
2.1	2.47
2.4	2.48
2.10	2.49
2.1	2.50
2.10	2.51
2.10	2.52
2.8	2.53
2.10	2.54
2.10	2.55
2.1	2.56
2.1	2.57
2.8	2.58
2.1	2.59
2.8	2.60
2.10	2.61
2.1	2.62
2.8	2.63
2.1	2.64
3.1	3.1
3.1	3.2
3.8	3.3
3.10	3.4
3.1	3.5
3.8	3.6
3.8	3.7
3.1	3.8
3.1	3.9
3.1	3.10
3.1	3.11
3.1	3.12
3.1	3.13
3.8	3.14
3.1	3.15
3.8	3.16
3.8	3.17
3.1	3.18
3.10	3.19
3.8	3.20
3.1	3.21
3.8	3.22
3.9	3.23
3.8	3.24
3.1	3.25
3.8	3.26
3.7	3.27
3.1	3.28
3.8	3.29
3.10	3.30
3.1	3.31
3.8	3.32
3.1	3.33
3.8	3.34
3.1	3.35
3.1	3.36
3.8	3.37
3.5	3.38
3.2	3.39
3.8	3.40
3.8	3.41
3.8	3.42
3.1	3.43
3.8	3.44
3.1	3.45
3.8	3.46
3.10	3.47
3.8	3.48
3.1	3.49
3.6	3.50
3.4	3.51
3.1	3.52
3.1	3.53
3.8	3.54
3.1	3.55
3.8	3.56
3.8	3.57
3.3	3.58
3.1	3.59
3.8	3.60
3.1	3.61
3.1	3.62
3.6	3.63
3.8	3.64
4.5	4.1
4.4	4.2
4.1	4.3
4.1	4.4
4.1	4.5
4.6	4.6
4.1	4.7
4.1	4.8
4.5	4.9
4.6	4.10
4.5	4.11
4.1	4.12
4.1	4.13
4.1	4.14
4.5	4.15
4.1	4.16
4.5	4.17
4.5	4.18
4.5	4.19
4.5	4.20
4.5	4.21
4.5	4.22
4.3	4.23
4.6	4.24
4.6	4.25
4.1	4.26
4.6	4.27
4.5	4.28
4.5	4.29
4.1	4.30
4.6	4.31
4.5	4.32
4.1	4.33
4.5	4.34
4.6	4.35
4.5	4.36
4.6	4.37
4.1	4.38
4.1	4.39
4.5	4.40
4.5	4.41
4.1	4.42
4.1	4.43
4.6	4.44
4.1	4.45
4.2	4.46
4.5	4.47
4.1	4.48
4.6	4.49
4.5	4.50
4.5	4.51
4.5	4.52
4.1	4.53
4.5	4.54
4.6	4.55
4.5	4.56
4.6	4.57
4.5	4.58
4.6	4.59
4.5	4.60
4.5	4.61
4.1	4.62
4.5	4.63
4.6	4.64
5.5	5.1
5.5	5.2
5.5	5.3
5.5	5.4
5.4	5.5
5.5	5.6
5.6	5.7
5.5	5.8
5.5	5.9
5.5	5.10
5.1	5.11
5.1	5.12
5.1	5.13
5.1	5.14
5.1	5.15
5.5	5.16
5.6	5.17
5.5	5.18
5.6	5.19
5.5	5.20
5.5	5.21
5.1	5.22
5.6	5.23
5.1	5.24
5.4	5.25
5.6	5.26
5.5	5.27
5.1	5.28
5.5	5.29
5.1	5.30
5.5	5.31
5.1	5.32
5.4	5.33
5.5	5.34
5.1	5.35
5.1	5.36
5.5	5.37
5.2	5.38
5.5	5.39
5.5	5.40
5.5	5.41
5.5	5.42
5.5	5.43
5.3	5.44
5.5	5.45
5.5	5.46
5.6	5.47
5.6	5.48
5.1	5.49
5.6	5.50
5.5	5.51
5.5	5.52
5.6	5.53
5.4	5.54
5.6	5.55
5.1	5.56
5.5	5.57
5.5	5.58
5.5	5.59
5.1	5.60
5.1	5.61
5.5	5.62
5.6	5.63
5.5	5.64
6.6	6.1
6.1	6.2
6.1	6.3
6.4	6.4
6.5	6.5
6.1	6.6
6.1	6.7
6.1	6.8
6.6	6.9
6.6	6.10
6.1	6.11
6.1	6.12
6.1	6.13
6.6	6.14
6.1	6.15
6.6	6.16
6.1	6.17
6.1	6.18
6.6	6.19
6.2	6.20
6.1	6.21
6.1	6.22
6.1	6.23
6.1	6.24
6.1	6.25
6.1	6.26
6.1	6.27
6.6	6.28
6.1	6.29
6.1	6.30
6.3	6.31
6.1	6.32
6.6	6.33
6.1	6.34
6.6	6.35
6.1	6.36
6.4	6.37
6.6	6.38
6.6	6.39
6.1	6.40
6.1	6.41
6.1	6.42
6.1	6.43
6.1	6.44
6.1	6.45
6.1	6.46
6.6	6.47
6.6	6.48
6.6	6.49
6.6	6.50
6.6	6.51
6.6	6.52
6.1	6.53
6.1	6.54
6.4	6.55
6.1	6.56
6.6	6.57
6.6	6.58
6.6	6.59
6.6	6.60
6.6	6.61
6.6	6.62
6.6	6.63
6.1	6.64
7.5	7.1
7.5	7.2
7.5	7.3
7.4	7.4
7.6	7.5
7.9	7.6
7.5	7.7
7.4	7.8
7.6	7.9
7.9	7.10
7.9	7.11
7.5	7.12
7.9	7.13
7.9	7.14
7.5	7.15
7.4	7.16
7.5	7.17
7.5	7.18
7.9	7.19
7.5	7.20
7.9	7.21
7.6	7.22
7.4	7.23
7.5	7.24
7.5	7.25
7.5	7.26
7.8	7.27
7.4	7.28
7.6	7.29
7.5	7.30
7.9	7.31
7.1	7.32
7.6	7.33
7.1	7.34
7.5	7.35
7.2	7.36
7.9	7.37
7.9	7.38
7.6	7.39
7.9	7.40
7.8	7.41
7.6	7.42
7.5	7.43
7.4	7.44
7.9	7.45
7.6	7.46
7.9	7.47
7.9	7.48
7.10	7.49
7.5	7.50
7.10	7.51
7.5	7.52
7.4	7.53
7.8	7.54
7.5	7.55
7.9	7.56
7.5	7.57
7.4	7.58
7.3	7.59
7.7	7.60
7.1	7.61
7.6	7.62
7.1	7.63
7.9	7.64
8.3	8.1
8.3	8.2
8.6	8.3
8.8	8.4
8.5	8.5
8.5	8.6
8.1	8.7
8.5	8.8
8.5	8.9
8.7	8.10
8.5	8.11
8.1	8.12
8.5	8.13
8.5	8.14
8.3	8.15
8.7	8.16
8.4	8.17
8.7	8.18
8.5	8.19
8.5	8.20
8.2	8.21
8.7	8.22
8.5	8.23
8.5	8.24
8.6	8.25
8.6	8.26
8.6	8.27
8.8	8.28
8.1	8.29
8.6	8.30
8.1	8.31
8.1	8.32
8.5	8.33
8.6	8.34
8.5	8.35
8.6	8.36
8.6	8.37
8.6	8.38
8.8	8.39
8.1	8.40
8.6	8.41
8.6	8.42
8.1	8.43
8.7	8.44
8.7	8.45
8.5	8.46
8.5	8.47
8.3	8.48
8.6	8.49
8.6	8.50
8.6	8.51
8.1	8.52
8.6	8.53
8.6	8.54
8.6	8.55
8.7	8.56
8.7	8.57
8.1	8.58
8.1	8.59
8.8	8.60
8.1	8.61
8.8	8.62
8.5	8.63
8.5	8.64
9.1	9.1
9.4	9.2
9.4	9.3
9.4	9.4
9.4	9.5
9.4	9.6
9.4	9.7
9.1	9.8
9.4	9.9
9.4	9.10
9.4	9.11
9.4	9.12
9.4	9.13
9.1	9.14
9.4	9.15
9.4	9.16
9.5	9.17
9.4	9.18
9.4	9.19
9.4	9.20
9.4	9.21
9.4	9.22
9.1	9.23
9.4	9.24
9.1	9.25
9.2	9.26
9.1	9.27
9.1	9.28
9.4	9.29
9.4	9.30
9.4	9.31
9.4	9.32
9.5	9.33
9.4	9.34
9.4	9.35
9.4	9.36
9.1	9.37
9.5	9.38
9.5	9.39
9.3	9.40
9.4	9.41
9.5	9.42
9.1	9.43
9.5	9.44
9.1	9.45
9.3	9.46
9.1	9.47
9.4	9.48
9.1	9.49
9.4	9.50
9.4	9.51
9.4	9.52
9.4	9.53
9.4	9.54
9.4	9.55
9.1	9.56
9.4	9.57
9.1	9.58
9.4	9.59
9.4	9.60
9.4	9.61
9.1	9.62
9.4	9.63
9.1	9.64
10.3	10.1
10.3	10.2
10.5	10.3
10.3	10.4
10.3	10.5
10.3	10.6
10.3	10.7
10.5	10.8
10.5	10.9
10.3	10.10
10.3	10.11
10.5	10.12
10.1	10.13
10.3	10.14
10.3	10.15
10.3	10.16
10.3	10.17
10.3	10.18
10.3	10.19
10.3	10.20
10.1	10.21
10.3	10.22
10.5	10.23
10.3	10.24
10.5	10.25
10.5	10.26
10.5	10.27
10.3	10.28
10.3	10.29
10.3	10.30
10.1	10.31
10.5	10.32
10.4	10.33
10.1	10.34
10.3	10.35
10.1	10.36
10.3	10.37
10.3	10.38
10.5	10.39
10.5	10.40
10.3	10.41
10.2	10.42
10.2	10.43
10.3	10.44
10.5	10.45
10.3	10.46
10.5	10.47
10.1	10.48
10.3	10.49
10.3	10.50
10.5	10.51
10.3	10.52
10.5	10.53
10.3	10.54
10.1	10.55
10.3	10.56
10.5	10.57
10.3	10.58
10.3	10.59
10.1	10.60
10.5	10.61
10.4	10.62
10.3	10.63
10.2	10.64
11.7	11.1
11.3	11.2
11.7	11.3
11.7	11.4
11.7	11.5
11.4	11.6
11.2	11.7
11.4	11.8
11.4	11.9
11.7	11.10
11.7	11.11
11.7	11.12
11.7	11.13
11.7	11.14
11.2	11.15
11.7	11.16
11.5	11.17
11.2	11.18
11.4	11.19
11.7	11.20
11.5	11.21
11.6	11.22
11.4	11.23
11.2	11.24
11.7	11.25
11.7	11.26
11.2	11.27
11.7	11.28
11.7	11.29
11.7	11.30
11.4	11.31
11.7	11.32
11.7	11.33
11.7	11.34
11.4	11.35
11.4	11.36
11.7	11.37
11.7	11.38
11.4	11.39
11.2	11.40
11.4	11.41
11.7	11.42
11.4	11.43
11.4	11.44
11.4	11.45
11.4	11.46
11.7	11.47
11.5	11.48
11.4	11.49
11.7	11.50
11.7	11.51
11.7	11.52
11.7	11.53
11.7	11.54
11.7	11.55
11.2	11.56
11.4	11.57
11.2	11.58
11.1	11.59
11.7	11.60
11.4	11.61
11.4	11.62
11.7	11.63
11.7	11.64
12.1	12.1
12.3	12.2
12.5	12.3
12.2	12.4
12.1	12.5
12.1	12.6
12.8	12.7
12.9	12.8
12.1	12.9
12.6	12.10
12.9	12.11
12.9	12.12
12.9	12.13
12.1	12.14
12.7	12.15
12.1	12.16
12.1	12.17
12.7	12.18
12.1	12.19
12.1	12.20
12.7	12.21
12.9	12.22
12.6	12.23
12.1	12.24
12.1	12.25
12.7	12.26
12.8	12.27
12.1	12.28
12.1	12.29
12.1	12.30
12.1	12.31
12.1	12.32
12.1	12.33
12.9	12.34
12.4	12.35
12.1	12.36
12.1	12.37
12.9	12.38
12.7	12.39
12.1	12.40
12.1	12.41
12.7	12.42
12.1	12.43
12.7	12.44
12.1	12.45
12.1	12.46
12.1	12.47
12.1	12.48
12.7	12.49
12.1	12.50
12.1	12.51
12.1	12.52
12.7	12.53
12.1	12.54
12.5	12.55
12.1	12.56
12.8	12.57
12.1	12.58
12.7	12.59
12.9	12.60
12.1	12.61
12.1	12.62
12.7	12.63
12.1	12.64
13.4	13.1
13.4	13.2
13.4	13.3
13.1	13.4
13.4	13.5
13.4	13.6
13.2	13.7
13.4	13.8
13.5	13.9
13.1	13.10
13.1	13.11
13.4	13.12
13.1	13.13
13.1	13.14
13.1	13.15
13.4	13.16
13.1	13.17
13.1	13.18
13.1	13.19
13.4	13.20
13.4	13.21
13.1	13.22
13.4	13.23
13.4	13.24
13.4	13.25
13.1	13.26
13.4	13.27
13.4	13.28
13.4	13.29
13.4	13.30
13.1	13.31
13.1	13.32
13.1	13.33
13.4	13.34
13.1	13.35
13.1	13.36
13.1	13.37
13.6	13.38
13.4	13.39
13.4	13.40
13.4	13.41
13.7	13.42
13.1	13.43
13.1	13.44
13.4	13.45
13.4	13.46
13.1	13.47
13.4	13.48
13.1	13.49
13.7	13.50
13.4	13.51
13.3	13.52
13.1	13.53
13.4	13.54
13.1	13.55
13.1	13.56
13.1	13.57
13.7	13.58
13.1	13.59
13.1	13.60
13.1	13.61
13.4	13.62
13.4	13.63
13.4	13.64
14.4	14.1
14.4	14.2
14.4	14.3
14.1	14.4
14.1	14.5
14.1	14.6
14.3	14.7
14.1	14.8
14.1	14.9
14.1	14.10
14.4	14.11
14.2	14.12
14.1	14.13
14.4	14.14
14.1	14.15
14.4	14.16
14.4	14.17
14.1	14.18
14.5	14.19
14.4	14.20
14.1	14.21
14.5	14.22
14.4	14.23
14.1	14.24
14.5	14.25
14.1	14.26
14.4	14.27
14.5	14.28
14.5	14.29
14.1	14.30
14.4	14.31
14.1	14.32
14.1	14.33
14.5	14.34
14.4	14.35
14.1	14.36
14.4	14.37
14.4	14.38
14.4	14.39
14.4	14.40
14.1	14.41
14.4	14.42
14.1	14.43
14.1	14.44
14.1	14.45
14.5	14.46
14.1	14.47
14.1	14.48
14.4	14.49
14.4	14.50
14.5	14.51
14.4	14.52
14.4	14.53
14.4	14.54
14.4	14.55
14.4	14.56
14.1	14.57
14.4	14.58
14.5	14.59
14.4	14.60
14.4	14.61
14.1	14.62
14.4	14.63
14.4	14.64
15.11	15.1
15.15	15.2
15.12	15.3
15.15	15.4
15.14	15.5
15.10	15.6
15.14	15.7
15.14	15.8
15.15	15.9
15.15	15.10
15.10	15.11
15.15	15.12
15.5	15.13
15.15	15.14
15.14	15.15
15.15	15.16
15.1	15.17
15.15	15.18
15.15	15.19
15.15	15.20
15.15	15.21
15.14	15.22
15.14	15.23
15.5	15.24
15.15	15.25
15.14	15.26
15.15	15.27
15.11	15.28
15.14	15.29
15.14	15.30
15.14	15.31
15.10	15.32
15.15	15.33
15.10	15.34
15.15	15.35
15.14	15.36
15.7	15.37
15.15	15.38
15.10	15.39
15.14	15.40
15.10	15.41
15.14	15.42
15.14	15.43
15.9	15.44
15.14	15.45
15.5	15.46
15.11	15.47
15.6	15.48
15.14	15.49
15.11	15.50
15.11	15.51
15.1	15.52
15.4	15.53
15.3	15.54
15.15	15.55
15.9	15.56
15.1	15.57
15.16	15.58
15.13	15.59
15.8	15.60
15.2	15.61
15.16	15.62
15.16	15.63
15.10	15.64
16.1	16.1
16.5	16.2
16.1	16.3
16.8	16.4
16.8	16.5
16.8	16.6
16.8	16.7
16.6	16.8
16.8	16.9
16.1	16.10
16.1	16.11
16.6	16.12
16.1	16.13
16.8	16.14
16.1	16.15
16.1	16.16
16.1	16.17
16.1	16.18
16.1	16.19
16.8	16.20
16.8	16.21
16.2	16.22
16.6	16.23
16.1	16.24
16.1	16.25
16.1	16.26
16.8	16.27
16.8	16.28
16.9	16.29
16.8	16.30
16.8	16.31
16.1	16.32
16.8	16.33
16.1	16.34
16.7	16.35
16.8	16.36
16.8	16.37
16.1	16.38
16.8	16.39
16.1	16.40
16.8	16.41
16.9	16.42
16.1	16.43
16.8	16.44
16.6	16.45
16.6	16.46
16.8	16.47
16.3	16.48
16.6	16.49
16.7	16.50
16.8	16.51
16.1	16.52
16.8	16.53
16.1	16.54
16.8	16.55
16.4	16.56
16.8	16.57
16.8	16.58
16.6	16.59
16.8	16.60
16.8	16.61
16.6	16.62
16.1	16.63
16.8	16.64
17.1	17.1
17.1	17.2
17.7	17.3
17.7	17.4
17.7	17.5
17.3	17.6
17.7	17.7
17.7	17.8
17.7	17.9
17.8	17.10
17.1	17.11
17.9	17.12
17.1	17.13
17.8	17.14
17.7	17.15
17.1	17.16
17.7	17.17
17.7	17.18
17.1	17.19
17.1	17.20
17.5	17.21
17.4	17.22
17.7	17.23
17.1	17.24
17.7	17.25
17.1	17.26
17.1	17.27
17.7	17.28
17.7	17.29
17.7	17.30
17.6	17.31
17.7	17.32
17.7	17.33
17.7	17.34
17.9	17.35
17.5	17.36
17.7	17.37
17.9	17.38
17.7	17.39
17.9	17.40
17.1	17.41
17.7	17.42
17.1	17.43
17.1	17.44
17.1	17.45
17.1	17.46
17.4	17.47
17.7	17.48
17.9	17.49
17.9	17.50
17.5	17.51
17.9	17.52
17.7	17.53
17.7	17.54
17.7	17.55
17.2	17.56
17.9	17.57
17.1	17.58
17.1	17.59
17.7	17.60
17.7	17.61
17.9	17.62
17.7	17.63
17.7	17.64
18.4	18.1
18.1	18.2
18.7	18.3
18.1	18.4
18.7	18.5
18.1	18.6
18.7	18.7
18.1	18.8
18.1	18.9
18.7	18.10
18.1	18.11
18.7	18.12
18.7	18.13
18.1	18.14
18.7	18.15
18.1	18.16
18.1	18.17
18.7	18.18
18.7	18.19
18.1	18.20
18.7	18.21
18.1	18.22
18.1	18.23
18.1	18.24
18.1	18.25
18.7	18.26
18.1	18.27
18.7	18.28
18.3	18.29
18.1	18.30
18.1	18.31
18.7	18.32
18.7	18.33
18.1	18.34
18.6	18.35
18.1	18.36
18.1	18.37
18.1	18.38
18.7	18.39
18.1	18.40
18.1	18.41
18.1	18.42
18.5	18.43
18.7	18.44
18.1	18.45
18.1	18.46
18.1	18.47
18.7	18.48
18.1	18.49
18.6	18.50
18.8	18.51
18.1	18.52
18.1	18.53
18.1	18.54
18.1	18.55
18.2	18.56
18.8	18.57
18.1	18.58
18.1	18.59
18.1	18.60
18.7	18.61
18.7	18.62
18.1	18.63
18.1	18.64
19.1	19.1
19.12	19.2
19.1	19.3
19.1	19.4
19.14	19.5
19.9	19.6
19.7	19.7
19.12	19.8
19.12	19.9
19.12	19.10
19.14	19.11
19.2	19.12
19.12	19.13
19.13	19.14
19.1	19.15
19.1	19.16
19.12	19.17
19.11	19.18
19.12	19.19
19.1	19.20
19.6	19.21
19.4	19.22
19.1	19.23
19.1	19.24
19.1	19.25
19.13	19.26
19.10	19.27
19.13	19.28
19.11	19.29
19.12	19.30
19.1	19.31
19.1	19.32
19.1	19.33
19.3	19.34
19.1	19.35
19.1	19.36
19.1	19.37
19.12	19.38
19.12	19.39
19.12	19.40
19.1	19.41
19.11	19.42
19.1	19.43
19.1	19.44
19.1	19.45
19.11	19.46
19.1	19.47
19.1	19.48
19.12	19.49
19.12	19.50
19.12	19.51
19.12	19.52
19.1	19.53
19.8	19.54
19.12	19.55
19.12	19.56
19.10	19.57
19.5	19.58
19.12	19.59
19.1	19.60
19.12	19.61
19.12	19.62
19.1	19.63
19.12	19.64
20.7	20.1
20.8	20.2
20.1	20.3
20.1	20.4
20.1	20.5
20.7	20.6
20.7	20.7
20.7	20.8
20.5	20.9
20.1	20.10
20.8	20.11
20.7	20.12
20.7	20.13
20.8	20.14
20.8	20.15
20.8	20.16
20.8	20.17
20.2	20.18
20.1	20.19
20.6	20.20
20.1	20.21
20.1	20.22
20.8	20.23
20.6	20.24
20.1	20.25
20.1	20.26
20.8	20.27
20.6	20.28
20.8	20.29
20.5	20.30
20.6	20.31
20.3	20.32
20.6	20.33
20.7	20.34
20.1	20.35
20.6	20.36
20.8	20.37
20.8	20.38
20.7	20.39
20.1	20.40
20.1	20.41
20.9	20.42
20.7	20.43
20.7	20.44
20.1	20.45
20.7	20.46
20.8	20.47
20.8	20.48
20.6	20.49
20.8	20.50
20.8	20.51
20.1	20.52
20.1	20.53
20.8	20.54
20.5	20.55
20.4	20.56
20.6	20.57
20.8	20.58
20.7	20.59
20.7	20.60
20.5	20.61
20.5	20.62
20.8	20.63
20.7	20.64
21.5	21.1
21.5	21.2
21.1	21.3
21.5	21.4
21.5	21.5
21.1	21.6
21.1	21.7
21.3	21.8
21.5	21.9
21.5	21.10
21.5	21.11
21.2	21.12
21.1	21.13
21.1	21.14
21.5	21.15
21.1	21.16
21.5	21.17
21.5	21.18
21.1	21.19
21.5	21.20
21.4	21.21
21.4	21.22
21.4	21.23
21.1	21.24
21.5	21.25
21.5	21.26
21.1	21.27
21.1	21.28
21.5	21.29
21.1	21.30
21.5	21.31
21.5	21.32
21.1	21.33
21.4	21.34
21.1	21.35
21.4	21.36
21.1	21.37
21.1	21.38
21.1	21.39
21.5	21.40
21.4	21.41
21.5	21.42
21.5	21.43
21.5	21.44
21.5	21.45
21.1	21.46
21.5	21.47
21.1	21.48
21.5	21.49
21.5	21.50
21.5	21.51
21.5	21.52
21.5	21.53
21.1	21.54
21.5	21.55
21.1	21.56
21.1	21.57
21.4	21.58
21.5	21.59
21.4	21.60
21.4	21.61
21.1	21.62
21.1	21.63
21.1	21.64
22.1	22.1
22.9	22.2
22.6	22.3
22.1	22.4
22.10	22.5
22.6	22.6
22.8	22.7
22.6	22.8
22.1	22.9
22.9	22.10
22.9	22.11
22.9	22.12
22.9	22.13
22.9	22.14
22.7	22.15
22.9	22.16
22.6	22.17
22.9	22.18
22.6	22.19
22.1	22.20
22.8	22.21
22.9	22.22
22.8	22.23
22.1	22.24
22.10	22.25
22.7	22.26
22.1	22.27
22.9	22.28
22.9	22.29
22.9	22.30
22.6	22.31
22.10	22.32
22.8	22.33
22.2	22.34
22.1	22.35
22.6	22.36
22.1	22.37
22.6	22.38
22.6	22.39
22.6	22.40
22.1	22.41
22.1	22.42
22.9	22.43
22.6	22.44
22.9	22.45
22.8	22.46
22.6	22.47
22.6	22.48
22.9	22.49
22.1	22.50
22.9	22.51
22.6	22.52
22.9	22.53
22.9	22.54
22.9	22.55
22.5	22.56
22.6	22.57
22.6	22.58
22.9	22.59
22.9	22.60
22.10	22.61
22.6	22.62
22.3	22.63
22.4	22.64
23.5	23.1
23.7	23.2
23.5	23.3
23.5	23.4
23.1	23.5
23.1	23.6
23.1	23.7
23.5	23.8
23.4	23.9
23.1	23.10
23.1	23.11
23.5	23.12
23.1	23.13
23.1	23.14
23.5	23.15
23.1	23.16
23.1	23.17
23.5	23.18
23.1	23.19
23.1	23.20
23.6	23.21
23.1	23.22
23.5	23.23
23.5	23.24
23.6	23.25
23.1	23.26
23.5	23.27
23.1	23.28
23.1	23.29
23.5	23.30
23.7	23.31
23.5	23.32
23.1	23.33
23.1	23.34
23.1	23.35
23.1	23.36
23.1	23.37
23.1	23.38
23.1	23.39
23.1	23.40
23.5	23.41
23.1	23.42
23.5	23.43
23.2	23.44
23.1	23.45
23.1	23.46
23.4	23.47
23.1	23.48
23.1	23.49
23.6	23.50
23.6	23.51
23.5	23.52
23.5	23.53
23.1	23.54
23.1	23.55
23.3	23.56
23.5	23.57
23.7	23.58
23.1	23.59
23.1	23.60
23.6	23.61
23.5	23.62
23.5	23.63
23.1	23.64
24.2	24.1
24.6	24.2
24.10	24.3
24.10	24.4
24.1	24.5
24.1	24.6
24.1	24.7
24.8	24.8
24.1	24.9
24.4	24.10
24.7	24.11
24.10	24.12
24.10	24.13
24.10	24.14
24.10	24.15
24.10	24.16
24.1	24.17
24.10	24.18
24.10	24.19
24.1	24.20
24.10	24.21
24.10	24.22
24.8	24.23
24.1	24.24
24.9	24.25
24.5	24.26
24.10	24.27
24.1	24.28
24.10	24.29
24.10	24.30
24.7	24.31
24.1	24.32
24.10	24.33
24.10	24.34
24.1	24.35
24.10	24.36
24.10	24.37
24.10	24.38
24.10	24.39
24.10	24.40
24.3	24.41
24.10	24.42
24.10	24.43
24.10	24.44
24.10	24.45
24.10	24.46
24.10	24.47
24.7	24.48
24.10	24.49
24.1	24.50
24.10	24.51
24.1	24.52
24.10	24.53
24.1	24.54
24.10	24.55
24.1	24.56
24.10	24.57
24.10	24.58
24.1	24.59
24.6	24.60
24.10	24.61
24.10	24.62
24.10	24.63
24.10	24.64
25.4	25.1
25.5	25.2
25.1	25.3
25.4	25.4
25.1	25.5
25.1	25.6
25.1	25.7
25.1	25.8
25.4	25.9
25.1	25.10
25.1	25.11
25.1	25.12
25.1	25.13
25.1	25.14
25.1	25.15
25.4	25.16
25.5	25.17
25.1	25.18
25.5	25.19
25.1	25.20
25.4	25.21
25.4	25.22
25.1	25.23
25.1	25.24
25.2	25.25
25.4	25.26
25.5	25.27
25.4	25.28
25.1	25.29
25.4	25.30
25.4	25.31
25.4	25.32
25.4	25.33
25.5	25.34
25.4	25.35
25.1	25.36
25.4	25.37
25.4	25.38
25.1	25.39
25.4	25.40
25.1	25.41
25.1	25.42
25.4	25.43
25.1	25.44
25.1	25.45
25.4	25.46
25.1	25.47
25.1	25.48
25.4	25.49
25.3	25.50
25.4	25.51
25.1	25.52
25.4	25.53
25.1	25.54
25.5	25.55
25.4	25.56
25.1	25.57
25.1	25.58
25.5	25.59
25.1	25.60
25.4	25.61
25.1	25.62
25.4	25.63
25.4	25.64
26.5	26.1
26.4	26.2
26.4	26.3
26.4	26.4
26.4	26.5
26.4	26.6
26.4	26.7
26.5	26.8
26.3	26.9
26.4	26.10
26.4	26.11
26.5	26.12
26.5	26.13
26.3	26.14
26.4	26.15
26.5	26.16
26.3	26.17
26.5	26.18
26.5	26.19
26.4	26.20
26.1	26.21
26.4	26.22
26.5	26.23
26.4	26.24
26.1	26.25
26.3	26.26
26.5	26.27
26.3	26.28
26.4	26.29
26.2	26.30
26.5	26.31
26.5	26.32
26.5	26.33
26.4	26.34
26.5	26.35
26.4	26.36
26.3	26.37
26.4	26.38
26.4	26.39
26.4	26.40
26.4	26.41
26.5	26.42
26.4	26.43
26.4	26.44
26.4	26.45
26.4	26.46
26.4	26.47
26.4	26.48
26.5	26.49
26.5	26.50
26.5	26.51
26.4	26.52
26.5	26.53
26.5	26.54
26.5	26.55
26.1	26.56
26.5	26.57
26.4	26.58
26.5	26.59
26.3	26.60
26.3	26.61
26.3	26.62
26.5	26.63
26.4	26.64
27.5	27.1
27.1	27.2
27.1	27.3
27.1	27.4
27.4	27.5
27.5	27.6
27.1	27.7
27.1	27.8
27.1	27.9
27.1	27.10
27.4	27.11
27.5	27.12
27.4	27.13
27.5	27.14
27.1	27.15
27.1	27.16
27.5	27.17
27.5	27.18
27.3	27.19
27.5	27.20
27.5	27.21
27.5	27.22
27.2	27.23
27.4	27.24
27.1	27.25
27.1	27.26
27.5	27.27
27.4	27.28
27.1	27.29
27.5	27.30
27.5	27.31
27.4	27.32
27.1	27.33
27.1	27.34
27.1	27.35
27.5	27.36
27.5	27.37
27.5	27.38
27.4	27.39
27.1	27.40
27.4	27.41
27.1	27.42
27.1	27.43
27.1	27.44
27.3	27.45
27.1	27.46
27.4	27.47
27.1	27.48
27.5	27.49
27.1	27.50
27.5	27.51
27.1	27.52
27.1	27.53
27.1	27.54
27.1	27.55
27.1	27.56
27.1	27.57
27.1	27.58
27.5	27.59
27.5	27.60
27.4	27.61
27.3	27.62
27.3	27.63
27.1	27.64
28.1	28.1
28.1	28.2
28.7	28.3
28.8	28.4
28.9	28.5
28.8	28.6
28.1	28.7
28.9	28.8
28.1	28.9
28.9	28.10
28.1	28.11
28.8	28.12
28.8	28.13
28.8	28.14
28.8	28.15
28.7	28.16
28.8	28.17
28.8	28.18
28.3	28.19
28.8	28.20
28.8	28.21
28.1	28.22
28.3	28.23
28.8	28.24
28.8	28.25
28.9	28.26
28.9	28.27
28.1	28.28
28.3	28.29
28.8	28.30
28.3	28.31
28.9	28.32
28.8	28.33
28.8	28.34
28.4	28.35
28.3	28.36
28.6	28.37
28.1	28.38
28.4	28.39
28.1	28.40
28.4	28.41
28.3	28.42
28.8	28.43
28.9	28.44
28.2	28.45
28.3	28.46
28.9	28.47
28.5	28.48
28.8	28.49
28.8	28.50
28.1	28.51
28.1	28.52
28.1	28.53
28.3	28.54
28.1	28.55
28.1	28.56
28.4	28.57
28.9	28.58
28.1	28.59
28.9	28.60
28.3	28.61
28.3	28.62
28.1	28.63
28.9	28.64
29.6	29.1
29.1	29.2
29.1	29.3
29.1	29.4
29.1	29.5
29.1	29.6
29.6	29.7
29.1	29.8
29.4	29.9
29.1	29.10
29.4	29.11
29.1	29.12
29.1	29.13
29.6	29.14
29.1	29.15
29.4	29.16
29.4	29.17
29.6	29.18
29.4	29.19
29.1	29.20
29.6	29.21
29.6	29.22
29.1	29.23
29.1	29.24
29.3	29.25
29.6	29.26
29.6	29.27
29.1	29.28
29.1	29.29
29.1	29.30
29.1	29.31
29.2	29.32
29.1	29.33
29.1	29.34
29.1	29.35
29.1	29.36
29.6	29.37
29.1	29.38
29.6	29.39
29.6	29.40
29.1	29.41
29.6	29.42
29.1	29.43
29.1	29.44
29.1	29.45
29.1	29.46
29.5	29.47
29.1	29.48
29.1	29.49
29.1	29.50
29.1	29.51
29.6	29.52
29.6	29.53
29.6	29.54
29.1	29.55
29.1	29.56
29.1	29.57
29.1	29.58
29.1	29.59
29.1	29.60
29.1	29.61
29.1	29.62
29.6	29.63
29.6	29.64
30.19	30.1
30.14	30.2
30.1	30.3
30.6	30.4
30.17	30.5
30.16	30.6
30.7	30.7
30.17	30.8
30.1	30.9
30.17	30.10
30.1	30.11
30.16	30.12
30.17	30.13
30.17	30.14
30.16	30.15
30.16	30.16
30.3	30.17
30.16	30.18
30.16	30.19
30.17	30.20
30.17	30.21
30.11	30.22
30.17	30.23
30.17	30.24
30.16	30.25
30.13	30.26
30.5	30.27
30.10	30.28
30.16	30.29
30.2	30.30
30.1	30.31
30.17	30.32
30.11	30.33
30.15	30.34
30.16	30.35
30.8	30.36
30.19	30.37
30.16	30.38
30.17	30.39
30.16	30.40
30.16	30.41
30.16	30.42
30.16	30.43
30.9	30.44
30.16	30.45
30.16	30.46
30.16	30.47
30.1	30.48
30.17	30.49
30.18	30.50
30.12	30.51
30.16	30.52
30.16	30.53
30.17	30.54
30.17	30.55
30.17	30.56
30.17	30.57
30.16	30.58
30.17	30.59
30.15	30.60
30.4	30.61
30.16	30.62
30.17	30.63
30.17	30.64
31.8	31.1
31.8	31.2
31.8	31.3
31.9	31.4
31.7	31.5
31.1	31.6
31.8	31.7
31.1	31.8
31.1	31.9
31.1	31.10
31.8	31.11
31.8	31.12
31.1	31.13
31.8	31.14
31.1	31.15
31.1	31.16
31.1	31.17
31.1	31.18
31.8	31.19
31.8	31.20
31.8	31.21
31.8	31.22
31.8	31.23
31.1	31.24
31.1	31.25
31.9	31.26
31.9	31.27
31.1	31.28
31.4	31.29
31.1	31.30
31.5	31.31
31.8	31.32
31.8	31.33
31.8	31.34
31.5	31.35
31.3	31.36
31.9	31.37
31.6	31.38
31.8	31.39
31.8	31.40
31.1	31.41
31.8	31.42
31.1	31.43
31.1	31.44
31.7	31.45
31.2	31.46
31.8	31.47
31.9	31.48
31.8	31.49
31.8	31.50
31.9	31.51
31.8	31.52
31.8	31.53
31.8	31.54
31.8	31.55
31.8	31.56
31.1	31.57
31.5	31.58
31.8	31.59
31.8	31.60
31.9	31.61
31.8	31.62
31.1	31.63
31.8	31.64
32.6	32.1
32.6	32.2
32.4	32.3
32.4	32.4
32.3	32.5
32.4	32.6
32.1	32.7
32.7	32.8
32.4	32.9
32.4	32.10
32.4	32.11
32.4	32.12
32.6	32.13
32.1	32.14
32.1	32.15
32.1	32.16
32.8	32.17
32.4	32.18
32.4	32.19
32.8	32.20
32.6	32.21
32.7	32.22
32.8	32.23
32.4	32.24
32.5	32.25
32.4	32.26
32.5	32.27
32.4	32.28
32.5	32.29
32.5	32.30
32.5	32.31
32.6	32.32
32.5	32.33
32.6	32.34
32.5	32.35
32.6	32.36
32.5	32.37
32.5	32.38
32.5	32.39
32.5	32.40
32.5	32.41
32.6	32.42
32.6	32.43
32.2	32.44
32.1	32.45
32.4	32.46
32.4	32.47
32.8	32.48
32.6	32.49
32.8	32.50
32.4	32.51
32.5	32.52
32.5	32.53
32.5	32.54
32.6	32.55
32.5	32.56
32.5	32.57
32.5	32.58
32.5	32.59
32.5	32.60
32.5	32.61
32.5	32.62
32.5	32.63
32.5	32.64
33.1	33.1
33.6	33.2
33.8	33.3
33.8	33.4
33.1	33.5
33.9	33.6
33.5	33.7
33.8	33.8
33.8	33.9
33.9	33.10
33.8	33.11
33.9	33.12
33.9	33.13
33.5	33.14
33.9	33.15
33.1	33.16
33.8	33.17
33.5	33.18
33.2	33.19
33.4	33.20
33.7	33.21
33.9	33.22
33.7	33.23
33.8	33.24
33.7	33.25
33.8	33.26
33.5	33.27
33.9	33.28
33.8	33.29
33.8	33.30
33.8	33.31
33.9	33.32
33.9	33.33
33.8	33.34
33.9	33.35
33.5	33.36
33.8	33.37
33.8	33.38
33.5	33.39
33.8	33.40
33.8	33.41
33.1	33.42
33.5	33.43
33.9	33.44
33.5	33.45
33.9	33.46
33.9	33.47
33.9	33.48
33.5	33.49
33.8	33.50
33.9	33.51
33.8	33.52
33.9	33.53
33.1	33.54
33.1	33.55
33.3	33.56
33.5	33.57
33.5	33.58
33.8	33.59
33.1	33.60
33.1	33.61
33.5	33.62
33.9	33.63
33.5	33.64
34.1	34.1
34.8	34.2
34.7	34.3
34.7	34.4
34.4	34.5
34.7	34.6
34.4	34.7
34.1	34.8
34.4	34.9
34.8	34.10
34.8	34.11
34.7	34.12
34.8	34.13
34.4	34.14
34.4	34.15
34.4	34.16
34.7	34.17
34.7	34.18
34.4	34.19
34.7	34.20
34.8	34.21
34.4	34.22
34.4	34.23
34.4	34.24
34.7	34.25
34.7	34.26
34.8	34.27
34.8	34.28
34.4	34.29
34.1	34.30
34.1	34.31
34.4	34.32
34.7	34.33
34.6	34.34
34.7	34.35
34.8	34.36
34.8	34.37
34.7	34.38
34.8	34.39
34.4	34.40
34.8	34.41
34.1	34.42
34.2	34.43
34.4	34.44
34.5	34.45
34.1	34.46
34.8	34.47
34.4	34.48
34.8	34.49
34.1	34.50
34.8	34.51
34.4	34.52
34.8	34.53
34.8	34.54
34.4	34.55
34.4	34.56
34.1	34.57
34.1	34.58
34.3	34.59
34.4	34.60
34.7	34.61
34.8	34.62
34.8	34.63
34.4	34.64
35.6	35.1
35.1	35.2
35.6	35.3
35.1	35.4
35.1	35.5
35.3	35.6
35.1	35.7
35.1	35.8
35.6	35.9
35.6	35.10
35.6	35.11
35.5	35.12
35.6	35.13
35.1	35.14
35.1	35.15
35.1	35.16
35.6	35.17
35.6	35.18
35.1	35.19
35.1	35.20
35.1	35.21
35.1	35.22
35.4	35.23
35.6	35.24
35.1	35.25
35.1	35.26
35.6	35.27
35.6	35.28
35.1	35.29
35.7	35.30
35.4	35.31
35.6	35.32
35.6	35.33
35.6	35.34
35.6	35.35
35.6	35.36
35.1	35.37
35.6	35.38
35.6	35.39
35.1	35.40
35.1	35.41
35.1	35.42
35.6	35.43
35.7	35.44
35.6	35.45
35.1	35.46
35.1	35.47
35.1	35.48
35.2	35.49
35.1	35.50
35.1	35.51
35.6	35.52
35.1	35.53
35.1	35.54
35.1	35.55
35.1	35.56
35.1	35.57
35.8	35.58
35.1	35.59
35.4	35.60
35.4	35.61
35.4	35.62
35.4	35.63
35.5	35.64
36.6	36.1
36.7	36.2
36.9	36.3
36.4	36.4
36.9	36.5
36.7	36.6
36.1	36.7
36.1	36.8
36.1	36.9
36.7	36.10
36.7	36.11
36.8	36.12
36.8	36.13
36.1	36.14
36.7	36.15
36.7	36.16
36.2	36.17
36.7	36.18
36.7	36.19
36.7	36.20
36.1	36.21
36.7	36.22
36.5	36.23
36.1	36.24
36.7	36.25
36.7	36.26
36.1	36.27
36.1	36.28
36.7	36.29
36.1	36.30
36.7	36.31
36.1	36.32
36.1	36.33
36.7	36.34
36.7	36.35
36.7	36.36
36.4	36.37
36.8	36.38
36.1	36.39
36.4	36.40
36.7	36.41
36.1	36.42
36.1	36.43
36.5	36.44
36.7	36.45
36.8	36.46
36.1	36.47
36.1	36.48
36.7	36.49
36.1	36.50
36.1	36.51
36.1	36.52
36.7	36.53
36.3	36.54
36.7	36.55
36.7	36.56
36.8	36.57
36.7	36.58
36.1	36.59
36.8	36.60
36.1	36.61
36.7	36.62
36.1	36.63
36.1	36.64
37.7	37.1
37.10	37.2
37.7	37.3
37.1	37.4
37.3	37.5
37.7	37.6
37.3	37.7
37.9	37.8
37.3	37.9
37.3	37.10
37.9	37.11
37.8	37.12
37.3	37.13
37.7	37.14
37.3	37.15
37.2	37.16
37.9	37.17
37.7	37.18
37.3	37.19
37.3	37.20
37.8	37.21
37.3	37.22
37.8	37.23
37.3	37.24
37.3	37.25
37.7	37.26
37.5	37.27
37.7	37.28
37.10	37.29
37.3	37.30
37.6	37.31
37.3	37.32
37.3	37.33
37.1	37.34
37.3	37.35
37.8	37.36
37.7	37.37
37.7	37.38
37.10	37.39
37.7	37.40
37.3	37.41
37.7	37.42
37.10	37.43
37.3	37.44
37.7	37.45
37.7	37.46
37.7	37.47
37.3	37.48
37.9	37.49
37.3	37.50
37.6	37.51
37.3	37.52
37.9	37.53
37.1	37.54
37.8	37.55
37.3	37.56
37.9	37.57
37.9	37.58
37.3	37.59
37.3	37.60
37.7	37.61
37.3	37.62
37.9	37.63
37.4	37.64
38.1	38.1
38.3	38.2
38.3	38.3
38.6	38.4
38.6	38.5
38.3	38.6
38.1	38.7
38.6	38.8
38.3	38.9
38.3	38.10
38.3	38.11
38.2	38.12
38.5	38.13
38.5	38.14
38.3	38.15
38.6	38.16
38.1	38.17
38.3	38.18
38.6	38.19
38.3	38.20
38.3	38.21
38.1	38.22
38.3	38.23
38.6	38.24
38.1	38.25
38.6	38.26
38.5	38.27
38.1	38.28
38.1	38.29
38.3	38.30
38.1	38.31
38.6	38.32
38.1	38.33
38.1	38.34
38.6	38.35
38.3	38.36
38.5	38.37
38.6	38.38
38.6	38.39
38.3	38.40
38.6	38.41
38.6	38.42
38.3	38.43
38.5	38.44
38.6	38.45
38.4	38.46
38.6	38.47
38.6	38.48
38.6	38.49
38.6	38.50
38.5	38.51
38.6	38.52
38.3	38.53
38.6	38.54
38.5	38.55
38.3	38.56
38.3	38.57
38.3	38.58
38.6	38.59
38.3	38.60
38.1	38.61
38.6	38.62
38.6	38.63
38.6	38.64
39.8	39.1
39.4	39.2
39.4	39.3
39.4	39.4
39.8	39.5
39.8	39.6
39.4	39.7
39.1	39.8
39.8	39.9
39.4	39.10
39.2	39.11
39.4	39.12
39.5	39.13
39.9	39.14
39.4	39.15
39.6	39.16
39.8	39.17
39.8	39.18
39.5	39.19
39.4	39.20
39.8	39.21
39.4	39.22
39.8	39.23
39.3	39.24
39.8	39.25
39.4	39.26
39.8	39.27
39.4	39.28
39.4	39.29
39.4	39.30
39.8	39.31
39.8	39.32
39.1	39.33
39.8	39.34
39.4	39.35
39.1	39.36
39.4	39.37
39.8	39.38
39.8	39.39
39.8	39.40
39.1	39.41
39.8	39.42
39.7	39.43
39.5	39.44
39.8	39.45
39.8	39.46
39.1	39.47
39.8	39.48
39.8	39.49
39.4	39.50
39.4	39.51
39.4	39.52
39.8	39.53
39.4	39.54
39.4	39.55
39.4	39.56
39.4	39.57
39.8	39.58
39.8	39.59
39.4	39.60
39.4	39.61
39.8	39.62
39.8	39.63
39.4	39.64
40.10	40.1
40.10	40.2
40.10	40.3
40.7	40.4
40.7	40.5
40.1	40.6
40.10	40.7
40.7	40.8
40.1	40.9
40.1	40.10
40.1	40.11
40.10	40.12
40.1	40.13
40.1	40.14
40.1	40.15
40.10	40.16
40.1	40.17
40.4	40.18
40.6	40.19
40.5	40.20
40.1	40.21
40.1	40.22
40.1	40.23
40.10	40.24
40.5	40.25
40.7	40.26
40.5	40.27
40.10	40.28
40.1	40.29
40.7	40.30
40.7	40.31
40.10	40.32
40.1	40.33
40.7	40.34
40.10	40.35
40.1	40.36
40.7	40.37
40.1	40.38
40.10	40.39
40.10	40.40
40.10	40.41
40.1	40.42
40.2	40.43
40.7	40.44
40.10	40.45
40.10	40.46
40.1	40.47
40.9	40.48
40.3	40.49
40.7	40.50
40.10	40.51
40.10	40.52
40.10	40.53
40.7	40.54
40.10	40.55
40.10	40.56
40.1	40.57
40.7	40.58
40.10	40.59
40.7	40.60
40.8	40.61
40.9	40.62
40.9	40.63
40.10	40.64
41.1	41.1
41.1	41.2
41.1	41.3
41.10	41.4
41.10	41.5
41.7	41.6
41.10	41.7
41.10	41.8
41.3	41.9
41.1	41.10
41.9	41.11
41.10	41.12
41.1	41.13
41.1	41.14
41.10	41.15
41.10	41.16
41.10	41.17
41.8	41.18
41.7	41.19
41.9	41.20
41.9	41.21
41.10	41.22
41.10	41.23
41.10	41.24
41.8	41.25
41.10	41.26
41.1	41.27
41.10	41.28
41.1	41.29
41.1	41.30
41.9	41.31
41.1	41.32
41.4	41.33
41.9	41.34
41.10	41.35
41.10	41.36
41.1	41.37
41.1	41.38
41.1	41.39
41.6	41.40
41.7	41.41
41.1	41.42
41.10	41.43
41.1	41.44
41.4	41.45
41.1	41.46
41.9	41.47
41.10	41.48
41.2	41.49
41.1	41.50
41.1	41.51
41.1	41.52
41.1	41.53
41.1	41.54
41.7	41.55
41.9	41.56
41.10	41.57
41.10	41.58
41.1	41.59
41.10	41.60
41.7	41.61
41.1	41.62
41.5	41.63
41.9	41.64
42.7	42.1
42.6	42.2
42.6	42.3
42.7	42.4
42.7	42.5
42.1	42.6
42.1	42.7
42.1	42.8
42.1	42.9
42.3	42.10
42.6	42.11
42.7	42.12
42.6	42.13
42.1	42.14
42.6	42.15
42.1	42.16
42.5	42.17
42.7	42.18
42.1	42.19
42.6	42.20
42.7	42.21
42.1	42.22
42.6	42.23
42.7	42.24
42.6	42.25
42.1	42.26
42.7	42.27
42.7	42.28
42.1	42.29
42.7	42.30
42.1	42.31
42.1	42.32
42.6	42.33
42.7	42.34
42.3	42.35
42.6	42.36
42.3	42.37
42.7	42.38
42.6	42.39
42.5	42.40
42.6	42.41
42.7	42.42
42.3	42.43
42.7	42.44
42.1	42.45
42.7	42.46
42.7	42.47
42.3	42.48
42.1	42.49
42.1	42.50
42.3	42.51
42.1	42.52
42.3	42.53
42.3	42.54
42.2	42.55
42.6	42.56
42.4	42.57
42.1	42.58
42.7	42.59
42.6	42.60
42.1	42.61
42.7	42.62
42.6	42.63
42.6	42.64
43.8	43.1
43.6	43.2
43.6	43.3
43.6	43.4
43.6	43.5
43.5	43.6
43.6	43.7
43.2	43.8
43.1	43.9
43.1	43.10
43.8	43.11
43.6	43.12
43.5	43.13
43.3	43.14
43.6	43.15
43.6	43.16
43.1	43.17
43.6	43.18
43.6	43.19
43.8	43.20
43.1	43.21
43.1	43.22
43.6	43.23
43.1	43.24
43.8	43.25
43.1	43.26
43.1	43.27
43.6	43.28
43.6	43.29
43.1	43.30
43.6	43.31
43.1	43.32
43.1	43.33
43.6	43.34
43.5	43.35
43.5	43.36
43.6	43.37
43.8	43.38
43.8	43.39
43.1	43.40
43.6	43.41
43.6	43.42
43.8	43.43
43.5	43.44
43.8	43.45
43.4	43.46
43.8	43.47
43.1	43.48
43.1	43.49
43.7	43.50
43.8	43.51
43.1	43.52
43.1	43.53
43.1	43.54
43.1	43.55
43.6	43.56
43.8	43.57
43.1	43.58
43.1	43.59
43.1	43.60
43.1	43.61
43.1	43.62
43.1	43.63
43.1	43.64
44.8	44.1
44.8	44.2
44.8	44.3
44.8	44.4
44.6	44.5
44.7	44.6
44.7	44.7
44.4	44.8
44.6	44.9
44.1	44.10
44.1	44.11
44.8	44.12
44.1	44.13
44.6	44.14
44.1	44.15
44.1	44.16
44.3	44.17
44.1	44.18
44.8	44.19
44.1	44.20
44.1	44.21
44.1	44.22
44.7	44.23
44.7	44.24
44.1	44.25
44.1	44.26
44.8	44.27
44.8	44.28
44.1	44.29
44.7	44.30
44.6	44.31
44.6	44.32
44.7	44.33
44.1	44.34
44.8	44.35
44.8	44.36
44.1	44.37
44.8	44.38
44.1	44.39
44.6	44.40
44.8	44.41
44.8	44.42
44.1	44.43
44.8	44.44
44.1	44.45
44.2	44.46
44.7	44.47
44.1	44.48
44.6	44.49
44.9	44.50
44.5	44.51
44.8	44.52
44.9	44.53
44.1	44.54
44.9	44.55
44.8	44.56
44.8	44.57
44.9	44.58
44.6	44.59
44.8	44.60
44.6	44.61
44.8	44.62
44.6	44.63
44.8	44.64
45.10	45.1
45.11	45.2
45.9	45.3
45.1	45.4
45.1	45.5
45.1	45.6
45.11	45.7
45.10	45.8
45.3	45.9
45.9	45.10
45.1	45.11
45.9	45.12
45.9	45.13
45.11	45.14
45.1	45.15
45.11	45.16
45.9	45.17
45.1	45.18
45.11	45.19
45.9	45.20
45.11	45.21
45.4	45.22
45.1	45.23
45.1	45.24
45.1	45.25
45.8	45.26
45.11	45.27
45.11	45.28
45.10	45.29
45.1	45.30
45.11	45.31
45.11	45.32
45.3	45.33
45.10	45.34
45.5	45.35
45.1	45.36
45.7	45.37
45.1	45.38
45.6	45.39
45.12	45.40
45.10	45.41
45.11	45.42
45.10	45.43
45.11	45.44
45.11	45.45
45.11	45.46
45.11	45.47
45.6	45.48
45.11	45.49
45.10	45.50
45.11	45.51
45.11	45.52
45.11	45.53
45.1	45.54
45.1	45.55
45.2	45.56
45.10	45.57
45.10	45.58
45.1	45.59
45.10	45.60
45.11	45.61
45.11	45.62
45.6	45.63
45.11	45.64
46.4	46.1
46.8	46.2
46.6	46.3
46.4	46.4
46.8	46.5
46.4	46.6
46.8	46.7
46.8	46.8
46.8	46.9
46.4	46.10
46.7	46.11
46.7	46.12
46.8	46.13
46.4	46.14
46.4	46.15
46.8	46.16
46.7	46.17
46.7	46.18
46.8	46.19
46.7	46.20
46.7	46.21
46.8	46.22
46.4	46.23
46.1	46.24
46.7	46.25
46.5	46.26
46.4	46.27
46.4	46.28
46.4	46.29
46.4	46.30
46.4	46.31
46.8	46.32
46.4	46.33
46.7	46.34
46.8	46.35
46.8	46.36
46.4	46.37
46.7	46.38
46.8	46.39
46.4	46.40
46.7	46.41
46.2	46.42
46.5	46.43
46.8	46.44
46.8	46.45
46.1	46.46
46.8	46.47
46.4	46.48
46.7	46.49
46.8	46.50
46.6	46.51
46.7	46.52
46.8	46.53
46.3	46.54
46.7	46.55
46.8	46.56
46.7	46.57
46.4	46.58
46.1	46.59
46.8	46.60
46.1	46.61
46.8	46.62
46.4	46.63
46.4	46.64
47.1	47.1
47.10	47.2
47.11	47.3
47.6	47.4
47.8	47.5
47.11	47.6
47.11	47.7
47.1	47.8
47.10	47.9
47.6	47.10
47.1	47.11
47.10	47.12
47.1	47.13
47.1	47.14
47.8	47.15
47.11	47.16
47.6	47.17
47.8	47.18
47.1	47.19
47.6	47.20
47.11	47.21
47.8	47.22
47.8	47.23
47.10	47.24
47.1	47.25
47.6	47.26
47.8	47.27
47.11	47.28
47.1	47.29
47.8	47.30
47.1	47.31
47.8	47.32
47.11	47.33
47.6	47.34
47.8	47.35
47.9	47.36
47.11	47.37
47.1	47.38
47.8	47.39
47.1	47.40
47.1	47.41
47.8	47.42
47.7	47.43
47.11	47.44
47.1	47.45
47.8	47.46
47.8	47.47
47.1	47.48
47.11	47.49
47.1	47.50
47.1	47.51
47.2	47.52
47.8	47.53
47.6	47.54
47.3	47.55
47.8	47.56
47.8	47.57
47.4	47.58
47.11	47.59
47.5	47.60
47.7	47.61
47.1	47.62
47.11	47.63
47.1	47.64
48.6	48.1
48.1	48.2
48.5	48.3
48.6	48.4
48.6	48.5
48.5	48.6
48.1	48.7
48.1	48.8
48.4	48.9
48.5	48.10
48.7	48.11
48.6	48.12
48.6	48.13
48.4	48.14
48.1	48.15
48.1	48.16
48.5	48.17
48.7	48.18
48.1	48.19
48.5	48.20
48.1	48.21
48.5	48.22
48.5	48.23
48.4	48.24
48.5	48.25
48.4	48.26
48.5	48.27
48.1	48.28
48.1	48.29
48.2	48.30
48.5	48.31
48.1	48.32
48.4	48.33
48.6	48.34
48.1	48.35
48.1	48.36
48.4	48.37
48.4	48.38
48.1	48.39
48.5	48.40
48.5	48.41
48.6	48.42
48.1	48.43
48.1	48.44
48.6	48.45
48.4	48.46
48.5	48.47
48.4	48.48
48.4	48.49
48.3	48.50
48.1	48.51
48.5	48.52
48.1	48.53
48.5	48.54
48.6	48.55
48.6	48.56
48.1	48.57
48.6	48.58
48.6	48.59
48.6	48.60
48.6	48.61
48.6	48.62
48.6	48.63
48.5	48.64
49.7	49.1
49.7	49.2
49.1	49.3
49.1	49.4
49.6	49.5
49.5	49.6
49.7	49.7
49.1	49.8
49.5	49.9
49.5	49.10
49.2	49.11
49.7	49.12
49.1	49.13
49.6	49.14
49.5	49.15
49.6	49.16
49.7	49.17
49.4	49.18
49.5	49.19
49.1	49.20
49.7	49.21
49.7	49.22
49.1	49.23
49.1	49.24
49.1	49.25
49.5	49.26
49.1	49.27
49.1	49.28
49.7	49.29
49.7	49.30
49.1	49.31
49.7	49.32
49.6	49.33
49.1	49.34
49.1	49.35
49.7	49.36
49.7	49.37
49.7	49.38
49.1	49.39
49.5	49.40
49.4	49.41
49.5	49.42
49.7	49.43
49.1	49.44
49.7	49.45
49.6	49.46
49.1	49.47
49.1	49.48
49.7	49.49
49.1	49.50
49.3	49.51
49.1	49.52
49.7	49.53
49.4	49.54
49.7	49.55
49.1	49.56
49.6	49.57
49.5	49.58
49.1	49.59
49.1	49.60
49.1	49.61
49.6	49.62
49.6	49.63
49.4	49.64
50.1	50.1
50.1	50.2
50.6	50.3
50.1	50.4
50.6	50.5
50.1	50.6
50.1	50.7
50.1	50.8
50.1	50.9
50.1	50.10
50.6	50.11
50.6	50.12
50.1	50.13
50.1	50.14
50.1	50.15
50.6	50.16
50.6	50.17
50.6	50.18
50.1	50.19
50.6	50.20
50.1	50.21
50.6	50.22
50.6	50.23
50.1	50.24
50.1	50.25
50.6	50.26
50.6	50.27
50.1	50.28
50.1	50.29
50.3	50.30
50.6	50.31
50.1	50.32
50.6	50.33
50.6	50.34
50.1	50.35
50.1	50.36
50.1	50.37
50.1	50.38
50.4	50.39
50.1	50.40
50.1	50.41
50.5	50.42
50.6	50.43
50.6	50.44
50.1	50.45
50.1	50.46
50.1	50.47
50.5	50.48
50.6	50.49
50.1	50.50
50.5	50.51
50.1	50.52
50.6	50.53
50.1	50.54
50.1	50.55
50.1	50.56
50.6	50.57
50.2	50.58
50.1	50.59
50.1	50.60
50.5	50.61
50.1	50.62
50.1	50.63
50.1	50.64
51.3	51.1
51.1	51.2
51.4	51.3
51.5	51.4
51.3	51.5
51.4	51.6
51.4	51.7
51.3	51.8
51.1	51.9
51.1	51.10
51.1	51.11
51.5	51.12
51.4	51.13
51.3	51.14
51.3	51.15
51.4	51.16
51.1	51.17
51.4	51.18
51.4	51.19
51.1	51.20
51.6	51.21
51.4	51.22
51.5	51.23
51.4	51.24
51.5	51.25
51.4	51.26
51.1	51.27
51.6	51.28
51.3	51.29
51.5	51.30
51.4	51.31
51.4	51.32
51.1	51.33
51.2	51.34
51.4	51.35
51.4	51.36
51.3	51.37
51.4	51.38
51.4	51.39
51.4	51.40
51.4	51.41
51.4	51.42
51.5	51.43
51.1	51.44
51.5	51.45
51.1	51.46
51.3	51.47
51.4	51.48
51.1	51.49
51.1	51.50
51.3	51.51
51.1	51.52
51.1	51.53
51.4	51.54
51.4	51.55
51.1	51.56
51.1	51.57
51.5	51.58
51.4	51.59
51.5	51.60
51.1	51.61
51.1	51.62
51.3	51.63
51.5	51.64
52.1	52.1
52.1	52.2
52.5	52.3
52.5	52.4
52.5	52.5
52.5	52.6
52.8	52.7
52.1	52.8
52.1	52.9
52.4	52.10
52.8	52.11
52.1	52.12
52.5	52.13
52.1	52.14
52.5	52.15
52.5	52.16
52.1	52.17
52.5	52.18
52.5	52.19
52.1	52.20
52.8	52.21
52.1	52.22
52.6	52.23
52.5	52.24
52.5	52.25
52.1	52.26
52.1	52.27
52.5	52.28
52.1	52.29
52.5	52.30
52.5	52.31
52.6	52.32
52.8	52.33
52.5	52.34
52.5	52.35
52.5	52.36
52.5	52.37
52.8	52.38
52.5	52.39
52.5	52.40
52.1	52.41
52.8	52.42
52.1	52.43
52.5	52.44
52.5	52.45
52.5	52.46
52.3	52.47
52.5	52.48
52.5	52.49
52.1	52.50
52.8	52.51
52.1	52.52
52.2	52.53
52.7	52.54
52.1	52.55
52.5	52.56
52.7	52.57
52.4	52.58
52.1	52.59
52.8	52.60
52.8	52.61
52.6	52.62
52.1	52.63
52.5	52.64
53.6	53.1
53.1	53.2
53.1	53.3
53.1	53.4
53.6	53.5
53.1	53.6
53.5	53.7
53.4	53.8
53.1	53.9
53.6	53.10
53.1	53.11
53.5	53.12
53.5	53.13
53.5	53.14
53.4	53.15
53.1	53.16
53.6	53.17
53.4	53.18
53.5	53.19
53.6	53.20
53.1	53.21
53.1	53.22
53.1	53.23
53.3	53.24
53.5	53.25
53.6	53.26
53.6	53.27
53.4	53.28
53.5	53.29
53.5	53.30
53.4	53.31
53.1	53.32
53.4	53.33
53.1	53.34
53.5	53.35
53.5	53.36
53.1	53.37
53.5	53.38
53.3	53.39
53.6	53.40
53.4	53.41
53.1	53.42
53.3	53.43
53.1	53.44
53.4	53.45
53.6	53.46
53.1	53.47
53.5	53.48
53.1	53.49
53.5	53.50
53.6	53.51
53.2	53.52
53.6	53.53
53.5	53.54
53.6	53.55
53.1	53.56
53.5	53.57
53.6	53.58
53.6	53.59
53.1	53.60
53.6	53.61
53.1	53.62
53.5	53.63
53.5	53.64
54.5	54.1
54.5	54.2
54.5	54.3
54.4	54.4
54.5	54.5
54.4	54.6
54.4	54.7
54.4	54.8
54.4	54.9
54.5	54.10
54.4	54.11
54.5	54.12
54.6	54.13
54.6	54.14
54.5	54.15
54.4	54.16
54.5	54.17
54.5	54.18
54.4	54.19
54.4	54.20
54.4	54.21
54.5	54.22
54.5	54.23
54.3	54.24
54.1	54.25
54.1	54.26
54.5	54.27
54.5	54.28
54.4	54.29
54.5	54.30
54.5	54.31
54.5	54.32
54.5	54.33
54.5	54.34
54.5	54.35
54.5	54.36
54.5	54.37
54.4	54.38
54.4	54.39
54.4	54.40
54.1	54.41
54.4	54.42
54.6	54.43
54.2	54.44
54.6	54.45
54.5	54.46
54.5	54.47
54.1	54.48
54.4	54.49
54.4	54.50
54.5	54.51
54.5	54.52
54.4	54.53
54.1	54.54
54.5	54.55
54.5	54.56
54.5	54.57
54.4	54.58
54.1	54.59
54.5	54.60
54.5	54.61
54.5	54.62
54.4	54.63
54.4	54.64
55.6	55.1
55.3	55.2
55.4	55.3
55.3	55.4
55.6	55.5
55.4	55.6
55.6	55.7
55.6	55.8
55.4	55.9
55.6	55.10
55.3	55.11
55.4	55.12
55.3	55.13
55.1	55.14
55.6	55.15
55.6	55.16
55.4	55.17
55.6	55.18
55.3	55.19
55.5	55.20
55.6	55.21
55.3	55.22
55.2	55.23
55.6	55.24
55.6	55.25
55.3	55.26
55.6	55.27
55.3	55.28
55.6	55.29
55.4	55.30
55.4	55.31
55.3	55.32
55.6	55.33
55.6	55.34
55.6	55.35
55.3	55.36
55.3	55.37
55.4	55.38
55.3	55.39
55.3	55.40
55.6	55.41
55.6	55.42
55.6	55.43
55.6	55.44
55.6	55.45
55.6	55.46
55.3	55.47
55.3	55.48
55.4	55.49
55.1	55.50
55.3	55.51
55.6	55.52
55.3	55.53
55.3	55.54
55.3	55.55
55.6	55.56
55.1	55.57
55.3	55.58
55.3	55.59
55.3	55.60
55.3	55.61
55.3	55.62
55.6	55.63
55.6	55.64
56.9	56.1
56.9	56.2
56.9	56.3
56.3	56.4
56.8	56.5
56.2	56.6
56.7	56.7
56.3	56.8
56.3	56.9
56.9	56.10
56.3	56.11
56.9	56.12
56.3	56.13
56.3	56.14
56.7	56.15
56.3	56.16
56.9	56.17
56.3	56.18
56.4	56.19
56.3	56.20
56.3	56.21
56.8	56.22
56.3	56.23
56.3	56.24
56.3	56.25
56.3	56.26
56.9	56.27
56.3	56.28
56.9	56.29
56.9	56.30
56.1	56.31
56.4	56.32
56.9	56.33
56.9	56.34
56.9	56.35
56.3	56.36
56.7	56.37
56.7	56.38
56.9	56.39
56.3	56.40
56.4	56.41
56.3	56.42
56.9	56.43
56.9	56.44
56.3	56.45
56.3	56.46
56.9	56.47
56.3	56.48
56.4	56.49
56.9	56.50
56.9	56.51
56.3	56.52
56.1	56.53
56.7	56.54
56.1	56.55
56.3	56.56
56.9	56.57
56.5	56.58
56.6	56.59
56.4	56.60
56.3	56.61
56.9	56.62
56.9	56.63
56.3	56.64
57.3	57.1
57.11	57.2
57.3	57.3
57.1	57.4
57.1	57.5
57.11	57.6
57.3	57.7
57.3	57.8
57.11	57.9
57.3	57.10
57.3	57.11
57.3	57.12
57.3	57.13
57.11	57.14
57.1	57.15
57.11	57.16
57.10	57.17
57.11	57.18
57.11	57.19
57.1	57.20
57.11	57.21
57.5	57.22
57.3	57.23
57.11	57.24
57.11	57.25
57.1	57.26
57.11	57.27
57.1	57.28
57.2	57.29
57.11	57.30
57.1	57.31
57.3	57.32
57.11	57.33
57.11	57.34
57.1	57.35
57.1	57.36
57.4	57.37
57.11	57.38
57.3	57.39
57.9	57.40
57.9	57.41
57.10	57.42
57.11	57.43
57.11	57.44
57.11	57.45
57.3	57.46
57.10	57.47
57.3	57.48
57.8	57.49
57.1	57.50
57.11	57.51
57.10	57.52
57.9	57.53
57.9	57.54
57.11	57.55
57.11	57.56
57.7	57.57
57.10	57.58
57.1	57.59
57.1	57.60
57.6	57.61
57.1	57.62
57.11	57.63
57.9	57.64
58.8	58.1
58.10	58.2
58.8	58.3
58.10	58.4
58.5	58.5
58.10	58.6
58.10	58.7
58.5	58.8
58.10	58.9
58.5	58.10
58.10	58.11
58.10	58.12
58.5	58.13
58.13	58.14
58.10	58.15
58.11	58.16
58.5	58.17
58.5	58.18
58.1	58.19
58.6	58.20
58.5	58.21
58.12	58.22
58.5	58.23
58.10	58.24
58.9	58.25
58.9	58.26
58.5	58.27
58.5	58.28
58.5	58.29
58.10	58.30
58.10	58.31
58.5	58.32
58.9	58.33
58.10	58.34
58.10	58.35
58.8	58.36
58.9	58.37
58.9	58.38
58.9	58.39
58.5	58.40
58.10	58.41
58.5	58.42
58.1	58.43
58.6	58.44
58.5	58.45
58.12	58.46
58.5	58.47
58.10	58.48
58.7	58.49
58.5	58.50
58.2	58.51
58.14	58.52
58.5	58.53
58.4	58.54
58.9	58.55
58.5	58.56
58.5	58.57
58.10	58.58
58.9	58.59
58.2	58.60
58.9	58.61
58.5	58.62
58.5	58.63
58.3	58.64
59.4	59.1
59.4	59.2
59.6	59.3
59.4	59.4
59.1	59.5
59.4	59.6
59.1	59.7
59.4	59.8
59.4	59.9
59.1	59.10
59.4	59.11
59.4	59.12
59.1	59.13
59.4	59.14
59.4	59.15
59.1	59.16
59.6	59.17
59.4	59.18
59.4	59.19
59.5	59.20
59.4	59.21
59.4	59.22
59.4	59.23
59.3	59.24
59.4	59.25
59.4	59.26
59.4	59.27
59.1	59.28
59.4	59.29
59.4	59.30
59.4	59.31
59.3	59.32
59.4	59.33
59.5	59.34
59.1	59.35
59.1	59.36
59.3	59.37
59.3	59.38
59.4	59.39
59.4	59.40
59.6	59.41
59.1	59.42
59.1	59.43
59.4	59.44
59.4	59.45
59.4	59.46
59.1	59.47
59.4	59.48
59.1	59.49
59.4	59.50
59.4	59.51
59.4	59.52
59.6	59.53
59.4	59.54
59.4	59.55
59.4	59.56
59.1	59.57
59.5	59.58
59.4	59.59
59.6	59.60
59.6	59.61
59.4	59.62
59.2	59.63
59.4	59.64
60.1	60.1
60.8	60.2
60.1	60.3
60.1	60.4
60.1	60.5
60.1	60.6
60.14	60.7
60.1	60.8
60.10	60.9
60.1	60.10
60.8	60.11
60.8	60.12
60.1	60.13
60.10	60.14
60.8	60.15
60.10	60.16
60.3	60.17
60.8	60.18
60.7	60.19
60.10	60.20
60.8	60.21
60.8	60.22
60.8	60.23
60.10	60.24
60.10	60.25
60.10	60.26
60.1	60.27
60.14	60.28
60.1	60.29
60.4	60.30
60.1	60.31
60.14	60.32
60.4	60.33
60.1	60.34
60.8	60.35
60.2	60.36
60.6	60.37
60.8	60.38
60.13	60.39
60.12	60.40
60.8	60.41
60.13	60.42
60.1	60.43
60.10	60.44
60.12	60.45
60.8	60.46
60.10	60.47
60.8	60.48
60.9	60.49
60.10	60.50
60.8	60.51
60.8	60.52
60.7	60.53
60.8	60.54
60.8	60.55
60.1	60.56
60.1	60.57
60.5	60.58
60.7	60.59
60.1	60.60
60.11	60.61
60.11	60.62
60.7	60.63
60.14	60.64
61.1	61.1
61.5	61.2
61.5	61.3
61.1	61.4
61.5	61.5
61.5	61.6
61.1	61.7
61.1	61.8
61.5	61.9
61.5	61.10
61.1	61.11
61.5	61.12
61.1	61.13
61.5	61.14
61.1	61.15
61.5	61.16
61.5	61.17
61.1	61.18
61.1	61.19
61.1	61.20
61.5	61.21
61.5	61.22
61.1	61.23
61.4	61.24
61.1	61.25
61.5	61.26
61.1	61.27
61.5	61.28
61.3	61.29
61.5	61.30
61.1	61.31
61.1	61.32
61.1	61.33
61.1	61.34
61.5	61.35
61.1	61.36
61.1	61.37
61.5	61.38
61.1	61.39
61.1	61.40
61.1	61.41
61.1	61.42
61.2	61.43
61.3	61.44
61.1	61.45
61.1	61.46
61.1	61.47
61.3	61.48
61.1	61.49
61.5	61.50
61.5	61.51
61.1	61.52
61.5	61.53
61.1	61.54
61.1	61.55
61.1	61.56
61.1	61.57
61.1	61.58
61.1	61.59
61.1	61.60
61.1	61.61
61.1	61.62
61.1	61.63
61.5	61.64
62.5	62.1
62.5	62.2
62.5	62.3
62.5	62.4
62.3	62.5
62.5	62.6
62.1	62.7
62.3	62.8
62.3	62.9
62.5	62.10
62.5	62.11
62.5	62.12
62.1	62.13
62.3	62.14
62.3	62.15
62.6	62.16
62.5	62.17
62.5	62.18
62.3	62.19
62.5	62.20
62.3	62.21
62.5	62.22
62.2	62.23
62.6	62.24
62.3	62.25
62.3	62.26
62.5	62.27
62.3	62.28
62.3	62.29
62.3	62.30
62.4	62.31
62.6	62.32
62.3	62.33
62.3	62.34
62.3	62.35
62.6	62.36
62.5	62.37
62.4	62.38
62.5	62.39
62.3	62.40
62.5	62.41
62.3	62.42
62.3	62.43
62.5	62.44
62.3	62.45
62.5	62.46
62.5	62.47
62.6	62.48
62.6	62.49
62.5	62.50
62.3	62.51
62.3	62.52
62.4	62.53
62.3	62.54
62.5	62.55
62.6	62.56
62.5	62.57
62.6	62.58
62.3	62.59
62.5	62.60
62.3	62.61
62.3	62.62
62.5	62.63
62.3	62.64
63.5	63.1
63.6	63.2
63.1	63.3
63.1	63.4
63.6	63.5
63.1	63.6
63.1	63.7
63.6	63.8
63.6	63.9
63.1	63.10
63.1	63.11
63.6	63.12
63.1	63.13
63.6	63.14
63.1	63.15
63.1	63.16
63.6	63.17
63.6	63.18
63.6	63.19
63.5	63.20
63.6	63.21
63.6	63.22
63.6	63.23
63.8	63.24
63.1	63.25
63.5	63.26
63.1	63.27
63.1	63.28
63.1	63.29
63.6	63.30
63.1	63.31
63.6	63.32
63.1	63.33
63.6	63.34
63.5	63.35
63.1	63.36
63.8	63.37
63.1	63.38
63.1	63.39
63.1	63.40
63.1	63.41
63.6	63.42
63.2	63.43
63.7	63.44
63.8	63.45
63.5	63.46
63.6	63.47
63.5	63.48
63.5	63.49
63.6	63.50
63.3	63.51
63.4	63.52
63.6	63.53
63.1	63.54
63.1	63.55
63.5	63.56
63.6	63.57
63.6	63.58
63.1	63.59
63.6	63.60
63.6	63.61
63.6	63.62
63.1	63.63
63.5	63.64
64.6	64.1
64.11	64.2
64.7	64.3
64.1	64.4
64.1	64.5
64.9	64.6
64.4	64.7
64.4	64.8
64.4	64.9
64.7	64.10
64.9	64.11
64.4	64.12
64.10	64.13
64.7	64.14
64.7	64.15
64.7	64.16
64.7	64.17
64.4	64.18
64.4	64.19
64.7	64.20
64.4	64.21
64.7	64.22
64.4	64.23
64.10	64.24
64.10	64.25
64.8	64.26
64.10	64.27
64.10	64.28
64.5	64.29
64.7	64.30
64.4	64.31
64.10	64.32
64.7	64.33
64.7	64.34
64.10	64.35
64.10	64.36
64.4	64.37
64.4	64.38
64.2	64.39
64.4	64.40
64.7	64.41
64.7	64.42
64.10	64.43
64.4	64.44
64.7	64.45
64.7	64.46
64.3	64.47
64.4	64.48
64.7	64.49
64.12	64.50
64.10	64.51
64.4	64.52
64.10	64.53
64.10	64.54
64.4	64.55
64.1	64.56
64.4	64.57
64.7	64.58
64.7	64.59
64.7	64.60
64.9	64.61
64.7	64.62
64.4	64.63
64.9	64.64
65.1	65.1
65.4	65.2
65.5	65.3
65.4	65.4
65.1	65.5
65.1	65.6
65.1	65.7
65.4	65.8
65.1	65.9
65.4	65.10
65.4	65.11
65.1	65.12
65.4	65.13
65.4	65.14
65.6	65.15
65.4	65.16
65.4	65.17
65.4	65.18
65.1	65.19
65.1	65.20
65.4	65.21
65.4	65.22
65.1	65.23
65.1	65.24
65.4	65.25
65.1	65.26
65.4	65.27
65.6	65.28
65.2	65.29
65.1	65.30
65.4	65.31
65.1	65.32
65.6	65.33
65.4	65.34
65.4	65.35
65.4	65.36
65.6	65.37
65.4	65.38
65.1	65.39
65.4	65.40
65.4	65.41
65.1	65.42
65.1	65.43
65.1	65.44
65.1	65.45
65.1	65.46
65.1	65.47
65.4	65.48
65.4	65.49
65.1	65.50
65.6	65.51
65.4	65.52
65.1	65.53
65.4	65.54
65.4	65.55
65.3	65.56
65.1	65.57
65.1	65.58
65.1	65.59
65.1	65.60
65.1	65.61
65.4	65.62
65.1	65.63
65.1	65.64
66.6	66.1
66.10	66.2
66.6	66.3
66.6	66.4
66.6	66.5
66.10	66.6
66.6	66.7
66.6	66.8
66.10	66.9
66.6	66.10
66.10	66.11
66.6	66.12
66.3	66.13
66.10	66.14
66.10	66.15
66.6	66.16
66.6	66.17
66.6	66.18
66.7	66.19
66.6	66.20
66.6	66.21
66.10	66.22
66.9	66.23
66.7	66.24
66.6	66.25
66.6	66.26
66.6	66.27
66.6	66.28
66.10	66.29
66.10	66.30
66.9	66.31
66.10	66.32
66.9	66.33
66.9	66.34
66.9	66.35
66.4	66.36
66.9	66.37
66.7	66.38
66.10	66.39
66.6	66.40
66.10	66.41
66.6	66.42
66.10	66.43
66.9	66.44
66.1	66.45
66.10	66.46
66.9	66.47
66.6	66.48
66.1	66.49
66.9	66.50
66.7	66.51
66.9	66.52
66.7	66.53
66.8	66.54
66.10	66.55
66.7	66.56
66.10	66.57
66.1	66.58
66.7	66.59
66.5	66.60
66.9	66.61
66.6	66.62
66.2	66.63
66.9	66.64
67.5	67.1
67.4	67.2
67.4	67.3
67.4	67.4
67.5	67.5
67.4	67.6
67.4	67.7
67.4	67.8
67.5	67.9
67.4	67.10
67.5	67.11
67.4	67.12
67.4	67.13
67.2	67.14
67.4	67.15
67.5	67.16
67.5	67.17
67.4	67.18
67.4	67.19
67.5	67.20
67.4	67.21
67.5	67.22
67.2	67.23
67.2	67.24
67.5	67.25
67.5	67.26
67.4	67.27
67.5	67.28
67.4	67.29
67.4	67.30
67.1	67.31
67.4	67.32
67.5	67.33
67.4	67.34
67.4	67.35
67.5	67.36
67.4	67.37
67.4	67.38
67.4	67.39
67.5	67.40
67.4	67.41
67.4	67.42
67.5	67.43
67.5	67.44
67.3	67.45
67.4	67.46
67.4	67.47
67.4	67.48
67.5	67.49
67.5	67.50
67.4	67.51
67.5	67.52
67.5	67.53
67.4	67.54
67.4	67.55
67.4	67.56
67.4	67.57
67.4	67.58
67.5	67.59
67.5	67.60
67.5	67.61
67.5	67.62
67.5	67.63
67.5	67.64
68.1	68.1
68.1	68.2
68.8	68.3
68.1	68.4
68.8	68.5
68.6	68.6
68.1	68.7
68.8	68.8
68.3	68.9
68.7	68.10
68.8	68.11
68.5	68.12
68.8	68.13
68.1	68.14
68.1	68.15
68.5	68.16
68.8	68.17
68.8	68.18
68.8	68.19
68.7	68.20
68.6	68.21
68.6	68.22
68.1	68.23
68.5	68.24
68.1	68.25
68.1	68.26
68.8	68.27
68.5	68.28
68.7	68.29
68.1	68.30
68.8	68.31
68.8	68.32
68.7	68.33
68.1	68.34
68.1	68.35
68.5	68.36
68.4	68.37
68.8	68.38
68.1	68.39
68.1	68.40
68.1	68.41
68.8	68.42
68.8	68.43
68.8	68.44
68.6	68.45
68.7	68.46
68.6	68.47
68.8	68.48
68.8	68.49
68.6	68.50
68.2	68.51
68.1	68.52
68.1	68.53
68.8	68.54
68.8	68.55
68.8	68.56
68.8	68.57
68.6	68.58
68.8	68.59
68.1	68.60
68.1	68.61
68.8	68.62
68.8	68.63
68.6	68.64
69.4	69.1
69.1	69.2
69.4	69.3
69.6	69.4
69.6	69.5
69.5	69.6
69.4	69.7
69.5	69.8
69.6	69.9
69.6	69.10
69.1	69.11
69.1	69.12
69.1	69.13
69.1	69.14
69.2	69.15
69.6	69.16
69.4	69.17
69.4	69.18
69.4	69.19
69.4	69.20
69.1	69.21
69.6	69.22
69.4	69.23
69.1	69.24
69.1	69.25
69.4	69.26
69.1	69.27
69.6	69.28
69.4	69.29
69.5	69.30
69.6	69.31
69.6	69.32
69.4	69.33
69.1	69.34
69.6	69.35
69.1	69.36
69.1	69.37
69.6	69.38
69.6	69.39
69.4	69.40
69.6	69.41
69.1	69.42
69.3	69.43
69.4	69.44
69.5	69.45
69.1	69.46
69.6	69.47
69.6	69.48
69.6	69.49
69.1	69.50
69.4	69.51
69.1	69.52
69.4	69.53
69.1	69.54
69.6	69.55
69.4	69.56
69.1	69.57
69.6	69.58
69.4	69.59
69.3	69.60
69.4	69.61
69.4	69.62
69.6	69.63
69.6	69.64
70.1	70.1
70.5	70.2
70.1	70.3
70.5	70.4
70.5	70.5
70.4	70.6
70.1	70.7
70.1	70.8
70.5	70.9
70.5	70.10
70.5	70.11
70.1	70.12
70.5	70.13
70.5	70.14
70.1	70.15
70.5	70.16
70.1	70.17
70.1	70.18
70.1	70.19
70.5	70.20
70.5	70.21
70.1	70.22
70.5	70.23
70.1	70.24
70.5	70.25
70.5	70.26
70.1	70.27
70.5	70.28
70.1	70.29
70.5	70.30
70.1	70.31
70.3	70.32
70.2	70.33
70.6	70.34
70.5	70.35
70.5	70.36
70.5	70.37
70.5	70.38
70.5	70.39
70.1	70.40
70.5	70.41
70.1	70.42
70.5	70.43
70.5	70.44
70.5	70.45
70.5	70.46
70.1	70.47
70.1	70.48
70.1	70.49
70.1	70.50
70.1	70.51
70.1	70.52
70.5	70.53
70.1	70.54
70.1	70.55
70.6	70.56
70.5	70.57
70.1	70.58
70.5	70.59
70.1	70.60
70.5	70.61
70.1	70.62
70.5	70.63
70.1	70.64
71.3	71.1
71.1	71.2
71.4	71.3
71.4	71.4
71.1	71.5
71.1	71.6
71.4	71.7
71.1	71.8
71.4	71.9
71.1	71.10
71.4	71.11
71.1	71.12
71.1	71.13
71.4	71.14
71.1	71.15
71.1	71.16
71.4	71.17
71.4	71.18
71.1	71.19
71.1	71.20
71.1	71.21
71.5	71.22
71.4	71.23
71.1	71.24
71.5	71.25
71.3	71.26
71.3	71.27
71.1	71.28
71.1	71.29
71.1	71.30
71.4	71.31
71.1	71.32
71.5	71.33
71.3	71.34
71.1	71.35
71.2	71.36
71.4	71.37
71.4	71.38
71.4	71.39
71.3	71.40
71.3	71.41
71.3	71.42
71.4	71.43
71.5	71.44
71.4	71.45
71.1	71.46
71.1	71.47
71.4	71.48
71.3	71.49
71.3	71.50
71.4	71.51
71.3	71.52
71.4	71.53
71.4	71.54
71.4	71.55
71.1	71.56
71.3	71.57
71.3	71.58
71.3	71.59
71.5	71.60
71.4	71.61
71.4	71.62
71.1	71.63
71.4	71.64
72.9	72.1
72.6	72.2
72.9	72.3
72.7	72.4
72.8	72.5
72.8	72.6
72.9	72.7
72.9	72.8
72.9	72.9
72.9	72.10
72.1	72.11
72.2	72.12
72.1	72.13
72.5	72.14
72.1	72.15
72.1	72.16
72.7	72.17
72.3	72.18
72.9	72.19
72.8	72.20
72.1	72.21
72.1	72.22
72.8	72.23
72.1	72.24
72.8	72.25
72.1	72.26
72.8	72.27
72.5	72.28
72.7	72.29
72.3	72.30
72.9	72.31
72.9	72.32
72.7	72.33
72.1	72.34
72.1	72.35
72.9	72.36
72.7	72.37
72.7	72.38
72.8	72.39
72.1	72.40
72.5	72.41
72.9	72.42
72.1	72.43
72.7	72.44
72.6	72.45
72.1	72.46
72.1	72.47
72.3	72.48
72.5	72.49
72.4	72.50
72.9	72.51
72.7	72.52
72.9	72.53
72.1	72.54
72.8	72.55
72.6	72.56
72.7	72.57
72.1	72.58
72.7	72.59
72.4	72.60
72.9	72.61
72.8	72.62
72.4	72.63
72.6	72.64
73.6	73.1
73.3	73.2
73.5	73.3
73.3	73.4
73.2	73.5
73.5	73.6
73.3	73.7
73.5	73.8
73.5	73.9
73.5	73.10
73.3	73.11
73.3	73.12
73.6	73.13
73.3	73.14
73.3	73.15
73.5	73.16
73.3	73.17
73.5	73.18
73.3	73.19
73.5	73.20
73.5	73.21
73.3	73.22
73.3	73.23
73.4	73.24
73.5	73.25
73.3	73.26
73.5	73.27
73.4	73.28
73.6	73.29
73.3	73.30
73.6	73.31
73.6	73.32
73.5	73.33
73.3	73.34
73.5	73.35
73.5	73.36
73.6	73.37
73.5	73.38
73.6	73.39
73.3	73.40
73.3	73.41
73.3	73.42
73.3	73.43
73.4	73.44
73.5	73.45
73.6	73.46
73.3	73.47
73.4	73.48
73.6	73.49
73.3	73.50
73.3	73.51
73.5	73.52
73.5	73.53
73.6	73.54
73.6	73.55
73.6	73.56
73.6	73.57
73.5	73.58
73.6	73.59
73.6	73.60
73.5	73.61
73.5	73.62
73.1	73.63
73.3	73.64
74.1	74.1
74.5	74.2
74.1	74.3
74.4	74.4
74.1	74.5
74.5	74.6
74.4	74.7
74.6	74.8
74.1	74.9
74.5	74.10
74.1	74.11
74.1	74.12
74.1	74.13
74.1	74.14
74.5	74.15
74.5	74.16
74.1	74.17
74.1	74.18
74.5	74.19
74.1	74.20
74.5	74.21
74.4	74.22
74.5	74.23
74.1	74.24
74.5	74.25
74.4	74.26
74.4	74.27
74.5	74.28
74.1	74.29
74.1	74.30
74.1	74.31
74.5	74.32
74.1	74.33
74.5	74.34
74.5	74.35
74.1	74.36
74.4	74.37
74.5	74.38
74.5	74.39
74.5	74.40
74.8	74.41
74.5	74.42
74.1	74.43
74.1	74.44
74.1	74.45
74.4	74.46
74.5	74.47
74.5	74.48
74.8	74.49
74.3	74.50
74.7	74.51
74.4	74.52
74.1	74.53
74.5	74.54
74.4	74.55
74.4	74.56
74.5	74.57
74.1	74.58
74.5	74.59
74.2	74.60
74.5	74.61
74.4	74.62
74.5	74.63
74.6	74.64
75.8	75.1
75.1	75.2
75.1	75.3
75.8	75.4
75.1	75.5
75.8	75.6
75.7	75.7
75.1	75.8
75.1	75.9
75.1	75.10
75.8	75.11
75.8	75.12
75.8	75.13
75.1	75.14
75.8	75.15
75.7	75.16
75.4	75.17
75.8	75.18
75.1	75.19
75.2	75.20
75.8	75.21
75.8	75.22
75.8	75.23
75.3	75.24
75.4	75.25
75.8	75.26
75.8	75.27
75.8	75.28
75.4	75.29
75.7	75.30
75.1	75.31
75.8	75.32
75.8	75.33
75.1	75.34
75.8	75.35
75.8	75.36
75.1	75.37
75.1	75.38
75.4	75.39
75.8	75.40
75.1	75.41
75.1	75.42
75.1	75.43
75.7	75.44
75.6	75.45
75.6	75.46
75.4	75.47
75.1	75.48
75.1	75.49
75.8	75.50
75.7	75.51
75.7	75.52
75.1	75.53
75.1	75.54
75.1	75.55
75.7	75.56
75.5	75.57
75.1	75.58
75.8	75.59
75.8	75.60
75.7	75.61
75.7	75.62
75.7	75.63
75.1	75.64
76.5	76.1
76.1	76.2
76.5	76.3
76.1	76.4
76.1	76.5
76.1	76.6
76.1	76.7
76.1	76.8
76.1	76.9
76.3	76.10
76.1	76.11
76.1	76.12
76.5	76.13
76.5	76.14
76.1	76.15
76.5	76.16
76.5	76.17
76.1	76.18
76.1	76.19
76.1	76.20
76.4	76.21
76.1	76.22
76.5	76.23
76.5	76.24
76.1	76.25
76.1	76.26
76.1	76.27
76.1	76.28
76.1	76.29
76.1	76.30
76.5	76.31
76.5	76.32
76.1	76.33
76.1	76.34
76.1	76.35
76.3	76.36
76.1	76.37
76.1	76.38
76.1	76.39
76.5	76.40
76.5	76.41
76.1	76.42
76.5	76.43
76.3	76.44
76.1	76.45
76.5	76.46
76.1	76.47
76.5	76.48
76.5	76.49
76.3	76.50
76.1	76.51
76.5	76.52
76.5	76.53
76.3	76.54
76.2	76.55
76.1	76.56
76.1	76.57
76.1	76.58
76.1	76.59
76.1	76.60
76.5	76.61
76.6	76.62
76.5	76.63
76.1	76.64
77.7	77.1
77.5	77.2
77.2	77.3
77.9	77.4
77.2	77.5
77.2	77.6
77.2	77.7
77.2	77.8
77.2	77.9
77.5	77.10
77.9	77.11
77.5	77.12
77.2	77.13
77.2	77.14
77.2	77.15
77.9	77.16
77.1	77.17
77.9	77.18
77.2	77.19
77.7	77.20
77.9	77.21
77.2	77.22
77.9	77.23
77.2	77.24
77.2	77.25
77.9	77.26
77.8	77.27
77.9	77.28
77.6	77.29
77.5	77.30
77.2	77.31
77.2	77.32
77.5	77.33
77.3	77.34
77.5	77.35
77.9	77.36
77.2	77.37
77.9	77.38
77.8	77.39
77.8	77.40
77.9	77.41
77.2	77.42
77.2	77.43
77.9	77.44
77.6	77.45
77.5	77.46
77.3	77.47
77.8	77.48
77.2	77.49
77.7	77.50
77.9	77.51
77.5	77.52
77.3	77.53
77.4	77.54
77.9	77.55
77.7	77.56
77.8	77.57
77.2	77.58
77.9	77.59
77.2	77.60
77.2	77.61
77.2	77.62
77.2	77.63
77.9	77.64
78.4	78.1
78.4	78.2
78.7	78.3
78.1	78.4
78.9	78.5
78.4	78.6
78.9	78.7
78.2	78.8
78.6	78.9
78.9	78.10
78.5	78.11
78.4	78.12
78.4	78.13
78.1	78.14
78.7	78.15
78.9	78.16
78.9	78.17
78.4	78.18
78.7	78.19
78.6	78.20
78.6	78.21
78.7	78.22
78.9	78.23
78.9	78.24
78.1	78.25
78.6	78.26
78.9	78.27
78.7	78.28
78.7	78.29
78.7	78.30
78.9	78.31
78.7	78.32
78.1	78.33
78.7	78.34
78.9	78.35
78.7	78.36
78.8	78.37
78.1	78.38
78.9	78.39
78.6	78.40
78.9	78.41
78.7	78.42
78.8	78.43
78.7	78.44
78.9	78.45
78.9	78.46
78.3	78.47
78.7	78.48
78.9	78.49
78.4	78.50
78.6	78.51
78.7	78.52
78.4	78.53
78.1	78.54
78.7	78.55
78.4	78.56
78.7	78.57
78.7	78.58
78.1	78.59
78.5	78.60
78.9	78.61
78.1	78.62
78.7	78.63
78.9	78.64
79.7	79.1
79.7	79.2
79.1	79.3
79.9	79.4
79.9	79.5
79.9	79.6
79.1	79.7
79.9	79.8
79.1	79.9
79.9	79.10
79.1	79.11
79.7	79.12
79.9	79.13
79.4	79.14
79.9	79.15
79.9	79.16
79.7	79.17
79.9	79.18
79.9	79.19
79.8	79.20
79.1	79.21
79.9	79.22
79.1	79.23
79.9	79.24
79.1	79.25
79.1	79.26
79.7	79.27
79.1	79.28
79.9	79.29
79.8	79.30
79.9	79.31
79.1	79.32
79.3	79.33
79.3	79.34
79.8	79.35
79.6	79.36
79.7	79.37
79.2	79.38
79.1	79.39
79.9	79.40
79.1	79.41
79.3	79.42
79.1	79.43
79.6	79.44
79.6	79.45
79.8	79.46
79.1	79.47
79.8	79.48
79.7	79.49
79.5	79.50
79.1	79.51
79.1	79.52
79.9	79.53
79.1	79.54
79.9	79.55
79.1	79.56
79.3	79.57
79.6	79.58
79.8	79.59
79.9	79.60
79.9	79.61
79.8	79.62
79.9	79.63
79.9	79.64
80.6	80.1
80.6	80.2
80.5	80.3
80.6	80.4
80.6	80.5
80.1	80.6
80.6	80.7
80.2	80.8
80.1	80.9
80.1	80.10
80.7	80.11
80.6	80.12
80.1	80.13
80.1	80.14
80.5	80.15
80.1	80.16
80.1	80.17
80.7	80.18
80.6	80.19
80.1	80.20
80.8	80.21
80.1	80.22
80.6	80.23
80.7	80.24
80.1	80.25
80.1	80.26
80.6	80.27
80.1	80.28
80.6	80.29
80.6	80.30
80.7	80.31
80.5	80.32
80.6	80.33
80.7	80.34
80.6	80.35
80.6	80.36
80.6	80.37
80.1	80.38
80.1	80.39
80.6	80.40
80.1	80.41
80.1	80.42
80.6	80.43
80.5	80.44
80.1	80.45
80.1	80.46
80.7	80.47
80.6	80.48
80.1	80.49
80.5	80.50
80.6	80.51
80.1	80.52
80.1	80.53
80.4	80.54
80.6	80.55
80.6	80.56
80.6	80.57
80.1	80.58
80.7	80.59
80.6	80.60
80.7	80.61
80.3	80.62
80.6	80.63
80.1	80.64
81.4	81.1
81.3	81.2
81.3	81.3
81.3	81.4
81.3	81.5
81.4	81.6
81.3	81.7
81.3	81.8
81.3	81.9
81.3	81.10
81.3	81.11
81.4	81.12
81.4	81.13
81.3	81.14
81.3	81.15
81.3	81.16
81.4	81.17
81.3	81.18
81.4	81.19
81.4	81.20
81.3	81.21
81.4	81.22
81.3	81.23
81.3	81.24
81.3	81.25
81.3	81.26
81.4	81.27
81.4	81.28
81.4	81.29
81.4	81.30
81.3	81.31
81.4	81.32
81.4	81.33
81.4	81.34
81.3	81.35
81.3	81.36
81.3	81.37
81.3	81.38
81.4	81.39
81.1	81.40
81.4	81.41
81.3	81.42
81.3	81.43
81.3	81.44
81.3	81.45
81.3	81.46
81.4	81.47
81.3	81.48
81.4	81.49
81.3	81.50
81.4	81.51
81.3	81.52
81.4	81.53
81.3	81.54
81.3	81.55
81.4	81.56
81.3	81.57
81.3	81.58
81.1	81.59
81.4	81.60
81.4	81.61
81.2	81.62
81.3	81.63
81.4	81.64
82.5	82.1
82.5	82.2
82.5	82.3
82.6	82.4
82.1	82.5
82.1	82.6
82.6	82.7
82.5	82.8
82.6	82.9
82.1	82.10
82.5	82.11
82.6	82.12
82.6	82.13
82.6	82.14
82.6	82.15
82.5	82.16
82.1	82.17
82.5	82.18
82.5	82.19
82.5	82.20
82.1	82.21
82.5	82.22
82.4	82.23
82.1	82.24
82.5	82.25
82.1	82.26
82.5	82.27
82.5	82.28
82.1	82.29
82.6	82.30
82.5	82.31
82.5	82.32
82.5	82.33
82.1	82.34
82.5	82.35
82.6	82.36
82.5	82.37
82.5	82.38
82.5	82.39
82.5	82.40
82.5	82.41
82.5	82.42
82.5	82.43
82.6	82.44
82.5	82.45
82.6	82.46
82.5	82.47
82.5	82.48
82.5	82.49
82.1	82.50
82.5	82.51
82.5	82.52
82.5	82.53
82.5	82.54
82.5	82.55
82.5	82.56
82.2	82.57
82.5	82.58
82.1	82.59
82.6	82.60
82.5	82.61
82.3	82.62
82.6	82.63
82.5	82.64
83.4	83.1
83.10	83.2
83.4	83.3
83.4	83.4
83.8	83.5
83.9	83.6
83.1	83.7
83.1	83.8
83.4	83.9
83.1	83.10
83.6	83.11
83.4	83.12
83.4	83.13
83.5	83.14
83.4	83.15
83.4	83.16
83.9	83.17
83.4	83.18
83.10	83.19
83.4	83.20
83.10	83.21
83.5	83.22
83.4	83.23
83.9	83.24
83.5	83.25
83.4	83.26
83.4	83.27
83.9	83.28
83.3	83.29
83.10	83.30
83.4	83.31
83.2	83.32
83.9	83.33
83.5	83.34
83.4	83.35
83.9	83.36
83.10	83.37
83.4	83.38
83.7	83.39
83.10	83.40
83.9	83.41
83.4	83.42
83.1	83.43
83.4	83.44
83.4	83.45
83.10	83.46
83.10	83.47
83.4	83.48
83.4	83.49
83.10	83.50
83.10	83.51
83.10	83.52
83.10	83.53
83.10	83.54
83.4	83.55
83.10	83.56
83.1	83.57
83.10	83.58
83.10	83.59
83.4	83.60
83.10	83.61
83.4	83.62
83.4	83.63
83.1	83.64
84.14	84.1
84.9	84.2
84.14	84.3
84.5	84.4
84.5	84.5
84.13	84.6
84.10	84.7
84.3	84.8
84.14	84.9
84.14	84.10
84.5	84.11
84.14	84.12
84.5	84.13
84.17	84.14
84.5	84.15
84.14	84.16
84.5	84.17
84.16	84.18
84.4	84.19
84.14	84.20
84.5	84.21
84.15	84.22
84.5	84.23
84.14	84.24
84.13	84.25
84.13	84.26
84.12	84.27
84.5	84.28
84.13	84.29
84.5	84.30
84.5	84.31
84.14	84.32
84.7	84.33
84.13	84.34
84.13	84.35
84.1	84.36
84.12	84.37
84.14	84.38
84.14	84.39
84.13	84.40
84.5	84.41
84.5	84.42
84.11	84.43
84.1	84.44
84.15	84.45
84.13	84.46
84.13	84.47
84.4	84.48
84.5	84.49
84.5	84.50
84.2	84.51
84.13	84.52
84.5	84.53
84.8	84.54
84.5	84.55
84.5	84.56
84.5	84.57
84.14	84.58
84.13	84.59
84.6	84.60
84.5	84.61
84.14	84.62
84.15	84.63
84.5	84.64
85.1	85.1
85.1	85.2
85.1	85.3
85.7	85.4
85.7	85.5
85.1	85.6
85.7	85.7
85.7	85.8
85.1	85.9
85.1	85.10
85.1	85.11
85.2	85.12
85.3	85.13
85.6	85.14
85.5	85.15
85.7	85.16
85.7	85.17
85.6	85.18
85.6	85.19
85.1	85.20
85.1	85.21
85.5	85.22
85.7	85.23
85.7	85.24
85.6	85.25
85.1	85.26
85.1	85.27
85.1	85.28
85.4	85.29
85.6	85.30
85.5	85.31
85.1	85.32
85.7	85.33
85.6	85.34
85.6	85.35
85.6	85.36
85.7	85.37
85.7	85.38
85.6	85.39
85.5	85.40
85.6	85.41
85.5	85.42
85.6	85.43
85.7	85.44
85.6	85.45
85.1	85.46
85.7	85.47
85.7	85.48
85.6	85.49
85.6	85.50
85.1	85.51
85.7	85.52
85.7	85.53
85.7	85.54
85.1	85.55
85.1	85.56
85.1	85.57
85.6	85.58
85.5	85.59
85.1	85.60
85.7	85.61
85.6	85.62
85.5	85.63
85.6	85.64
86.3	86.1
86.4	86.2
86.4	86.3
86.4	86.4
86.4	86.5
86.5	86.6
86.4	86.7
86.4	86.8
86.5	86.9
86.3	86.10
86.3	86.11
86.1	86.12
86.4	86.13
86.4	86.14
86.1	86.15
86.5	86.16
86.5	86.17
86.4	86.18
86.5	86.19
86.4	86.20
86.4	86.21
86.5	86.22
86.5	86.23
86.4	86.24
86.4	86.25
86.4	86.26
86.1	86.27
86.5	86.28
86.4	86.29
86.3	86.30
86.3	86.31
86.4	86.32
86.4	86.33
86.5	86.34
86.2	86.35
86.5	86.36
86.5	86.37
86.4	86.38
86.4	86.39
86.1	86.40
86.5	86.41
86.5	86.42
86.5	86.43
86.3	86.44
86.4	86.45
86.4	86.46
86.3	86.47
86.3	86.48
86.5	86.49
86.1	86.50
86.4	86.51
86.5	86.52
86.5	86.53
86.3	86.54
86.3	86.55
86.5	86.56
86.5	86.57
86.5	86.58
86.5	86.59
86.3	86.60
86.5	86.61
86.4	86.62
86.4	86.63
86.4	86.64
87.5	87.1
87.5	87.2
87.5	87.3
87.1	87.4
87.5	87.5
87.1	87.6
87.1	87.7
87.5	87.8
87.5	87.9
87.1	87.10
87.5	87.11
87.1	87.12
87.5	87.13
87.4	87.14
87.1	87.15
87.1	87.16
87.1	87.17
87.1	87.18
87.1	87.19
87.1	87.20
87.1	87.21
87.1	87.22
87.5	87.23
87.1	87.24
87.5	87.25
87.4	87.26
87.5	87.27
87.1	87.28
87.3	87.29
87.5	87.30
87.5	87.31
87.1	87.32
87.1	87.33
87.1	87.34
87.2	87.35
87.1	87.36
87.5	87.37
87.5	87.38
87.5	87.39
87.1	87.40
87.1	87.41
87.5	87.42
87.5	87.43
87.5	87.44
87.5	87.45
87.5	87.46
87.5	87.47
87.1	87.48
87.5	87.49
87.4	87.50
87.5	87.51
87.5	87.52
87.1	87.53
87.5	87.54
87.1	87.55
87.5	87.56
87.5	87.57
87.5	87.58
87.1	87.59
87.5	87.60
87.5	87.61
87.4	87.62
87.5	87.63
87.5	87.64
88.1	88.1
88.1	88.2
88.5	88.3
88.5	88.4
88.5	88.5
88.1	88.6
88.1	88.7
88.1	88.8
88.5	88.9
88.3	88.10
88.1	88.11
88.6	88.12
88.1	88.13
88.4	88.14
88.1	88.15
88.5	88.16
88.5	88.17
88.1	88.18
88.4	88.19
88.4	88.20
88.4	88.21
88.4	88.22
88.5	88.23
88.5	88.24
88.5	88.25
88.5	88.26
88.1	88.27
88.1	88.28
88.6	88.29
88.5	88.30
88.6	88.31
88.3	88.32
88.5	88.33
88.5	88.34
88.4	88.35
88.1	88.36
88.1	88.37
88.5	88.38
88.4	88.39
88.1	88.40
88.5	88.41
88.1	88.42
88.4	88.43
88.3	88.44
88.5	88.45
88.1	88.46
88.1	88.47
88.2	88.48
88.5	88.49
88.1	88.50
88.1	88.51
88.1	88.52
88.5	88.53
88.5	88.54
88.1	88.55
88.1	88.56
88.1	88.57
88.5	88.58
88.1	88.59
88.4	88.60
88.1	88.61
88.5	88.62
88.1	88.63
88.1	88.64
89.3	89.1
89.4	89.2
89.3	89.3
89.3	89.4
89.3	89.5
89.3	89.6
89.4	89.7
89.4	89.8
89.4	89.9
89.4	89.10
89.4	89.11
89.4	89.12
89.3	89.13
89.3	89.14
89.3	89.15
89.3	89.16
89.4	89.17
89.3	89.18
89.3	89.19
89.3	89.20
89.4	89.21
89.3	89.22
89.2	89.23
89.4	89.24
89.3	89.25
89.4	89.26
89.4	89.27
89.3	89.28
89.3	89.29
89.4	89.30
89.4	89.31
89.4	89.32
89.3	89.33
89.1	89.34
89.4	89.35
89.3	89.36
89.4	89.37
89.3	89.38
89.3	89.39
89.3	89.40
89.3	89.41
89.4	89.42
89.4	89.43
89.3	89.44
89.4	89.45
89.4	89.46
89.3	89.47
89.3	89.48
89.4	89.49
89.3	89.50
89.4	89.51
89.4	89.52
89.3	89.53
89.3	89.54
89.4	89.55
89.4	89.56
89.3	89.57
89.4	89.58
89.4	89.59
89.4	89.60
89.3	89.61
89.4	89.62
89.3	89.63
89.4	89.64
90.1	90.1
90.1	90.2
90.1	90.3
90.1	90.4
90.1	90.5
90.4	90.6
90.4	90.7
90.4	90.8
90.4	90.9
90.1	90.10
90.4	90.11
90.1	90.12
90.1	90.13
90.4	90.14
90.1	90.15
90.1	90.16
90.1	90.17
90.4	90.18
90.1	90.19
90.1	90.20
90.1	90.21
90.1	90.22
90.4	90.23
90.1	90.24
90.3	90.25
90.5	90.26
90.1	90.27
90.4	90.28
90.4	90.29
90.1	90.30
90.4	90.31
90.1	90.32
90.4	90.33
90.3	90.34
90.4	90.35
90.1	90.36
90.1	90.37
90.1	90.38
90.4	90.39
90.1	90.40
90.4	90.41
90.4	90.42
90.5	90.43
90.5	90.44
90.1	90.45
90.1	90.46
90.1	90.47
90.1	90.48
90.4	90.49
90.5	90.50
90.1	90.51
90.1	90.52
90.4	90.53
90.1	90.54
90.1	90.55
90.4	90.56
90.4	90.57
90.1	90.58
90.1	90.59
90.4	90.60
90.5	90.61
90.4	90.62
90.4	90.63
90.2	90.64
91.1	91.1
91.5	91.2
91.3	91.3
91.1	91.4
91.5	91.5
91.1	91.6
91.5	91.7
91.5	91.8
91.1	91.9
91.5	91.10
91.5	91.11
91.1	91.12
91.1	91.13
91.5	91.14
91.5	91.15
91.5	91.16
91.5	91.17
91.5	91.18
91.1	91.19
91.5	91.20
91.3	91.21
91.5	91.22
91.1	91.23
91.5	91.24
91.5	91.25
91.5	91.26
91.5	91.27
91.1	91.28
91.3	91.29
91.1	91.30
91.1	91.31
91.1	91.32
91.5	91.33
91.1	91.34
91.1	91.35
91.5	91.36
91.5	91.37
91.3	91.38
91.4	91.39
91.5	91.40
91.5	91.41
91.2	91.42
91.3	91.43
91.6	91.44
91.5	91.45
91.1	91.46
91.1	91.47
91.1	91.48
91.5	91.49
91.1	91.50
91.5	91.51
91.5	91.52
91.1	91.53
91.1	91.54
91.1	91.55
91.1	91.56
91.5	91.57
91.5	91.58
91.1	91.59
91.1	91.60
91.1	91.61
91.5	91.62
91.5	91.63
91.5	91.64
92.8	92.1
92.4	92.2
92.5	92.3
92.8	92.4
92.9	92.5
92.8	92.6
92.5	92.7
92.8	92.8
92.5	92.9
92.5	92.10
92.1	92.11
92.4	92.12
92.8	92.13
92.6	92.14
92.4	92.15
92.1	92.16
92.4	92.17
92.4	92.18
92.8	92.19
92.4	92.20
92.4	92.21
92.8	92.22
92.3	92.23
92.4	92.24
92.1	92.25
92.4	92.26
92.8	92.27
92.5	92.28
92.4	92.29
92.4	92.30
92.5	92.31
92.5	92.32
92.8	92.33
92.5	92.34
92.8	92.35
92.6	92.36
92.8	92.37
92.7	92.38
92.5	92.39
92.4	92.40
92.4	92.41
92.1	92.42
92.1	92.43
92.1	92.44
92.8	92.45
92.8	92.46
92.4	92.47
92.8	92.48
92.8	92.49
92.1	92.50
92.2	92.51
92.8	92.52
92.4	92.53
92.10	92.54
92.1	92.55
92.10	92.56
92.7	92.57
92.4	92.58
92.4	92.59
92.4	92.60
92.8	92.61
92.8	92.62
92.4	92.63
92.1	92.64
93.13	93.1
93.13	93.2
93.11	93.3
93.11	93.4
93.1	93.5
93.11	93.6
93.13	93.7
93.13	93.8
93.13	93.9
93.13	93.10
93.13	93.11
93.13	93.12
93.10	93.13
93.7	93.14
93.1	93.15
93.11	93.16
93.11	93.17
93.13	93.18
93.1	93.19
93.1	93.20
93.8	93.21
93.8	93.22
93.11	93.23
93.13	93.24
93.7	93.25
93.13	93.26
93.1	93.27
93.13	93.28
93.13	93.29
93.1	93.30
93.11	93.31
93.1	93.32
93.6	93.33
93.13	93.34
93.10	93.35
93.11	93.36
93.12	93.37
93.1	93.38
93.11	93.39
93.13	93.40
93.13	93.41
93.11	93.42
93.14	93.43
93.2	93.44
93.11	93.45
93.13	93.46
93.1	93.47
93.1	93.48
93.11	93.49
93.10	93.50
93.10	93.51
93.13	93.52
93.13	93.53
93.5	93.54
93.8	93.55
93.1	93.56
93.1	93.57
93.3	93.58
93.4	93.59
93.1	93.60
93.9	93.61
93.8	93.62
93.12	93.63
93.13	93.64
94.5	94.1
94.5	94.2
94.1	94.3
94.5	94.4
94.5	94.5
94.5	94.6
94.5	94.7
94.1	94.8
94.5	94.9
94.5	94.10
94.5	94.11
94.1	94.12
94.5	94.13
94.1	94.14
94.1	94.15
94.5	94.16
94.5	94.17
94.1	94.18
94.1	94.19
94.1	94.20
94.5	94.21
94.1	94.22
94.1	94.23
94.1	94.24
94.5	94.25
94.5	94.26
94.5	94.27
94.5	94.28
94.1	94.29
94.5	94.30
94.1	94.31
94.4	94.32
94.5	94.33
94.5	94.34
94.5	94.35
94.3	94.36
94.5	94.37
94.3	94.38
94.5	94.39
94.5	94.40
94.1	94.41
94.1	94.42
94.2	94.43
94.5	94.44
94.1	94.45
94.1	94.46
94.5	94.47
94.5	94.48
94.1	94.49
94.5	94.50
94.5	94.51
94.5	94.52
94.4	94.53
94.5	94.54
94.5	94.55
94.5	94.56
94.5	94.57
94.5	94.58
94.5	94.59
94.1	94.60
94.1	94.61
94.5	94.62
94.5	94.63
94.1	94.64
95.6	95.1
95.1	95.2
95.1	95.3
95.5	95.4
95.1	95.5
95.2	95.6
95.1	95.7
95.3	95.8
95.4	95.9
95.1	95.10
95.1	95.11
95.6	95.12
95.3	95.13
95.1	95.14
95.3	95.15
95.1	95.16
95.1	95.17
95.1	95.18
95.6	95.19
95.1	95.20
95.6	95.21
95.6	95.22
95.6	95.23
95.6	95.24
95.6	95.25
95.3	95.26
95.1	95.27
95.6	95.28
95.1	95.29
95.1	95.30
95.6	95.31
95.6	95.32
95.1	95.33
95.6	95.34
95.6	95.35
95.3	95.36
95.6	95.37
95.1	95.38
95.3	95.39
95.3	95.40
95.1	95.41
95.1	95.42
95.6	95.43
95.6	95.44
95.1	95.45
95.6	95.46
95.1	95.47
95.1	95.48
95.1	95.49
95.6	95.50
95.6	95.51
95.6	95.52
95.6	95.53
95.6	95.54
95.3	95.55
95.5	95.56
95.1	95.57
95.3	95.58
95.1	95.59
95.6	95.60
95.6	95.61
95.1	95.62
95.5	95.63
95.1	95.64
96.8	96.1
96.6	96.2
96.1	96.3
96.1	96.4
96.4	96.5
96.5	96.6
96.8	96.7
96.8	96.8
96.1	96.9
96.3	96.10
96.1	96.11
96.8	96.12
96.7	96.13
96.1	96.14
96.3	96.15
96.8	96.16
96.8	96.17
96.8	96.18
96.5	96.19
96.4	96.20
96.6	96.21
96.1	96.22
96.5	96.23
96.5	96.24
96.8	96.25
96.8	96.26
96.6	96.27
96.1	96.28
96.1	96.29
96.5	96.30
96.5	96.31
96.1	96.32
96.5	96.33
96.5	96.34
96.5	96.35
96.5	96.36
96.3	96.37
96.8	96.38
96.1	96.39
96.6	96.40
96.8	96.41
96.1	96.42
96.5	96.43
96.5	96.44
96.1	96.45
96.5	96.46
96.8	96.47
96.8	96.48
96.5	96.49
96.8	96.50
96.1	96.51
96.8	96.52
96.6	96.53
96.2	96.54
96.1	96.55
96.8	96.56
96.8	96.57
96.7	96.58
96.1	96.59
96.3	96.60
96.8	96.61
96.8	96.62
96.7	96.63
96.6	96.64
97.1	97.1
97.1	97.2
97.1	97.3
97.1	97.4
97.1	97.5
97.4	97.6
97.4	97.7
97.1	97.8
97.5	97.9
97.5	97.10
97.1	97.11
97.1	97.12
97.1	97.13
97.1	97.14
97.1	97.15
97.1	97.16
97.5	97.17
97.1	97.18
97.3	97.19
97.1	97.20
97.1	97.21
97.5	97.22
97.5	97.23
97.1	97.24
97.3	97.25
97.3	97.26
97.1	97.27
97.1	97.28
97.5	97.29
97.4	97.30
97.4	97.31
97.5	97.32
97.5	97.33
97.5	97.34
97.4	97.35
97.1	97.36
97.1	97.37
97.5	97.38
97.1	97.39
97.5	97.40
97.2	97.41
97.1	97.42
97.6	97.43
97.5	97.44
97.5	97.45
97.1	97.46
97.4	97.47
97.1	97.48
97.4	97.49
97.1	97.50
97.4	97.51
97.5	97.52
97.1	97.53
97.1	97.54
97.4	97.55
97.4	97.56
97.5	97.57
97.6	97.58
97.4	97.59
97.1	97.60
97.5	97.61
97.1	97.62
97.1	97.63
97.1	97.64
98.10	98.1
98.12	98.2
98.12	98.3
98.12	98.4
98.12	98.5
98.12	98.6
98.12	98.7
98.12	98.8
98.1	98.9
98.12	98.10
98.12	98.11
98.1	98.12
98.1	98.13
98.1	98.14
98.6	98.15
98.12	98.16
98.12	98.17
98.10	98.18
98.12	98.19
98.9	98.20
98.11	98.21
98.12	98.22
98.10	98.23
98.12	98.24
98.12	98.25
98.10	98.26
98.1	98.27
98.8	98.28
98.1	98.29
98.1	98.30
98.11	98.31
98.9	98.32
98.12	98.33
98.12	98.34
98.12	98.35
98.12	98.36
98.13	98.37
98.12	98.38
98.9	98.39
98.1	98.40
98.1	98.41
98.4	98.42
98.12	98.43
98.1	98.44
98.1	98.45
98.12	98.46
98.12	98.47
98.1	98.48
98.11	98.49
98.7	98.50
98.10	98.51
98.1	98.52
98.1	98.53
98.3	98.54
98.12	98.55
98.1	98.56
98.13	98.57
98.5	98.58
98.12	98.59
98.12	98.60
98.2	98.61
98.12	98.62
98.12	98.63
98.1	98.64
99.1	99.1
99.5	99.2
99.1	99.3
99.4	99.4
99.5	99.5
99.5	99.6
99.1	99.7
99.5	99.8
99.1	99.9
99.5	99.10
99.5	99.11
99.5	99.12
99.1	99.13
99.5	99.14
99.4	99.15
99.5	99.16
99.3	99.17
99.5	99.18
99.5	99.19
99.5	99.20
99.1	99.21
99.1	99.22
99.1	99.23
99.2	99.24
99.5	99.25
99.4	99.26
99.4	99.27
99.1	99.28
99.5	99.29
99.1	99.30
99.5	99.31
99.1	99.32
99.5	99.33
99.1	99.34
99.3	99.35
99.5	99.36
99.1	99.37
99.5	99.38
99.1	99.39
99.5	99.40
99.5	99.41
99.5	99.42
99.5	99.43
99.5	99.44
99.5	99.45
99.3	99.46
99.4	99.47
99.5	99.48
99.5	99.49
99.5	99.50
99.5	99.51
99.1	99.52
99.5	99.53
99.5	99.54
99.5	99.55
99.1	99.56
99.5	99.57
99.1	99.58
99.5	99.59
99.5	99.60
99.1	99.61
99.5	99.62
99.1	99.63
99.5	99.64
100.8	100.1
100.1	100.2
100.1	100.3
100.4	100.4
100.8	100.5
100.1	100.6
100.1	100.7
100.8	100.8
100.1	100.9
100.8	100.10
100.8	100.11
100.8	100.12
100.1	100.13
100.1	100.14
100.1	100.15
100.8	100.16
100.8	100.17
100.8	100.18
100.1	100.19
100.1	100.20
100.1	100.21
100.8	100.22
100.6	100.23
100.1	100.24
100.8	100.25
100.1	100.26
100.8	100.27
100.8	100.28
100.1	100.29
100.8	100.30
100.6	100.31
100.8	100.32
100.1	100.33
100.5	100.34
100.5	100.35
100.1	100.36
100.1	100.37
100.1	100.38
100.8	100.39
100.8	100.40
100.8	100.41
100.8	100.42
100.8	100.43
100.1	100.44
100.1	100.45
100.8	100.46
100.1	100.47
100.8	100.48
100.1	100.49
100.8	100.50
100.6	100.51
100.8	100.52
100.7	100.53
100.8	100.54
100.2	100.55
100.8	100.56
100.5	100.57
100.8	100.58
100.3	100.59
100.8	100.60
100.8	100.61
100.8	100.62
100.1	100.63
100.1	100.64