subTopicID	resultID
1.1	1.1
1.1	1.2
1.1	1.3
1.1	1.4
1.7	1.5
1.1	1.6
1.1	1.7
1.1	1.8
1.1	1.9
1.1	1.10
1.4	1.11
1.1	1.12
1.1	1.13
1.1	1.14
1.1	1.15
1.1	1.16
1.1	1.17
1.1	1.18
1.1	1.19
1.8	1.20
1.1	1.21
1.7	1.22
1.1	1.23
1.1	1.24
1.1	1.25
1.7	1.26
1.1	1.27
1.1	1.28
1.7	1.29
1.8	1.30
1.1	1.31
1.1	1.32
1.7	1.33
1.1	1.34
1.1	1.35
1.1	1.36
1.4	1.37
1.1	1.38
1.5	1.39
1.1	1.40
1.1	1.41
1.1	1.42
1.1	1.43
1.1	1.44
1.1	1.45
1.7	1.46
1.1	1.47
1.1	1.48
1.6	1.49
1.3	1.50
1.1	1.51
1.7	1.52
1.1	1.53
1.7	1.54
1.4	1.55
1.1	1.56
1.1	1.57
1.1	1.58
1.4	1.59
1.1	1.60
1.2	1.61
1.1	1.62
1.1	1.63
1.1	1.64
2.7	2.1
2.7	2.2
2.7	2.3
2.14	2.4
2.9	2.5
2.7	2.6
2.14	2.7
2.7	2.8
2.14	2.9
2.7	2.10
2.14	2.11
2.8	2.12
2.14	2.13
2.14	2.14
2.14	2.15
2.14	2.16
2.13	2.17
2.14	2.18
2.14	2.19
2.7	2.20
2.9	2.21
2.3	2.22
2.4	2.23
2.14	2.24
2.7	2.25
2.14	2.26
2.7	2.27
2.15	2.28
2.13	2.29
2.14	2.30
2.14	2.31
2.12	2.32
2.14	2.33
2.7	2.34
2.12	2.35
2.6	2.36
2.7	2.37
2.11	2.38
2.10	2.39
2.2	2.40
2.7	2.41
2.1	2.42
2.14	2.43
2.12	2.44
2.14	2.45
2.1	2.46
2.10	2.47
2.5	2.48
2.12	2.49
2.13	2.50
2.14	2.51
2.12	2.52
2.9	2.53
2.7	2.54
2.7	2.55
2.12	2.56
2.13	2.57
2.11	2.58
2.12	2.59
2.9	2.60
2.7	2.61
2.13	2.62
2.11	2.63
2.10	2.64
3.8	3.1
3.8	3.2
3.8	3.3
3.7	3.4
3.8	3.5
3.8	3.6
3.1	3.7
3.8	3.8
3.8	3.9
3.8	3.10
3.8	3.11
3.8	3.12
3.8	3.13
3.8	3.14
3.8	3.15
3.1	3.16
3.6	3.17
3.8	3.18
3.1	3.19
3.1	3.20
3.8	3.21
3.8	3.22
3.4	3.23
3.1	3.24
3.8	3.25
3.8	3.26
3.2	3.27
3.8	3.28
3.8	3.29
3.8	3.30
3.8	3.31
3.9	3.32
3.8	3.33
3.8	3.34
3.8	3.35
3.9	3.36
3.8	3.37
3.9	3.38
3.5	3.39
3.8	3.40
3.8	3.41
3.8	3.42
3.1	3.43
3.9	3.44
3.1	3.45
3.8	3.46
3.7	3.47
3.8	3.48
3.8	3.49
3.9	3.50
3.5	3.51
3.8	3.52
3.8	3.53
3.8	3.54
3.8	3.55
3.1	3.56
3.6	3.57
3.3	3.58
3.8	3.59
3.1	3.60
3.8	3.61
3.8	3.62
3.9	3.63
3.8	3.64
4.10	4.1
4.4	4.2
4.1	4.3
4.1	4.4
4.1	4.5
4.8	4.6
4.1	4.7
4.1	4.8
4.10	4.9
4.6	4.10
4.10	4.11
4.1	4.12
4.1	4.13
4.1	4.14
4.1	4.15
4.1	4.16
4.10	4.17
4.1	4.18
4.10	4.19
4.1	4.20
4.1	4.21
4.8	4.22
4.3	4.23
4.10	4.24
4.8	4.25
4.1	4.26
4.6	4.27
4.1	4.28
4.1	4.29
4.1	4.30
4.6	4.31
4.8	4.32
4.1	4.33
4.1	4.34
4.10	4.35
4.10	4.36
4.6	4.37
4.1	4.38
4.1	4.39
4.10	4.40
4.8	4.41
4.1	4.42
4.1	4.43
4.5	4.44
4.1	4.45
4.2	4.46
4.1	4.47
4.1	4.48
4.5	4.49
4.10	4.50
4.10	4.51
4.1	4.52
4.1	4.53
4.10	4.54
4.7	4.55
4.10	4.56
4.5	4.57
4.10	4.58
4.9	4.59
4.1	4.60
4.10	4.61
4.1	4.62
4.10	4.63
4.8	4.64
5.1	5.1
5.1	5.2
5.1	5.3
5.1	5.4
5.7	5.5
5.1	5.6
5.6	5.7
5.1	5.8
5.1	5.9
5.1	5.10
5.1	5.11
5.1	5.12
5.1	5.13
5.6	5.14
5.6	5.15
5.1	5.16
5.6	5.17
5.1	5.18
5.6	5.19
5.1	5.20
5.1	5.21
5.1	5.22
5.6	5.23
5.6	5.24
5.5	5.25
5.5	5.26
5.1	5.27
5.1	5.28
5.1	5.29
5.1	5.30
5.1	5.31
5.6	5.32
5.3	5.33
5.1	5.34
5.1	5.35
5.1	5.36
5.1	5.37
5.2	5.38
5.1	5.39
5.1	5.40
5.1	5.41
5.1	5.42
5.1	5.43
5.8	5.44
5.1	5.45
5.1	5.46
5.5	5.47
5.6	5.48
5.1	5.49
5.6	5.50
5.1	5.51
5.1	5.52
5.6	5.53
5.4	5.54
5.1	5.55
5.1	5.56
5.1	5.57
5.1	5.58
5.1	5.59
5.1	5.60
5.1	5.61
5.1	5.62
5.6	5.63
5.1	5.64
6.11	6.1
6.1	6.2
6.1	6.3
6.6	6.4
6.4	6.5
6.7	6.6
6.9	6.7
6.1	6.8
6.11	6.9
6.10	6.10
6.1	6.11
6.1	6.12
6.1	6.13
6.1	6.14
6.1	6.15
6.11	6.16
6.1	6.17
6.1	6.18
6.9	6.19
6.2	6.20
6.8	6.21
6.1	6.22
6.1	6.23
6.7	6.24
6.1	6.25
6.1	6.26
6.1	6.27
6.11	6.28
6.1	6.29
6.1	6.30
6.3	6.31
6.1	6.32
6.11	6.33
6.1	6.34
6.9	6.35
6.1	6.36
6.5	6.37
6.11	6.38
6.9	6.39
6.11	6.40
6.1	6.41
6.1	6.42
6.1	6.43
6.1	6.44
6.1	6.45
6.1	6.46
6.11	6.47
6.11	6.48
6.11	6.49
6.11	6.50
6.11	6.51
6.8	6.52
6.1	6.53
6.1	6.54
6.6	6.55
6.1	6.56
6.9	6.57
6.11	6.58
6.9	6.59
6.9	6.60
6.11	6.61
6.9	6.62
6.8	6.63
6.1	6.64
7.9	7.1
7.9	7.2
7.9	7.3
7.9	7.4
7.1	7.5
7.1	7.6
7.9	7.7
7.7	7.8
7.1	7.9
7.1	7.10
7.9	7.11
7.9	7.12
7.9	7.13
7.1	7.14
7.9	7.15
7.9	7.16
7.9	7.17
7.9	7.18
7.9	7.19
7.9	7.20
7.9	7.21
7.8	7.22
7.9	7.23
7.9	7.24
7.9	7.25
7.9	7.26
7.7	7.27
7.9	7.28
7.1	7.29
7.9	7.30
7.8	7.31
7.1	7.32
7.8	7.33
7.5	7.34
7.9	7.35
7.2	7.36
7.9	7.37
7.1	7.38
7.1	7.39
7.9	7.40
7.7	7.41
7.1	7.42
7.9	7.43
7.9	7.44
7.9	7.45
7.1	7.46
7.9	7.47
7.9	7.48
7.4	7.49
7.9	7.50
7.5	7.51
7.9	7.52
7.9	7.53
7.7	7.54
7.9	7.55
7.1	7.56
7.9	7.57
7.9	7.58
7.3	7.59
7.8	7.60
7.6	7.61
7.1	7.62
7.8	7.63
7.9	7.64
8.2	8.1
8.2	8.2
8.2	8.3
8.11	8.4
8.7	8.5
8.7	8.6
8.11	8.7
8.13	8.8
8.7	8.9
8.14	8.10
8.7	8.11
8.5	8.12
8.7	8.13
8.13	8.14
8.2	8.15
8.13	8.16
8.3	8.17
8.9	8.18
8.7	8.19
8.7	8.20
8.1	8.21
8.12	8.22
8.7	8.23
8.7	8.24
8.2	8.25
8.2	8.26
8.6	8.27
8.13	8.28
8.11	8.29
8.2	8.30
8.11	8.31
8.2	8.32
8.7	8.33
8.2	8.34
8.7	8.35
8.2	8.36
8.2	8.37
8.2	8.38
8.10	8.39
8.11	8.40
8.2	8.41
8.2	8.42
8.11	8.43
8.13	8.44
8.9	8.45
8.7	8.46
8.7	8.47
8.2	8.48
8.2	8.49
8.2	8.50
8.2	8.51
8.7	8.52
8.2	8.53
8.2	8.54
8.2	8.55
8.12	8.56
8.13	8.57
8.11	8.58
8.11	8.59
8.8	8.60
8.11	8.61
8.4	8.62
8.13	8.63
8.7	8.64
9.9	9.1
9.1	9.2
9.15	9.3
9.15	9.4
9.1	9.5
9.16	9.6
9.1	9.7
9.8	9.8
9.15	9.9
9.1	9.10
9.1	9.11
9.15	9.12
9.8	9.13
9.12	9.14
9.16	9.15
9.15	9.16
9.3	9.17
9.15	9.18
9.15	9.19
9.15	9.20
9.15	9.21
9.15	9.22
9.14	9.23
9.8	9.24
9.11	9.25
9.2	9.26
9.8	9.27
9.12	9.28
9.15	9.29
9.1	9.30
9.15	9.31
9.9	9.32
9.10	9.33
9.15	9.34
9.15	9.35
9.1	9.36
9.19	9.37
9.4	9.38
9.7	9.39
9.13	9.40
9.15	9.41
9.5	9.42
9.14	9.43
9.7	9.44
9.14	9.45
9.6	9.46
9.16	9.47
9.1	9.48
9.18	9.49
9.15	9.50
9.1	9.51
9.15	9.52
9.1	9.53
9.16	9.54
9.17	9.55
9.16	9.56
9.15	9.57
9.17	9.58
9.15	9.59
9.1	9.60
9.1	9.61
9.16	9.62
9.1	9.63
9.19	9.64
10.1	10.1
10.1	10.2
10.11	10.3
10.11	10.4
10.1	10.5
10.1	10.6
10.1	10.7
10.10	10.8
10.1	10.9
10.1	10.10
10.1	10.11
10.11	10.12
10.7	10.13
10.1	10.14
10.1	10.15
10.1	10.16
10.1	10.17
10.1	10.18
10.1	10.19
10.1	10.20
10.9	10.21
10.1	10.22
10.10	10.23
10.1	10.24
10.9	10.25
10.9	10.26
10.11	10.27
10.11	10.28
10.1	10.29
10.1	10.30
10.6	10.31
10.11	10.32
10.3	10.33
10.8	10.34
10.1	10.35
10.11	10.36
10.1	10.37
10.1	10.38
10.11	10.39
10.9	10.40
10.1	10.41
10.2	10.42
10.2	10.43
10.1	10.44
10.1	10.45
10.1	10.46
10.1	10.47
10.7	10.48
10.1	10.49
10.11	10.50
10.11	10.51
10.1	10.52
10.9	10.53
10.1	10.54
10.11	10.55
10.1	10.56
10.11	10.57
10.1	10.58
10.11	10.59
10.5	10.60
10.11	10.61
10.4	10.62
10.1	10.63
10.2	10.64
11.10	11.1
11.4	11.2
11.10	11.3
11.1	11.4
11.1	11.5
11.1	11.6
11.9	11.7
11.1	11.8
11.1	11.9
11.1	11.10
11.1	11.11
11.1	11.12
11.1	11.13
11.1	11.14
11.8	11.15
11.1	11.16
11.3	11.17
11.8	11.18
11.1	11.19
11.10	11.20
11.3	11.21
11.6	11.22
11.1	11.23
11.7	11.24
11.10	11.25
11.1	11.26
11.9	11.27
11.10	11.28
11.10	11.29
11.10	11.30
11.1	11.31
11.10	11.32
11.1	11.33
11.1	11.34
11.1	11.35
11.1	11.36
11.1	11.37
11.10	11.38
11.1	11.39
11.7	11.40
11.1	11.41
11.10	11.42
11.1	11.43
11.1	11.44
11.1	11.45
11.1	11.46
11.1	11.47
11.5	11.48
11.1	11.49
11.9	11.50
11.1	11.51
11.10	11.52
11.10	11.53
11.1	11.54
11.1	11.55
11.7	11.56
11.1	11.57
11.9	11.58
11.2	11.59
11.10	11.60
11.1	11.61
11.1	11.62
11.1	11.63
11.1	11.64
12.1	12.1
12.4	12.2
12.7	12.3
12.2	12.4
12.16	12.5
12.1	12.6
12.13	12.7
12.1	12.8
12.16	12.9
12.6	12.10
12.1	12.11
12.1	12.12
12.1	12.13
12.16	12.14
12.14	12.15
12.1	12.16
12.1	12.17
12.11	12.18
12.1	12.19
12.10	12.20
12.12	12.21
12.1	12.22
12.5	12.23
12.1	12.24
12.1	12.25
12.15	12.26
12.8	12.27
12.16	12.28
12.16	12.29
12.16	12.30
12.16	12.31
12.18	12.32
12.16	12.33
12.1	12.34
12.3	12.35
12.1	12.36
12.18	12.37
12.1	12.38
12.9	12.39
12.16	12.40
12.18	12.41
12.12	12.42
12.16	12.43
12.11	12.44
12.16	12.45
12.1	12.46
12.16	12.47
12.1	12.48
12.17	12.49
12.18	12.50
12.16	12.51
12.16	12.52
12.12	12.53
12.16	12.54
12.8	12.55
12.16	12.56
12.13	12.57
12.16	12.58
12.12	12.59
12.1	12.60
12.1	12.61
12.1	12.62
12.18	12.63
12.16	12.64
13.5	13.1
13.5	13.2
13.5	13.3
13.8	13.4
13.5	13.5
13.5	13.6
13.2	13.7
13.9	13.8
13.4	13.9
13.9	13.10
13.9	13.11
13.5	13.12
13.1	13.13
13.9	13.14
13.9	13.15
13.5	13.16
13.9	13.17
13.9	13.18
13.9	13.19
13.5	13.20
13.5	13.21
13.9	13.22
13.5	13.23
13.5	13.24
13.5	13.25
13.9	13.26
13.5	13.27
13.5	13.28
13.5	13.29
13.5	13.30
13.1	13.31
13.10	13.32
13.1	13.33
13.5	13.34
13.1	13.35
13.9	13.36
13.9	13.37
13.7	13.38
13.5	13.39
13.5	13.40
13.5	13.41
13.6	13.42
13.1	13.43
13.1	13.44
13.9	13.45
13.9	13.46
13.10	13.47
13.9	13.48
13.9	13.49
13.1	13.50
13.5	13.51
13.10	13.52
13.1	13.53
13.5	13.54
13.9	13.55
13.9	13.56
13.1	13.57
13.3	13.58
13.9	13.59
13.10	13.60
13.9	13.61
13.5	13.62
13.5	13.63
13.5	13.64
14.1	14.1
14.1	14.2
14.1	14.3
14.1	14.4
14.7	14.5
14.7	14.6
14.3	14.7
14.7	14.8
14.7	14.9
14.7	14.10
14.1	14.11
14.2	14.12
14.7	14.13
14.1	14.14
14.7	14.15
14.1	14.16
14.6	14.17
14.7	14.18
14.4	14.19
14.6	14.20
14.7	14.21
14.8	14.22
14.6	14.23
14.7	14.24
14.6	14.25
14.7	14.26
14.1	14.27
14.5	14.28
14.6	14.29
14.7	14.30
14.6	14.31
14.7	14.32
14.7	14.33
14.8	14.34
14.6	14.35
14.7	14.36
14.1	14.37
14.1	14.38
14.6	14.39
14.1	14.40
14.1	14.41
14.6	14.42
14.7	14.43
14.7	14.44
14.7	14.45
14.6	14.46
14.7	14.47
14.1	14.48
14.8	14.49
14.1	14.50
14.8	14.51
14.1	14.52
14.1	14.53
14.6	14.54
14.6	14.55
14.1	14.56
14.1	14.57
14.1	14.58
14.8	14.59
14.1	14.60
14.6	14.61
14.7	14.62
14.1	14.63
14.1	14.64
15.1	15.1
15.19	15.2
15.4	15.3
15.19	15.4
15.18	15.5
15.14	15.6
15.18	15.7
15.19	15.8
15.18	15.9
15.18	15.10
15.1	15.11
15.18	15.12
15.9	15.13
15.6	15.14
15.19	15.15
15.18	15.16
15.16	15.17
15.18	15.18
15.18	15.19
15.18	15.20
15.18	15.21
15.19	15.22
15.19	15.23
15.12	15.24
15.18	15.25
15.19	15.26
15.18	15.27
15.16	15.28
15.6	15.29
15.6	15.30
15.6	15.31
15.14	15.32
15.18	15.33
15.14	15.34
15.18	15.35
15.19	15.36
15.15	15.37
15.18	15.38
15.13	15.39
15.19	15.40
15.1	15.41
15.19	15.42
15.19	15.43
15.8	15.44
15.6	15.45
15.9	15.46
15.1	15.47
15.7	15.48
15.19	15.49
15.5	15.50
15.17	15.51
15.16	15.52
15.11	15.53
15.2	15.54
15.18	15.55
15.10	15.56
15.1	15.57
15.1	15.58
15.1	15.59
15.9	15.60
15.3	15.61
15.1	15.62
15.1	15.63
15.13	15.64
16.15	16.1
16.4	16.2
16.15	16.3
16.1	16.4
16.1	16.5
16.1	16.6
16.15	16.7
16.10	16.8
16.1	16.9
16.15	16.10
16.15	16.11
16.11	16.12
16.15	16.13
16.13	16.14
16.15	16.15
16.15	16.16
16.12	16.17
16.15	16.18
16.15	16.19
16.1	16.20
16.1	16.21
16.2	16.22
16.14	16.23
16.15	16.24
16.15	16.25
16.15	16.26
16.1	16.27
16.1	16.28
16.3	16.29
16.1	16.30
16.1	16.31
16.15	16.32
16.14	16.33
16.15	16.34
16.9	16.35
16.13	16.36
16.13	16.37
16.15	16.38
16.13	16.39
16.13	16.40
16.13	16.41
16.6	16.42
16.15	16.43
16.1	16.44
16.10	16.45
16.17	16.46
16.1	16.47
16.5	16.48
16.8	16.49
16.8	16.50
16.1	16.51
16.15	16.52
16.1	16.53
16.15	16.54
16.13	16.55
16.7	16.56
16.13	16.57
16.13	16.58
16.11	16.59
16.1	16.60
16.1	16.61
16.16	16.62
16.18	16.63
16.1	16.64
17.1	17.1
17.9	17.2
17.1	17.3
17.1	17.4
17.1	17.5
17.8	17.6
17.1	17.7
17.8	17.8
17.1	17.9
17.7	17.10
17.1	17.11
17.10	17.12
17.1	17.13
17.7	17.14
17.8	17.15
17.1	17.16
17.8	17.17
17.8	17.18
17.1	17.19
17.1	17.20
17.5	17.21
17.4	17.22
17.9	17.23
17.1	17.24
17.1	17.25
17.1	17.26
17.8	17.27
17.9	17.28
17.1	17.29
17.8	17.30
17.10	17.31
17.1	17.32
17.1	17.33
17.8	17.34
17.6	17.35
17.5	17.36
17.1	17.37
17.2	17.38
17.8	17.39
17.9	17.40
17.1	17.41
17.1	17.42
17.1	17.43
17.9	17.44
17.1	17.45
17.1	17.46
17.4	17.47
17.8	17.48
17.9	17.49
17.5	17.50
17.3	17.51
17.10	17.52
17.1	17.53
17.1	17.54
17.6	17.55
17.7	17.56
17.5	17.57
17.1	17.58
17.8	17.59
17.8	17.60
17.1	17.61
17.10	17.62
17.8	17.63
17.1	17.64
18.10	18.1
18.1	18.2
18.9	18.3
18.1	18.4
18.9	18.5
18.1	18.6
18.1	18.7
18.1	18.8
18.9	18.9
18.7	18.10
18.1	18.11
18.4	18.12
18.9	18.13
18.1	18.14
18.7	18.15
18.9	18.16
18.9	18.17
18.4	18.18
18.9	18.19
18.1	18.20
18.9	18.21
18.1	18.22
18.9	18.23
18.9	18.24
18.1	18.25
18.1	18.26
18.1	18.27
18.1	18.28
18.2	18.29
18.9	18.30
18.9	18.31
18.9	18.32
18.1	18.33
18.1	18.34
18.7	18.35
18.1	18.36
18.8	18.37
18.1	18.38
18.8	18.39
18.9	18.40
18.1	18.41
18.1	18.42
18.6	18.43
18.9	18.44
18.9	18.45
18.1	18.46
18.1	18.47
18.9	18.48
18.1	18.49
18.5	18.50
18.7	18.51
18.7	18.52
18.8	18.53
18.1	18.54
18.1	18.55
18.3	18.56
18.9	18.57
18.9	18.58
18.9	18.59
18.1	18.60
18.1	18.61
18.1	18.62
18.9	18.63
18.9	18.64
19.13	19.1
19.12	19.2
19.1	19.3
19.11	19.4
19.11	19.5
19.12	19.6
19.9	19.7
19.1	19.8
19.9	19.9
19.13	19.10
19.11	19.11
19.7	19.12
19.14	19.13
19.10	19.14
19.11	19.15
19.11	19.16
19.11	19.17
19.5	19.18
19.11	19.19
19.11	19.20
19.8	19.21
19.3	19.22
19.11	19.23
19.1	19.24
19.1	19.25
19.10	19.26
19.4	19.27
19.11	19.28
19.5	19.29
19.11	19.30
19.11	19.31
19.13	19.32
19.1	19.33
19.2	19.34
19.1	19.35
19.11	19.36
19.1	19.37
19.1	19.38
19.11	19.39
19.5	19.40
19.1	19.41
19.15	19.42
19.11	19.43
19.11	19.44
19.1	19.45
19.10	19.46
19.11	19.47
19.11	19.48
19.13	19.49
19.10	19.50
19.13	19.51
19.9	19.52
19.11	19.53
19.10	19.54
19.14	19.55
19.10	19.56
19.16	19.57
19.6	19.58
19.13	19.59
19.11	19.60
19.9	19.61
19.11	19.62
19.11	19.63
19.1	19.64
20.2	20.1
20.2	20.2
20.2	20.3
20.13	20.4
20.12	20.5
20.2	20.6
20.2	20.7
20.2	20.8
20.14	20.9
20.15	20.10
20.13	20.11
20.10	20.12
20.2	20.13
20.2	20.14
20.13	20.15
20.2	20.16
20.2	20.17
20.1	20.18
20.12	20.19
20.11	20.20
20.12	20.21
20.12	20.22
20.2	20.23
20.8	20.24
20.12	20.25
20.13	20.26
20.2	20.27
20.15	20.28
20.2	20.29
20.4	20.30
20.8	20.31
20.3	20.32
20.8	20.33
20.2	20.34
20.12	20.35
20.11	20.36
20.13	20.37
20.2	20.38
20.2	20.39
20.13	20.40
20.15	20.41
20.5	20.42
20.2	20.43
20.2	20.44
20.15	20.45
20.2	20.46
20.2	20.47
20.13	20.48
20.11	20.49
20.2	20.50
20.13	20.51
20.12	20.52
20.15	20.53
20.2	20.54
20.14	20.55
20.6	20.56
20.15	20.57
20.13	20.58
20.2	20.59
20.2	20.60
20.9	20.61
20.7	20.62
20.2	20.63
20.2	20.64
21.1	21.1
21.1	21.2
21.6	21.3
21.1	21.4
21.1	21.5
21.6	21.6
21.6	21.7
21.3	21.8
21.1	21.9
21.1	21.10
21.1	21.11
21.2	21.12
21.6	21.13
21.6	21.14
21.6	21.15
21.1	21.16
21.1	21.17
21.1	21.18
21.7	21.19
21.1	21.20
21.7	21.21
21.5	21.22
21.8	21.23
21.6	21.24
21.1	21.25
21.1	21.26
21.6	21.27
21.6	21.28
21.1	21.29
21.6	21.30
21.1	21.31
21.1	21.32
21.6	21.33
21.7	21.34
21.7	21.35
21.7	21.36
21.6	21.37
21.6	21.38
21.6	21.39
21.1	21.40
21.5	21.41
21.1	21.42
21.1	21.43
21.6	21.44
21.1	21.45
21.6	21.46
21.6	21.47
21.6	21.48
21.1	21.49
21.1	21.50
21.1	21.51
21.6	21.52
21.1	21.53
21.6	21.54
21.6	21.55
21.7	21.56
21.1	21.57
21.7	21.58
21.1	21.59
21.5	21.60
21.4	21.61
21.6	21.62
21.7	21.63
21.7	21.64
22.8	22.1
22.16	22.2
22.1	22.3
22.13	22.4
22.18	22.5
22.18	22.6
22.11	22.7
22.1	22.8
22.8	22.9
22.16	22.10
22.16	22.11
22.16	22.12
22.16	22.13
22.16	22.14
22.6	22.15
22.16	22.16
22.18	22.17
22.16	22.18
22.16	22.19
22.13	22.20
22.10	22.21
22.16	22.22
22.12	22.23
22.13	22.24
22.15	22.25
22.5	22.26
22.14	22.27
22.16	22.28
22.16	22.29
22.16	22.30
22.1	22.31
22.13	22.32
22.10	22.33
22.2	22.34
22.17	22.35
22.1	22.36
22.17	22.37
22.1	22.38
22.1	22.39
22.18	22.40
22.8	22.41
22.14	22.42
22.16	22.43
22.18	22.44
22.16	22.45
22.7	22.46
22.1	22.47
22.18	22.48
22.16	22.49
22.14	22.50
22.16	22.51
22.18	22.52
22.16	22.53
22.16	22.54
22.16	22.55
22.9	22.56
22.1	22.57
22.1	22.58
22.16	22.59
22.16	22.60
22.15	22.61
22.18	22.62
22.3	22.63
22.4	22.64
23.9	23.1
23.7	23.2
23.5	23.3
23.9	23.4
23.16	23.5
23.5	23.6
23.16	23.7
23.14	23.8
23.4	23.9
23.16	23.10
23.5	23.11
23.15	23.12
23.5	23.13
23.16	23.14
23.15	23.15
23.5	23.16
23.5	23.17
23.14	23.18
23.16	23.19
23.5	23.20
23.7	23.21
23.16	23.22
23.5	23.23
23.9	23.24
23.15	23.25
23.16	23.26
23.5	23.27
23.5	23.28
23.5	23.29
23.11	23.30
23.6	23.31
23.5	23.32
23.16	23.33
23.5	23.34
23.16	23.35
23.16	23.36
23.5	23.37
23.16	23.38
23.5	23.39
23.16	23.40
23.9	23.41
23.16	23.42
23.5	23.43
23.2	23.44
23.16	23.45
23.5	23.46
23.10	23.47
23.5	23.48
23.16	23.49
23.12	23.50
23.1	23.51
23.14	23.52
23.8	23.53
23.16	23.54
23.5	23.55
23.3	23.56
23.14	23.57
23.13	23.58
23.5	23.59
23.5	23.60
23.15	23.61
23.15	23.62
23.5	23.63
23.5	23.64
24.5	24.1
24.12	24.2
24.1	24.3
24.19	24.4
24.10	24.5
24.16	24.6
24.1	24.7
24.9	24.8
24.1	24.9
24.3	24.10
24.19	24.11
24.14	24.12
24.1	24.13
24.1	24.14
24.16	24.15
24.1	24.16
24.1	24.17
24.16	24.18
24.1	24.19
24.1	24.20
24.13	24.21
24.1	24.22
24.8	24.23
24.1	24.24
24.7	24.25
24.6	24.26
24.1	24.27
24.1	24.28
24.1	24.29
24.1	24.30
24.4	24.31
24.1	24.32
24.16	24.33
24.1	24.34
24.10	24.35
24.17	24.36
24.1	24.37
24.16	24.38
24.9	24.39
24.1	24.40
24.2	24.41
24.15	24.42
24.16	24.43
24.16	24.44
24.1	24.45
24.15	24.46
24.18	24.47
24.11	24.48
24.1	24.49
24.1	24.50
24.1	24.51
24.1	24.52
24.16	24.53
24.1	24.54
24.16	24.55
24.17	24.56
24.16	24.57
24.1	24.58
24.16	24.59
24.12	24.60
24.1	24.61
24.1	24.62
24.1	24.63
24.1	24.64
25.1	25.1
25.10	25.2
25.1	25.3
25.11	25.4
25.1	25.5
25.1	25.6
25.1	25.7
25.6	25.8
25.1	25.9
25.1	25.10
25.1	25.11
25.1	25.12
25.1	25.13
25.1	25.14
25.1	25.15
25.8	25.16
25.7	25.17
25.1	25.18
25.5	25.19
25.1	25.20
25.10	25.21
25.1	25.22
25.1	25.23
25.1	25.24
25.2	25.25
25.8	25.26
25.7	25.27
25.10	25.28
25.1	25.29
25.10	25.30
25.1	25.31
25.1	25.32
25.11	25.33
25.9	25.34
25.10	25.35
25.1	25.36
25.10	25.37
25.10	25.38
25.1	25.39
25.10	25.40
25.1	25.41
25.1	25.42
25.10	25.43
25.1	25.44
25.1	25.45
25.8	25.46
25.10	25.47
25.1	25.48
25.10	25.49
25.3	25.50
25.10	25.51
25.1	25.52
25.10	25.53
25.1	25.54
25.4	25.55
25.1	25.56
25.1	25.57
25.1	25.58
25.7	25.59
25.1	25.60
25.10	25.61
25.1	25.62
25.10	25.63
25.10	25.64
26.11	26.1
26.8	26.2
26.1	26.3
26.11	26.4
26.1	26.5
26.1	26.6
26.11	26.7
26.7	26.8
26.7	26.9
26.1	26.10
26.1	26.11
26.11	26.12
26.9	26.13
26.7	26.14
26.1	26.15
26.11	26.16
26.5	26.17
26.1	26.18
26.11	26.19
26.11	26.20
26.5	26.21
26.1	26.22
26.10	26.23
26.11	26.24
26.6	26.25
26.4	26.26
26.7	26.27
26.7	26.28
26.1	26.29
26.2	26.30
26.11	26.31
26.8	26.32
26.4	26.33
26.1	26.34
26.11	26.35
26.1	26.36
26.9	26.37
26.11	26.38
26.11	26.39
26.11	26.40
26.1	26.41
26.8	26.42
26.1	26.43
26.1	26.44
26.1	26.45
26.1	26.46
26.1	26.47
26.1	26.48
26.10	26.49
26.8	26.50
26.7	26.51
26.1	26.52
26.11	26.53
26.10	26.54
26.8	26.55
26.3	26.56
26.7	26.57
26.1	26.58
26.11	26.59
26.7	26.60
26.7	26.61
26.9	26.62
26.11	26.63
26.1	26.64
27.1	27.1
27.1	27.2
27.8	27.3
27.8	27.4
27.7	27.5
27.12	27.6
27.8	27.7
27.8	27.8
27.8	27.9
27.8	27.10
27.5	27.11
27.1	27.12
27.10	27.13
27.1	27.14
27.8	27.15
27.8	27.16
27.1	27.17
27.12	27.18
27.6	27.19
27.11	27.20
27.1	27.21
27.1	27.22
27.2	27.23
27.4	27.24
27.8	27.25
27.8	27.26
27.11	27.27
27.4	27.28
27.8	27.29
27.1	27.30
27.11	27.31
27.10	27.32
27.8	27.33
27.1	27.34
27.8	27.35
27.1	27.36
27.12	27.37
27.12	27.38
27.10	27.39
27.8	27.40
27.7	27.41
27.8	27.42
27.8	27.43
27.8	27.44
27.3	27.45
27.8	27.46
27.10	27.47
27.8	27.48
27.12	27.49
27.8	27.50
27.12	27.51
27.1	27.52
27.1	27.53
27.8	27.54
27.8	27.55
27.8	27.56
27.8	27.57
27.8	27.58
27.1	27.59
27.12	27.60
27.7	27.61
27.4	27.62
27.9	27.63
27.1	27.64
28.1	28.1
28.1	28.2
28.11	28.3
28.1	28.4
28.15	28.5
28.1	28.6
28.1	28.7
28.15	28.8
28.1	28.9
28.14	28.10
28.1	28.11
28.14	28.12
28.1	28.13
28.1	28.14
28.1	28.15
28.9	28.16
28.1	28.17
28.14	28.18
28.13	28.19
28.1	28.20
28.1	28.21
28.1	28.22
28.12	28.23
28.1	28.24
28.1	28.25
28.14	28.26
28.14	28.27
28.1	28.28
28.13	28.29
28.1	28.30
28.6	28.31
28.15	28.32
28.1	28.33
28.1	28.34
28.6	28.35
28.6	28.36
28.3	28.37
28.1	28.38
28.7	28.39
28.1	28.40
28.6	28.41
28.12	28.42
28.1	28.43
28.14	28.44
28.2	28.45
28.5	28.46
28.14	28.47
28.4	28.48
28.1	28.49
28.1	28.50
28.1	28.51
28.1	28.52
28.1	28.53
28.8	28.54
28.14	28.55
28.1	28.56
28.5	28.57
28.14	28.58
28.1	28.59
28.10	28.60
28.8	28.61
28.10	28.62
28.1	28.63
28.14	28.64
29.17	29.1
29.8	29.2
29.16	29.3
29.8	29.4
29.16	29.5
29.16	29.6
29.8	29.7
29.16	29.8
29.17	29.9
29.16	29.10
29.15	29.11
29.1	29.12
29.8	29.13
29.15	29.14
29.16	29.15
29.7	29.16
29.6	29.17
29.9	29.18
29.5	29.19
29.16	29.20
29.11	29.21
29.9	29.22
29.18	29.23
29.1	29.24
29.4	29.25
29.14	29.26
29.17	29.27
29.8	29.28
29.16	29.29
29.16	29.30
29.18	29.31
29.2	29.32
29.16	29.33
29.1	29.34
29.8	29.35
29.1	29.36
29.7	29.37
29.16	29.38
29.10	29.39
29.17	29.40
29.18	29.41
29.9	29.42
29.8	29.43
29.8	29.44
29.18	29.45
29.18	29.46
29.3	29.47
29.16	29.48
29.8	29.49
29.8	29.50
29.12	29.51
29.10	29.52
29.13	29.53
29.13	29.54
29.17	29.55
29.8	29.56
29.16	29.57
29.16	29.58
29.16	29.59
29.8	29.60
29.8	29.61
29.8	29.62
29.17	29.63
29.8	29.64
30.3	30.1
30.3	30.2
30.9	30.3
30.4	30.4
30.9	30.5
30.9	30.6
30.10	30.7
30.9	30.8
30.12	30.9
30.9	30.10
30.14	30.11
30.9	30.12
30.9	30.13
30.9	30.14
30.9	30.15
30.9	30.16
30.11	30.17
30.9	30.18
30.9	30.19
30.9	30.20
30.9	30.21
30.10	30.22
30.9	30.23
30.9	30.24
30.9	30.25
30.7	30.26
30.5	30.27
30.10	30.28
30.14	30.29
30.2	30.30
30.8	30.31
30.9	30.32
30.6	30.33
30.7	30.34
30.9	30.35
30.1	30.36
30.15	30.37
30.9	30.38
30.9	30.39
30.14	30.40
30.14	30.41
30.14	30.42
30.9	30.43
30.4	30.44
30.9	30.45
30.9	30.46
30.9	30.47
30.14	30.48
30.9	30.49
30.10	30.50
30.10	30.51
30.9	30.52
30.9	30.53
30.9	30.54
30.9	30.55
30.9	30.56
30.9	30.57
30.14	30.58
30.9	30.59
30.13	30.60
30.4	30.61
30.9	30.62
30.9	30.63
30.9	30.64
31.1	31.1
31.1	31.2
31.9	31.3
31.4	31.4
31.6	31.5
31.1	31.6
31.9	31.7
31.1	31.8
31.1	31.9
31.1	31.10
31.1	31.11
31.9	31.12
31.1	31.13
31.9	31.14
31.1	31.15
31.8	31.16
31.8	31.17
31.1	31.18
31.1	31.19
31.9	31.20
31.9	31.21
31.9	31.22
31.1	31.23
31.8	31.24
31.8	31.25
31.5	31.26
31.7	31.27
31.8	31.28
31.7	31.29
31.1	31.30
31.5	31.31
31.1	31.32
31.9	31.33
31.9	31.34
31.7	31.35
31.7	31.36
31.7	31.37
31.7	31.38
31.9	31.39
31.1	31.40
31.8	31.41
31.9	31.42
31.8	31.43
31.7	31.44
31.2	31.45
31.7	31.46
31.9	31.47
31.5	31.48
31.1	31.49
31.1	31.50
31.3	31.51
31.9	31.52
31.9	31.53
31.9	31.54
31.1	31.55
31.9	31.56
31.8	31.57
31.8	31.58
31.8	31.59
31.9	31.60
31.6	31.61
31.9	31.62
31.1	31.63
31.9	31.64
32.1	32.1
32.1	32.2
32.1	32.3
32.6	32.4
32.5	32.5
32.1	32.6
32.1	32.7
32.1	32.8
32.1	32.9
32.1	32.10
32.1	32.11
32.1	32.12
32.1	32.13
32.1	32.14
32.1	32.15
32.5	32.16
32.1	32.17
32.1	32.18
32.1	32.19
32.5	32.20
32.1	32.21
32.1	32.22
32.5	32.23
32.6	32.24
32.1	32.25
32.1	32.26
32.1	32.27
32.1	32.28
32.1	32.29
32.1	32.30
32.1	32.31
32.1	32.32
32.1	32.33
32.1	32.34
32.1	32.35
32.1	32.36
32.4	32.37
32.1	32.38
32.1	32.39
32.3	32.40
32.1	32.41
32.1	32.42
32.6	32.43
32.2	32.44
32.5	32.45
32.1	32.46
32.1	32.47
32.5	32.48
32.1	32.49
32.5	32.50
32.6	32.51
32.6	32.52
32.1	32.53
32.6	32.54
32.1	32.55
32.1	32.56
32.1	32.57
32.1	32.58
32.1	32.59
32.1	32.60
32.1	32.61
32.1	32.62
32.1	32.63
32.5	32.64
33.6	33.1
33.1	33.2
33.6	33.3
33.6	33.4
33.6	33.5
33.6	33.6
33.6	33.7
33.6	33.8
33.6	33.9
33.6	33.10
33.6	33.11
33.6	33.12
33.6	33.13
33.6	33.14
33.1	33.15
33.8	33.16
33.6	33.17
33.6	33.18
33.2	33.19
33.4	33.20
33.5	33.21
33.6	33.22
33.7	33.23
33.6	33.24
33.5	33.25
33.6	33.26
33.6	33.27
33.6	33.28
33.6	33.29
33.6	33.30
33.6	33.31
33.1	33.32
33.6	33.33
33.6	33.34
33.1	33.35
33.6	33.36
33.6	33.37
33.6	33.38
33.6	33.39
33.6	33.40
33.6	33.41
33.1	33.42
33.6	33.43
33.1	33.44
33.6	33.45
33.6	33.46
33.1	33.47
33.6	33.48
33.6	33.49
33.6	33.50
33.6	33.51
33.6	33.52
33.1	33.53
33.8	33.54
33.1	33.55
33.3	33.56
33.6	33.57
33.6	33.58
33.6	33.59
33.8	33.60
33.6	33.61
33.6	33.62
33.6	33.63
33.6	33.64
34.10	34.1
34.9	34.2
34.9	34.3
34.1	34.4
34.1	34.5
34.1	34.6
34.1	34.7
34.10	34.8
34.1	34.9
34.10	34.10
34.10	34.11
34.9	34.12
34.12	34.13
34.1	34.14
34.1	34.15
34.1	34.16
34.9	34.17
34.9	34.18
34.1	34.19
34.1	34.20
34.10	34.21
34.1	34.22
34.1	34.23
34.1	34.24
34.9	34.25
34.10	34.26
34.8	34.27
34.9	34.28
34.1	34.29
34.8	34.30
34.6	34.31
34.1	34.32
34.9	34.33
34.3	34.34
34.1	34.35
34.12	34.36
34.9	34.37
34.9	34.38
34.10	34.39
34.1	34.40
34.9	34.41
34.8	34.42
34.2	34.43
34.1	34.44
34.5	34.45
34.11	34.46
34.9	34.47
34.1	34.48
34.10	34.49
34.7	34.50
34.12	34.51
34.1	34.52
34.10	34.53
34.10	34.54
34.1	34.55
34.1	34.56
34.8	34.57
34.8	34.58
34.4	34.59
34.1	34.60
34.9	34.61
34.12	34.62
34.11	34.63
34.1	34.64
35.1	35.1
35.11	35.2
35.15	35.3
35.11	35.4
35.1	35.5
35.6	35.6
35.1	35.7
35.11	35.8
35.9	35.9
35.1	35.10
35.1	35.11
35.2	35.12
35.1	35.13
35.11	35.14
35.11	35.15
35.11	35.16
35.12	35.17
35.1	35.18
35.11	35.19
35.1	35.20
35.11	35.21
35.1	35.22
35.10	35.23
35.1	35.24
35.11	35.25
35.11	35.26
35.15	35.27
35.1	35.28
35.11	35.29
35.9	35.30
35.8	35.31
35.1	35.32
35.12	35.33
35.12	35.34
35.11	35.35
35.15	35.36
35.11	35.37
35.9	35.38
35.15	35.39
35.11	35.40
35.11	35.41
35.11	35.42
35.15	35.43
35.7	35.44
35.12	35.45
35.11	35.46
35.11	35.47
35.11	35.48
35.3	35.49
35.11	35.50
35.11	35.51
35.9	35.52
35.11	35.53
35.11	35.54
35.11	35.55
35.11	35.56
35.1	35.57
35.4	35.58
35.1	35.59
35.13	35.60
35.10	35.61
35.14	35.62
35.14	35.63
35.5	35.64
36.12	36.1
36.6	36.2
36.8	36.3
36.8	36.4
36.8	36.5
36.6	36.6
36.6	36.7
36.12	36.8
36.12	36.9
36.6	36.10
36.6	36.11
36.13	36.12
36.10	36.13
36.6	36.14
36.6	36.15
36.6	36.16
36.4	36.17
36.6	36.18
36.6	36.19
36.6	36.20
36.12	36.21
36.6	36.22
36.3	36.23
36.11	36.24
36.6	36.25
36.6	36.26
36.12	36.27
36.6	36.28
36.6	36.29
36.11	36.30
36.6	36.31
36.6	36.32
36.12	36.33
36.6	36.34
36.6	36.35
36.6	36.36
36.7	36.37
36.1	36.38
36.11	36.39
36.5	36.40
36.6	36.41
36.12	36.42
36.11	36.43
36.3	36.44
36.12	36.45
36.10	36.46
36.12	36.47
36.11	36.48
36.12	36.49
36.6	36.50
36.6	36.51
36.12	36.52
36.6	36.53
36.2	36.54
36.6	36.55
36.6	36.56
36.9	36.57
36.11	36.58
36.6	36.59
36.1	36.60
36.12	36.61
36.6	36.62
36.12	36.63
36.11	36.64
37.11	37.1
37.11	37.2
37.11	37.3
37.10	37.4
37.11	37.5
37.1	37.6
37.11	37.7
37.12	37.8
37.1	37.9
37.11	37.10
37.9	37.11
37.8	37.12
37.11	37.13
37.12	37.14
37.11	37.15
37.2	37.16
37.12	37.17
37.1	37.18
37.11	37.19
37.11	37.20
37.9	37.21
37.11	37.22
37.8	37.23
37.11	37.24
37.11	37.25
37.11	37.26
37.7	37.27
37.1	37.28
37.12	37.29
37.1	37.30
37.6	37.31
37.11	37.32
37.11	37.33
37.5	37.34
37.11	37.35
37.8	37.36
37.1	37.37
37.12	37.38
37.11	37.39
37.1	37.40
37.11	37.41
37.1	37.42
37.11	37.43
37.11	37.44
37.1	37.45
37.11	37.46
37.11	37.47
37.12	37.48
37.1	37.49
37.11	37.50
37.3	37.51
37.11	37.52
37.12	37.53
37.13	37.54
37.13	37.55
37.10	37.56
37.12	37.57
37.12	37.58
37.1	37.59
37.1	37.60
37.1	37.61
37.11	37.62
37.9	37.63
37.4	37.64
38.9	38.1
38.9	38.2
38.9	38.3
38.9	38.4
38.9	38.5
38.9	38.6
38.9	38.7
38.1	38.8
38.9	38.9
38.9	38.10
38.9	38.11
38.2	38.12
38.8	38.13
38.6	38.14
38.9	38.15
38.9	38.16
38.9	38.17
38.1	38.18
38.9	38.19
38.9	38.20
38.9	38.21
38.6	38.22
38.9	38.23
38.1	38.24
38.9	38.25
38.1	38.26
38.8	38.27
38.9	38.28
38.1	38.29
38.9	38.30
38.9	38.31
38.1	38.32
38.1	38.33
38.8	38.34
38.9	38.35
38.9	38.36
38.5	38.37
38.9	38.38
38.1	38.39
38.9	38.40
38.5	38.41
38.9	38.42
38.9	38.43
38.7	38.44
38.9	38.45
38.3	38.46
38.9	38.47
38.1	38.48
38.9	38.49
38.1	38.50
38.6	38.51
38.9	38.52
38.9	38.53
38.1	38.54
38.4	38.55
38.9	38.56
38.9	38.57
38.9	38.58
38.8	38.59
38.9	38.60
38.9	38.61
38.1	38.62
38.1	38.63
38.1	38.64
39.1	39.1
39.1	39.2
39.9	39.3
39.9	39.4
39.1	39.5
39.1	39.6
39.10	39.7
39.7	39.8
39.1	39.9
39.10	39.10
39.3	39.11
39.10	39.12
39.5	39.13
39.2	39.14
39.9	39.15
39.1	39.16
39.9	39.17
39.1	39.18
39.5	39.19
39.9	39.20
39.9	39.21
39.9	39.22
39.1	39.23
39.1	39.24
39.1	39.25
39.9	39.26
39.1	39.27
39.10	39.28
39.9	39.29
39.9	39.30
39.1	39.31
39.1	39.32
39.8	39.33
39.9	39.34
39.1	39.35
39.6	39.36
39.9	39.37
39.1	39.38
39.1	39.39
39.1	39.40
39.6	39.41
39.9	39.42
39.1	39.43
39.4	39.44
39.1	39.45
39.9	39.46
39.11	39.47
39.1	39.48
39.1	39.49
39.9	39.50
39.9	39.51
39.9	39.52
39.1	39.53
39.9	39.54
39.9	39.55
39.1	39.56
39.9	39.57
39.1	39.58
39.1	39.59
39.9	39.60
39.11	39.61
39.1	39.62
39.1	39.63
39.9	39.64
40.13	40.1
40.13	40.2
40.13	40.3
40.12	40.4
40.12	40.5
40.13	40.6
40.13	40.7
40.12	40.8
40.1	40.9
40.1	40.10
40.1	40.11
40.13	40.12
40.13	40.13
40.1	40.14
40.13	40.15
40.13	40.16
40.1	40.17
40.4	40.18
40.6	40.19
40.8	40.20
40.13	40.21
40.1	40.22
40.13	40.23
40.13	40.24
40.9	40.25
40.12	40.26
40.11	40.27
40.13	40.28
40.13	40.29
40.5	40.30
40.1	40.31
40.13	40.32
40.1	40.33
40.12	40.34
40.13	40.35
40.1	40.36
40.12	40.37
40.1	40.38
40.13	40.39
40.13	40.40
40.13	40.41
40.1	40.42
40.2	40.43
40.1	40.44
40.13	40.45
40.13	40.46
40.1	40.47
40.7	40.48
40.3	40.49
40.1	40.50
40.13	40.51
40.13	40.52
40.13	40.53
40.12	40.54
40.13	40.55
40.13	40.56
40.13	40.57
40.12	40.58
40.13	40.59
40.10	40.60
40.12	40.61
40.14	40.62
40.11	40.63
40.13	40.64
41.3	41.1
41.14	41.2
41.3	41.3
41.14	41.4
41.14	41.5
41.12	41.6
41.14	41.7
41.14	41.8
41.1	41.9
41.3	41.10
41.8	41.11
41.14	41.12
41.3	41.13
41.3	41.14
41.14	41.15
41.14	41.16
41.14	41.17
41.11	41.18
41.13	41.19
41.8	41.20
41.8	41.21
41.14	41.22
41.14	41.23
41.14	41.24
41.11	41.25
41.14	41.26
41.3	41.27
41.14	41.28
41.14	41.29
41.8	41.30
41.8	41.31
41.3	41.32
41.7	41.33
41.13	41.34
41.14	41.35
41.12	41.36
41.3	41.37
41.3	41.38
41.3	41.39
41.4	41.40
41.10	41.41
41.3	41.42
41.14	41.43
41.3	41.44
41.6	41.45
41.3	41.46
41.13	41.47
41.14	41.48
41.2	41.49
41.8	41.50
41.3	41.51
41.3	41.52
41.14	41.53
41.14	41.54
41.12	41.55
41.8	41.56
41.14	41.57
41.14	41.58
41.3	41.59
41.14	41.60
41.9	41.61
41.8	41.62
41.5	41.63
41.8	41.64
42.1	42.1
42.11	42.2
42.11	42.3
42.11	42.4
42.1	42.5
42.12	42.6
42.1	42.7
42.12	42.8
42.12	42.9
42.8	42.10
42.11	42.11
42.1	42.12
42.11	42.13
42.12	42.14
42.11	42.15
42.8	42.16
42.6	42.17
42.8	42.18
42.12	42.19
42.11	42.20
42.1	42.21
42.7	42.22
42.11	42.23
42.1	42.24
42.11	42.25
42.1	42.26
42.1	42.27
42.1	42.28
42.7	42.29
42.11	42.30
42.12	42.31
42.12	42.32
42.11	42.33
42.1	42.34
42.8	42.35
42.1	42.36
42.12	42.37
42.11	42.38
42.11	42.39
42.5	42.40
42.11	42.41
42.11	42.42
42.12	42.43
42.1	42.44
42.12	42.45
42.1	42.46
42.1	42.47
42.4	42.48
42.7	42.49
42.9	42.50
42.10	42.51
42.12	42.52
42.4	42.53
42.4	42.54
42.2	42.55
42.11	42.56
42.3	42.57
42.12	42.58
42.1	42.59
42.11	42.60
42.12	42.61
42.1	42.62
42.11	42.63
42.11	42.64
43.13	43.1
43.14	43.2
43.1	43.3
43.1	43.4
43.14	43.5
43.15	43.6
43.1	43.7
43.2	43.8
43.13	43.9
43.13	43.10
43.9	43.11
43.11	43.12
43.8	43.13
43.7	43.14
43.14	43.15
43.14	43.16
43.8	43.17
43.14	43.18
43.14	43.19
43.8	43.20
43.1	43.21
43.1	43.22
43.14	43.23
43.1	43.24
43.8	43.25
43.1	43.26
43.13	43.27
43.1	43.28
43.14	43.29
43.13	43.30
43.1	43.31
43.8	43.32
43.13	43.33
43.14	43.34
43.8	43.35
43.5	43.36
43.1	43.37
43.13	43.38
43.8	43.39
43.13	43.40
43.1	43.41
43.1	43.42
43.8	43.43
43.6	43.44
43.8	43.45
43.4	43.46
43.13	43.47
43.8	43.48
43.1	43.49
43.3	43.50
43.10	43.51
43.13	43.52
43.13	43.53
43.13	43.54
43.12	43.55
43.14	43.56
43.13	43.57
43.1	43.58
43.13	43.59
43.1	43.60
43.13	43.61
43.13	43.62
43.13	43.63
43.13	43.64
44.7	44.1
44.7	44.2
44.7	44.3
44.7	44.4
44.1	44.5
44.7	44.6
44.7	44.7
44.4	44.8
44.1	44.9
44.7	44.10
44.7	44.11
44.7	44.12
44.7	44.13
44.1	44.14
44.7	44.15
44.7	44.16
44.3	44.17
44.7	44.18
44.7	44.19
44.7	44.20
44.7	44.21
44.7	44.22
44.7	44.23
44.7	44.24
44.7	44.25
44.7	44.26
44.7	44.27
44.7	44.28
44.7	44.29
44.7	44.30
44.1	44.31
44.1	44.32
44.7	44.33
44.7	44.34
44.7	44.35
44.7	44.36
44.7	44.37
44.7	44.38
44.7	44.39
44.1	44.40
44.7	44.41
44.7	44.42
44.7	44.43
44.7	44.44
44.7	44.45
44.2	44.46
44.7	44.47
44.7	44.48
44.1	44.49
44.6	44.50
44.6	44.51
44.7	44.52
44.1	44.53
44.7	44.54
44.6	44.55
44.1	44.56
44.1	44.57
44.5	44.58
44.1	44.59
44.7	44.60
44.1	44.61
44.7	44.62
44.1	44.63
44.1	44.64
45.11	45.1
45.11	45.2
45.8	45.3
45.11	45.4
45.11	45.5
45.11	45.6
45.1	45.7
45.11	45.8
45.7	45.9
45.13	45.10
45.11	45.11
45.13	45.12
45.11	45.13
45.1	45.14
45.11	45.15
45.11	45.16
45.8	45.17
45.11	45.18
45.11	45.19
45.6	45.20
45.11	45.21
45.3	45.22
45.11	45.23
45.11	45.24
45.11	45.25
45.4	45.26
45.11	45.27
45.11	45.28
45.11	45.29
45.11	45.30
45.11	45.31
45.1	45.32
45.5	45.33
45.1	45.34
45.7	45.35
45.11	45.36
45.10	45.37
45.11	45.38
45.14	45.39
45.1	45.40
45.12	45.41
45.11	45.42
45.11	45.43
45.11	45.44
45.11	45.45
45.11	45.46
45.11	45.47
45.9	45.48
45.11	45.49
45.1	45.50
45.11	45.51
45.1	45.52
45.1	45.53
45.11	45.54
45.11	45.55
45.2	45.56
45.12	45.57
45.1	45.58
45.11	45.59
45.1	45.60
45.1	45.61
45.1	45.62
45.9	45.63
45.11	45.64
46.1	46.1
46.1	46.2
46.7	46.3
46.1	46.4
46.1	46.5
46.1	46.6
46.1	46.7
46.1	46.8
46.1	46.9
46.1	46.10
46.7	46.11
46.7	46.12
46.1	46.13
46.1	46.14
46.1	46.15
46.1	46.16
46.7	46.17
46.7	46.18
46.1	46.19
46.7	46.20
46.7	46.21
46.1	46.22
46.1	46.23
46.5	46.24
46.7	46.25
46.4	46.26
46.1	46.27
46.1	46.28
46.1	46.29
46.1	46.30
46.1	46.31
46.1	46.32
46.1	46.33
46.7	46.34
46.1	46.35
46.1	46.36
46.1	46.37
46.1	46.38
46.1	46.39
46.1	46.40
46.7	46.41
46.3	46.42
46.7	46.43
46.1	46.44
46.1	46.45
46.5	46.46
46.1	46.47
46.1	46.48
46.1	46.49
46.1	46.50
46.6	46.51
46.7	46.52
46.1	46.53
46.2	46.54
46.7	46.55
46.1	46.56
46.7	46.57
46.1	46.58
46.5	46.59
46.1	46.60
46.5	46.61
46.1	46.62
46.1	46.63
46.1	46.64
47.10	47.1
47.7	47.2
47.7	47.3
47.4	47.4
47.12	47.5
47.1	47.6
47.7	47.7
47.10	47.8
47.11	47.9
47.4	47.10
47.10	47.11
47.7	47.12
47.10	47.13
47.10	47.14
47.1	47.15
47.4	47.16
47.9	47.17
47.12	47.18
47.12	47.19
47.11	47.20
47.4	47.21
47.12	47.22
47.10	47.23
47.12	47.24
47.10	47.25
47.11	47.26
47.10	47.27
47.12	47.28
47.12	47.29
47.1	47.30
47.12	47.31
47.4	47.32
47.4	47.33
47.7	47.34
47.12	47.35
47.12	47.36
47.7	47.37
47.8	47.38
47.12	47.39
47.12	47.40
47.10	47.41
47.1	47.42
47.3	47.43
47.12	47.44
47.10	47.45
47.1	47.46
47.1	47.47
47.10	47.48
47.1	47.49
47.12	47.50
47.10	47.51
47.5	47.52
47.1	47.53
47.11	47.54
47.7	47.55
47.12	47.56
47.10	47.57
47.7	47.58
47.4	47.59
47.2	47.60
47.6	47.61
47.12	47.62
47.4	47.63
47.10	47.64
48.4	48.1
48.13	48.2
48.12	48.3
48.4	48.4
48.4	48.5
48.8	48.6
48.13	48.7
48.4	48.8
48.7	48.9
48.9	48.10
48.5	48.11
48.12	48.12
48.12	48.13
48.10	48.14
48.13	48.15
48.13	48.16
48.8	48.17
48.6	48.18
48.4	48.19
48.7	48.20
48.4	48.21
48.7	48.22
48.8	48.23
48.7	48.24
48.8	48.25
48.7	48.26
48.8	48.27
48.13	48.28
48.13	48.29
48.2	48.30
48.9	48.31
48.13	48.32
48.1	48.33
48.12	48.34
48.4	48.35
48.4	48.36
48.7	48.37
48.10	48.38
48.13	48.39
48.9	48.40
48.9	48.41
48.12	48.42
48.13	48.43
48.13	48.44
48.4	48.45
48.11	48.46
48.7	48.47
48.10	48.48
48.10	48.49
48.3	48.50
48.4	48.51
48.8	48.52
48.13	48.53
48.9	48.54
48.12	48.55
48.12	48.56
48.13	48.57
48.4	48.58
48.4	48.59
48.4	48.60
48.12	48.61
48.4	48.62
48.4	48.63
48.9	48.64
49.8	49.1
49.9	49.2
49.8	49.3
49.8	49.4
49.6	49.5
49.8	49.6
49.9	49.7
49.8	49.8
49.1	49.9
49.1	49.10
49.2	49.11
49.8	49.12
49.8	49.13
49.4	49.14
49.1	49.15
49.9	49.16
49.9	49.17
49.7	49.18
49.1	49.19
49.8	49.20
49.9	49.21
49.4	49.22
49.8	49.23
49.8	49.24
49.8	49.25
49.1	49.26
49.8	49.27
49.8	49.28
49.9	49.29
49.9	49.30
49.8	49.31
49.9	49.32
49.9	49.33
49.8	49.34
49.9	49.35
49.9	49.36
49.8	49.37
49.9	49.38
49.8	49.39
49.1	49.40
49.7	49.41
49.1	49.42
49.8	49.43
49.8	49.44
49.8	49.45
49.6	49.46
49.8	49.47
49.8	49.48
49.9	49.49
49.8	49.50
49.3	49.51
49.8	49.52
49.8	49.53
49.7	49.54
49.8	49.55
49.8	49.56
49.4	49.57
49.1	49.58
49.8	49.59
49.8	49.60
49.8	49.61
49.6	49.62
49.4	49.63
49.5	49.64
50.7	50.1
50.7	50.2
50.1	50.3
50.1	50.4
50.1	50.5
50.7	50.6
50.7	50.7
50.7	50.8
50.7	50.9
50.7	50.10
50.8	50.11
50.1	50.12
50.7	50.13
50.7	50.14
50.7	50.15
50.8	50.16
50.1	50.17
50.1	50.18
50.7	50.19
50.1	50.20
50.7	50.21
50.1	50.22
50.1	50.23
50.7	50.24
50.7	50.25
50.1	50.26
50.1	50.27
50.7	50.28
50.7	50.29
50.2	50.30
50.1	50.31
50.7	50.32
50.8	50.33
50.1	50.34
50.7	50.35
50.7	50.36
50.1	50.37
50.7	50.38
50.5	50.39
50.7	50.40
50.7	50.41
50.9	50.42
50.4	50.43
50.8	50.44
50.7	50.45
50.7	50.46
50.7	50.47
50.6	50.48
50.1	50.49
50.7	50.50
50.6	50.51
50.7	50.52
50.8	50.53
50.1	50.54
50.7	50.55
50.7	50.56
50.1	50.57
50.3	50.58
50.7	50.59
50.7	50.60
50.9	50.61
50.7	50.62
50.7	50.63
50.1	50.64
51.3	51.1
51.3	51.2
51.3	51.3
51.3	51.4
51.3	51.5
51.3	51.6
51.3	51.7
51.3	51.8
51.3	51.9
51.3	51.10
51.3	51.11
51.4	51.12
51.3	51.13
51.3	51.14
51.3	51.15
51.3	51.16
51.3	51.17
51.4	51.18
51.3	51.19
51.3	51.20
51.1	51.21
51.3	51.22
51.4	51.23
51.3	51.24
51.4	51.25
51.3	51.26
51.3	51.27
51.4	51.28
51.3	51.29
51.4	51.30
51.3	51.31
51.3	51.32
51.3	51.33
51.2	51.34
51.3	51.35
51.3	51.36
51.3	51.37
51.3	51.38
51.3	51.39
51.3	51.40
51.3	51.41
51.3	51.42
51.4	51.43
51.3	51.44
51.4	51.45
51.3	51.46
51.3	51.47
51.3	51.48
51.3	51.49
51.3	51.50
51.3	51.51
51.4	51.52
51.3	51.53
51.3	51.54
51.3	51.55
51.3	51.56
51.3	51.57
51.4	51.58
51.3	51.59
51.3	51.60
51.3	51.61
51.3	51.62
51.3	51.63
51.3	51.64
52.12	52.1
52.12	52.2
52.14	52.3
52.14	52.4
52.14	52.5
52.14	52.6
52.6	52.7
52.12	52.8
52.12	52.9
52.7	52.10
52.9	52.11
52.12	52.12
52.14	52.13
52.12	52.14
52.14	52.15
52.1	52.16
52.12	52.17
52.14	52.18
52.1	52.19
52.12	52.20
52.1	52.21
52.12	52.22
52.8	52.23
52.14	52.24
52.14	52.25
52.12	52.26
52.12	52.27
52.14	52.28
52.12	52.29
52.14	52.30
52.14	52.31
52.11	52.32
52.13	52.33
52.14	52.34
52.1	52.35
52.1	52.36
52.14	52.37
52.6	52.38
52.1	52.39
52.14	52.40
52.12	52.41
52.6	52.42
52.12	52.43
52.1	52.44
52.1	52.45
52.14	52.46
52.3	52.47
52.1	52.48
52.14	52.49
52.12	52.50
52.13	52.51
52.12	52.52
52.2	52.53
52.10	52.54
52.12	52.55
52.1	52.56
52.4	52.57
52.5	52.58
52.14	52.59
52.13	52.60
52.13	52.61
52.6	52.62
52.12	52.63
52.1	52.64
53.1	53.1
53.1	53.2
53.1	53.3
53.1	53.4
53.1	53.5
53.1	53.6
53.6	53.7
53.6	53.8
53.1	53.9
53.1	53.10
53.1	53.11
53.1	53.12
53.1	53.13
53.6	53.14
53.7	53.15
53.1	53.16
53.1	53.17
53.7	53.18
53.6	53.19
53.1	53.20
53.1	53.21
53.1	53.22
53.1	53.23
53.3	53.24
53.6	53.25
53.1	53.26
53.1	53.27
53.7	53.28
53.6	53.29
53.6	53.30
53.5	53.31
53.1	53.32
53.7	53.33
53.1	53.34
53.6	53.35
53.6	53.36
53.1	53.37
53.6	53.38
53.5	53.39
53.1	53.40
53.6	53.41
53.1	53.42
53.4	53.43
53.1	53.44
53.7	53.45
53.1	53.46
53.1	53.47
53.6	53.48
53.1	53.49
53.6	53.50
53.1	53.51
53.2	53.52
53.1	53.53
53.6	53.54
53.1	53.55
53.1	53.56
53.6	53.57
53.1	53.58
53.1	53.59
53.1	53.60
53.1	53.61
53.1	53.62
53.1	53.63
53.1	53.64
54.15	54.1
54.15	54.2
54.15	54.3
54.1	54.4
54.15	54.5
54.1	54.6
54.1	54.7
54.1	54.8
54.1	54.9
54.1	54.10
54.12	54.11
54.1	54.12
54.1	54.13
54.1	54.14
54.15	54.15
54.1	54.16
54.15	54.17
54.8	54.18
54.1	54.19
54.15	54.20
54.1	54.21
54.12	54.22
54.15	54.23
54.2	54.24
54.7	54.25
54.10	54.26
54.14	54.27
54.15	54.28
54.1	54.29
54.15	54.30
54.15	54.31
54.8	54.32
54.14	54.33
54.14	54.34
54.1	54.35
54.6	54.36
54.12	54.37
54.1	54.38
54.15	54.39
54.1	54.40
54.11	54.41
54.1	54.42
54.1	54.43
54.3	54.44
54.15	54.45
54.14	54.46
54.14	54.47
54.9	54.48
54.1	54.49
54.12	54.50
54.15	54.51
54.14	54.52
54.1	54.53
54.13	54.54
54.12	54.55
54.1	54.56
54.14	54.57
54.1	54.58
54.4	54.59
54.5	54.60
54.15	54.61
54.1	54.62
54.1	54.63
54.1	54.64
55.10	55.1
55.7	55.2
55.8	55.3
55.7	55.4
55.10	55.5
55.6	55.6
55.10	55.7
55.10	55.8
55.4	55.9
55.10	55.10
55.7	55.11
55.6	55.12
55.10	55.13
55.1	55.14
55.10	55.15
55.10	55.16
55.7	55.17
55.10	55.18
55.7	55.19
55.5	55.20
55.10	55.21
55.7	55.22
55.2	55.23
55.10	55.24
55.10	55.25
55.10	55.26
55.10	55.27
55.10	55.28
55.10	55.29
55.7	55.30
55.6	55.31
55.7	55.32
55.10	55.33
55.10	55.34
55.10	55.35
55.7	55.36
55.7	55.37
55.9	55.38
55.10	55.39
55.7	55.40
55.3	55.41
55.10	55.42
55.10	55.43
55.10	55.44
55.10	55.45
55.10	55.46
55.10	55.47
55.7	55.48
55.7	55.49
55.10	55.50
55.10	55.51
55.10	55.52
55.10	55.53
55.10	55.54
55.10	55.55
55.10	55.56
55.1	55.57
55.7	55.58
55.10	55.59
55.7	55.60
55.6	55.61
55.10	55.62
55.10	55.63
55.10	55.64
56.13	56.1
56.13	56.2
56.13	56.3
56.1	56.4
56.5	56.5
56.2	56.6
56.10	56.7
56.1	56.8
56.13	56.9
56.13	56.10
56.1	56.11
56.13	56.12
56.1	56.13
56.1	56.14
56.10	56.15
56.13	56.16
56.13	56.17
56.1	56.18
56.7	56.19
56.1	56.20
56.1	56.21
56.5	56.22
56.1	56.23
56.1	56.24
56.1	56.25
56.1	56.26
56.9	56.27
56.1	56.28
56.13	56.29
56.13	56.30
56.11	56.31
56.12	56.32
56.13	56.33
56.13	56.34
56.9	56.35
56.1	56.36
56.13	56.37
56.10	56.38
56.9	56.39
56.1	56.40
56.12	56.41
56.13	56.42
56.9	56.43
56.9	56.44
56.13	56.45
56.13	56.46
56.13	56.47
56.1	56.48
56.7	56.49
56.9	56.50
56.13	56.51
56.1	56.52
56.8	56.53
56.10	56.54
56.3	56.55
56.1	56.56
56.9	56.57
56.6	56.58
56.6	56.59
56.4	56.60
56.1	56.61
56.13	56.62
56.13	56.63
56.13	56.64
57.8	57.1
57.8	57.2
57.8	57.3
57.8	57.4
57.8	57.5
57.8	57.6
57.8	57.7
57.8	57.8
57.8	57.9
57.8	57.10
57.8	57.11
57.8	57.12
57.8	57.13
57.8	57.14
57.1	57.15
57.8	57.16
57.8	57.17
57.8	57.18
57.8	57.19
57.1	57.20
57.8	57.21
57.4	57.22
57.8	57.23
57.8	57.24
57.8	57.25
57.1	57.26
57.8	57.27
57.8	57.28
57.2	57.29
57.8	57.30
57.8	57.31
57.8	57.32
57.8	57.33
57.8	57.34
57.1	57.35
57.8	57.36
57.3	57.37
57.8	57.38
57.8	57.39
57.8	57.40
57.1	57.41
57.1	57.42
57.8	57.43
57.8	57.44
57.8	57.45
57.8	57.46
57.9	57.47
57.8	57.48
57.7	57.49
57.8	57.50
57.8	57.51
57.1	57.52
57.1	57.53
57.1	57.54
57.8	57.55
57.8	57.56
57.5	57.57
57.1	57.58
57.8	57.59
57.1	57.60
57.6	57.61
57.8	57.62
57.8	57.63
57.1	57.64
58.1	58.1
58.1	58.2
58.7	58.3
58.1	58.4
58.1	58.5
58.1	58.6
58.1	58.7
58.1	58.8
58.7	58.9
58.1	58.10
58.1	58.11
58.1	58.12
58.1	58.13
58.4	58.14
58.6	58.15
58.7	58.16
58.1	58.17
58.1	58.18
58.5	58.19
58.5	58.20
58.1	58.21
58.5	58.22
58.1	58.23
58.1	58.24
58.7	58.25
58.7	58.26
58.1	58.27
58.1	58.28
58.1	58.29
58.1	58.30
58.7	58.31
58.1	58.32
58.1	58.33
58.1	58.34
58.1	58.35
58.1	58.36
58.1	58.37
58.7	58.38
58.7	58.39
58.1	58.40
58.1	58.41
58.1	58.42
58.5	58.43
58.5	58.44
58.1	58.45
58.5	58.46
58.1	58.47
58.1	58.48
58.7	58.49
58.1	58.50
58.4	58.51
58.5	58.52
58.1	58.53
58.3	58.54
58.7	58.55
58.1	58.56
58.1	58.57
58.1	58.58
58.7	58.59
58.7	58.60
58.7	58.61
58.1	58.62
58.1	58.63
58.2	58.64
59.12	59.1
59.12	59.2
59.5	59.3
59.1	59.4
59.13	59.5
59.12	59.6
59.13	59.7
59.1	59.8
59.12	59.9
59.6	59.10
59.1	59.11
59.12	59.12
59.6	59.13
59.1	59.14
59.1	59.15
59.13	59.16
59.5	59.17
59.12	59.18
59.1	59.19
59.10	59.20
59.1	59.21
59.1	59.22
59.12	59.23
59.9	59.24
59.12	59.25
59.12	59.26
59.12	59.27
59.11	59.28
59.12	59.29
59.1	59.30
59.12	59.31
59.3	59.32
59.12	59.33
59.7	59.34
59.6	59.35
59.13	59.36
59.4	59.37
59.8	59.38
59.12	59.39
59.12	59.40
59.10	59.41
59.6	59.42
59.12	59.43
59.12	59.44
59.1	59.45
59.1	59.46
59.13	59.47
59.1	59.48
59.13	59.49
59.12	59.50
59.1	59.51
59.1	59.52
59.10	59.53
59.1	59.54
59.1	59.55
59.1	59.56
59.6	59.57
59.3	59.58
59.1	59.59
59.5	59.60
59.5	59.61
59.1	59.62
59.2	59.63
59.1	59.64
60.5	60.1
60.5	60.2
60.10	60.3
60.5	60.4
60.10	60.5
60.5	60.6
60.13	60.7
60.10	60.8
60.1	60.9
60.10	60.10
60.5	60.11
60.10	60.12
60.10	60.13
60.1	60.14
60.5	60.15
60.1	60.16
60.8	60.17
60.5	60.18
60.8	60.19
60.10	60.20
60.5	60.21
60.5	60.22
60.5	60.23
60.1	60.24
60.1	60.25
60.1	60.26
60.10	60.27
60.14	60.28
60.10	60.29
60.4	60.30
60.10	60.31
60.14	60.32
60.6	60.33
60.10	60.34
60.5	60.35
60.2	60.36
60.4	60.37
60.5	60.38
60.11	60.39
60.6	60.40
60.5	60.41
60.9	60.42
60.10	60.43
60.1	60.44
60.4	60.45
60.5	60.46
60.10	60.47
60.5	60.48
60.6	60.49
60.1	60.50
60.5	60.51
60.5	60.52
60.12	60.53
60.5	60.54
60.5	60.55
60.10	60.56
60.10	60.57
60.3	60.58
60.7	60.59
60.10	60.60
60.12	60.61
60.8	60.62
60.12	60.63
60.14	60.64
61.6	61.1
61.8	61.2
61.8	61.3
61.6	61.4
61.1	61.5
61.7	61.6
61.1	61.7
61.1	61.8
61.8	61.9
61.7	61.10
61.6	61.11
61.1	61.12
61.6	61.13
61.8	61.14
61.6	61.15
61.1	61.16
61.8	61.17
61.6	61.18
61.1	61.19
61.1	61.20
61.7	61.21
61.8	61.22
61.6	61.23
61.3	61.24
61.1	61.25
61.8	61.26
61.6	61.27
61.8	61.28
61.4	61.29
61.5	61.30
61.6	61.31
61.1	61.32
61.6	61.33
61.6	61.34
61.5	61.35
61.1	61.36
61.6	61.37
61.8	61.38
61.1	61.39
61.6	61.40
61.6	61.41
61.6	61.42
61.2	61.43
61.5	61.44
61.1	61.45
61.1	61.46
61.6	61.47
61.5	61.48
61.6	61.49
61.8	61.50
61.1	61.51
61.1	61.52
61.8	61.53
61.6	61.54
61.6	61.55
61.6	61.56
61.6	61.57
61.6	61.58
61.6	61.59
61.6	61.60
61.1	61.61
61.1	61.62
61.6	61.63
61.4	61.64
62.9	62.1
62.9	62.2
62.9	62.3
62.9	62.4
62.9	62.5
62.9	62.6
62.5	62.7
62.1	62.8
62.1	62.9
62.9	62.10
62.9	62.11
62.9	62.12
62.4	62.13
62.1	62.14
62.9	62.15
62.7	62.16
62.9	62.17
62.9	62.18
62.1	62.19
62.9	62.20
62.1	62.21
62.9	62.22
62.2	62.23
62.7	62.24
62.7	62.25
62.1	62.26
62.9	62.27
62.1	62.28
62.9	62.29
62.9	62.30
62.8	62.31
62.7	62.32
62.1	62.33
62.1	62.34
62.7	62.35
62.6	62.36
62.9	62.37
62.7	62.38
62.9	62.39
62.1	62.40
62.9	62.41
62.1	62.42
62.7	62.43
62.9	62.44
62.9	62.45
62.9	62.46
62.9	62.47
62.7	62.48
62.7	62.49
62.9	62.50
62.9	62.51
62.1	62.52
62.3	62.53
62.1	62.54
62.9	62.55
62.7	62.56
62.9	62.57
62.7	62.58
62.1	62.59
62.9	62.60
62.9	62.61
62.1	62.62
62.9	62.63
62.1	62.64
63.9	63.1
63.1	63.2
63.1	63.3
63.1	63.4
63.1	63.5
63.1	63.6
63.9	63.7
63.1	63.8
63.8	63.9
63.1	63.10
63.1	63.11
63.9	63.12
63.1	63.13
63.9	63.14
63.1	63.15
63.1	63.16
63.1	63.17
63.9	63.18
63.8	63.19
63.8	63.20
63.9	63.21
63.1	63.22
63.9	63.23
63.9	63.24
63.1	63.25
63.7	63.26
63.1	63.27
63.1	63.28
63.1	63.29
63.1	63.30
63.1	63.31
63.1	63.32
63.1	63.33
63.9	63.34
63.9	63.35
63.1	63.36
63.8	63.37
63.1	63.38
63.1	63.39
63.1	63.40
63.1	63.41
63.1	63.42
63.2	63.43
63.4	63.44
63.6	63.45
63.9	63.46
63.1	63.47
63.9	63.48
63.8	63.49
63.1	63.50
63.3	63.51
63.5	63.52
63.9	63.53
63.1	63.54
63.1	63.55
63.8	63.56
63.9	63.57
63.8	63.58
63.1	63.59
63.1	63.60
63.1	63.61
63.1	63.62
63.1	63.63
63.8	63.64
64.1	64.1
64.1	64.2
64.7	64.3
64.1	64.4
64.1	64.5
64.3	64.6
64.7	64.7
64.7	64.8
64.4	64.9
64.4	64.10
64.5	64.11
64.7	64.12
64.1	64.13
64.4	64.14
64.7	64.15
64.7	64.16
64.7	64.17
64.7	64.18
64.7	64.19
64.7	64.20
64.7	64.21
64.7	64.22
64.7	64.23
64.4	64.24
64.1	64.25
64.4	64.26
64.4	64.27
64.1	64.28
64.2	64.29
64.7	64.30
64.7	64.31
64.4	64.32
64.7	64.33
64.4	64.34
64.1	64.35
64.1	64.36
64.7	64.37
64.7	64.38
64.6	64.39
64.7	64.40
64.4	64.41
64.7	64.42
64.4	64.43
64.7	64.44
64.4	64.45
64.7	64.46
64.6	64.47
64.7	64.48
64.4	64.49
64.4	64.50
64.6	64.51
64.7	64.52
64.4	64.53
64.4	64.54
64.4	64.55
64.4	64.56
64.7	64.57
64.7	64.58
64.4	64.59
64.7	64.60
64.1	64.61
64.4	64.62
64.7	64.63
64.6	64.64
65.5	65.1
65.1	65.2
65.6	65.3
65.1	65.4
65.1	65.5
65.5	65.6
65.8	65.7
65.1	65.8
65.1	65.9
65.1	65.10
65.1	65.11
65.5	65.12
65.1	65.13
65.1	65.14
65.4	65.15
65.1	65.16
65.1	65.17
65.1	65.18
65.8	65.19
65.8	65.20
65.1	65.21
65.1	65.22
65.8	65.23
65.8	65.24
65.1	65.25
65.8	65.26
65.1	65.27
65.5	65.28
65.2	65.29
65.8	65.30
65.1	65.31
65.8	65.32
65.7	65.33
65.1	65.34
65.1	65.35
65.1	65.36
65.7	65.37
65.1	65.38
65.1	65.39
65.1	65.40
65.1	65.41
65.1	65.42
65.5	65.43
65.1	65.44
65.8	65.45
65.5	65.46
65.8	65.47
65.1	65.48
65.1	65.49
65.8	65.50
65.5	65.51
65.1	65.52
65.5	65.53
65.1	65.54
65.1	65.55
65.3	65.56
65.8	65.57
65.1	65.58
65.1	65.59
65.1	65.60
65.1	65.61
65.1	65.62
65.5	65.63
65.8	65.64
66.6	66.1
66.6	66.2
66.6	66.3
66.6	66.4
66.6	66.5
66.6	66.6
66.1	66.7
66.6	66.8
66.6	66.9
66.6	66.10
66.6	66.11
66.6	66.12
66.3	66.13
66.6	66.14
66.6	66.15
66.6	66.16
66.1	66.17
66.6	66.18
66.4	66.19
66.6	66.20
66.6	66.21
66.4	66.22
66.1	66.23
66.1	66.24
66.6	66.25
66.6	66.26
66.6	66.27
66.6	66.28
66.4	66.29
66.6	66.30
66.1	66.31
66.6	66.32
66.1	66.33
66.1	66.34
66.1	66.35
66.5	66.36
66.1	66.37
66.1	66.38
66.6	66.39
66.6	66.40
66.6	66.41
66.6	66.42
66.6	66.43
66.1	66.44
66.4	66.45
66.6	66.46
66.6	66.47
66.6	66.48
66.4	66.49
66.1	66.50
66.1	66.51
66.1	66.52
66.4	66.53
66.4	66.54
66.6	66.55
66.1	66.56
66.6	66.57
66.4	66.58
66.1	66.59
66.5	66.60
66.1	66.61
66.6	66.62
66.2	66.63
66.6	66.64
67.4	67.1
67.4	67.2
67.4	67.3
67.4	67.4
67.4	67.5
67.4	67.6
67.4	67.7
67.4	67.8
67.4	67.9
67.4	67.10
67.1	67.11
67.4	67.12
67.4	67.13
67.1	67.14
67.4	67.15
67.4	67.16
67.4	67.17
67.4	67.18
67.4	67.19
67.4	67.20
67.4	67.21
67.4	67.22
67.1	67.23
67.1	67.24
67.4	67.25
67.4	67.26
67.4	67.27
67.4	67.28
67.4	67.29
67.4	67.30
67.2	67.31
67.4	67.32
67.1	67.33
67.4	67.34
67.4	67.35
67.4	67.36
67.4	67.37
67.4	67.38
67.4	67.39
67.1	67.40
67.4	67.41
67.4	67.42
67.4	67.43
67.4	67.44
67.3	67.45
67.4	67.46
67.4	67.47
67.4	67.48
67.4	67.49
67.1	67.50
67.4	67.51
67.1	67.52
67.1	67.53
67.4	67.54
67.4	67.55
67.4	67.56
67.4	67.57
67.4	67.58
67.4	67.59
67.1	67.60
67.1	67.61
67.1	67.62
67.1	67.63
67.4	67.64
68.4	68.1
68.4	68.2
68.6	68.3
68.4	68.4
68.4	68.5
68.1	68.6
68.4	68.7
68.7	68.8
68.7	68.9
68.4	68.10
68.4	68.11
68.5	68.12
68.7	68.13
68.4	68.14
68.4	68.15
68.7	68.16
68.7	68.17
68.7	68.18
68.4	68.19
68.7	68.20
68.4	68.21
68.1	68.22
68.4	68.23
68.7	68.24
68.4	68.25
68.4	68.26
68.7	68.27
68.5	68.28
68.8	68.29
68.7	68.30
68.4	68.31
68.4	68.32
68.6	68.33
68.4	68.34
68.4	68.35
68.5	68.36
68.3	68.37
68.4	68.38
68.4	68.39
68.4	68.40
68.4	68.41
68.7	68.42
68.6	68.43
68.7	68.44
68.6	68.45
68.6	68.46
68.1	68.47
68.4	68.48
68.4	68.49
68.4	68.50
68.2	68.51
68.4	68.52
68.4	68.53
68.7	68.54
68.4	68.55
68.7	68.56
68.1	68.57
68.6	68.58
68.4	68.59
68.4	68.60
68.4	68.61
68.7	68.62
68.4	68.63
68.7	68.64
69.10	69.1
69.5	69.2
69.12	69.3
69.10	69.4
69.12	69.5
69.7	69.6
69.12	69.7
69.8	69.8
69.10	69.9
69.10	69.10
69.1	69.11
69.1	69.12
69.1	69.13
69.12	69.14
69.2	69.15
69.10	69.16
69.12	69.17
69.10	69.18
69.1	69.19
69.12	69.20
69.8	69.21
69.10	69.22
69.12	69.23
69.7	69.24
69.6	69.25
69.12	69.26
69.1	69.27
69.10	69.28
69.10	69.29
69.7	69.30
69.10	69.31
69.10	69.32
69.10	69.33
69.11	69.34
69.10	69.35
69.11	69.36
69.9	69.37
69.10	69.38
69.10	69.39
69.1	69.40
69.10	69.41
69.1	69.42
69.7	69.43
69.12	69.44
69.4	69.45
69.12	69.46
69.10	69.47
69.10	69.48
69.10	69.49
69.11	69.50
69.10	69.51
69.5	69.52
69.10	69.53
69.5	69.54
69.10	69.55
69.12	69.56
69.1	69.57
69.10	69.58
69.10	69.59
69.3	69.60
69.12	69.61
69.10	69.62
69.10	69.63
69.10	69.64
70.1	70.1
70.11	70.2
70.1	70.3
70.11	70.4
70.11	70.5
70.8	70.6
70.9	70.7
70.1	70.8
70.11	70.9
70.13	70.10
70.11	70.11
70.1	70.12
70.13	70.13
70.7	70.14
70.1	70.15
70.7	70.16
70.12	70.17
70.1	70.18
70.1	70.19
70.11	70.20
70.11	70.21
70.11	70.22
70.13	70.23
70.1	70.24
70.5	70.25
70.10	70.26
70.1	70.27
70.11	70.28
70.1	70.29
70.13	70.30
70.1	70.31
70.6	70.32
70.2	70.33
70.3	70.34
70.13	70.35
70.11	70.36
70.11	70.37
70.11	70.38
70.13	70.39
70.1	70.40
70.13	70.41
70.11	70.42
70.5	70.43
70.7	70.44
70.5	70.45
70.11	70.46
70.11	70.47
70.1	70.48
70.1	70.49
70.1	70.50
70.1	70.51
70.11	70.52
70.10	70.53
70.12	70.54
70.1	70.55
70.4	70.56
70.7	70.57
70.1	70.58
70.11	70.59
70.1	70.60
70.11	70.61
70.11	70.62
70.13	70.63
70.11	70.64
71.8	71.1
71.1	71.2
71.12	71.3
71.12	71.4
71.1	71.5
71.1	71.6
71.12	71.7
71.12	71.8
71.12	71.9
71.12	71.10
71.12	71.11
71.1	71.12
71.1	71.13
71.9	71.14
71.1	71.15
71.1	71.16
71.12	71.17
71.12	71.18
71.1	71.19
71.1	71.20
71.1	71.21
71.4	71.22
71.12	71.23
71.1	71.24
71.10	71.25
71.8	71.26
71.11	71.27
71.1	71.28
71.1	71.29
71.1	71.30
71.12	71.31
71.1	71.32
71.6	71.33
71.13	71.34
71.1	71.35
71.2	71.36
71.9	71.37
71.12	71.38
71.12	71.39
71.10	71.40
71.13	71.41
71.11	71.42
71.12	71.43
71.3	71.44
71.9	71.45
71.1	71.46
71.1	71.47
71.12	71.48
71.11	71.49
71.7	71.50
71.12	71.51
71.11	71.52
71.13	71.53
71.12	71.54
71.12	71.55
71.1	71.56
71.7	71.57
71.8	71.58
71.11	71.59
71.5	71.60
71.12	71.61
71.12	71.62
71.12	71.63
71.12	71.64
72.6	72.1
72.1	72.2
72.6	72.3
72.6	72.4
72.6	72.5
72.6	72.6
72.6	72.7
72.6	72.8
72.6	72.9
72.6	72.10
72.6	72.11
72.2	72.12
72.6	72.13
72.6	72.14
72.6	72.15
72.6	72.16
72.6	72.17
72.3	72.18
72.6	72.19
72.6	72.20
72.6	72.21
72.6	72.22
72.6	72.23
72.6	72.24
72.6	72.25
72.6	72.26
72.6	72.27
72.6	72.28
72.1	72.29
72.4	72.30
72.6	72.31
72.6	72.32
72.1	72.33
72.6	72.34
72.6	72.35
72.6	72.36
72.6	72.37
72.6	72.38
72.6	72.39
72.6	72.40
72.6	72.41
72.6	72.42
72.6	72.43
72.1	72.44
72.1	72.45
72.6	72.46
72.6	72.47
72.4	72.48
72.6	72.49
72.5	72.50
72.6	72.51
72.6	72.52
72.1	72.53
72.6	72.54
72.6	72.55
72.1	72.56
72.6	72.57
72.6	72.58
72.6	72.59
72.7	72.60
72.6	72.61
72.6	72.62
72.7	72.63
72.1	72.64
73.1	73.1
73.1	73.2
73.6	73.3
73.1	73.4
73.2	73.5
73.1	73.6
73.1	73.7
73.1	73.8
73.1	73.9
73.1	73.10
73.1	73.11
73.1	73.12
73.1	73.13
73.1	73.14
73.1	73.15
73.1	73.16
73.1	73.17
73.1	73.18
73.1	73.19
73.6	73.20
73.6	73.21
73.1	73.22
73.1	73.23
73.6	73.24
73.6	73.25
73.1	73.26
73.1	73.27
73.5	73.28
73.3	73.29
73.1	73.30
73.6	73.31
73.1	73.32
73.1	73.33
73.1	73.34
73.6	73.35
73.1	73.36
73.1	73.37
73.1	73.38
73.6	73.39
73.1	73.40
73.1	73.41
73.1	73.42
73.1	73.43
73.6	73.44
73.1	73.45
73.1	73.46
73.1	73.47
73.6	73.48
73.1	73.49
73.1	73.50
73.1	73.51
73.1	73.52
73.1	73.53
73.3	73.54
73.6	73.55
73.3	73.56
73.1	73.57
73.1	73.58
73.1	73.59
73.1	73.60
73.6	73.61
73.1	73.62
73.4	73.63
73.1	73.64
74.11	74.1
74.11	74.2
74.12	74.3
74.1	74.4
74.12	74.5
74.1	74.6
74.11	74.7
74.9	74.8
74.12	74.9
74.11	74.10
74.12	74.11
74.12	74.12
74.12	74.13
74.12	74.14
74.11	74.15
74.11	74.16
74.12	74.17
74.12	74.18
74.11	74.19
74.12	74.20
74.1	74.21
74.1	74.22
74.11	74.23
74.12	74.24
74.1	74.25
74.1	74.26
74.10	74.27
74.11	74.28
74.12	74.29
74.12	74.30
74.12	74.31
74.1	74.32
74.12	74.33
74.11	74.34
74.1	74.35
74.11	74.36
74.10	74.37
74.1	74.38
74.11	74.39
74.11	74.40
74.7	74.41
74.11	74.42
74.12	74.43
74.12	74.44
74.12	74.45
74.8	74.46
74.1	74.47
74.11	74.48
74.5	74.49
74.3	74.50
74.6	74.51
74.10	74.52
74.12	74.53
74.11	74.54
74.8	74.55
74.10	74.56
74.11	74.57
74.12	74.58
74.1	74.59
74.2	74.60
74.11	74.61
74.9	74.62
74.1	74.63
74.4	74.64
75.13	75.1
75.1	75.2
75.1	75.3
75.1	75.4
75.1	75.5
75.13	75.6
75.10	75.7
75.1	75.8
75.1	75.9
75.1	75.10
75.13	75.11
75.13	75.12
75.13	75.13
75.1	75.14
75.13	75.15
75.10	75.16
75.7	75.17
75.1	75.18
75.1	75.19
75.2	75.20
75.12	75.21
75.1	75.22
75.1	75.23
75.3	75.24
75.5	75.25
75.12	75.26
75.12	75.27
75.13	75.28
75.5	75.29
75.10	75.30
75.1	75.31
75.13	75.32
75.13	75.33
75.1	75.34
75.1	75.35
75.13	75.36
75.1	75.37
75.1	75.38
75.9	75.39
75.13	75.40
75.1	75.41
75.1	75.42
75.1	75.43
75.11	75.44
75.14	75.45
75.4	75.46
75.7	75.47
75.1	75.48
75.1	75.49
75.12	75.50
75.10	75.51
75.7	75.52
75.1	75.53
75.1	75.54
75.1	75.55
75.11	75.56
75.6	75.57
75.1	75.58
75.12	75.59
75.12	75.60
75.8	75.61
75.10	75.62
75.11	75.63
75.1	75.64
76.8	76.1
76.1	76.2
76.8	76.3
76.1	76.4
76.1	76.5
76.1	76.6
76.1	76.7
76.1	76.8
76.1	76.9
76.7	76.10
76.1	76.11
76.1	76.12
76.8	76.13
76.8	76.14
76.1	76.15
76.8	76.16
76.7	76.17
76.1	76.18
76.1	76.19
76.1	76.20
76.4	76.21
76.8	76.22
76.8	76.23
76.8	76.24
76.1	76.25
76.1	76.26
76.1	76.27
76.1	76.28
76.1	76.29
76.8	76.30
76.8	76.31
76.8	76.32
76.1	76.33
76.1	76.34
76.1	76.35
76.5	76.36
76.1	76.37
76.1	76.38
76.6	76.39
76.8	76.40
76.5	76.41
76.6	76.42
76.8	76.43
76.7	76.44
76.6	76.45
76.8	76.46
76.1	76.47
76.8	76.48
76.8	76.49
76.7	76.50
76.1	76.51
76.5	76.52
76.8	76.53
76.5	76.54
76.2	76.55
76.1	76.56
76.1	76.57
76.1	76.58
76.1	76.59
76.1	76.60
76.8	76.61
76.3	76.62
76.5	76.63
76.1	76.64
77.1	77.1
77.9	77.2
77.17	77.3
77.1	77.4
77.17	77.5
77.11	77.6
77.11	77.7
77.14	77.8
77.17	77.9
77.9	77.10
77.1	77.11
77.16	77.12
77.17	77.13
77.11	77.14
77.11	77.15
77.1	77.16
77.4	77.17
77.1	77.18
77.17	77.19
77.13	77.20
77.10	77.21
77.17	77.22
77.10	77.23
77.17	77.24
77.17	77.25
77.10	77.26
77.9	77.27
77.1	77.28
77.3	77.29
77.16	77.30
77.1	77.31
77.11	77.32
77.16	77.33
77.6	77.34
77.15	77.35
77.1	77.36
77.17	77.37
77.10	77.38
77.5	77.39
77.5	77.40
77.9	77.41
77.17	77.42
77.17	77.43
77.14	77.44
77.7	77.45
77.15	77.46
77.15	77.47
77.8	77.48
77.17	77.49
77.11	77.50
77.10	77.51
77.9	77.52
77.12	77.53
77.2	77.54
77.1	77.55
77.11	77.56
77.9	77.57
77.17	77.58
77.1	77.59
77.1	77.60
77.1	77.61
77.17	77.62
77.17	77.63
77.10	77.64
78.9	78.1
78.7	78.2
78.12	78.3
78.1	78.4
78.12	78.5
78.9	78.6
78.12	78.7
78.2	78.8
78.1	78.9
78.12	78.10
78.12	78.11
78.7	78.12
78.8	78.13
78.1	78.14
78.1	78.15
78.12	78.16
78.12	78.17
78.5	78.18
78.12	78.19
78.9	78.20
78.9	78.21
78.1	78.22
78.1	78.23
78.12	78.24
78.1	78.25
78.9	78.26
78.12	78.27
78.12	78.28
78.1	78.29
78.12	78.30
78.12	78.31
78.12	78.32
78.1	78.33
78.12	78.34
78.12	78.35
78.12	78.36
78.4	78.37
78.1	78.38
78.12	78.39
78.10	78.40
78.1	78.41
78.12	78.42
78.6	78.43
78.12	78.44
78.12	78.45
78.12	78.46
78.3	78.47
78.12	78.48
78.12	78.49
78.10	78.50
78.8	78.51
78.12	78.52
78.9	78.53
78.7	78.54
78.1	78.55
78.11	78.56
78.12	78.57
78.12	78.58
78.1	78.59
78.12	78.60
78.12	78.61
78.7	78.62
78.1	78.63
78.12	78.64
79.7	79.1
79.7	79.2
79.7	79.3
79.1	79.4
79.1	79.5
79.1	79.6
79.1	79.7
79.1	79.8
79.7	79.9
79.1	79.10
79.7	79.11
79.7	79.12
79.1	79.13
79.3	79.14
79.1	79.15
79.1	79.16
79.7	79.17
79.1	79.18
79.1	79.19
79.1	79.20
79.7	79.21
79.1	79.22
79.1	79.23
79.1	79.24
79.1	79.25
79.7	79.26
79.7	79.27
79.7	79.28
79.1	79.29
79.1	79.30
79.1	79.31
79.1	79.32
79.1	79.33
79.1	79.34
79.7	79.35
79.5	79.36
79.7	79.37
79.2	79.38
79.7	79.39
79.1	79.40
79.7	79.41
79.1	79.42
79.7	79.43
79.6	79.44
79.6	79.45
79.1	79.46
79.1	79.47
79.1	79.48
79.6	79.49
79.4	79.50
79.1	79.51
79.1	79.52
79.1	79.53
79.7	79.54
79.1	79.55
79.1	79.56
79.1	79.57
79.6	79.58
79.1	79.59
79.1	79.60
79.1	79.61
79.1	79.62
79.1	79.63
79.7	79.64
80.11	80.1
80.11	80.2
80.7	80.3
80.11	80.4
80.11	80.5
80.8	80.6
80.11	80.7
80.2	80.8
80.8	80.9
80.8	80.10
80.10	80.11
80.11	80.12
80.1	80.13
80.8	80.14
80.9	80.15
80.1	80.16
80.1	80.17
80.10	80.18
80.1	80.19
80.1	80.20
80.7	80.21
80.8	80.22
80.11	80.23
80.7	80.24
80.8	80.25
80.1	80.26
80.11	80.27
80.8	80.28
80.11	80.29
80.11	80.30
80.10	80.31
80.7	80.32
80.11	80.33
80.8	80.34
80.11	80.35
80.11	80.36
80.11	80.37
80.8	80.38
80.1	80.39
80.11	80.40
80.8	80.41
80.1	80.42
80.11	80.43
80.5	80.44
80.8	80.45
80.10	80.46
80.7	80.47
80.1	80.48
80.8	80.49
80.6	80.50
80.11	80.51
80.8	80.52
80.1	80.53
80.4	80.54
80.11	80.55
80.11	80.56
80.11	80.57
80.1	80.58
80.10	80.59
80.11	80.60
80.8	80.61
80.3	80.62
80.1	80.63
80.1	80.64
81.6	81.1
81.11	81.2
81.1	81.3
81.6	81.4
81.1	81.5
81.7	81.6
81.11	81.7
81.1	81.8
81.1	81.9
81.1	81.10
81.11	81.11
81.6	81.12
81.6	81.13
81.1	81.14
81.6	81.15
81.11	81.16
81.9	81.17
81.11	81.18
81.8	81.19
81.9	81.20
81.9	81.21
81.6	81.22
81.1	81.23
81.11	81.24
81.9	81.25
81.6	81.26
81.5	81.27
81.10	81.28
81.6	81.29
81.10	81.30
81.11	81.31
81.9	81.32
81.9	81.33
81.7	81.34
81.11	81.35
81.6	81.36
81.1	81.37
81.6	81.38
81.7	81.39
81.3	81.40
81.8	81.41
81.1	81.42
81.11	81.43
81.11	81.44
81.1	81.45
81.9	81.46
81.7	81.47
81.1	81.48
81.6	81.49
81.1	81.50
81.7	81.51
81.11	81.52
81.4	81.53
81.6	81.54
81.11	81.55
81.6	81.56
81.11	81.57
81.11	81.58
81.10	81.59
81.11	81.60
81.7	81.61
81.2	81.62
81.11	81.63
81.4	81.64
82.10	82.1
82.4	82.2
82.4	82.3
82.10	82.4
82.8	82.5
82.11	82.6
82.9	82.7
82.4	82.8
82.9	82.9
82.3	82.10
82.10	82.11
82.9	82.12
82.9	82.13
82.10	82.14
82.10	82.15
82.9	82.16
82.7	82.17
82.7	82.18
82.7	82.19
82.10	82.20
82.12	82.21
82.10	82.22
82.2	82.23
82.5	82.24
82.9	82.25
82.8	82.26
82.10	82.27
82.9	82.28
82.8	82.29
82.9	82.30
82.10	82.31
82.10	82.32
82.4	82.33
82.8	82.34
82.10	82.35
82.9	82.36
82.4	82.37
82.10	82.38
82.9	82.39
82.9	82.40
82.4	82.41
82.10	82.42
82.4	82.43
82.9	82.44
82.9	82.45
82.4	82.46
82.4	82.47
82.9	82.48
82.9	82.49
82.3	82.50
82.10	82.51
82.4	82.52
82.10	82.53
82.10	82.54
82.4	82.55
82.3	82.56
82.6	82.57
82.4	82.58
82.7	82.59
82.9	82.60
82.4	82.61
82.1	82.62
82.10	82.63
82.10	82.64
83.16	83.1
83.1	83.2
83.16	83.3
83.16	83.4
83.6	83.5
83.12	83.6
83.15	83.7
83.11	83.8
83.16	83.9
83.14	83.10
83.4	83.11
83.1	83.12
83.16	83.13
83.9	83.14
83.12	83.15
83.16	83.16
83.12	83.17
83.16	83.18
83.1	83.19
83.16	83.20
83.13	83.21
83.8	83.22
83.16	83.23
83.12	83.24
83.8	83.25
83.16	83.26
83.1	83.27
83.12	83.28
83.3	83.29
83.1	83.30
83.1	83.31
83.2	83.32
83.12	83.33
83.7	83.34
83.1	83.35
83.12	83.36
83.1	83.37
83.1	83.38
83.5	83.39
83.13	83.40
83.12	83.41
83.1	83.42
83.10	83.43
83.16	83.44
83.16	83.45
83.1	83.46
83.1	83.47
83.16	83.48
83.16	83.49
83.1	83.50
83.1	83.51
83.1	83.52
83.13	83.53
83.13	83.54
83.16	83.55
83.1	83.56
83.15	83.57
83.1	83.58
83.1	83.59
83.16	83.60
83.1	83.61
83.1	83.62
83.1	83.63
83.7	83.64
84.1	84.1
84.10	84.2
84.1	84.3
84.10	84.4
84.7	84.5
84.7	84.6
84.1	84.7
84.1	84.8
84.8	84.9
84.8	84.10
84.10	84.11
84.8	84.12
84.10	84.13
84.6	84.14
84.10	84.15
84.1	84.16
84.10	84.17
84.3	84.18
84.7	84.19
84.1	84.20
84.7	84.21
84.6	84.22
84.1	84.23
84.1	84.24
84.7	84.25
84.10	84.26
84.10	84.27
84.7	84.28
84.7	84.29
84.10	84.30
84.10	84.31
84.10	84.32
84.1	84.33
84.7	84.34
84.7	84.35
84.6	84.36
84.7	84.37
84.1	84.38
84.1	84.39
84.7	84.40
84.1	84.41
84.10	84.42
84.4	84.43
84.6	84.44
84.9	84.45
84.7	84.46
84.10	84.47
84.7	84.48
84.7	84.49
84.10	84.50
84.5	84.51
84.7	84.52
84.7	84.53
84.2	84.54
84.7	84.55
84.7	84.56
84.10	84.57
84.10	84.58
84.7	84.59
84.1	84.60
84.7	84.61
84.10	84.62
84.9	84.63
84.7	84.64
85.8	85.1
85.8	85.2
85.8	85.3
85.1	85.4
85.1	85.5
85.8	85.6
85.8	85.7
85.1	85.8
85.8	85.9
85.1	85.10
85.8	85.11
85.2	85.12
85.3	85.13
85.5	85.14
85.5	85.15
85.8	85.16
85.8	85.17
85.1	85.18
85.5	85.19
85.8	85.20
85.8	85.21
85.5	85.22
85.1	85.23
85.1	85.24
85.5	85.25
85.8	85.26
85.8	85.27
85.8	85.28
85.4	85.29
85.1	85.30
85.5	85.31
85.8	85.32
85.1	85.33
85.1	85.34
85.1	85.35
85.1	85.36
85.8	85.37
85.1	85.38
85.1	85.39
85.5	85.40
85.1	85.41
85.7	85.42
85.1	85.43
85.8	85.44
85.5	85.45
85.8	85.46
85.1	85.47
85.8	85.48
85.1	85.49
85.1	85.50
85.8	85.51
85.1	85.52
85.8	85.53
85.8	85.54
85.8	85.55
85.8	85.56
85.8	85.57
85.7	85.58
85.5	85.59
85.8	85.60
85.8	85.61
85.1	85.62
85.6	85.63
85.1	85.64
86.5	86.1
86.1	86.2
86.1	86.3
86.1	86.4
86.1	86.5
86.1	86.6
86.1	86.7
86.1	86.8
86.4	86.9
86.4	86.10
86.5	86.11
86.4	86.12
86.1	86.13
86.1	86.14
86.3	86.15
86.1	86.16
86.1	86.17
86.1	86.18
86.1	86.19
86.1	86.20
86.1	86.21
86.1	86.22
86.4	86.23
86.1	86.24
86.1	86.25
86.1	86.26
86.5	86.27
86.4	86.28
86.1	86.29
86.5	86.30
86.4	86.31
86.1	86.32
86.1	86.33
86.1	86.34
86.2	86.35
86.4	86.36
86.1	86.37
86.1	86.38
86.1	86.39
86.4	86.40
86.1	86.41
86.4	86.42
86.5	86.43
86.4	86.44
86.1	86.45
86.1	86.46
86.4	86.47
86.5	86.48
86.4	86.49
86.3	86.50
86.1	86.51
86.1	86.52
86.4	86.53
86.4	86.54
86.4	86.55
86.1	86.56
86.4	86.57
86.4	86.58
86.4	86.59
86.4	86.60
86.4	86.61
86.1	86.62
86.1	86.63
86.1	86.64
87.6	87.1
87.6	87.2
87.6	87.3
87.9	87.4
87.8	87.5
87.9	87.6
87.9	87.7
87.6	87.8
87.4	87.9
87.9	87.10
87.4	87.11
87.9	87.12
87.6	87.13
87.8	87.14
87.6	87.15
87.9	87.16
87.9	87.17
87.9	87.18
87.6	87.19
87.6	87.20
87.9	87.21
87.9	87.22
87.6	87.23
87.9	87.24
87.8	87.25
87.5	87.26
87.6	87.27
87.9	87.28
87.3	87.29
87.6	87.30
87.4	87.31
87.9	87.32
87.9	87.33
87.9	87.34
87.2	87.35
87.9	87.36
87.6	87.37
87.6	87.38
87.6	87.39
87.9	87.40
87.9	87.41
87.6	87.42
87.4	87.43
87.7	87.44
87.6	87.45
87.8	87.46
87.7	87.47
87.9	87.48
87.8	87.49
87.1	87.50
87.7	87.51
87.4	87.52
87.9	87.53
87.4	87.54
87.9	87.55
87.6	87.56
87.4	87.57
87.8	87.58
87.6	87.59
87.6	87.60
87.8	87.61
87.1	87.62
87.6	87.63
87.6	87.64
88.1	88.1
88.1	88.2
88.9	88.3
88.9	88.4
88.1	88.5
88.1	88.6
88.1	88.7
88.9	88.8
88.1	88.9
88.6	88.10
88.9	88.11
88.7	88.12
88.1	88.13
88.6	88.14
88.9	88.15
88.9	88.16
88.9	88.17
88.1	88.18
88.6	88.19
88.7	88.20
88.9	88.21
88.6	88.22
88.9	88.23
88.9	88.24
88.9	88.25
88.9	88.26
88.1	88.27
88.1	88.28
88.4	88.29
88.9	88.30
88.8	88.31
88.5	88.32
88.9	88.33
88.9	88.34
88.7	88.35
88.1	88.36
88.1	88.37
88.9	88.38
88.7	88.39
88.9	88.40
88.9	88.41
88.1	88.42
88.7	88.43
88.3	88.44
88.9	88.45
88.1	88.46
88.1	88.47
88.2	88.48
88.9	88.49
88.9	88.50
88.1	88.51
88.9	88.52
88.9	88.53
88.9	88.54
88.1	88.55
88.1	88.56
88.1	88.57
88.9	88.58
88.1	88.59
88.6	88.60
88.1	88.61
88.9	88.62
88.1	88.63
88.1	88.64
89.10	89.1
89.11	89.2
89.10	89.3
89.11	89.4
89.11	89.5
89.8	89.6
89.1	89.7
89.1	89.8
89.5	89.9
89.9	89.10
89.1	89.11
89.1	89.12
89.1	89.13
89.11	89.14
89.11	89.15
89.11	89.16
89.1	89.17
89.10	89.18
89.11	89.19
89.11	89.20
89.3	89.21
89.10	89.22
89.2	89.23
89.1	89.24
89.11	89.25
89.1	89.26
89.9	89.27
89.10	89.28
89.11	89.29
89.1	89.30
89.5	89.31
89.1	89.32
89.11	89.33
89.4	89.34
89.1	89.35
89.11	89.36
89.6	89.37
89.11	89.38
89.11	89.39
89.11	89.40
89.10	89.41
89.1	89.42
89.9	89.43
89.11	89.44
89.5	89.45
89.11	89.46
89.11	89.47
89.11	89.48
89.1	89.49
89.11	89.50
89.9	89.51
89.1	89.52
89.7	89.53
89.11	89.54
89.1	89.55
89.1	89.56
89.11	89.57
89.9	89.58
89.9	89.59
89.1	89.60
89.11	89.61
89.9	89.62
89.10	89.63
89.1	89.64
90.9	90.1
90.9	90.2
90.9	90.3
90.9	90.4
90.9	90.5
90.11	90.6
90.9	90.7
90.11	90.8
90.11	90.9
90.9	90.10
90.11	90.11
90.9	90.12
90.9	90.13
90.1	90.14
90.9	90.15
90.9	90.16
90.9	90.17
90.11	90.18
90.9	90.19
90.9	90.20
90.9	90.21
90.9	90.22
90.11	90.23
90.9	90.24
90.3	90.25
90.6	90.26
90.9	90.27
90.10	90.28
90.11	90.29
90.9	90.30
90.11	90.31
90.9	90.32
90.1	90.33
90.5	90.34
90.11	90.35
90.9	90.36
90.11	90.37
90.7	90.38
90.9	90.39
90.9	90.40
90.11	90.41
90.1	90.42
90.6	90.43
90.8	90.44
90.11	90.45
90.9	90.46
90.9	90.47
90.9	90.48
90.1	90.49
90.4	90.50
90.9	90.51
90.9	90.52
90.1	90.53
90.9	90.54
90.9	90.55
90.10	90.56
90.11	90.57
90.9	90.58
90.9	90.59
90.1	90.60
90.8	90.61
90.11	90.62
90.11	90.63
90.2	90.64
91.1	91.1
91.8	91.2
91.9	91.3
91.9	91.4
91.10	91.5
91.1	91.6
91.10	91.7
91.10	91.8
91.1	91.9
91.1	91.10
91.10	91.11
91.1	91.12
91.9	91.13
91.1	91.14
91.10	91.15
91.10	91.16
91.1	91.17
91.10	91.18
91.9	91.19
91.10	91.20
91.6	91.21
91.10	91.22
91.7	91.23
91.10	91.24
91.10	91.25
91.10	91.26
91.10	91.27
91.1	91.28
91.4	91.29
91.1	91.30
91.1	91.31
91.1	91.32
91.10	91.33
91.10	91.34
91.1	91.35
91.10	91.36
91.10	91.37
91.1	91.38
91.3	91.39
91.10	91.40
91.10	91.41
91.2	91.42
91.1	91.43
91.9	91.44
91.10	91.45
91.7	91.46
91.1	91.47
91.1	91.48
91.10	91.49
91.7	91.50
91.10	91.51
91.10	91.52
91.9	91.53
91.7	91.54
91.9	91.55
91.1	91.56
91.5	91.57
91.10	91.58
91.1	91.59
91.7	91.60
91.1	91.61
91.10	91.62
91.1	91.63
91.10	91.64
92.1	92.1
92.1	92.2
92.5	92.3
92.1	92.4
92.1	92.5
92.1	92.6
92.5	92.7
92.1	92.8
92.5	92.9
92.5	92.10
92.1	92.11
92.1	92.12
92.1	92.13
92.4	92.14
92.1	92.15
92.1	92.16
92.1	92.17
92.1	92.18
92.1	92.19
92.1	92.20
92.1	92.21
92.1	92.22
92.3	92.23
92.1	92.24
92.5	92.25
92.1	92.26
92.1	92.27
92.5	92.28
92.1	92.29
92.1	92.30
92.5	92.31
92.1	92.32
92.1	92.33
92.5	92.34
92.1	92.35
92.4	92.36
92.1	92.37
92.5	92.38
92.5	92.39
92.1	92.40
92.1	92.41
92.5	92.42
92.1	92.43
92.5	92.44
92.1	92.45
92.1	92.46
92.1	92.47
92.1	92.48
92.1	92.49
92.1	92.50
92.2	92.51
92.1	92.52
92.1	92.53
92.5	92.54
92.1	92.55
92.5	92.56
92.5	92.57
92.1	92.58
92.1	92.59
92.1	92.60
92.1	92.61
92.1	92.62
92.1	92.63
92.5	92.64
93.11	93.1
93.11	93.2
93.2	93.3
93.2	93.4
93.11	93.5
93.2	93.6
93.11	93.7
93.11	93.8
93.11	93.9
93.11	93.10
93.11	93.11
93.11	93.12
93.12	93.13
93.4	93.14
93.11	93.15
93.8	93.16
93.2	93.17
93.11	93.18
93.11	93.19
93.11	93.20
93.11	93.21
93.11	93.22
93.11	93.23
93.11	93.24
93.3	93.25
93.11	93.26
93.11	93.27
93.11	93.28
93.11	93.29
93.11	93.30
93.2	93.31
93.11	93.32
93.7	93.33
93.11	93.34
93.12	93.35
93.2	93.36
93.6	93.37
93.11	93.38
93.2	93.39
93.11	93.40
93.9	93.41
93.9	93.42
93.2	93.43
93.8	93.44
93.8	93.45
93.11	93.46
93.10	93.47
93.11	93.48
93.2	93.49
93.12	93.50
93.12	93.51
93.12	93.52
93.11	93.53
93.2	93.54
93.8	93.55
93.9	93.56
93.11	93.57
93.1	93.58
93.5	93.59
93.11	93.60
93.11	93.61
93.11	93.62
93.6	93.63
93.2	93.64
94.11	94.1
94.1	94.2
94.8	94.3
94.1	94.4
94.1	94.5
94.1	94.6
94.1	94.7
94.9	94.8
94.1	94.9
94.1	94.10
94.1	94.11
94.11	94.12
94.1	94.13
94.8	94.14
94.11	94.15
94.4	94.16
94.1	94.17
94.11	94.18
94.11	94.19
94.7	94.20
94.1	94.21
94.11	94.22
94.11	94.23
94.11	94.24
94.1	94.25
94.1	94.26
94.1	94.27
94.8	94.28
94.11	94.29
94.1	94.30
94.11	94.31
94.3	94.32
94.1	94.33
94.1	94.34
94.1	94.35
94.2	94.36
94.1	94.37
94.10	94.38
94.1	94.39
94.1	94.40
94.7	94.41
94.7	94.42
94.5	94.43
94.1	94.44
94.8	94.45
94.11	94.46
94.1	94.47
94.1	94.48
94.11	94.49
94.1	94.50
94.1	94.51
94.11	94.52
94.6	94.53
94.1	94.54
94.1	94.55
94.1	94.56
94.1	94.57
94.1	94.58
94.1	94.59
94.11	94.60
94.11	94.61
94.1	94.62
94.1	94.63
94.11	94.64
95.6	95.1
95.8	95.2
95.1	95.3
95.4	95.4
95.8	95.5
95.2	95.6
95.1	95.7
95.7	95.8
95.3	95.9
95.1	95.10
95.1	95.11
95.6	95.12
95.5	95.13
95.1	95.14
95.5	95.15
95.8	95.16
95.1	95.17
95.1	95.18
95.6	95.19
95.1	95.20
95.1	95.21
95.6	95.22
95.6	95.23
95.1	95.24
95.6	95.25
95.8	95.26
95.1	95.27
95.6	95.28
95.1	95.29
95.1	95.30
95.6	95.31
95.6	95.32
95.6	95.33
95.6	95.34
95.1	95.35
95.5	95.36
95.6	95.37
95.8	95.38
95.7	95.39
95.7	95.40
95.8	95.41
95.1	95.42
95.6	95.43
95.6	95.44
95.1	95.45
95.6	95.46
95.1	95.47
95.8	95.48
95.1	95.49
95.6	95.50
95.1	95.51
95.6	95.52
95.6	95.53
95.6	95.54
95.8	95.55
95.4	95.56
95.6	95.57
95.8	95.58
95.1	95.59
95.6	95.60
95.6	95.61
95.1	95.62
95.4	95.63
95.1	95.64
96.1	96.1
96.9	96.2
96.10	96.3
96.10	96.4
96.1	96.5
96.1	96.6
96.1	96.7
96.1	96.8
96.10	96.9
96.1	96.10
96.10	96.11
96.1	96.12
96.8	96.13
96.1	96.14
96.2	96.15
96.1	96.16
96.1	96.17
96.1	96.18
96.1	96.19
96.10	96.20
96.9	96.21
96.10	96.22
96.1	96.23
96.1	96.24
96.1	96.25
96.1	96.26
96.9	96.27
96.10	96.28
96.1	96.29
96.1	96.30
96.1	96.31
96.10	96.32
96.10	96.33
96.1	96.34
96.1	96.35
96.1	96.36
96.4	96.37
96.1	96.38
96.10	96.39
96.10	96.40
96.1	96.41
96.9	96.42
96.1	96.43
96.1	96.44
96.1	96.45
96.1	96.46
96.1	96.47
96.1	96.48
96.1	96.49
96.1	96.50
96.10	96.51
96.1	96.52
96.9	96.53
96.6	96.54
96.1	96.55
96.1	96.56
96.1	96.57
96.7	96.58
96.10	96.59
96.3	96.60
96.1	96.61
96.1	96.62
96.5	96.63
96.9	96.64
97.8	97.1
97.8	97.2
97.8	97.3
97.8	97.4
97.3	97.5
97.1	97.6
97.4	97.7
97.8	97.8
97.3	97.9
97.3	97.10
97.8	97.11
97.8	97.12
97.8	97.13
97.8	97.14
97.8	97.15
97.8	97.16
97.3	97.17
97.8	97.18
97.5	97.19
97.3	97.20
97.8	97.21
97.3	97.22
97.3	97.23
97.8	97.24
97.4	97.25
97.4	97.26
97.8	97.27
97.9	97.28
97.3	97.29
97.1	97.30
97.9	97.31
97.3	97.32
97.3	97.33
97.3	97.34
97.7	97.35
97.8	97.36
97.3	97.37
97.3	97.38
97.8	97.39
97.3	97.40
97.2	97.41
97.3	97.42
97.4	97.43
97.3	97.44
97.3	97.45
97.7	97.46
97.7	97.47
97.9	97.48
97.9	97.49
97.8	97.50
97.7	97.51
97.3	97.52
97.8	97.53
97.3	97.54
97.9	97.55
97.8	97.56
97.8	97.57
97.6	97.58
97.9	97.59
97.3	97.60
97.3	97.61
97.8	97.62
97.8	97.63
97.3	97.64
98.1	98.1
98.1	98.2
98.1	98.3
98.1	98.4
98.1	98.5
98.1	98.6
98.8	98.7
98.1	98.8
98.4	98.9
98.1	98.10
98.1	98.11
98.4	98.12
98.1	98.13
98.4	98.14
98.7	98.15
98.1	98.16
98.4	98.17
98.1	98.18
98.1	98.19
98.6	98.20
98.8	98.21
98.1	98.22
98.1	98.23
98.1	98.24
98.1	98.25
98.1	98.26
98.1	98.27
98.9	98.28
98.4	98.29
98.1	98.30
98.8	98.31
98.8	98.32
98.1	98.33
98.1	98.34
98.1	98.35
98.1	98.36
98.6	98.37
98.1	98.38
98.9	98.39
98.4	98.40
98.8	98.41
98.5	98.42
98.1	98.43
98.4	98.44
98.4	98.45
98.1	98.46
98.1	98.47
98.4	98.48
98.8	98.49
98.8	98.50
98.1	98.51
98.4	98.52
98.4	98.53
98.2	98.54
98.1	98.55
98.4	98.56
98.1	98.57
98.3	98.58
98.1	98.59
98.4	98.60
98.3	98.61
98.1	98.62
98.1	98.63
98.1	98.64
99.8	99.1
99.6	99.2
99.7	99.3
99.5	99.4
99.8	99.5
99.8	99.6
99.1	99.7
99.8	99.8
99.8	99.9
99.6	99.10
99.8	99.11
99.6	99.12
99.7	99.13
99.6	99.14
99.5	99.15
99.8	99.16
99.4	99.17
99.6	99.18
99.6	99.19
99.6	99.20
99.1	99.21
99.1	99.22
99.1	99.23
99.2	99.24
99.8	99.25
99.5	99.26
99.5	99.27
99.1	99.28
99.6	99.29
99.1	99.30
99.6	99.31
99.1	99.32
99.6	99.33
99.8	99.34
99.4	99.35
99.8	99.36
99.7	99.37
99.1	99.38
99.8	99.39
99.6	99.40
99.8	99.41
99.8	99.42
99.8	99.43
99.8	99.44
99.6	99.45
99.3	99.46
99.7	99.47
99.1	99.48
99.6	99.49
99.6	99.50
99.8	99.51
99.1	99.52
99.6	99.53
99.6	99.54
99.6	99.55
99.1	99.56
99.6	99.57
99.7	99.58
99.8	99.59
99.8	99.60
99.8	99.61
99.6	99.62
99.7	99.63
99.8	99.64
100.11	100.1
100.1	100.2
100.13	100.3
100.5	100.4
100.12	100.5
100.1	100.6
100.1	100.7
100.13	100.8
100.1	100.9
100.7	100.10
100.13	100.11
100.11	100.12
100.1	100.13
100.1	100.14
100.1	100.15
100.13	100.16
100.12	100.17
100.7	100.18
100.13	100.19
100.13	100.20
100.1	100.21
100.13	100.22
100.14	100.23
100.13	100.24
100.13	100.25
100.13	100.26
100.12	100.27
100.11	100.28
100.1	100.29
100.13	100.30
100.6	100.31
100.13	100.32
100.1	100.33
100.9	100.34
100.9	100.35
100.13	100.36
100.1	100.37
100.1	100.38
100.13	100.39
100.13	100.40
100.13	100.41
100.13	100.42
100.13	100.43
100.1	100.44
100.1	100.45
100.12	100.46
100.13	100.47
100.13	100.48
100.1	100.49
100.13	100.50
100.10	100.51
100.13	100.52
100.3	100.53
100.7	100.54
100.2	100.55
100.11	100.56
100.8	100.57
100.13	100.58
100.4	100.59
100.11	100.60
100.12	100.61
100.13	100.62
100.1	100.63
100.1	100.64