subTopicID	resultID
1.1	1.1
1.1	1.2
1.1	1.3
1.1	1.4
1.8	1.5
1.1	1.6
1.1	1.7
1.1	1.8
1.1	1.9
1.1	1.10
1.8	1.11
1.1	1.12
1.1	1.13
1.1	1.14
1.1	1.15
1.1	1.16
1.1	1.17
1.1	1.18
1.1	1.19
1.5	1.20
1.1	1.21
1.8	1.22
1.1	1.23
1.1	1.24
1.1	1.25
1.8	1.26
1.1	1.27
1.1	1.28
1.8	1.29
1.5	1.30
1.1	1.31
1.1	1.32
1.8	1.33
1.1	1.34
1.1	1.35
1.1	1.36
1.4	1.37
1.1	1.38
1.7	1.39
1.1	1.40
1.1	1.41
1.1	1.42
1.1	1.43
1.1	1.44
1.1	1.45
1.8	1.46
1.1	1.47
1.8	1.48
1.6	1.49
1.3	1.50
1.1	1.51
1.8	1.52
1.1	1.53
1.8	1.54
1.4	1.55
1.1	1.56
1.1	1.57
1.1	1.58
1.4	1.59
1.1	1.60
1.2	1.61
1.1	1.62
1.1	1.63
1.1	1.64
2.10	2.1
2.5	2.2
2.5	2.3
2.10	2.4
2.9	2.5
2.5	2.6
2.10	2.7
2.10	2.8
2.10	2.9
2.5	2.10
2.10	2.11
2.1	2.12
2.10	2.13
2.10	2.14
2.10	2.15
2.10	2.16
2.13	2.17
2.10	2.18
2.10	2.19
2.10	2.20
2.9	2.21
2.4	2.22
2.3	2.23
2.10	2.24
2.5	2.25
2.10	2.26
2.5	2.27
2.12	2.28
2.13	2.29
2.10	2.30
2.10	2.31
2.5	2.32
2.10	2.33
2.5	2.34
2.5	2.35
2.11	2.36
2.5	2.37
2.8	2.38
2.5	2.39
2.2	2.40
2.5	2.41
2.7	2.42
2.10	2.43
2.5	2.44
2.10	2.45
2.7	2.46
2.5	2.47
2.6	2.48
2.5	2.49
2.13	2.50
2.10	2.51
2.5	2.52
2.12	2.53
2.10	2.54
2.5	2.55
2.5	2.56
2.13	2.57
2.8	2.58
2.5	2.59
2.12	2.60
2.5	2.61
2.13	2.62
2.8	2.63
2.13	2.64
3.12	3.1
3.12	3.2
3.7	3.3
3.11	3.4
3.7	3.5
3.7	3.6
3.7	3.7
3.12	3.8
3.12	3.9
3.12	3.10
3.12	3.11
3.12	3.12
3.12	3.13
3.7	3.14
3.12	3.15
3.7	3.16
3.1	3.17
3.12	3.18
3.1	3.19
3.1	3.20
3.12	3.21
3.12	3.22
3.4	3.23
3.7	3.24
3.12	3.25
3.7	3.26
3.3	3.27
3.12	3.28
3.7	3.29
3.1	3.30
3.12	3.31
3.1	3.32
3.12	3.33
3.7	3.34
3.12	3.35
3.9	3.36
3.7	3.37
3.6	3.38
3.5	3.39
3.7	3.40
3.7	3.41
3.7	3.42
3.12	3.43
3.1	3.44
3.13	3.45
3.7	3.46
3.10	3.47
3.1	3.48
3.12	3.49
3.9	3.50
3.8	3.51
3.12	3.52
3.12	3.53
3.7	3.54
3.12	3.55
3.1	3.56
3.1	3.57
3.2	3.58
3.12	3.59
3.1	3.60
3.12	3.61
3.12	3.62
3.9	3.63
3.7	3.64
4.8	4.1
4.4	4.2
4.7	4.3
4.7	4.4
4.7	4.5
4.1	4.6
4.7	4.7
4.7	4.8
4.8	4.9
4.9	4.10
4.8	4.11
4.7	4.12
4.7	4.13
4.7	4.14
4.8	4.15
4.7	4.16
4.8	4.17
4.8	4.18
4.8	4.19
4.8	4.20
4.7	4.21
4.1	4.22
4.3	4.23
4.1	4.24
4.6	4.25
4.7	4.26
4.9	4.27
4.8	4.28
4.8	4.29
4.7	4.30
4.9	4.31
4.1	4.32
4.7	4.33
4.8	4.34
4.1	4.35
4.8	4.36
4.6	4.37
4.7	4.38
4.7	4.39
4.1	4.40
4.6	4.41
4.7	4.42
4.7	4.43
4.11	4.44
4.7	4.45
4.2	4.46
4.8	4.47
4.7	4.48
4.11	4.49
4.8	4.50
4.8	4.51
4.8	4.52
4.7	4.53
4.8	4.54
4.10	4.55
4.1	4.56
4.5	4.57
4.1	4.58
4.5	4.59
4.8	4.60
4.1	4.61
4.7	4.62
4.1	4.63
4.6	4.64
5.9	5.1
5.14	5.2
5.1	5.3
5.14	5.4
5.4	5.5
5.14	5.6
5.16	5.7
5.9	5.8
5.9	5.9
5.14	5.10
5.1	5.11
5.14	5.12
5.1	5.13
5.11	5.14
5.17	5.15
5.14	5.16
5.15	5.17
5.9	5.18
5.10	5.19
5.9	5.20
5.14	5.21
5.1	5.22
5.15	5.23
5.11	5.24
5.7	5.25
5.12	5.26
5.14	5.27
5.13	5.28
5.14	5.29
5.14	5.30
5.9	5.31
5.11	5.32
5.3	5.33
5.14	5.34
5.1	5.35
5.13	5.36
5.14	5.37
5.2	5.38
5.9	5.39
5.9	5.40
5.14	5.41
5.14	5.42
5.14	5.43
5.5	5.44
5.14	5.45
5.14	5.46
5.6	5.47
5.15	5.48
5.14	5.49
5.11	5.50
5.9	5.51
5.14	5.52
5.17	5.53
5.8	5.54
5.11	5.55
5.14	5.56
5.9	5.57
5.14	5.58
5.14	5.59
5.1	5.60
5.14	5.61
5.9	5.62
5.16	5.63
5.14	5.64
6.9	6.1
6.7	6.2
6.7	6.3
6.6	6.4
6.3	6.5
6.8	6.6
6.1	6.7
6.7	6.8
6.9	6.9
6.6	6.10
6.7	6.11
6.7	6.12
6.7	6.13
6.7	6.14
6.7	6.15
6.9	6.16
6.7	6.17
6.7	6.18
6.1	6.19
6.2	6.20
6.8	6.21
6.7	6.22
6.7	6.23
6.8	6.24
6.7	6.25
6.7	6.26
6.7	6.27
6.9	6.28
6.7	6.29
6.7	6.30
6.4	6.31
6.7	6.32
6.9	6.33
6.7	6.34
6.1	6.35
6.7	6.36
6.5	6.37
6.9	6.38
6.1	6.39
6.9	6.40
6.7	6.41
6.7	6.42
6.7	6.43
6.7	6.44
6.7	6.45
6.7	6.46
6.9	6.47
6.9	6.48
6.9	6.49
6.9	6.50
6.9	6.51
6.1	6.52
6.7	6.53
6.7	6.54
6.6	6.55
6.7	6.56
6.1	6.57
6.9	6.58
6.1	6.59
6.1	6.60
6.9	6.61
6.9	6.62
6.1	6.63
6.7	6.64
7.1	7.1
7.1	7.2
7.1	7.3
7.1	7.4
7.5	7.5
7.1	7.6
7.1	7.7
7.1	7.8
7.1	7.9
7.1	7.10
7.1	7.11
7.1	7.12
7.1	7.13
7.1	7.14
7.1	7.15
7.1	7.16
7.1	7.17
7.1	7.18
7.1	7.19
7.1	7.20
7.1	7.21
7.5	7.22
7.1	7.23
7.1	7.24
7.1	7.25
7.1	7.26
7.1	7.27
7.1	7.28
7.1	7.29
7.1	7.30
7.5	7.31
7.5	7.32
7.5	7.33
7.4	7.34
7.1	7.35
7.2	7.36
7.1	7.37
7.5	7.38
7.5	7.39
7.1	7.40
7.1	7.41
7.5	7.42
7.1	7.43
7.1	7.44
7.1	7.45
7.5	7.46
7.1	7.47
7.1	7.48
7.3	7.49
7.1	7.50
7.4	7.51
7.1	7.52
7.1	7.53
7.1	7.54
7.1	7.55
7.1	7.56
7.1	7.57
7.1	7.58
7.6	7.59
7.5	7.60
7.4	7.61
7.5	7.62
7.5	7.63
7.1	7.64
8.5	8.1
8.5	8.2
8.5	8.3
8.5	8.4
8.1	8.5
8.1	8.6
8.4	8.7
8.1	8.8
8.1	8.9
8.5	8.10
8.1	8.11
8.5	8.12
8.1	8.13
8.1	8.14
8.5	8.15
8.1	8.16
8.3	8.17
8.4	8.18
8.1	8.19
8.1	8.20
8.2	8.21
8.4	8.22
8.1	8.23
8.1	8.24
8.5	8.25
8.5	8.26
8.5	8.27
8.4	8.28
8.4	8.29
8.5	8.30
8.4	8.31
8.4	8.32
8.1	8.33
8.5	8.34
8.1	8.35
8.5	8.36
8.5	8.37
8.5	8.38
8.5	8.39
8.4	8.40
8.5	8.41
8.5	8.42
8.4	8.43
8.1	8.44
8.4	8.45
8.1	8.46
8.1	8.47
8.5	8.48
8.5	8.49
8.5	8.50
8.5	8.51
8.4	8.52
8.5	8.53
8.5	8.54
8.5	8.55
8.4	8.56
8.1	8.57
8.4	8.58
8.4	8.59
8.5	8.60
8.4	8.61
8.5	8.62
8.1	8.63
8.1	8.64
9.11	9.1
9.13	9.2
9.1	9.3
9.1	9.4
9.13	9.5
9.10	9.6
9.13	9.7
9.10	9.8
9.13	9.9
9.13	9.10
9.13	9.11
9.1	9.12
9.10	9.13
9.12	9.14
9.10	9.15
9.1	9.16
9.8	9.17
9.1	9.18
9.1	9.19
9.1	9.20
9.1	9.21
9.1	9.22
9.7	9.23
9.10	9.24
9.5	9.25
9.2	9.26
9.10	9.27
9.12	9.28
9.1	9.29
9.13	9.30
9.1	9.31
9.11	9.32
9.6	9.33
9.1	9.34
9.13	9.35
9.13	9.36
9.11	9.37
9.3	9.38
9.4	9.39
9.8	9.40
9.1	9.41
9.6	9.42
9.7	9.43
9.4	9.44
9.7	9.45
9.9	9.46
9.10	9.47
9.13	9.48
9.12	9.49
9.1	9.50
9.13	9.51
9.1	9.52
9.13	9.53
9.13	9.54
9.11	9.55
9.10	9.56
9.1	9.57
9.11	9.58
9.1	9.59
9.13	9.60
9.13	9.61
9.10	9.62
9.13	9.63
9.11	9.64
10.4	10.1
10.4	10.2
10.7	10.3
10.7	10.4
10.4	10.5
10.4	10.6
10.4	10.7
10.8	10.8
10.7	10.9
10.4	10.10
10.4	10.11
10.7	10.12
10.1	10.13
10.4	10.14
10.4	10.15
10.4	10.16
10.4	10.17
10.4	10.18
10.4	10.19
10.4	10.20
10.8	10.21
10.4	10.22
10.8	10.23
10.4	10.24
10.8	10.25
10.7	10.26
10.7	10.27
10.7	10.28
10.4	10.29
10.4	10.30
10.1	10.31
10.7	10.32
10.3	10.33
10.6	10.34
10.4	10.35
10.7	10.36
10.4	10.37
10.4	10.38
10.7	10.39
10.7	10.40
10.4	10.41
10.2	10.42
10.2	10.43
10.4	10.44
10.7	10.45
10.4	10.46
10.4	10.47
10.1	10.48
10.4	10.49
10.7	10.50
10.7	10.51
10.4	10.52
10.8	10.53
10.4	10.54
10.7	10.55
10.4	10.56
10.7	10.57
10.4	10.58
10.7	10.59
10.6	10.60
10.7	10.61
10.5	10.62
10.4	10.63
10.2	10.64
11.10	11.1
11.3	11.2
11.10	11.3
11.6	11.4
11.6	11.5
11.8	11.6
11.1	11.7
11.6	11.8
11.8	11.9
11.6	11.10
11.6	11.11
11.6	11.12
11.6	11.13
11.6	11.14
11.11	11.15
11.6	11.16
11.5	11.17
11.11	11.18
11.8	11.19
11.10	11.20
11.5	11.21
11.4	11.22
11.6	11.23
11.9	11.24
11.10	11.25
11.6	11.26
11.1	11.27
11.10	11.28
11.10	11.29
11.10	11.30
11.8	11.31
11.10	11.32
11.6	11.33
11.6	11.34
11.6	11.35
11.6	11.36
11.6	11.37
11.10	11.38
11.6	11.39
11.9	11.40
11.8	11.41
11.10	11.42
11.6	11.43
11.6	11.44
11.6	11.45
11.6	11.46
11.6	11.47
11.7	11.48
11.6	11.49
11.1	11.50
11.6	11.51
11.10	11.52
11.10	11.53
11.6	11.54
11.6	11.55
11.9	11.56
11.6	11.57
11.1	11.58
11.2	11.59
11.10	11.60
11.6	11.61
11.6	11.62
11.6	11.63
11.6	11.64
12.12	12.1
12.4	12.2
12.6	12.3
12.2	12.4
12.1	12.5
12.12	12.6
12.11	12.7
12.12	12.8
12.1	12.9
12.5	12.10
12.12	12.11
12.12	12.12
12.12	12.13
12.12	12.14
12.7	12.15
12.12	12.16
12.12	12.17
12.13	12.18
12.12	12.19
12.9	12.20
12.13	12.21
12.12	12.22
12.8	12.23
12.12	12.24
12.12	12.25
12.13	12.26
12.10	12.27
12.1	12.28
12.12	12.29
12.1	12.30
12.1	12.31
12.1	12.32
12.1	12.33
12.12	12.34
12.3	12.35
12.12	12.36
12.1	12.37
12.12	12.38
12.7	12.39
12.12	12.40
12.1	12.41
12.13	12.42
12.1	12.43
12.13	12.44
12.1	12.45
12.12	12.46
12.12	12.47
12.12	12.48
12.13	12.49
12.1	12.50
12.1	12.51
12.1	12.52
12.1	12.53
12.12	12.54
12.10	12.55
12.1	12.56
12.11	12.57
12.12	12.58
12.1	12.59
12.12	12.60
12.12	12.61
12.12	12.62
12.13	12.63
12.1	12.64
13.1	13.1
13.1	13.2
13.1	13.3
13.8	13.4
13.1	13.5
13.1	13.6
13.2	13.7
13.10	13.8
13.7	13.9
13.10	13.10
13.10	13.11
13.1	13.12
13.9	13.13
13.10	13.14
13.10	13.15
13.1	13.16
13.10	13.17
13.10	13.18
13.10	13.19
13.1	13.20
13.1	13.21
13.10	13.22
13.1	13.23
13.10	13.24
13.1	13.25
13.10	13.26
13.10	13.27
13.1	13.28
13.1	13.29
13.10	13.30
13.9	13.31
13.8	13.32
13.9	13.33
13.1	13.34
13.9	13.35
13.10	13.36
13.10	13.37
13.5	13.38
13.1	13.39
13.1	13.40
13.10	13.41
13.4	13.42
13.9	13.43
13.6	13.44
13.10	13.45
13.10	13.46
13.6	13.47
13.10	13.48
13.10	13.49
13.6	13.50
13.1	13.51
13.8	13.52
13.9	13.53
13.1	13.54
13.10	13.55
13.10	13.56
13.9	13.57
13.3	13.58
13.10	13.59
13.6	13.60
13.10	13.61
13.1	13.62
13.1	13.63
13.1	13.64
14.6	14.1
14.6	14.2
14.6	14.3
14.6	14.4
14.1	14.5
14.1	14.6
14.3	14.7
14.1	14.8
14.1	14.9
14.1	14.10
14.6	14.11
14.2	14.12
14.1	14.13
14.6	14.14
14.1	14.15
14.6	14.16
14.5	14.17
14.1	14.18
14.4	14.19
14.5	14.20
14.1	14.21
14.7	14.22
14.5	14.23
14.1	14.24
14.5	14.25
14.1	14.26
14.6	14.27
14.7	14.28
14.5	14.29
14.1	14.30
14.5	14.31
14.1	14.32
14.1	14.33
14.7	14.34
14.5	14.35
14.1	14.36
14.6	14.37
14.6	14.38
14.5	14.39
14.6	14.40
14.6	14.41
14.5	14.42
14.1	14.43
14.1	14.44
14.1	14.45
14.5	14.46
14.1	14.47
14.6	14.48
14.5	14.49
14.6	14.50
14.7	14.51
14.6	14.52
14.6	14.53
14.5	14.54
14.5	14.55
14.6	14.56
14.6	14.57
14.6	14.58
14.5	14.59
14.6	14.60
14.6	14.61
14.1	14.62
14.6	14.63
14.6	14.64
15.1	15.1
15.15	15.2
15.4	15.3
15.15	15.4
15.15	15.5
15.10	15.6
15.15	15.7
15.15	15.8
15.18	15.9
15.18	15.10
15.14	15.11
15.18	15.12
15.16	15.13
15.7	15.14
15.7	15.15
15.18	15.16
15.14	15.17
15.18	15.18
15.18	15.19
15.15	15.20
15.18	15.21
15.15	15.22
15.15	15.23
15.11	15.24
15.15	15.25
15.15	15.26
15.18	15.27
15.14	15.28
15.7	15.29
15.7	15.30
15.7	15.31
15.10	15.32
15.15	15.33
15.10	15.34
15.18	15.35
15.7	15.36
15.11	15.37
15.18	15.38
15.10	15.39
15.7	15.40
15.14	15.41
15.15	15.42
15.15	15.43
15.12	15.44
15.7	15.45
15.16	15.46
15.1	15.47
15.2	15.48
15.7	15.49
15.5	15.50
15.17	15.51
15.14	15.52
15.8	15.53
15.9	15.54
15.18	15.55
15.13	15.56
15.1	15.57
15.1	15.58
15.16	15.59
15.6	15.60
15.3	15.61
15.1	15.62
15.1	15.63
15.10	15.64
16.13	16.1
16.8	16.2
16.13	16.3
16.1	16.4
16.1	16.5
16.1	16.6
16.1	16.7
16.9	16.8
16.1	16.9
16.13	16.10
16.13	16.11
16.14	16.12
16.13	16.13
16.11	16.14
16.13	16.15
16.13	16.16
16.10	16.17
16.13	16.18
16.13	16.19
16.1	16.20
16.1	16.21
16.2	16.22
16.14	16.23
16.13	16.24
16.13	16.25
16.13	16.26
16.1	16.27
16.1	16.28
16.7	16.29
16.1	16.30
16.1	16.31
16.13	16.32
16.14	16.33
16.13	16.34
16.4	16.35
16.11	16.36
16.11	16.37
16.13	16.38
16.11	16.39
16.1	16.40
16.11	16.41
16.3	16.42
16.13	16.43
16.1	16.44
16.12	16.45
16.12	16.46
16.1	16.47
16.3	16.48
16.6	16.49
16.6	16.50
16.1	16.51
16.13	16.52
16.1	16.53
16.13	16.54
16.11	16.55
16.5	16.56
16.11	16.57
16.11	16.58
16.14	16.59
16.1	16.60
16.1	16.61
16.9	16.62
16.10	16.63
16.1	16.64
17.11	17.1
17.8	17.2
17.1	17.3
17.1	17.4
17.1	17.5
17.1	17.6
17.11	17.7
17.1	17.8
17.1	17.9
17.5	17.10
17.11	17.11
17.12	17.12
17.11	17.13
17.5	17.14
17.1	17.15
17.11	17.16
17.8	17.17
17.1	17.18
17.11	17.19
17.11	17.20
17.4	17.21
17.6	17.22
17.10	17.23
17.11	17.24
17.1	17.25
17.11	17.26
17.1	17.27
17.8	17.28
17.1	17.29
17.1	17.30
17.5	17.31
17.11	17.32
17.1	17.33
17.8	17.34
17.9	17.35
17.7	17.36
17.1	17.37
17.2	17.38
17.8	17.39
17.10	17.40
17.1	17.41
17.11	17.42
17.11	17.43
17.8	17.44
17.11	17.45
17.11	17.46
17.6	17.47
17.1	17.48
17.10	17.49
17.4	17.50
17.3	17.51
17.9	17.52
17.1	17.53
17.11	17.54
17.9	17.55
17.4	17.56
17.5	17.57
17.11	17.58
17.1	17.59
17.1	17.60
17.1	17.61
17.9	17.62
17.1	17.63
17.1	17.64
18.5	18.1
18.7	18.2
18.1	18.3
18.7	18.4
18.7	18.5
18.7	18.6
18.7	18.7
18.7	18.8
18.1	18.9
18.1	18.10
18.7	18.11
18.4	18.12
18.1	18.13
18.7	18.14
18.1	18.15
18.1	18.16
18.1	18.17
18.4	18.18
18.1	18.19
18.7	18.20
18.1	18.21
18.7	18.22
18.1	18.23
18.1	18.24
18.7	18.25
18.7	18.26
18.7	18.27
18.7	18.28
18.2	18.29
18.1	18.30
18.7	18.31
18.1	18.32
18.7	18.33
18.7	18.34
18.4	18.35
18.7	18.36
18.6	18.37
18.7	18.38
18.4	18.39
18.1	18.40
18.7	18.41
18.7	18.42
18.4	18.43
18.1	18.44
18.1	18.45
18.7	18.46
18.7	18.47
18.1	18.48
18.1	18.49
18.7	18.50
18.1	18.51
18.1	18.52
18.6	18.53
18.1	18.54
18.7	18.55
18.3	18.56
18.1	18.57
18.1	18.58
18.1	18.59
18.7	18.60
18.7	18.61
18.7	18.62
18.1	18.63
18.1	18.64
19.10	19.1
19.7	19.2
19.1	19.3
19.1	19.4
19.10	19.5
19.7	19.6
19.6	19.7
19.1	19.8
19.6	19.9
19.10	19.10
19.1	19.11
19.3	19.12
19.6	19.13
19.9	19.14
19.1	19.15
19.10	19.16
19.1	19.17
19.11	19.18
19.1	19.19
19.1	19.20
19.5	19.21
19.8	19.22
19.1	19.23
19.1	19.24
19.1	19.25
19.9	19.26
19.4	19.27
19.1	19.28
19.11	19.29
19.10	19.30
19.1	19.31
19.10	19.32
19.1	19.33
19.2	19.34
19.1	19.35
19.1	19.36
19.1	19.37
19.1	19.38
19.10	19.39
19.6	19.40
19.1	19.41
19.11	19.42
19.1	19.43
19.1	19.44
19.1	19.45
19.10	19.46
19.1	19.47
19.1	19.48
19.10	19.49
19.9	19.50
19.10	19.51
19.7	19.52
19.10	19.53
19.9	19.54
19.6	19.55
19.9	19.56
19.6	19.57
19.3	19.58
19.10	19.59
19.10	19.60
19.7	19.61
19.1	19.62
19.1	19.63
19.1	19.64
20.9	20.1
20.9	20.2
20.6	20.3
20.6	20.4
20.10	20.5
20.9	20.6
20.9	20.7
20.9	20.8
20.7	20.9
20.10	20.10
20.6	20.11
20.3	20.12
20.9	20.13
20.9	20.14
20.6	20.15
20.9	20.16
20.9	20.17
20.2	20.18
20.10	20.19
20.1	20.20
20.10	20.21
20.10	20.22
20.9	20.23
20.8	20.24
20.6	20.25
20.6	20.26
20.9	20.27
20.8	20.28
20.9	20.29
20.7	20.30
20.8	20.31
20.4	20.32
20.8	20.33
20.9	20.34
20.10	20.35
20.1	20.36
20.6	20.37
20.9	20.38
20.9	20.39
20.6	20.40
20.8	20.41
20.5	20.42
20.9	20.43
20.9	20.44
20.10	20.45
20.9	20.46
20.9	20.47
20.6	20.48
20.1	20.49
20.9	20.50
20.6	20.51
20.10	20.52
20.8	20.53
20.9	20.54
20.7	20.55
20.4	20.56
20.8	20.57
20.6	20.58
20.9	20.59
20.9	20.60
20.7	20.61
20.7	20.62
20.9	20.63
20.9	20.64
21.1	21.1
21.1	21.2
21.7	21.3
21.1	21.4
21.1	21.5
21.1	21.6
21.8	21.7
21.3	21.8
21.1	21.9
21.1	21.10
21.1	21.11
21.2	21.12
21.8	21.13
21.8	21.14
21.1	21.15
21.1	21.16
21.1	21.17
21.1	21.18
21.7	21.19
21.1	21.20
21.7	21.21
21.5	21.22
21.4	21.23
21.7	21.24
21.1	21.25
21.1	21.26
21.8	21.27
21.8	21.28
21.1	21.29
21.8	21.30
21.1	21.31
21.1	21.32
21.8	21.33
21.7	21.34
21.7	21.35
21.7	21.36
21.8	21.37
21.8	21.38
21.7	21.39
21.1	21.40
21.5	21.41
21.1	21.42
21.1	21.43
21.8	21.44
21.1	21.45
21.8	21.46
21.8	21.47
21.8	21.48
21.1	21.49
21.1	21.50
21.1	21.51
21.8	21.52
21.1	21.53
21.8	21.54
21.8	21.55
21.7	21.56
21.1	21.57
21.7	21.58
21.1	21.59
21.6	21.60
21.4	21.61
21.8	21.62
21.7	21.63
21.7	21.64
22.10	22.1
22.1	22.2
22.15	22.3
22.9	22.4
22.13	22.5
22.15	22.6
22.12	22.7
22.15	22.8
22.10	22.9
22.1	22.10
22.1	22.11
22.1	22.12
22.1	22.13
22.1	22.14
22.6	22.15
22.1	22.16
22.15	22.17
22.1	22.18
22.1	22.19
22.9	22.20
22.14	22.21
22.1	22.22
22.8	22.23
22.9	22.24
22.13	22.25
22.7	22.26
22.11	22.27
22.1	22.28
22.1	22.29
22.1	22.30
22.1	22.31
22.9	22.32
22.14	22.33
22.2	22.34
22.10	22.35
22.1	22.36
22.10	22.37
22.1	22.38
22.1	22.39
22.15	22.40
22.10	22.41
22.10	22.42
22.1	22.43
22.15	22.44
22.1	22.45
22.8	22.46
22.15	22.47
22.15	22.48
22.1	22.49
22.11	22.50
22.1	22.51
22.15	22.52
22.1	22.53
22.1	22.54
22.1	22.55
22.5	22.56
22.1	22.57
22.15	22.58
22.1	22.59
22.1	22.60
22.13	22.61
22.15	22.62
22.3	22.63
22.4	22.64
23.8	23.1
23.6	23.2
23.1	23.3
23.13	23.4
23.12	23.5
23.1	23.6
23.12	23.7
23.13	23.8
23.4	23.9
23.12	23.10
23.1	23.11
23.8	23.12
23.1	23.13
23.12	23.14
23.8	23.15
23.12	23.16
23.1	23.17
23.13	23.18
23.12	23.19
23.1	23.20
23.7	23.21
23.12	23.22
23.1	23.23
23.8	23.24
23.10	23.25
23.12	23.26
23.1	23.27
23.1	23.28
23.1	23.29
23.10	23.30
23.14	23.31
23.1	23.32
23.12	23.33
23.1	23.34
23.12	23.35
23.12	23.36
23.1	23.37
23.12	23.38
23.1	23.39
23.12	23.40
23.8	23.41
23.12	23.42
23.1	23.43
23.2	23.44
23.12	23.45
23.1	23.46
23.5	23.47
23.1	23.48
23.12	23.49
23.9	23.50
23.6	23.51
23.13	23.52
23.10	23.53
23.12	23.54
23.1	23.55
23.3	23.56
23.13	23.57
23.11	23.58
23.12	23.59
23.1	23.60
23.10	23.61
23.8	23.62
23.1	23.63
23.1	23.64
24.4	24.1
24.10	24.2
24.15	24.3
24.16	24.4
24.6	24.5
24.13	24.6
24.15	24.7
24.12	24.8
24.15	24.9
24.5	24.10
24.14	24.11
24.11	24.12
24.15	24.13
24.15	24.14
24.13	24.15
24.15	24.16
24.1	24.17
24.13	24.18
24.13	24.19
24.15	24.20
24.17	24.21
24.15	24.22
24.8	24.23
24.15	24.24
24.9	24.25
24.7	24.26
24.15	24.27
24.15	24.28
24.15	24.29
24.1	24.30
24.3	24.31
24.15	24.32
24.13	24.33
24.15	24.34
24.11	24.35
24.6	24.36
24.15	24.37
24.13	24.38
24.12	24.39
24.15	24.40
24.2	24.41
24.11	24.42
24.13	24.43
24.13	24.44
24.15	24.45
24.6	24.46
24.11	24.47
24.14	24.48
24.15	24.49
24.15	24.50
24.15	24.51
24.15	24.52
24.13	24.53
24.15	24.54
24.13	24.55
24.6	24.56
24.13	24.57
24.15	24.58
24.13	24.59
24.10	24.60
24.15	24.61
24.15	24.62
24.13	24.63
24.15	24.64
25.3	25.1
25.6	25.2
25.3	25.3
25.7	25.4
25.3	25.5
25.3	25.6
25.3	25.7
25.8	25.8
25.3	25.9
25.3	25.10
25.3	25.11
25.3	25.12
25.3	25.13
25.3	25.14
25.3	25.15
25.7	25.16
25.5	25.17
25.3	25.18
25.5	25.19
25.3	25.20
25.6	25.21
25.6	25.22
25.3	25.23
25.3	25.24
25.2	25.25
25.7	25.26
25.5	25.27
25.6	25.28
25.3	25.29
25.6	25.30
25.3	25.31
25.3	25.32
25.7	25.33
25.4	25.34
25.6	25.35
25.3	25.36
25.6	25.37
25.6	25.38
25.3	25.39
25.6	25.40
25.3	25.41
25.3	25.42
25.6	25.43
25.3	25.44
25.3	25.45
25.7	25.46
25.6	25.47
25.3	25.48
25.6	25.49
25.1	25.50
25.6	25.51
25.3	25.52
25.6	25.53
25.3	25.54
25.4	25.55
25.6	25.56
25.3	25.57
25.6	25.58
25.5	25.59
25.3	25.60
25.6	25.61
25.3	25.62
25.6	25.63
25.6	25.64
26.1	26.1
26.1	26.2
26.1	26.3
26.1	26.4
26.1	26.5
26.1	26.6
26.1	26.7
26.5	26.8
26.5	26.9
26.1	26.10
26.1	26.11
26.1	26.12
26.5	26.13
26.5	26.14
26.1	26.15
26.1	26.16
26.6	26.17
26.1	26.18
26.1	26.19
26.1	26.20
26.7	26.21
26.1	26.22
26.5	26.23
26.1	26.24
26.3	26.25
26.4	26.26
26.5	26.27
26.5	26.28
26.1	26.29
26.2	26.30
26.1	26.31
26.1	26.32
26.4	26.33
26.1	26.34
26.1	26.35
26.1	26.36
26.4	26.37
26.1	26.38
26.1	26.39
26.1	26.40
26.1	26.41
26.1	26.42
26.1	26.43
26.1	26.44
26.1	26.45
26.1	26.46
26.1	26.47
26.1	26.48
26.5	26.49
26.1	26.50
26.5	26.51
26.1	26.52
26.1	26.53
26.5	26.54
26.1	26.55
26.3	26.56
26.5	26.57
26.1	26.58
26.1	26.59
26.5	26.60
26.5	26.61
26.4	26.62
26.1	26.63
26.1	26.64
27.1	27.1
27.1	27.2
27.6	27.3
27.6	27.4
27.8	27.5
27.8	27.6
27.6	27.7
27.6	27.8
27.6	27.9
27.6	27.10
27.5	27.11
27.1	27.12
27.5	27.13
27.1	27.14
27.6	27.15
27.6	27.16
27.1	27.17
27.8	27.18
27.4	27.19
27.8	27.20
27.1	27.21
27.1	27.22
27.2	27.23
27.3	27.24
27.6	27.25
27.6	27.26
27.8	27.27
27.3	27.28
27.6	27.29
27.1	27.30
27.8	27.31
27.5	27.32
27.6	27.33
27.1	27.34
27.6	27.35
27.1	27.36
27.1	27.37
27.1	27.38
27.5	27.39
27.6	27.40
27.8	27.41
27.6	27.42
27.6	27.43
27.6	27.44
27.7	27.45
27.6	27.46
27.5	27.47
27.6	27.48
27.8	27.49
27.6	27.50
27.1	27.51
27.1	27.52
27.1	27.53
27.6	27.54
27.6	27.55
27.6	27.56
27.6	27.57
27.6	27.58
27.1	27.59
27.8	27.60
27.8	27.61
27.3	27.62
27.4	27.63
27.1	27.64
28.1	28.1
28.1	28.2
28.6	28.3
28.1	28.4
28.11	28.5
28.1	28.6
28.1	28.7
28.11	28.8
28.1	28.9
28.11	28.10
28.1	28.11
28.1	28.12
28.1	28.13
28.1	28.14
28.1	28.15
28.13	28.16
28.1	28.17
28.1	28.18
28.7	28.19
28.1	28.20
28.1	28.21
28.1	28.22
28.10	28.23
28.1	28.24
28.1	28.25
28.11	28.26
28.11	28.27
28.1	28.28
28.7	28.29
28.1	28.30
28.5	28.31
28.11	28.32
28.1	28.33
28.1	28.34
28.5	28.35
28.5	28.36
28.4	28.37
28.1	28.38
28.8	28.39
28.1	28.40
28.12	28.41
28.7	28.42
28.1	28.43
28.11	28.44
28.2	28.45
28.9	28.46
28.11	28.47
28.3	28.48
28.1	28.49
28.1	28.50
28.1	28.51
28.1	28.52
28.1	28.53
28.7	28.54
28.1	28.55
28.1	28.56
28.9	28.57
28.11	28.58
28.1	28.59
28.10	28.60
28.7	28.61
28.10	28.62
28.1	28.63
28.11	28.64
29.3	29.1
29.3	29.2
29.3	29.3
29.3	29.4
29.3	29.5
29.3	29.6
29.3	29.7
29.3	29.8
29.8	29.9
29.3	29.10
29.8	29.11
29.3	29.12
29.3	29.13
29.8	29.14
29.3	29.15
29.9	29.16
29.6	29.17
29.8	29.18
29.4	29.19
29.3	29.20
29.7	29.21
29.8	29.22
29.3	29.23
29.3	29.24
29.1	29.25
29.7	29.26
29.3	29.27
29.3	29.28
29.3	29.29
29.3	29.30
29.3	29.31
29.2	29.32
29.3	29.33
29.3	29.34
29.3	29.35
29.3	29.36
29.7	29.37
29.3	29.38
29.8	29.39
29.3	29.40
29.3	29.41
29.8	29.42
29.3	29.43
29.3	29.44
29.3	29.45
29.3	29.46
29.5	29.47
29.3	29.48
29.3	29.49
29.3	29.50
29.3	29.51
29.8	29.52
29.8	29.53
29.8	29.54
29.3	29.55
29.3	29.56
29.3	29.57
29.3	29.58
29.3	29.59
29.3	29.60
29.3	29.61
29.3	29.62
29.3	29.63
29.3	29.64
30.18	30.1
30.19	30.2
30.18	30.3
30.5	30.4
30.13	30.5
30.13	30.6
30.9	30.7
30.13	30.8
30.18	30.9
30.13	30.10
30.20	30.11
30.13	30.12
30.13	30.13
30.13	30.14
30.20	30.15
30.13	30.16
30.4	30.17
30.13	30.18
30.20	30.19
30.13	30.20
30.13	30.21
30.15	30.22
30.13	30.23
30.13	30.24
30.13	30.25
30.6	30.26
30.8	30.27
30.11	30.28
30.20	30.29
30.2	30.30
30.18	30.31
30.13	30.32
30.1	30.33
30.16	30.34
30.13	30.35
30.3	30.36
30.17	30.37
30.13	30.38
30.13	30.39
30.20	30.40
30.20	30.41
30.20	30.42
30.20	30.43
30.10	30.44
30.13	30.45
30.13	30.46
30.13	30.47
30.20	30.48
30.13	30.49
30.14	30.50
30.12	30.51
30.13	30.52
30.13	30.53
30.13	30.54
30.13	30.55
30.13	30.56
30.13	30.57
30.20	30.58
30.13	30.59
30.17	30.60
30.7	30.61
30.20	30.62
30.13	30.63
30.13	30.64
31.11	31.1
31.11	31.2
31.1	31.3
31.6	31.4
31.5	31.5
31.11	31.6
31.1	31.7
31.10	31.8
31.11	31.9
31.11	31.10
31.11	31.11
31.1	31.12
31.11	31.13
31.1	31.14
31.11	31.15
31.9	31.16
31.10	31.17
31.11	31.18
31.11	31.19
31.1	31.20
31.1	31.21
31.10	31.22
31.11	31.23
31.10	31.24
31.10	31.25
31.8	31.26
31.9	31.27
31.9	31.28
31.12	31.29
31.11	31.30
31.4	31.31
31.11	31.32
31.11	31.33
31.1	31.34
31.7	31.35
31.6	31.36
31.9	31.37
31.12	31.38
31.1	31.39
31.11	31.40
31.10	31.41
31.1	31.42
31.10	31.43
31.9	31.44
31.3	31.45
31.7	31.46
31.1	31.47
31.8	31.48
31.11	31.49
31.11	31.50
31.2	31.51
31.1	31.52
31.1	31.53
31.10	31.54
31.11	31.55
31.1	31.56
31.10	31.57
31.8	31.58
31.9	31.59
31.1	31.60
31.7	31.61
31.1	31.62
31.11	31.63
31.1	31.64
32.3	32.1
32.3	32.2
32.3	32.3
32.6	32.4
32.1	32.5
32.3	32.6
32.3	32.7
32.3	32.8
32.3	32.9
32.3	32.10
32.3	32.11
32.7	32.12
32.3	32.13
32.3	32.14
32.3	32.15
32.1	32.16
32.3	32.17
32.3	32.18
32.3	32.19
32.1	32.20
32.3	32.21
32.3	32.22
32.1	32.23
32.7	32.24
32.3	32.25
32.3	32.26
32.3	32.27
32.7	32.28
32.3	32.29
32.3	32.30
32.3	32.31
32.3	32.32
32.3	32.33
32.3	32.34
32.3	32.35
32.3	32.36
32.5	32.37
32.3	32.38
32.3	32.39
32.4	32.40
32.3	32.41
32.3	32.42
32.7	32.43
32.2	32.44
32.1	32.45
32.3	32.46
32.3	32.47
32.1	32.48
32.3	32.49
32.1	32.50
32.7	32.51
32.7	32.52
32.3	32.53
32.7	32.54
32.3	32.55
32.3	32.56
32.3	32.57
32.3	32.58
32.3	32.59
32.3	32.60
32.3	32.61
32.3	32.62
32.3	32.63
32.1	32.64
33.1	33.1
33.7	33.2
33.8	33.3
33.8	33.4
33.1	33.5
33.1	33.6
33.8	33.7
33.8	33.8
33.8	33.9
33.8	33.10
33.8	33.11
33.8	33.12
33.8	33.13
33.8	33.14
33.1	33.15
33.7	33.16
33.8	33.17
33.8	33.18
33.4	33.19
33.3	33.20
33.5	33.21
33.8	33.22
33.5	33.23
33.8	33.24
33.6	33.25
33.8	33.26
33.8	33.27
33.8	33.28
33.8	33.29
33.8	33.30
33.8	33.31
33.1	33.32
33.8	33.33
33.8	33.34
33.1	33.35
33.8	33.36
33.8	33.37
33.8	33.38
33.8	33.39
33.8	33.40
33.8	33.41
33.1	33.42
33.8	33.43
33.1	33.44
33.8	33.45
33.1	33.46
33.1	33.47
33.1	33.48
33.8	33.49
33.8	33.50
33.8	33.51
33.8	33.52
33.1	33.53
33.7	33.54
33.1	33.55
33.2	33.56
33.8	33.57
33.8	33.58
33.8	33.59
33.7	33.60
33.1	33.61
33.9	33.62
33.8	33.63
33.8	33.64
34.8	34.1
34.1	34.2
34.1	34.3
34.1	34.4
34.1	34.5
34.1	34.6
34.1	34.7
34.8	34.8
34.1	34.9
34.8	34.10
34.8	34.11
34.1	34.12
34.8	34.13
34.1	34.14
34.1	34.15
34.1	34.16
34.1	34.17
34.1	34.18
34.1	34.19
34.1	34.20
34.8	34.21
34.1	34.22
34.1	34.23
34.1	34.24
34.1	34.25
34.1	34.26
34.6	34.27
34.1	34.28
34.1	34.29
34.6	34.30
34.7	34.31
34.1	34.32
34.1	34.33
34.3	34.34
34.1	34.35
34.8	34.36
34.1	34.37
34.1	34.38
34.8	34.39
34.1	34.40
34.1	34.41
34.6	34.42
34.2	34.43
34.1	34.44
34.4	34.45
34.8	34.46
34.1	34.47
34.1	34.48
34.8	34.49
34.7	34.50
34.8	34.51
34.1	34.52
34.8	34.53
34.8	34.54
34.1	34.55
34.1	34.56
34.6	34.57
34.6	34.58
34.5	34.59
34.1	34.60
34.1	34.61
34.8	34.62
34.8	34.63
34.1	34.64
35.12	35.1
35.1	35.2
35.11	35.3
35.1	35.4
35.12	35.5
35.4	35.6
35.12	35.7
35.1	35.8
35.11	35.9
35.12	35.10
35.12	35.11
35.3	35.12
35.12	35.13
35.1	35.14
35.1	35.15
35.1	35.16
35.11	35.17
35.11	35.18
35.1	35.19
35.12	35.20
35.12	35.21
35.12	35.22
35.9	35.23
35.12	35.24
35.1	35.25
35.1	35.26
35.11	35.27
35.12	35.28
35.1	35.29
35.10	35.30
35.8	35.31
35.12	35.32
35.11	35.33
35.11	35.34
35.12	35.35
35.11	35.36
35.1	35.37
35.10	35.38
35.11	35.39
35.1	35.40
35.1	35.41
35.1	35.42
35.11	35.43
35.7	35.44
35.11	35.45
35.1	35.46
35.1	35.47
35.1	35.48
35.2	35.49
35.1	35.50
35.1	35.51
35.10	35.52
35.1	35.53
35.1	35.54
35.1	35.55
35.1	35.56
35.12	35.57
35.6	35.58
35.12	35.59
35.9	35.60
35.9	35.61
35.10	35.62
35.10	35.63
35.5	35.64
36.9	36.1
36.8	36.2
36.10	36.3
36.11	36.4
36.10	36.5
36.8	36.6
36.8	36.7
36.12	36.8
36.12	36.9
36.8	36.10
36.8	36.11
36.1	36.12
36.9	36.13
36.12	36.14
36.12	36.15
36.8	36.16
36.2	36.17
36.12	36.18
36.8	36.19
36.8	36.20
36.12	36.21
36.8	36.22
36.4	36.23
36.5	36.24
36.8	36.25
36.8	36.26
36.12	36.27
36.8	36.28
36.8	36.29
36.5	36.30
36.8	36.31
36.12	36.32
36.12	36.33
36.8	36.34
36.8	36.35
36.8	36.36
36.6	36.37
36.9	36.38
36.5	36.39
36.7	36.40
36.8	36.41
36.12	36.42
36.5	36.43
36.4	36.44
36.12	36.45
36.9	36.46
36.12	36.47
36.5	36.48
36.12	36.49
36.12	36.50
36.12	36.51
36.12	36.52
36.8	36.53
36.3	36.54
36.8	36.55
36.8	36.56
36.1	36.57
36.5	36.58
36.8	36.59
36.9	36.60
36.12	36.61
36.8	36.62
36.12	36.63
36.5	36.64
37.16	37.1
37.12	37.2
37.16	37.3
37.7	37.4
37.16	37.5
37.1	37.6
37.16	37.7
37.11	37.8
37.16	37.9
37.16	37.10
37.10	37.11
37.8	37.12
37.16	37.13
37.11	37.14
37.16	37.15
37.2	37.16
37.10	37.17
37.1	37.18
37.16	37.19
37.16	37.20
37.10	37.21
37.16	37.22
37.15	37.23
37.14	37.24
37.16	37.25
37.16	37.26
37.9	37.27
37.1	37.28
37.16	37.29
37.16	37.30
37.4	37.31
37.16	37.32
37.16	37.33
37.6	37.34
37.16	37.35
37.8	37.36
37.1	37.37
37.11	37.38
37.12	37.39
37.11	37.40
37.16	37.41
37.1	37.42
37.12	37.43
37.16	37.44
37.11	37.45
37.16	37.46
37.16	37.47
37.11	37.48
37.11	37.49
37.16	37.50
37.5	37.51
37.16	37.52
37.11	37.53
37.15	37.54
37.13	37.55
37.8	37.56
37.10	37.57
37.11	37.58
37.16	37.59
37.1	37.60
37.1	37.61
37.16	37.62
37.10	37.63
37.3	37.64
38.10	38.1
38.1	38.2
38.1	38.3
38.1	38.4
38.1	38.5
38.1	38.6
38.1	38.7
38.10	38.8
38.1	38.9
38.1	38.10
38.1	38.11
38.2	38.12
38.6	38.13
38.5	38.14
38.1	38.15
38.1	38.16
38.1	38.17
38.1	38.18
38.1	38.19
38.1	38.20
38.1	38.21
38.7	38.22
38.1	38.23
38.10	38.24
38.1	38.25
38.1	38.26
38.9	38.27
38.1	38.28
38.10	38.29
38.1	38.30
38.1	38.31
38.10	38.32
38.10	38.33
38.9	38.34
38.1	38.35
38.1	38.36
38.6	38.37
38.1	38.38
38.10	38.39
38.1	38.40
38.9	38.41
38.1	38.42
38.1	38.43
38.8	38.44
38.1	38.45
38.3	38.46
38.1	38.47
38.10	38.48
38.1	38.49
38.1	38.50
38.5	38.51
38.1	38.52
38.1	38.53
38.10	38.54
38.4	38.55
38.1	38.56
38.1	38.57
38.1	38.58
38.9	38.59
38.1	38.60
38.1	38.61
38.10	38.62
38.1	38.63
38.1	38.64
39.4	39.1
39.12	39.2
39.9	39.3
39.4	39.4
39.9	39.5
39.4	39.6
39.9	39.7
39.8	39.8
39.9	39.9
39.9	39.10
39.2	39.11
39.9	39.12
39.6	39.13
39.3	39.14
39.4	39.15
39.10	39.16
39.9	39.17
39.12	39.18
39.6	39.19
39.12	39.20
39.9	39.21
39.9	39.22
39.12	39.23
39.1	39.24
39.4	39.25
39.4	39.26
39.4	39.27
39.9	39.28
39.9	39.29
39.9	39.30
39.4	39.31
39.4	39.32
39.11	39.33
39.4	39.34
39.9	39.35
39.10	39.36
39.9	39.37
39.9	39.38
39.4	39.39
39.4	39.40
39.10	39.41
39.9	39.42
39.13	39.43
39.5	39.44
39.4	39.45
39.4	39.46
39.4	39.47
39.4	39.48
39.9	39.49
39.4	39.50
39.9	39.51
39.9	39.52
39.4	39.53
39.9	39.54
39.9	39.55
39.12	39.56
39.4	39.57
39.4	39.58
39.9	39.59
39.9	39.60
39.8	39.61
39.9	39.62
39.7	39.63
39.4	39.64
40.4	40.1
40.4	40.2
40.4	40.3
40.8	40.4
40.8	40.5
40.4	40.6
40.4	40.7
40.11	40.8
40.4	40.9
40.11	40.10
40.11	40.11
40.4	40.12
40.4	40.13
40.11	40.14
40.4	40.15
40.4	40.16
40.11	40.17
40.3	40.18
40.1	40.19
40.7	40.20
40.4	40.21
40.11	40.22
40.11	40.23
40.4	40.24
40.10	40.25
40.8	40.26
40.7	40.27
40.4	40.28
40.4	40.29
40.9	40.30
40.11	40.31
40.4	40.32
40.11	40.33
40.8	40.34
40.4	40.35
40.11	40.36
40.8	40.37
40.11	40.38
40.4	40.39
40.4	40.40
40.4	40.41
40.11	40.42
40.2	40.43
40.11	40.44
40.4	40.45
40.4	40.46
40.11	40.47
40.6	40.48
40.5	40.49
40.11	40.50
40.4	40.51
40.4	40.52
40.4	40.53
40.8	40.54
40.4	40.55
40.4	40.56
40.4	40.57
40.8	40.58
40.4	40.59
40.12	40.60
40.12	40.61
40.6	40.62
40.7	40.63
40.4	40.64
41.11	41.1
41.9	41.2
41.11	41.3
41.9	41.4
41.9	41.5
41.7	41.6
41.9	41.7
41.9	41.8
41.3	41.9
41.11	41.10
41.1	41.11
41.9	41.12
41.11	41.13
41.11	41.14
41.9	41.15
41.9	41.16
41.9	41.17
41.13	41.18
41.7	41.19
41.1	41.20
41.14	41.21
41.9	41.22
41.9	41.23
41.9	41.24
41.10	41.25
41.9	41.26
41.11	41.27
41.9	41.28
41.11	41.29
41.1	41.30
41.1	41.31
41.11	41.32
41.6	41.33
41.14	41.34
41.9	41.35
41.14	41.36
41.11	41.37
41.11	41.38
41.11	41.39
41.4	41.40
41.12	41.41
41.11	41.42
41.9	41.43
41.11	41.44
41.8	41.45
41.11	41.46
41.14	41.47
41.9	41.48
41.2	41.49
41.1	41.50
41.11	41.51
41.11	41.52
41.11	41.53
41.9	41.54
41.7	41.55
41.1	41.56
41.9	41.57
41.9	41.58
41.11	41.59
41.9	41.60
41.12	41.61
41.1	41.62
41.5	41.63
41.1	41.64
42.13	42.1
42.10	42.2
42.10	42.3
42.13	42.4
42.13	42.5
42.7	42.6
42.5	42.7
42.5	42.8
42.5	42.9
42.1	42.10
42.10	42.11
42.13	42.12
42.10	42.13
42.7	42.14
42.10	42.15
42.1	42.16
42.4	42.17
42.9	42.18
42.7	42.19
42.10	42.20
42.13	42.21
42.9	42.22
42.10	42.23
42.13	42.24
42.10	42.25
42.5	42.26
42.13	42.27
42.5	42.28
42.9	42.29
42.13	42.30
42.5	42.31
42.5	42.32
42.10	42.33
42.13	42.34
42.1	42.35
42.13	42.36
42.7	42.37
42.13	42.38
42.10	42.39
42.6	42.40
42.10	42.41
42.13	42.42
42.7	42.43
42.13	42.44
42.5	42.45
42.13	42.46
42.13	42.47
42.12	42.48
42.9	42.49
42.11	42.50
42.11	42.51
42.5	42.52
42.8	42.53
42.8	42.54
42.2	42.55
42.10	42.56
42.3	42.57
42.5	42.58
42.13	42.59
42.10	42.60
42.5	42.61
42.13	42.62
42.10	42.63
42.10	42.64
43.11	43.1
43.8	43.2
43.8	43.3
43.8	43.4
43.8	43.5
43.12	43.6
43.8	43.7
43.2	43.8
43.11	43.9
43.11	43.10
43.6	43.11
43.7	43.12
43.1	43.13
43.5	43.14
43.8	43.15
43.8	43.16
43.14	43.17
43.8	43.18
43.8	43.19
43.1	43.20
43.13	43.21
43.13	43.22
43.8	43.23
43.13	43.24
43.14	43.25
43.13	43.26
43.11	43.27
43.13	43.28
43.8	43.29
43.11	43.30
43.13	43.31
43.11	43.32
43.11	43.33
43.7	43.34
43.1	43.35
43.9	43.36
43.13	43.37
43.14	43.38
43.14	43.39
43.13	43.40
43.8	43.41
43.8	43.42
43.14	43.43
43.10	43.44
43.14	43.45
43.4	43.46
43.11	43.47
43.14	43.48
43.13	43.49
43.3	43.50
43.12	43.51
43.11	43.52
43.11	43.53
43.13	43.54
43.15	43.55
43.8	43.56
43.14	43.57
43.13	43.58
43.11	43.59
43.13	43.60
43.11	43.61
43.11	43.62
43.13	43.63
43.13	43.64
44.4	44.1
44.4	44.2
44.4	44.3
44.4	44.4
44.6	44.5
44.4	44.6
44.4	44.7
44.5	44.8
44.6	44.9
44.4	44.10
44.4	44.11
44.4	44.12
44.4	44.13
44.6	44.14
44.4	44.15
44.4	44.16
44.3	44.17
44.4	44.18
44.4	44.19
44.4	44.20
44.4	44.21
44.4	44.22
44.4	44.23
44.4	44.24
44.4	44.25
44.4	44.26
44.4	44.27
44.4	44.28
44.4	44.29
44.4	44.30
44.6	44.31
44.6	44.32
44.4	44.33
44.4	44.34
44.4	44.35
44.4	44.36
44.4	44.37
44.4	44.38
44.4	44.39
44.6	44.40
44.4	44.41
44.4	44.42
44.4	44.43
44.4	44.44
44.4	44.45
44.2	44.46
44.4	44.47
44.4	44.48
44.6	44.49
44.1	44.50
44.1	44.51
44.4	44.52
44.6	44.53
44.4	44.54
44.1	44.55
44.6	44.56
44.6	44.57
44.1	44.58
44.6	44.59
44.4	44.60
44.6	44.61
44.4	44.62
44.6	44.63
44.6	44.64
45.7	45.1
45.7	45.2
45.7	45.3
45.7	45.4
45.7	45.5
45.7	45.6
45.1	45.7
45.7	45.8
45.8	45.9
45.7	45.10
45.7	45.11
45.7	45.12
45.7	45.13
45.1	45.14
45.7	45.15
45.7	45.16
45.7	45.17
45.7	45.18
45.7	45.19
45.6	45.20
45.7	45.21
45.5	45.22
45.7	45.23
45.7	45.24
45.7	45.25
45.4	45.26
45.7	45.27
45.7	45.28
45.7	45.29
45.7	45.30
45.7	45.31
45.1	45.32
45.3	45.33
45.1	45.34
45.8	45.35
45.7	45.36
45.9	45.37
45.7	45.38
45.6	45.39
45.1	45.40
45.1	45.41
45.7	45.42
45.7	45.43
45.7	45.44
45.7	45.45
45.7	45.46
45.7	45.47
45.6	45.48
45.7	45.49
45.1	45.50
45.7	45.51
45.1	45.52
45.1	45.53
45.7	45.54
45.7	45.55
45.2	45.56
45.1	45.57
45.1	45.58
45.7	45.59
45.1	45.60
45.1	45.61
45.1	45.62
45.6	45.63
45.7	45.64
46.5	46.1
46.5	46.2
46.1	46.3
46.5	46.4
46.5	46.5
46.5	46.6
46.5	46.7
46.5	46.8
46.5	46.9
46.5	46.10
46.1	46.11
46.1	46.12
46.5	46.13
46.5	46.14
46.5	46.15
46.5	46.16
46.1	46.17
46.1	46.18
46.5	46.19
46.1	46.20
46.1	46.21
46.5	46.22
46.5	46.23
46.1	46.24
46.1	46.25
46.4	46.26
46.5	46.27
46.5	46.28
46.5	46.29
46.5	46.30
46.5	46.31
46.5	46.32
46.5	46.33
46.1	46.34
46.5	46.35
46.5	46.36
46.5	46.37
46.5	46.38
46.5	46.39
46.5	46.40
46.5	46.41
46.2	46.42
46.1	46.43
46.5	46.44
46.5	46.45
46.6	46.46
46.5	46.47
46.5	46.48
46.5	46.49
46.5	46.50
46.6	46.51
46.1	46.52
46.5	46.53
46.3	46.54
46.1	46.55
46.5	46.56
46.1	46.57
46.5	46.58
46.6	46.59
46.5	46.60
46.6	46.61
46.5	46.62
46.5	46.63
46.5	46.64
47.1	47.1
47.5	47.2
47.6	47.3
47.6	47.4
47.8	47.5
47.8	47.6
47.6	47.7
47.1	47.8
47.5	47.9
47.6	47.10
47.1	47.11
47.6	47.12
47.1	47.13
47.1	47.14
47.8	47.15
47.6	47.16
47.3	47.17
47.8	47.18
47.1	47.19
47.5	47.20
47.6	47.21
47.8	47.22
47.1	47.23
47.8	47.24
47.1	47.25
47.5	47.26
47.1	47.27
47.1	47.28
47.8	47.29
47.8	47.30
47.1	47.31
47.6	47.32
47.6	47.33
47.6	47.34
47.8	47.35
47.8	47.36
47.6	47.37
47.1	47.38
47.8	47.39
47.1	47.40
47.1	47.41
47.8	47.42
47.4	47.43
47.1	47.44
47.1	47.45
47.8	47.46
47.8	47.47
47.1	47.48
47.8	47.49
47.1	47.50
47.1	47.51
47.7	47.52
47.8	47.53
47.5	47.54
47.5	47.55
47.8	47.56
47.1	47.57
47.6	47.58
47.6	47.59
47.2	47.60
47.3	47.61
47.8	47.62
47.6	47.63
47.1	47.64
48.6	48.1
48.6	48.2
48.1	48.3
48.6	48.4
48.6	48.5
48.1	48.6
48.6	48.7
48.6	48.8
48.7	48.9
48.1	48.10
48.4	48.11
48.6	48.12
48.6	48.13
48.7	48.14
48.6	48.15
48.6	48.16
48.1	48.17
48.5	48.18
48.6	48.19
48.7	48.20
48.6	48.21
48.1	48.22
48.1	48.23
48.7	48.24
48.1	48.25
48.7	48.26
48.1	48.27
48.6	48.28
48.6	48.29
48.2	48.30
48.1	48.31
48.6	48.32
48.7	48.33
48.6	48.34
48.6	48.35
48.6	48.36
48.7	48.37
48.7	48.38
48.6	48.39
48.1	48.40
48.1	48.41
48.6	48.42
48.6	48.43
48.6	48.44
48.6	48.45
48.7	48.46
48.1	48.47
48.7	48.48
48.7	48.49
48.3	48.50
48.6	48.51
48.1	48.52
48.6	48.53
48.1	48.54
48.6	48.55
48.6	48.56
48.6	48.57
48.6	48.58
48.6	48.59
48.6	48.60
48.6	48.61
48.6	48.62
48.6	48.63
48.1	48.64
49.1	49.1
49.1	49.2
49.1	49.3
49.1	49.4
49.6	49.5
49.1	49.6
49.6	49.7
49.1	49.8
49.1	49.9
49.1	49.10
49.2	49.11
49.1	49.12
49.1	49.13
49.5	49.14
49.1	49.15
49.6	49.16
49.1	49.17
49.5	49.18
49.1	49.19
49.1	49.20
49.1	49.21
49.6	49.22
49.1	49.23
49.1	49.24
49.1	49.25
49.1	49.26
49.1	49.27
49.1	49.28
49.1	49.29
49.1	49.30
49.1	49.31
49.1	49.32
49.6	49.33
49.1	49.34
49.1	49.35
49.1	49.36
49.1	49.37
49.1	49.38
49.1	49.39
49.1	49.40
49.5	49.41
49.1	49.42
49.1	49.43
49.1	49.44
49.1	49.45
49.6	49.46
49.1	49.47
49.1	49.48
49.1	49.49
49.1	49.50
49.3	49.51
49.1	49.52
49.1	49.53
49.5	49.54
49.1	49.55
49.1	49.56
49.5	49.57
49.1	49.58
49.1	49.59
49.1	49.60
49.1	49.61
49.6	49.62
49.5	49.63
49.4	49.64
50.4	50.1
50.4	50.2
50.6	50.3
50.4	50.4
50.6	50.5
50.4	50.6
50.4	50.7
50.4	50.8
50.4	50.9
50.4	50.10
50.6	50.11
50.6	50.12
50.4	50.13
50.4	50.14
50.4	50.15
50.6	50.16
50.6	50.17
50.6	50.18
50.4	50.19
50.6	50.20
50.4	50.21
50.6	50.22
50.6	50.23
50.4	50.24
50.4	50.25
50.6	50.26
50.6	50.27
50.4	50.28
50.4	50.29
50.2	50.30
50.6	50.31
50.4	50.32
50.6	50.33
50.6	50.34
50.4	50.35
50.4	50.36
50.4	50.37
50.4	50.38
50.7	50.39
50.4	50.40
50.4	50.41
50.1	50.42
50.5	50.43
50.6	50.44
50.4	50.45
50.4	50.46
50.4	50.47
50.1	50.48
50.6	50.49
50.4	50.50
50.1	50.51
50.4	50.52
50.6	50.53
50.6	50.54
50.4	50.55
50.4	50.56
50.6	50.57
50.3	50.58
50.4	50.59
50.4	50.60
50.1	50.61
50.4	50.62
50.4	50.63
50.4	50.64
51.4	51.1
51.9	51.2
51.9	51.3
51.7	51.4
51.4	51.5
51.9	51.6
51.9	51.7
51.4	51.8
51.1	51.9
51.1	51.10
51.1	51.11
51.6	51.12
51.9	51.13
51.4	51.14
51.4	51.15
51.9	51.16
51.1	51.17
51.7	51.18
51.9	51.19
51.1	51.20
51.3	51.21
51.9	51.22
51.6	51.23
51.9	51.24
51.6	51.25
51.9	51.26
51.1	51.27
51.5	51.28
51.4	51.29
51.6	51.30
51.9	51.31
51.9	51.32
51.1	51.33
51.2	51.34
51.9	51.35
51.9	51.36
51.4	51.37
51.9	51.38
51.9	51.39
51.9	51.40
51.9	51.41
51.9	51.42
51.7	51.43
51.1	51.44
51.6	51.45
51.1	51.46
51.4	51.47
51.9	51.48
51.1	51.49
51.9	51.50
51.8	51.51
51.6	51.52
51.1	51.53
51.9	51.54
51.9	51.55
51.1	51.56
51.1	51.57
51.5	51.58
51.9	51.59
51.7	51.60
51.1	51.61
51.1	51.62
51.4	51.63
51.7	51.64
52.11	52.1
52.11	52.2
52.11	52.3
52.11	52.4
52.11	52.5
52.11	52.6
52.6	52.7
52.11	52.8
52.11	52.9
52.5	52.10
52.7	52.11
52.11	52.12
52.1	52.13
52.11	52.14
52.1	52.15
52.1	52.16
52.11	52.17
52.11	52.18
52.1	52.19
52.11	52.20
52.1	52.21
52.11	52.22
52.10	52.23
52.11	52.24
52.11	52.25
52.11	52.26
52.11	52.27
52.1	52.28
52.11	52.29
52.1	52.30
52.11	52.31
52.9	52.32
52.7	52.33
52.11	52.34
52.1	52.35
52.1	52.36
52.1	52.37
52.6	52.38
52.1	52.39
52.11	52.40
52.11	52.41
52.6	52.42
52.11	52.43
52.1	52.44
52.1	52.45
52.11	52.46
52.3	52.47
52.1	52.48
52.1	52.49
52.11	52.50
52.7	52.51
52.11	52.52
52.2	52.53
52.8	52.54
52.11	52.55
52.1	52.56
52.4	52.57
52.8	52.58
52.11	52.59
52.7	52.60
52.7	52.61
52.6	52.62
52.11	52.63
52.1	52.64
53.9	53.1
53.12	53.2
53.16	53.3
53.16	53.4
53.1	53.5
53.16	53.6
53.15	53.7
53.13	53.8
53.16	53.9
53.1	53.10
53.12	53.11
53.1	53.12
53.1	53.13
53.8	53.14
53.14	53.15
53.16	53.16
53.9	53.17
53.6	53.18
53.11	53.19
53.9	53.20
53.16	53.21
53.16	53.22
53.16	53.23
53.4	53.24
53.11	53.25
53.9	53.26
53.9	53.27
53.10	53.28
53.15	53.29
53.11	53.30
53.3	53.31
53.12	53.32
53.17	53.33
53.16	53.34
53.11	53.35
53.11	53.36
53.16	53.37
53.11	53.38
53.7	53.39
53.1	53.40
53.11	53.41
53.12	53.42
53.5	53.43
53.12	53.44
53.6	53.45
53.9	53.46
53.16	53.47
53.15	53.48
53.12	53.49
53.11	53.50
53.12	53.51
53.2	53.52
53.1	53.53
53.11	53.54
53.12	53.55
53.12	53.56
53.8	53.57
53.9	53.58
53.9	53.59
53.12	53.60
53.9	53.61
53.12	53.62
53.9	53.63
53.1	53.64
54.13	54.1
54.13	54.2
54.13	54.3
54.8	54.4
54.13	54.5
54.13	54.6
54.8	54.7
54.8	54.8
54.8	54.9
54.13	54.10
54.10	54.11
54.8	54.12
54.13	54.13
54.8	54.14
54.13	54.15
54.8	54.16
54.13	54.17
54.4	54.18
54.8	54.19
54.13	54.20
54.8	54.21
54.10	54.22
54.13	54.23
54.2	54.24
54.12	54.25
54.5	54.26
54.10	54.27
54.13	54.28
54.13	54.29
54.13	54.30
54.13	54.31
54.4	54.32
54.10	54.33
54.10	54.34
54.13	54.35
54.11	54.36
54.10	54.37
54.8	54.38
54.13	54.39
54.8	54.40
54.1	54.41
54.8	54.42
54.13	54.43
54.3	54.44
54.13	54.45
54.10	54.46
54.10	54.47
54.9	54.48
54.8	54.49
54.10	54.50
54.13	54.51
54.10	54.52
54.8	54.53
54.6	54.54
54.10	54.55
54.8	54.56
54.10	54.57
54.8	54.58
54.7	54.59
54.5	54.60
54.13	54.61
54.13	54.62
54.8	54.63
54.8	54.64
55.1	55.1
55.9	55.2
55.6	55.3
55.9	55.4
55.10	55.5
55.7	55.6
55.1	55.7
55.1	55.8
55.5	55.9
55.10	55.10
55.9	55.11
55.8	55.12
55.1	55.13
55.10	55.14
55.10	55.15
55.10	55.16
55.7	55.17
55.1	55.18
55.7	55.19
55.3	55.20
55.10	55.21
55.7	55.22
55.2	55.23
55.1	55.24
55.10	55.25
55.1	55.26
55.1	55.27
55.1	55.28
55.1	55.29
55.9	55.30
55.8	55.31
55.9	55.32
55.10	55.33
55.10	55.34
55.10	55.35
55.9	55.36
55.9	55.37
55.5	55.38
55.1	55.39
55.9	55.40
55.4	55.41
55.10	55.42
55.1	55.43
55.10	55.44
55.10	55.45
55.10	55.46
55.1	55.47
55.7	55.48
55.7	55.49
55.10	55.50
55.1	55.51
55.1	55.52
55.9	55.53
55.1	55.54
55.1	55.55
55.10	55.56
55.10	55.57
55.9	55.58
55.1	55.59
55.7	55.60
55.7	55.61
55.1	55.62
55.10	55.63
55.1	55.64
56.1	56.1
56.9	56.2
56.9	56.3
56.9	56.4
56.4	56.5
56.2	56.6
56.5	56.7
56.9	56.8
56.9	56.9
56.9	56.10
56.9	56.11
56.1	56.12
56.9	56.13
56.9	56.14
56.5	56.15
56.9	56.16
56.1	56.17
56.9	56.18
56.8	56.19
56.9	56.20
56.9	56.21
56.4	56.22
56.9	56.23
56.9	56.24
56.9	56.25
56.9	56.26
56.1	56.27
56.9	56.28
56.9	56.29
56.9	56.30
56.4	56.31
56.8	56.32
56.9	56.33
56.1	56.34
56.1	56.35
56.9	56.36
56.9	56.37
56.5	56.38
56.1	56.39
56.9	56.40
56.8	56.41
56.9	56.42
56.1	56.43
56.1	56.44
56.9	56.45
56.9	56.46
56.1	56.47
56.9	56.48
56.8	56.49
56.1	56.50
56.1	56.51
56.9	56.52
56.7	56.53
56.5	56.54
56.4	56.55
56.9	56.56
56.1	56.57
56.3	56.58
56.3	56.59
56.6	56.60
56.9	56.61
56.9	56.62
56.9	56.63
56.9	56.64
57.1	57.1
57.1	57.2
57.1	57.3
57.1	57.4
57.1	57.5
57.1	57.6
57.1	57.7
57.1	57.8
57.1	57.9
57.1	57.10
57.1	57.11
57.1	57.12
57.1	57.13
57.1	57.14
57.7	57.15
57.1	57.16
57.1	57.17
57.1	57.18
57.1	57.19
57.7	57.20
57.1	57.21
57.6	57.22
57.1	57.23
57.1	57.24
57.1	57.25
57.7	57.26
57.1	57.27
57.1	57.28
57.2	57.29
57.1	57.30
57.1	57.31
57.1	57.32
57.1	57.33
57.1	57.34
57.7	57.35
57.1	57.36
57.4	57.37
57.1	57.38
57.1	57.39
57.7	57.40
57.7	57.41
57.7	57.42
57.1	57.43
57.1	57.44
57.1	57.45
57.1	57.46
57.5	57.47
57.1	57.48
57.5	57.49
57.1	57.50
57.1	57.51
57.7	57.52
57.7	57.53
57.7	57.54
57.1	57.55
57.1	57.56
57.3	57.57
57.7	57.58
57.1	57.59
57.7	57.60
57.4	57.61
57.1	57.62
57.1	57.63
57.7	57.64
58.1	58.1
58.1	58.2
58.6	58.3
58.1	58.4
58.1	58.5
58.1	58.6
58.1	58.7
58.1	58.8
58.6	58.9
58.1	58.10
58.1	58.11
58.1	58.12
58.1	58.13
58.5	58.14
58.1	58.15
58.6	58.16
58.1	58.17
58.1	58.18
58.5	58.19
58.4	58.20
58.1	58.21
58.4	58.22
58.1	58.23
58.1	58.24
58.6	58.25
58.6	58.26
58.1	58.27
58.1	58.28
58.1	58.29
58.1	58.30
58.6	58.31
58.1	58.32
58.1	58.33
58.1	58.34
58.1	58.35
58.6	58.36
58.1	58.37
58.6	58.38
58.6	58.39
58.1	58.40
58.1	58.41
58.1	58.42
58.5	58.43
58.4	58.44
58.1	58.45
58.4	58.46
58.1	58.47
58.1	58.48
58.6	58.49
58.1	58.50
58.5	58.51
58.4	58.52
58.1	58.53
58.3	58.54
58.6	58.55
58.1	58.56
58.1	58.57
58.1	58.58
58.6	58.59
58.6	58.60
58.6	58.61
58.1	58.62
58.1	58.63
58.2	58.64
59.1	59.1
59.1	59.2
59.5	59.3
59.1	59.4
59.7	59.5
59.1	59.6
59.7	59.7
59.1	59.8
59.1	59.9
59.7	59.10
59.1	59.11
59.1	59.12
59.7	59.13
59.1	59.14
59.1	59.15
59.7	59.16
59.5	59.17
59.1	59.18
59.1	59.19
59.5	59.20
59.1	59.21
59.1	59.22
59.1	59.23
59.8	59.24
59.1	59.25
59.1	59.26
59.1	59.27
59.10	59.28
59.1	59.29
59.1	59.30
59.1	59.31
59.4	59.32
59.1	59.33
59.6	59.34
59.7	59.35
59.7	59.36
59.3	59.37
59.9	59.38
59.1	59.39
59.1	59.40
59.5	59.41
59.7	59.42
59.1	59.43
59.1	59.44
59.1	59.45
59.1	59.46
59.7	59.47
59.1	59.48
59.7	59.49
59.1	59.50
59.1	59.51
59.1	59.52
59.10	59.53
59.1	59.54
59.1	59.55
59.1	59.56
59.7	59.57
59.4	59.58
59.1	59.59
59.5	59.60
59.5	59.61
59.1	59.62
59.2	59.63
59.1	59.64
60.15	60.1
60.15	60.2
60.15	60.3
60.15	60.4
60.18	60.5
60.15	60.6
60.11	60.7
60.18	60.8
60.4	60.9
60.18	60.10
60.15	60.11
60.15	60.12
60.18	60.13
60.18	60.14
60.15	60.15
60.18	60.16
60.3	60.17
60.15	60.18
60.6	60.19
60.18	60.20
60.15	60.21
60.15	60.22
60.15	60.23
60.4	60.24
60.4	60.25
60.18	60.26
60.18	60.27
60.17	60.28
60.18	60.29
60.12	60.30
60.18	60.31
60.11	60.32
60.6	60.33
60.18	60.34
60.15	60.35
60.2	60.36
60.8	60.37
60.15	60.38
60.9	60.39
60.6	60.40
60.15	60.41
60.16	60.42
60.18	60.43
60.4	60.44
60.1	60.45
60.15	60.46
60.18	60.47
60.15	60.48
60.6	60.49
60.4	60.50
60.15	60.51
60.15	60.52
60.16	60.53
60.4	60.54
60.15	60.55
60.18	60.56
60.18	60.57
60.5	60.58
60.7	60.59
60.15	60.60
60.10	60.61
60.14	60.62
60.13	60.63
60.11	60.64
61.8	61.1
61.6	61.2
61.1	61.3
61.8	61.4
61.6	61.5
61.1	61.6
61.5	61.7
61.5	61.8
61.1	61.9
61.1	61.10
61.8	61.11
61.6	61.12
61.8	61.13
61.6	61.14
61.8	61.15
61.6	61.16
61.1	61.17
61.5	61.18
61.5	61.19
61.6	61.20
61.1	61.21
61.1	61.22
61.5	61.23
61.3	61.24
61.6	61.25
61.1	61.26
61.8	61.27
61.1	61.28
61.7	61.29
61.4	61.30
61.5	61.31
61.5	61.32
61.5	61.33
61.8	61.34
61.4	61.35
61.5	61.36
61.8	61.37
61.1	61.38
61.5	61.39
61.5	61.40
61.5	61.41
61.8	61.42
61.2	61.43
61.4	61.44
61.5	61.45
61.6	61.46
61.8	61.47
61.7	61.48
61.8	61.49
61.1	61.50
61.6	61.51
61.5	61.52
61.6	61.53
61.5	61.54
61.5	61.55
61.8	61.56
61.8	61.57
61.8	61.58
61.8	61.59
61.8	61.60
61.5	61.61
61.5	61.62
61.8	61.63
61.7	61.64
62.7	62.1
62.7	62.2
62.7	62.3
62.7	62.4
62.7	62.5
62.7	62.6
62.4	62.7
62.1	62.8
62.1	62.9
62.7	62.10
62.7	62.11
62.7	62.12
62.4	62.13
62.1	62.14
62.7	62.15
62.8	62.16
62.7	62.17
62.7	62.18
62.1	62.19
62.7	62.20
62.1	62.21
62.7	62.22
62.2	62.23
62.8	62.24
62.8	62.25
62.1	62.26
62.7	62.27
62.1	62.28
62.7	62.29
62.7	62.30
62.6	62.31
62.8	62.32
62.1	62.33
62.1	62.34
62.8	62.35
62.5	62.36
62.7	62.37
62.8	62.38
62.7	62.39
62.1	62.40
62.7	62.41
62.1	62.42
62.8	62.43
62.7	62.44
62.7	62.45
62.7	62.46
62.7	62.47
62.8	62.48
62.8	62.49
62.7	62.50
62.1	62.51
62.1	62.52
62.3	62.53
62.1	62.54
62.7	62.55
62.8	62.56
62.7	62.57
62.8	62.58
62.1	62.59
62.7	62.60
62.7	62.61
62.1	62.62
62.7	62.63
62.1	62.64
63.1	63.1
63.9	63.2
63.9	63.3
63.9	63.4
63.9	63.5
63.9	63.6
63.1	63.7
63.1	63.8
63.7	63.9
63.9	63.10
63.9	63.11
63.1	63.12
63.9	63.13
63.1	63.14
63.9	63.15
63.9	63.16
63.9	63.17
63.1	63.18
63.1	63.19
63.7	63.20
63.1	63.21
63.9	63.22
63.1	63.23
63.1	63.24
63.9	63.25
63.6	63.26
63.9	63.27
63.9	63.28
63.9	63.29
63.9	63.30
63.9	63.31
63.9	63.32
63.9	63.33
63.1	63.34
63.1	63.35
63.9	63.36
63.7	63.37
63.9	63.38
63.9	63.39
63.9	63.40
63.9	63.41
63.9	63.42
63.2	63.43
63.5	63.44
63.8	63.45
63.1	63.46
63.9	63.47
63.1	63.48
63.7	63.49
63.9	63.50
63.3	63.51
63.4	63.52
63.1	63.53
63.9	63.54
63.9	63.55
63.7	63.56
63.1	63.57
63.7	63.58
63.9	63.59
63.9	63.60
63.9	63.61
63.9	63.62
63.9	63.63
63.7	63.64
64.5	64.1
64.5	64.2
64.6	64.3
64.5	64.4
64.1	64.5
64.4	64.6
64.6	64.7
64.6	64.8
64.1	64.9
64.1	64.10
64.3	64.11
64.6	64.12
64.1	64.13
64.6	64.14
64.6	64.15
64.6	64.16
64.6	64.17
64.6	64.18
64.6	64.19
64.6	64.20
64.6	64.21
64.6	64.22
64.6	64.23
64.1	64.24
64.5	64.25
64.1	64.26
64.1	64.27
64.5	64.28
64.2	64.29
64.6	64.30
64.6	64.31
64.6	64.32
64.6	64.33
64.6	64.34
64.1	64.35
64.1	64.36
64.6	64.37
64.6	64.38
64.4	64.39
64.6	64.40
64.1	64.41
64.6	64.42
64.1	64.43
64.6	64.44
64.6	64.45
64.6	64.46
64.4	64.47
64.6	64.48
64.1	64.49
64.1	64.50
64.5	64.51
64.6	64.52
64.1	64.53
64.1	64.54
64.1	64.55
64.1	64.56
64.6	64.57
64.6	64.58
64.1	64.59
64.6	64.60
64.5	64.61
64.1	64.62
64.6	64.63
64.5	64.64
65.1	65.1
65.6	65.2
65.4	65.3
65.6	65.4
65.5	65.5
65.1	65.6
65.10	65.7
65.6	65.8
65.5	65.9
65.6	65.10
65.5	65.11
65.1	65.12
65.6	65.13
65.6	65.14
65.9	65.15
65.6	65.16
65.6	65.17
65.6	65.18
65.5	65.19
65.10	65.20
65.6	65.21
65.5	65.22
65.10	65.23
65.10	65.24
65.6	65.25
65.10	65.26
65.6	65.27
65.1	65.28
65.2	65.29
65.10	65.30
65.6	65.31
65.10	65.32
65.7	65.33
65.6	65.34
65.6	65.35
65.6	65.36
65.7	65.37
65.5	65.38
65.5	65.39
65.6	65.40
65.6	65.41
65.5	65.42
65.1	65.43
65.5	65.44
65.10	65.45
65.1	65.46
65.10	65.47
65.5	65.48
65.6	65.49
65.10	65.50
65.8	65.51
65.5	65.52
65.1	65.53
65.6	65.54
65.5	65.55
65.3	65.56
65.5	65.57
65.5	65.58
65.5	65.59
65.5	65.60
65.5	65.61
65.5	65.62
65.1	65.63
65.10	65.64
66.4	66.1
66.4	66.2
66.4	66.3
66.4	66.4
66.4	66.5
66.4	66.6
66.4	66.7
66.4	66.8
66.4	66.9
66.4	66.10
66.4	66.11
66.4	66.12
66.2	66.13
66.4	66.14
66.4	66.15
66.4	66.16
66.4	66.17
66.4	66.18
66.1	66.19
66.4	66.20
66.4	66.21
66.1	66.22
66.4	66.23
66.1	66.24
66.4	66.25
66.4	66.26
66.4	66.27
66.4	66.28
66.1	66.29
66.4	66.30
66.4	66.31
66.4	66.32
66.4	66.33
66.4	66.34
66.4	66.35
66.5	66.36
66.4	66.37
66.4	66.38
66.4	66.39
66.4	66.40
66.4	66.41
66.4	66.42
66.4	66.43
66.4	66.44
66.1	66.45
66.4	66.46
66.4	66.47
66.4	66.48
66.1	66.49
66.4	66.50
66.1	66.51
66.1	66.52
66.1	66.53
66.5	66.54
66.4	66.55
66.1	66.56
66.4	66.57
66.1	66.58
66.4	66.59
66.5	66.60
66.4	66.61
66.4	66.62
66.3	66.63
66.4	66.64
67.7	67.1
67.5	67.2
67.7	67.3
67.5	67.4
67.1	67.5
67.5	67.6
67.5	67.7
67.5	67.8
67.7	67.9
67.5	67.10
67.6	67.11
67.5	67.12
67.5	67.13
67.6	67.14
67.5	67.15
67.1	67.16
67.7	67.17
67.5	67.18
67.5	67.19
67.1	67.20
67.5	67.21
67.1	67.22
67.4	67.23
67.6	67.24
67.7	67.25
67.5	67.26
67.5	67.27
67.7	67.28
67.5	67.29
67.5	67.30
67.2	67.31
67.7	67.32
67.6	67.33
67.5	67.34
67.5	67.35
67.7	67.36
67.5	67.37
67.7	67.38
67.5	67.39
67.6	67.40
67.5	67.41
67.5	67.42
67.7	67.43
67.7	67.44
67.3	67.45
67.5	67.46
67.5	67.47
67.5	67.48
67.1	67.49
67.6	67.50
67.5	67.51
67.6	67.52
67.6	67.53
67.5	67.54
67.5	67.55
67.5	67.56
67.5	67.57
67.5	67.58
67.7	67.59
67.6	67.60
67.6	67.61
67.6	67.62
67.6	67.63
67.7	67.64
68.1	68.1
68.1	68.2
68.7	68.3
68.1	68.4
68.1	68.5
68.5	68.6
68.1	68.7
68.6	68.8
68.6	68.9
68.6	68.10
68.1	68.11
68.3	68.12
68.6	68.13
68.1	68.14
68.1	68.15
68.7	68.16
68.6	68.17
68.6	68.18
68.6	68.19
68.6	68.20
68.6	68.21
68.5	68.22
68.1	68.23
68.6	68.24
68.1	68.25
68.1	68.26
68.6	68.27
68.3	68.28
68.5	68.29
68.6	68.30
68.1	68.31
68.1	68.32
68.7	68.33
68.1	68.34
68.1	68.35
68.3	68.36
68.4	68.37
68.1	68.38
68.1	68.39
68.1	68.40
68.1	68.41
68.6	68.42
68.7	68.43
68.6	68.44
68.7	68.45
68.7	68.46
68.5	68.47
68.6	68.48
68.6	68.49
68.1	68.50
68.2	68.51
68.1	68.52
68.1	68.53
68.6	68.54
68.1	68.55
68.6	68.56
68.7	68.57
68.7	68.58
68.6	68.59
68.1	68.60
68.1	68.61
68.6	68.62
68.1	68.63
68.6	68.64
69.13	69.1
69.12	69.2
69.13	69.3
69.6	69.4
69.13	69.5
69.9	69.6
69.7	69.7
69.8	69.8
69.6	69.9
69.6	69.10
69.1	69.11
69.1	69.12
69.10	69.13
69.1	69.14
69.2	69.15
69.6	69.16
69.7	69.17
69.13	69.18
69.1	69.19
69.13	69.20
69.4	69.21
69.6	69.22
69.7	69.23
69.9	69.24
69.9	69.25
69.7	69.26
69.10	69.27
69.6	69.28
69.13	69.29
69.9	69.30
69.6	69.31
69.6	69.32
69.6	69.33
69.5	69.34
69.6	69.35
69.5	69.36
69.5	69.37
69.6	69.38
69.6	69.39
69.1	69.40
69.6	69.41
69.10	69.42
69.4	69.43
69.7	69.44
69.8	69.45
69.1	69.46
69.13	69.47
69.6	69.48
69.6	69.49
69.11	69.50
69.13	69.51
69.12	69.52
69.13	69.53
69.10	69.54
69.6	69.55
69.7	69.56
69.10	69.57
69.6	69.58
69.13	69.59
69.3	69.60
69.7	69.61
69.13	69.62
69.6	69.63
69.6	69.64
70.10	70.1
70.10	70.2
70.10	70.3
70.10	70.4
70.6	70.5
70.5	70.6
70.9	70.7
70.10	70.8
70.10	70.9
70.6	70.10
70.6	70.11
70.10	70.12
70.6	70.13
70.6	70.14
70.10	70.15
70.6	70.16
70.10	70.17
70.10	70.18
70.10	70.19
70.6	70.20
70.6	70.21
70.10	70.22
70.6	70.23
70.10	70.24
70.8	70.25
70.8	70.26
70.10	70.27
70.10	70.28
70.10	70.29
70.6	70.30
70.10	70.31
70.4	70.32
70.2	70.33
70.3	70.34
70.6	70.35
70.6	70.36
70.10	70.37
70.10	70.38
70.6	70.39
70.10	70.40
70.6	70.41
70.6	70.42
70.1	70.43
70.1	70.44
70.1	70.45
70.6	70.46
70.10	70.47
70.10	70.48
70.10	70.49
70.10	70.50
70.10	70.51
70.6	70.52
70.8	70.53
70.10	70.54
70.10	70.55
70.7	70.56
70.1	70.57
70.10	70.58
70.10	70.59
70.10	70.60
70.6	70.61
70.6	70.62
70.6	70.63
70.10	70.64
71.4	71.1
71.7	71.2
71.1	71.3
71.1	71.4
71.7	71.5
71.7	71.6
71.1	71.7
71.1	71.8
71.1	71.9
71.1	71.10
71.1	71.11
71.7	71.12
71.7	71.13
71.12	71.14
71.7	71.15
71.7	71.16
71.1	71.17
71.1	71.18
71.7	71.19
71.7	71.20
71.7	71.21
71.8	71.22
71.1	71.23
71.7	71.24
71.6	71.25
71.4	71.26
71.6	71.27
71.7	71.28
71.7	71.29
71.7	71.30
71.1	71.31
71.7	71.32
71.9	71.33
71.11	71.34
71.7	71.35
71.2	71.36
71.12	71.37
71.1	71.38
71.1	71.39
71.6	71.40
71.11	71.41
71.6	71.42
71.1	71.43
71.3	71.44
71.10	71.45
71.7	71.46
71.7	71.47
71.1	71.48
71.6	71.49
71.6	71.50
71.1	71.51
71.6	71.52
71.11	71.53
71.1	71.54
71.1	71.55
71.7	71.56
71.6	71.57
71.4	71.58
71.6	71.59
71.5	71.60
71.1	71.61
71.1	71.62
71.1	71.63
71.1	71.64
72.5	72.1
72.6	72.2
72.5	72.3
72.7	72.4
72.5	72.5
72.5	72.6
72.5	72.7
72.5	72.8
72.5	72.9
72.5	72.10
72.5	72.11
72.2	72.12
72.5	72.13
72.1	72.14
72.5	72.15
72.5	72.16
72.7	72.17
72.4	72.18
72.7	72.19
72.5	72.20
72.5	72.21
72.5	72.22
72.5	72.23
72.5	72.24
72.5	72.25
72.5	72.26
72.5	72.27
72.1	72.28
72.7	72.29
72.1	72.30
72.5	72.31
72.5	72.32
72.7	72.33
72.5	72.34
72.5	72.35
72.5	72.36
72.7	72.37
72.7	72.38
72.5	72.39
72.5	72.40
72.1	72.41
72.5	72.42
72.5	72.43
72.7	72.44
72.7	72.45
72.5	72.46
72.5	72.47
72.1	72.48
72.5	72.49
72.3	72.50
72.5	72.51
72.7	72.52
72.7	72.53
72.5	72.54
72.5	72.55
72.6	72.56
72.7	72.57
72.5	72.58
72.7	72.59
72.6	72.60
72.5	72.61
72.5	72.62
72.3	72.63
72.7	72.64
73.1	73.1
73.1	73.2
73.5	73.3
73.1	73.4
73.2	73.5
73.1	73.6
73.1	73.7
73.1	73.8
73.1	73.9
73.1	73.10
73.1	73.11
73.1	73.12
73.5	73.13
73.1	73.14
73.1	73.15
73.1	73.16
73.1	73.17
73.1	73.18
73.1	73.19
73.5	73.20
73.5	73.21
73.1	73.22
73.1	73.23
73.5	73.24
73.5	73.25
73.1	73.26
73.1	73.27
73.3	73.28
73.4	73.29
73.1	73.30
73.5	73.31
73.5	73.32
73.1	73.33
73.1	73.34
73.5	73.35
73.1	73.36
73.5	73.37
73.1	73.38
73.5	73.39
73.1	73.40
73.1	73.41
73.1	73.42
73.1	73.43
73.5	73.44
73.1	73.45
73.5	73.46
73.1	73.47
73.5	73.48
73.5	73.49
73.1	73.50
73.1	73.51
73.1	73.52
73.1	73.53
73.4	73.54
73.5	73.55
73.4	73.56
73.1	73.57
73.1	73.58
73.5	73.59
73.5	73.60
73.5	73.61
73.1	73.62
73.3	73.63
73.1	73.64
74.11	74.1
74.1	74.2
74.11	74.3
74.9	74.4
74.11	74.5
74.9	74.6
74.9	74.7
74.5	74.8
74.11	74.9
74.1	74.10
74.11	74.11
74.11	74.12
74.11	74.13
74.11	74.14
74.1	74.15
74.1	74.16
74.11	74.17
74.11	74.18
74.1	74.19
74.11	74.20
74.1	74.21
74.9	74.22
74.1	74.23
74.11	74.24
74.1	74.25
74.9	74.26
74.10	74.27
74.1	74.28
74.11	74.29
74.11	74.30
74.11	74.31
74.1	74.32
74.11	74.33
74.1	74.34
74.1	74.35
74.11	74.36
74.10	74.37
74.9	74.38
74.1	74.39
74.1	74.40
74.8	74.41
74.1	74.42
74.11	74.43
74.11	74.44
74.11	74.45
74.5	74.46
74.9	74.47
74.1	74.48
74.7	74.49
74.3	74.50
74.6	74.51
74.10	74.52
74.11	74.53
74.1	74.54
74.5	74.55
74.10	74.56
74.1	74.57
74.11	74.58
74.1	74.59
74.2	74.60
74.1	74.61
74.5	74.62
74.9	74.63
74.4	74.64
75.11	75.1
75.12	75.2
75.12	75.3
75.11	75.4
75.12	75.5
75.11	75.6
75.7	75.7
75.12	75.8
75.12	75.9
75.12	75.10
75.11	75.11
75.11	75.12
75.11	75.13
75.12	75.14
75.11	75.15
75.7	75.16
75.9	75.17
75.11	75.18
75.12	75.19
75.2	75.20
75.1	75.21
75.11	75.22
75.11	75.23
75.3	75.24
75.4	75.25
75.1	75.26
75.1	75.27
75.11	75.28
75.4	75.29
75.7	75.30
75.12	75.31
75.11	75.32
75.11	75.33
75.12	75.34
75.11	75.35
75.11	75.36
75.12	75.37
75.12	75.38
75.10	75.39
75.11	75.40
75.12	75.41
75.12	75.42
75.12	75.43
75.8	75.44
75.5	75.45
75.5	75.46
75.9	75.47
75.12	75.48
75.12	75.49
75.1	75.50
75.7	75.51
75.8	75.52
75.12	75.53
75.12	75.54
75.12	75.55
75.7	75.56
75.6	75.57
75.12	75.58
75.1	75.59
75.1	75.60
75.9	75.61
75.7	75.62
75.8	75.63
75.12	75.64
76.1	76.1
76.6	76.2
76.1	76.3
76.6	76.4
76.6	76.5
76.6	76.6
76.6	76.7
76.6	76.8
76.6	76.9
76.4	76.10
76.6	76.11
76.6	76.12
76.1	76.13
76.1	76.14
76.6	76.15
76.1	76.16
76.4	76.17
76.6	76.18
76.6	76.19
76.6	76.20
76.5	76.21
76.1	76.22
76.1	76.23
76.1	76.24
76.6	76.25
76.6	76.26
76.6	76.27
76.6	76.28
76.6	76.29
76.1	76.30
76.1	76.31
76.1	76.32
76.6	76.33
76.6	76.34
76.6	76.35
76.4	76.36
76.6	76.37
76.6	76.38
76.6	76.39
76.1	76.40
76.1	76.41
76.6	76.42
76.1	76.43
76.4	76.44
76.6	76.45
76.1	76.46
76.6	76.47
76.1	76.48
76.1	76.49
76.4	76.50
76.6	76.51
76.4	76.52
76.1	76.53
76.4	76.54
76.2	76.55
76.6	76.56
76.6	76.57
76.6	76.58
76.6	76.59
76.6	76.60
76.1	76.61
76.3	76.62
76.1	76.63
76.6	76.64
77.13	77.1
77.9	77.2
77.1	77.3
77.13	77.4
77.1	77.5
77.1	77.6
77.1	77.7
77.10	77.8
77.13	77.9
77.9	77.10
77.13	77.11
77.11	77.12
77.1	77.13
77.1	77.14
77.1	77.15
77.13	77.16
77.3	77.17
77.13	77.18
77.1	77.19
77.12	77.20
77.11	77.21
77.1	77.22
77.11	77.23
77.1	77.24
77.13	77.25
77.11	77.26
77.9	77.27
77.13	77.28
77.7	77.29
77.11	77.30
77.13	77.31
77.1	77.32
77.11	77.33
77.5	77.34
77.6	77.35
77.13	77.36
77.1	77.37
77.11	77.38
77.12	77.39
77.12	77.40
77.9	77.41
77.1	77.42
77.1	77.43
77.10	77.44
77.4	77.45
77.9	77.46
77.6	77.47
77.8	77.48
77.1	77.49
77.1	77.50
77.11	77.51
77.9	77.52
77.7	77.53
77.2	77.54
77.13	77.55
77.13	77.56
77.9	77.57
77.1	77.58
77.13	77.59
77.13	77.60
77.13	77.61
77.1	77.62
77.1	77.63
77.11	77.64
78.6	78.1
78.11	78.2
78.1	78.3
78.10	78.4
78.1	78.5
78.6	78.6
78.1	78.7
78.2	78.8
78.10	78.9
78.1	78.10
78.9	78.11
78.11	78.12
78.13	78.13
78.10	78.14
78.10	78.15
78.1	78.16
78.1	78.17
78.5	78.18
78.1	78.19
78.11	78.20
78.6	78.21
78.10	78.22
78.1	78.23
78.1	78.24
78.10	78.25
78.6	78.26
78.1	78.27
78.1	78.28
78.10	78.29
78.1	78.30
78.1	78.31
78.1	78.32
78.10	78.33
78.1	78.34
78.1	78.35
78.1	78.36
78.4	78.37
78.10	78.38
78.1	78.39
78.6	78.40
78.10	78.41
78.1	78.42
78.8	78.43
78.1	78.44
78.1	78.45
78.1	78.46
78.3	78.47
78.1	78.48
78.1	78.49
78.6	78.50
78.5	78.51
78.1	78.52
78.6	78.53
78.7	78.54
78.10	78.55
78.12	78.56
78.1	78.57
78.1	78.58
78.7	78.59
78.9	78.60
78.1	78.61
78.7	78.62
78.10	78.63
78.1	78.64
79.5	79.1
79.5	79.2
79.5	79.3
79.1	79.4
79.1	79.5
79.1	79.6
79.1	79.7
79.1	79.8
79.1	79.9
79.1	79.10
79.1	79.11
79.5	79.12
79.1	79.13
79.4	79.14
79.1	79.15
79.1	79.16
79.5	79.17
79.1	79.18
79.1	79.19
79.1	79.20
79.5	79.21
79.1	79.22
79.1	79.23
79.1	79.24
79.1	79.25
79.5	79.26
79.5	79.27
79.5	79.28
79.1	79.29
79.1	79.30
79.1	79.31
79.1	79.32
79.1	79.33
79.1	79.34
79.1	79.35
79.3	79.36
79.5	79.37
79.2	79.38
79.5	79.39
79.1	79.40
79.1	79.41
79.1	79.42
79.5	79.43
79.5	79.44
79.5	79.45
79.1	79.46
79.1	79.47
79.1	79.48
79.5	79.49
79.6	79.50
79.1	79.51
79.1	79.52
79.1	79.53
79.1	79.54
79.1	79.55
79.1	79.56
79.1	79.57
79.5	79.58
79.1	79.59
79.1	79.60
79.1	79.61
79.1	79.62
79.1	79.63
79.5	79.64
80.7	80.1
80.7	80.2
80.8	80.3
80.7	80.4
80.7	80.5
80.1	80.6
80.7	80.7
80.2	80.8
80.1	80.9
80.1	80.10
80.1	80.11
80.7	80.12
80.7	80.13
80.1	80.14
80.6	80.15
80.7	80.16
80.7	80.17
80.1	80.18
80.7	80.19
80.7	80.20
80.6	80.21
80.1	80.22
80.7	80.23
80.8	80.24
80.1	80.25
80.7	80.26
80.7	80.27
80.1	80.28
80.7	80.29
80.7	80.30
80.8	80.31
80.6	80.32
80.7	80.33
80.1	80.34
80.7	80.35
80.7	80.36
80.7	80.37
80.1	80.38
80.7	80.39
80.7	80.40
80.1	80.41
80.7	80.42
80.7	80.43
80.5	80.44
80.1	80.45
80.1	80.46
80.8	80.47
80.7	80.48
80.1	80.49
80.5	80.50
80.7	80.51
80.1	80.52
80.7	80.53
80.4	80.54
80.7	80.55
80.7	80.56
80.7	80.57
80.7	80.58
80.1	80.59
80.7	80.60
80.1	80.61
80.3	80.62
80.7	80.63
80.7	80.64
81.1	81.1
81.3	81.2
81.3	81.3
81.3	81.4
81.3	81.5
81.1	81.6
81.3	81.7
81.3	81.8
81.3	81.9
81.3	81.10
81.3	81.11
81.3	81.12
81.1	81.13
81.3	81.14
81.3	81.15
81.3	81.16
81.1	81.17
81.3	81.18
81.5	81.19
81.1	81.20
81.3	81.21
81.3	81.22
81.3	81.23
81.3	81.24
81.3	81.25
81.3	81.26
81.6	81.27
81.6	81.28
81.3	81.29
81.6	81.30
81.3	81.31
81.1	81.32
81.1	81.33
81.1	81.34
81.3	81.35
81.3	81.36
81.3	81.37
81.3	81.38
81.1	81.39
81.4	81.40
81.5	81.41
81.3	81.42
81.3	81.43
81.3	81.44
81.3	81.45
81.1	81.46
81.1	81.47
81.3	81.48
81.3	81.49
81.3	81.50
81.1	81.51
81.3	81.52
81.5	81.53
81.3	81.54
81.3	81.55
81.1	81.56
81.3	81.57
81.3	81.58
81.6	81.59
81.3	81.60
81.1	81.61
81.2	81.62
81.3	81.63
81.5	81.64
82.7	82.1
82.7	82.2
82.1	82.3
82.7	82.4
82.8	82.5
82.6	82.6
82.9	82.7
82.1	82.8
82.9	82.9
82.6	82.10
82.7	82.11
82.9	82.12
82.9	82.13
82.7	82.14
82.7	82.15
82.9	82.16
82.8	82.17
82.1	82.18
82.1	82.19
82.7	82.20
82.6	82.21
82.9	82.22
82.2	82.23
82.5	82.24
82.9	82.25
82.8	82.26
82.7	82.27
82.9	82.28
82.8	82.29
82.9	82.30
82.7	82.31
82.7	82.32
82.1	82.33
82.8	82.34
82.7	82.35
82.9	82.36
82.1	82.37
82.7	82.38
82.9	82.39
82.9	82.40
82.1	82.41
82.7	82.42
82.7	82.43
82.9	82.44
82.9	82.45
82.1	82.46
82.7	82.47
82.9	82.48
82.9	82.49
82.6	82.50
82.7	82.51
82.1	82.52
82.7	82.53
82.7	82.54
82.7	82.55
82.6	82.56
82.4	82.57
82.1	82.58
82.8	82.59
82.9	82.60
82.1	82.61
82.3	82.62
82.7	82.63
82.7	82.64
83.4	83.1
83.13	83.2
83.4	83.3
83.4	83.4
83.6	83.5
83.1	83.6
83.10	83.7
83.10	83.8
83.4	83.9
83.10	83.10
83.3	83.11
83.4	83.12
83.9	83.13
83.7	83.14
83.9	83.15
83.9	83.16
83.12	83.17
83.4	83.18
83.13	83.19
83.4	83.20
83.14	83.21
83.7	83.22
83.4	83.23
83.12	83.24
83.7	83.25
83.4	83.26
83.4	83.27
83.12	83.28
83.8	83.29
83.13	83.30
83.4	83.31
83.2	83.32
83.12	83.33
83.11	83.34
83.4	83.35
83.12	83.36
83.4	83.37
83.4	83.38
83.5	83.39
83.14	83.40
83.12	83.41
83.4	83.42
83.10	83.43
83.4	83.44
83.9	83.45
83.13	83.46
83.4	83.47
83.9	83.48
83.9	83.49
83.13	83.50
83.13	83.51
83.13	83.52
83.14	83.53
83.14	83.54
83.4	83.55
83.13	83.56
83.10	83.57
83.13	83.58
83.13	83.59
83.9	83.60
83.13	83.61
83.4	83.62
83.4	83.63
83.11	83.64
84.8	84.1
84.8	84.2
84.8	84.3
84.9	84.4
84.6	84.5
84.6	84.6
84.1	84.7
84.1	84.8
84.1	84.9
84.1	84.10
84.9	84.11
84.1	84.12
84.9	84.13
84.5	84.14
84.9	84.15
84.8	84.16
84.9	84.17
84.3	84.18
84.6	84.19
84.8	84.20
84.6	84.21
84.5	84.22
84.8	84.23
84.8	84.24
84.6	84.25
84.9	84.26
84.9	84.27
84.6	84.28
84.6	84.29
84.9	84.30
84.9	84.31
84.9	84.32
84.1	84.33
84.6	84.34
84.6	84.35
84.5	84.36
84.6	84.37
84.8	84.38
84.8	84.39
84.6	84.40
84.8	84.41
84.9	84.42
84.4	84.43
84.5	84.44
84.5	84.45
84.6	84.46
84.9	84.47
84.6	84.48
84.6	84.49
84.9	84.50
84.7	84.51
84.6	84.52
84.6	84.53
84.2	84.54
84.6	84.55
84.6	84.56
84.9	84.57
84.9	84.58
84.6	84.59
84.1	84.60
84.6	84.61
84.9	84.62
84.5	84.63
84.6	84.64
85.6	85.1
85.6	85.2
85.6	85.3
85.8	85.4
85.4	85.5
85.6	85.6
85.6	85.7
85.4	85.8
85.6	85.9
85.4	85.10
85.6	85.11
85.2	85.12
85.3	85.13
85.1	85.14
85.1	85.15
85.4	85.16
85.4	85.17
85.4	85.18
85.1	85.19
85.6	85.20
85.6	85.21
85.1	85.22
85.4	85.23
85.4	85.24
85.1	85.25
85.6	85.26
85.6	85.27
85.6	85.28
85.5	85.29
85.4	85.30
85.1	85.31
85.6	85.32
85.4	85.33
85.4	85.34
85.8	85.35
85.8	85.36
85.4	85.37
85.4	85.38
85.8	85.39
85.1	85.40
85.4	85.41
85.7	85.42
85.4	85.43
85.6	85.44
85.8	85.45
85.4	85.46
85.4	85.47
85.4	85.48
85.8	85.49
85.8	85.50
85.6	85.51
85.4	85.52
85.4	85.53
85.4	85.54
85.6	85.55
85.6	85.56
85.6	85.57
85.1	85.58
85.1	85.59
85.6	85.60
85.4	85.61
85.8	85.62
85.7	85.63
85.4	85.64
86.7	86.1
86.2	86.2
86.2	86.3
86.2	86.4
86.2	86.5
86.2	86.6
86.2	86.7
86.2	86.8
86.5	86.9
86.6	86.10
86.3	86.11
86.6	86.12
86.2	86.13
86.8	86.14
86.4	86.15
86.8	86.16
86.8	86.17
86.2	86.18
86.8	86.19
86.2	86.20
86.2	86.21
86.8	86.22
86.8	86.23
86.2	86.24
86.2	86.25
86.2	86.26
86.7	86.27
86.8	86.28
86.2	86.29
86.3	86.30
86.8	86.31
86.2	86.32
86.2	86.33
86.2	86.34
86.1	86.35
86.8	86.36
86.8	86.37
86.8	86.38
86.2	86.39
86.6	86.40
86.8	86.41
86.8	86.42
86.6	86.43
86.8	86.44
86.2	86.45
86.2	86.46
86.8	86.47
86.7	86.48
86.8	86.49
86.4	86.50
86.2	86.51
86.2	86.52
86.8	86.53
86.8	86.54
86.8	86.55
86.8	86.56
86.5	86.57
86.8	86.58
86.8	86.59
86.5	86.60
86.5	86.61
86.2	86.62
86.2	86.63
86.2	86.64
87.1	87.1
87.1	87.2
87.1	87.3
87.1	87.4
87.6	87.5
87.1	87.6
87.1	87.7
87.1	87.8
87.6	87.9
87.1	87.10
87.6	87.11
87.1	87.12
87.1	87.13
87.6	87.14
87.1	87.15
87.1	87.16
87.1	87.17
87.1	87.18
87.1	87.19
87.1	87.20
87.1	87.21
87.1	87.22
87.1	87.23
87.1	87.24
87.6	87.25
87.4	87.26
87.1	87.27
87.1	87.28
87.3	87.29
87.1	87.30
87.6	87.31
87.1	87.32
87.1	87.33
87.1	87.34
87.2	87.35
87.1	87.36
87.1	87.37
87.1	87.38
87.1	87.39
87.1	87.40
87.1	87.41
87.1	87.42
87.6	87.43
87.6	87.44
87.1	87.45
87.6	87.46
87.6	87.47
87.1	87.48
87.6	87.49
87.5	87.50
87.6	87.51
87.6	87.52
87.1	87.53
87.6	87.54
87.1	87.55
87.1	87.56
87.6	87.57
87.6	87.58
87.1	87.59
87.1	87.60
87.6	87.61
87.5	87.62
87.1	87.63
87.1	87.64
88.1	88.1
88.1	88.2
88.8	88.3
88.8	88.4
88.1	88.5
88.1	88.6
88.1	88.7
88.8	88.8
88.1	88.9
88.3	88.10
88.1	88.11
88.9	88.12
88.1	88.13
88.7	88.14
88.8	88.15
88.8	88.16
88.8	88.17
88.1	88.18
88.7	88.19
88.7	88.20
88.1	88.21
88.9	88.22
88.8	88.23
88.8	88.24
88.8	88.25
88.8	88.26
88.1	88.27
88.1	88.28
88.5	88.29
88.1	88.30
88.3	88.31
88.4	88.32
88.8	88.33
88.8	88.34
88.7	88.35
88.1	88.36
88.1	88.37
88.8	88.38
88.7	88.39
88.1	88.40
88.8	88.41
88.1	88.42
88.7	88.43
88.6	88.44
88.8	88.45
88.1	88.46
88.1	88.47
88.2	88.48
88.8	88.49
88.8	88.50
88.1	88.51
88.8	88.52
88.8	88.53
88.8	88.54
88.1	88.55
88.1	88.56
88.1	88.57
88.8	88.58
88.1	88.59
88.9	88.60
88.1	88.61
88.8	88.62
88.1	88.63
88.1	88.64
89.5	89.1
89.5	89.2
89.5	89.3
89.5	89.4
89.5	89.5
89.5	89.6
89.5	89.7
89.1	89.8
89.4	89.9
89.1	89.10
89.1	89.11
89.1	89.12
89.5	89.13
89.5	89.14
89.5	89.15
89.5	89.16
89.1	89.17
89.5	89.18
89.5	89.19
89.5	89.20
89.4	89.21
89.5	89.22
89.2	89.23
89.1	89.24
89.5	89.25
89.1	89.26
89.1	89.27
89.5	89.28
89.5	89.29
89.1	89.30
89.4	89.31
89.1	89.32
89.5	89.33
89.3	89.34
89.1	89.35
89.5	89.36
89.4	89.37
89.5	89.38
89.5	89.39
89.5	89.40
89.5	89.41
89.1	89.42
89.1	89.43
89.5	89.44
89.4	89.45
89.5	89.46
89.5	89.47
89.5	89.48
89.1	89.49
89.5	89.50
89.1	89.51
89.1	89.52
89.6	89.53
89.5	89.54
89.1	89.55
89.1	89.56
89.5	89.57
89.1	89.58
89.1	89.59
89.1	89.60
89.5	89.61
89.1	89.62
89.5	89.63
89.1	89.64
90.1	90.1
90.1	90.2
90.1	90.3
90.1	90.4
90.1	90.5
90.8	90.6
90.1	90.7
90.8	90.8
90.8	90.9
90.1	90.10
90.8	90.11
90.1	90.12
90.1	90.13
90.9	90.14
90.1	90.15
90.1	90.16
90.1	90.17
90.8	90.18
90.1	90.19
90.1	90.20
90.1	90.21
90.1	90.22
90.8	90.23
90.1	90.24
90.4	90.25
90.11	90.26
90.1	90.27
90.10	90.28
90.8	90.29
90.1	90.30
90.8	90.31
90.1	90.32
90.9	90.33
90.4	90.34
90.8	90.35
90.1	90.36
90.8	90.37
90.6	90.38
90.8	90.39
90.1	90.40
90.8	90.41
90.9	90.42
90.7	90.43
90.5	90.44
90.8	90.45
90.1	90.46
90.1	90.47
90.1	90.48
90.9	90.49
90.3	90.50
90.1	90.51
90.1	90.52
90.9	90.53
90.1	90.54
90.1	90.55
90.10	90.56
90.8	90.57
90.1	90.58
90.1	90.59
90.9	90.60
90.5	90.61
90.8	90.62
90.8	90.63
90.2	90.64
91.6	91.1
91.1	91.2
91.7	91.3
91.6	91.4
91.1	91.5
91.1	91.6
91.1	91.7
91.1	91.8
91.6	91.9
91.1	91.10
91.1	91.11
91.6	91.12
91.6	91.13
91.1	91.14
91.1	91.15
91.1	91.16
91.6	91.17
91.1	91.18
91.6	91.19
91.1	91.20
91.4	91.21
91.1	91.22
91.7	91.23
91.1	91.24
91.1	91.25
91.1	91.26
91.1	91.27
91.6	91.28
91.8	91.29
91.6	91.30
91.6	91.31
91.6	91.32
91.1	91.33
91.1	91.34
91.6	91.35
91.1	91.36
91.1	91.37
91.6	91.38
91.3	91.39
91.1	91.40
91.1	91.41
91.2	91.42
91.6	91.43
91.7	91.44
91.1	91.45
91.7	91.46
91.6	91.47
91.6	91.48
91.1	91.49
91.7	91.50
91.1	91.51
91.1	91.52
91.6	91.53
91.7	91.54
91.6	91.55
91.6	91.56
91.5	91.57
91.1	91.58
91.6	91.59
91.7	91.60
91.6	91.61
91.1	91.62
91.1	91.63
91.1	91.64
92.1	92.1
92.1	92.2
92.5	92.3
92.1	92.4
92.1	92.5
92.1	92.6
92.4	92.7
92.1	92.8
92.5	92.9
92.5	92.10
92.5	92.11
92.1	92.12
92.1	92.13
92.4	92.14
92.1	92.15
92.1	92.16
92.1	92.17
92.1	92.18
92.1	92.19
92.1	92.20
92.1	92.21
92.1	92.22
92.3	92.23
92.1	92.24
92.5	92.25
92.1	92.26
92.1	92.27
92.5	92.28
92.1	92.29
92.1	92.30
92.5	92.31
92.5	92.32
92.1	92.33
92.5	92.34
92.1	92.35
92.4	92.36
92.1	92.37
92.4	92.38
92.5	92.39
92.1	92.40
92.1	92.41
92.5	92.42
92.5	92.43
92.5	92.44
92.1	92.45
92.1	92.46
92.1	92.47
92.1	92.48
92.1	92.49
92.5	92.50
92.2	92.51
92.1	92.52
92.1	92.53
92.4	92.54
92.5	92.55
92.5	92.56
92.4	92.57
92.1	92.58
92.1	92.59
92.1	92.60
92.1	92.61
92.1	92.62
92.1	92.63
92.5	92.64
93.12	93.1
93.1	93.2
93.15	93.3
93.10	93.4
93.1	93.5
93.15	93.6
93.12	93.7
93.12	93.8
93.12	93.9
93.12	93.10
93.12	93.11
93.12	93.12
93.13	93.13
93.3	93.14
93.1	93.15
93.13	93.16
93.15	93.17
93.12	93.18
93.12	93.19
93.1	93.20
93.15	93.21
93.15	93.22
93.1	93.23
93.12	93.24
93.6	93.25
93.12	93.26
93.1	93.27
93.12	93.28
93.12	93.29
93.15	93.30
93.15	93.31
93.1	93.32
93.4	93.33
93.12	93.34
93.9	93.35
93.14	93.36
93.5	93.37
93.1	93.38
93.10	93.39
93.1	93.40
93.10	93.41
93.10	93.42
93.10	93.43
93.11	93.44
93.7	93.45
93.1	93.46
93.10	93.47
93.1	93.48
93.10	93.49
93.13	93.50
93.9	93.51
93.9	93.52
93.15	93.53
93.9	93.54
93.7	93.55
93.15	93.56
93.1	93.57
93.8	93.58
93.2	93.59
93.12	93.60
93.1	93.61
93.1	93.62
93.11	93.63
93.10	93.64
94.1	94.1
94.10	94.2
94.11	94.3
94.10	94.4
94.10	94.5
94.10	94.6
94.10	94.7
94.7	94.8
94.10	94.9
94.10	94.10
94.10	94.11
94.1	94.12
94.10	94.13
94.11	94.14
94.1	94.15
94.3	94.16
94.10	94.17
94.1	94.18
94.1	94.19
94.9	94.20
94.10	94.21
94.1	94.22
94.1	94.23
94.1	94.24
94.10	94.25
94.10	94.26
94.10	94.27
94.1	94.28
94.1	94.29
94.10	94.30
94.1	94.31
94.4	94.32
94.10	94.33
94.10	94.34
94.10	94.35
94.6	94.36
94.10	94.37
94.8	94.38
94.10	94.39
94.10	94.40
94.9	94.41
94.9	94.42
94.2	94.43
94.10	94.44
94.11	94.45
94.1	94.46
94.10	94.47
94.10	94.48
94.1	94.49
94.10	94.50
94.10	94.51
94.1	94.52
94.5	94.53
94.10	94.54
94.10	94.55
94.10	94.56
94.10	94.57
94.10	94.58
94.10	94.59
94.1	94.60
94.1	94.61
94.10	94.62
94.10	94.63
94.1	94.64
95.1	95.1
95.7	95.2
95.9	95.3
95.5	95.4
95.7	95.5
95.2	95.6
95.10	95.7
95.6	95.8
95.3	95.9
95.10	95.10
95.9	95.11
95.1	95.12
95.4	95.13
95.10	95.14
95.4	95.15
95.7	95.16
95.9	95.17
95.10	95.18
95.1	95.19
95.9	95.20
95.10	95.21
95.1	95.22
95.1	95.23
95.10	95.24
95.1	95.25
95.6	95.26
95.9	95.27
95.1	95.28
95.10	95.29
95.9	95.30
95.1	95.31
95.1	95.32
95.10	95.33
95.1	95.34
95.10	95.35
95.4	95.36
95.10	95.37
95.7	95.38
95.6	95.39
95.6	95.40
95.7	95.41
95.10	95.42
95.1	95.43
95.1	95.44
95.10	95.45
95.1	95.46
95.10	95.47
95.7	95.48
95.9	95.49
95.10	95.50
95.10	95.51
95.1	95.52
95.1	95.53
95.10	95.54
95.6	95.55
95.5	95.56
95.10	95.57
95.7	95.58
95.10	95.59
95.1	95.60
95.1	95.61
95.10	95.62
95.8	95.63
95.10	95.64
96.1	96.1
96.5	96.2
96.7	96.3
96.7	96.4
96.1	96.5
96.1	96.6
96.1	96.7
96.7	96.8
96.7	96.9
96.7	96.10
96.7	96.11
96.1	96.12
96.8	96.13
96.7	96.14
96.3	96.15
96.1	96.16
96.7	96.17
96.1	96.18
96.1	96.19
96.1	96.20
96.5	96.21
96.7	96.22
96.1	96.23
96.1	96.24
96.1	96.25
96.1	96.26
96.5	96.27
96.7	96.28
96.7	96.29
96.1	96.30
96.1	96.31
96.7	96.32
96.1	96.33
96.1	96.34
96.1	96.35
96.1	96.36
96.4	96.37
96.1	96.38
96.7	96.39
96.5	96.40
96.7	96.41
96.5	96.42
96.1	96.43
96.1	96.44
96.7	96.45
96.1	96.46
96.7	96.47
96.1	96.48
96.1	96.49
96.1	96.50
96.7	96.51
96.1	96.52
96.5	96.53
96.2	96.54
96.7	96.55
96.1	96.56
96.7	96.57
96.4	96.58
96.7	96.59
96.6	96.60
96.7	96.61
96.1	96.62
96.8	96.63
96.5	96.64
97.4	97.1
97.4	97.2
97.4	97.3
97.4	97.4
97.9	97.5
97.6	97.6
97.11	97.7
97.4	97.8
97.9	97.9
97.9	97.10
97.4	97.11
97.4	97.12
97.9	97.13
97.4	97.14
97.4	97.15
97.4	97.16
97.9	97.17
97.4	97.18
97.3	97.19
97.9	97.20
97.4	97.21
97.9	97.22
97.9	97.23
97.4	97.24
97.5	97.25
97.5	97.26
97.9	97.27
97.10	97.28
97.9	97.29
97.6	97.30
97.10	97.31
97.9	97.32
97.9	97.33
97.9	97.34
97.6	97.35
97.4	97.36
97.9	97.37
97.9	97.38
97.4	97.39
97.9	97.40
97.2	97.41
97.9	97.42
97.7	97.43
97.9	97.44
97.9	97.45
97.10	97.46
97.8	97.47
97.10	97.48
97.10	97.49
97.4	97.50
97.8	97.51
97.1	97.52
97.4	97.53
97.9	97.54
97.10	97.55
97.4	97.56
97.9	97.57
97.11	97.58
97.10	97.59
97.9	97.60
97.9	97.61
97.4	97.62
97.4	97.63
97.9	97.64
98.1	98.1
98.1	98.2
98.1	98.3
98.1	98.4
98.1	98.5
98.1	98.6
98.6	98.7
98.1	98.8
98.7	98.9
98.1	98.10
98.1	98.11
98.7	98.12
98.1	98.13
98.7	98.14
98.3	98.15
98.1	98.16
98.7	98.17
98.1	98.18
98.1	98.19
98.8	98.20
98.6	98.21
98.1	98.22
98.1	98.23
98.1	98.24
98.1	98.25
98.1	98.26
98.7	98.27
98.4	98.28
98.6	98.29
98.1	98.30
98.9	98.31
98.9	98.32
98.1	98.33
98.1	98.34
98.1	98.35
98.1	98.36
98.8	98.37
98.7	98.38
98.8	98.39
98.7	98.40
98.6	98.41
98.4	98.42
98.1	98.43
98.7	98.44
98.7	98.45
98.1	98.46
98.1	98.47
98.7	98.48
98.6	98.49
98.6	98.50
98.1	98.51
98.7	98.52
98.7	98.53
98.2	98.54
98.1	98.55
98.7	98.56
98.1	98.57
98.5	98.58
98.1	98.59
98.6	98.60
98.5	98.61
98.1	98.62
98.1	98.63
98.7	98.64
99.6	99.1
99.1	99.2
99.8	99.3
99.7	99.4
99.1	99.5
99.1	99.6
99.8	99.7
99.1	99.8
99.6	99.9
99.1	99.10
99.6	99.11
99.1	99.12
99.7	99.13
99.1	99.14
99.5	99.15
99.1	99.16
99.3	99.17
99.1	99.18
99.1	99.19
99.1	99.20
99.8	99.21
99.6	99.22
99.6	99.23
99.2	99.24
99.1	99.25
99.5	99.26
99.5	99.27
99.8	99.28
99.1	99.29
99.6	99.30
99.1	99.31
99.6	99.32
99.1	99.33
99.6	99.34
99.3	99.35
99.1	99.36
99.7	99.37
99.6	99.38
99.6	99.39
99.1	99.40
99.1	99.41
99.6	99.42
99.1	99.43
99.1	99.44
99.1	99.45
99.4	99.46
99.7	99.47
99.6	99.48
99.1	99.49
99.1	99.50
99.1	99.51
99.8	99.52
99.1	99.53
99.1	99.54
99.1	99.55
99.8	99.56
99.1	99.57
99.7	99.58
99.1	99.59
99.1	99.60
99.6	99.61
99.1	99.62
99.8	99.63
99.6	99.64
100.5	100.1
100.1	100.2
100.1	100.3
100.7	100.4
100.5	100.5
100.1	100.6
100.1	100.7
100.1	100.8
100.1	100.9
100.5	100.10
100.1	100.11
100.5	100.12
100.1	100.13
100.1	100.14
100.1	100.15
100.1	100.16
100.5	100.17
100.5	100.18
100.1	100.19
100.1	100.20
100.1	100.21
100.1	100.22
100.8	100.23
100.1	100.24
100.1	100.25
100.1	100.26
100.5	100.27
100.5	100.28
100.1	100.29
100.1	100.30
100.7	100.31
100.1	100.32
100.1	100.33
100.6	100.34
100.6	100.35
100.1	100.36
100.1	100.37
100.1	100.38
100.1	100.39
100.1	100.40
100.1	100.41
100.1	100.42
100.1	100.43
100.1	100.44
100.1	100.45
100.5	100.46
100.1	100.47
100.1	100.48
100.1	100.49
100.1	100.50
100.8	100.51
100.1	100.52
100.4	100.53
100.5	100.54
100.2	100.55
100.5	100.56
100.6	100.57
100.1	100.58
100.3	100.59
100.5	100.60
100.5	100.61
100.1	100.62
100.1	100.63
100.1	100.64