subTopicID	resultID
1.3	1.1
1.3	1.2
1.3	1.3
1.3	1.4
1.4	1.5
1.3	1.6
1.3	1.7
1.3	1.8
1.3	1.9
1.3	1.10
1.3	1.11
1.3	1.12
1.3	1.13
1.3	1.14
1.3	1.15
1.3	1.16
1.3	1.17
1.3	1.18
1.3	1.19
1.3	1.20
1.3	1.21
1.4	1.22
1.3	1.23
1.3	1.24
1.3	1.25
1.3	1.26
1.3	1.27
1.3	1.28
1.3	1.29
1.3	1.30
1.3	1.31
1.3	1.32
1.3	1.33
1.3	1.34
1.3	1.35
1.3	1.36
1.4	1.37
1.3	1.38
1.1	1.39
1.3	1.40
1.3	1.41
1.3	1.42
1.3	1.43
1.3	1.44
1.3	1.45
1.3	1.46
1.3	1.47
1.4	1.48
1.1	1.49
1.1	1.50
1.4	1.51
1.3	1.52
1.3	1.53
1.3	1.54
1.4	1.55
1.3	1.56
1.3	1.57
1.3	1.58
1.4	1.59
1.3	1.60
1.2	1.61
1.3	1.62
1.3	1.63
1.3	1.64
2.5	2.1
2.5	2.2
2.5	2.3
2.5	2.4
2.7	2.5
2.5	2.6
2.5	2.7
2.5	2.8
2.5	2.9
2.5	2.10
2.5	2.11
2.6	2.12
2.5	2.13
2.5	2.14
2.5	2.15
2.5	2.16
2.7	2.17
2.5	2.18
2.5	2.19
2.5	2.20
2.7	2.21
2.3	2.22
2.4	2.23
2.5	2.24
2.5	2.25
2.5	2.26
2.5	2.27
2.1	2.28
2.7	2.29
2.5	2.30
2.5	2.31
2.7	2.32
2.5	2.33
2.5	2.34
2.7	2.35
2.1	2.36
2.5	2.37
2.1	2.38
2.7	2.39
2.2	2.40
2.5	2.41
2.8	2.42
2.5	2.43
2.5	2.44
2.5	2.45
2.8	2.46
2.7	2.47
2.9	2.48
2.5	2.49
2.7	2.50
2.5	2.51
2.5	2.52
2.1	2.53
2.5	2.54
2.5	2.55
2.7	2.56
2.7	2.57
2.1	2.58
2.7	2.59
2.1	2.60
2.5	2.61
2.7	2.62
2.1	2.63
2.7	2.64
3.1	3.1
3.1	3.2
3.1	3.3
3.1	3.4
3.1	3.5
3.1	3.6
3.1	3.7
3.1	3.8
3.1	3.9
3.1	3.10
3.1	3.11
3.1	3.12
3.1	3.13
3.1	3.14
3.1	3.15
3.1	3.16
3.1	3.17
3.1	3.18
3.1	3.19
3.1	3.20
3.1	3.21
3.1	3.22
3.3	3.23
3.1	3.24
3.1	3.25
3.1	3.26
3.3	3.27
3.1	3.28
3.1	3.29
3.1	3.30
3.1	3.31
3.1	3.32
3.1	3.33
3.1	3.34
3.1	3.35
3.1	3.36
3.1	3.37
3.1	3.38
3.5	3.39
3.1	3.40
3.1	3.41
3.1	3.42
3.1	3.43
3.1	3.44
3.1	3.45
3.1	3.46
3.1	3.47
3.1	3.48
3.1	3.49
3.1	3.50
3.4	3.51
3.1	3.52
3.1	3.53
3.1	3.54
3.1	3.55
3.1	3.56
3.1	3.57
3.2	3.58
3.1	3.59
3.1	3.60
3.1	3.61
3.1	3.62
3.1	3.63
3.1	3.64
4.1	4.1
4.4	4.2
4.1	4.3
4.1	4.4
4.1	4.5
4.6	4.6
4.1	4.7
4.1	4.8
4.1	4.9
4.6	4.10
4.1	4.11
4.1	4.12
4.1	4.13
4.1	4.14
4.1	4.15
4.1	4.16
4.1	4.17
4.1	4.18
4.1	4.19
4.1	4.20
4.1	4.21
4.1	4.22
4.3	4.23
4.6	4.24
4.6	4.25
4.1	4.26
4.6	4.27
4.1	4.28
4.1	4.29
4.1	4.30
4.6	4.31
4.1	4.32
4.1	4.33
4.1	4.34
4.6	4.35
4.1	4.36
4.6	4.37
4.1	4.38
4.1	4.39
4.1	4.40
4.6	4.41
4.1	4.42
4.1	4.43
4.6	4.44
4.1	4.45
4.2	4.46
4.1	4.47
4.1	4.48
4.6	4.49
4.1	4.50
4.1	4.51
4.1	4.52
4.1	4.53
4.1	4.54
4.5	4.55
4.1	4.56
4.6	4.57
4.1	4.58
4.6	4.59
4.1	4.60
4.1	4.61
4.1	4.62
4.1	4.63
4.6	4.64
5.1	5.1
5.1	5.2
5.9	5.3
5.1	5.4
5.4	5.5
5.1	5.6
5.12	5.7
5.1	5.8
5.1	5.9
5.1	5.10
5.9	5.11
5.9	5.12
5.9	5.13
5.11	5.14
5.11	5.15
5.1	5.16
5.12	5.17
5.1	5.18
5.5	5.19
5.1	5.20
5.1	5.21
5.9	5.22
5.12	5.23
5.9	5.24
5.8	5.25
5.5	5.26
5.1	5.27
5.9	5.28
5.1	5.29
5.9	5.30
5.1	5.31
5.9	5.32
5.3	5.33
5.1	5.34
5.9	5.35
5.9	5.36
5.1	5.37
5.2	5.38
5.1	5.39
5.1	5.40
5.1	5.41
5.1	5.42
5.1	5.43
5.7	5.44
5.1	5.45
5.1	5.46
5.6	5.47
5.12	5.48
5.1	5.49
5.11	5.50
5.1	5.51
5.1	5.52
5.11	5.53
5.10	5.54
5.11	5.55
5.9	5.56
5.1	5.57
5.1	5.58
5.1	5.59
5.9	5.60
5.9	5.61
5.1	5.62
5.11	5.63
5.1	5.64
6.1	6.1
6.5	6.2
6.6	6.3
6.9	6.4
6.3	6.5
6.11	6.6
6.6	6.7
6.6	6.8
6.1	6.9
6.10	6.10
6.6	6.11
6.5	6.12
6.5	6.13
6.6	6.14
6.5	6.15
6.6	6.16
6.6	6.17
6.5	6.18
6.10	6.19
6.2	6.20
6.7	6.21
6.11	6.22
6.11	6.23
6.12	6.24
6.6	6.25
6.6	6.26
6.6	6.27
6.6	6.28
6.6	6.29
6.6	6.30
6.4	6.31
6.6	6.32
6.1	6.33
6.6	6.34
6.10	6.35
6.6	6.36
6.8	6.37
6.1	6.38
6.10	6.39
6.6	6.40
6.5	6.41
6.6	6.42
6.5	6.43
6.5	6.44
6.5	6.45
6.5	6.46
6.6	6.47
6.1	6.48
6.6	6.49
6.6	6.50
6.6	6.51
6.10	6.52
6.5	6.53
6.6	6.54
6.9	6.55
6.6	6.56
6.10	6.57
6.1	6.58
6.10	6.59
6.1	6.60
6.1	6.61
6.1	6.62
6.10	6.63
6.5	6.64
7.4	7.1
7.4	7.2
7.8	7.3
7.8	7.4
7.1	7.5
7.7	7.6
7.4	7.7
7.6	7.8
7.7	7.9
7.7	7.10
7.4	7.11
7.4	7.12
7.4	7.13
7.7	7.14
7.4	7.15
7.8	7.16
7.4	7.17
7.4	7.18
7.7	7.19
7.4	7.20
7.4	7.21
7.1	7.22
7.8	7.23
7.8	7.24
7.4	7.25
7.4	7.26
7.3	7.27
7.6	7.28
7.7	7.29
7.4	7.30
7.1	7.31
7.1	7.32
7.1	7.33
7.5	7.34
7.4	7.35
7.2	7.36
7.4	7.37
7.7	7.38
7.7	7.39
7.4	7.40
7.6	7.41
7.7	7.42
7.4	7.43
7.8	7.44
7.7	7.45
7.1	7.46
7.7	7.47
7.7	7.48
7.5	7.49
7.4	7.50
7.5	7.51
7.4	7.52
7.8	7.53
7.6	7.54
7.4	7.55
7.7	7.56
7.4	7.57
7.8	7.58
7.9	7.59
7.3	7.60
7.5	7.61
7.1	7.62
7.1	7.63
7.7	7.64
8.5	8.1
8.10	8.2
8.10	8.3
8.11	8.4
8.12	8.5
8.6	8.6
8.7	8.7
8.9	8.8
8.12	8.9
8.1	8.10
8.6	8.11
8.11	8.12
8.6	8.13
8.6	8.14
8.5	8.15
8.9	8.16
8.3	8.17
8.7	8.18
8.6	8.19
8.6	8.20
8.2	8.21
8.9	8.22
8.6	8.23
8.6	8.24
8.8	8.25
8.8	8.26
8.4	8.27
8.1	8.28
8.7	8.29
8.8	8.30
8.7	8.31
8.7	8.32
8.6	8.33
8.8	8.34
8.6	8.35
8.10	8.36
8.8	8.37
8.8	8.38
8.5	8.39
8.7	8.40
8.8	8.41
8.8	8.42
8.7	8.43
8.9	8.44
8.7	8.45
8.6	8.46
8.6	8.47
8.5	8.48
8.8	8.49
8.8	8.50
8.8	8.51
8.7	8.52
8.8	8.53
8.8	8.54
8.8	8.55
8.7	8.56
8.9	8.57
8.7	8.58
8.7	8.59
8.5	8.60
8.7	8.61
8.4	8.62
8.12	8.63
8.6	8.64
9.5	9.1
9.1	9.2
9.1	9.3
9.1	9.4
9.3	9.5
9.1	9.6
9.1	9.7
9.3	9.8
9.1	9.9
9.1	9.10
9.1	9.11
9.1	9.12
9.3	9.13
9.5	9.14
9.3	9.15
9.1	9.16
9.4	9.17
9.1	9.18
9.1	9.19
9.1	9.20
9.1	9.21
9.1	9.22
9.5	9.23
9.1	9.24
9.5	9.25
9.2	9.26
9.3	9.27
9.3	9.28
9.1	9.29
9.1	9.30
9.1	9.31
9.3	9.32
9.4	9.33
9.1	9.34
9.1	9.35
9.1	9.36
9.3	9.37
9.4	9.38
9.4	9.39
9.6	9.40
9.1	9.41
9.4	9.42
9.5	9.43
9.4	9.44
9.5	9.45
9.6	9.46
9.3	9.47
9.1	9.48
9.3	9.49
9.1	9.50
9.1	9.51
9.1	9.52
9.1	9.53
9.1	9.54
9.3	9.55
9.3	9.56
9.1	9.57
9.3	9.58
9.1	9.59
9.3	9.60
9.1	9.61
9.3	9.62
9.1	9.63
9.3	9.64
10.5	10.1
10.5	10.2
10.5	10.3
10.5	10.4
10.5	10.5
10.5	10.6
10.5	10.7
10.5	10.8
10.5	10.9
10.5	10.10
10.5	10.11
10.5	10.12
10.1	10.13
10.5	10.14
10.5	10.15
10.5	10.16
10.5	10.17
10.5	10.18
10.5	10.19
10.5	10.20
10.1	10.21
10.5	10.22
10.1	10.23
10.5	10.24
10.5	10.25
10.5	10.26
10.5	10.27
10.5	10.28
10.5	10.29
10.5	10.30
10.1	10.31
10.5	10.32
10.3	10.33
10.1	10.34
10.5	10.35
10.1	10.36
10.5	10.37
10.5	10.38
10.5	10.39
10.5	10.40
10.5	10.41
10.2	10.42
10.2	10.43
10.5	10.44
10.5	10.45
10.5	10.46
10.5	10.47
10.1	10.48
10.5	10.49
10.5	10.50
10.5	10.51
10.5	10.52
10.1	10.53
10.5	10.54
10.1	10.55
10.5	10.56
10.5	10.57
10.5	10.58
10.5	10.59
10.1	10.60
10.5	10.61
10.4	10.62
10.5	10.63
10.2	10.64
11.12	11.1
11.3	11.2
11.12	11.3
11.1	11.4
11.1	11.5
11.10	11.6
11.8	11.7
11.1	11.8
11.13	11.9
11.12	11.10
11.1	11.11
11.1	11.12
11.12	11.13
11.1	11.14
11.9	11.15
11.12	11.16
11.11	11.17
11.9	11.18
11.13	11.19
11.12	11.20
11.7	11.21
11.6	11.22
11.1	11.23
11.5	11.24
11.12	11.25
11.12	11.26
11.9	11.27
11.12	11.28
11.12	11.29
11.12	11.30
11.13	11.31
11.12	11.32
11.1	11.33
11.1	11.34
11.1	11.35
11.1	11.36
11.12	11.37
11.12	11.38
11.1	11.39
11.5	11.40
11.10	11.41
11.12	11.42
11.1	11.43
11.1	11.44
11.1	11.45
11.1	11.46
11.1	11.47
11.4	11.48
11.1	11.49
11.8	11.50
11.12	11.51
11.12	11.52
11.12	11.53
11.1	11.54
11.12	11.55
11.5	11.56
11.1	11.57
11.8	11.58
11.2	11.59
11.12	11.60
11.1	11.61
11.1	11.62
11.1	11.63
11.1	11.64
12.1	12.1
12.4	12.2
12.6	12.3
12.2	12.4
12.1	12.5
12.1	12.6
12.6	12.7
12.1	12.8
12.1	12.9
12.5	12.10
12.1	12.11
12.1	12.12
12.1	12.13
12.1	12.14
12.1	12.15
12.1	12.16
12.1	12.17
12.1	12.18
12.1	12.19
12.1	12.20
12.1	12.21
12.1	12.22
12.5	12.23
12.1	12.24
12.1	12.25
12.1	12.26
12.6	12.27
12.1	12.28
12.1	12.29
12.1	12.30
12.1	12.31
12.1	12.32
12.1	12.33
12.1	12.34
12.3	12.35
12.1	12.36
12.1	12.37
12.1	12.38
12.5	12.39
12.1	12.40
12.1	12.41
12.1	12.42
12.1	12.43
12.1	12.44
12.1	12.45
12.1	12.46
12.1	12.47
12.1	12.48
12.1	12.49
12.1	12.50
12.1	12.51
12.1	12.52
12.1	12.53
12.1	12.54
12.6	12.55
12.1	12.56
12.1	12.57
12.1	12.58
12.1	12.59
12.1	12.60
12.1	12.61
12.1	12.62
12.1	12.63
12.1	12.64
13.1	13.1
13.1	13.2
13.1	13.3
13.1	13.4
13.1	13.5
13.1	13.6
13.2	13.7
13.1	13.8
13.1	13.9
13.1	13.10
13.1	13.11
13.1	13.12
13.1	13.13
13.1	13.14
13.1	13.15
13.1	13.16
13.1	13.17
13.1	13.18
13.1	13.19
13.1	13.20
13.1	13.21
13.1	13.22
13.1	13.23
13.1	13.24
13.1	13.25
13.1	13.26
13.1	13.27
13.1	13.28
13.1	13.29
13.1	13.30
13.1	13.31
13.1	13.32
13.1	13.33
13.1	13.34
13.1	13.35
13.1	13.36
13.1	13.37
13.1	13.38
13.1	13.39
13.1	13.40
13.1	13.41
13.1	13.42
13.1	13.43
13.1	13.44
13.1	13.45
13.1	13.46
13.1	13.47
13.1	13.48
13.1	13.49
13.1	13.50
13.1	13.51
13.1	13.52
13.1	13.53
13.1	13.54
13.1	13.55
13.1	13.56
13.1	13.57
13.1	13.58
13.1	13.59
13.1	13.60
13.1	13.61
13.1	13.62
13.1	13.63
13.1	13.64
14.9	14.1
14.13	14.2
14.1	14.3
14.9	14.4
14.4	14.5
14.4	14.6
14.3	14.7
14.14	14.8
14.12	14.9
14.12	14.10
14.9	14.11
14.2	14.12
14.4	14.13
14.9	14.14
14.14	14.15
14.13	14.16
14.16	14.17
14.12	14.18
14.5	14.19
14.1	14.20
14.11	14.21
14.17	14.22
14.16	14.23
14.12	14.24
14.10	14.25
14.14	14.26
14.13	14.27
14.6	14.28
14.10	14.29
14.4	14.30
14.1	14.31
14.12	14.32
14.12	14.33
14.7	14.34
14.18	14.35
14.12	14.36
14.13	14.37
14.9	14.38
14.1	14.39
14.9	14.40
14.9	14.41
14.1	14.42
14.4	14.43
14.12	14.44
14.4	14.45
14.15	14.46
14.4	14.47
14.9	14.48
14.8	14.49
14.13	14.50
14.10	14.51
14.9	14.52
14.9	14.53
14.18	14.54
14.18	14.55
14.13	14.56
14.9	14.57
14.13	14.58
14.15	14.59
14.13	14.60
14.1	14.61
14.19	14.62
14.1	14.63
14.13	14.64
15.10	15.1
15.1	15.2
15.11	15.3
15.1	15.4
15.1	15.5
15.8	15.6
15.1	15.7
15.1	15.8
15.1	15.9
15.1	15.10
15.8	15.11
15.1	15.12
15.8	15.13
15.1	15.14
15.1	15.15
15.1	15.16
15.10	15.17
15.1	15.18
15.1	15.19
15.1	15.20
15.1	15.21
15.1	15.22
15.1	15.23
15.10	15.24
15.1	15.25
15.1	15.26
15.1	15.27
15.10	15.28
15.1	15.29
15.1	15.30
15.1	15.31
15.1	15.32
15.1	15.33
15.1	15.34
15.1	15.35
15.1	15.36
15.9	15.37
15.1	15.38
15.8	15.39
15.1	15.40
15.8	15.41
15.1	15.42
15.1	15.43
15.5	15.44
15.1	15.45
15.8	15.46
15.10	15.47
15.2	15.48
15.1	15.49
15.4	15.50
15.10	15.51
15.10	15.52
15.4	15.53
15.6	15.54
15.1	15.55
15.12	15.56
15.10	15.57
15.7	15.58
15.7	15.59
15.12	15.60
15.3	15.61
15.7	15.62
15.7	15.63
15.8	15.64
16.1	16.1
16.5	16.2
16.1	16.3
16.1	16.4
16.1	16.5
16.1	16.6
16.1	16.7
16.1	16.8
16.1	16.9
16.1	16.10
16.1	16.11
16.1	16.12
16.1	16.13
16.1	16.14
16.1	16.15
16.1	16.16
16.9	16.17
16.1	16.18
16.1	16.19
16.1	16.20
16.1	16.21
16.2	16.22
16.1	16.23
16.1	16.24
16.1	16.25
16.1	16.26
16.1	16.27
16.1	16.28
16.4	16.29
16.1	16.30
16.1	16.31
16.1	16.32
16.1	16.33
16.1	16.34
16.7	16.35
16.1	16.36
16.1	16.37
16.1	16.38
16.1	16.39
16.1	16.40
16.1	16.41
16.4	16.42
16.1	16.43
16.1	16.44
16.8	16.45
16.1	16.46
16.1	16.47
16.3	16.48
16.8	16.49
16.8	16.50
16.1	16.51
16.1	16.52
16.1	16.53
16.1	16.54
16.1	16.55
16.6	16.56
16.1	16.57
16.1	16.58
16.1	16.59
16.1	16.60
16.1	16.61
16.1	16.62
16.9	16.63
16.1	16.64
17.1	17.1
17.1	17.2
17.1	17.3
17.1	17.4
17.1	17.5
17.3	17.6
17.1	17.7
17.1	17.8
17.1	17.9
17.1	17.10
17.1	17.11
17.1	17.12
17.1	17.13
17.1	17.14
17.1	17.15
17.1	17.16
17.1	17.17
17.1	17.18
17.1	17.19
17.1	17.20
17.1	17.21
17.1	17.22
17.1	17.23
17.1	17.24
17.1	17.25
17.1	17.26
17.1	17.27
17.1	17.28
17.1	17.29
17.1	17.30
17.1	17.31
17.1	17.32
17.1	17.33
17.1	17.34
17.1	17.35
17.1	17.36
17.1	17.37
17.4	17.38
17.1	17.39
17.1	17.40
17.1	17.41
17.1	17.42
17.1	17.43
17.1	17.44
17.1	17.45
17.1	17.46
17.1	17.47
17.1	17.48
17.1	17.49
17.1	17.50
17.1	17.51
17.1	17.52
17.1	17.53
17.1	17.54
17.1	17.55
17.2	17.56
17.1	17.57
17.1	17.58
17.1	17.59
17.1	17.60
17.1	17.61
17.1	17.62
17.1	17.63
17.1	17.64
18.4	18.1
18.8	18.2
18.1	18.3
18.1	18.4
18.1	18.5
18.1	18.6
18.1	18.7
18.1	18.8
18.1	18.9
18.1	18.10
18.1	18.11
18.1	18.12
18.1	18.13
18.1	18.14
18.1	18.15
18.1	18.16
18.8	18.17
18.1	18.18
18.1	18.19
18.1	18.20
18.1	18.21
18.1	18.22
18.1	18.23
18.1	18.24
18.1	18.25
18.1	18.26
18.8	18.27
18.1	18.28
18.3	18.29
18.1	18.30
18.1	18.31
18.1	18.32
18.1	18.33
18.1	18.34
18.5	18.35
18.1	18.36
18.1	18.37
18.8	18.38
18.1	18.39
18.1	18.40
18.1	18.41
18.8	18.42
18.6	18.43
18.1	18.44
18.8	18.45
18.8	18.46
18.1	18.47
18.1	18.48
18.8	18.49
18.7	18.50
18.5	18.51
18.1	18.52
18.1	18.53
18.8	18.54
18.8	18.55
18.2	18.56
18.1	18.57
18.8	18.58
18.8	18.59
18.8	18.60
18.1	18.61
18.1	18.62
18.8	18.63
18.1	18.64
19.4	19.1
19.5	19.2
19.4	19.3
19.4	19.4
19.4	19.5
19.5	19.6
19.2	19.7
19.4	19.8
19.5	19.9
19.4	19.10
19.4	19.11
19.6	19.12
19.5	19.13
19.4	19.14
19.4	19.15
19.4	19.16
19.4	19.17
19.5	19.18
19.4	19.19
19.4	19.20
19.2	19.21
19.3	19.22
19.4	19.23
19.4	19.24
19.4	19.25
19.4	19.26
19.8	19.27
19.4	19.28
19.5	19.29
19.4	19.30
19.4	19.31
19.4	19.32
19.4	19.33
19.1	19.34
19.4	19.35
19.4	19.36
19.4	19.37
19.4	19.38
19.4	19.39
19.5	19.40
19.4	19.41
19.5	19.42
19.4	19.43
19.4	19.44
19.4	19.45
19.4	19.46
19.4	19.47
19.4	19.48
19.4	19.49
19.4	19.50
19.4	19.51
19.5	19.52
19.4	19.53
19.5	19.54
19.5	19.55
19.4	19.56
19.4	19.57
19.7	19.58
19.4	19.59
19.4	19.60
19.5	19.61
19.4	19.62
19.4	19.63
19.4	19.64
20.5	20.1
20.1	20.2
20.11	20.3
20.11	20.4
20.11	20.5
20.5	20.6
20.5	20.7
20.5	20.8
20.6	20.9
20.10	20.10
20.11	20.11
20.9	20.12
20.5	20.13
20.1	20.14
20.11	20.15
20.1	20.16
20.1	20.17
20.2	20.18
20.11	20.19
20.4	20.20
20.11	20.21
20.11	20.22
20.1	20.23
20.10	20.24
20.11	20.25
20.11	20.26
20.1	20.27
20.10	20.28
20.1	20.29
20.12	20.30
20.4	20.31
20.3	20.32
20.10	20.33
20.5	20.34
20.11	20.35
20.4	20.36
20.11	20.37
20.1	20.38
20.5	20.39
20.11	20.40
20.10	20.41
20.7	20.42
20.5	20.43
20.5	20.44
20.10	20.45
20.5	20.46
20.1	20.47
20.1	20.48
20.4	20.49
20.1	20.50
20.1	20.51
20.11	20.52
20.10	20.53
20.1	20.54
20.12	20.55
20.8	20.56
20.10	20.57
20.1	20.58
20.5	20.59
20.5	20.60
20.12	20.61
20.6	20.62
20.1	20.63
20.5	20.64
21.4	21.1
21.4	21.2
21.1	21.3
21.4	21.4
21.4	21.5
21.6	21.6
21.6	21.7
21.3	21.8
21.4	21.9
21.4	21.10
21.4	21.11
21.2	21.12
21.6	21.13
21.6	21.14
21.4	21.15
21.6	21.16
21.4	21.17
21.4	21.18
21.6	21.19
21.4	21.20
21.1	21.21
21.5	21.22
21.5	21.23
21.6	21.24
21.4	21.25
21.4	21.26
21.6	21.27
21.6	21.28
21.4	21.29
21.6	21.30
21.4	21.31
21.4	21.32
21.6	21.33
21.1	21.34
21.6	21.35
21.1	21.36
21.6	21.37
21.6	21.38
21.6	21.39
21.4	21.40
21.5	21.41
21.4	21.42
21.4	21.43
21.4	21.44
21.4	21.45
21.6	21.46
21.4	21.47
21.6	21.48
21.4	21.49
21.4	21.50
21.4	21.51
21.4	21.52
21.4	21.53
21.6	21.54
21.4	21.55
21.6	21.56
21.6	21.57
21.1	21.58
21.4	21.59
21.1	21.60
21.5	21.61
21.6	21.62
21.6	21.63
21.1	21.64
22.1	22.1
22.1	22.2
22.1	22.3
22.1	22.4
22.1	22.5
22.1	22.6
22.1	22.7
22.1	22.8
22.1	22.9
22.1	22.10
22.1	22.11
22.1	22.12
22.1	22.13
22.1	22.14
22.1	22.15
22.1	22.16
22.1	22.17
22.1	22.18
22.1	22.19
22.1	22.20
22.1	22.21
22.1	22.22
22.1	22.23
22.1	22.24
22.1	22.25
22.1	22.26
22.1	22.27
22.1	22.28
22.1	22.29
22.1	22.30
22.1	22.31
22.1	22.32
22.1	22.33
22.2	22.34
22.1	22.35
22.1	22.36
22.1	22.37
22.1	22.38
22.1	22.39
22.1	22.40
22.1	22.41
22.1	22.42
22.1	22.43
22.1	22.44
22.1	22.45
22.1	22.46
22.1	22.47
22.1	22.48
22.1	22.49
22.1	22.50
22.1	22.51
22.1	22.52
22.1	22.53
22.1	22.54
22.1	22.55
22.1	22.56
22.1	22.57
22.1	22.58
22.1	22.59
22.1	22.60
22.1	22.61
22.1	22.62
22.1	22.63
22.1	22.64
23.10	23.1
23.12	23.2
23.10	23.3
23.10	23.4
23.5	23.5
23.15	23.6
23.5	23.7
23.1	23.8
23.11	23.9
23.13	23.10
23.15	23.11
23.1	23.12
23.15	23.13
23.5	23.14
23.1	23.15
23.13	23.16
23.15	23.17
23.10	23.18
23.13	23.19
23.13	23.20
23.9	23.21
23.5	23.22
23.15	23.23
23.1	23.24
23.14	23.25
23.5	23.26
23.10	23.27
23.15	23.28
23.15	23.29
23.14	23.30
23.8	23.31
23.10	23.32
23.5	23.33
23.15	23.34
23.13	23.35
23.5	23.36
23.15	23.37
23.13	23.38
23.15	23.39
23.5	23.40
23.1	23.41
23.5	23.42
23.10	23.43
23.2	23.44
23.5	23.45
23.15	23.46
23.3	23.47
23.13	23.48
23.13	23.49
23.7	23.50
23.7	23.51
23.10	23.52
23.1	23.53
23.5	23.54
23.15	23.55
23.4	23.56
23.10	23.57
23.6	23.58
23.13	23.59
23.13	23.60
23.14	23.61
23.1	23.62
23.15	23.63
23.13	23.64
24.4	24.1
24.11	24.2
24.19	24.3
24.8	24.4
24.16	24.5
24.19	24.6
24.19	24.7
24.10	24.8
24.9	24.9
24.13	24.10
24.1	24.11
24.8	24.12
24.19	24.13
24.19	24.14
24.7	24.15
24.19	24.16
24.9	24.17
24.7	24.18
24.19	24.19
24.19	24.20
24.7	24.21
24.19	24.22
24.12	24.23
24.19	24.24
24.15	24.25
24.3	24.26
24.19	24.27
24.19	24.28
24.19	24.29
24.5	24.30
24.14	24.31
24.19	24.32
24.7	24.33
24.19	24.34
24.17	24.35
24.20	24.36
24.19	24.37
24.7	24.38
24.18	24.39
24.19	24.40
24.2	24.41
24.20	24.42
24.7	24.43
24.7	24.44
24.19	24.45
24.16	24.46
24.16	24.47
24.1	24.48
24.19	24.49
24.19	24.50
24.19	24.51
24.19	24.52
24.7	24.53
24.9	24.54
24.7	24.55
24.16	24.56
24.9	24.57
24.19	24.58
24.7	24.59
24.6	24.60
24.19	24.61
24.9	24.62
24.7	24.63
24.19	24.64
25.1	25.1
25.5	25.2
25.1	25.3
25.5	25.4
25.1	25.5
25.1	25.6
25.1	25.7
25.6	25.8
25.1	25.9
25.1	25.10
25.1	25.11
25.1	25.12
25.1	25.13
25.1	25.14
25.1	25.15
25.5	25.16
25.4	25.17
25.1	25.18
25.4	25.19
25.1	25.20
25.1	25.21
25.1	25.22
25.1	25.23
25.1	25.24
25.2	25.25
25.5	25.26
25.4	25.27
25.5	25.28
25.1	25.29
25.5	25.30
25.1	25.31
25.1	25.32
25.5	25.33
25.4	25.34
25.5	25.35
25.1	25.36
25.5	25.37
25.1	25.38
25.1	25.39
25.1	25.40
25.1	25.41
25.1	25.42
25.1	25.43
25.1	25.44
25.1	25.45
25.5	25.46
25.1	25.47
25.1	25.48
25.1	25.49
25.3	25.50
25.1	25.51
25.1	25.52
25.1	25.53
25.1	25.54
25.4	25.55
25.1	25.56
25.1	25.57
25.1	25.58
25.5	25.59
25.1	25.60
25.5	25.61
25.1	25.62
25.1	25.63
25.5	25.64
26.7	26.1
26.1	26.2
26.1	26.3
26.1	26.4
26.1	26.5
26.1	26.6
26.1	26.7
26.3	26.8
26.3	26.9
26.1	26.10
26.1	26.11
26.7	26.12
26.3	26.13
26.3	26.14
26.1	26.15
26.7	26.16
26.6	26.17
26.7	26.18
26.7	26.19
26.7	26.20
26.5	26.21
26.1	26.22
26.3	26.23
26.1	26.24
26.4	26.25
26.6	26.26
26.7	26.27
26.3	26.28
26.1	26.29
26.2	26.30
26.7	26.31
26.7	26.32
26.7	26.33
26.1	26.34
26.7	26.35
26.1	26.36
26.3	26.37
26.1	26.38
26.1	26.39
26.1	26.40
26.1	26.41
26.7	26.42
26.1	26.43
26.1	26.44
26.1	26.45
26.1	26.46
26.1	26.47
26.1	26.48
26.3	26.49
26.7	26.50
26.3	26.51
26.1	26.52
26.7	26.53
26.3	26.54
26.7	26.55
26.5	26.56
26.3	26.57
26.1	26.58
26.7	26.59
26.3	26.60
26.3	26.61
26.6	26.62
26.7	26.63
26.1	26.64
27.4	27.1
27.17	27.2
27.10	27.3
27.10	27.4
27.18	27.5
27.9	27.6
27.10	27.7
27.10	27.8
27.17	27.9
27.14	27.10
27.3	27.11
27.7	27.12
27.3	27.13
27.4	27.14
27.14	27.15
27.10	27.16
27.4	27.17
27.11	27.18
27.8	27.19
27.11	27.20
27.7	27.21
27.7	27.22
27.2	27.23
27.13	27.24
27.14	27.25
27.10	27.26
27.9	27.27
27.13	27.28
27.10	27.29
27.7	27.30
27.9	27.31
27.16	27.32
27.1	27.33
27.17	27.34
27.1	27.35
27.4	27.36
27.4	27.37
27.4	27.38
27.19	27.39
27.17	27.40
27.12	27.41
27.1	27.42
27.17	27.43
27.14	27.44
27.8	27.45
27.1	27.46
27.15	27.47
27.17	27.48
27.11	27.49
27.17	27.50
27.4	27.51
27.7	27.52
27.7	27.53
27.14	27.54
27.1	27.55
27.17	27.56
27.14	27.57
27.17	27.58
27.7	27.59
27.11	27.60
27.15	27.61
27.6	27.62
27.5	27.63
27.7	27.64
28.1	28.1
28.1	28.2
28.11	28.3
28.1	28.4
28.6	28.5
28.1	28.6
28.12	28.7
28.6	28.8
28.1	28.9
28.12	28.10
28.1	28.11
28.1	28.12
28.7	28.13
28.1	28.14
28.1	28.15
28.5	28.16
28.1	28.17
28.1	28.18
28.15	28.19
28.1	28.20
28.1	28.21
28.1	28.22
28.10	28.23
28.1	28.24
28.1	28.25
28.12	28.26
28.6	28.27
28.1	28.28
28.15	28.29
28.1	28.30
28.13	28.31
28.6	28.32
28.1	28.33
28.1	28.34
28.9	28.35
28.8	28.36
28.3	28.37
28.1	28.38
28.8	28.39
28.1	28.40
28.14	28.41
28.10	28.42
28.1	28.43
28.12	28.44
28.2	28.45
28.4	28.46
28.6	28.47
28.10	28.48
28.1	28.49
28.7	28.50
28.1	28.51
28.1	28.52
28.1	28.53
28.15	28.54
28.12	28.55
28.1	28.56
28.8	28.57
28.12	28.58
28.1	28.59
28.6	28.60
28.15	28.61
28.10	28.62
28.12	28.63
28.12	28.64
29.3	29.1
29.3	29.2
29.3	29.3
29.3	29.4
29.3	29.5
29.3	29.6
29.3	29.7
29.3	29.8
29.4	29.9
29.3	29.10
29.4	29.11
29.3	29.12
29.3	29.13
29.3	29.14
29.3	29.15
29.4	29.16
29.4	29.17
29.3	29.18
29.4	29.19
29.3	29.20
29.4	29.21
29.3	29.22
29.3	29.23
29.3	29.24
29.1	29.25
29.3	29.26
29.3	29.27
29.3	29.28
29.3	29.29
29.3	29.30
29.3	29.31
29.2	29.32
29.3	29.33
29.3	29.34
29.3	29.35
29.3	29.36
29.4	29.37
29.3	29.38
29.3	29.39
29.3	29.40
29.3	29.41
29.3	29.42
29.3	29.43
29.3	29.44
29.3	29.45
29.3	29.46
29.1	29.47
29.3	29.48
29.3	29.49
29.3	29.50
29.3	29.51
29.3	29.52
29.3	29.53
29.3	29.54
29.3	29.55
29.3	29.56
29.3	29.57
29.3	29.58
29.3	29.59
29.3	29.60
29.3	29.61
29.3	29.62
29.3	29.63
29.3	29.64
30.1	30.1
30.1	30.2
30.1	30.3
30.7	30.4
30.1	30.5
30.1	30.6
30.5	30.7
30.1	30.8
30.1	30.9
30.1	30.10
30.1	30.11
30.1	30.12
30.1	30.13
30.1	30.14
30.1	30.15
30.1	30.16
30.3	30.17
30.1	30.18
30.1	30.19
30.1	30.20
30.1	30.21
30.1	30.22
30.1	30.23
30.1	30.24
30.1	30.25
30.5	30.26
30.6	30.27
30.5	30.28
30.1	30.29
30.2	30.30
30.1	30.31
30.1	30.32
30.1	30.33
30.1	30.34
30.1	30.35
30.4	30.36
30.1	30.37
30.1	30.38
30.1	30.39
30.1	30.40
30.1	30.41
30.1	30.42
30.1	30.43
30.1	30.44
30.1	30.45
30.1	30.46
30.1	30.47
30.1	30.48
30.1	30.49
30.1	30.50
30.1	30.51
30.1	30.52
30.1	30.53
30.1	30.54
30.1	30.55
30.1	30.56
30.1	30.57
30.1	30.58
30.1	30.59
30.1	30.60
30.8	30.61
30.1	30.62
30.1	30.63
30.1	30.64
31.2	31.1
31.2	31.2
31.2	31.3
31.9	31.4
31.6	31.5
31.2	31.6
31.2	31.7
31.2	31.8
31.2	31.9
31.2	31.10
31.2	31.11
31.2	31.12
31.2	31.13
31.2	31.14
31.2	31.15
31.2	31.16
31.2	31.17
31.2	31.18
31.2	31.19
31.2	31.20
31.2	31.21
31.2	31.22
31.2	31.23
31.2	31.24
31.2	31.25
31.9	31.26
31.9	31.27
31.2	31.28
31.5	31.29
31.2	31.30
31.8	31.31
31.2	31.32
31.2	31.33
31.2	31.34
31.2	31.35
31.1	31.36
31.2	31.37
31.7	31.38
31.2	31.39
31.2	31.40
31.2	31.41
31.2	31.42
31.2	31.43
31.2	31.44
31.4	31.45
31.3	31.46
31.2	31.47
31.9	31.48
31.2	31.49
31.2	31.50
31.6	31.51
31.2	31.52
31.2	31.53
31.2	31.54
31.2	31.55
31.2	31.56
31.2	31.57
31.2	31.58
31.2	31.59
31.2	31.60
31.9	31.61
31.2	31.62
31.2	31.63
31.2	31.64
32.7	32.1
32.7	32.2
32.6	32.3
32.3	32.4
32.4	32.5
32.6	32.6
32.6	32.7
32.6	32.8
32.7	32.9
32.6	32.10
32.6	32.11
32.3	32.12
32.6	32.13
32.7	32.14
32.6	32.15
32.5	32.16
32.6	32.17
32.6	32.18
32.6	32.19
32.4	32.20
32.7	32.21
32.6	32.22
32.4	32.23
32.3	32.24
32.1	32.25
32.6	32.26
32.1	32.27
32.6	32.28
32.1	32.29
32.1	32.30
32.1	32.31
32.7	32.32
32.1	32.33
32.7	32.34
32.1	32.35
32.6	32.36
32.3	32.37
32.1	32.38
32.1	32.39
32.5	32.40
32.1	32.41
32.7	32.42
32.6	32.43
32.2	32.44
32.5	32.45
32.6	32.46
32.6	32.47
32.4	32.48
32.7	32.49
32.4	32.50
32.3	32.51
32.7	32.52
32.1	32.53
32.7	32.54
32.7	32.55
32.1	32.56
32.1	32.57
32.1	32.58
32.1	32.59
32.1	32.60
32.1	32.61
32.1	32.62
32.1	32.63
32.6	32.64
33.1	33.1
33.8	33.2
33.9	33.3
33.9	33.4
33.1	33.5
33.1	33.6
33.5	33.7
33.9	33.8
33.9	33.9
33.9	33.10
33.9	33.11
33.9	33.12
33.9	33.13
33.5	33.14
33.1	33.15
33.6	33.16
33.9	33.17
33.5	33.18
33.3	33.19
33.4	33.20
33.8	33.21
33.9	33.22
33.8	33.23
33.9	33.24
33.7	33.25
33.9	33.26
33.5	33.27
33.1	33.28
33.9	33.29
33.9	33.30
33.9	33.31
33.1	33.32
33.9	33.33
33.9	33.34
33.1	33.35
33.5	33.36
33.9	33.37
33.9	33.38
33.5	33.39
33.9	33.40
33.9	33.41
33.6	33.42
33.5	33.43
33.1	33.44
33.5	33.45
33.1	33.46
33.1	33.47
33.9	33.48
33.5	33.49
33.9	33.50
33.9	33.51
33.9	33.52
33.1	33.53
33.6	33.54
33.6	33.55
33.2	33.56
33.5	33.57
33.5	33.58
33.9	33.59
33.6	33.60
33.1	33.61
33.5	33.62
33.9	33.63
33.5	33.64
34.1	34.1
34.5	34.2
34.5	34.3
34.5	34.4
34.5	34.5
34.5	34.6
34.5	34.7
34.1	34.8
34.5	34.9
34.5	34.10
34.5	34.11
34.5	34.12
34.1	34.13
34.5	34.14
34.5	34.15
34.5	34.16
34.5	34.17
34.5	34.18
34.5	34.19
34.5	34.20
34.1	34.21
34.5	34.22
34.5	34.23
34.5	34.24
34.5	34.25
34.5	34.26
34.1	34.27
34.5	34.28
34.5	34.29
34.1	34.30
34.7	34.31
34.5	34.32
34.5	34.33
34.6	34.34
34.5	34.35
34.1	34.36
34.5	34.37
34.5	34.38
34.1	34.39
34.5	34.40
34.5	34.41
34.1	34.42
34.2	34.43
34.5	34.44
34.3	34.45
34.1	34.46
34.1	34.47
34.5	34.48
34.5	34.49
34.7	34.50
34.1	34.51
34.5	34.52
34.1	34.53
34.5	34.54
34.5	34.55
34.5	34.56
34.1	34.57
34.1	34.58
34.4	34.59
34.5	34.60
34.5	34.61
34.1	34.62
34.1	34.63
34.5	34.64
35.3	35.1
35.3	35.2
35.3	35.3
35.3	35.4
35.3	35.5
35.1	35.6
35.3	35.7
35.3	35.8
35.3	35.9
35.3	35.10
35.3	35.11
35.3	35.12
35.3	35.13
35.3	35.14
35.3	35.15
35.3	35.16
35.3	35.17
35.3	35.18
35.3	35.19
35.3	35.20
35.3	35.21
35.3	35.22
35.3	35.23
35.3	35.24
35.3	35.25
35.3	35.26
35.3	35.27
35.3	35.28
35.3	35.29
35.3	35.30
35.3	35.31
35.3	35.32
35.3	35.33
35.3	35.34
35.3	35.35
35.3	35.36
35.3	35.37
35.3	35.38
35.3	35.39
35.3	35.40
35.3	35.41
35.3	35.42
35.3	35.43
35.3	35.44
35.3	35.45
35.3	35.46
35.3	35.47
35.3	35.48
35.2	35.49
35.3	35.50
35.3	35.51
35.3	35.52
35.3	35.53
35.3	35.54
35.3	35.55
35.3	35.56
35.3	35.57
35.3	35.58
35.3	35.59
35.3	35.60
35.3	35.61
35.3	35.62
35.3	35.63
35.3	35.64
36.6	36.1
36.13	36.2
36.4	36.3
36.9	36.4
36.4	36.5
36.13	36.6
36.1	36.7
36.1	36.8
36.12	36.9
36.13	36.10
36.13	36.11
36.7	36.12
36.11	36.13
36.1	36.14
36.10	36.15
36.13	36.16
36.2	36.17
36.10	36.18
36.13	36.19
36.13	36.20
36.1	36.21
36.13	36.22
36.5	36.23
36.12	36.24
36.13	36.25
36.13	36.26
36.1	36.27
36.1	36.28
36.13	36.29
36.12	36.30
36.13	36.31
36.1	36.32
36.1	36.33
36.13	36.34
36.13	36.35
36.1	36.36
36.8	36.37
36.7	36.38
36.12	36.39
36.8	36.40
36.13	36.41
36.1	36.42
36.12	36.43
36.5	36.44
36.13	36.45
36.11	36.46
36.1	36.47
36.12	36.48
36.1	36.49
36.1	36.50
36.1	36.51
36.1	36.52
36.13	36.53
36.3	36.54
36.13	36.55
36.13	36.56
36.7	36.57
36.13	36.58
36.1	36.59
36.11	36.60
36.1	36.61
36.1	36.62
36.1	36.63
36.1	36.64
37.1	37.1
37.7	37.2
37.1	37.3
37.13	37.4
37.1	37.5
37.1	37.6
37.1	37.7
37.12	37.8
37.1	37.9
37.1	37.10
37.10	37.11
37.9	37.12
37.1	37.13
37.12	37.14
37.1	37.15
37.2	37.16
37.10	37.17
37.1	37.18
37.1	37.19
37.1	37.20
37.14	37.21
37.1	37.22
37.9	37.23
37.15	37.24
37.1	37.25
37.1	37.26
37.5	37.27
37.12	37.28
37.11	37.29
37.1	37.30
37.4	37.31
37.1	37.32
37.1	37.33
37.6	37.34
37.1	37.35
37.9	37.36
37.12	37.37
37.12	37.38
37.11	37.39
37.12	37.40
37.1	37.41
37.1	37.42
37.11	37.43
37.1	37.44
37.12	37.45
37.1	37.46
37.1	37.47
37.1	37.48
37.12	37.49
37.1	37.50
37.8	37.51
37.1	37.52
37.12	37.53
37.13	37.54
37.14	37.55
37.1	37.56
37.10	37.57
37.12	37.58
37.1	37.59
37.1	37.60
37.1	37.61
37.1	37.62
37.10	37.63
37.3	37.64
38.6	38.1
38.11	38.2
38.9	38.3
38.3	38.4
38.3	38.5
38.9	38.6
38.6	38.7
38.3	38.8
38.9	38.9
38.9	38.10
38.9	38.11
38.2	38.12
38.1	38.13
38.8	38.14
38.11	38.15
38.3	38.16
38.6	38.17
38.11	38.18
38.11	38.19
38.11	38.20
38.9	38.21
38.5	38.22
38.9	38.23
38.3	38.24
38.6	38.25
38.3	38.26
38.5	38.27
38.6	38.28
38.10	38.29
38.9	38.30
38.6	38.31
38.6	38.32
38.10	38.33
38.10	38.34
38.3	38.35
38.9	38.36
38.1	38.37
38.3	38.38
38.3	38.39
38.11	38.40
38.6	38.41
38.3	38.42
38.9	38.43
38.1	38.44
38.3	38.45
38.4	38.46
38.3	38.47
38.3	38.48
38.3	38.49
38.11	38.50
38.7	38.51
38.3	38.52
38.9	38.53
38.3	38.54
38.8	38.55
38.9	38.56
38.9	38.57
38.9	38.58
38.6	38.59
38.9	38.60
38.6	38.61
38.6	38.62
38.11	38.63
38.11	38.64
39.1	39.1
39.1	39.2
39.1	39.3
39.1	39.4
39.1	39.5
39.1	39.6
39.1	39.7
39.1	39.8
39.1	39.9
39.1	39.10
39.2	39.11
39.1	39.12
39.5	39.13
39.3	39.14
39.1	39.15
39.1	39.16
39.1	39.17
39.1	39.18
39.5	39.19
39.1	39.20
39.1	39.21
39.1	39.22
39.1	39.23
39.4	39.24
39.1	39.25
39.1	39.26
39.1	39.27
39.1	39.28
39.1	39.29
39.1	39.30
39.1	39.31
39.1	39.32
39.1	39.33
39.1	39.34
39.1	39.35
39.1	39.36
39.1	39.37
39.1	39.38
39.1	39.39
39.1	39.40
39.1	39.41
39.1	39.42
39.1	39.43
39.5	39.44
39.1	39.45
39.1	39.46
39.1	39.47
39.1	39.48
39.1	39.49
39.1	39.50
39.1	39.51
39.1	39.52
39.1	39.53
39.1	39.54
39.1	39.55
39.1	39.56
39.1	39.57
39.1	39.58
39.1	39.59
39.1	39.60
39.1	39.61
39.1	39.62
39.1	39.63
39.1	39.64
40.1	40.1
40.1	40.2
40.1	40.3
40.7	40.4
40.7	40.5
40.1	40.6
40.1	40.7
40.7	40.8
40.1	40.9
40.1	40.10
40.1	40.11
40.1	40.12
40.1	40.13
40.1	40.14
40.1	40.15
40.1	40.16
40.1	40.17
40.4	40.18
40.6	40.19
40.8	40.20
40.1	40.21
40.1	40.22
40.1	40.23
40.1	40.24
40.8	40.25
40.7	40.26
40.8	40.27
40.1	40.28
40.1	40.29
40.4	40.30
40.7	40.31
40.1	40.32
40.1	40.33
40.7	40.34
40.1	40.35
40.1	40.36
40.7	40.37
40.1	40.38
40.1	40.39
40.1	40.40
40.1	40.41
40.1	40.42
40.2	40.43
40.7	40.44
40.1	40.45
40.1	40.46
40.1	40.47
40.5	40.48
40.3	40.49
40.7	40.50
40.1	40.51
40.1	40.52
40.1	40.53
40.7	40.54
40.1	40.55
40.1	40.56
40.1	40.57
40.7	40.58
40.1	40.59
40.7	40.60
40.5	40.61
40.5	40.62
40.5	40.63
40.1	40.64
41.8	41.1
41.1	41.2
41.8	41.3
41.1	41.4
41.1	41.5
41.5	41.6
41.1	41.7
41.1	41.8
41.3	41.9
41.8	41.10
41.8	41.11
41.1	41.12
41.8	41.13
41.8	41.14
41.1	41.15
41.1	41.16
41.1	41.17
41.7	41.18
41.5	41.19
41.8	41.20
41.5	41.21
41.1	41.22
41.1	41.23
41.1	41.24
41.7	41.25
41.1	41.26
41.8	41.27
41.1	41.28
41.8	41.29
41.8	41.30
41.8	41.31
41.8	41.32
41.4	41.33
41.5	41.34
41.1	41.35
41.1	41.36
41.8	41.37
41.8	41.38
41.8	41.39
41.6	41.40
41.5	41.41
41.8	41.42
41.1	41.43
41.8	41.44
41.4	41.45
41.8	41.46
41.5	41.47
41.1	41.48
41.2	41.49
41.8	41.50
41.8	41.51
41.8	41.52
41.1	41.53
41.1	41.54
41.5	41.55
41.8	41.56
41.1	41.57
41.1	41.58
41.8	41.59
41.1	41.60
41.5	41.61
41.8	41.62
41.4	41.63
41.8	41.64
42.1	42.1
42.1	42.2
42.1	42.3
42.1	42.4
42.1	42.5
42.5	42.6
42.1	42.7
42.1	42.8
42.1	42.9
42.5	42.10
42.1	42.11
42.1	42.12
42.1	42.13
42.5	42.14
42.1	42.15
42.5	42.16
42.4	42.17
42.1	42.18
42.5	42.19
42.1	42.20
42.1	42.21
42.5	42.22
42.1	42.23
42.1	42.24
42.1	42.25
42.1	42.26
42.1	42.27
42.1	42.28
42.5	42.29
42.1	42.30
42.1	42.31
42.1	42.32
42.1	42.33
42.1	42.34
42.5	42.35
42.1	42.36
42.5	42.37
42.1	42.38
42.1	42.39
42.4	42.40
42.1	42.41
42.1	42.42
42.5	42.43
42.1	42.44
42.1	42.45
42.1	42.46
42.1	42.47
42.6	42.48
42.5	42.49
42.5	42.50
42.6	42.51
42.1	42.52
42.6	42.53
42.6	42.54
42.2	42.55
42.1	42.56
42.3	42.57
42.1	42.58
42.1	42.59
42.1	42.60
42.1	42.61
42.1	42.62
42.1	42.63
42.1	42.64
43.6	43.1
43.5	43.2
43.8	43.3
43.8	43.4
43.5	43.5
43.12	43.6
43.8	43.7
43.2	43.8
43.6	43.9
43.6	43.10
43.10	43.11
43.5	43.12
43.9	43.13
43.4	43.14
43.5	43.15
43.5	43.16
43.6	43.17
43.5	43.18
43.5	43.19
43.1	43.20
43.8	43.21
43.8	43.22
43.5	43.23
43.8	43.24
43.6	43.25
43.8	43.26
43.6	43.27
43.8	43.28
43.5	43.29
43.6	43.30
43.8	43.31
43.6	43.32
43.6	43.33
43.5	43.34
43.10	43.35
43.7	43.36
43.8	43.37
43.6	43.38
43.6	43.39
43.8	43.40
43.8	43.41
43.8	43.42
43.1	43.43
43.7	43.44
43.1	43.45
43.3	43.46
43.6	43.47
43.6	43.48
43.8	43.49
43.11	43.50
43.1	43.51
43.6	43.52
43.6	43.53
43.8	43.54
43.6	43.55
43.5	43.56
43.1	43.57
43.8	43.58
43.8	43.59
43.8	43.60
43.6	43.61
43.6	43.62
43.8	43.63
43.8	43.64
44.1	44.1
44.1	44.2
44.1	44.3
44.1	44.4
44.6	44.5
44.7	44.6
44.1	44.7
44.5	44.8
44.6	44.9
44.1	44.10
44.1	44.11
44.1	44.12
44.1	44.13
44.6	44.14
44.1	44.15
44.1	44.16
44.3	44.17
44.1	44.18
44.1	44.19
44.1	44.20
44.1	44.21
44.1	44.22
44.7	44.23
44.1	44.24
44.1	44.25
44.1	44.26
44.1	44.27
44.1	44.28
44.1	44.29
44.1	44.30
44.6	44.31
44.6	44.32
44.1	44.33
44.1	44.34
44.1	44.35
44.6	44.36
44.1	44.37
44.1	44.38
44.1	44.39
44.6	44.40
44.1	44.41
44.1	44.42
44.1	44.43
44.1	44.44
44.1	44.45
44.2	44.46
44.1	44.47
44.1	44.48
44.6	44.49
44.4	44.50
44.4	44.51
44.1	44.52
44.4	44.53
44.1	44.54
44.4	44.55
44.6	44.56
44.6	44.57
44.4	44.58
44.6	44.59
44.1	44.60
44.6	44.61
44.1	44.62
44.6	44.63
44.6	44.64
45.14	45.1
45.7	45.2
45.10	45.3
45.15	45.4
45.12	45.5
45.15	45.6
45.7	45.7
45.14	45.8
45.11	45.9
45.10	45.10
45.15	45.11
45.10	45.12
45.12	45.13
45.7	45.14
45.15	45.15
45.15	45.16
45.16	45.17
45.15	45.18
45.15	45.19
45.10	45.20
45.7	45.21
45.4	45.22
45.12	45.23
45.15	45.24
45.12	45.25
45.8	45.26
45.7	45.27
45.15	45.28
45.14	45.29
45.15	45.30
45.7	45.31
45.7	45.32
45.3	45.33
45.5	45.34
45.9	45.35
45.15	45.36
45.1	45.37
45.15	45.38
45.17	45.39
45.13	45.40
45.5	45.41
45.15	45.42
45.14	45.43
45.15	45.44
45.7	45.45
45.7	45.46
45.15	45.47
45.6	45.48
45.15	45.49
45.14	45.50
45.15	45.51
45.7	45.52
45.7	45.53
45.15	45.54
45.15	45.55
45.2	45.56
45.5	45.57
45.5	45.58
45.15	45.59
45.14	45.60
45.14	45.61
45.7	45.62
45.6	45.63
45.7	45.64
46.4	46.1
46.4	46.2
46.1	46.3
46.4	46.4
46.4	46.5
46.4	46.6
46.4	46.7
46.4	46.8
46.4	46.9
46.4	46.10
46.1	46.11
46.1	46.12
46.4	46.13
46.4	46.14
46.4	46.15
46.4	46.16
46.1	46.17
46.4	46.18
46.4	46.19
46.4	46.20
46.4	46.21
46.4	46.22
46.4	46.23
46.1	46.24
46.1	46.25
46.5	46.26
46.4	46.27
46.4	46.28
46.4	46.29
46.4	46.30
46.4	46.31
46.4	46.32
46.4	46.33
46.1	46.34
46.4	46.35
46.4	46.36
46.4	46.37
46.4	46.38
46.4	46.39
46.4	46.40
46.4	46.41
46.2	46.42
46.5	46.43
46.4	46.44
46.4	46.45
46.1	46.46
46.4	46.47
46.4	46.48
46.4	46.49
46.4	46.50
46.5	46.51
46.1	46.52
46.4	46.53
46.3	46.54
46.4	46.55
46.4	46.56
46.1	46.57
46.4	46.58
46.1	46.59
46.4	46.60
46.1	46.61
46.4	46.62
46.4	46.63
46.4	46.64
47.4	47.1
47.1	47.2
47.4	47.3
47.1	47.4
47.4	47.5
47.4	47.6
47.4	47.7
47.4	47.8
47.1	47.9
47.1	47.10
47.4	47.11
47.1	47.12
47.4	47.13
47.4	47.14
47.4	47.15
47.4	47.16
47.1	47.17
47.4	47.18
47.4	47.19
47.1	47.20
47.4	47.21
47.4	47.22
47.4	47.23
47.4	47.24
47.4	47.25
47.1	47.26
47.4	47.27
47.4	47.28
47.4	47.29
47.4	47.30
47.4	47.31
47.4	47.32
47.4	47.33
47.1	47.34
47.4	47.35
47.6	47.36
47.4	47.37
47.4	47.38
47.4	47.39
47.4	47.40
47.4	47.41
47.4	47.42
47.7	47.43
47.4	47.44
47.4	47.45
47.4	47.46
47.4	47.47
47.4	47.48
47.4	47.49
47.4	47.50
47.4	47.51
47.2	47.52
47.4	47.53
47.1	47.54
47.5	47.55
47.4	47.56
47.4	47.57
47.1	47.58
47.4	47.59
47.3	47.60
47.1	47.61
47.4	47.62
47.1	47.63
47.4	47.64
48.4	48.1
48.4	48.2
48.1	48.3
48.4	48.4
48.4	48.5
48.1	48.6
48.4	48.7
48.4	48.8
48.6	48.9
48.1	48.10
48.5	48.11
48.1	48.12
48.1	48.13
48.6	48.14
48.4	48.15
48.4	48.16
48.1	48.17
48.5	48.18
48.4	48.19
48.1	48.20
48.4	48.21
48.1	48.22
48.1	48.23
48.6	48.24
48.1	48.25
48.6	48.26
48.1	48.27
48.4	48.28
48.4	48.29
48.2	48.30
48.1	48.31
48.4	48.32
48.6	48.33
48.4	48.34
48.4	48.35
48.4	48.36
48.6	48.37
48.6	48.38
48.4	48.39
48.1	48.40
48.1	48.41
48.4	48.42
48.4	48.43
48.4	48.44
48.4	48.45
48.6	48.46
48.1	48.47
48.6	48.48
48.6	48.49
48.3	48.50
48.4	48.51
48.1	48.52
48.4	48.53
48.1	48.54
48.4	48.55
48.4	48.56
48.4	48.57
48.4	48.58
48.4	48.59
48.4	48.60
48.4	48.61
48.4	48.62
48.4	48.63
48.1	48.64
49.1	49.1
49.1	49.2
49.10	49.3
49.10	49.4
49.7	49.5
49.10	49.6
49.1	49.7
49.10	49.8
49.5	49.9
49.5	49.10
49.2	49.11
49.6	49.12
49.10	49.13
49.7	49.14
49.5	49.15
49.9	49.16
49.1	49.17
49.4	49.18
49.5	49.19
49.10	49.20
49.1	49.21
49.9	49.22
49.6	49.23
49.10	49.24
49.6	49.25
49.5	49.26
49.6	49.27
49.6	49.28
49.1	49.29
49.1	49.30
49.6	49.31
49.6	49.32
49.9	49.33
49.6	49.34
49.6	49.35
49.1	49.36
49.1	49.37
49.1	49.38
49.6	49.39
49.5	49.40
49.4	49.41
49.5	49.42
49.1	49.43
49.10	49.44
49.1	49.45
49.9	49.46
49.10	49.47
49.10	49.48
49.1	49.49
49.6	49.50
49.3	49.51
49.10	49.52
49.1	49.53
49.4	49.54
49.6	49.55
49.10	49.56
49.7	49.57
49.5	49.58
49.6	49.59
49.6	49.60
49.10	49.61
49.7	49.62
49.4	49.63
49.8	49.64
50.1	50.1
50.1	50.2
50.1	50.3
50.1	50.4
50.1	50.5
50.1	50.6
50.1	50.7
50.1	50.8
50.1	50.9
50.1	50.10
50.1	50.11
50.1	50.12
50.1	50.13
50.1	50.14
50.1	50.15
50.1	50.16
50.1	50.17
50.1	50.18
50.1	50.19
50.1	50.20
50.1	50.21
50.1	50.22
50.1	50.23
50.1	50.24
50.1	50.25
50.1	50.26
50.1	50.27
50.1	50.28
50.1	50.29
50.3	50.30
50.1	50.31
50.1	50.32
50.1	50.33
50.1	50.34
50.1	50.35
50.1	50.36
50.1	50.37
50.1	50.38
50.4	50.39
50.1	50.40
50.1	50.41
50.5	50.42
50.5	50.43
50.1	50.44
50.1	50.45
50.1	50.46
50.1	50.47
50.5	50.48
50.1	50.49
50.1	50.50
50.5	50.51
50.1	50.52
50.1	50.53
50.1	50.54
50.1	50.55
50.1	50.56
50.1	50.57
50.2	50.58
50.1	50.59
50.6	50.60
50.5	50.61
50.1	50.62
50.1	50.63
50.1	50.64
51.4	51.1
51.8	51.2
51.3	51.3
51.1	51.4
51.4	51.5
51.3	51.6
51.3	51.7
51.4	51.8
51.7	51.9
51.8	51.10
51.7	51.11
51.1	51.12
51.3	51.13
51.4	51.14
51.4	51.15
51.3	51.16
51.8	51.17
51.8	51.18
51.8	51.19
51.7	51.20
51.5	51.21
51.3	51.22
51.1	51.23
51.3	51.24
51.1	51.25
51.3	51.26
51.8	51.27
51.6	51.28
51.4	51.29
51.1	51.30
51.3	51.31
51.8	51.32
51.7	51.33
51.2	51.34
51.8	51.35
51.8	51.36
51.4	51.37
51.3	51.38
51.8	51.39
51.3	51.40
51.8	51.41
51.8	51.42
51.7	51.43
51.8	51.44
51.1	51.45
51.8	51.46
51.4	51.47
51.3	51.48
51.8	51.49
51.8	51.50
51.4	51.51
51.7	51.52
51.8	51.53
51.3	51.54
51.8	51.55
51.8	51.56
51.8	51.57
51.1	51.58
51.8	51.59
51.7	51.60
51.8	51.61
51.8	51.62
51.4	51.63
51.7	51.64
52.1	52.1
52.1	52.2
52.1	52.3
52.1	52.4
52.1	52.5
52.1	52.6
52.5	52.7
52.1	52.8
52.1	52.9
52.6	52.10
52.5	52.11
52.1	52.12
52.1	52.13
52.1	52.14
52.1	52.15
52.1	52.16
52.1	52.17
52.1	52.18
52.1	52.19
52.1	52.20
52.5	52.21
52.1	52.22
52.6	52.23
52.1	52.24
52.1	52.25
52.1	52.26
52.1	52.27
52.1	52.28
52.1	52.29
52.1	52.30
52.1	52.31
52.5	52.32
52.5	52.33
52.1	52.34
52.1	52.35
52.1	52.36
52.1	52.37
52.5	52.38
52.1	52.39
52.1	52.40
52.1	52.41
52.5	52.42
52.1	52.43
52.1	52.44
52.1	52.45
52.1	52.46
52.3	52.47
52.1	52.48
52.1	52.49
52.1	52.50
52.5	52.51
52.1	52.52
52.2	52.53
52.4	52.54
52.1	52.55
52.1	52.56
52.4	52.57
52.6	52.58
52.1	52.59
52.5	52.60
52.5	52.61
52.5	52.62
52.1	52.63
52.1	52.64
53.4	53.1
53.4	53.2
53.4	53.3
53.4	53.4
53.1	53.5
53.4	53.6
53.1	53.7
53.3	53.8
53.4	53.9
53.1	53.10
53.4	53.11
53.1	53.12
53.1	53.13
53.1	53.14
53.3	53.15
53.4	53.16
53.4	53.17
53.3	53.18
53.1	53.19
53.4	53.20
53.4	53.21
53.4	53.22
53.4	53.23
53.5	53.24
53.1	53.25
53.4	53.26
53.4	53.27
53.3	53.28
53.1	53.29
53.1	53.30
53.3	53.31
53.4	53.32
53.3	53.33
53.4	53.34
53.1	53.35
53.1	53.36
53.4	53.37
53.1	53.38
53.3	53.39
53.1	53.40
53.1	53.41
53.4	53.42
53.5	53.43
53.4	53.44
53.3	53.45
53.4	53.46
53.4	53.47
53.1	53.48
53.4	53.49
53.1	53.50
53.4	53.51
53.2	53.52
53.1	53.53
53.1	53.54
53.4	53.55
53.4	53.56
53.1	53.57
53.4	53.58
53.4	53.59
53.4	53.60
53.4	53.61
53.4	53.62
53.1	53.63
53.1	53.64
54.1	54.1
54.1	54.2
54.1	54.3
54.1	54.4
54.1	54.5
54.13	54.6
54.1	54.7
54.1	54.8
54.1	54.9
54.1	54.10
54.13	54.11
54.11	54.12
54.5	54.13
54.12	54.14
54.1	54.15
54.1	54.16
54.1	54.17
54.7	54.18
54.1	54.19
54.8	54.20
54.1	54.21
54.8	54.22
54.1	54.23
54.2	54.24
54.6	54.25
54.6	54.26
54.8	54.27
54.11	54.28
54.8	54.29
54.1	54.30
54.1	54.31
54.8	54.32
54.8	54.33
54.14	54.34
54.1	54.35
54.14	54.36
54.8	54.37
54.1	54.38
54.13	54.39
54.8	54.40
54.13	54.41
54.1	54.42
54.5	54.43
54.3	54.44
54.10	54.45
54.8	54.46
54.8	54.47
54.9	54.48
54.1	54.49
54.7	54.50
54.1	54.51
54.8	54.52
54.1	54.53
54.7	54.54
54.1	54.55
54.11	54.56
54.1	54.57
54.11	54.58
54.4	54.59
54.4	54.60
54.1	54.61
54.1	54.62
54.7	54.63
54.1	54.64
55.1	55.1
55.1	55.2
55.3	55.3
55.1	55.4
55.1	55.5
55.3	55.6
55.1	55.7
55.1	55.8
55.3	55.9
55.1	55.10
55.1	55.11
55.3	55.12
55.1	55.13
55.4	55.14
55.1	55.15
55.1	55.16
55.3	55.17
55.1	55.18
55.1	55.19
55.5	55.20
55.1	55.21
55.1	55.22
55.2	55.23
55.1	55.24
55.1	55.25
55.1	55.26
55.1	55.27
55.1	55.28
55.1	55.29
55.3	55.30
55.3	55.31
55.1	55.32
55.1	55.33
55.1	55.34
55.1	55.35
55.1	55.36
55.1	55.37
55.3	55.38
55.1	55.39
55.1	55.40
55.3	55.41
55.1	55.42
55.1	55.43
55.1	55.44
55.1	55.45
55.1	55.46
55.1	55.47
55.1	55.48
55.3	55.49
55.4	55.50
55.1	55.51
55.1	55.52
55.1	55.53
55.1	55.54
55.1	55.55
55.1	55.56
55.4	55.57
55.1	55.58
55.1	55.59
55.1	55.60
55.1	55.61
55.1	55.62
55.1	55.63
55.1	55.64
56.1	56.1
56.1	56.2
56.1	56.3
56.1	56.4
56.5	56.5
56.2	56.6
56.8	56.7
56.1	56.8
56.1	56.9
56.1	56.10
56.1	56.11
56.1	56.12
56.1	56.13
56.1	56.14
56.8	56.15
56.1	56.16
56.1	56.17
56.1	56.18
56.6	56.19
56.1	56.20
56.1	56.21
56.5	56.22
56.1	56.23
56.1	56.24
56.1	56.25
56.1	56.26
56.1	56.27
56.1	56.28
56.1	56.29
56.1	56.30
56.4	56.31
56.6	56.32
56.1	56.33
56.1	56.34
56.1	56.35
56.1	56.36
56.8	56.37
56.8	56.38
56.1	56.39
56.1	56.40
56.6	56.41
56.1	56.42
56.1	56.43
56.1	56.44
56.1	56.45
56.1	56.46
56.1	56.47
56.1	56.48
56.6	56.49
56.1	56.50
56.1	56.51
56.1	56.52
56.5	56.53
56.8	56.54
56.4	56.55
56.1	56.56
56.1	56.57
56.3	56.58
56.7	56.59
56.6	56.60
56.1	56.61
56.1	56.62
56.1	56.63
56.1	56.64
57.1	57.1
57.1	57.2
57.1	57.3
57.1	57.4
57.1	57.5
57.1	57.6
57.1	57.7
57.1	57.8
57.1	57.9
57.1	57.10
57.1	57.11
57.1	57.12
57.1	57.13
57.1	57.14
57.5	57.15
57.1	57.16
57.5	57.17
57.1	57.18
57.1	57.19
57.5	57.20
57.1	57.21
57.1	57.22
57.1	57.23
57.1	57.24
57.1	57.25
57.1	57.26
57.1	57.27
57.1	57.28
57.2	57.29
57.1	57.30
57.1	57.31
57.1	57.32
57.1	57.33
57.1	57.34
57.1	57.35
57.1	57.36
57.3	57.37
57.1	57.38
57.1	57.39
57.5	57.40
57.5	57.41
57.5	57.42
57.1	57.43
57.1	57.44
57.1	57.45
57.1	57.46
57.5	57.47
57.1	57.48
57.5	57.49
57.1	57.50
57.1	57.51
57.5	57.52
57.5	57.53
57.5	57.54
57.1	57.55
57.1	57.56
57.4	57.57
57.5	57.58
57.1	57.59
57.5	57.60
57.3	57.61
57.1	57.62
57.1	57.63
57.5	57.64
58.8	58.1
58.8	58.2
58.3	58.3
58.8	58.4
58.5	58.5
58.8	58.6
58.5	58.7
58.5	58.8
58.8	58.9
58.5	58.10
58.8	58.11
58.5	58.12
58.5	58.13
58.6	58.14
58.8	58.15
58.7	58.16
58.5	58.17
58.5	58.18
58.1	58.19
58.7	58.20
58.5	58.21
58.6	58.22
58.5	58.23
58.8	58.24
58.3	58.25
58.3	58.26
58.5	58.27
58.5	58.28
58.5	58.29
58.8	58.30
58.3	58.31
58.5	58.32
58.5	58.33
58.8	58.34
58.8	58.35
58.3	58.36
58.8	58.37
58.3	58.38
58.3	58.39
58.5	58.40
58.8	58.41
58.5	58.42
58.1	58.43
58.7	58.44
58.5	58.45
58.6	58.46
58.5	58.47
58.8	58.48
58.7	58.49
58.8	58.50
58.7	58.51
58.3	58.52
58.5	58.53
58.4	58.54
58.8	58.55
58.8	58.56
58.5	58.57
58.5	58.58
58.3	58.59
58.7	58.60
58.3	58.61
58.5	58.62
58.5	58.63
58.2	58.64
59.18	59.1
59.18	59.2
59.8	59.3
59.7	59.4
59.1	59.5
59.13	59.6
59.5	59.7
59.6	59.8
59.13	59.9
59.5	59.10
59.7	59.11
59.18	59.12
59.5	59.13
59.7	59.14
59.7	59.15
59.17	59.16
59.20	59.17
59.13	59.18
59.13	59.19
59.9	59.20
59.7	59.21
59.7	59.22
59.18	59.23
59.19	59.24
59.13	59.25
59.18	59.26
59.13	59.27
59.15	59.28
59.18	59.29
59.7	59.30
59.18	59.31
59.12	59.32
59.18	59.33
59.14	59.34
59.17	59.35
59.17	59.36
59.11	59.37
59.3	59.38
59.13	59.39
59.18	59.40
59.4	59.41
59.5	59.42
59.1	59.43
59.1	59.44
59.6	59.45
59.6	59.46
59.17	59.47
59.7	59.48
59.17	59.49
59.18	59.50
59.7	59.51
59.6	59.52
59.16	59.53
59.7	59.54
59.7	59.55
59.6	59.56
59.5	59.57
59.10	59.58
59.7	59.59
59.20	59.60
59.8	59.61
59.7	59.62
59.2	59.63
59.13	59.64
60.15	60.1
60.15	60.2
60.15	60.3
60.15	60.4
60.17	60.5
60.15	60.6
60.7	60.7
60.17	60.8
60.18	60.9
60.17	60.10
60.15	60.11
60.15	60.12
60.17	60.13
60.10	60.14
60.1	60.15
60.10	60.16
60.3	60.17
60.15	60.18
60.6	60.19
60.18	60.20
60.15	60.21
60.15	60.22
60.15	60.23
60.18	60.24
60.18	60.25
60.10	60.26
60.17	60.27
60.19	60.28
60.17	60.29
60.4	60.30
60.17	60.31
60.7	60.32
60.9	60.33
60.17	60.34
60.1	60.35
60.2	60.36
60.8	60.37
60.1	60.38
60.20	60.39
60.12	60.40
60.1	60.41
60.11	60.42
60.17	60.43
60.18	60.44
60.13	60.45
60.15	60.46
60.10	60.47
60.15	60.48
60.11	60.49
60.10	60.50
60.1	60.51
60.15	60.52
60.16	60.53
60.15	60.54
60.15	60.55
60.17	60.56
60.10	60.57
60.5	60.58
60.16	60.59
60.15	60.60
60.14	60.61
60.14	60.62
60.6	60.63
60.19	60.64
61.1	61.1
61.9	61.2
61.7	61.3
61.11	61.4
61.7	61.5
61.7	61.6
61.5	61.7
61.5	61.8
61.7	61.9
61.10	61.10
61.11	61.11
61.9	61.12
61.1	61.13
61.9	61.14
61.1	61.15
61.7	61.16
61.7	61.17
61.11	61.18
61.5	61.19
61.9	61.20
61.7	61.21
61.7	61.22
61.11	61.23
61.4	61.24
61.9	61.25
61.7	61.26
61.1	61.27
61.7	61.28
61.8	61.29
61.10	61.30
61.11	61.31
61.11	61.32
61.11	61.33
61.1	61.34
61.10	61.35
61.5	61.36
61.1	61.37
61.7	61.38
61.5	61.39
61.11	61.40
61.11	61.41
61.1	61.42
61.2	61.43
61.12	61.44
61.5	61.45
61.9	61.46
61.1	61.47
61.3	61.48
61.1	61.49
61.7	61.50
61.9	61.51
61.5	61.52
61.9	61.53
61.5	61.54
61.11	61.55
61.1	61.56
61.1	61.57
61.1	61.58
61.1	61.59
61.1	61.60
61.5	61.61
61.5	61.62
61.1	61.63
61.6	61.64
62.17	62.1
62.17	62.2
62.17	62.3
62.17	62.4
62.18	62.5
62.16	62.6
62.6	62.7
62.3	62.8
62.11	62.9
62.17	62.10
62.1	62.11
62.17	62.12
62.12	62.13
62.18	62.14
62.18	62.15
62.13	62.16
62.16	62.17
62.1	62.18
62.11	62.19
62.10	62.20
62.18	62.21
62.10	62.22
62.2	62.23
62.8	62.24
62.13	62.25
62.11	62.26
62.16	62.27
62.11	62.28
62.18	62.29
62.18	62.30
62.5	62.31
62.13	62.32
62.3	62.33
62.11	62.34
62.4	62.35
62.15	62.36
62.17	62.37
62.7	62.38
62.1	62.39
62.11	62.40
62.10	62.41
62.11	62.42
62.13	62.43
62.14	62.44
62.18	62.45
62.10	62.46
62.17	62.47
62.8	62.48
62.8	62.49
62.10	62.50
62.3	62.51
62.3	62.52
62.9	62.53
62.11	62.54
62.10	62.55
62.8	62.56
62.17	62.57
62.13	62.58
62.4	62.59
62.17	62.60
62.18	62.61
62.4	62.62
62.10	62.63
62.4	62.64
63.1	63.1
63.1	63.2
63.1	63.3
63.1	63.4
63.1	63.5
63.1	63.6
63.1	63.7
63.1	63.8
63.1	63.9
63.1	63.10
63.1	63.11
63.1	63.12
63.1	63.13
63.1	63.14
63.1	63.15
63.1	63.16
63.1	63.17
63.1	63.18
63.1	63.19
63.1	63.20
63.1	63.21
63.1	63.22
63.1	63.23
63.1	63.24
63.1	63.25
63.1	63.26
63.1	63.27
63.1	63.28
63.1	63.29
63.1	63.30
63.1	63.31
63.1	63.32
63.1	63.33
63.1	63.34
63.1	63.35
63.1	63.36
63.1	63.37
63.1	63.38
63.1	63.39
63.1	63.40
63.1	63.41
63.1	63.42
63.2	63.43
63.1	63.44
63.1	63.45
63.1	63.46
63.1	63.47
63.1	63.48
63.1	63.49
63.1	63.50
63.3	63.51
63.1	63.52
63.1	63.53
63.1	63.54
63.1	63.55
63.1	63.56
63.1	63.57
63.1	63.58
63.1	63.59
63.1	63.60
63.1	63.61
63.1	63.62
63.1	63.63
63.1	63.64
64.5	64.1
64.5	64.2
64.1	64.3
64.1	64.4
64.1	64.5
64.1	64.6
64.1	64.7
64.1	64.8
64.1	64.9
64.1	64.10
64.1	64.11
64.1	64.12
64.1	64.13
64.1	64.14
64.1	64.15
64.1	64.16
64.1	64.17
64.1	64.18
64.1	64.19
64.1	64.20
64.1	64.21
64.1	64.22
64.1	64.23
64.1	64.24
64.1	64.25
64.5	64.26
64.1	64.27
64.1	64.28
64.4	64.29
64.1	64.30
64.1	64.31
64.1	64.32
64.1	64.33
64.1	64.34
64.1	64.35
64.1	64.36
64.1	64.37
64.1	64.38
64.2	64.39
64.1	64.40
64.1	64.41
64.1	64.42
64.1	64.43
64.1	64.44
64.1	64.45
64.1	64.46
64.3	64.47
64.1	64.48
64.1	64.49
64.5	64.50
64.1	64.51
64.1	64.52
64.1	64.53
64.1	64.54
64.1	64.55
64.1	64.56
64.1	64.57
64.1	64.58
64.1	64.59
64.1	64.60
64.1	64.61
64.1	64.62
64.1	64.63
64.1	64.64
65.5	65.1
65.1	65.2
65.3	65.3
65.1	65.4
65.6	65.5
65.5	65.6
65.6	65.7
65.1	65.8
65.6	65.9
65.1	65.10
65.1	65.11
65.5	65.12
65.1	65.13
65.1	65.14
65.7	65.15
65.1	65.16
65.1	65.17
65.1	65.18
65.6	65.19
65.6	65.20
65.1	65.21
65.6	65.22
65.6	65.23
65.6	65.24
65.1	65.25
65.5	65.26
65.1	65.27
65.7	65.28
65.2	65.29
65.5	65.30
65.1	65.31
65.6	65.32
65.7	65.33
65.1	65.34
65.1	65.35
65.1	65.36
65.7	65.37
65.1	65.38
65.6	65.39
65.1	65.40
65.1	65.41
65.6	65.42
65.5	65.43
65.6	65.44
65.6	65.45
65.5	65.46
65.6	65.47
65.6	65.48
65.1	65.49
65.5	65.50
65.5	65.51
65.1	65.52
65.5	65.53
65.1	65.54
65.1	65.55
65.4	65.56
65.6	65.57
65.6	65.58
65.6	65.59
65.6	65.60
65.6	65.61
65.6	65.62
65.6	65.63
65.5	65.64
66.5	66.1
66.6	66.2
66.5	66.3
66.5	66.4
66.5	66.5
66.6	66.6
66.5	66.7
66.5	66.8
66.6	66.9
66.5	66.10
66.6	66.11
66.5	66.12
66.3	66.13
66.6	66.14
66.6	66.15
66.5	66.16
66.5	66.17
66.5	66.18
66.1	66.19
66.5	66.20
66.5	66.21
66.6	66.22
66.6	66.23
66.1	66.24
66.5	66.25
66.5	66.26
66.5	66.27
66.5	66.28
66.6	66.29
66.6	66.30
66.6	66.31
66.6	66.32
66.6	66.33
66.6	66.34
66.6	66.35
66.4	66.36
66.6	66.37
66.1	66.38
66.6	66.39
66.5	66.40
66.6	66.41
66.5	66.42
66.6	66.43
66.6	66.44
66.1	66.45
66.6	66.46
66.6	66.47
66.5	66.48
66.1	66.49
66.6	66.50
66.1	66.51
66.1	66.52
66.1	66.53
66.4	66.54
66.6	66.55
66.1	66.56
66.6	66.57
66.1	66.58
66.1	66.59
66.4	66.60
66.6	66.61
66.5	66.62
66.2	66.63
66.6	66.64
67.6	67.1
67.5	67.2
67.6	67.3
67.5	67.4
67.1	67.5
67.5	67.6
67.5	67.7
67.5	67.8
67.6	67.9
67.5	67.10
67.1	67.11
67.5	67.12
67.5	67.13
67.4	67.14
67.5	67.15
67.6	67.16
67.6	67.17
67.5	67.18
67.5	67.19
67.6	67.20
67.5	67.21
67.6	67.22
67.4	67.23
67.4	67.24
67.6	67.25
67.6	67.26
67.5	67.27
67.6	67.28
67.5	67.29
67.5	67.30
67.2	67.31
67.6	67.32
67.1	67.33
67.5	67.34
67.6	67.35
67.6	67.36
67.5	67.37
67.6	67.38
67.5	67.39
67.1	67.40
67.5	67.41
67.5	67.42
67.6	67.43
67.6	67.44
67.3	67.45
67.5	67.46
67.5	67.47
67.5	67.48
67.6	67.49
67.1	67.50
67.5	67.51
67.1	67.52
67.1	67.53
67.5	67.54
67.5	67.55
67.5	67.56
67.5	67.57
67.5	67.58
67.6	67.59
67.1	67.60
67.1	67.61
67.1	67.62
67.1	67.63
67.6	67.64
68.3	68.1
68.3	68.2
68.5	68.3
68.3	68.4
68.3	68.5
68.5	68.6
68.3	68.7
68.5	68.8
68.1	68.9
68.5	68.10
68.3	68.11
68.1	68.12
68.3	68.13
68.3	68.14
68.3	68.15
68.1	68.16
68.5	68.17
68.5	68.18
68.3	68.19
68.5	68.20
68.3	68.21
68.5	68.22
68.3	68.23
68.5	68.24
68.3	68.25
68.3	68.26
68.5	68.27
68.1	68.28
68.1	68.29
68.3	68.30
68.3	68.31
68.3	68.32
68.1	68.33
68.3	68.34
68.3	68.35
68.1	68.36
68.4	68.37
68.3	68.38
68.3	68.39
68.3	68.40
68.3	68.41
68.3	68.42
68.5	68.43
68.5	68.44
68.5	68.45
68.1	68.46
68.5	68.47
68.3	68.48
68.3	68.49
68.3	68.50
68.2	68.51
68.3	68.52
68.3	68.53
68.5	68.54
68.3	68.55
68.5	68.56
68.5	68.57
68.5	68.58
68.5	68.59
68.3	68.60
68.3	68.61
68.5	68.62
68.3	68.63
68.5	68.64
69.1	69.1
69.4	69.2
69.1	69.3
69.1	69.4
69.1	69.5
69.3	69.6
69.1	69.7
69.3	69.8
69.1	69.9
69.1	69.10
69.4	69.11
69.4	69.12
69.4	69.13
69.4	69.14
69.2	69.15
69.1	69.16
69.1	69.17
69.1	69.18
69.1	69.19
69.1	69.20
69.4	69.21
69.1	69.22
69.1	69.23
69.4	69.24
69.4	69.25
69.1	69.26
69.4	69.27
69.1	69.28
69.1	69.29
69.3	69.30
69.1	69.31
69.1	69.32
69.1	69.33
69.4	69.34
69.1	69.35
69.4	69.36
69.4	69.37
69.1	69.38
69.1	69.39
69.4	69.40
69.1	69.41
69.4	69.42
69.3	69.43
69.1	69.44
69.3	69.45
69.4	69.46
69.1	69.47
69.1	69.48
69.1	69.49
69.4	69.50
69.1	69.51
69.4	69.52
69.1	69.53
69.4	69.54
69.1	69.55
69.1	69.56
69.4	69.57
69.1	69.58
69.1	69.59
69.5	69.60
69.1	69.61
69.1	69.62
69.1	69.63
69.1	69.64
70.3	70.1
70.3	70.2
70.3	70.3
70.3	70.4
70.3	70.5
70.1	70.6
70.3	70.7
70.3	70.8
70.3	70.9
70.3	70.10
70.3	70.11
70.3	70.12
70.3	70.13
70.3	70.14
70.3	70.15
70.3	70.16
70.3	70.17
70.3	70.18
70.3	70.19
70.3	70.20
70.3	70.21
70.3	70.22
70.3	70.23
70.3	70.24
70.3	70.25
70.3	70.26
70.3	70.27
70.3	70.28
70.3	70.29
70.3	70.30
70.3	70.31
70.5	70.32
70.2	70.33
70.4	70.34
70.3	70.35
70.3	70.36
70.3	70.37
70.3	70.38
70.3	70.39
70.3	70.40
70.3	70.41
70.3	70.42
70.3	70.43
70.3	70.44
70.3	70.45
70.3	70.46
70.3	70.47
70.3	70.48
70.3	70.49
70.3	70.50
70.3	70.51
70.3	70.52
70.3	70.53
70.3	70.54
70.3	70.55
70.4	70.56
70.3	70.57
70.3	70.58
70.3	70.59
70.3	70.60
70.3	70.61
70.3	70.62
70.3	70.63
70.3	70.64
71.4	71.1
71.1	71.2
71.6	71.3
71.6	71.4
71.1	71.5
71.1	71.6
71.6	71.7
71.1	71.8
71.6	71.9
71.1	71.10
71.6	71.11
71.1	71.12
71.1	71.13
71.6	71.14
71.1	71.15
71.1	71.16
71.6	71.17
71.6	71.18
71.1	71.19
71.1	71.20
71.1	71.21
71.4	71.22
71.6	71.23
71.1	71.24
71.4	71.25
71.5	71.26
71.5	71.27
71.1	71.28
71.1	71.29
71.1	71.30
71.6	71.31
71.1	71.32
71.4	71.33
71.5	71.34
71.1	71.35
71.2	71.36
71.6	71.37
71.6	71.38
71.6	71.39
71.5	71.40
71.5	71.41
71.5	71.42
71.6	71.43
71.3	71.44
71.6	71.45
71.1	71.46
71.1	71.47
71.6	71.48
71.5	71.49
71.5	71.50
71.6	71.51
71.5	71.52
71.5	71.53
71.6	71.54
71.6	71.55
71.1	71.56
71.5	71.57
71.4	71.58
71.5	71.59
71.3	71.60
71.6	71.61
71.6	71.62
71.1	71.63
71.6	71.64
72.1	72.1
72.1	72.2
72.1	72.3
72.1	72.4
72.1	72.5
72.1	72.6
72.1	72.7
72.1	72.8
72.1	72.9
72.1	72.10
72.1	72.11
72.2	72.12
72.1	72.13
72.1	72.14
72.1	72.15
72.1	72.16
72.1	72.17
72.1	72.18
72.1	72.19
72.1	72.20
72.1	72.21
72.1	72.22
72.1	72.23
72.1	72.24
72.1	72.25
72.1	72.26
72.1	72.27
72.1	72.28
72.1	72.29
72.1	72.30
72.1	72.31
72.1	72.32
72.1	72.33
72.1	72.34
72.1	72.35
72.1	72.36
72.1	72.37
72.1	72.38
72.1	72.39
72.1	72.40
72.1	72.41
72.1	72.42
72.1	72.43
72.1	72.44
72.1	72.45
72.1	72.46
72.1	72.47
72.1	72.48
72.1	72.49
72.1	72.50
72.1	72.51
72.1	72.52
72.1	72.53
72.1	72.54
72.1	72.55
72.1	72.56
72.1	72.57
72.1	72.58
72.1	72.59
72.1	72.60
72.1	72.61
72.1	72.62
72.1	72.63
72.1	72.64
73.6	73.1
73.5	73.2
73.6	73.3
73.5	73.4
73.2	73.5
73.6	73.6
73.5	73.7
73.6	73.8
73.6	73.9
73.6	73.10
73.5	73.11
73.5	73.12
73.1	73.13
73.5	73.14
73.5	73.15
73.6	73.16
73.5	73.17
73.6	73.18
73.5	73.19
73.6	73.20
73.6	73.21
73.5	73.22
73.5	73.23
73.1	73.24
73.6	73.25
73.5	73.26
73.6	73.27
73.4	73.28
73.1	73.29
73.5	73.30
73.1	73.31
73.6	73.32
73.6	73.33
73.5	73.34
73.6	73.35
73.6	73.36
73.1	73.37
73.6	73.38
73.1	73.39
73.5	73.40
73.5	73.41
73.5	73.42
73.5	73.43
73.1	73.44
73.6	73.45
73.1	73.46
73.5	73.47
73.1	73.48
73.6	73.49
73.5	73.50
73.5	73.51
73.6	73.52
73.6	73.53
73.1	73.54
73.1	73.55
73.1	73.56
73.6	73.57
73.6	73.58
73.1	73.59
73.6	73.60
73.6	73.61
73.6	73.62
73.3	73.63
73.5	73.64
74.5	74.1
74.1	74.2
74.5	74.3
74.8	74.4
74.5	74.5
74.1	74.6
74.1	74.7
74.7	74.8
74.5	74.9
74.5	74.10
74.5	74.11
74.5	74.12
74.5	74.13
74.5	74.14
74.5	74.15
74.1	74.16
74.5	74.17
74.5	74.18
74.1	74.19
74.5	74.20
74.1	74.21
74.1	74.22
74.1	74.23
74.5	74.24
74.1	74.25
74.1	74.26
74.8	74.27
74.1	74.28
74.5	74.29
74.5	74.30
74.5	74.31
74.1	74.32
74.5	74.33
74.1	74.34
74.1	74.35
74.5	74.36
74.1	74.37
74.1	74.38
74.1	74.39
74.5	74.40
74.7	74.41
74.1	74.42
74.5	74.43
74.5	74.44
74.5	74.45
74.8	74.46
74.1	74.47
74.5	74.48
74.7	74.49
74.3	74.50
74.6	74.51
74.1	74.52
74.5	74.53
74.1	74.54
74.8	74.55
74.1	74.56
74.1	74.57
74.5	74.58
74.1	74.59
74.2	74.60
74.1	74.61
74.8	74.62
74.1	74.63
74.4	74.64
75.6	75.1
75.1	75.2
75.1	75.3
75.6	75.4
75.1	75.5
75.6	75.6
75.7	75.7
75.1	75.8
75.1	75.9
75.1	75.10
75.6	75.11
75.6	75.12
75.6	75.13
75.1	75.14
75.6	75.15
75.7	75.16
75.8	75.17
75.6	75.18
75.1	75.19
75.2	75.20
75.6	75.21
75.6	75.22
75.6	75.23
75.3	75.24
75.5	75.25
75.6	75.26
75.7	75.27
75.6	75.28
75.5	75.29
75.7	75.30
75.1	75.31
75.6	75.32
75.6	75.33
75.1	75.34
75.6	75.35
75.6	75.36
75.1	75.37
75.1	75.38
75.5	75.39
75.6	75.40
75.1	75.41
75.1	75.42
75.1	75.43
75.7	75.44
75.4	75.45
75.4	75.46
75.5	75.47
75.1	75.48
75.1	75.49
75.7	75.50
75.7	75.51
75.8	75.52
75.1	75.53
75.1	75.54
75.1	75.55
75.7	75.56
75.4	75.57
75.1	75.58
75.6	75.59
75.6	75.60
75.8	75.61
75.7	75.62
75.8	75.63
75.1	75.64
76.1	76.1
76.1	76.2
76.1	76.3
76.1	76.4
76.1	76.5
76.1	76.6
76.1	76.7
76.1	76.8
76.1	76.9
76.5	76.10
76.1	76.11
76.1	76.12
76.1	76.13
76.1	76.14
76.1	76.15
76.5	76.16
76.5	76.17
76.1	76.18
76.1	76.19
76.1	76.20
76.4	76.21
76.1	76.22
76.5	76.23
76.1	76.24
76.1	76.25
76.1	76.26
76.1	76.27
76.1	76.28
76.1	76.29
76.1	76.30
76.5	76.31
76.1	76.32
76.1	76.33
76.1	76.34
76.1	76.35
76.5	76.36
76.1	76.37
76.1	76.38
76.6	76.39
76.1	76.40
76.5	76.41
76.6	76.42
76.5	76.43
76.5	76.44
76.6	76.45
76.1	76.46
76.1	76.47
76.1	76.48
76.1	76.49
76.5	76.50
76.1	76.51
76.5	76.52
76.1	76.53
76.5	76.54
76.2	76.55
76.1	76.56
76.1	76.57
76.1	76.58
76.1	76.59
76.1	76.60
76.1	76.61
76.3	76.62
76.5	76.63
76.1	76.64
77.8	77.1
77.7	77.2
77.3	77.3
77.9	77.4
77.3	77.5
77.3	77.6
77.3	77.7
77.9	77.8
77.3	77.9
77.7	77.10
77.9	77.11
77.7	77.12
77.3	77.13
77.3	77.14
77.3	77.15
77.9	77.16
77.2	77.17
77.9	77.18
77.3	77.19
77.8	77.20
77.9	77.21
77.3	77.22
77.9	77.23
77.3	77.24
77.3	77.25
77.9	77.26
77.11	77.27
77.9	77.28
77.5	77.29
77.7	77.30
77.3	77.31
77.3	77.32
77.7	77.33
77.10	77.34
77.11	77.35
77.3	77.36
77.3	77.37
77.9	77.38
77.6	77.39
77.6	77.40
77.9	77.41
77.3	77.42
77.3	77.43
77.9	77.44
77.1	77.45
77.7	77.46
77.1	77.47
77.6	77.48
77.3	77.49
77.8	77.50
77.9	77.51
77.7	77.52
77.5	77.53
77.4	77.54
77.9	77.55
77.8	77.56
77.11	77.57
77.3	77.58
77.9	77.59
77.3	77.60
77.3	77.61
77.3	77.62
77.3	77.63
77.9	77.64
78.6	78.1
78.5	78.2
78.1	78.3
78.1	78.4
78.1	78.5
78.5	78.6
78.1	78.7
78.2	78.8
78.5	78.9
78.1	78.10
78.1	78.11
78.5	78.12
78.6	78.13
78.1	78.14
78.1	78.15
78.1	78.16
78.1	78.17
78.6	78.18
78.1	78.19
78.5	78.20
78.5	78.21
78.1	78.22
78.1	78.23
78.1	78.24
78.1	78.25
78.5	78.26
78.1	78.27
78.1	78.28
78.1	78.29
78.1	78.30
78.1	78.31
78.1	78.32
78.1	78.33
78.1	78.34
78.1	78.35
78.1	78.36
78.4	78.37
78.1	78.38
78.1	78.39
78.5	78.40
78.1	78.41
78.1	78.42
78.6	78.43
78.1	78.44
78.1	78.45
78.1	78.46
78.3	78.47
78.1	78.48
78.1	78.49
78.5	78.50
78.5	78.51
78.1	78.52
78.6	78.53
78.1	78.54
78.1	78.55
78.6	78.56
78.1	78.57
78.1	78.58
78.1	78.59
78.1	78.60
78.1	78.61
78.1	78.62
78.1	78.63
78.1	78.64
79.11	79.1
79.7	79.2
79.11	79.3
79.16	79.4
79.16	79.5
79.16	79.6
79.19	79.7
79.16	79.8
79.19	79.9
79.16	79.10
79.10	79.11
79.18	79.12
79.16	79.13
79.6	79.14
79.14	79.15
79.16	79.16
79.7	79.17
79.14	79.18
79.16	79.19
79.8	79.20
79.11	79.21
79.16	79.22
79.10	79.23
79.1	79.24
79.10	79.25
79.11	79.26
79.7	79.27
79.11	79.28
79.1	79.29
79.14	79.30
79.16	79.31
79.19	79.32
79.3	79.33
79.3	79.34
79.13	79.35
79.9	79.36
79.18	79.37
79.2	79.38
79.11	79.39
79.16	79.40
79.11	79.41
79.17	79.42
79.11	79.43
79.12	79.44
79.5	79.45
79.8	79.46
79.1	79.47
79.13	79.48
79.12	79.49
79.4	79.50
79.10	79.51
79.19	79.52
79.16	79.53
79.10	79.54
79.16	79.55
79.19	79.56
79.15	79.57
79.5	79.58
79.8	79.59
79.16	79.60
79.16	79.61
79.8	79.62
79.16	79.63
79.19	79.64
80.1	80.1
80.1	80.2
80.6	80.3
80.1	80.4
80.1	80.5
80.1	80.6
80.1	80.7
80.2	80.8
80.1	80.9
80.1	80.10
80.7	80.11
80.1	80.12
80.1	80.13
80.1	80.14
80.6	80.15
80.1	80.16
80.1	80.17
80.7	80.18
80.1	80.19
80.1	80.20
80.5	80.21
80.1	80.22
80.1	80.23
80.7	80.24
80.1	80.25
80.1	80.26
80.1	80.27
80.1	80.28
80.1	80.29
80.1	80.30
80.7	80.31
80.6	80.32
80.1	80.33
80.7	80.34
80.1	80.35
80.1	80.36
80.1	80.37
80.1	80.38
80.1	80.39
80.1	80.40
80.1	80.41
80.1	80.42
80.1	80.43
80.6	80.44
80.1	80.45
80.7	80.46
80.7	80.47
80.1	80.48
80.1	80.49
80.6	80.50
80.1	80.51
80.7	80.52
80.1	80.53
80.4	80.54
80.1	80.55
80.1	80.56
80.1	80.57
80.1	80.58
80.7	80.59
80.1	80.60
80.7	80.61
80.3	80.62
80.1	80.63
80.1	80.64
81.5	81.1
81.4	81.2
81.4	81.3
81.3	81.4
81.4	81.5
81.6	81.6
81.3	81.7
81.4	81.8
81.4	81.9
81.4	81.10
81.3	81.11
81.6	81.12
81.5	81.13
81.4	81.14
81.3	81.15
81.3	81.16
81.6	81.17
81.4	81.18
81.1	81.19
81.5	81.20
81.3	81.21
81.6	81.22
81.4	81.23
81.4	81.24
81.3	81.25
81.3	81.26
81.5	81.27
81.5	81.28
81.6	81.29
81.5	81.30
81.4	81.31
81.6	81.32
81.6	81.33
81.6	81.34
81.4	81.35
81.3	81.36
81.4	81.37
81.3	81.38
81.6	81.39
81.1	81.40
81.1	81.41
81.4	81.42
81.3	81.43
81.4	81.44
81.4	81.45
81.6	81.46
81.6	81.47
81.4	81.48
81.6	81.49
81.4	81.50
81.5	81.51
81.3	81.52
81.5	81.53
81.3	81.54
81.4	81.55
81.5	81.56
81.4	81.57
81.4	81.58
81.1	81.59
81.6	81.60
81.5	81.61
81.2	81.62
81.3	81.63
81.5	81.64
82.1	82.1
82.1	82.2
82.1	82.3
82.1	82.4
82.1	82.5
82.1	82.6
82.1	82.7
82.1	82.8
82.1	82.9
82.1	82.10
82.1	82.11
82.1	82.12
82.1	82.13
82.1	82.14
82.1	82.15
82.1	82.16
82.1	82.17
82.1	82.18
82.1	82.19
82.1	82.20
82.1	82.21
82.1	82.22
82.2	82.23
82.1	82.24
82.1	82.25
82.1	82.26
82.1	82.27
82.1	82.28
82.1	82.29
82.1	82.30
82.1	82.31
82.1	82.32
82.1	82.33
82.1	82.34
82.1	82.35
82.1	82.36
82.1	82.37
82.1	82.38
82.1	82.39
82.1	82.40
82.1	82.41
82.1	82.42
82.1	82.43
82.1	82.44
82.1	82.45
82.1	82.46
82.1	82.47
82.1	82.48
82.1	82.49
82.1	82.50
82.1	82.51
82.1	82.52
82.1	82.53
82.1	82.54
82.1	82.55
82.1	82.56
82.3	82.57
82.1	82.58
82.1	82.59
82.1	82.60
82.1	82.61
82.4	82.62
82.1	82.63
82.1	82.64
83.11	83.1
83.11	83.2
83.1	83.3
83.11	83.4
83.3	83.5
83.12	83.6
83.7	83.7
83.7	83.8
83.1	83.9
83.9	83.10
83.5	83.11
83.11	83.12
83.1	83.13
83.6	83.14
83.1	83.15
83.1	83.16
83.8	83.17
83.1	83.18
83.11	83.19
83.1	83.20
83.11	83.21
83.10	83.22
83.1	83.23
83.12	83.24
83.10	83.25
83.1	83.26
83.11	83.27
83.12	83.28
83.5	83.29
83.11	83.30
83.11	83.31
83.2	83.32
83.8	83.33
83.6	83.34
83.11	83.35
83.8	83.36
83.11	83.37
83.11	83.38
83.4	83.39
83.9	83.40
83.8	83.41
83.11	83.42
83.7	83.43
83.1	83.44
83.1	83.45
83.11	83.46
83.11	83.47
83.1	83.48
83.1	83.49
83.11	83.50
83.11	83.51
83.11	83.52
83.9	83.53
83.9	83.54
83.1	83.55
83.11	83.56
83.7	83.57
83.11	83.58
83.11	83.59
83.1	83.60
83.11	83.61
83.11	83.62
83.11	83.63
83.7	83.64
84.1	84.1
84.1	84.2
84.1	84.3
84.1	84.4
84.1	84.5
84.1	84.6
84.3	84.7
84.3	84.8
84.1	84.9
84.1	84.10
84.1	84.11
84.1	84.12
84.1	84.13
84.1	84.14
84.1	84.15
84.1	84.16
84.1	84.17
84.1	84.18
84.1	84.19
84.1	84.20
84.1	84.21
84.1	84.22
84.1	84.23
84.1	84.24
84.1	84.25
84.1	84.26
84.1	84.27
84.1	84.28
84.1	84.29
84.1	84.30
84.1	84.31
84.1	84.32
84.3	84.33
84.1	84.34
84.1	84.35
84.1	84.36
84.1	84.37
84.1	84.38
84.1	84.39
84.1	84.40
84.1	84.41
84.1	84.42
84.1	84.43
84.1	84.44
84.1	84.45
84.1	84.46
84.1	84.47
84.1	84.48
84.1	84.49
84.1	84.50
84.2	84.51
84.1	84.52
84.1	84.53
84.1	84.54
84.1	84.55
84.1	84.56
84.1	84.57
84.1	84.58
84.1	84.59
84.3	84.60
84.1	84.61
84.1	84.62
84.1	84.63
84.1	84.64
85.3	85.1
85.3	85.2
85.3	85.3
85.3	85.4
85.3	85.5
85.3	85.6
85.3	85.7
85.3	85.8
85.3	85.9
85.3	85.10
85.3	85.11
85.1	85.12
85.4	85.13
85.2	85.14
85.2	85.15
85.3	85.16
85.3	85.17
85.3	85.18
85.2	85.19
85.3	85.20
85.3	85.21
85.2	85.22
85.3	85.23
85.3	85.24
85.2	85.25
85.3	85.26
85.3	85.27
85.3	85.28
85.4	85.29
85.3	85.30
85.2	85.31
85.3	85.32
85.3	85.33
85.3	85.34
85.3	85.35
85.2	85.36
85.3	85.37
85.3	85.38
85.2	85.39
85.2	85.40
85.3	85.41
85.2	85.42
85.3	85.43
85.3	85.44
85.2	85.45
85.3	85.46
85.3	85.47
85.3	85.48
85.3	85.49
85.3	85.50
85.3	85.51
85.3	85.52
85.3	85.53
85.3	85.54
85.3	85.55
85.3	85.56
85.3	85.57
85.2	85.58
85.2	85.59
85.3	85.60
85.3	85.61
85.2	85.62
85.2	85.63
85.3	85.64
86.6	86.1
86.5	86.2
86.3	86.3
86.3	86.4
86.3	86.5
86.5	86.6
86.5	86.7
86.3	86.8
86.8	86.9
86.1	86.10
86.6	86.11
86.7	86.12
86.3	86.13
86.5	86.14
86.4	86.15
86.5	86.16
86.8	86.17
86.3	86.18
86.8	86.19
86.5	86.20
86.3	86.21
86.5	86.22
86.8	86.23
86.5	86.24
86.5	86.25
86.3	86.26
86.4	86.27
86.5	86.28
86.3	86.29
86.6	86.30
86.1	86.31
86.3	86.32
86.5	86.33
86.5	86.34
86.2	86.35
86.8	86.36
86.8	86.37
86.5	86.38
86.3	86.39
86.7	86.40
86.5	86.41
86.8	86.42
86.1	86.43
86.1	86.44
86.3	86.45
86.5	86.46
86.1	86.47
86.6	86.48
86.8	86.49
86.4	86.50
86.3	86.51
86.5	86.52
86.8	86.53
86.1	86.54
86.1	86.55
86.8	86.56
86.1	86.57
86.8	86.58
86.8	86.59
86.1	86.60
86.1	86.61
86.3	86.62
86.3	86.63
86.3	86.64
87.13	87.1
87.1	87.2
87.1	87.3
87.5	87.4
87.6	87.5
87.16	87.6
87.5	87.7
87.1	87.8
87.13	87.9
87.16	87.10
87.13	87.11
87.5	87.12
87.1	87.13
87.15	87.14
87.1	87.15
87.8	87.16
87.16	87.17
87.14	87.18
87.8	87.19
87.1	87.20
87.14	87.21
87.16	87.22
87.1	87.23
87.8	87.24
87.6	87.25
87.7	87.26
87.1	87.27
87.14	87.28
87.3	87.29
87.10	87.30
87.6	87.31
87.8	87.32
87.11	87.33
87.8	87.34
87.2	87.35
87.8	87.36
87.10	87.37
87.10	87.38
87.10	87.39
87.14	87.40
87.16	87.41
87.1	87.42
87.6	87.43
87.12	87.44
87.10	87.45
87.12	87.46
87.12	87.47
87.14	87.48
87.13	87.49
87.4	87.50
87.12	87.51
87.13	87.52
87.5	87.53
87.6	87.54
87.16	87.55
87.10	87.56
87.6	87.57
87.6	87.58
87.1	87.59
87.10	87.60
87.6	87.61
87.9	87.62
87.1	87.63
87.10	87.64
88.8	88.1
88.6	88.2
88.5	88.3
88.5	88.4
88.3	88.5
88.8	88.6
88.3	88.7
88.3	88.8
88.3	88.9
88.11	88.10
88.3	88.11
88.7	88.12
88.8	88.13
88.10	88.14
88.3	88.15
88.3	88.16
88.5	88.17
88.3	88.18
88.10	88.19
88.10	88.20
88.6	88.21
88.1	88.22
88.5	88.23
88.5	88.24
88.5	88.25
88.5	88.26
88.3	88.27
88.6	88.28
88.9	88.29
88.3	88.30
88.7	88.31
88.4	88.32
88.5	88.33
88.3	88.34
88.10	88.35
88.3	88.36
88.3	88.37
88.3	88.38
88.1	88.39
88.3	88.40
88.5	88.41
88.8	88.42
88.10	88.43
88.4	88.44
88.5	88.45
88.3	88.46
88.3	88.47
88.2	88.48
88.5	88.49
88.3	88.50
88.6	88.51
88.3	88.52
88.3	88.53
88.5	88.54
88.6	88.55
88.6	88.56
88.6	88.57
88.5	88.58
88.3	88.59
88.1	88.60
88.3	88.61
88.5	88.62
88.8	88.63
88.8	88.64
89.9	89.1
89.7	89.2
89.5	89.3
89.1	89.4
89.1	89.5
89.5	89.6
89.7	89.7
89.7	89.8
89.4	89.9
89.6	89.10
89.7	89.11
89.7	89.12
89.1	89.13
89.9	89.14
89.1	89.15
89.1	89.16
89.7	89.17
89.9	89.18
89.9	89.19
89.1	89.20
89.8	89.21
89.5	89.22
89.2	89.23
89.7	89.24
89.1	89.25
89.7	89.26
89.6	89.27
89.5	89.28
89.9	89.29
89.7	89.30
89.4	89.31
89.7	89.32
89.9	89.33
89.3	89.34
89.7	89.35
89.1	89.36
89.4	89.37
89.1	89.38
89.9	89.39
89.1	89.40
89.5	89.41
89.7	89.42
89.6	89.43
89.1	89.44
89.8	89.45
89.7	89.46
89.1	89.47
89.9	89.48
89.7	89.49
89.1	89.50
89.6	89.51
89.7	89.52
89.5	89.53
89.1	89.54
89.7	89.55
89.4	89.56
89.9	89.57
89.6	89.58
89.6	89.59
89.7	89.60
89.1	89.61
89.6	89.62
89.9	89.63
89.7	89.64
90.1	90.1
90.1	90.2
90.1	90.3
90.1	90.4
90.1	90.5
90.5	90.6
90.5	90.7
90.5	90.8
90.5	90.9
90.1	90.10
90.5	90.11
90.1	90.12
90.1	90.13
90.5	90.14
90.1	90.15
90.1	90.16
90.1	90.17
90.5	90.18
90.1	90.19
90.1	90.20
90.1	90.21
90.1	90.22
90.5	90.23
90.1	90.24
90.3	90.25
90.4	90.26
90.1	90.27
90.5	90.28
90.5	90.29
90.1	90.30
90.5	90.31
90.1	90.32
90.5	90.33
90.3	90.34
90.5	90.35
90.1	90.36
90.1	90.37
90.1	90.38
90.5	90.39
90.1	90.40
90.5	90.41
90.5	90.42
90.4	90.43
90.4	90.44
90.1	90.45
90.1	90.46
90.1	90.47
90.1	90.48
90.5	90.49
90.4	90.50
90.1	90.51
90.1	90.52
90.5	90.53
90.1	90.54
90.1	90.55
90.5	90.56
90.5	90.57
90.1	90.58
90.1	90.59
90.5	90.60
90.4	90.61
90.5	90.62
90.5	90.63
90.2	90.64
91.3	91.1
91.3	91.2
91.1	91.3
91.1	91.4
91.3	91.5
91.3	91.6
91.3	91.7
91.3	91.8
91.3	91.9
91.3	91.10
91.3	91.11
91.3	91.12
91.1	91.13
91.3	91.14
91.3	91.15
91.3	91.16
91.3	91.17
91.3	91.18
91.1	91.19
91.3	91.20
91.4	91.21
91.3	91.22
91.1	91.23
91.3	91.24
91.3	91.25
91.3	91.26
91.3	91.27
91.3	91.28
91.1	91.29
91.1	91.30
91.3	91.31
91.3	91.32
91.3	91.33
91.3	91.34
91.3	91.35
91.3	91.36
91.3	91.37
91.1	91.38
91.4	91.39
91.3	91.40
91.3	91.41
91.2	91.42
91.1	91.43
91.4	91.44
91.3	91.45
91.1	91.46
91.1	91.47
91.3	91.48
91.3	91.49
91.1	91.50
91.3	91.51
91.3	91.52
91.1	91.53
91.1	91.54
91.1	91.55
91.3	91.56
91.3	91.57
91.3	91.58
91.3	91.59
91.1	91.60
91.3	91.61
91.3	91.62
91.3	91.63
91.3	91.64
92.1	92.1
92.4	92.2
92.5	92.3
92.4	92.4
92.4	92.5
92.4	92.6
92.5	92.7
92.4	92.8
92.5	92.9
92.5	92.10
92.1	92.11
92.4	92.12
92.4	92.13
92.6	92.14
92.4	92.15
92.1	92.16
92.4	92.17
92.4	92.18
92.1	92.19
92.4	92.20
92.4	92.21
92.4	92.22
92.3	92.23
92.4	92.24
92.1	92.25
92.4	92.26
92.4	92.27
92.5	92.28
92.4	92.29
92.4	92.30
92.5	92.31
92.5	92.32
92.1	92.33
92.5	92.34
92.1	92.35
92.6	92.36
92.4	92.37
92.6	92.38
92.5	92.39
92.4	92.40
92.4	92.41
92.1	92.42
92.1	92.43
92.1	92.44
92.4	92.45
92.1	92.46
92.4	92.47
92.4	92.48
92.4	92.49
92.1	92.50
92.2	92.51
92.4	92.52
92.4	92.53
92.5	92.54
92.1	92.55
92.5	92.56
92.6	92.57
92.4	92.58
92.4	92.59
92.4	92.60
92.1	92.61
92.1	92.62
92.4	92.63
92.1	92.64
93.1	93.1
93.1	93.2
93.1	93.3
93.1	93.4
93.1	93.5
93.1	93.6
93.1	93.7
93.1	93.8
93.1	93.9
93.1	93.10
93.1	93.11
93.1	93.12
93.1	93.13
93.1	93.14
93.1	93.15
93.1	93.16
93.1	93.17
93.1	93.18
93.1	93.19
93.1	93.20
93.1	93.21
93.1	93.22
93.1	93.23
93.1	93.24
93.1	93.25
93.1	93.26
93.1	93.27
93.1	93.28
93.1	93.29
93.1	93.30
93.1	93.31
93.1	93.32
93.2	93.33
93.1	93.34
93.1	93.35
93.1	93.36
93.1	93.37
93.1	93.38
93.1	93.39
93.1	93.40
93.1	93.41
93.1	93.42
93.1	93.43
93.3	93.44
93.1	93.45
93.1	93.46
93.1	93.47
93.1	93.48
93.1	93.49
93.1	93.50
93.1	93.51
93.1	93.52
93.1	93.53
93.1	93.54
93.1	93.55
93.1	93.56
93.1	93.57
93.2	93.58
93.4	93.59
93.1	93.60
93.1	93.61
93.1	93.62
93.1	93.63
93.1	93.64
94.1	94.1
94.1	94.2
94.1	94.3
94.1	94.4
94.1	94.5
94.1	94.6
94.1	94.7
94.1	94.8
94.1	94.9
94.1	94.10
94.1	94.11
94.1	94.12
94.1	94.13
94.1	94.14
94.1	94.15
94.1	94.16
94.1	94.17
94.1	94.18
94.1	94.19
94.1	94.20
94.1	94.21
94.1	94.22
94.1	94.23
94.1	94.24
94.1	94.25
94.1	94.26
94.1	94.27
94.1	94.28
94.1	94.29
94.1	94.30
94.1	94.31
94.1	94.32
94.1	94.33
94.1	94.34
94.1	94.35
94.2	94.36
94.1	94.37
94.2	94.38
94.1	94.39
94.1	94.40
94.1	94.41
94.1	94.42
94.2	94.43
94.1	94.44
94.1	94.45
94.1	94.46
94.1	94.47
94.1	94.48
94.1	94.49
94.1	94.50
94.1	94.51
94.1	94.52
94.1	94.53
94.1	94.54
94.1	94.55
94.1	94.56
94.1	94.57
94.1	94.58
94.1	94.59
94.1	94.60
94.1	94.61
94.1	94.62
94.1	94.63
94.1	94.64
95.13	95.1
95.6	95.2
95.12	95.3
95.5	95.4
95.6	95.5
95.2	95.6
95.12	95.7
95.4	95.8
95.3	95.9
95.12	95.10
95.12	95.11
95.13	95.12
95.16	95.13
95.12	95.14
95.16	95.15
95.10	95.16
95.12	95.17
95.12	95.18
95.13	95.19
95.12	95.20
95.9	95.21
95.1	95.22
95.13	95.23
95.9	95.24
95.13	95.25
95.10	95.26
95.12	95.27
95.13	95.28
95.12	95.29
95.6	95.30
95.13	95.31
95.13	95.32
95.12	95.33
95.1	95.34
95.9	95.35
95.8	95.36
95.9	95.37
95.6	95.38
95.4	95.39
95.4	95.40
95.15	95.41
95.9	95.42
95.13	95.43
95.13	95.44
95.12	95.45
95.1	95.46
95.9	95.47
95.14	95.48
95.12	95.49
95.9	95.50
95.9	95.51
95.1	95.52
95.13	95.53
95.9	95.54
95.4	95.55
95.11	95.56
95.9	95.57
95.10	95.58
95.12	95.59
95.1	95.60
95.13	95.61
95.12	95.62
95.7	95.63
95.12	95.64
96.7	96.1
96.9	96.2
96.1	96.3
96.1	96.4
96.4	96.5
96.15	96.6
96.7	96.7
96.12	96.8
96.1	96.9
96.8	96.10
96.13	96.11
96.7	96.12
96.8	96.13
96.1	96.14
96.3	96.15
96.12	96.16
96.12	96.17
96.15	96.18
96.15	96.19
96.4	96.20
96.6	96.21
96.1	96.22
96.10	96.23
96.10	96.24
96.12	96.25
96.12	96.26
96.6	96.27
96.13	96.28
96.1	96.29
96.10	96.30
96.10	96.31
96.1	96.32
96.14	96.33
96.10	96.34
96.10	96.35
96.10	96.36
96.11	96.37
96.7	96.38
96.1	96.39
96.6	96.40
96.7	96.41
96.13	96.42
96.15	96.43
96.15	96.44
96.1	96.45
96.10	96.46
96.12	96.47
96.7	96.48
96.10	96.49
96.7	96.50
96.13	96.51
96.7	96.52
96.6	96.53
96.2	96.54
96.1	96.55
96.7	96.56
96.12	96.57
96.5	96.58
96.13	96.59
96.11	96.60
96.12	96.61
96.7	96.62
96.8	96.63
96.9	96.64
97.1	97.1
97.5	97.2
97.1	97.3
97.1	97.4
97.5	97.5
97.4	97.6
97.4	97.7
97.5	97.8
97.5	97.9
97.5	97.10
97.1	97.11
97.1	97.12
97.5	97.13
97.1	97.14
97.5	97.15
97.1	97.16
97.5	97.17
97.1	97.18
97.3	97.19
97.5	97.20
97.5	97.21
97.5	97.22
97.5	97.23
97.5	97.24
97.3	97.25
97.3	97.26
97.5	97.27
97.1	97.28
97.5	97.29
97.4	97.30
97.1	97.31
97.5	97.32
97.5	97.33
97.5	97.34
97.4	97.35
97.1	97.36
97.5	97.37
97.5	97.38
97.1	97.39
97.5	97.40
97.2	97.41
97.5	97.42
97.3	97.43
97.5	97.44
97.5	97.45
97.1	97.46
97.4	97.47
97.1	97.48
97.4	97.49
97.1	97.50
97.1	97.51
97.5	97.52
97.1	97.53
97.5	97.54
97.1	97.55
97.1	97.56
97.5	97.57
97.4	97.58
97.1	97.59
97.5	97.60
97.5	97.61
97.1	97.62
97.5	97.63
97.5	97.64
98.1	98.1
98.1	98.2
98.1	98.3
98.1	98.4
98.1	98.5
98.1	98.6
98.1	98.7
98.1	98.8
98.1	98.9
98.1	98.10
98.1	98.11
98.1	98.12
98.1	98.13
98.1	98.14
98.4	98.15
98.1	98.16
98.1	98.17
98.1	98.18
98.1	98.19
98.7	98.20
98.1	98.21
98.1	98.22
98.1	98.23
98.1	98.24
98.1	98.25
98.1	98.26
98.1	98.27
98.8	98.28
98.1	98.29
98.1	98.30
98.1	98.31
98.7	98.32
98.1	98.33
98.1	98.34
98.1	98.35
98.1	98.36
98.7	98.37
98.1	98.38
98.7	98.39
98.1	98.40
98.1	98.41
98.6	98.42
98.1	98.43
98.1	98.44
98.1	98.45
98.1	98.46
98.1	98.47
98.1	98.48
98.1	98.49
98.1	98.50
98.1	98.51
98.1	98.52
98.1	98.53
98.2	98.54
98.1	98.55
98.1	98.56
98.1	98.57
98.5	98.58
98.1	98.59
98.1	98.60
98.3	98.61
98.1	98.62
98.1	98.63
98.1	98.64
99.1	99.1
99.1	99.2
99.1	99.3
99.4	99.4
99.1	99.5
99.1	99.6
99.1	99.7
99.1	99.8
99.1	99.9
99.1	99.10
99.1	99.11
99.1	99.12
99.4	99.13
99.1	99.14
99.4	99.15
99.1	99.16
99.3	99.17
99.1	99.18
99.1	99.19
99.1	99.20
99.1	99.21
99.1	99.22
99.1	99.23
99.2	99.24
99.1	99.25
99.4	99.26
99.4	99.27
99.1	99.28
99.1	99.29
99.1	99.30
99.1	99.31
99.1	99.32
99.1	99.33
99.1	99.34
99.3	99.35
99.1	99.36
99.4	99.37
99.1	99.38
99.1	99.39
99.1	99.40
99.1	99.41
99.1	99.42
99.1	99.43
99.1	99.44
99.1	99.45
99.3	99.46
99.4	99.47
99.1	99.48
99.1	99.49
99.1	99.50
99.1	99.51
99.1	99.52
99.1	99.53
99.1	99.54
99.1	99.55
99.1	99.56
99.1	99.57
99.4	99.58
99.1	99.59
99.1	99.60
99.1	99.61
99.1	99.62
99.1	99.63
99.1	99.64
100.9	100.1
100.8	100.2
100.4	100.3
100.1	100.4
100.9	100.5
100.4	100.6
100.4	100.7
100.4	100.8
100.4	100.9
100.7	100.10
100.4	100.11
100.7	100.12
100.4	100.13
100.8	100.14
100.4	100.15
100.4	100.16
100.9	100.17
100.7	100.18
100.4	100.19
100.4	100.20
100.8	100.21
100.4	100.22
100.7	100.23
100.4	100.24
100.4	100.25
100.4	100.26
100.9	100.27
100.9	100.28
100.4	100.29
100.4	100.30
100.6	100.31
100.9	100.32
100.4	100.33
100.3	100.34
100.3	100.35
100.4	100.36
100.4	100.37
100.4	100.38
100.4	100.39
100.4	100.40
100.4	100.41
100.4	100.42
100.9	100.43
100.4	100.44
100.4	100.45
100.9	100.46
100.4	100.47
100.4	100.48
100.4	100.49
100.4	100.50
100.6	100.51
100.4	100.52
100.5	100.53
100.9	100.54
100.2	100.55
100.9	100.56
100.3	100.57
100.4	100.58
100.5	100.59
100.9	100.60
100.9	100.61
100.4	100.62
100.4	100.63
100.8	100.64