subTopicID	resultID
1.4	1.1
1.1	1.2
1.1	1.3
1.1	1.4
1.4	1.5
1.1	1.6
1.1	1.7
1.1	1.8
1.1	1.9
1.1	1.10
1.4	1.11
1.1	1.12
1.1	1.13
1.1	1.14
1.1	1.15
1.1	1.16
1.1	1.17
1.1	1.18
1.4	1.19
1.1	1.20
1.1	1.21
1.4	1.22
1.1	1.23
1.1	1.24
1.1	1.25
1.4	1.26
1.1	1.27
1.1	1.28
1.4	1.29
1.1	1.30
1.1	1.31
1.1	1.32
1.4	1.33
1.4	1.34
1.1	1.35
1.1	1.36
1.4	1.37
1.1	1.38
1.7	1.39
1.1	1.40
1.1	1.41
1.1	1.42
1.1	1.43
1.1	1.44
1.1	1.45
1.4	1.46
1.1	1.47
1.4	1.48
1.5	1.49
1.3	1.50
1.4	1.51
1.4	1.52
1.1	1.53
1.4	1.54
1.6	1.55
1.1	1.56
1.1	1.57
1.1	1.58
1.4	1.59
1.1	1.60
1.2	1.61
1.1	1.62
1.1	1.63
1.1	1.64
2.1	2.1
2.9	2.2
2.9	2.3
2.1	2.4
2.7	2.5
2.9	2.6
2.1	2.7
2.1	2.8
2.1	2.9
2.1	2.10
2.1	2.11
2.6	2.12
2.1	2.13
2.1	2.14
2.1	2.15
2.1	2.16
2.7	2.17
2.1	2.18
2.1	2.19
2.1	2.20
2.7	2.21
2.3	2.22
2.4	2.23
2.1	2.24
2.9	2.25
2.1	2.26
2.9	2.27
2.8	2.28
2.7	2.29
2.1	2.30
2.1	2.31
2.9	2.32
2.1	2.33
2.9	2.34
2.9	2.35
2.8	2.36
2.9	2.37
2.8	2.38
2.9	2.39
2.2	2.40
2.9	2.41
2.6	2.42
2.1	2.43
2.9	2.44
2.1	2.45
2.6	2.46
2.9	2.47
2.5	2.48
2.9	2.49
2.7	2.50
2.1	2.51
2.9	2.52
2.7	2.53
2.1	2.54
2.1	2.55
2.9	2.56
2.7	2.57
2.8	2.58
2.9	2.59
2.7	2.60
2.9	2.61
2.7	2.62
2.8	2.63
2.9	2.64
3.1	3.1
3.1	3.2
3.1	3.3
3.1	3.4
3.1	3.5
3.1	3.6
3.1	3.7
3.1	3.8
3.1	3.9
3.1	3.10
3.1	3.11
3.1	3.12
3.1	3.13
3.1	3.14
3.1	3.15
3.1	3.16
3.1	3.17
3.1	3.18
3.1	3.19
3.1	3.20
3.1	3.21
3.1	3.22
3.1	3.23
3.1	3.24
3.1	3.25
3.1	3.26
3.1	3.27
3.1	3.28
3.1	3.29
3.1	3.30
3.1	3.31
3.1	3.32
3.1	3.33
3.1	3.34
3.1	3.35
3.1	3.36
3.1	3.37
3.1	3.38
3.3	3.39
3.1	3.40
3.1	3.41
3.1	3.42
3.1	3.43
3.1	3.44
3.1	3.45
3.1	3.46
3.1	3.47
3.1	3.48
3.1	3.49
3.1	3.50
3.4	3.51
3.1	3.52
3.1	3.53
3.1	3.54
3.1	3.55
3.1	3.56
3.1	3.57
3.2	3.58
3.1	3.59
3.1	3.60
3.1	3.61
3.1	3.62
3.1	3.63
3.1	3.64
4.10	4.1
4.5	4.2
4.15	4.3
4.1	4.4
4.1	4.5
4.11	4.6
4.15	4.7
4.15	4.8
4.12	4.9
4.7	4.10
4.10	4.11
4.1	4.12
4.15	4.13
4.1	4.14
4.12	4.15
4.1	4.16
4.10	4.17
4.12	4.18
4.10	4.19
4.12	4.20
4.1	4.21
4.4	4.22
4.3	4.23
4.4	4.24
4.11	4.25
4.15	4.26
4.7	4.27
4.17	4.28
4.12	4.29
4.1	4.30
4.7	4.31
4.4	4.32
4.15	4.33
4.12	4.34
4.4	4.35
4.10	4.36
4.13	4.37
4.15	4.38
4.15	4.39
4.16	4.40
4.11	4.41
4.1	4.42
4.15	4.43
4.14	4.44
4.1	4.45
4.2	4.46
4.17	4.47
4.15	4.48
4.9	4.49
4.10	4.50
4.10	4.51
4.12	4.52
4.1	4.53
4.10	4.54
4.6	4.55
4.16	4.56
4.8	4.57
4.10	4.58
4.8	4.59
4.17	4.60
4.16	4.61
4.1	4.62
4.10	4.63
4.7	4.64
5.7	5.1
5.7	5.2
5.1	5.3
5.7	5.4
5.11	5.5
5.7	5.6
5.6	5.7
5.7	5.8
5.7	5.9
5.7	5.10
5.1	5.11
5.1	5.12
5.1	5.13
5.12	5.14
5.9	5.15
5.7	5.16
5.6	5.17
5.7	5.18
5.8	5.19
5.7	5.20
5.7	5.21
5.1	5.22
5.6	5.23
5.12	5.24
5.5	5.25
5.10	5.26
5.7	5.27
5.12	5.28
5.7	5.29
5.1	5.30
5.7	5.31
5.12	5.32
5.3	5.33
5.7	5.34
5.1	5.35
5.12	5.36
5.7	5.37
5.2	5.38
5.7	5.39
5.7	5.40
5.7	5.41
5.7	5.42
5.7	5.43
5.3	5.44
5.7	5.45
5.7	5.46
5.8	5.47
5.6	5.48
5.7	5.49
5.9	5.50
5.7	5.51
5.7	5.52
5.9	5.53
5.4	5.54
5.9	5.55
5.1	5.56
5.7	5.57
5.7	5.58
5.7	5.59
5.1	5.60
5.1	5.61
5.7	5.62
5.9	5.63
5.7	5.64
6.1	6.1
6.1	6.2
6.1	6.3
6.5	6.4
6.4	6.5
6.8	6.6
6.7	6.7
6.1	6.8
6.7	6.9
6.10	6.10
6.1	6.11
6.1	6.12
6.1	6.13
6.1	6.14
6.1	6.15
6.1	6.16
6.1	6.17
6.1	6.18
6.7	6.19
6.2	6.20
6.9	6.21
6.8	6.22
6.8	6.23
6.11	6.24
6.1	6.25
6.1	6.26
6.1	6.27
6.1	6.28
6.1	6.29
6.1	6.30
6.3	6.31
6.1	6.32
6.7	6.33
6.1	6.34
6.7	6.35
6.1	6.36
6.6	6.37
6.7	6.38
6.7	6.39
6.1	6.40
6.1	6.41
6.1	6.42
6.1	6.43
6.1	6.44
6.1	6.45
6.1	6.46
6.1	6.47
6.7	6.48
6.1	6.49
6.1	6.50
6.1	6.51
6.7	6.52
6.1	6.53
6.1	6.54
6.5	6.55
6.1	6.56
6.7	6.57
6.7	6.58
6.7	6.59
6.7	6.60
6.1	6.61
6.7	6.62
6.7	6.63
6.1	6.64
7.15	7.1
7.15	7.2
7.15	7.3
7.1	7.4
7.7	7.5
7.7	7.6
7.15	7.7
7.14	7.8
7.7	7.9
7.5	7.10
7.8	7.11
7.15	7.12
7.8	7.13
7.5	7.14
7.15	7.15
7.1	7.16
7.15	7.17
7.8	7.18
7.5	7.19
7.15	7.20
7.8	7.21
7.10	7.22
7.1	7.23
7.15	7.24
7.15	7.25
7.15	7.26
7.13	7.27
7.14	7.28
7.5	7.29
7.15	7.30
7.4	7.31
7.10	7.32
7.4	7.33
7.6	7.34
7.15	7.35
7.2	7.36
7.8	7.37
7.7	7.38
7.7	7.39
7.8	7.40
7.14	7.41
7.7	7.42
7.15	7.43
7.1	7.44
7.8	7.45
7.10	7.46
7.8	7.47
7.8	7.48
7.3	7.49
7.15	7.50
7.11	7.51
7.8	7.52
7.1	7.53
7.13	7.54
7.8	7.55
7.5	7.56
7.15	7.57
7.1	7.58
7.9	7.59
7.15	7.60
7.12	7.61
7.10	7.62
7.4	7.63
7.5	7.64
8.11	8.1
8.1	8.2
8.1	8.3
8.10	8.4
8.9	8.5
8.9	8.6
8.5	8.7
8.4	8.8
8.9	8.9
8.10	8.10
8.9	8.11
8.1	8.12
8.9	8.13
8.4	8.14
8.11	8.15
8.4	8.16
8.3	8.17
8.7	8.18
8.9	8.19
8.9	8.20
8.2	8.21
8.5	8.22
8.9	8.23
8.9	8.24
8.1	8.25
8.1	8.26
8.6	8.27
8.7	8.28
8.5	8.29
8.1	8.30
8.5	8.31
8.5	8.32
8.9	8.33
8.1	8.34
8.4	8.35
8.1	8.36
8.1	8.37
8.1	8.38
8.6	8.39
8.5	8.40
8.1	8.41
8.1	8.42
8.5	8.43
8.4	8.44
8.7	8.45
8.9	8.46
8.9	8.47
8.11	8.48
8.1	8.49
8.1	8.50
8.1	8.51
8.5	8.52
8.1	8.53
8.1	8.54
8.1	8.55
8.5	8.56
8.4	8.57
8.5	8.58
8.5	8.59
8.1	8.60
8.5	8.61
8.8	8.62
8.9	8.63
8.9	8.64
9.8	9.1
9.1	9.2
9.1	9.3
9.1	9.4
9.1	9.5
9.1	9.6
9.1	9.7
9.9	9.8
9.1	9.9
9.1	9.10
9.1	9.11
9.1	9.12
9.9	9.13
9.8	9.14
9.1	9.15
9.1	9.16
9.10	9.17
9.1	9.18
9.1	9.19
9.1	9.20
9.1	9.21
9.1	9.22
9.8	9.23
9.1	9.24
9.6	9.25
9.2	9.26
9.9	9.27
9.8	9.28
9.1	9.29
9.1	9.30
9.1	9.31
9.9	9.32
9.7	9.33
9.1	9.34
9.1	9.35
9.1	9.36
9.9	9.37
9.5	9.38
9.3	9.39
9.4	9.40
9.1	9.41
9.7	9.42
9.8	9.43
9.3	9.44
9.8	9.45
9.10	9.46
9.9	9.47
9.1	9.48
9.9	9.49
9.1	9.50
9.1	9.51
9.1	9.52
9.1	9.53
9.1	9.54
9.9	9.55
9.9	9.56
9.1	9.57
9.9	9.58
9.1	9.59
9.1	9.60
9.1	9.61
9.9	9.62
9.1	9.63
9.9	9.64
10.15	10.1
10.15	10.2
10.16	10.3
10.12	10.4
10.15	10.5
10.15	10.6
10.15	10.7
10.13	10.8
10.12	10.9
10.15	10.10
10.15	10.11
10.12	10.12
10.10	10.13
10.15	10.14
10.15	10.15
10.15	10.16
10.7	10.17
10.7	10.18
10.7	10.19
10.7	10.20
10.8	10.21
10.15	10.22
10.8	10.23
10.7	10.24
10.11	10.25
10.3	10.26
10.11	10.27
10.12	10.28
10.15	10.29
10.12	10.30
10.14	10.31
10.3	10.32
10.1	10.33
10.5	10.34
10.7	10.35
10.11	10.36
10.15	10.37
10.15	10.38
10.16	10.39
10.3	10.40
10.15	10.41
10.2	10.42
10.2	10.43
10.15	10.44
10.12	10.45
10.7	10.46
10.12	10.47
10.6	10.48
10.12	10.49
10.12	10.50
10.16	10.51
10.15	10.52
10.13	10.53
10.15	10.54
10.11	10.55
10.12	10.56
10.16	10.57
10.12	10.58
10.12	10.59
10.9	10.60
10.16	10.61
10.4	10.62
10.7	10.63
10.2	10.64
11.1	11.1
11.5	11.2
11.1	11.3
11.12	11.4
11.12	11.5
11.9	11.6
11.6	11.7
11.12	11.8
11.10	11.9
11.12	11.10
11.12	11.11
11.12	11.12
11.1	11.13
11.12	11.14
11.6	11.15
11.12	11.16
11.7	11.17
11.6	11.18
11.10	11.19
11.1	11.20
11.11	11.21
11.3	11.22
11.12	11.23
11.8	11.24
11.1	11.25
11.12	11.26
11.6	11.27
11.1	11.28
11.1	11.29
11.1	11.30
11.10	11.31
11.1	11.32
11.12	11.33
11.12	11.34
11.12	11.35
11.12	11.36
11.12	11.37
11.1	11.38
11.12	11.39
11.8	11.40
11.10	11.41
11.1	11.42
11.12	11.43
11.12	11.44
11.12	11.45
11.12	11.46
11.12	11.47
11.4	11.48
11.12	11.49
11.6	11.50
11.12	11.51
11.1	11.52
11.1	11.53
11.12	11.54
11.1	11.55
11.8	11.56
11.12	11.57
11.6	11.58
11.2	11.59
11.1	11.60
11.12	11.61
11.12	11.62
11.12	11.63
11.12	11.64
12.1	12.1
12.4	12.2
12.6	12.3
12.2	12.4
12.1	12.5
12.1	12.6
12.1	12.7
12.1	12.8
12.1	12.9
12.5	12.10
12.1	12.11
12.1	12.12
12.1	12.13
12.1	12.14
12.1	12.15
12.1	12.16
12.1	12.17
12.1	12.18
12.1	12.19
12.1	12.20
12.1	12.21
12.1	12.22
12.5	12.23
12.1	12.24
12.1	12.25
12.1	12.26
12.6	12.27
12.1	12.28
12.1	12.29
12.1	12.30
12.1	12.31
12.1	12.32
12.1	12.33
12.1	12.34
12.3	12.35
12.1	12.36
12.1	12.37
12.1	12.38
12.1	12.39
12.1	12.40
12.1	12.41
12.1	12.42
12.1	12.43
12.1	12.44
12.1	12.45
12.1	12.46
12.1	12.47
12.1	12.48
12.1	12.49
12.1	12.50
12.1	12.51
12.1	12.52
12.1	12.53
12.1	12.54
12.6	12.55
12.1	12.56
12.1	12.57
12.1	12.58
12.1	12.59
12.1	12.60
12.1	12.61
12.1	12.62
12.1	12.63
12.1	12.64
13.1	13.1
13.1	13.2
13.1	13.3
13.1	13.4
13.1	13.5
13.1	13.6
13.2	13.7
13.1	13.8
13.1	13.9
13.1	13.10
13.1	13.11
13.1	13.12
13.1	13.13
13.1	13.14
13.1	13.15
13.1	13.16
13.1	13.17
13.1	13.18
13.1	13.19
13.1	13.20
13.1	13.21
13.1	13.22
13.1	13.23
13.1	13.24
13.1	13.25
13.1	13.26
13.1	13.27
13.1	13.28
13.1	13.29
13.1	13.30
13.1	13.31
13.1	13.32
13.1	13.33
13.1	13.34
13.1	13.35
13.1	13.36
13.1	13.37
13.1	13.38
13.1	13.39
13.1	13.40
13.1	13.41
13.1	13.42
13.1	13.43
13.1	13.44
13.1	13.45
13.1	13.46
13.1	13.47
13.1	13.48
13.1	13.49
13.1	13.50
13.1	13.51
13.1	13.52
13.1	13.53
13.1	13.54
13.1	13.55
13.1	13.56
13.1	13.57
13.1	13.58
13.1	13.59
13.1	13.60
13.1	13.61
13.1	13.62
13.1	13.63
13.1	13.64
14.12	14.1
14.9	14.2
14.9	14.3
14.12	14.4
14.1	14.5
14.1	14.6
14.6	14.7
14.1	14.8
14.1	14.9
14.1	14.10
14.12	14.11
14.2	14.12
14.8	14.13
14.12	14.14
14.1	14.15
14.12	14.16
14.5	14.17
14.1	14.18
14.3	14.19
14.11	14.20
14.4	14.21
14.10	14.22
14.16	14.23
14.1	14.24
14.15	14.25
14.14	14.26
14.9	14.27
14.7	14.28
14.15	14.29
14.8	14.30
14.11	14.31
14.1	14.32
14.1	14.33
14.10	14.34
14.5	14.35
14.1	14.36
14.12	14.37
14.12	14.38
14.11	14.39
14.12	14.40
14.8	14.41
14.11	14.42
14.1	14.43
14.1	14.44
14.1	14.45
14.15	14.46
14.8	14.47
14.8	14.48
14.15	14.49
14.9	14.50
14.13	14.51
14.12	14.52
14.12	14.53
14.5	14.54
14.11	14.55
14.9	14.56
14.12	14.57
14.9	14.58
14.13	14.59
14.9	14.60
14.9	14.61
14.14	14.62
14.9	14.63
14.9	14.64
15.9	15.1
15.1	15.2
15.6	15.3
15.1	15.4
15.1	15.5
15.12	15.6
15.1	15.7
15.1	15.8
15.1	15.9
15.1	15.10
15.9	15.11
15.1	15.12
15.13	15.13
15.1	15.14
15.1	15.15
15.1	15.16
15.9	15.17
15.1	15.18
15.1	15.19
15.1	15.20
15.1	15.21
15.1	15.22
15.1	15.23
15.11	15.24
15.1	15.25
15.1	15.26
15.1	15.27
15.9	15.28
15.1	15.29
15.1	15.30
15.1	15.31
15.12	15.32
15.1	15.33
15.12	15.34
15.1	15.35
15.1	15.36
15.7	15.37
15.1	15.38
15.12	15.39
15.1	15.40
15.9	15.41
15.1	15.42
15.1	15.43
15.10	15.44
15.1	15.45
15.9	15.46
15.9	15.47
15.8	15.48
15.1	15.49
15.4	15.50
15.12	15.51
15.9	15.52
15.5	15.53
15.2	15.54
15.1	15.55
15.10	15.56
15.9	15.57
15.13	15.58
15.13	15.59
15.11	15.60
15.3	15.61
15.13	15.62
15.13	15.63
15.12	15.64
16.3	16.1
16.10	16.2
16.3	16.3
16.3	16.4
16.7	16.5
16.3	16.6
16.3	16.7
16.6	16.8
16.3	16.9
16.3	16.10
16.3	16.11
16.6	16.12
16.3	16.13
16.7	16.14
16.3	16.15
16.3	16.16
16.8	16.17
16.3	16.18
16.3	16.19
16.3	16.20
16.3	16.21
16.2	16.22
16.6	16.23
16.3	16.24
16.3	16.25
16.3	16.26
16.3	16.27
16.3	16.28
16.1	16.29
16.7	16.30
16.3	16.31
16.3	16.32
16.7	16.33
16.3	16.34
16.5	16.35
16.7	16.36
16.7	16.37
16.3	16.38
16.7	16.39
16.3	16.40
16.7	16.41
16.10	16.42
16.3	16.43
16.3	16.44
16.9	16.45
16.6	16.46
16.3	16.47
16.4	16.48
16.9	16.49
16.9	16.50
16.7	16.51
16.3	16.52
16.3	16.53
16.3	16.54
16.7	16.55
16.4	16.56
16.7	16.57
16.7	16.58
16.6	16.59
16.3	16.60
16.7	16.61
16.6	16.62
16.8	16.63
16.3	16.64
17.1	17.1
17.7	17.2
17.1	17.3
17.1	17.4
17.1	17.5
17.1	17.6
17.1	17.7
17.1	17.8
17.1	17.9
17.6	17.10
17.1	17.11
17.5	17.12
17.1	17.13
17.6	17.14
17.1	17.15
17.1	17.16
17.1	17.17
17.1	17.18
17.1	17.19
17.1	17.20
17.8	17.21
17.3	17.22
17.7	17.23
17.1	17.24
17.1	17.25
17.1	17.26
17.1	17.27
17.1	17.28
17.1	17.29
17.1	17.30
17.8	17.31
17.1	17.32
17.1	17.33
17.1	17.34
17.5	17.35
17.4	17.36
17.1	17.37
17.2	17.38
17.1	17.39
17.7	17.40
17.1	17.41
17.1	17.42
17.1	17.43
17.7	17.44
17.1	17.45
17.1	17.46
17.3	17.47
17.1	17.48
17.7	17.49
17.6	17.50
17.3	17.51
17.5	17.52
17.1	17.53
17.1	17.54
17.5	17.55
17.4	17.56
17.6	17.57
17.1	17.58
17.1	17.59
17.1	17.60
17.1	17.61
17.5	17.62
17.1	17.63
17.1	17.64
18.4	18.1
18.8	18.2
18.8	18.3
18.6	18.4
18.6	18.5
18.6	18.6
18.6	18.7
18.6	18.8
18.8	18.9
18.8	18.10
18.6	18.11
18.1	18.12
18.8	18.13
18.6	18.14
18.8	18.15
18.8	18.16
18.8	18.17
18.1	18.18
18.8	18.19
18.6	18.20
18.6	18.21
18.6	18.22
18.8	18.23
18.8	18.24
18.6	18.25
18.6	18.26
18.6	18.27
18.6	18.28
18.2	18.29
18.8	18.30
18.6	18.31
18.8	18.32
18.6	18.33
18.6	18.34
18.1	18.35
18.6	18.36
18.1	18.37
18.6	18.38
18.1	18.39
18.8	18.40
18.6	18.41
18.8	18.42
18.5	18.43
18.8	18.44
18.8	18.45
18.6	18.46
18.6	18.47
18.6	18.48
18.8	18.49
18.9	18.50
18.7	18.51
18.8	18.52
18.1	18.53
18.8	18.54
18.8	18.55
18.3	18.56
18.8	18.57
18.8	18.58
18.8	18.59
18.6	18.60
18.6	18.61
18.6	18.62
18.8	18.63
18.6	18.64
19.10	19.1
19.1	19.2
19.5	19.3
19.5	19.4
19.5	19.5
19.1	19.6
19.7	19.7
19.8	19.8
19.7	19.9
19.5	19.10
19.5	19.11
19.11	19.12
19.7	19.13
19.10	19.14
19.5	19.15
19.5	19.16
19.5	19.17
19.7	19.18
19.5	19.19
19.5	19.20
19.6	19.21
19.4	19.22
19.5	19.23
19.5	19.24
19.8	19.25
19.10	19.26
19.9	19.27
19.5	19.28
19.7	19.29
19.5	19.30
19.5	19.31
19.10	19.32
19.8	19.33
19.2	19.34
19.8	19.35
19.5	19.36
19.5	19.37
19.8	19.38
19.5	19.39
19.7	19.40
19.8	19.41
19.7	19.42
19.5	19.43
19.5	19.44
19.8	19.45
19.5	19.46
19.5	19.47
19.5	19.48
19.10	19.49
19.10	19.50
19.10	19.51
19.1	19.52
19.5	19.53
19.1	19.54
19.1	19.55
19.10	19.56
19.1	19.57
19.3	19.58
19.5	19.59
19.5	19.60
19.1	19.61
19.8	19.62
19.5	19.63
19.8	19.64
20.12	20.1
20.14	20.2
20.16	20.3
20.16	20.4
20.1	20.5
20.12	20.6
20.12	20.7
20.12	20.8
20.4	20.9
20.13	20.10
20.16	20.11
20.7	20.12
20.12	20.13
20.14	20.14
20.16	20.15
20.14	20.16
20.14	20.17
20.2	20.18
20.1	20.19
20.15	20.20
20.13	20.21
20.1	20.22
20.12	20.23
20.11	20.24
20.1	20.25
20.16	20.26
20.14	20.27
20.11	20.28
20.12	20.29
20.8	20.30
20.5	20.31
20.3	20.32
20.11	20.33
20.12	20.34
20.1	20.35
20.5	20.36
20.16	20.37
20.14	20.38
20.12	20.39
20.16	20.40
20.11	20.41
20.10	20.42
20.12	20.43
20.12	20.44
20.13	20.45
20.12	20.46
20.14	20.47
20.16	20.48
20.5	20.49
20.14	20.50
20.14	20.51
20.1	20.52
20.13	20.53
20.14	20.54
20.9	20.55
20.6	20.56
20.11	20.57
20.16	20.58
20.12	20.59
20.12	20.60
20.9	20.61
20.4	20.62
20.14	20.63
20.12	20.64
21.6	21.1
21.6	21.2
21.1	21.3
21.6	21.4
21.6	21.5
21.6	21.6
21.1	21.7
21.3	21.8
21.6	21.9
21.6	21.10
21.6	21.11
21.2	21.12
21.1	21.13
21.6	21.14
21.6	21.15
21.6	21.16
21.6	21.17
21.6	21.18
21.1	21.19
21.6	21.20
21.5	21.21
21.4	21.22
21.4	21.23
21.1	21.24
21.6	21.25
21.6	21.26
21.1	21.27
21.6	21.28
21.6	21.29
21.1	21.30
21.6	21.31
21.6	21.32
21.1	21.33
21.5	21.34
21.1	21.35
21.5	21.36
21.1	21.37
21.1	21.38
21.1	21.39
21.6	21.40
21.4	21.41
21.6	21.42
21.6	21.43
21.6	21.44
21.6	21.45
21.1	21.46
21.6	21.47
21.1	21.48
21.6	21.49
21.6	21.50
21.6	21.51
21.6	21.52
21.6	21.53
21.6	21.54
21.6	21.55
21.1	21.56
21.6	21.57
21.5	21.58
21.6	21.59
21.5	21.60
21.4	21.61
21.1	21.62
21.1	21.63
21.5	21.64
22.1	22.1
22.1	22.2
22.1	22.3
22.1	22.4
22.1	22.5
22.1	22.6
22.1	22.7
22.1	22.8
22.1	22.9
22.1	22.10
22.1	22.11
22.1	22.12
22.1	22.13
22.1	22.14
22.1	22.15
22.1	22.16
22.1	22.17
22.1	22.18
22.1	22.19
22.1	22.20
22.1	22.21
22.1	22.22
22.1	22.23
22.1	22.24
22.1	22.25
22.1	22.26
22.1	22.27
22.1	22.28
22.1	22.29
22.1	22.30
22.1	22.31
22.1	22.32
22.1	22.33
22.2	22.34
22.1	22.35
22.1	22.36
22.1	22.37
22.1	22.38
22.1	22.39
22.1	22.40
22.1	22.41
22.1	22.42
22.1	22.43
22.1	22.44
22.1	22.45
22.1	22.46
22.1	22.47
22.1	22.48
22.1	22.49
22.1	22.50
22.1	22.51
22.1	22.52
22.1	22.53
22.1	22.54
22.1	22.55
22.1	22.56
22.1	22.57
22.1	22.58
22.1	22.59
22.1	22.60
22.1	22.61
22.1	22.62
22.1	22.63
22.1	22.64
23.15	23.1
23.1	23.2
23.17	23.3
23.15	23.4
23.14	23.5
23.18	23.6
23.14	23.7
23.15	23.8
23.7	23.9
23.18	23.10
23.4	23.11
23.16	23.12
23.4	23.13
23.14	23.14
23.13	23.15
23.18	23.16
23.4	23.17
23.15	23.18
23.18	23.19
23.18	23.20
23.10	23.21
23.14	23.22
23.4	23.23
23.15	23.24
23.11	23.25
23.14	23.26
23.17	23.27
23.4	23.28
23.4	23.29
23.11	23.30
23.6	23.31
23.17	23.32
23.14	23.33
23.4	23.34
23.18	23.35
23.14	23.36
23.4	23.37
23.18	23.38
23.4	23.39
23.14	23.40
23.15	23.41
23.14	23.42
23.17	23.43
23.2	23.44
23.14	23.45
23.4	23.46
23.5	23.47
23.18	23.48
23.14	23.49
23.9	23.50
23.12	23.51
23.17	23.52
23.13	23.53
23.14	23.54
23.4	23.55
23.3	23.56
23.17	23.57
23.8	23.58
23.18	23.59
23.18	23.60
23.11	23.61
23.16	23.62
23.4	23.63
23.18	23.64
24.3	24.1
24.8	24.2
24.14	24.3
24.16	24.4
24.11	24.5
24.1	24.6
24.14	24.7
24.15	24.8
24.14	24.9
24.4	24.10
24.10	24.11
24.16	24.12
24.14	24.13
24.14	24.14
24.14	24.15
24.14	24.16
24.13	24.17
24.1	24.18
24.14	24.19
24.14	24.20
24.1	24.21
24.14	24.22
24.7	24.23
24.14	24.24
24.9	24.25
24.5	24.26
24.14	24.27
24.14	24.28
24.14	24.29
24.13	24.30
24.6	24.31
24.14	24.32
24.1	24.33
24.14	24.34
24.16	24.35
24.11	24.36
24.14	24.37
24.1	24.38
24.12	24.39
24.14	24.40
24.2	24.41
24.16	24.42
24.1	24.43
24.14	24.44
24.14	24.45
24.11	24.46
24.11	24.47
24.10	24.48
24.14	24.49
24.14	24.50
24.14	24.51
24.14	24.52
24.1	24.53
24.14	24.54
24.1	24.55
24.11	24.56
24.14	24.57
24.14	24.58
24.1	24.59
24.17	24.60
24.14	24.61
24.14	24.62
24.14	24.63
24.14	24.64
25.1	25.1
25.4	25.2
25.1	25.3
25.4	25.4
25.1	25.5
25.1	25.6
25.1	25.7
25.1	25.8
25.1	25.9
25.1	25.10
25.1	25.11
25.1	25.12
25.1	25.13
25.1	25.14
25.1	25.15
25.4	25.16
25.6	25.17
25.1	25.18
25.6	25.19
25.1	25.20
25.4	25.21
25.1	25.22
25.1	25.23
25.1	25.24
25.2	25.25
25.4	25.26
25.6	25.27
25.4	25.28
25.1	25.29
25.4	25.30
25.1	25.31
25.1	25.32
25.4	25.33
25.5	25.34
25.4	25.35
25.1	25.36
25.4	25.37
25.1	25.38
25.1	25.39
25.4	25.40
25.1	25.41
25.1	25.42
25.4	25.43
25.1	25.44
25.1	25.45
25.4	25.46
25.1	25.47
25.1	25.48
25.4	25.49
25.3	25.50
25.1	25.51
25.1	25.52
25.4	25.53
25.1	25.54
25.5	25.55
25.1	25.56
25.1	25.57
25.1	25.58
25.6	25.59
25.1	25.60
25.4	25.61
25.1	25.62
25.4	25.63
25.4	25.64
26.10	26.1
26.6	26.2
26.9	26.3
26.6	26.4
26.9	26.5
26.9	26.6
26.6	26.7
26.12	26.8
26.1	26.9
26.6	26.10
26.9	26.11
26.6	26.12
26.1	26.13
26.1	26.14
26.6	26.15
26.6	26.16
26.5	26.17
26.6	26.18
26.6	26.19
26.6	26.20
26.4	26.21
26.9	26.22
26.11	26.23
26.6	26.24
26.3	26.25
26.8	26.26
26.12	26.27
26.1	26.28
26.9	26.29
26.2	26.30
26.6	26.31
26.10	26.32
26.1	26.33
26.6	26.34
26.6	26.35
26.9	26.36
26.8	26.37
26.6	26.38
26.9	26.39
26.6	26.40
26.9	26.41
26.10	26.42
26.9	26.43
26.9	26.44
26.9	26.45
26.9	26.46
26.9	26.47
26.9	26.48
26.11	26.49
26.10	26.50
26.12	26.51
26.9	26.52
26.10	26.53
26.11	26.54
26.10	26.55
26.7	26.56
26.12	26.57
26.9	26.58
26.6	26.59
26.1	26.60
26.1	26.61
26.8	26.62
26.6	26.63
26.9	26.64
27.1	27.1
27.1	27.2
27.1	27.3
27.1	27.4
27.3	27.5
27.3	27.6
27.1	27.7
27.1	27.8
27.1	27.9
27.1	27.10
27.3	27.11
27.1	27.12
27.3	27.13
27.1	27.14
27.1	27.15
27.1	27.16
27.1	27.17
27.1	27.18
27.4	27.19
27.3	27.20
27.1	27.21
27.1	27.22
27.2	27.23
27.4	27.24
27.1	27.25
27.1	27.26
27.3	27.27
27.4	27.28
27.1	27.29
27.1	27.30
27.3	27.31
27.3	27.32
27.1	27.33
27.1	27.34
27.1	27.35
27.1	27.36
27.1	27.37
27.1	27.38
27.3	27.39
27.1	27.40
27.3	27.41
27.1	27.42
27.1	27.43
27.1	27.44
27.4	27.45
27.1	27.46
27.3	27.47
27.1	27.48
27.1	27.49
27.1	27.50
27.1	27.51
27.1	27.52
27.1	27.53
27.1	27.54
27.1	27.55
27.1	27.56
27.1	27.57
27.1	27.58
27.1	27.59
27.1	27.60
27.3	27.61
27.4	27.62
27.4	27.63
27.1	27.64
28.19	28.1
28.19	28.2
28.13	28.3
28.1	28.4
28.8	28.5
28.1	28.6
28.19	28.7
28.8	28.8
28.19	28.9
28.16	28.10
28.19	28.11
28.19	28.12
28.1	28.13
28.1	28.14
28.1	28.15
28.11	28.16
28.1	28.17
28.19	28.18
28.9	28.19
28.1	28.20
28.1	28.21
28.19	28.22
28.18	28.23
28.1	28.24
28.1	28.25
28.16	28.26
28.20	28.27
28.19	28.28
28.9	28.29
28.1	28.30
28.5	28.31
28.8	28.32
28.1	28.33
28.1	28.34
28.12	28.35
28.5	28.36
28.3	28.37
28.19	28.38
28.10	28.39
28.19	28.40
28.5	28.41
28.17	28.42
28.1	28.43
28.20	28.44
28.2	28.45
28.6	28.46
28.20	28.47
28.4	28.48
28.1	28.49
28.1	28.50
28.19	28.51
28.19	28.52
28.19	28.53
28.9	28.54
28.16	28.55
28.19	28.56
28.15	28.57
28.16	28.58
28.19	28.59
28.14	28.60
28.9	28.61
28.7	28.62
28.19	28.63
28.16	28.64
29.4	29.1
29.4	29.2
29.4	29.3
29.4	29.4
29.4	29.5
29.4	29.6
29.4	29.7
29.4	29.8
29.1	29.9
29.4	29.10
29.1	29.11
29.4	29.12
29.4	29.13
29.4	29.14
29.4	29.15
29.1	29.16
29.6	29.17
29.1	29.18
29.6	29.19
29.4	29.20
29.1	29.21
29.1	29.22
29.4	29.23
29.4	29.24
29.3	29.25
29.1	29.26
29.4	29.27
29.4	29.28
29.4	29.29
29.4	29.30
29.4	29.31
29.2	29.32
29.4	29.33
29.4	29.34
29.4	29.35
29.4	29.36
29.1	29.37
29.4	29.38
29.4	29.39
29.4	29.40
29.4	29.41
29.1	29.42
29.4	29.43
29.4	29.44
29.4	29.45
29.4	29.46
29.5	29.47
29.4	29.48
29.4	29.49
29.4	29.50
29.4	29.51
29.4	29.52
29.4	29.53
29.4	29.54
29.4	29.55
29.4	29.56
29.4	29.57
29.4	29.58
29.4	29.59
29.4	29.60
29.4	29.61
29.4	29.62
29.4	29.63
29.4	29.64
30.1	30.1
30.1	30.2
30.1	30.3
30.4	30.4
30.1	30.5
30.1	30.6
30.4	30.7
30.1	30.8
30.1	30.9
30.1	30.10
30.1	30.11
30.1	30.12
30.1	30.13
30.1	30.14
30.1	30.15
30.1	30.16
30.3	30.17
30.1	30.18
30.1	30.19
30.1	30.20
30.1	30.21
30.1	30.22
30.1	30.23
30.1	30.24
30.1	30.25
30.4	30.26
30.1	30.27
30.1	30.28
30.1	30.29
30.2	30.30
30.1	30.31
30.1	30.32
30.1	30.33
30.1	30.34
30.1	30.35
30.5	30.36
30.1	30.37
30.1	30.38
30.1	30.39
30.1	30.40
30.1	30.41
30.1	30.42
30.1	30.43
30.1	30.44
30.1	30.45
30.1	30.46
30.1	30.47
30.1	30.48
30.1	30.49
30.1	30.50
30.1	30.51
30.1	30.52
30.1	30.53
30.1	30.54
30.1	30.55
30.1	30.56
30.1	30.57
30.1	30.58
30.1	30.59
30.1	30.60
30.4	30.61
30.1	30.62
30.1	30.63
30.1	30.64
31.1	31.1
31.1	31.2
31.1	31.3
31.8	31.4
31.5	31.5
31.1	31.6
31.1	31.7
31.1	31.8
31.1	31.9
31.1	31.10
31.1	31.11
31.1	31.12
31.1	31.13
31.1	31.14
31.1	31.15
31.1	31.16
31.1	31.17
31.1	31.18
31.1	31.19
31.1	31.20
31.1	31.21
31.1	31.22
31.1	31.23
31.1	31.24
31.1	31.25
31.6	31.26
31.1	31.27
31.1	31.28
31.1	31.29
31.1	31.30
31.4	31.31
31.1	31.32
31.1	31.33
31.1	31.34
31.7	31.35
31.1	31.36
31.1	31.37
31.1	31.38
31.1	31.39
31.1	31.40
31.1	31.41
31.1	31.42
31.1	31.43
31.1	31.44
31.3	31.45
31.1	31.46
31.1	31.47
31.6	31.48
31.1	31.49
31.1	31.50
31.2	31.51
31.1	31.52
31.1	31.53
31.1	31.54
31.1	31.55
31.1	31.56
31.1	31.57
31.9	31.58
31.1	31.59
31.1	31.60
31.6	31.61
31.1	31.62
31.1	31.63
31.1	31.64
32.11	32.1
32.11	32.2
32.8	32.3
32.14	32.4
32.13	32.5
32.7	32.6
32.8	32.7
32.8	32.8
32.8	32.9
32.7	32.10
32.7	32.11
32.1	32.12
32.8	32.13
32.8	32.14
32.8	32.15
32.4	32.16
32.8	32.17
32.8	32.18
32.7	32.19
32.9	32.20
32.11	32.21
32.8	32.22
32.9	32.23
32.1	32.24
32.5	32.25
32.8	32.26
32.15	32.27
32.7	32.28
32.5	32.29
32.15	32.30
32.11	32.31
32.11	32.32
32.15	32.33
32.11	32.34
32.5	32.35
32.7	32.36
32.10	32.37
32.5	32.38
32.5	32.39
32.3	32.40
32.15	32.41
32.11	32.42
32.1	32.43
32.2	32.44
32.4	32.45
32.8	32.46
32.7	32.47
32.9	32.48
32.11	32.49
32.9	32.50
32.1	32.51
32.12	32.52
32.15	32.53
32.12	32.54
32.11	32.55
32.5	32.56
32.11	32.57
32.5	32.58
32.15	32.59
32.15	32.60
32.5	32.61
32.15	32.62
32.5	32.63
32.6	32.64
33.6	33.1
33.7	33.2
33.9	33.3
33.1	33.4
33.6	33.5
33.6	33.6
33.1	33.7
33.9	33.8
33.9	33.9
33.9	33.10
33.9	33.11
33.9	33.12
33.9	33.13
33.1	33.14
33.6	33.15
33.7	33.16
33.9	33.17
33.1	33.18
33.2	33.19
33.5	33.20
33.4	33.21
33.9	33.22
33.4	33.23
33.9	33.24
33.8	33.25
33.9	33.26
33.1	33.27
33.9	33.28
33.9	33.29
33.1	33.30
33.9	33.31
33.6	33.32
33.9	33.33
33.9	33.34
33.6	33.35
33.1	33.36
33.9	33.37
33.1	33.38
33.1	33.39
33.9	33.40
33.9	33.41
33.6	33.42
33.1	33.43
33.6	33.44
33.1	33.45
33.6	33.46
33.6	33.47
33.9	33.48
33.1	33.49
33.9	33.50
33.9	33.51
33.9	33.52
33.6	33.53
33.7	33.54
33.6	33.55
33.3	33.56
33.1	33.57
33.1	33.58
33.9	33.59
33.7	33.60
33.6	33.61
33.1	33.62
33.9	33.63
33.1	33.64
34.9	34.1
34.1	34.2
34.1	34.3
34.1	34.4
34.1	34.5
34.1	34.6
34.1	34.7
34.9	34.8
34.1	34.9
34.9	34.10
34.9	34.11
34.1	34.12
34.9	34.13
34.1	34.14
34.1	34.15
34.1	34.16
34.1	34.17
34.1	34.18
34.1	34.19
34.1	34.20
34.9	34.21
34.1	34.22
34.1	34.23
34.1	34.24
34.1	34.25
34.1	34.26
34.7	34.27
34.1	34.28
34.1	34.29
34.7	34.30
34.8	34.31
34.1	34.32
34.1	34.33
34.4	34.34
34.1	34.35
34.9	34.36
34.1	34.37
34.1	34.38
34.9	34.39
34.1	34.40
34.1	34.41
34.7	34.42
34.2	34.43
34.1	34.44
34.5	34.45
34.9	34.46
34.9	34.47
34.1	34.48
34.9	34.49
34.6	34.50
34.9	34.51
34.1	34.52
34.9	34.53
34.9	34.54
34.1	34.55
34.1	34.56
34.7	34.57
34.7	34.58
34.3	34.59
34.1	34.60
34.1	34.61
34.9	34.62
34.9	34.63
34.1	34.64
35.1	35.1
35.1	35.2
35.1	35.3
35.1	35.4
35.1	35.5
35.3	35.6
35.1	35.7
35.1	35.8
35.1	35.9
35.1	35.10
35.1	35.11
35.1	35.12
35.1	35.13
35.1	35.14
35.1	35.15
35.1	35.16
35.1	35.17
35.1	35.18
35.1	35.19
35.1	35.20
35.1	35.21
35.1	35.22
35.1	35.23
35.1	35.24
35.1	35.25
35.1	35.26
35.1	35.27
35.1	35.28
35.1	35.29
35.1	35.30
35.1	35.31
35.1	35.32
35.1	35.33
35.1	35.34
35.1	35.35
35.1	35.36
35.1	35.37
35.1	35.38
35.1	35.39
35.1	35.40
35.1	35.41
35.1	35.42
35.1	35.43
35.1	35.44
35.1	35.45
35.1	35.46
35.1	35.47
35.1	35.48
35.2	35.49
35.1	35.50
35.1	35.51
35.1	35.52
35.1	35.53
35.1	35.54
35.1	35.55
35.1	35.56
35.1	35.57
35.1	35.58
35.1	35.59
35.1	35.60
35.1	35.61
35.1	35.62
35.1	35.63
35.1	35.64
36.5	36.1
36.1	36.2
36.9	36.3
36.8	36.4
36.9	36.5
36.1	36.6
36.1	36.7
36.1	36.8
36.1	36.9
36.1	36.10
36.1	36.11
36.7	36.12
36.7	36.13
36.1	36.14
36.1	36.15
36.1	36.16
36.2	36.17
36.1	36.18
36.1	36.19
36.1	36.20
36.1	36.21
36.1	36.22
36.3	36.23
36.1	36.24
36.1	36.25
36.1	36.26
36.1	36.27
36.1	36.28
36.1	36.29
36.1	36.30
36.1	36.31
36.1	36.32
36.1	36.33
36.1	36.34
36.1	36.35
36.1	36.36
36.6	36.37
36.7	36.38
36.1	36.39
36.6	36.40
36.1	36.41
36.1	36.42
36.1	36.43
36.3	36.44
36.1	36.45
36.7	36.46
36.1	36.47
36.1	36.48
36.1	36.49
36.1	36.50
36.1	36.51
36.1	36.52
36.1	36.53
36.4	36.54
36.1	36.55
36.1	36.56
36.7	36.57
36.1	36.58
36.1	36.59
36.7	36.60
36.1	36.61
36.1	36.62
36.1	36.63
36.1	36.64
37.1	37.1
37.16	37.2
37.1	37.3
37.14	37.4
37.1	37.5
37.1	37.6
37.1	37.7
37.10	37.8
37.1	37.9
37.1	37.10
37.8	37.11
37.13	37.12
37.1	37.13
37.10	37.14
37.1	37.15
37.2	37.16
37.11	37.17
37.1	37.18
37.1	37.19
37.1	37.20
37.8	37.21
37.1	37.22
37.13	37.23
37.12	37.24
37.1	37.25
37.1	37.26
37.6	37.27
37.1	37.28
37.12	37.29
37.1	37.30
37.7	37.31
37.1	37.32
37.1	37.33
37.5	37.34
37.1	37.35
37.13	37.36
37.1	37.37
37.10	37.38
37.18	37.39
37.10	37.40
37.1	37.41
37.1	37.42
37.9	37.43
37.1	37.44
37.10	37.45
37.1	37.46
37.1	37.47
37.10	37.48
37.10	37.49
37.1	37.50
37.3	37.51
37.1	37.52
37.10	37.53
37.17	37.54
37.15	37.55
37.15	37.56
37.11	37.57
37.10	37.58
37.1	37.59
37.1	37.60
37.1	37.61
37.1	37.62
37.11	37.63
37.4	37.64
38.7	38.1
38.1	38.2
38.1	38.3
38.10	38.4
38.1	38.5
38.9	38.6
38.10	38.7
38.7	38.8
38.9	38.9
38.9	38.10
38.9	38.11
38.2	38.12
38.5	38.13
38.4	38.14
38.1	38.15
38.10	38.16
38.7	38.17
38.1	38.18
38.1	38.19
38.1	38.20
38.9	38.21
38.5	38.22
38.9	38.23
38.10	38.24
38.10	38.25
38.10	38.26
38.6	38.27
38.10	38.28
38.6	38.29
38.9	38.30
38.10	38.31
38.7	38.32
38.7	38.33
38.6	38.34
38.10	38.35
38.9	38.36
38.5	38.37
38.10	38.38
38.10	38.39
38.1	38.40
38.6	38.41
38.10	38.42
38.9	38.43
38.4	38.44
38.10	38.45
38.3	38.46
38.10	38.47
38.10	38.48
38.10	38.49
38.10	38.50
38.4	38.51
38.10	38.52
38.9	38.53
38.7	38.54
38.8	38.55
38.9	38.56
38.9	38.57
38.9	38.58
38.6	38.59
38.9	38.60
38.10	38.61
38.7	38.62
38.10	38.63
38.1	38.64
39.1	39.1
39.1	39.2
39.1	39.3
39.1	39.4
39.1	39.5
39.1	39.6
39.1	39.7
39.6	39.8
39.1	39.9
39.1	39.10
39.2	39.11
39.1	39.12
39.8	39.13
39.3	39.14
39.1	39.15
39.1	39.16
39.1	39.17
39.1	39.18
39.7	39.19
39.1	39.20
39.1	39.21
39.1	39.22
39.1	39.23
39.5	39.24
39.1	39.25
39.1	39.26
39.1	39.27
39.1	39.28
39.1	39.29
39.1	39.30
39.1	39.31
39.1	39.32
39.6	39.33
39.1	39.34
39.1	39.35
39.6	39.36
39.1	39.37
39.1	39.38
39.1	39.39
39.1	39.40
39.6	39.41
39.1	39.42
39.1	39.43
39.4	39.44
39.1	39.45
39.1	39.46
39.1	39.47
39.1	39.48
39.1	39.49
39.1	39.50
39.1	39.51
39.1	39.52
39.1	39.53
39.1	39.54
39.1	39.55
39.1	39.56
39.1	39.57
39.1	39.58
39.1	39.59
39.1	39.60
39.1	39.61
39.1	39.62
39.1	39.63
39.1	39.64
40.6	40.1
40.6	40.2
40.6	40.3
40.6	40.4
40.6	40.5
40.6	40.6
40.6	40.7
40.6	40.8
40.6	40.9
40.6	40.10
40.6	40.11
40.6	40.12
40.6	40.13
40.6	40.14
40.6	40.15
40.6	40.16
40.6	40.17
40.5	40.18
40.4	40.19
40.1	40.20
40.6	40.21
40.6	40.22
40.6	40.23
40.6	40.24
40.1	40.25
40.6	40.26
40.1	40.27
40.6	40.28
40.6	40.29
40.3	40.30
40.6	40.31
40.6	40.32
40.6	40.33
40.6	40.34
40.6	40.35
40.6	40.36
40.6	40.37
40.6	40.38
40.6	40.39
40.6	40.40
40.6	40.41
40.6	40.42
40.2	40.43
40.6	40.44
40.6	40.45
40.6	40.46
40.6	40.47
40.1	40.48
40.3	40.49
40.6	40.50
40.6	40.51
40.6	40.52
40.6	40.53
40.6	40.54
40.6	40.55
40.6	40.56
40.6	40.57
40.6	40.58
40.6	40.59
40.6	40.60
40.6	40.61
40.1	40.62
40.1	40.63
40.6	40.64
41.8	41.1
41.1	41.2
41.8	41.3
41.1	41.4
41.1	41.5
41.5	41.6
41.1	41.7
41.1	41.8
41.3	41.9
41.8	41.10
41.12	41.11
41.1	41.12
41.8	41.13
41.8	41.14
41.1	41.15
41.1	41.16
41.1	41.17
41.10	41.18
41.13	41.19
41.12	41.20
41.11	41.21
41.1	41.22
41.1	41.23
41.1	41.24
41.10	41.25
41.1	41.26
41.8	41.27
41.1	41.28
41.8	41.29
41.12	41.30
41.12	41.31
41.8	41.32
41.4	41.33
41.11	41.34
41.1	41.35
41.12	41.36
41.8	41.37
41.8	41.38
41.8	41.39
41.7	41.40
41.5	41.41
41.8	41.42
41.1	41.43
41.8	41.44
41.9	41.45
41.8	41.46
41.11	41.47
41.1	41.48
41.2	41.49
41.8	41.50
41.8	41.51
41.8	41.52
41.8	41.53
41.1	41.54
41.5	41.55
41.12	41.56
41.1	41.57
41.1	41.58
41.8	41.59
41.1	41.60
41.5	41.61
41.8	41.62
41.6	41.63
41.12	41.64
42.9	42.1
42.1	42.2
42.1	42.3
42.9	42.4
42.9	42.5
42.8	42.6
42.9	42.7
42.8	42.8
42.8	42.9
42.6	42.10
42.1	42.11
42.9	42.12
42.1	42.13
42.8	42.14
42.1	42.15
42.6	42.16
42.7	42.17
42.8	42.18
42.8	42.19
42.1	42.20
42.9	42.21
42.6	42.22
42.1	42.23
42.9	42.24
42.1	42.25
42.8	42.26
42.9	42.27
42.9	42.28
42.6	42.29
42.9	42.30
42.8	42.31
42.8	42.32
42.1	42.33
42.9	42.34
42.6	42.35
42.9	42.36
42.6	42.37
42.9	42.38
42.1	42.39
42.4	42.40
42.1	42.41
42.9	42.42
42.6	42.43
42.9	42.44
42.8	42.45
42.9	42.46
42.9	42.47
42.5	42.48
42.6	42.49
42.6	42.50
42.6	42.51
42.8	42.52
42.5	42.53
42.5	42.54
42.2	42.55
42.1	42.56
42.3	42.57
42.8	42.58
42.9	42.59
42.1	42.60
42.8	42.61
42.9	42.62
42.1	42.63
42.1	42.64
43.12	43.1
43.1	43.2
43.1	43.3
43.1	43.4
43.1	43.5
43.7	43.6
43.1	43.7
43.2	43.8
43.12	43.9
43.12	43.10
43.9	43.11
43.11	43.12
43.10	43.13
43.5	43.14
43.1	43.15
43.1	43.16
43.12	43.17
43.1	43.18
43.1	43.19
43.10	43.20
43.1	43.21
43.1	43.22
43.1	43.23
43.1	43.24
43.8	43.25
43.1	43.26
43.12	43.27
43.1	43.28
43.1	43.29
43.12	43.30
43.1	43.31
43.12	43.32
43.12	43.33
43.11	43.34
43.10	43.35
43.6	43.36
43.1	43.37
43.8	43.38
43.8	43.39
43.12	43.40
43.1	43.41
43.1	43.42
43.8	43.43
43.6	43.44
43.8	43.45
43.3	43.46
43.12	43.47
43.8	43.48
43.1	43.49
43.4	43.50
43.7	43.51
43.12	43.52
43.12	43.53
43.12	43.54
43.10	43.55
43.1	43.56
43.8	43.57
43.1	43.58
43.12	43.59
43.1	43.60
43.12	43.61
43.12	43.62
43.12	43.63
43.12	43.64
44.6	44.1
44.6	44.2
44.6	44.3
44.6	44.4
44.1	44.5
44.6	44.6
44.6	44.7
44.4	44.8
44.1	44.9
44.6	44.10
44.6	44.11
44.6	44.12
44.6	44.13
44.1	44.14
44.6	44.15
44.6	44.16
44.3	44.17
44.6	44.18
44.6	44.19
44.6	44.20
44.6	44.21
44.6	44.22
44.6	44.23
44.6	44.24
44.6	44.25
44.6	44.26
44.6	44.27
44.6	44.28
44.6	44.29
44.6	44.30
44.1	44.31
44.1	44.32
44.6	44.33
44.6	44.34
44.6	44.35
44.6	44.36
44.6	44.37
44.6	44.38
44.6	44.39
44.1	44.40
44.6	44.41
44.6	44.42
44.6	44.43
44.6	44.44
44.6	44.45
44.2	44.46
44.6	44.47
44.6	44.48
44.1	44.49
44.5	44.50
44.5	44.51
44.6	44.52
44.1	44.53
44.6	44.54
44.5	44.55
44.1	44.56
44.1	44.57
44.5	44.58
44.1	44.59
44.6	44.60
44.1	44.61
44.6	44.62
44.1	44.63
44.1	44.64
45.1	45.1
45.1	45.2
45.8	45.3
45.1	45.4
45.1	45.5
45.1	45.6
45.1	45.7
45.1	45.8
45.3	45.9
45.8	45.10
45.1	45.11
45.8	45.12
45.1	45.13
45.1	45.14
45.1	45.15
45.1	45.16
45.8	45.17
45.1	45.18
45.1	45.19
45.1	45.20
45.1	45.21
45.4	45.22
45.1	45.23
45.1	45.24
45.1	45.25
45.5	45.26
45.1	45.27
45.1	45.28
45.1	45.29
45.1	45.30
45.1	45.31
45.1	45.32
45.3	45.33
45.1	45.34
45.3	45.35
45.1	45.36
45.7	45.37
45.1	45.38
45.6	45.39
45.6	45.40
45.1	45.41
45.1	45.42
45.1	45.43
45.1	45.44
45.1	45.45
45.1	45.46
45.1	45.47
45.6	45.48
45.1	45.49
45.1	45.50
45.1	45.51
45.1	45.52
45.1	45.53
45.1	45.54
45.1	45.55
45.2	45.56
45.1	45.57
45.1	45.58
45.1	45.59
45.1	45.60
45.1	45.61
45.1	45.62
45.6	45.63
45.1	45.64
46.4	46.1
46.4	46.2
46.1	46.3
46.4	46.4
46.4	46.5
46.4	46.6
46.4	46.7
46.4	46.8
46.4	46.9
46.4	46.10
46.6	46.11
46.6	46.12
46.4	46.13
46.4	46.14
46.4	46.15
46.4	46.16
46.6	46.17
46.6	46.18
46.4	46.19
46.6	46.20
46.6	46.21
46.4	46.22
46.4	46.23
46.1	46.24
46.6	46.25
46.5	46.26
46.4	46.27
46.4	46.28
46.4	46.29
46.4	46.30
46.4	46.31
46.4	46.32
46.4	46.33
46.6	46.34
46.4	46.35
46.4	46.36
46.4	46.37
46.6	46.38
46.4	46.39
46.4	46.40
46.6	46.41
46.2	46.42
46.1	46.43
46.4	46.44
46.4	46.45
46.1	46.46
46.4	46.47
46.4	46.48
46.6	46.49
46.4	46.50
46.1	46.51
46.6	46.52
46.4	46.53
46.3	46.54
46.6	46.55
46.4	46.56
46.6	46.57
46.4	46.58
46.1	46.59
46.4	46.60
46.1	46.61
46.4	46.62
46.4	46.63
46.4	46.64
47.5	47.1
47.1	47.2
47.1	47.3
47.1	47.4
47.5	47.5
47.5	47.6
47.5	47.7
47.5	47.8
47.1	47.9
47.5	47.10
47.5	47.11
47.1	47.12
47.5	47.13
47.5	47.14
47.5	47.15
47.5	47.16
47.1	47.17
47.5	47.18
47.5	47.19
47.1	47.20
47.5	47.21
47.5	47.22
47.5	47.23
47.5	47.24
47.5	47.25
47.1	47.26
47.5	47.27
47.5	47.28
47.5	47.29
47.5	47.30
47.5	47.31
47.5	47.32
47.1	47.33
47.1	47.34
47.5	47.35
47.5	47.36
47.1	47.37
47.5	47.38
47.5	47.39
47.5	47.40
47.5	47.41
47.5	47.42
47.4	47.43
47.5	47.44
47.5	47.45
47.5	47.46
47.5	47.47
47.5	47.48
47.5	47.49
47.5	47.50
47.5	47.51
47.3	47.52
47.5	47.53
47.1	47.54
47.1	47.55
47.5	47.56
47.5	47.57
47.1	47.58
47.5	47.59
47.2	47.60
47.1	47.61
47.5	47.62
47.5	47.63
47.5	47.64
48.7	48.1
48.5	48.2
48.7	48.3
48.5	48.4
48.5	48.5
48.1	48.6
48.5	48.7
48.5	48.8
48.6	48.9
48.1	48.10
48.4	48.11
48.7	48.12
48.7	48.13
48.6	48.14
48.5	48.15
48.5	48.16
48.1	48.17
48.4	48.18
48.5	48.19
48.1	48.20
48.5	48.21
48.1	48.22
48.1	48.23
48.6	48.24
48.1	48.25
48.6	48.26
48.1	48.27
48.5	48.28
48.5	48.29
48.2	48.30
48.1	48.31
48.5	48.32
48.6	48.33
48.7	48.34
48.5	48.35
48.5	48.36
48.6	48.37
48.6	48.38
48.5	48.39
48.1	48.40
48.1	48.41
48.7	48.42
48.5	48.43
48.5	48.44
48.7	48.45
48.8	48.46
48.1	48.47
48.6	48.48
48.6	48.49
48.3	48.50
48.5	48.51
48.1	48.52
48.5	48.53
48.1	48.54
48.7	48.55
48.7	48.56
48.5	48.57
48.5	48.58
48.5	48.59
48.5	48.60
48.7	48.61
48.7	48.62
48.5	48.63
48.1	48.64
49.6	49.1
49.6	49.2
49.1	49.3
49.1	49.4
49.15	49.5
49.1	49.6
49.12	49.7
49.1	49.8
49.13	49.9
49.13	49.10
49.2	49.11
49.9	49.12
49.1	49.13
49.10	49.14
49.13	49.15
49.12	49.16
49.6	49.17
49.8	49.18
49.13	49.19
49.1	49.20
49.6	49.21
49.15	49.22
49.9	49.23
49.1	49.24
49.9	49.25
49.13	49.26
49.9	49.27
49.9	49.28
49.6	49.29
49.6	49.30
49.9	49.31
49.6	49.32
49.12	49.33
49.9	49.34
49.9	49.35
49.6	49.36
49.6	49.37
49.6	49.38
49.9	49.39
49.13	49.40
49.5	49.41
49.7	49.42
49.6	49.43
49.1	49.44
49.6	49.45
49.11	49.46
49.9	49.47
49.9	49.48
49.6	49.49
49.9	49.50
49.3	49.51
49.1	49.52
49.6	49.53
49.8	49.54
49.9	49.55
49.1	49.56
49.14	49.57
49.7	49.58
49.9	49.59
49.9	49.60
49.1	49.61
49.15	49.62
49.5	49.63
49.4	49.64
50.1	50.1
50.1	50.2
50.7	50.3
50.1	50.4
50.1	50.5
50.1	50.6
50.1	50.7
50.1	50.8
50.1	50.9
50.1	50.10
50.7	50.11
50.1	50.12
50.1	50.13
50.1	50.14
50.1	50.15
50.7	50.16
50.7	50.17
50.1	50.18
50.1	50.19
50.7	50.20
50.1	50.21
50.7	50.22
50.7	50.23
50.1	50.24
50.1	50.25
50.7	50.26
50.7	50.27
50.1	50.28
50.1	50.29
50.3	50.30
50.1	50.31
50.1	50.32
50.7	50.33
50.7	50.34
50.1	50.35
50.1	50.36
50.1	50.37
50.1	50.38
50.4	50.39
50.1	50.40
50.1	50.41
50.5	50.42
50.6	50.43
50.7	50.44
50.1	50.45
50.7	50.46
50.1	50.47
50.5	50.48
50.7	50.49
50.1	50.50
50.5	50.51
50.1	50.52
50.7	50.53
50.1	50.54
50.1	50.55
50.1	50.56
50.1	50.57
50.2	50.58
50.1	50.59
50.8	50.60
50.5	50.61
50.1	50.62
50.1	50.63
50.1	50.64
51.3	51.1
51.6	51.2
51.8	51.3
51.4	51.4
51.3	51.5
51.8	51.6
51.8	51.7
51.3	51.8
51.6	51.9
51.6	51.10
51.6	51.11
51.1	51.12
51.8	51.13
51.3	51.14
51.3	51.15
51.8	51.16
51.6	51.17
51.4	51.18
51.8	51.19
51.6	51.20
51.5	51.21
51.8	51.22
51.1	51.23
51.8	51.24
51.1	51.25
51.8	51.26
51.6	51.27
51.7	51.28
51.3	51.29
51.1	51.30
51.8	51.31
51.8	51.32
51.6	51.33
51.2	51.34
51.8	51.35
51.8	51.36
51.3	51.37
51.8	51.38
51.8	51.39
51.8	51.40
51.8	51.41
51.8	51.42
51.4	51.43
51.6	51.44
51.1	51.45
51.6	51.46
51.3	51.47
51.8	51.48
51.6	51.49
51.6	51.50
51.3	51.51
51.1	51.52
51.6	51.53
51.8	51.54
51.8	51.55
51.6	51.56
51.6	51.57
51.7	51.58
51.8	51.59
51.4	51.60
51.6	51.61
51.6	51.62
51.3	51.63
51.4	51.64
52.1	52.1
52.1	52.2
52.1	52.3
52.1	52.4
52.1	52.5
52.1	52.6
52.5	52.7
52.1	52.8
52.1	52.9
52.5	52.10
52.1	52.11
52.1	52.12
52.1	52.13
52.1	52.14
52.1	52.15
52.1	52.16
52.1	52.17
52.1	52.18
52.1	52.19
52.1	52.20
52.1	52.21
52.1	52.22
52.5	52.23
52.1	52.24
52.1	52.25
52.1	52.26
52.1	52.27
52.1	52.28
52.1	52.29
52.1	52.30
52.1	52.31
52.5	52.32
52.1	52.33
52.1	52.34
52.1	52.35
52.1	52.36
52.1	52.37
52.5	52.38
52.1	52.39
52.1	52.40
52.1	52.41
52.5	52.42
52.1	52.43
52.1	52.44
52.1	52.45
52.1	52.46
52.3	52.47
52.1	52.48
52.1	52.49
52.1	52.50
52.5	52.51
52.1	52.52
52.2	52.53
52.4	52.54
52.1	52.55
52.1	52.56
52.4	52.57
52.4	52.58
52.1	52.59
52.1	52.60
52.1	52.61
52.5	52.62
52.1	52.63
52.1	52.64
53.12	53.1
53.1	53.2
53.1	53.3
53.1	53.4
53.9	53.5
53.1	53.6
53.7	53.7
53.10	53.8
53.1	53.9
53.9	53.10
53.1	53.11
53.14	53.12
53.14	53.13
53.8	53.14
53.4	53.15
53.1	53.16
53.12	53.17
53.11	53.18
53.7	53.19
53.12	53.20
53.1	53.21
53.1	53.22
53.1	53.23
53.3	53.24
53.16	53.25
53.12	53.26
53.12	53.27
53.10	53.28
53.7	53.29
53.15	53.30
53.5	53.31
53.1	53.32
53.4	53.33
53.1	53.34
53.16	53.35
53.15	53.36
53.1	53.37
53.14	53.38
53.13	53.39
53.9	53.40
53.7	53.41
53.1	53.42
53.6	53.43
53.1	53.44
53.11	53.45
53.12	53.46
53.1	53.47
53.7	53.48
53.1	53.49
53.16	53.50
53.1	53.51
53.2	53.52
53.9	53.53
53.15	53.54
53.12	53.55
53.1	53.56
53.8	53.57
53.12	53.58
53.12	53.59
53.1	53.60
53.12	53.61
53.1	53.62
53.12	53.63
53.14	53.64
54.8	54.1
54.8	54.2
54.8	54.3
54.8	54.4
54.8	54.5
54.8	54.6
54.8	54.7
54.8	54.8
54.8	54.9
54.8	54.10
54.1	54.11
54.8	54.12
54.8	54.13
54.8	54.14
54.8	54.15
54.8	54.16
54.8	54.17
54.1	54.18
54.8	54.19
54.8	54.20
54.8	54.21
54.1	54.22
54.8	54.23
54.2	54.24
54.7	54.25
54.7	54.26
54.1	54.27
54.8	54.28
54.8	54.29
54.8	54.30
54.8	54.31
54.1	54.32
54.1	54.33
54.1	54.34
54.8	54.35
54.5	54.36
54.1	54.37
54.8	54.38
54.8	54.39
54.8	54.40
54.5	54.41
54.8	54.42
54.8	54.43
54.3	54.44
54.8	54.45
54.1	54.46
54.1	54.47
54.4	54.48
54.8	54.49
54.1	54.50
54.8	54.51
54.1	54.52
54.8	54.53
54.5	54.54
54.1	54.55
54.8	54.56
54.1	54.57
54.8	54.58
54.9	54.59
54.6	54.60
54.8	54.61
54.8	54.62
54.8	54.63
54.8	54.64
55.1	55.1
55.1	55.2
55.7	55.3
55.8	55.4
55.1	55.5
55.6	55.6
55.1	55.7
55.1	55.8
55.3	55.9
55.1	55.10
55.8	55.11
55.6	55.12
55.1	55.13
55.4	55.14
55.1	55.15
55.1	55.16
55.6	55.17
55.1	55.18
55.8	55.19
55.5	55.20
55.1	55.21
55.8	55.22
55.2	55.23
55.1	55.24
55.1	55.25
55.1	55.26
55.1	55.27
55.1	55.28
55.1	55.29
55.8	55.30
55.6	55.31
55.8	55.32
55.1	55.33
55.1	55.34
55.1	55.35
55.8	55.36
55.8	55.37
55.3	55.38
55.1	55.39
55.8	55.40
55.5	55.41
55.1	55.42
55.1	55.43
55.1	55.44
55.1	55.45
55.1	55.46
55.1	55.47
55.8	55.48
55.6	55.49
55.1	55.50
55.1	55.51
55.1	55.52
55.8	55.53
55.1	55.54
55.1	55.55
55.1	55.56
55.4	55.57
55.8	55.58
55.1	55.59
55.8	55.60
55.8	55.61
55.1	55.62
55.1	55.63
55.1	55.64
56.6	56.1
56.6	56.2
56.6	56.3
56.10	56.4
56.4	56.5
56.2	56.6
56.5	56.7
56.10	56.8
56.10	56.9
56.6	56.10
56.10	56.11
56.6	56.12
56.10	56.13
56.10	56.14
56.5	56.15
56.10	56.16
56.6	56.17
56.10	56.18
56.1	56.19
56.10	56.20
56.10	56.21
56.4	56.22
56.10	56.23
56.10	56.24
56.10	56.25
56.10	56.26
56.6	56.27
56.10	56.28
56.6	56.29
56.6	56.30
56.4	56.31
56.7	56.32
56.6	56.33
56.6	56.34
56.6	56.35
56.10	56.36
56.10	56.37
56.5	56.38
56.6	56.39
56.10	56.40
56.7	56.41
56.10	56.42
56.6	56.43
56.6	56.44
56.10	56.45
56.10	56.46
56.6	56.47
56.10	56.48
56.1	56.49
56.7	56.50
56.6	56.51
56.10	56.52
56.9	56.53
56.5	56.54
56.4	56.55
56.10	56.56
56.6	56.57
56.3	56.58
56.8	56.59
56.1	56.60
56.10	56.61
56.6	56.62
56.6	56.63
56.10	56.64
57.1	57.1
57.1	57.2
57.1	57.3
57.1	57.4
57.1	57.5
57.1	57.6
57.1	57.7
57.1	57.8
57.1	57.9
57.1	57.10
57.1	57.11
57.1	57.12
57.1	57.13
57.1	57.14
57.6	57.15
57.1	57.16
57.1	57.17
57.1	57.18
57.1	57.19
57.6	57.20
57.1	57.21
57.5	57.22
57.1	57.23
57.1	57.24
57.1	57.25
57.6	57.26
57.1	57.27
57.1	57.28
57.2	57.29
57.1	57.30
57.1	57.31
57.1	57.32
57.1	57.33
57.1	57.34
57.1	57.35
57.1	57.36
57.3	57.37
57.1	57.38
57.1	57.39
57.6	57.40
57.6	57.41
57.6	57.42
57.1	57.43
57.1	57.44
57.1	57.45
57.1	57.46
57.4	57.47
57.1	57.48
57.4	57.49
57.1	57.50
57.1	57.51
57.6	57.52
57.6	57.53
57.6	57.54
57.1	57.55
57.1	57.56
57.7	57.57
57.6	57.58
57.1	57.59
57.6	57.60
57.3	57.61
57.1	57.62
57.1	57.63
57.6	57.64
58.9	58.1
58.1	58.2
58.6	58.3
58.1	58.4
58.1	58.5
58.1	58.6
58.1	58.7
58.1	58.8
58.9	58.9
58.1	58.10
58.1	58.11
58.1	58.12
58.1	58.13
58.8	58.14
58.1	58.15
58.7	58.16
58.1	58.17
58.1	58.18
58.5	58.19
58.7	58.20
58.1	58.21
58.3	58.22
58.1	58.23
58.1	58.24
58.6	58.25
58.6	58.26
58.1	58.27
58.1	58.28
58.1	58.29
58.9	58.30
58.6	58.31
58.1	58.32
58.1	58.33
58.1	58.34
58.9	58.35
58.6	58.36
58.9	58.37
58.6	58.38
58.6	58.39
58.1	58.40
58.9	58.41
58.1	58.42
58.5	58.43
58.7	58.44
58.1	58.45
58.3	58.46
58.1	58.47
58.1	58.48
58.6	58.49
58.1	58.50
58.3	58.51
58.7	58.52
58.1	58.53
58.4	58.54
58.9	58.55
58.1	58.56
58.1	58.57
58.1	58.58
58.6	58.59
58.7	58.60
58.6	58.61
58.1	58.62
58.1	58.63
58.2	58.64
59.7	59.1
59.7	59.2
59.11	59.3
59.4	59.4
59.7	59.5
59.7	59.6
59.10	59.7
59.4	59.8
59.7	59.9
59.10	59.10
59.4	59.11
59.7	59.12
59.10	59.13
59.4	59.14
59.4	59.15
59.7	59.16
59.3	59.17
59.7	59.18
59.4	59.19
59.11	59.20
59.4	59.21
59.4	59.22
59.7	59.23
59.6	59.24
59.7	59.25
59.7	59.26
59.7	59.27
59.9	59.28
59.7	59.29
59.4	59.30
59.7	59.31
59.12	59.32
59.7	59.33
59.5	59.34
59.10	59.35
59.7	59.36
59.13	59.37
59.8	59.38
59.7	59.39
59.7	59.40
59.9	59.41
59.10	59.42
59.7	59.43
59.7	59.44
59.4	59.45
59.4	59.46
59.7	59.47
59.4	59.48
59.7	59.49
59.7	59.50
59.4	59.51
59.4	59.52
59.9	59.53
59.4	59.54
59.4	59.55
59.4	59.56
59.10	59.57
59.1	59.58
59.4	59.59
59.3	59.60
59.3	59.61
59.4	59.62
59.2	59.63
59.4	59.64
60.4	60.1
60.4	60.2
60.4	60.3
60.4	60.4
60.4	60.5
60.4	60.6
60.1	60.7
60.4	60.8
60.9	60.9
60.4	60.10
60.4	60.11
60.4	60.12
60.4	60.13
60.9	60.14
60.4	60.15
60.9	60.16
60.3	60.17
60.4	60.18
60.8	60.19
60.9	60.20
60.4	60.21
60.4	60.22
60.4	60.23
60.9	60.24
60.9	60.25
60.9	60.26
60.4	60.27
60.1	60.28
60.4	60.29
60.13	60.30
60.4	60.31
60.1	60.32
60.7	60.33
60.4	60.34
60.4	60.35
60.2	60.36
60.13	60.37
60.4	60.38
60.6	60.39
60.15	60.40
60.4	60.41
60.8	60.42
60.4	60.43
60.9	60.44
60.10	60.45
60.4	60.46
60.9	60.47
60.4	60.48
60.12	60.49
60.9	60.50
60.4	60.51
60.4	60.52
60.11	60.53
60.4	60.54
60.4	60.55
60.4	60.56
60.4	60.57
60.5	60.58
60.14	60.59
60.4	60.60
60.12	60.61
60.8	60.62
60.11	60.63
60.1	60.64
61.4	61.1
61.1	61.2
61.8	61.3
61.4	61.4
61.1	61.5
61.7	61.6
61.10	61.7
61.10	61.8
61.8	61.9
61.7	61.10
61.4	61.11
61.1	61.12
61.4	61.13
61.1	61.14
61.4	61.15
61.8	61.16
61.7	61.17
61.10	61.18
61.10	61.19
61.1	61.20
61.7	61.21
61.8	61.22
61.10	61.23
61.3	61.24
61.1	61.25
61.8	61.26
61.4	61.27
61.7	61.28
61.9	61.29
61.6	61.30
61.10	61.31
61.10	61.32
61.10	61.33
61.4	61.34
61.6	61.35
61.10	61.36
61.4	61.37
61.8	61.38
61.10	61.39
61.10	61.40
61.10	61.41
61.4	61.42
61.2	61.43
61.9	61.44
61.10	61.45
61.1	61.46
61.4	61.47
61.5	61.48
61.4	61.49
61.8	61.50
61.1	61.51
61.10	61.52
61.1	61.53
61.10	61.54
61.10	61.55
61.4	61.56
61.4	61.57
61.4	61.58
61.4	61.59
61.4	61.60
61.10	61.61
61.10	61.62
61.4	61.63
61.11	61.64
62.8	62.1
62.1	62.2
62.1	62.3
62.1	62.4
62.1	62.5
62.8	62.6
62.12	62.7
62.10	62.8
62.10	62.9
62.1	62.10
62.8	62.11
62.8	62.12
62.4	62.13
62.10	62.14
62.1	62.15
62.9	62.16
62.8	62.17
62.8	62.18
62.10	62.19
62.1	62.20
62.10	62.21
62.1	62.22
62.2	62.23
62.5	62.24
62.9	62.25
62.10	62.26
62.8	62.27
62.10	62.28
62.10	62.29
62.1	62.30
62.3	62.31
62.9	62.32
62.10	62.33
62.10	62.34
62.9	62.35
62.6	62.36
62.1	62.37
62.13	62.38
62.8	62.39
62.10	62.40
62.1	62.41
62.10	62.42
62.5	62.43
62.12	62.44
62.1	62.45
62.1	62.46
62.1	62.47
62.11	62.48
62.5	62.49
62.1	62.50
62.10	62.51
62.10	62.52
62.7	62.53
62.10	62.54
62.1	62.55
62.5	62.56
62.1	62.57
62.9	62.58
62.9	62.59
62.1	62.60
62.1	62.61
62.9	62.62
62.1	62.63
62.10	62.64
63.1	63.1
63.1	63.2
63.1	63.3
63.1	63.4
63.1	63.5
63.1	63.6
63.1	63.7
63.1	63.8
63.1	63.9
63.1	63.10
63.1	63.11
63.1	63.12
63.1	63.13
63.1	63.14
63.1	63.15
63.1	63.16
63.1	63.17
63.1	63.18
63.1	63.19
63.1	63.20
63.1	63.21
63.1	63.22
63.1	63.23
63.1	63.24
63.1	63.25
63.1	63.26
63.1	63.27
63.1	63.28
63.1	63.29
63.1	63.30
63.1	63.31
63.1	63.32
63.1	63.33
63.1	63.34
63.1	63.35
63.1	63.36
63.1	63.37
63.1	63.38
63.1	63.39
63.1	63.40
63.1	63.41
63.1	63.42
63.2	63.43
63.1	63.44
63.1	63.45
63.1	63.46
63.1	63.47
63.1	63.48
63.1	63.49
63.1	63.50
63.3	63.51
63.1	63.52
63.1	63.53
63.1	63.54
63.1	63.55
63.1	63.56
63.1	63.57
63.1	63.58
63.1	63.59
63.1	63.60
63.1	63.61
63.1	63.62
63.1	63.63
63.1	63.64
64.6	64.1
64.6	64.2
64.7	64.3
64.6	64.4
64.7	64.5
64.7	64.6
64.4	64.7
64.4	64.8
64.7	64.9
64.1	64.10
64.3	64.11
64.7	64.12
64.1	64.13
64.7	64.14
64.4	64.15
64.4	64.16
64.7	64.17
64.4	64.18
64.4	64.19
64.4	64.20
64.4	64.21
64.4	64.22
64.4	64.23
64.7	64.24
64.1	64.25
64.1	64.26
64.7	64.27
64.1	64.28
64.2	64.29
64.4	64.30
64.7	64.31
64.4	64.32
64.4	64.33
64.4	64.34
64.1	64.35
64.1	64.36
64.7	64.37
64.4	64.38
64.3	64.39
64.4	64.40
64.7	64.41
64.4	64.42
64.7	64.43
64.4	64.44
64.7	64.45
64.4	64.46
64.5	64.47
64.4	64.48
64.7	64.49
64.1	64.50
64.1	64.51
64.4	64.52
64.7	64.53
64.7	64.54
64.1	64.55
64.4	64.56
64.4	64.57
64.4	64.58
64.7	64.59
64.4	64.60
64.6	64.61
64.7	64.62
64.4	64.63
64.6	64.64
65.1	65.1
65.4	65.2
65.5	65.3
65.4	65.4
65.4	65.5
65.1	65.6
65.1	65.7
65.4	65.8
65.4	65.9
65.4	65.10
65.4	65.11
65.1	65.12
65.4	65.13
65.4	65.14
65.6	65.15
65.4	65.16
65.4	65.17
65.4	65.18
65.4	65.19
65.1	65.20
65.4	65.21
65.4	65.22
65.1	65.23
65.4	65.24
65.4	65.25
65.1	65.26
65.4	65.27
65.1	65.28
65.2	65.29
65.1	65.30
65.4	65.31
65.1	65.32
65.6	65.33
65.4	65.34
65.4	65.35
65.4	65.36
65.6	65.37
65.4	65.38
65.4	65.39
65.4	65.40
65.4	65.41
65.4	65.42
65.1	65.43
65.4	65.44
65.1	65.45
65.1	65.46
65.1	65.47
65.4	65.48
65.4	65.49
65.1	65.50
65.1	65.51
65.4	65.52
65.1	65.53
65.4	65.54
65.4	65.55
65.3	65.56
65.4	65.57
65.4	65.58
65.4	65.59
65.4	65.60
65.4	65.61
65.4	65.62
65.1	65.63
65.1	65.64
66.4	66.1
66.6	66.2
66.4	66.3
66.4	66.4
66.4	66.5
66.6	66.6
66.4	66.7
66.4	66.8
66.6	66.9
66.4	66.10
66.6	66.11
66.4	66.12
66.3	66.13
66.6	66.14
66.6	66.15
66.4	66.16
66.4	66.17
66.4	66.18
66.1	66.19
66.4	66.20
66.4	66.21
66.6	66.22
66.6	66.23
66.1	66.24
66.4	66.25
66.4	66.26
66.4	66.27
66.4	66.28
66.6	66.29
66.6	66.30
66.6	66.31
66.6	66.32
66.6	66.33
66.6	66.34
66.6	66.35
66.5	66.36
66.6	66.37
66.1	66.38
66.6	66.39
66.4	66.40
66.6	66.41
66.4	66.42
66.6	66.43
66.6	66.44
66.1	66.45
66.6	66.46
66.6	66.47
66.4	66.48
66.1	66.49
66.6	66.50
66.1	66.51
66.1	66.52
66.1	66.53
66.5	66.54
66.6	66.55
66.1	66.56
66.6	66.57
66.1	66.58
66.1	66.59
66.5	66.60
66.6	66.61
66.4	66.62
66.2	66.63
66.6	66.64
67.2	67.1
67.5	67.2
67.2	67.3
67.5	67.4
67.4	67.5
67.5	67.6
67.5	67.7
67.5	67.8
67.2	67.9
67.5	67.10
67.4	67.11
67.5	67.12
67.5	67.13
67.4	67.14
67.5	67.15
67.2	67.16
67.2	67.17
67.5	67.18
67.5	67.19
67.2	67.20
67.5	67.21
67.2	67.22
67.4	67.23
67.4	67.24
67.2	67.25
67.2	67.26
67.5	67.27
67.2	67.28
67.5	67.29
67.5	67.30
67.1	67.31
67.2	67.32
67.4	67.33
67.5	67.34
67.5	67.35
67.2	67.36
67.5	67.37
67.2	67.38
67.5	67.39
67.4	67.40
67.5	67.41
67.5	67.42
67.2	67.43
67.2	67.44
67.3	67.45
67.5	67.46
67.5	67.47
67.5	67.48
67.2	67.49
67.4	67.50
67.5	67.51
67.4	67.52
67.4	67.53
67.5	67.54
67.5	67.55
67.5	67.56
67.5	67.57
67.5	67.58
67.2	67.59
67.4	67.60
67.4	67.61
67.4	67.62
67.4	67.63
67.2	67.64
68.1	68.1
68.1	68.2
68.5	68.3
68.1	68.4
68.1	68.5
68.6	68.6
68.1	68.7
68.5	68.8
68.5	68.9
68.1	68.10
68.1	68.11
68.4	68.12
68.1	68.13
68.1	68.14
68.1	68.15
68.5	68.16
68.5	68.17
68.1	68.18
68.1	68.19
68.5	68.20
68.1	68.21
68.6	68.22
68.1	68.23
68.5	68.24
68.1	68.25
68.1	68.26
68.5	68.27
68.4	68.28
68.6	68.29
68.1	68.30
68.1	68.31
68.1	68.32
68.6	68.33
68.1	68.34
68.1	68.35
68.4	68.36
68.3	68.37
68.1	68.38
68.1	68.39
68.1	68.40
68.1	68.41
68.1	68.42
68.5	68.43
68.5	68.44
68.5	68.45
68.6	68.46
68.6	68.47
68.1	68.48
68.1	68.49
68.1	68.50
68.2	68.51
68.1	68.52
68.1	68.53
68.5	68.54
68.1	68.55
68.5	68.56
68.5	68.57
68.5	68.58
68.1	68.59
68.1	68.60
68.1	68.61
68.5	68.62
68.1	68.63
68.5	68.64
69.1	69.1
69.5	69.2
69.1	69.3
69.1	69.4
69.1	69.5
69.5	69.6
69.1	69.7
69.4	69.8
69.1	69.9
69.1	69.10
69.1	69.11
69.1	69.12
69.5	69.13
69.1	69.14
69.2	69.15
69.1	69.16
69.1	69.17
69.1	69.18
69.1	69.19
69.1	69.20
69.5	69.21
69.1	69.22
69.1	69.23
69.5	69.24
69.5	69.25
69.1	69.26
69.5	69.27
69.1	69.28
69.1	69.29
69.5	69.30
69.1	69.31
69.1	69.32
69.1	69.33
69.5	69.34
69.1	69.35
69.5	69.36
69.5	69.37
69.1	69.38
69.1	69.39
69.1	69.40
69.1	69.41
69.1	69.42
69.4	69.43
69.1	69.44
69.4	69.45
69.1	69.46
69.1	69.47
69.1	69.48
69.1	69.49
69.5	69.50
69.1	69.51
69.5	69.52
69.1	69.53
69.1	69.54
69.1	69.55
69.1	69.56
69.5	69.57
69.1	69.58
69.1	69.59
69.3	69.60
69.1	69.61
69.1	69.62
69.1	69.63
69.1	69.64
70.1	70.1
70.1	70.2
70.1	70.3
70.1	70.4
70.1	70.5
70.4	70.6
70.8	70.7
70.1	70.8
70.1	70.9
70.1	70.10
70.1	70.11
70.1	70.12
70.1	70.13
70.1	70.14
70.1	70.15
70.1	70.16
70.1	70.17
70.1	70.18
70.1	70.19
70.1	70.20
70.1	70.21
70.1	70.22
70.1	70.23
70.1	70.24
70.7	70.25
70.7	70.26
70.1	70.27
70.1	70.28
70.1	70.29
70.1	70.30
70.1	70.31
70.5	70.32
70.2	70.33
70.3	70.34
70.1	70.35
70.1	70.36
70.1	70.37
70.1	70.38
70.1	70.39
70.1	70.40
70.1	70.41
70.1	70.42
70.7	70.43
70.7	70.44
70.7	70.45
70.1	70.46
70.1	70.47
70.1	70.48
70.1	70.49
70.1	70.50
70.1	70.51
70.1	70.52
70.7	70.53
70.1	70.54
70.1	70.55
70.6	70.56
70.7	70.57
70.1	70.58
70.1	70.59
70.1	70.60
70.1	70.61
70.1	70.62
70.1	70.63
70.1	70.64
71.3	71.1
71.1	71.2
71.6	71.3
71.6	71.4
71.1	71.5
71.1	71.6
71.6	71.7
71.1	71.8
71.6	71.9
71.6	71.10
71.6	71.11
71.1	71.12
71.1	71.13
71.6	71.14
71.1	71.15
71.1	71.16
71.6	71.17
71.6	71.18
71.1	71.19
71.1	71.20
71.1	71.21
71.7	71.22
71.6	71.23
71.1	71.24
71.5	71.25
71.3	71.26
71.5	71.27
71.1	71.28
71.1	71.29
71.1	71.30
71.6	71.31
71.1	71.32
71.7	71.33
71.5	71.34
71.1	71.35
71.2	71.36
71.6	71.37
71.6	71.38
71.6	71.39
71.5	71.40
71.5	71.41
71.5	71.42
71.6	71.43
71.4	71.44
71.6	71.45
71.1	71.46
71.1	71.47
71.6	71.48
71.5	71.49
71.5	71.50
71.6	71.51
71.5	71.52
71.5	71.53
71.6	71.54
71.6	71.55
71.1	71.56
71.5	71.57
71.3	71.58
71.5	71.59
71.4	71.60
71.6	71.61
71.6	71.62
71.1	71.63
71.6	71.64
72.1	72.1
72.1	72.2
72.1	72.3
72.1	72.4
72.1	72.5
72.1	72.6
72.1	72.7
72.1	72.8
72.1	72.9
72.1	72.10
72.1	72.11
72.2	72.12
72.1	72.13
72.1	72.14
72.1	72.15
72.1	72.16
72.1	72.17
72.1	72.18
72.1	72.19
72.1	72.20
72.1	72.21
72.1	72.22
72.1	72.23
72.1	72.24
72.1	72.25
72.1	72.26
72.1	72.27
72.1	72.28
72.1	72.29
72.1	72.30
72.1	72.31
72.1	72.32
72.1	72.33
72.1	72.34
72.1	72.35
72.1	72.36
72.1	72.37
72.1	72.38
72.1	72.39
72.1	72.40
72.1	72.41
72.1	72.42
72.1	72.43
72.1	72.44
72.1	72.45
72.1	72.46
72.1	72.47
72.1	72.48
72.1	72.49
72.1	72.50
72.1	72.51
72.1	72.52
72.1	72.53
72.1	72.54
72.1	72.55
72.1	72.56
72.1	72.57
72.1	72.58
72.1	72.59
72.1	72.60
72.1	72.61
72.1	72.62
72.1	72.63
72.1	72.64
73.1	73.1
73.1	73.2
73.1	73.3
73.1	73.4
73.2	73.5
73.1	73.6
73.1	73.7
73.1	73.8
73.1	73.9
73.1	73.10
73.1	73.11
73.1	73.12
73.4	73.13
73.1	73.14
73.1	73.15
73.1	73.16
73.1	73.17
73.1	73.18
73.1	73.19
73.1	73.20
73.1	73.21
73.1	73.22
73.1	73.23
73.4	73.24
73.4	73.25
73.1	73.26
73.1	73.27
73.3	73.28
73.4	73.29
73.1	73.30
73.4	73.31
73.1	73.32
73.1	73.33
73.1	73.34
73.4	73.35
73.1	73.36
73.4	73.37
73.1	73.38
73.4	73.39
73.1	73.40
73.1	73.41
73.1	73.42
73.1	73.43
73.4	73.44
73.1	73.45
73.4	73.46
73.1	73.47
73.4	73.48
73.1	73.49
73.1	73.50
73.1	73.51
73.1	73.52
73.1	73.53
73.4	73.54
73.4	73.55
73.4	73.56
73.1	73.57
73.1	73.58
73.4	73.59
73.1	73.60
73.4	73.61
73.1	73.62
73.3	73.63
73.1	73.64
74.6	74.1
74.6	74.2
74.6	74.3
74.1	74.4
74.6	74.5
74.1	74.6
74.1	74.7
74.5	74.8
74.6	74.9
74.6	74.10
74.6	74.11
74.6	74.12
74.6	74.13
74.6	74.14
74.6	74.15
74.6	74.16
74.6	74.17
74.6	74.18
74.6	74.19
74.6	74.20
74.6	74.21
74.1	74.22
74.6	74.23
74.6	74.24
74.6	74.25
74.1	74.26
74.1	74.27
74.6	74.28
74.6	74.29
74.6	74.30
74.6	74.31
74.6	74.32
74.6	74.33
74.6	74.34
74.6	74.35
74.6	74.36
74.1	74.37
74.1	74.38
74.6	74.39
74.6	74.40
74.5	74.41
74.6	74.42
74.6	74.43
74.6	74.44
74.6	74.45
74.7	74.46
74.1	74.47
74.6	74.48
74.5	74.49
74.3	74.50
74.4	74.51
74.1	74.52
74.6	74.53
74.6	74.54
74.7	74.55
74.1	74.56
74.6	74.57
74.6	74.58
74.6	74.59
74.2	74.60
74.6	74.61
74.7	74.62
74.1	74.63
74.8	74.64
75.1	75.1
75.8	75.2
75.8	75.3
75.8	75.4
75.8	75.5
75.1	75.6
75.4	75.7
75.8	75.8
75.8	75.9
75.8	75.10
75.1	75.11
75.1	75.12
75.1	75.13
75.8	75.14
75.1	75.15
75.4	75.16
75.11	75.17
75.8	75.18
75.8	75.19
75.2	75.20
75.1	75.21
75.8	75.22
75.8	75.23
75.5	75.24
75.7	75.25
75.1	75.26
75.4	75.27
75.8	75.28
75.7	75.29
75.4	75.30
75.8	75.31
75.1	75.32
75.1	75.33
75.8	75.34
75.8	75.35
75.1	75.36
75.8	75.37
75.8	75.38
75.7	75.39
75.1	75.40
75.8	75.41
75.8	75.42
75.8	75.43
75.10	75.44
75.6	75.45
75.6	75.46
75.9	75.47
75.8	75.48
75.8	75.49
75.4	75.50
75.4	75.51
75.11	75.52
75.8	75.53
75.8	75.54
75.8	75.55
75.10	75.56
75.3	75.57
75.8	75.58
75.1	75.59
75.1	75.60
75.11	75.61
75.4	75.62
75.10	75.63
75.8	75.64
76.1	76.1
76.1	76.2
76.1	76.3
76.1	76.4
76.1	76.5
76.1	76.6
76.1	76.7
76.1	76.8
76.1	76.9
76.1	76.10
76.1	76.11
76.1	76.12
76.1	76.13
76.1	76.14
76.1	76.15
76.1	76.16
76.1	76.17
76.1	76.18
76.1	76.19
76.1	76.20
76.3	76.21
76.1	76.22
76.1	76.23
76.1	76.24
76.1	76.25
76.1	76.26
76.1	76.27
76.1	76.28
76.1	76.29
76.1	76.30
76.1	76.31
76.1	76.32
76.1	76.33
76.1	76.34
76.1	76.35
76.1	76.36
76.1	76.37
76.1	76.38
76.1	76.39
76.1	76.40
76.1	76.41
76.1	76.42
76.1	76.43
76.1	76.44
76.1	76.45
76.1	76.46
76.1	76.47
76.1	76.48
76.1	76.49
76.1	76.50
76.1	76.51
76.1	76.52
76.1	76.53
76.1	76.54
76.2	76.55
76.1	76.56
76.1	76.57
76.1	76.58
76.1	76.59
76.1	76.60
76.1	76.61
76.4	76.62
76.1	76.63
76.1	76.64
77.13	77.1
77.16	77.2
77.1	77.3
77.15	77.4
77.10	77.5
77.1	77.6
77.1	77.7
77.7	77.8
77.1	77.9
77.16	77.10
77.15	77.11
77.14	77.12
77.1	77.13
77.1	77.14
77.11	77.15
77.15	77.16
77.3	77.17
77.15	77.18
77.1	77.19
77.6	77.20
77.14	77.21
77.1	77.22
77.14	77.23
77.1	77.24
77.1	77.25
77.14	77.26
77.11	77.27
77.15	77.28
77.4	77.29
77.14	77.30
77.10	77.31
77.1	77.32
77.14	77.33
77.5	77.34
77.11	77.35
77.15	77.36
77.1	77.37
77.15	77.38
77.12	77.39
77.12	77.40
77.10	77.41
77.1	77.42
77.1	77.43
77.8	77.44
77.7	77.45
77.11	77.46
77.12	77.47
77.7	77.48
77.1	77.49
77.17	77.50
77.1	77.51
77.16	77.52
77.4	77.53
77.2	77.54
77.15	77.55
77.9	77.56
77.16	77.57
77.1	77.58
77.15	77.59
77.10	77.60
77.1	77.61
77.1	77.62
77.1	77.63
77.15	77.64
78.5	78.1
78.1	78.2
78.4	78.3
78.9	78.4
78.4	78.5
78.5	78.6
78.4	78.7
78.2	78.8
78.9	78.9
78.4	78.10
78.4	78.11
78.1	78.12
78.8	78.13
78.9	78.14
78.4	78.15
78.4	78.16
78.4	78.17
78.8	78.18
78.4	78.19
78.1	78.20
78.1	78.21
78.9	78.22
78.4	78.23
78.4	78.24
78.9	78.25
78.1	78.26
78.4	78.27
78.4	78.28
78.4	78.29
78.4	78.30
78.4	78.31
78.4	78.32
78.9	78.33
78.4	78.34
78.4	78.35
78.4	78.36
78.7	78.37
78.9	78.38
78.4	78.39
78.5	78.40
78.4	78.41
78.4	78.42
78.6	78.43
78.4	78.44
78.4	78.45
78.4	78.46
78.3	78.47
78.4	78.48
78.4	78.49
78.5	78.50
78.8	78.51
78.4	78.52
78.5	78.53
78.9	78.54
78.4	78.55
78.8	78.56
78.4	78.57
78.4	78.58
78.9	78.59
78.4	78.60
78.4	78.61
78.9	78.62
78.9	78.63
78.4	78.64
79.8	79.1
79.12	79.2
79.8	79.3
79.7	79.4
79.7	79.5
79.7	79.6
79.10	79.7
79.15	79.8
79.10	79.9
79.7	79.10
79.10	79.11
79.8	79.12
79.7	79.13
79.4	79.14
79.7	79.15
79.7	79.16
79.12	79.17
79.7	79.18
79.15	79.19
79.9	79.20
79.8	79.21
79.7	79.22
79.10	79.23
79.15	79.24
79.10	79.25
79.8	79.26
79.8	79.27
79.12	79.28
79.15	79.29
79.9	79.30
79.7	79.31
79.10	79.32
79.14	79.33
79.6	79.34
79.9	79.35
79.5	79.36
79.8	79.37
79.2	79.38
79.8	79.39
79.7	79.40
79.10	79.41
79.14	79.42
79.8	79.43
79.1	79.44
79.1	79.45
79.9	79.46
79.15	79.47
79.11	79.48
79.1	79.49
79.3	79.50
79.10	79.51
79.10	79.52
79.7	79.53
79.10	79.54
79.7	79.55
79.10	79.56
79.13	79.57
79.1	79.58
79.9	79.59
79.7	79.60
79.15	79.61
79.9	79.62
79.7	79.63
79.10	79.64
80.1	80.1
80.1	80.2
80.9	80.3
80.1	80.4
80.8	80.5
80.16	80.6
80.8	80.7
80.2	80.8
80.16	80.9
80.16	80.10
80.7	80.11
80.1	80.12
80.13	80.13
80.16	80.14
80.14	80.15
80.13	80.16
80.13	80.17
80.15	80.18
80.1	80.19
80.13	80.20
80.6	80.21
80.16	80.22
80.8	80.23
80.10	80.24
80.16	80.25
80.13	80.26
80.1	80.27
80.16	80.28
80.1	80.29
80.1	80.30
80.10	80.31
80.9	80.32
80.8	80.33
80.16	80.34
80.8	80.35
80.1	80.36
80.1	80.37
80.16	80.38
80.13	80.39
80.8	80.40
80.16	80.41
80.13	80.42
80.8	80.43
80.5	80.44
80.16	80.45
80.7	80.46
80.11	80.47
80.1	80.48
80.16	80.49
80.12	80.50
80.1	80.51
80.16	80.52
80.13	80.53
80.4	80.54
80.1	80.55
80.1	80.56
80.8	80.57
80.13	80.58
80.15	80.59
80.1	80.60
80.7	80.61
80.3	80.62
80.1	80.63
80.13	80.64
81.4	81.1
81.1	81.2
81.1	81.3
81.1	81.4
81.1	81.5
81.4	81.6
81.1	81.7
81.1	81.8
81.1	81.9
81.1	81.10
81.1	81.11
81.4	81.12
81.4	81.13
81.1	81.14
81.1	81.15
81.1	81.16
81.4	81.17
81.1	81.18
81.3	81.19
81.4	81.20
81.1	81.21
81.1	81.22
81.1	81.23
81.1	81.24
81.1	81.25
81.1	81.26
81.3	81.27
81.4	81.28
81.4	81.29
81.4	81.30
81.1	81.31
81.4	81.32
81.4	81.33
81.4	81.34
81.1	81.35
81.1	81.36
81.1	81.37
81.1	81.38
81.4	81.39
81.5	81.40
81.3	81.41
81.1	81.42
81.1	81.43
81.1	81.44
81.1	81.45
81.4	81.46
81.4	81.47
81.1	81.48
81.1	81.49
81.1	81.50
81.4	81.51
81.1	81.52
81.3	81.53
81.1	81.54
81.1	81.55
81.4	81.56
81.1	81.57
81.1	81.58
81.3	81.59
81.1	81.60
81.4	81.61
81.2	81.62
81.1	81.63
81.3	81.64
82.1	82.1
82.1	82.2
82.1	82.3
82.1	82.4
82.1	82.5
82.1	82.6
82.1	82.7
82.1	82.8
82.1	82.9
82.1	82.10
82.1	82.11
82.1	82.12
82.1	82.13
82.1	82.14
82.1	82.15
82.1	82.16
82.1	82.17
82.1	82.18
82.1	82.19
82.1	82.20
82.1	82.21
82.1	82.22
82.2	82.23
82.1	82.24
82.1	82.25
82.1	82.26
82.1	82.27
82.1	82.28
82.1	82.29
82.1	82.30
82.1	82.31
82.1	82.32
82.1	82.33
82.1	82.34
82.1	82.35
82.1	82.36
82.1	82.37
82.1	82.38
82.1	82.39
82.1	82.40
82.1	82.41
82.1	82.42
82.1	82.43
82.1	82.44
82.1	82.45
82.1	82.46
82.1	82.47
82.1	82.48
82.1	82.49
82.1	82.50
82.1	82.51
82.1	82.52
82.1	82.53
82.1	82.54
82.1	82.55
82.1	82.56
82.3	82.57
82.1	82.58
82.1	82.59
82.1	82.60
82.1	82.61
82.4	82.62
82.1	82.63
82.1	82.64
83.1	83.1
83.1	83.2
83.1	83.3
83.1	83.4
83.5	83.5
83.1	83.6
83.8	83.7
83.8	83.8
83.1	83.9
83.8	83.10
83.9	83.11
83.1	83.12
83.1	83.13
83.6	83.14
83.1	83.15
83.1	83.16
83.1	83.17
83.1	83.18
83.1	83.19
83.1	83.20
83.1	83.21
83.6	83.22
83.1	83.23
83.1	83.24
83.6	83.25
83.1	83.26
83.1	83.27
83.1	83.28
83.3	83.29
83.1	83.30
83.1	83.31
83.2	83.32
83.1	83.33
83.7	83.34
83.1	83.35
83.1	83.36
83.1	83.37
83.1	83.38
83.4	83.39
83.1	83.40
83.1	83.41
83.1	83.42
83.8	83.43
83.1	83.44
83.1	83.45
83.1	83.46
83.1	83.47
83.1	83.48
83.1	83.49
83.1	83.50
83.1	83.51
83.1	83.52
83.1	83.53
83.1	83.54
83.1	83.55
83.1	83.56
83.8	83.57
83.1	83.58
83.1	83.59
83.1	83.60
83.1	83.61
83.1	83.62
83.1	83.63
83.6	83.64
84.10	84.1
84.11	84.2
84.10	84.3
84.1	84.4
84.7	84.5
84.7	84.6
84.9	84.7
84.8	84.8
84.11	84.9
84.11	84.10
84.1	84.11
84.11	84.12
84.1	84.13
84.6	84.14
84.1	84.15
84.10	84.16
84.7	84.17
84.3	84.18
84.1	84.19
84.10	84.20
84.7	84.21
84.6	84.22
84.1	84.23
84.10	84.24
84.7	84.25
84.1	84.26
84.1	84.27
84.7	84.28
84.7	84.29
84.7	84.30
84.7	84.31
84.1	84.32
84.9	84.33
84.7	84.34
84.7	84.35
84.6	84.36
84.7	84.37
84.10	84.38
84.1	84.39
84.7	84.40
84.10	84.41
84.1	84.42
84.5	84.43
84.6	84.44
84.8	84.45
84.7	84.46
84.1	84.47
84.1	84.48
84.7	84.49
84.1	84.50
84.4	84.51
84.7	84.52
84.7	84.53
84.2	84.54
84.7	84.55
84.7	84.56
84.1	84.57
84.1	84.58
84.7	84.59
84.9	84.60
84.7	84.61
84.1	84.62
84.8	84.63
84.7	84.64
85.5	85.1
85.5	85.2
85.5	85.3
85.5	85.4
85.5	85.5
85.5	85.6
85.5	85.7
85.5	85.8
85.5	85.9
85.5	85.10
85.5	85.11
85.2	85.12
85.3	85.13
85.1	85.14
85.1	85.15
85.5	85.16
85.5	85.17
85.5	85.18
85.1	85.19
85.5	85.20
85.5	85.21
85.1	85.22
85.5	85.23
85.5	85.24
85.1	85.25
85.5	85.26
85.5	85.27
85.5	85.28
85.4	85.29
85.5	85.30
85.1	85.31
85.5	85.32
85.5	85.33
85.5	85.34
85.5	85.35
85.5	85.36
85.5	85.37
85.5	85.38
85.1	85.39
85.1	85.40
85.5	85.41
85.1	85.42
85.5	85.43
85.5	85.44
85.1	85.45
85.5	85.46
85.5	85.47
85.5	85.48
85.5	85.49
85.5	85.50
85.5	85.51
85.5	85.52
85.5	85.53
85.5	85.54
85.5	85.55
85.5	85.56
85.5	85.57
85.1	85.58
85.1	85.59
85.5	85.60
85.5	85.61
85.5	85.62
85.1	85.63
85.5	85.64
86.5	86.1
86.1	86.2
86.1	86.3
86.1	86.4
86.1	86.5
86.1	86.6
86.1	86.7
86.1	86.8
86.4	86.9
86.4	86.10
86.5	86.11
86.5	86.12
86.1	86.13
86.1	86.14
86.3	86.15
86.1	86.16
86.4	86.17
86.1	86.18
86.4	86.19
86.1	86.20
86.1	86.21
86.1	86.22
86.4	86.23
86.1	86.24
86.1	86.25
86.1	86.26
86.5	86.27
86.1	86.28
86.1	86.29
86.5	86.30
86.4	86.31
86.1	86.32
86.1	86.33
86.1	86.34
86.2	86.35
86.4	86.36
86.4	86.37
86.1	86.38
86.1	86.39
86.5	86.40
86.1	86.41
86.4	86.42
86.4	86.43
86.4	86.44
86.1	86.45
86.1	86.46
86.4	86.47
86.5	86.48
86.4	86.49
86.3	86.50
86.1	86.51
86.1	86.52
86.4	86.53
86.4	86.54
86.4	86.55
86.4	86.56
86.4	86.57
86.4	86.58
86.4	86.59
86.4	86.60
86.4	86.61
86.1	86.62
86.1	86.63
86.1	86.64
87.4	87.1
87.12	87.2
87.12	87.3
87.10	87.4
87.5	87.5
87.1	87.6
87.10	87.7
87.12	87.8
87.5	87.9
87.10	87.10
87.5	87.11
87.10	87.12
87.12	87.13
87.8	87.14
87.12	87.15
87.1	87.16
87.1	87.17
87.1	87.18
87.12	87.19
87.12	87.20
87.1	87.21
87.1	87.22
87.12	87.23
87.1	87.24
87.5	87.25
87.7	87.26
87.12	87.27
87.1	87.28
87.3	87.29
87.4	87.30
87.5	87.31
87.1	87.32
87.6	87.33
87.1	87.34
87.2	87.35
87.1	87.36
87.4	87.37
87.4	87.38
87.4	87.39
87.1	87.40
87.10	87.41
87.12	87.42
87.5	87.43
87.8	87.44
87.4	87.45
87.8	87.46
87.8	87.47
87.1	87.48
87.5	87.49
87.9	87.50
87.8	87.51
87.5	87.52
87.10	87.53
87.5	87.54
87.1	87.55
87.12	87.56
87.5	87.57
87.5	87.58
87.12	87.59
87.4	87.60
87.8	87.61
87.11	87.62
87.12	87.63
87.4	87.64
88.10	88.1
88.10	88.2
88.18	88.3
88.18	88.4
88.17	88.5
88.10	88.6
88.15	88.7
88.18	88.8
88.17	88.9
88.5	88.10
88.17	88.11
88.12	88.12
88.10	88.13
88.4	88.14
88.17	88.15
88.3	88.16
88.18	88.17
88.15	88.18
88.4	88.19
88.4	88.20
88.10	88.21
88.9	88.22
88.3	88.23
88.16	88.24
88.16	88.25
88.18	88.26
88.17	88.27
88.7	88.28
88.6	88.29
88.17	88.30
88.11	88.31
88.1	88.32
88.3	88.33
88.3	88.34
88.4	88.35
88.15	88.36
88.15	88.37
88.17	88.38
88.4	88.39
88.15	88.40
88.16	88.41
88.10	88.42
88.4	88.43
88.8	88.44
88.3	88.45
88.15	88.46
88.15	88.47
88.2	88.48
88.18	88.49
88.17	88.50
88.7	88.51
88.3	88.52
88.3	88.53
88.18	88.54
88.7	88.55
88.10	88.56
88.7	88.57
88.14	88.58
88.17	88.59
88.13	88.60
88.17	88.61
88.16	88.62
88.15	88.63
88.10	88.64
89.4	89.1
89.4	89.2
89.4	89.3
89.4	89.4
89.4	89.5
89.4	89.6
89.4	89.7
89.4	89.8
89.1	89.9
89.1	89.10
89.4	89.11
89.4	89.12
89.4	89.13
89.4	89.14
89.4	89.15
89.4	89.16
89.4	89.17
89.4	89.18
89.4	89.19
89.4	89.20
89.1	89.21
89.4	89.22
89.2	89.23
89.4	89.24
89.4	89.25
89.4	89.26
89.1	89.27
89.4	89.28
89.4	89.29
89.4	89.30
89.1	89.31
89.4	89.32
89.4	89.33
89.3	89.34
89.4	89.35
89.4	89.36
89.1	89.37
89.4	89.38
89.4	89.39
89.4	89.40
89.4	89.41
89.4	89.42
89.1	89.43
89.4	89.44
89.1	89.45
89.4	89.46
89.4	89.47
89.4	89.48
89.4	89.49
89.4	89.50
89.1	89.51
89.4	89.52
89.4	89.53
89.4	89.54
89.4	89.55
89.1	89.56
89.4	89.57
89.1	89.58
89.1	89.59
89.4	89.60
89.4	89.61
89.1	89.62
89.4	89.63
89.4	89.64
90.4	90.1
90.4	90.2
90.4	90.3
90.4	90.4
90.4	90.5
90.4	90.6
90.4	90.7
90.4	90.8
90.4	90.9
90.4	90.10
90.4	90.11
90.4	90.12
90.4	90.13
90.4	90.14
90.4	90.15
90.4	90.16
90.4	90.17
90.4	90.18
90.4	90.19
90.4	90.20
90.4	90.21
90.4	90.22
90.4	90.23
90.4	90.24
90.5	90.25
90.1	90.26
90.4	90.27
90.4	90.28
90.4	90.29
90.4	90.30
90.4	90.31
90.4	90.32
90.4	90.33
90.5	90.34
90.4	90.35
90.4	90.36
90.4	90.37
90.3	90.38
90.4	90.39
90.4	90.40
90.4	90.41
90.4	90.42
90.1	90.43
90.1	90.44
90.4	90.45
90.4	90.46
90.4	90.47
90.4	90.48
90.4	90.49
90.1	90.50
90.4	90.51
90.4	90.52
90.4	90.53
90.4	90.54
90.4	90.55
90.4	90.56
90.4	90.57
90.4	90.58
90.4	90.59
90.4	90.60
90.1	90.61
90.4	90.62
90.4	90.63
90.2	90.64
91.3	91.1
91.3	91.2
91.1	91.3
91.1	91.4
91.3	91.5
91.3	91.6
91.3	91.7
91.3	91.8
91.3	91.9
91.3	91.10
91.3	91.11
91.3	91.12
91.1	91.13
91.3	91.14
91.3	91.15
91.3	91.16
91.3	91.17
91.3	91.18
91.1	91.19
91.3	91.20
91.5	91.21
91.3	91.22
91.1	91.23
91.3	91.24
91.3	91.25
91.3	91.26
91.3	91.27
91.3	91.28
91.5	91.29
91.1	91.30
91.3	91.31
91.3	91.32
91.3	91.33
91.3	91.34
91.3	91.35
91.3	91.36
91.3	91.37
91.1	91.38
91.4	91.39
91.3	91.40
91.3	91.41
91.2	91.42
91.3	91.43
91.1	91.44
91.3	91.45
91.1	91.46
91.1	91.47
91.3	91.48
91.3	91.49
91.1	91.50
91.3	91.51
91.3	91.52
91.1	91.53
91.1	91.54
91.1	91.55
91.3	91.56
91.3	91.57
91.3	91.58
91.3	91.59
91.1	91.60
91.3	91.61
91.3	91.62
91.3	91.63
91.3	91.64
92.4	92.1
92.4	92.2
92.1	92.3
92.4	92.4
92.4	92.5
92.4	92.6
92.1	92.7
92.4	92.8
92.1	92.9
92.1	92.10
92.4	92.11
92.4	92.12
92.4	92.13
92.1	92.14
92.4	92.15
92.4	92.16
92.4	92.17
92.4	92.18
92.4	92.19
92.4	92.20
92.4	92.21
92.4	92.22
92.3	92.23
92.4	92.24
92.4	92.25
92.4	92.26
92.4	92.27
92.1	92.28
92.4	92.29
92.4	92.30
92.1	92.31
92.1	92.32
92.4	92.33
92.1	92.34
92.4	92.35
92.1	92.36
92.4	92.37
92.1	92.38
92.1	92.39
92.4	92.40
92.4	92.41
92.4	92.42
92.4	92.43
92.4	92.44
92.4	92.45
92.4	92.46
92.4	92.47
92.4	92.48
92.4	92.49
92.4	92.50
92.2	92.51
92.4	92.52
92.4	92.53
92.1	92.54
92.4	92.55
92.1	92.56
92.1	92.57
92.4	92.58
92.4	92.59
92.4	92.60
92.4	92.61
92.4	92.62
92.4	92.63
92.4	92.64
93.1	93.1
93.1	93.2
93.1	93.3
93.1	93.4
93.1	93.5
93.1	93.6
93.1	93.7
93.1	93.8
93.1	93.9
93.1	93.10
93.1	93.11
93.1	93.12
93.1	93.13
93.4	93.14
93.1	93.15
93.1	93.16
93.1	93.17
93.1	93.18
93.1	93.19
93.1	93.20
93.1	93.21
93.1	93.22
93.1	93.23
93.1	93.24
93.4	93.25
93.1	93.26
93.1	93.27
93.1	93.28
93.1	93.29
93.1	93.30
93.1	93.31
93.1	93.32
93.2	93.33
93.1	93.34
93.1	93.35
93.1	93.36
93.1	93.37
93.1	93.38
93.1	93.39
93.1	93.40
93.1	93.41
93.1	93.42
93.1	93.43
93.4	93.44
93.1	93.45
93.1	93.46
93.1	93.47
93.1	93.48
93.1	93.49
93.1	93.50
93.1	93.51
93.1	93.52
93.1	93.53
93.1	93.54
93.1	93.55
93.1	93.56
93.1	93.57
93.2	93.58
93.3	93.59
93.1	93.60
93.1	93.61
93.1	93.62
93.1	93.63
93.1	93.64
94.1	94.1
94.1	94.2
94.1	94.3
94.1	94.4
94.1	94.5
94.1	94.6
94.1	94.7
94.1	94.8
94.1	94.9
94.1	94.10
94.1	94.11
94.1	94.12
94.1	94.13
94.1	94.14
94.1	94.15
94.1	94.16
94.1	94.17
94.1	94.18
94.1	94.19
94.1	94.20
94.1	94.21
94.1	94.22
94.1	94.23
94.1	94.24
94.1	94.25
94.1	94.26
94.1	94.27
94.1	94.28
94.1	94.29
94.1	94.30
94.1	94.31
94.1	94.32
94.1	94.33
94.1	94.34
94.1	94.35
94.2	94.36
94.1	94.37
94.2	94.38
94.1	94.39
94.1	94.40
94.1	94.41
94.1	94.42
94.2	94.43
94.1	94.44
94.1	94.45
94.1	94.46
94.1	94.47
94.1	94.48
94.1	94.49
94.1	94.50
94.1	94.51
94.1	94.52
94.1	94.53
94.1	94.54
94.1	94.55
94.1	94.56
94.1	94.57
94.1	94.58
94.1	94.59
94.1	94.60
94.1	94.61
94.1	94.62
94.1	94.63
94.1	94.64
95.3	95.1
95.4	95.2
95.13	95.3
95.5	95.4
95.4	95.5
95.2	95.6
95.8	95.7
95.15	95.8
95.6	95.9
95.14	95.10
95.14	95.11
95.3	95.12
95.1	95.13
95.8	95.14
95.1	95.15
95.10	95.16
95.13	95.17
95.8	95.18
95.3	95.19
95.13	95.20
95.11	95.21
95.12	95.22
95.3	95.23
95.11	95.24
95.3	95.25
95.16	95.26
95.14	95.27
95.3	95.28
95.14	95.29
95.4	95.30
95.3	95.31
95.3	95.32
95.8	95.33
95.12	95.34
95.11	95.35
95.1	95.36
95.11	95.37
95.4	95.38
95.15	95.39
95.9	95.40
95.10	95.41
95.11	95.42
95.3	95.43
95.3	95.44
95.8	95.45
95.3	95.46
95.11	95.47
95.10	95.48
95.14	95.49
95.11	95.50
95.11	95.51
95.12	95.52
95.3	95.53
95.11	95.54
95.9	95.55
95.17	95.56
95.11	95.57
95.10	95.58
95.8	95.59
95.3	95.60
95.3	95.61
95.8	95.62
95.7	95.63
95.8	95.64
96.12	96.1
96.5	96.2
96.15	96.3
96.15	96.4
96.11	96.5
96.4	96.6
96.12	96.7
96.1	96.8
96.15	96.9
96.8	96.10
96.15	96.11
96.12	96.12
96.10	96.13
96.15	96.14
96.6	96.15
96.1	96.16
96.1	96.17
96.12	96.18
96.12	96.19
96.11	96.20
96.16	96.21
96.15	96.22
96.4	96.23
96.4	96.24
96.1	96.25
96.1	96.26
96.16	96.27
96.15	96.28
96.15	96.29
96.4	96.30
96.4	96.31
96.15	96.32
96.4	96.33
96.4	96.34
96.4	96.35
96.4	96.36
96.9	96.37
96.12	96.38
96.15	96.39
96.8	96.40
96.1	96.41
96.13	96.42
96.12	96.43
96.12	96.44
96.1	96.45
96.4	96.46
96.1	96.47
96.12	96.48
96.4	96.49
96.12	96.50
96.13	96.51
96.12	96.52
96.16	96.53
96.2	96.54
96.1	96.55
96.12	96.56
96.1	96.57
96.7	96.58
96.15	96.59
96.3	96.60
96.1	96.61
96.12	96.62
96.14	96.63
96.5	96.64
97.10	97.1
97.10	97.2
97.10	97.3
97.10	97.4
97.1	97.5
97.4	97.6
97.9	97.7
97.10	97.8
97.7	97.9
97.1	97.10
97.10	97.11
97.10	97.12
97.1	97.13
97.10	97.14
97.1	97.15
97.10	97.16
97.1	97.17
97.10	97.18
97.6	97.19
97.1	97.20
97.10	97.21
97.7	97.22
97.7	97.23
97.10	97.24
97.3	97.25
97.3	97.26
97.1	97.27
97.5	97.28
97.7	97.29
97.4	97.30
97.5	97.31
97.7	97.32
97.1	97.33
97.7	97.34
97.4	97.35
97.10	97.36
97.1	97.37
97.7	97.38
97.10	97.39
97.1	97.40
97.2	97.41
97.1	97.42
97.8	97.43
97.7	97.44
97.1	97.45
97.5	97.46
97.4	97.47
97.5	97.48
97.5	97.49
97.10	97.50
97.4	97.51
97.7	97.52
97.10	97.53
97.1	97.54
97.5	97.55
97.5	97.56
97.1	97.57
97.9	97.58
97.5	97.59
97.1	97.60
97.1	97.61
97.10	97.62
97.1	97.63
97.1	97.64
98.5	98.1
98.5	98.2
98.14	98.3
98.5	98.4
98.5	98.5
98.14	98.6
98.12	98.7
98.5	98.8
98.13	98.9
98.14	98.10
98.5	98.11
98.1	98.12
98.5	98.13
98.13	98.14
98.4	98.15
98.5	98.16
98.1	98.17
98.14	98.18
98.5	98.19
98.8	98.20
98.12	98.21
98.5	98.22
98.14	98.23
98.14	98.24
98.14	98.25
98.5	98.26
98.13	98.27
98.11	98.28
98.12	98.29
98.14	98.30
98.16	98.31
98.15	98.32
98.14	98.33
98.5	98.34
98.5	98.35
98.5	98.36
98.9	98.37
98.13	98.38
98.10	98.39
98.13	98.40
98.12	98.41
98.7	98.42
98.13	98.43
98.13	98.44
98.1	98.45
98.5	98.46
98.14	98.47
98.13	98.48
98.1	98.49
98.12	98.50
98.14	98.51
98.1	98.52
98.13	98.53
98.2	98.54
98.5	98.55
98.13	98.56
98.5	98.57
98.6	98.58
98.14	98.59
98.1	98.60
98.3	98.61
98.5	98.62
98.14	98.63
98.13	98.64
99.1	99.1
99.1	99.2
99.3	99.3
99.3	99.4
99.1	99.5
99.1	99.6
99.1	99.7
99.1	99.8
99.1	99.9
99.1	99.10
99.1	99.11
99.1	99.12
99.3	99.13
99.1	99.14
99.3	99.15
99.1	99.16
99.4	99.17
99.1	99.18
99.1	99.19
99.1	99.20
99.3	99.21
99.1	99.22
99.1	99.23
99.2	99.24
99.1	99.25
99.3	99.26
99.3	99.27
99.1	99.28
99.1	99.29
99.1	99.30
99.1	99.31
99.1	99.32
99.1	99.33
99.1	99.34
99.4	99.35
99.1	99.36
99.3	99.37
99.1	99.38
99.1	99.39
99.1	99.40
99.1	99.41
99.1	99.42
99.1	99.43
99.1	99.44
99.1	99.45
99.4	99.46
99.3	99.47
99.1	99.48
99.1	99.49
99.1	99.50
99.1	99.51
99.3	99.52
99.1	99.53
99.1	99.54
99.1	99.55
99.1	99.56
99.1	99.57
99.3	99.58
99.1	99.59
99.1	99.60
99.1	99.61
99.1	99.62
99.3	99.63
99.1	99.64
100.9	100.1
100.10	100.2
100.1	100.3
100.3	100.4
100.9	100.5
100.1	100.6
100.1	100.7
100.8	100.8
100.1	100.9
100.9	100.10
100.8	100.11
100.9	100.12
100.1	100.13
100.10	100.14
100.1	100.15
100.8	100.16
100.9	100.17
100.9	100.18
100.8	100.19
100.1	100.20
100.10	100.21
100.8	100.22
100.5	100.23
100.1	100.24
100.8	100.25
100.1	100.26
100.9	100.27
100.9	100.28
100.1	100.29
100.8	100.30
100.3	100.31
100.8	100.32
100.1	100.33
100.6	100.34
100.6	100.35
100.8	100.36
100.1	100.37
100.1	100.38
100.8	100.39
100.8	100.40
100.8	100.41
100.8	100.42
100.8	100.43
100.1	100.44
100.1	100.45
100.9	100.46
100.8	100.47
100.8	100.48
100.1	100.49
100.8	100.50
100.5	100.51
100.8	100.52
100.4	100.53
100.9	100.54
100.2	100.55
100.9	100.56
100.6	100.57
100.8	100.58
100.7	100.59
100.9	100.60
100.9	100.61
100.8	100.62
100.1	100.63
100.10	100.64