subTopicID	resultID
1.1	1.1
1.7	1.2
1.7	1.3
1.7	1.4
1.6	1.5
1.7	1.6
1.7	1.7
1.1	1.8
1.7	1.9
1.7	1.10
1.1	1.11
1.7	1.12
1.7	1.13
1.7	1.14
1.7	1.15
1.7	1.16
1.7	1.17
1.1	1.18
1.1	1.19
1.5	1.20
1.7	1.21
1.6	1.22
1.7	1.23
1.7	1.24
1.7	1.25
1.1	1.26
1.1	1.27
1.7	1.28
1.1	1.29
1.5	1.30
1.7	1.31
1.7	1.32
1.1	1.33
1.1	1.34
1.1	1.35
1.1	1.36
1.6	1.37
1.7	1.38
1.3	1.39
1.1	1.40
1.7	1.41
1.7	1.42
1.7	1.43
1.7	1.44
1.1	1.45
1.1	1.46
1.7	1.47
1.6	1.48
1.3	1.49
1.3	1.50
1.1	1.51
1.1	1.52
1.7	1.53
1.1	1.54
1.4	1.55
1.7	1.56
1.1	1.57
1.1	1.58
1.6	1.59
1.7	1.60
1.2	1.61
1.1	1.62
1.7	1.63
1.7	1.64
2.7	2.1
2.9	2.2
2.9	2.3
2.7	2.4
2.1	2.5
2.9	2.6
2.7	2.7
2.7	2.8
2.7	2.9
2.9	2.10
2.7	2.11
2.5	2.12
2.7	2.13
2.7	2.14
2.7	2.15
2.7	2.16
2.1	2.17
2.7	2.18
2.7	2.19
2.7	2.20
2.1	2.21
2.3	2.22
2.4	2.23
2.7	2.24
2.9	2.25
2.7	2.26
2.9	2.27
2.10	2.28
2.1	2.29
2.7	2.30
2.7	2.31
2.9	2.32
2.7	2.33
2.9	2.34
2.9	2.35
2.10	2.36
2.9	2.37
2.10	2.38
2.1	2.39
2.2	2.40
2.9	2.41
2.6	2.42
2.7	2.43
2.9	2.44
2.7	2.45
2.6	2.46
2.9	2.47
2.8	2.48
2.9	2.49
2.1	2.50
2.7	2.51
2.9	2.52
2.10	2.53
2.7	2.54
2.9	2.55
2.9	2.56
2.1	2.57
2.10	2.58
2.9	2.59
2.10	2.60
2.9	2.61
2.1	2.62
2.10	2.63
2.1	2.64
3.9	3.1
3.9	3.2
3.1	3.3
3.8	3.4
3.9	3.5
3.1	3.6
3.1	3.7
3.9	3.8
3.9	3.9
3.1	3.10
3.9	3.11
3.9	3.12
3.9	3.13
3.1	3.14
3.9	3.15
3.1	3.16
3.1	3.17
3.9	3.18
3.8	3.19
3.1	3.20
3.9	3.21
3.1	3.22
3.3	3.23
3.1	3.24
3.9	3.25
3.1	3.26
3.7	3.27
3.1	3.28
3.1	3.29
3.8	3.30
3.9	3.31
3.8	3.32
3.9	3.33
3.1	3.34
3.9	3.35
3.9	3.36
3.1	3.37
3.10	3.38
3.4	3.39
3.1	3.40
3.1	3.41
3.1	3.42
3.9	3.43
3.8	3.44
3.9	3.45
3.1	3.46
3.6	3.47
3.9	3.48
3.9	3.49
3.10	3.50
3.5	3.51
3.9	3.52
3.9	3.53
3.1	3.54
3.9	3.55
3.1	3.56
3.1	3.57
3.2	3.58
3.9	3.59
3.8	3.60
3.9	3.61
3.9	3.62
3.10	3.63
3.1	3.64
4.7	4.1
4.5	4.2
4.6	4.3
4.6	4.4
4.6	4.5
4.4	4.6
4.6	4.7
4.6	4.8
4.7	4.9
4.4	4.10
4.7	4.11
4.6	4.12
4.6	4.13
4.6	4.14
4.7	4.15
4.6	4.16
4.7	4.17
4.7	4.18
4.7	4.19
4.7	4.20
4.6	4.21
4.4	4.22
4.3	4.23
4.4	4.24
4.4	4.25
4.6	4.26
4.4	4.27
4.7	4.28
4.7	4.29
4.6	4.30
4.4	4.31
4.4	4.32
4.6	4.33
4.7	4.34
4.4	4.35
4.7	4.36
4.4	4.37
4.6	4.38
4.6	4.39
4.7	4.40
4.4	4.41
4.6	4.42
4.6	4.43
4.1	4.44
4.6	4.45
4.2	4.46
4.7	4.47
4.6	4.48
4.1	4.49
4.7	4.50
4.7	4.51
4.7	4.52
4.6	4.53
4.7	4.54
4.1	4.55
4.7	4.56
4.1	4.57
4.7	4.58
4.1	4.59
4.7	4.60
4.7	4.61
4.6	4.62
4.7	4.63
4.1	4.64
5.6	5.1
5.6	5.2
5.6	5.3
5.6	5.4
5.4	5.5
5.6	5.6
5.5	5.7
5.6	5.8
5.6	5.9
5.6	5.10
5.1	5.11
5.1	5.12
5.1	5.13
5.1	5.14
5.1	5.15
5.6	5.16
5.5	5.17
5.6	5.18
5.5	5.19
5.6	5.20
5.6	5.21
5.1	5.22
5.5	5.23
5.1	5.24
5.4	5.25
5.5	5.26
5.6	5.27
5.1	5.28
5.6	5.29
5.1	5.30
5.6	5.31
5.1	5.32
5.3	5.33
5.6	5.34
5.1	5.35
5.1	5.36
5.6	5.37
5.2	5.38
5.6	5.39
5.6	5.40
5.6	5.41
5.6	5.42
5.6	5.43
5.7	5.44
5.6	5.45
5.6	5.46
5.5	5.47
5.5	5.48
5.6	5.49
5.5	5.50
5.6	5.51
5.6	5.52
5.5	5.53
5.4	5.54
5.5	5.55
5.1	5.56
5.6	5.57
5.6	5.58
5.6	5.59
5.1	5.60
5.1	5.61
5.6	5.62
5.5	5.63
5.6	5.64
6.1	6.1
6.8	6.2
6.8	6.3
6.5	6.4
6.3	6.5
6.8	6.6
6.8	6.7
6.8	6.8
6.1	6.9
6.1	6.10
6.8	6.11
6.8	6.12
6.8	6.13
6.8	6.14
6.8	6.15
6.8	6.16
6.8	6.17
6.8	6.18
6.1	6.19
6.2	6.20
6.7	6.21
6.8	6.22
6.8	6.23
6.7	6.24
6.8	6.25
6.8	6.26
6.8	6.27
6.8	6.28
6.8	6.29
6.8	6.30
6.4	6.31
6.8	6.32
6.1	6.33
6.8	6.34
6.1	6.35
6.8	6.36
6.6	6.37
6.1	6.38
6.1	6.39
6.8	6.40
6.8	6.41
6.8	6.42
6.8	6.43
6.8	6.44
6.8	6.45
6.8	6.46
6.8	6.47
6.1	6.48
6.8	6.49
6.8	6.50
6.8	6.51
6.1	6.52
6.8	6.53
6.8	6.54
6.9	6.55
6.8	6.56
6.1	6.57
6.1	6.58
6.1	6.59
6.1	6.60
6.1	6.61
6.1	6.62
6.1	6.63
6.8	6.64
7.1	7.1
7.1	7.2
7.1	7.3
7.1	7.4
7.6	7.5
7.1	7.6
7.1	7.7
7.4	7.8
7.6	7.9
7.1	7.10
7.1	7.11
7.1	7.12
7.1	7.13
7.1	7.14
7.1	7.15
7.1	7.16
7.1	7.17
7.1	7.18
7.1	7.19
7.1	7.20
7.1	7.21
7.6	7.22
7.1	7.23
7.1	7.24
7.1	7.25
7.1	7.26
7.4	7.27
7.4	7.28
7.1	7.29
7.1	7.30
7.6	7.31
7.6	7.32
7.6	7.33
7.3	7.34
7.1	7.35
7.2	7.36
7.1	7.37
7.1	7.38
7.6	7.39
7.1	7.40
7.4	7.41
7.6	7.42
7.1	7.43
7.1	7.44
7.1	7.45
7.6	7.46
7.1	7.47
7.1	7.48
7.3	7.49
7.1	7.50
7.3	7.51
7.1	7.52
7.1	7.53
7.4	7.54
7.1	7.55
7.1	7.56
7.1	7.57
7.1	7.58
7.5	7.59
7.4	7.60
7.3	7.61
7.6	7.62
7.6	7.63
7.1	7.64
8.5	8.1
8.5	8.2
8.5	8.3
8.1	8.4
8.6	8.5
8.6	8.6
8.1	8.7
8.6	8.8
8.6	8.9
8.1	8.10
8.6	8.11
8.1	8.12
8.6	8.13
8.6	8.14
8.5	8.15
8.6	8.16
8.3	8.17
8.1	8.18
8.6	8.19
8.6	8.20
8.2	8.21
8.1	8.22
8.6	8.23
8.6	8.24
8.5	8.25
8.5	8.26
8.4	8.27
8.1	8.28
8.1	8.29
8.5	8.30
8.1	8.31
8.1	8.32
8.6	8.33
8.5	8.34
8.6	8.35
8.5	8.36
8.5	8.37
8.5	8.38
8.5	8.39
8.1	8.40
8.5	8.41
8.5	8.42
8.1	8.43
8.6	8.44
8.1	8.45
8.6	8.46
8.6	8.47
8.5	8.48
8.5	8.49
8.5	8.50
8.5	8.51
8.1	8.52
8.5	8.53
8.5	8.54
8.5	8.55
8.1	8.56
8.6	8.57
8.1	8.58
8.1	8.59
8.5	8.60
8.1	8.61
8.4	8.62
8.6	8.63
8.6	8.64
9.9	9.1
9.6	9.2
9.11	9.3
9.11	9.4
9.10	9.5
9.6	9.6
9.6	9.7
9.1	9.8
9.6	9.9
9.10	9.10
9.6	9.11
9.6	9.12
9.1	9.13
9.9	9.14
9.10	9.15
9.11	9.16
9.8	9.17
9.11	9.18
9.11	9.19
9.11	9.20
9.11	9.21
9.6	9.22
9.9	9.23
9.6	9.24
9.5	9.25
9.2	9.26
9.13	9.27
9.13	9.28
9.11	9.29
9.6	9.30
9.11	9.31
9.1	9.32
9.7	9.33
9.11	9.34
9.6	9.35
9.6	9.36
9.1	9.37
9.3	9.38
9.8	9.39
9.4	9.40
9.11	9.41
9.12	9.42
9.9	9.43
9.8	9.44
9.9	9.45
9.4	9.46
9.1	9.47
9.6	9.48
9.13	9.49
9.11	9.50
9.6	9.51
9.11	9.52
9.6	9.53
9.6	9.54
9.13	9.55
9.1	9.56
9.11	9.57
9.13	9.58
9.11	9.59
9.10	9.60
9.6	9.61
9.1	9.62
9.6	9.63
9.1	9.64
10.10	10.1
10.10	10.2
10.7	10.3
10.7	10.4
10.10	10.5
10.10	10.6
10.10	10.7
10.1	10.8
10.7	10.9
10.10	10.10
10.10	10.11
10.7	10.12
10.9	10.13
10.10	10.14
10.10	10.15
10.10	10.16
10.10	10.17
10.10	10.18
10.10	10.19
10.10	10.20
10.8	10.21
10.10	10.22
10.5	10.23
10.10	10.24
10.1	10.25
10.7	10.26
10.1	10.27
10.7	10.28
10.10	10.29
10.7	10.30
10.5	10.31
10.1	10.32
10.4	10.33
10.3	10.34
10.10	10.35
10.1	10.36
10.10	10.37
10.10	10.38
10.7	10.39
10.1	10.40
10.7	10.41
10.2	10.42
10.2	10.43
10.10	10.44
10.7	10.45
10.10	10.46
10.7	10.47
10.8	10.48
10.7	10.49
10.7	10.50
10.7	10.51
10.10	10.52
10.5	10.53
10.10	10.54
10.1	10.55
10.7	10.56
10.7	10.57
10.7	10.58
10.7	10.59
10.3	10.60
10.7	10.61
10.6	10.62
10.10	10.63
10.2	10.64
11.9	11.1
11.3	11.2
11.9	11.3
11.9	11.4
11.1	11.5
11.1	11.6
11.7	11.7
11.1	11.8
11.1	11.9
11.9	11.10
11.9	11.11
11.9	11.12
11.9	11.13
11.9	11.14
11.7	11.15
11.9	11.16
11.8	11.17
11.6	11.18
11.1	11.19
11.9	11.20
11.4	11.21
11.5	11.22
11.1	11.23
11.6	11.24
11.9	11.25
11.9	11.26
11.7	11.27
11.9	11.28
11.9	11.29
11.9	11.30
11.1	11.31
11.9	11.32
11.9	11.33
11.9	11.34
11.1	11.35
11.1	11.36
11.9	11.37
11.9	11.38
11.1	11.39
11.6	11.40
11.1	11.41
11.9	11.42
11.1	11.43
11.1	11.44
11.1	11.45
11.1	11.46
11.9	11.47
11.4	11.48
11.1	11.49
11.7	11.50
11.9	11.51
11.9	11.52
11.9	11.53
11.9	11.54
11.9	11.55
11.6	11.56
11.1	11.57
11.7	11.58
11.2	11.59
11.9	11.60
11.1	11.61
11.1	11.62
11.1	11.63
11.9	11.64
12.1	12.1
12.4	12.2
12.7	12.3
12.2	12.4
12.1	12.5
12.1	12.6
12.9	12.7
12.1	12.8
12.1	12.9
12.5	12.10
12.1	12.11
12.1	12.12
12.1	12.13
12.1	12.14
12.8	12.15
12.1	12.16
12.1	12.17
12.6	12.18
12.1	12.19
12.6	12.20
12.6	12.21
12.1	12.22
12.5	12.23
12.1	12.24
12.1	12.25
12.6	12.26
12.9	12.27
12.1	12.28
12.1	12.29
12.1	12.30
12.1	12.31
12.6	12.32
12.1	12.33
12.1	12.34
12.3	12.35
12.1	12.36
12.1	12.37
12.1	12.38
12.8	12.39
12.1	12.40
12.6	12.41
12.6	12.42
12.1	12.43
12.6	12.44
12.1	12.45
12.1	12.46
12.1	12.47
12.1	12.48
12.6	12.49
12.1	12.50
12.1	12.51
12.1	12.52
12.6	12.53
12.1	12.54
12.7	12.55
12.1	12.56
12.9	12.57
12.1	12.58
12.6	12.59
12.1	12.60
12.1	12.61
12.1	12.62
12.6	12.63
12.1	12.64
13.7	13.1
13.7	13.2
13.7	13.3
13.6	13.4
13.7	13.5
13.7	13.6
13.2	13.7
13.3	13.8
13.5	13.9
13.3	13.10
13.3	13.11
13.7	13.12
13.3	13.13
13.3	13.14
13.3	13.15
13.7	13.16
13.3	13.17
13.3	13.18
13.3	13.19
13.7	13.20
13.7	13.21
13.3	13.22
13.7	13.23
13.3	13.24
13.7	13.25
13.3	13.26
13.7	13.27
13.7	13.28
13.7	13.29
13.3	13.30
13.3	13.31
13.6	13.32
13.3	13.33
13.7	13.34
13.3	13.35
13.3	13.36
13.3	13.37
13.1	13.38
13.7	13.39
13.7	13.40
13.3	13.41
13.6	13.42
13.3	13.43
13.3	13.44
13.7	13.45
13.3	13.46
13.6	13.47
13.3	13.48
13.3	13.49
13.6	13.50
13.7	13.51
13.4	13.52
13.3	13.53
13.7	13.54
13.3	13.55
13.3	13.56
13.3	13.57
13.4	13.58
13.3	13.59
13.6	13.60
13.3	13.61
13.7	13.62
13.7	13.63
13.7	13.64
14.8	14.1
14.8	14.2
14.8	14.3
14.8	14.4
14.1	14.5
14.1	14.6
14.3	14.7
14.1	14.8
14.1	14.9
14.1	14.10
14.8	14.11
14.2	14.12
14.1	14.13
14.8	14.14
14.1	14.15
14.8	14.16
14.6	14.17
14.1	14.18
14.5	14.19
14.6	14.20
14.1	14.21
14.7	14.22
14.6	14.23
14.1	14.24
14.7	14.25
14.1	14.26
14.8	14.27
14.4	14.28
14.7	14.29
14.1	14.30
14.6	14.31
14.1	14.32
14.1	14.33
14.4	14.34
14.6	14.35
14.1	14.36
14.8	14.37
14.8	14.38
14.6	14.39
14.8	14.40
14.8	14.41
14.6	14.42
14.1	14.43
14.1	14.44
14.1	14.45
14.7	14.46
14.1	14.47
14.8	14.48
14.7	14.49
14.8	14.50
14.7	14.51
14.8	14.52
14.8	14.53
14.6	14.54
14.6	14.55
14.8	14.56
14.8	14.57
14.8	14.58
14.7	14.59
14.8	14.60
14.8	14.61
14.1	14.62
14.8	14.63
14.8	14.64
15.16	15.1
15.11	15.2
15.12	15.3
15.11	15.4
15.1	15.5
15.8	15.6
15.1	15.7
15.11	15.8
15.1	15.9
15.1	15.10
15.13	15.11
15.1	15.12
15.15	15.13
15.11	15.14
15.11	15.15
15.1	15.16
15.14	15.17
15.1	15.18
15.1	15.19
15.1	15.20
15.1	15.21
15.11	15.22
15.11	15.23
15.16	15.24
15.1	15.25
15.11	15.26
15.1	15.27
15.14	15.28
15.11	15.29
15.11	15.30
15.11	15.31
15.8	15.32
15.11	15.33
15.8	15.34
15.1	15.35
15.11	15.36
15.9	15.37
15.1	15.38
15.8	15.39
15.11	15.40
15.13	15.41
15.11	15.42
15.11	15.43
15.9	15.44
15.11	15.45
15.13	15.46
15.16	15.47
15.3	15.48
15.11	15.49
15.5	15.50
15.13	15.51
15.15	15.52
15.10	15.53
15.4	15.54
15.1	15.55
15.9	15.56
15.14	15.57
15.16	15.58
15.7	15.59
15.6	15.60
15.2	15.61
15.7	15.62
15.7	15.63
15.8	15.64
16.12	16.1
16.10	16.2
16.12	16.3
16.5	16.4
16.5	16.5
16.5	16.6
16.5	16.7
16.1	16.8
16.5	16.9
16.12	16.10
16.12	16.11
16.11	16.12
16.12	16.13
16.5	16.14
16.12	16.15
16.12	16.16
16.13	16.17
16.12	16.18
16.12	16.19
16.5	16.20
16.5	16.21
16.2	16.22
16.1	16.23
16.12	16.24
16.12	16.25
16.12	16.26
16.5	16.27
16.5	16.28
16.8	16.29
16.5	16.30
16.5	16.31
16.12	16.32
16.11	16.33
16.12	16.34
16.9	16.35
16.5	16.36
16.5	16.37
16.12	16.38
16.11	16.39
16.5	16.40
16.11	16.41
16.6	16.42
16.12	16.43
16.5	16.44
16.14	16.45
16.1	16.46
16.5	16.47
16.4	16.48
16.14	16.49
16.7	16.50
16.5	16.51
16.12	16.52
16.5	16.53
16.12	16.54
16.11	16.55
16.3	16.56
16.5	16.57
16.5	16.58
16.1	16.59
16.5	16.60
16.5	16.61
16.1	16.62
16.13	16.63
16.5	16.64
17.10	17.1
17.1	17.2
17.11	17.3
17.11	17.4
17.11	17.5
17.8	17.6
17.11	17.7
17.1	17.8
17.11	17.9
17.8	17.10
17.10	17.11
17.9	17.12
17.10	17.13
17.8	17.14
17.1	17.15
17.10	17.16
17.1	17.17
17.11	17.18
17.10	17.19
17.10	17.20
17.6	17.21
17.4	17.22
17.1	17.23
17.10	17.24
17.11	17.25
17.10	17.26
17.11	17.27
17.11	17.28
17.11	17.29
17.1	17.30
17.6	17.31
17.10	17.32
17.11	17.33
17.1	17.34
17.9	17.35
17.6	17.36
17.11	17.37
17.2	17.38
17.11	17.39
17.7	17.40
17.11	17.41
17.11	17.42
17.10	17.43
17.1	17.44
17.10	17.45
17.10	17.46
17.4	17.47
17.11	17.48
17.7	17.49
17.8	17.50
17.5	17.51
17.7	17.52
17.11	17.53
17.11	17.54
17.7	17.55
17.3	17.56
17.9	17.57
17.10	17.58
17.1	17.59
17.11	17.60
17.11	17.61
17.7	17.62
17.11	17.63
17.11	17.64
18.4	18.1
18.7	18.2
18.1	18.3
18.1	18.4
18.9	18.5
18.1	18.6
18.9	18.7
18.1	18.8
18.1	18.9
18.1	18.10
18.1	18.11
18.9	18.12
18.9	18.13
18.1	18.14
18.1	18.15
18.1	18.16
18.10	18.17
18.9	18.18
18.9	18.19
18.1	18.20
18.1	18.21
18.1	18.22
18.1	18.23
18.1	18.24
18.1	18.25
18.1	18.26
18.10	18.27
18.9	18.28
18.3	18.29
18.1	18.30
18.1	18.31
18.1	18.32
18.1	18.33
18.1	18.34
18.9	18.35
18.1	18.36
18.10	18.37
18.10	18.38
18.9	18.39
18.1	18.40
18.1	18.41
18.7	18.42
18.6	18.43
18.1	18.44
18.10	18.45
18.10	18.46
18.1	18.47
18.1	18.48
18.10	18.49
18.5	18.50
18.8	18.51
18.10	18.52
18.7	18.53
18.10	18.54
18.7	18.55
18.2	18.56
18.1	18.57
18.10	18.58
18.10	18.59
18.10	18.60
18.1	18.61
18.9	18.62
18.10	18.63
18.1	18.64
19.8	19.1
19.13	19.2
19.9	19.3
19.9	19.4
19.8	19.5
19.5	19.6
19.12	19.7
19.1	19.8
19.10	19.9
19.9	19.10
19.9	19.11
19.11	19.12
19.10	19.13
19.8	19.14
19.9	19.15
19.9	19.16
19.9	19.17
19.13	19.18
19.9	19.19
19.9	19.20
19.4	19.21
19.6	19.22
19.9	19.23
19.9	19.24
19.1	19.25
19.8	19.26
19.7	19.27
19.9	19.28
19.10	19.29
19.9	19.30
19.9	19.31
19.8	19.32
19.1	19.33
19.2	19.34
19.1	19.35
19.9	19.36
19.9	19.37
19.1	19.38
19.9	19.39
19.13	19.40
19.1	19.41
19.10	19.42
19.9	19.43
19.9	19.44
19.1	19.45
19.1	19.46
19.9	19.47
19.9	19.48
19.9	19.49
19.8	19.50
19.8	19.51
19.5	19.52
19.9	19.53
19.5	19.54
19.5	19.55
19.8	19.56
19.8	19.57
19.3	19.58
19.9	19.59
19.9	19.60
19.5	19.61
19.1	19.62
19.9	19.63
19.1	19.64
20.1	20.1
20.6	20.2
20.6	20.3
20.6	20.4
20.6	20.5
20.1	20.6
20.1	20.7
20.1	20.8
20.10	20.9
20.8	20.10
20.6	20.11
20.1	20.12
20.1	20.13
20.1	20.14
20.6	20.15
20.1	20.16
20.6	20.17
20.2	20.18
20.6	20.19
20.7	20.20
20.8	20.21
20.6	20.22
20.1	20.23
20.8	20.24
20.6	20.25
20.6	20.26
20.6	20.27
20.8	20.28
20.1	20.29
20.3	20.30
20.7	20.31
20.5	20.32
20.8	20.33
20.1	20.34
20.6	20.35
20.7	20.36
20.6	20.37
20.6	20.38
20.1	20.39
20.6	20.40
20.8	20.41
20.4	20.42
20.1	20.43
20.1	20.44
20.8	20.45
20.1	20.46
20.1	20.47
20.6	20.48
20.7	20.49
20.1	20.50
20.6	20.51
20.6	20.52
20.8	20.53
20.6	20.54
20.3	20.55
20.9	20.56
20.8	20.57
20.6	20.58
20.1	20.59
20.1	20.60
20.3	20.61
20.10	20.62
20.6	20.63
20.1	20.64
21.5	21.1
21.5	21.2
21.7	21.3
21.5	21.4
21.5	21.5
21.1	21.6
21.1	21.7
21.3	21.8
21.5	21.9
21.5	21.10
21.5	21.11
21.2	21.12
21.1	21.13
21.1	21.14
21.5	21.15
21.1	21.16
21.5	21.17
21.5	21.18
21.1	21.19
21.5	21.20
21.6	21.21
21.4	21.22
21.4	21.23
21.1	21.24
21.5	21.25
21.5	21.26
21.1	21.27
21.1	21.28
21.5	21.29
21.1	21.30
21.5	21.31
21.5	21.32
21.1	21.33
21.7	21.34
21.1	21.35
21.7	21.36
21.1	21.37
21.1	21.38
21.1	21.39
21.5	21.40
21.4	21.41
21.5	21.42
21.5	21.43
21.5	21.44
21.5	21.45
21.1	21.46
21.5	21.47
21.1	21.48
21.5	21.49
21.5	21.50
21.5	21.51
21.5	21.52
21.5	21.53
21.1	21.54
21.5	21.55
21.1	21.56
21.1	21.57
21.6	21.58
21.5	21.59
21.6	21.60
21.4	21.61
21.1	21.62
21.1	21.63
21.7	21.64
22.8	22.1
22.4	22.2
22.11	22.3
22.13	22.4
22.11	22.5
22.11	22.6
22.7	22.7
22.11	22.8
22.8	22.9
22.4	22.10
22.4	22.11
22.4	22.12
22.4	22.13
22.4	22.14
22.6	22.15
22.4	22.16
22.11	22.17
22.4	22.18
22.4	22.19
22.13	22.20
22.7	22.21
22.4	22.22
22.10	22.23
22.13	22.24
22.13	22.25
22.9	22.26
22.8	22.27
22.4	22.28
22.4	22.29
22.4	22.30
22.11	22.31
22.13	22.32
22.7	22.33
22.2	22.34
22.12	22.35
22.4	22.36
22.12	22.37
22.4	22.38
22.11	22.39
22.11	22.40
22.8	22.41
22.8	22.42
22.4	22.43
22.11	22.44
22.4	22.45
22.14	22.46
22.11	22.47
22.11	22.48
22.4	22.49
22.8	22.50
22.4	22.51
22.11	22.52
22.4	22.53
22.4	22.54
22.4	22.55
22.1	22.56
22.4	22.57
22.11	22.58
22.4	22.59
22.4	22.60
22.13	22.61
22.11	22.62
22.3	22.63
22.5	22.64
23.1	23.1
23.7	23.2
23.10	23.3
23.1	23.4
23.8	23.5
23.10	23.6
23.8	23.7
23.11	23.8
23.4	23.9
23.8	23.10
23.10	23.11
23.11	23.12
23.10	23.13
23.8	23.14
23.11	23.15
23.8	23.16
23.10	23.17
23.1	23.18
23.8	23.19
23.10	23.20
23.9	23.21
23.8	23.22
23.10	23.23
23.11	23.24
23.9	23.25
23.8	23.26
23.10	23.27
23.10	23.28
23.10	23.29
23.9	23.30
23.5	23.31
23.10	23.32
23.8	23.33
23.10	23.34
23.8	23.35
23.8	23.36
23.10	23.37
23.8	23.38
23.10	23.39
23.8	23.40
23.1	23.41
23.8	23.42
23.10	23.43
23.2	23.44
23.8	23.45
23.10	23.46
23.4	23.47
23.10	23.48
23.8	23.49
23.6	23.50
23.6	23.51
23.10	23.52
23.11	23.53
23.8	23.54
23.10	23.55
23.3	23.56
23.10	23.57
23.5	23.58
23.8	23.59
23.10	23.60
23.9	23.61
23.11	23.62
23.10	23.63
23.10	23.64
24.3	24.1
24.5	24.2
24.12	24.3
24.11	24.4
24.11	24.5
24.12	24.6
24.12	24.7
24.8	24.8
24.12	24.9
24.4	24.10
24.9	24.11
24.11	24.12
24.12	24.13
24.12	24.14
24.1	24.15
24.12	24.16
24.12	24.17
24.1	24.18
24.1	24.19
24.12	24.20
24.1	24.21
24.12	24.22
24.7	24.23
24.12	24.24
24.7	24.25
24.10	24.26
24.12	24.27
24.12	24.28
24.12	24.29
24.12	24.30
24.6	24.31
24.12	24.32
24.1	24.33
24.12	24.34
24.11	24.35
24.11	24.36
24.12	24.37
24.1	24.38
24.9	24.39
24.12	24.40
24.2	24.41
24.11	24.42
24.1	24.43
24.1	24.44
24.12	24.45
24.11	24.46
24.11	24.47
24.9	24.48
24.12	24.49
24.12	24.50
24.12	24.51
24.12	24.52
24.1	24.53
24.12	24.54
24.1	24.55
24.11	24.56
24.12	24.57
24.12	24.58
24.1	24.59
24.5	24.60
24.12	24.61
24.12	24.62
24.1	24.63
24.12	24.64
25.6	25.1
25.5	25.2
25.1	25.3
25.5	25.4
25.1	25.5
25.6	25.6
25.1	25.7
25.1	25.8
25.6	25.9
25.1	25.10
25.6	25.11
25.1	25.12
25.1	25.13
25.1	25.14
25.1	25.15
25.5	25.16
25.7	25.17
25.1	25.18
25.7	25.19
25.1	25.20
25.6	25.21
25.6	25.22
25.1	25.23
25.1	25.24
25.2	25.25
25.5	25.26
25.7	25.27
25.6	25.28
25.1	25.29
25.6	25.30
25.6	25.31
25.6	25.32
25.5	25.33
25.4	25.34
25.6	25.35
25.1	25.36
25.5	25.37
25.6	25.38
25.1	25.39
25.6	25.40
25.1	25.41
25.1	25.42
25.6	25.43
25.6	25.44
25.1	25.45
25.5	25.46
25.6	25.47
25.1	25.48
25.6	25.49
25.3	25.50
25.6	25.51
25.1	25.52
25.6	25.53
25.1	25.54
25.4	25.55
25.6	25.56
25.1	25.57
25.6	25.58
25.7	25.59
25.1	25.60
25.6	25.61
25.6	25.62
25.6	25.63
25.5	25.64
26.10	26.1
26.1	26.2
26.7	26.3
26.7	26.4
26.7	26.5
26.7	26.6
26.1	26.7
26.11	26.8
26.8	26.9
26.1	26.10
26.7	26.11
26.1	26.12
26.11	26.13
26.8	26.14
26.1	26.15
26.1	26.16
26.4	26.17
26.1	26.18
26.1	26.19
26.1	26.20
26.3	26.21
26.7	26.22
26.9	26.23
26.1	26.24
26.6	26.25
26.5	26.26
26.9	26.27
26.8	26.28
26.7	26.29
26.2	26.30
26.1	26.31
26.9	26.32
26.9	26.33
26.1	26.34
26.1	26.35
26.7	26.36
26.8	26.37
26.1	26.38
26.7	26.39
26.1	26.40
26.7	26.41
26.10	26.42
26.7	26.43
26.7	26.44
26.7	26.45
26.7	26.46
26.7	26.47
26.7	26.48
26.9	26.49
26.10	26.50
26.11	26.51
26.7	26.52
26.10	26.53
26.11	26.54
26.10	26.55
26.3	26.56
26.11	26.57
26.7	26.58
26.10	26.59
26.8	26.60
26.8	26.61
26.5	26.62
26.1	26.63
26.1	26.64
27.3	27.1
27.3	27.2
27.6	27.3
27.6	27.4
27.5	27.5
27.1	27.6
27.6	27.7
27.6	27.8
27.6	27.9
27.6	27.10
27.5	27.11
27.3	27.12
27.5	27.13
27.3	27.14
27.6	27.15
27.6	27.16
27.3	27.17
27.1	27.18
27.4	27.19
27.1	27.20
27.3	27.21
27.3	27.22
27.2	27.23
27.7	27.24
27.6	27.25
27.6	27.26
27.1	27.27
27.7	27.28
27.6	27.29
27.3	27.30
27.1	27.31
27.5	27.32
27.6	27.33
27.3	27.34
27.6	27.35
27.3	27.36
27.3	27.37
27.3	27.38
27.5	27.39
27.6	27.40
27.5	27.41
27.6	27.42
27.6	27.43
27.6	27.44
27.4	27.45
27.6	27.46
27.5	27.47
27.6	27.48
27.1	27.49
27.6	27.50
27.3	27.51
27.3	27.52
27.3	27.53
27.6	27.54
27.6	27.55
27.6	27.56
27.6	27.57
27.6	27.58
27.3	27.59
27.1	27.60
27.5	27.61
27.7	27.62
27.4	27.63
27.3	27.64
28.8	28.1
28.8	28.2
28.4	28.3
28.6	28.4
28.1	28.5
28.6	28.6
28.8	28.7
28.1	28.8
28.8	28.9
28.1	28.10
28.8	28.11
28.8	28.12
28.6	28.13
28.6	28.14
28.6	28.15
28.4	28.16
28.8	28.17
28.8	28.18
28.5	28.19
28.6	28.20
28.6	28.21
28.8	28.22
28.9	28.23
28.6	28.24
28.6	28.25
28.1	28.26
28.1	28.27
28.8	28.28
28.5	28.29
28.6	28.30
28.7	28.31
28.1	28.32
28.6	28.33
28.6	28.34
28.4	28.35
28.7	28.36
28.3	28.37
28.8	28.38
28.7	28.39
28.8	28.40
28.4	28.41
28.9	28.42
28.6	28.43
28.1	28.44
28.2	28.45
28.5	28.46
28.1	28.47
28.7	28.48
28.6	28.49
28.6	28.50
28.8	28.51
28.8	28.52
28.8	28.53
28.5	28.54
28.8	28.55
28.8	28.56
28.7	28.57
28.1	28.58
28.8	28.59
28.9	28.60
28.5	28.61
28.9	28.62
28.8	28.63
28.1	28.64
29.1	29.1
29.1	29.2
29.1	29.3
29.1	29.4
29.1	29.5
29.1	29.6
29.1	29.7
29.1	29.8
29.6	29.9
29.1	29.10
29.6	29.11
29.1	29.12
29.1	29.13
29.1	29.14
29.1	29.15
29.6	29.16
29.5	29.17
29.6	29.18
29.5	29.19
29.1	29.20
29.6	29.21
29.6	29.22
29.1	29.23
29.1	29.24
29.3	29.25
29.6	29.26
29.1	29.27
29.1	29.28
29.1	29.29
29.1	29.30
29.1	29.31
29.2	29.32
29.1	29.33
29.1	29.34
29.1	29.35
29.1	29.36
29.6	29.37
29.1	29.38
29.6	29.39
29.6	29.40
29.1	29.41
29.6	29.42
29.1	29.43
29.1	29.44
29.1	29.45
29.1	29.46
29.4	29.47
29.1	29.48
29.1	29.49
29.1	29.50
29.1	29.51
29.6	29.52
29.1	29.53
29.6	29.54
29.1	29.55
29.1	29.56
29.1	29.57
29.1	29.58
29.1	29.59
29.1	29.60
29.1	29.61
29.1	29.62
29.1	29.63
29.1	29.64
30.17	30.1
30.15	30.2
30.17	30.3
30.4	30.4
30.14	30.5
30.14	30.6
30.12	30.7
30.14	30.8
30.17	30.9
30.14	30.10
30.17	30.11
30.14	30.12
30.14	30.13
30.14	30.14
30.14	30.15
30.14	30.16
30.3	30.17
30.14	30.18
30.14	30.19
30.14	30.20
30.14	30.21
30.16	30.22
30.14	30.23
30.14	30.24
30.14	30.25
30.10	30.26
30.8	30.27
30.5	30.28
30.14	30.29
30.2	30.30
30.17	30.31
30.14	30.32
30.11	30.33
30.11	30.34
30.14	30.35
30.6	30.36
30.1	30.37
30.14	30.38
30.14	30.39
30.14	30.40
30.14	30.41
30.17	30.42
30.14	30.43
30.9	30.44
30.14	30.45
30.14	30.46
30.14	30.47
30.17	30.48
30.14	30.49
30.16	30.50
30.13	30.51
30.14	30.52
30.14	30.53
30.14	30.54
30.14	30.55
30.14	30.56
30.14	30.57
30.14	30.58
30.14	30.59
30.18	30.60
30.7	30.61
30.14	30.62
30.14	30.63
30.14	30.64
31.11	31.1
31.11	31.2
31.8	31.3
31.10	31.4
31.4	31.5
31.11	31.6
31.8	31.7
31.11	31.8
31.11	31.9
31.11	31.10
31.11	31.11
31.8	31.12
31.11	31.13
31.8	31.14
31.11	31.15
31.1	31.16
31.1	31.17
31.11	31.18
31.11	31.19
31.11	31.20
31.11	31.21
31.8	31.22
31.11	31.23
31.1	31.24
31.1	31.25
31.9	31.26
31.12	31.27
31.1	31.28
31.8	31.29
31.11	31.30
31.5	31.31
31.11	31.32
31.8	31.33
31.8	31.34
31.6	31.35
31.11	31.36
31.12	31.37
31.8	31.38
31.8	31.39
31.11	31.40
31.1	31.41
31.8	31.42
31.12	31.43
31.1	31.44
31.3	31.45
31.7	31.46
31.8	31.47
31.9	31.48
31.11	31.49
31.11	31.50
31.2	31.51
31.8	31.52
31.11	31.53
31.8	31.54
31.11	31.55
31.8	31.56
31.1	31.57
31.13	31.58
31.1	31.59
31.11	31.60
31.9	31.61
31.8	31.62
31.11	31.63
31.11	31.64
32.6	32.1
32.6	32.2
32.7	32.3
32.5	32.4
32.3	32.5
32.7	32.6
32.7	32.7
32.7	32.8
32.6	32.9
32.7	32.10
32.7	32.11
32.5	32.12
32.7	32.13
32.6	32.14
32.7	32.15
32.4	32.16
32.7	32.17
32.7	32.18
32.7	32.19
32.3	32.20
32.6	32.21
32.7	32.22
32.3	32.23
32.5	32.24
32.1	32.25
32.7	32.26
32.1	32.27
32.7	32.28
32.1	32.29
32.1	32.30
32.6	32.31
32.6	32.32
32.1	32.33
32.6	32.34
32.1	32.35
32.7	32.36
32.4	32.37
32.1	32.38
32.1	32.39
32.4	32.40
32.1	32.41
32.6	32.42
32.7	32.43
32.2	32.44
32.4	32.45
32.7	32.46
32.7	32.47
32.3	32.48
32.6	32.49
32.3	32.50
32.5	32.51
32.7	32.52
32.1	32.53
32.7	32.54
32.6	32.55
32.1	32.56
32.1	32.57
32.1	32.58
32.1	32.59
32.1	32.60
32.1	32.61
32.1	32.62
32.1	32.63
32.5	32.64
33.6	33.1
33.5	33.2
33.1	33.3
33.1	33.4
33.6	33.5
33.6	33.6
33.1	33.7
33.1	33.8
33.1	33.9
33.1	33.10
33.1	33.11
33.1	33.12
33.1	33.13
33.1	33.14
33.6	33.15
33.6	33.16
33.1	33.17
33.1	33.18
33.3	33.19
33.4	33.20
33.5	33.21
33.1	33.22
33.5	33.23
33.1	33.24
33.5	33.25
33.1	33.26
33.1	33.27
33.6	33.28
33.1	33.29
33.1	33.30
33.1	33.31
33.6	33.32
33.1	33.33
33.1	33.34
33.6	33.35
33.1	33.36
33.1	33.37
33.1	33.38
33.1	33.39
33.1	33.40
33.1	33.41
33.6	33.42
33.1	33.43
33.6	33.44
33.1	33.45
33.6	33.46
33.6	33.47
33.1	33.48
33.1	33.49
33.1	33.50
33.1	33.51
33.1	33.52
33.6	33.53
33.6	33.54
33.6	33.55
33.2	33.56
33.1	33.57
33.1	33.58
33.1	33.59
33.6	33.60
33.6	33.61
33.1	33.62
33.1	33.63
33.1	33.64
34.7	34.1
34.8	34.2
34.1	34.3
34.1	34.4
34.9	34.5
34.1	34.6
34.9	34.7
34.7	34.8
34.9	34.9
34.8	34.10
34.8	34.11
34.1	34.12
34.7	34.13
34.9	34.14
34.9	34.15
34.9	34.16
34.1	34.17
34.1	34.18
34.9	34.19
34.1	34.20
34.7	34.21
34.9	34.22
34.9	34.23
34.9	34.24
34.1	34.25
34.8	34.26
34.10	34.27
34.8	34.28
34.9	34.29
34.10	34.30
34.6	34.31
34.9	34.32
34.1	34.33
34.3	34.34
34.1	34.35
34.7	34.36
34.8	34.37
34.1	34.38
34.7	34.39
34.9	34.40
34.8	34.41
34.10	34.42
34.2	34.43
34.9	34.44
34.5	34.45
34.7	34.46
34.8	34.47
34.9	34.48
34.8	34.49
34.6	34.50
34.7	34.51
34.9	34.52
34.8	34.53
34.8	34.54
34.9	34.55
34.9	34.56
34.10	34.57
34.10	34.58
34.4	34.59
34.9	34.60
34.1	34.61
34.7	34.62
34.7	34.63
34.9	34.64
35.7	35.1
35.4	35.2
35.7	35.3
35.4	35.4
35.4	35.5
35.3	35.6
35.4	35.7
35.4	35.8
35.1	35.9
35.7	35.10
35.7	35.11
35.5	35.12
35.7	35.13
35.4	35.14
35.4	35.15
35.4	35.16
35.1	35.17
35.1	35.18
35.4	35.19
35.7	35.20
35.4	35.21
35.7	35.22
35.9	35.23
35.7	35.24
35.4	35.25
35.4	35.26
35.7	35.27
35.7	35.28
35.4	35.29
35.9	35.30
35.9	35.31
35.7	35.32
35.7	35.33
35.7	35.34
35.7	35.35
35.7	35.36
35.4	35.37
35.1	35.38
35.7	35.39
35.4	35.40
35.4	35.41
35.4	35.42
35.7	35.43
35.8	35.44
35.7	35.45
35.4	35.46
35.4	35.47
35.4	35.48
35.2	35.49
35.4	35.50
35.4	35.51
35.1	35.52
35.4	35.53
35.4	35.54
35.4	35.55
35.4	35.56
35.7	35.57
35.6	35.58
35.7	35.59
35.9	35.60
35.9	35.61
35.1	35.62
35.9	35.63
35.5	35.64
36.7	36.1
36.5	36.2
36.11	36.3
36.8	36.4
36.11	36.5
36.5	36.6
36.5	36.7
36.12	36.8
36.12	36.9
36.5	36.10
36.5	36.11
36.9	36.12
36.1	36.13
36.5	36.14
36.10	36.15
36.5	36.16
36.2	36.17
36.10	36.18
36.5	36.19
36.5	36.20
36.12	36.21
36.5	36.22
36.4	36.23
36.12	36.24
36.5	36.25
36.5	36.26
36.12	36.27
36.5	36.28
36.5	36.29
36.12	36.30
36.5	36.31
36.12	36.32
36.12	36.33
36.5	36.34
36.5	36.35
36.5	36.36
36.6	36.37
36.9	36.38
36.12	36.39
36.6	36.40
36.5	36.41
36.12	36.42
36.12	36.43
36.4	36.44
36.5	36.45
36.1	36.46
36.12	36.47
36.12	36.48
36.5	36.49
36.5	36.50
36.5	36.51
36.12	36.52
36.5	36.53
36.3	36.54
36.5	36.55
36.5	36.56
36.9	36.57
36.5	36.58
36.5	36.59
36.1	36.60
36.12	36.61
36.5	36.62
36.12	36.63
36.12	36.64
37.4	37.1
37.8	37.2
37.4	37.3
37.9	37.4
37.19	37.5
37.4	37.6
37.19	37.7
37.13	37.8
37.19	37.9
37.19	37.10
37.10	37.11
37.1	37.12
37.19	37.13
37.13	37.14
37.19	37.15
37.2	37.16
37.10	37.17
37.4	37.18
37.19	37.19
37.19	37.20
37.12	37.21
37.19	37.22
37.17	37.23
37.15	37.24
37.19	37.25
37.4	37.26
37.5	37.27
37.4	37.28
37.18	37.29
37.19	37.30
37.6	37.31
37.19	37.32
37.19	37.33
37.14	37.34
37.19	37.35
37.1	37.36
37.4	37.37
37.13	37.38
37.16	37.39
37.4	37.40
37.19	37.41
37.4	37.42
37.18	37.43
37.19	37.44
37.13	37.45
37.4	37.46
37.4	37.47
37.4	37.48
37.13	37.49
37.19	37.50
37.7	37.51
37.19	37.52
37.13	37.53
37.11	37.54
37.12	37.55
37.13	37.56
37.10	37.57
37.13	37.58
37.4	37.59
37.4	37.60
37.4	37.61
37.19	37.62
37.10	37.63
37.3	37.64
38.5	38.1
38.1	38.2
38.1	38.3
38.7	38.4
38.7	38.5
38.1	38.6
38.5	38.7
38.7	38.8
38.1	38.9
38.1	38.10
38.1	38.11
38.2	38.12
38.6	38.13
38.3	38.14
38.1	38.15
38.7	38.16
38.5	38.17
38.7	38.18
38.7	38.19
38.1	38.20
38.1	38.21
38.6	38.22
38.1	38.23
38.7	38.24
38.5	38.25
38.7	38.26
38.6	38.27
38.5	38.28
38.5	38.29
38.1	38.30
38.5	38.31
38.5	38.32
38.5	38.33
38.5	38.34
38.7	38.35
38.1	38.36
38.6	38.37
38.7	38.38
38.7	38.39
38.1	38.40
38.5	38.41
38.7	38.42
38.1	38.43
38.3	38.44
38.7	38.45
38.4	38.46
38.7	38.47
38.7	38.48
38.7	38.49
38.7	38.50
38.3	38.51
38.7	38.52
38.1	38.53
38.7	38.54
38.3	38.55
38.1	38.56
38.1	38.57
38.1	38.58
38.5	38.59
38.1	38.60
38.5	38.61
38.5	38.62
38.7	38.63
38.7	38.64
39.1	39.1
39.1	39.2
39.11	39.3
39.1	39.4
39.1	39.5
39.1	39.6
39.11	39.7
39.8	39.8
39.1	39.9
39.11	39.10
39.2	39.11
39.11	39.12
39.10	39.13
39.3	39.14
39.1	39.15
39.9	39.16
39.1	39.17
39.1	39.18
39.4	39.19
39.11	39.20
39.1	39.21
39.1	39.22
39.1	39.23
39.5	39.24
39.1	39.25
39.11	39.26
39.1	39.27
39.11	39.28
39.11	39.29
39.11	39.30
39.1	39.31
39.1	39.32
39.7	39.33
39.1	39.34
39.1	39.35
39.7	39.36
39.1	39.37
39.1	39.38
39.1	39.39
39.1	39.40
39.7	39.41
39.1	39.42
39.6	39.43
39.4	39.44
39.1	39.45
39.1	39.46
39.8	39.47
39.1	39.48
39.1	39.49
39.11	39.50
39.11	39.51
39.11	39.52
39.1	39.53
39.11	39.54
39.11	39.55
39.1	39.56
39.11	39.57
39.1	39.58
39.1	39.59
39.11	39.60
39.11	39.61
39.1	39.62
39.1	39.63
39.11	39.64
40.1	40.1
40.1	40.2
40.1	40.3
40.7	40.4
40.7	40.5
40.1	40.6
40.1	40.7
40.7	40.8
40.1	40.9
40.1	40.10
40.1	40.11
40.1	40.12
40.1	40.13
40.1	40.14
40.1	40.15
40.1	40.16
40.1	40.17
40.4	40.18
40.8	40.19
40.5	40.20
40.1	40.21
40.1	40.22
40.1	40.23
40.1	40.24
40.5	40.25
40.7	40.26
40.5	40.27
40.1	40.28
40.1	40.29
40.4	40.30
40.7	40.31
40.1	40.32
40.1	40.33
40.7	40.34
40.1	40.35
40.1	40.36
40.7	40.37
40.1	40.38
40.1	40.39
40.1	40.40
40.1	40.41
40.7	40.42
40.2	40.43
40.7	40.44
40.1	40.45
40.1	40.46
40.1	40.47
40.6	40.48
40.3	40.49
40.7	40.50
40.1	40.51
40.1	40.52
40.1	40.53
40.7	40.54
40.1	40.55
40.1	40.56
40.1	40.57
40.7	40.58
40.1	40.59
40.7	40.60
40.5	40.61
40.6	40.62
40.5	40.63
40.1	40.64
41.7	41.1
41.7	41.2
41.7	41.3
41.1	41.4
41.1	41.5
41.6	41.6
41.1	41.7
41.1	41.8
41.3	41.9
41.7	41.10
41.7	41.11
41.1	41.12
41.7	41.13
41.7	41.14
41.1	41.15
41.1	41.16
41.1	41.17
41.1	41.18
41.6	41.19
41.7	41.20
41.6	41.21
41.1	41.22
41.1	41.23
41.1	41.24
41.1	41.25
41.1	41.26
41.7	41.27
41.1	41.28
41.7	41.29
41.7	41.30
41.7	41.31
41.7	41.32
41.5	41.33
41.6	41.34
41.1	41.35
41.1	41.36
41.7	41.37
41.7	41.38
41.7	41.39
41.8	41.40
41.6	41.41
41.7	41.42
41.1	41.43
41.7	41.44
41.5	41.45
41.7	41.46
41.6	41.47
41.1	41.48
41.2	41.49
41.7	41.50
41.7	41.51
41.7	41.52
41.7	41.53
41.7	41.54
41.6	41.55
41.7	41.56
41.1	41.57
41.1	41.58
41.7	41.59
41.1	41.60
41.6	41.61
41.7	41.62
41.4	41.63
41.7	41.64
42.1	42.1
42.7	42.2
42.7	42.3
42.1	42.4
42.1	42.5
42.8	42.6
42.8	42.7
42.8	42.8
42.8	42.9
42.6	42.10
42.7	42.11
42.1	42.12
42.7	42.13
42.6	42.14
42.7	42.15
42.6	42.16
42.4	42.17
42.8	42.18
42.8	42.19
42.7	42.20
42.1	42.21
42.6	42.22
42.7	42.23
42.1	42.24
42.7	42.25
42.8	42.26
42.1	42.27
42.8	42.28
42.6	42.29
42.1	42.30
42.8	42.31
42.8	42.32
42.7	42.33
42.1	42.34
42.6	42.35
42.1	42.36
42.6	42.37
42.1	42.38
42.7	42.39
42.4	42.40
42.7	42.41
42.1	42.42
42.6	42.43
42.1	42.44
42.8	42.45
42.1	42.46
42.1	42.47
42.5	42.48
42.6	42.49
42.6	42.50
42.5	42.51
42.8	42.52
42.5	42.53
42.5	42.54
42.2	42.55
42.7	42.56
42.3	42.57
42.8	42.58
42.1	42.59
42.7	42.60
42.8	42.61
42.1	42.62
42.7	42.63
42.7	42.64
43.8	43.1
43.1	43.2
43.1	43.3
43.1	43.4
43.1	43.5
43.11	43.6
43.1	43.7
43.2	43.8
43.10	43.9
43.8	43.10
43.7	43.11
43.9	43.12
43.7	43.13
43.4	43.14
43.1	43.15
43.1	43.16
43.8	43.17
43.1	43.18
43.1	43.19
43.6	43.20
43.10	43.21
43.10	43.22
43.1	43.23
43.10	43.24
43.8	43.25
43.10	43.26
43.8	43.27
43.1	43.28
43.1	43.29
43.8	43.30
43.1	43.31
43.10	43.32
43.8	43.33
43.9	43.34
43.7	43.35
43.5	43.36
43.1	43.37
43.8	43.38
43.8	43.39
43.10	43.40
43.1	43.41
43.1	43.42
43.6	43.43
43.5	43.44
43.6	43.45
43.3	43.46
43.8	43.47
43.8	43.48
43.10	43.49
43.4	43.50
43.6	43.51
43.10	43.52
43.8	43.53
43.10	43.54
43.6	43.55
43.1	43.56
43.6	43.57
43.10	43.58
43.10	43.59
43.10	43.60
43.10	43.61
43.10	43.62
43.10	43.63
43.10	43.64
44.9	44.1
44.8	44.2
44.8	44.3
44.8	44.4
44.6	44.5
44.1	44.6
44.1	44.7
44.4	44.8
44.6	44.9
44.9	44.10
44.9	44.11
44.8	44.12
44.9	44.13
44.6	44.14
44.9	44.15
44.9	44.16
44.3	44.17
44.9	44.18
44.8	44.19
44.1	44.20
44.9	44.21
44.9	44.22
44.1	44.23
44.1	44.24
44.9	44.25
44.9	44.26
44.9	44.27
44.9	44.28
44.1	44.29
44.1	44.30
44.6	44.31
44.6	44.32
44.1	44.33
44.9	44.34
44.9	44.35
44.8	44.36
44.9	44.37
44.9	44.38
44.9	44.39
44.6	44.40
44.8	44.41
44.8	44.42
44.9	44.43
44.9	44.44
44.9	44.45
44.2	44.46
44.1	44.47
44.9	44.48
44.6	44.49
44.7	44.50
44.5	44.51
44.8	44.52
44.7	44.53
44.9	44.54
44.7	44.55
44.8	44.56
44.8	44.57
44.5	44.58
44.8	44.59
44.9	44.60
44.6	44.61
44.9	44.62
44.6	44.63
44.8	44.64
45.1	45.1
45.8	45.2
45.8	45.3
45.8	45.4
45.8	45.5
45.8	45.6
45.1	45.7
45.1	45.8
45.3	45.9
45.8	45.10
45.8	45.11
45.8	45.12
45.8	45.13
45.1	45.14
45.8	45.15
45.8	45.16
45.5	45.17
45.8	45.18
45.8	45.19
45.8	45.20
45.1	45.21
45.4	45.22
45.8	45.23
45.8	45.24
45.8	45.25
45.6	45.26
45.1	45.27
45.8	45.28
45.1	45.29
45.8	45.30
45.8	45.31
45.1	45.32
45.3	45.33
45.1	45.34
45.7	45.35
45.8	45.36
45.5	45.37
45.8	45.38
45.7	45.39
45.7	45.40
45.1	45.41
45.8	45.42
45.1	45.43
45.8	45.44
45.8	45.45
45.8	45.46
45.8	45.47
45.7	45.48
45.8	45.49
45.1	45.50
45.8	45.51
45.1	45.52
45.1	45.53
45.8	45.54
45.8	45.55
45.2	45.56
45.1	45.57
45.1	45.58
45.8	45.59
45.1	45.60
45.1	45.61
45.1	45.62
45.7	45.63
45.8	45.64
46.5	46.1
46.5	46.2
46.7	46.3
46.5	46.4
46.5	46.5
46.5	46.6
46.5	46.7
46.5	46.8
46.5	46.9
46.5	46.10
46.4	46.11
46.4	46.12
46.5	46.13
46.5	46.14
46.5	46.15
46.5	46.16
46.4	46.17
46.4	46.18
46.5	46.19
46.4	46.20
46.4	46.21
46.5	46.22
46.5	46.23
46.7	46.24
46.4	46.25
46.1	46.26
46.5	46.27
46.5	46.28
46.5	46.29
46.5	46.30
46.5	46.31
46.5	46.32
46.5	46.33
46.4	46.34
46.5	46.35
46.5	46.36
46.5	46.37
46.4	46.38
46.5	46.39
46.5	46.40
46.4	46.41
46.2	46.42
46.6	46.43
46.5	46.44
46.5	46.45
46.7	46.46
46.5	46.47
46.5	46.48
46.4	46.49
46.5	46.50
46.6	46.51
46.4	46.52
46.5	46.53
46.3	46.54
46.4	46.55
46.5	46.56
46.4	46.57
46.5	46.58
46.7	46.59
46.5	46.60
46.7	46.61
46.5	46.62
46.5	46.63
46.5	46.64
47.6	47.1
47.10	47.2
47.8	47.3
47.10	47.4
47.8	47.5
47.8	47.6
47.8	47.7
47.8	47.8
47.9	47.9
47.1	47.10
47.6	47.11
47.9	47.12
47.6	47.13
47.6	47.14
47.8	47.15
47.6	47.16
47.10	47.17
47.8	47.18
47.6	47.19
47.1	47.20
47.1	47.21
47.6	47.22
47.8	47.23
47.5	47.24
47.6	47.25
47.10	47.26
47.8	47.27
47.6	47.28
47.6	47.29
47.8	47.30
47.8	47.31
47.8	47.32
47.1	47.33
47.10	47.34
47.8	47.35
47.7	47.36
47.1	47.37
47.8	47.38
47.8	47.39
47.6	47.40
47.6	47.41
47.8	47.42
47.4	47.43
47.8	47.44
47.6	47.45
47.8	47.46
47.8	47.47
47.6	47.48
47.1	47.49
47.6	47.50
47.8	47.51
47.2	47.52
47.8	47.53
47.10	47.54
47.4	47.55
47.8	47.56
47.8	47.57
47.1	47.58
47.8	47.59
47.3	47.60
47.9	47.61
47.6	47.62
47.1	47.63
47.6	47.64
48.5	48.1
48.7	48.2
48.3	48.3
48.5	48.4
48.5	48.5
48.3	48.6
48.7	48.7
48.7	48.8
48.6	48.9
48.3	48.10
48.1	48.11
48.5	48.12
48.5	48.13
48.6	48.14
48.7	48.15
48.7	48.16
48.3	48.17
48.1	48.18
48.7	48.19
48.3	48.20
48.7	48.21
48.3	48.22
48.3	48.23
48.6	48.24
48.3	48.25
48.6	48.26
48.3	48.27
48.7	48.28
48.7	48.29
48.2	48.30
48.3	48.31
48.7	48.32
48.6	48.33
48.5	48.34
48.7	48.35
48.7	48.36
48.6	48.37
48.6	48.38
48.7	48.39
48.3	48.40
48.3	48.41
48.5	48.42
48.7	48.43
48.7	48.44
48.5	48.45
48.6	48.46
48.3	48.47
48.6	48.48
48.6	48.49
48.4	48.50
48.7	48.51
48.3	48.52
48.7	48.53
48.3	48.54
48.5	48.55
48.5	48.56
48.7	48.57
48.5	48.58
48.5	48.59
48.5	48.60
48.5	48.61
48.5	48.62
48.5	48.63
48.3	48.64
49.1	49.1
49.1	49.2
49.1	49.3
49.1	49.4
49.5	49.5
49.1	49.6
49.5	49.7
49.1	49.8
49.1	49.9
49.1	49.10
49.2	49.11
49.1	49.12
49.1	49.13
49.4	49.14
49.1	49.15
49.5	49.16
49.1	49.17
49.4	49.18
49.1	49.19
49.1	49.20
49.1	49.21
49.5	49.22
49.1	49.23
49.1	49.24
49.1	49.25
49.1	49.26
49.1	49.27
49.1	49.28
49.1	49.29
49.1	49.30
49.1	49.31
49.1	49.32
49.5	49.33
49.1	49.34
49.1	49.35
49.1	49.36
49.1	49.37
49.1	49.38
49.1	49.39
49.1	49.40
49.4	49.41
49.1	49.42
49.5	49.43
49.1	49.44
49.1	49.45
49.5	49.46
49.1	49.47
49.1	49.48
49.5	49.49
49.1	49.50
49.3	49.51
49.1	49.52
49.1	49.53
49.4	49.54
49.1	49.55
49.1	49.56
49.4	49.57
49.1	49.58
49.1	49.59
49.1	49.60
49.1	49.61
49.5	49.62
49.4	49.63
49.4	49.64
50.1	50.1
50.1	50.2
50.5	50.3
50.1	50.4
50.5	50.5
50.1	50.6
50.1	50.7
50.1	50.8
50.1	50.9
50.1	50.10
50.5	50.11
50.5	50.12
50.1	50.13
50.1	50.14
50.1	50.15
50.5	50.16
50.5	50.17
50.5	50.18
50.1	50.19
50.5	50.20
50.1	50.21
50.5	50.22
50.5	50.23
50.1	50.24
50.1	50.25
50.5	50.26
50.5	50.27
50.1	50.28
50.1	50.29
50.3	50.30
50.5	50.31
50.1	50.32
50.5	50.33
50.5	50.34
50.1	50.35
50.1	50.36
50.1	50.37
50.1	50.38
50.4	50.39
50.1	50.40
50.1	50.41
50.6	50.42
50.6	50.43
50.5	50.44
50.1	50.45
50.1	50.46
50.1	50.47
50.6	50.48
50.5	50.49
50.1	50.50
50.6	50.51
50.1	50.52
50.5	50.53
50.1	50.54
50.1	50.55
50.1	50.56
50.5	50.57
50.2	50.58
50.1	50.59
50.1	50.60
50.6	50.61
50.1	50.62
50.1	50.63
50.1	50.64
51.3	51.1
51.1	51.2
51.1	51.3
51.5	51.4
51.3	51.5
51.1	51.6
51.1	51.7
51.3	51.8
51.1	51.9
51.1	51.10
51.1	51.11
51.5	51.12
51.1	51.13
51.3	51.14
51.3	51.15
51.1	51.16
51.1	51.17
51.1	51.18
51.1	51.19
51.1	51.20
51.4	51.21
51.1	51.22
51.5	51.23
51.1	51.24
51.5	51.25
51.1	51.26
51.1	51.27
51.4	51.28
51.3	51.29
51.5	51.30
51.1	51.31
51.1	51.32
51.1	51.33
51.2	51.34
51.1	51.35
51.1	51.36
51.3	51.37
51.1	51.38
51.1	51.39
51.1	51.40
51.1	51.41
51.1	51.42
51.5	51.43
51.1	51.44
51.5	51.45
51.1	51.46
51.3	51.47
51.1	51.48
51.1	51.49
51.1	51.50
51.3	51.51
51.5	51.52
51.1	51.53
51.1	51.54
51.1	51.55
51.1	51.56
51.1	51.57
51.5	51.58
51.1	51.59
51.5	51.60
51.1	51.61
51.1	51.62
51.3	51.63
51.5	51.64
52.1	52.1
52.1	52.2
52.7	52.3
52.1	52.4
52.1	52.5
52.1	52.6
52.6	52.7
52.1	52.8
52.1	52.9
52.8	52.10
52.9	52.11
52.1	52.12
52.7	52.13
52.1	52.14
52.7	52.15
52.7	52.16
52.1	52.17
52.7	52.18
52.7	52.19
52.1	52.20
52.9	52.21
52.1	52.22
52.5	52.23
52.7	52.24
52.1	52.25
52.1	52.26
52.1	52.27
52.7	52.28
52.1	52.29
52.7	52.30
52.1	52.31
52.6	52.32
52.9	52.33
52.1	52.34
52.7	52.35
52.7	52.36
52.7	52.37
52.6	52.38
52.7	52.39
52.1	52.40
52.1	52.41
52.6	52.42
52.1	52.43
52.7	52.44
52.7	52.45
52.7	52.46
52.3	52.47
52.7	52.48
52.7	52.49
52.1	52.50
52.6	52.51
52.1	52.52
52.2	52.53
52.4	52.54
52.1	52.55
52.7	52.56
52.10	52.57
52.11	52.58
52.1	52.59
52.9	52.60
52.9	52.61
52.6	52.62
52.1	52.63
52.7	52.64
53.1	53.1
53.13	53.2
53.9	53.3
53.9	53.4
53.12	53.5
53.9	53.6
53.11	53.7
53.4	53.8
53.9	53.9
53.12	53.10
53.13	53.11
53.11	53.12
53.11	53.13
53.8	53.14
53.4	53.15
53.9	53.16
53.1	53.17
53.4	53.18
53.8	53.19
53.1	53.20
53.9	53.21
53.9	53.22
53.9	53.23
53.3	53.24
53.11	53.25
53.1	53.26
53.1	53.27
53.4	53.28
53.11	53.29
53.5	53.30
53.10	53.31
53.13	53.32
53.4	53.33
53.9	53.34
53.11	53.35
53.5	53.36
53.9	53.37
53.5	53.38
53.6	53.39
53.12	53.40
53.8	53.41
53.13	53.42
53.7	53.43
53.13	53.44
53.4	53.45
53.1	53.46
53.9	53.47
53.8	53.48
53.13	53.49
53.5	53.50
53.13	53.51
53.2	53.52
53.12	53.53
53.5	53.54
53.1	53.55
53.13	53.56
53.8	53.57
53.1	53.58
53.1	53.59
53.13	53.60
53.1	53.61
53.13	53.62
53.12	53.63
53.11	53.64
54.6	54.1
54.6	54.2
54.6	54.3
54.8	54.4
54.6	54.5
54.6	54.6
54.8	54.7
54.8	54.8
54.8	54.9
54.6	54.10
54.1	54.11
54.8	54.12
54.1	54.13
54.1	54.14
54.6	54.15
54.8	54.16
54.6	54.17
54.1	54.18
54.8	54.19
54.6	54.20
54.8	54.21
54.1	54.22
54.6	54.23
54.2	54.24
54.5	54.25
54.5	54.26
54.1	54.27
54.6	54.28
54.6	54.29
54.6	54.30
54.6	54.31
54.1	54.32
54.1	54.33
54.1	54.34
54.6	54.35
54.7	54.36
54.1	54.37
54.8	54.38
54.6	54.39
54.8	54.40
54.7	54.41
54.8	54.42
54.1	54.43
54.3	54.44
54.1	54.45
54.1	54.46
54.1	54.47
54.4	54.48
54.8	54.49
54.1	54.50
54.6	54.51
54.1	54.52
54.8	54.53
54.7	54.54
54.1	54.55
54.8	54.56
54.6	54.57
54.8	54.58
54.9	54.59
54.5	54.60
54.6	54.61
54.6	54.62
54.6	54.63
54.8	54.64
55.3	55.1
55.3	55.2
55.4	55.3
55.1	55.4
55.3	55.5
55.1	55.6
55.3	55.7
55.3	55.8
55.4	55.9
55.3	55.10
55.1	55.11
55.1	55.12
55.3	55.13
55.3	55.14
55.3	55.15
55.3	55.16
55.1	55.17
55.3	55.18
55.1	55.19
55.4	55.20
55.3	55.21
55.1	55.22
55.2	55.23
55.3	55.24
55.3	55.25
55.3	55.26
55.3	55.27
55.3	55.28
55.3	55.29
55.1	55.30
55.4	55.31
55.1	55.32
55.3	55.33
55.3	55.34
55.3	55.35
55.1	55.36
55.1	55.37
55.4	55.38
55.3	55.39
55.1	55.40
55.4	55.41
55.3	55.42
55.3	55.43
55.3	55.44
55.3	55.45
55.3	55.46
55.3	55.47
55.1	55.48
55.1	55.49
55.3	55.50
55.3	55.51
55.3	55.52
55.1	55.53
55.3	55.54
55.3	55.55
55.3	55.56
55.3	55.57
55.1	55.58
55.3	55.59
55.1	55.60
55.1	55.61
55.3	55.62
55.3	55.63
55.3	55.64
56.1	56.1
56.1	56.2
56.1	56.3
56.8	56.4
56.6	56.5
56.2	56.6
56.5	56.7
56.8	56.8
56.8	56.9
56.1	56.10
56.8	56.11
56.1	56.12
56.8	56.13
56.8	56.14
56.5	56.15
56.8	56.16
56.1	56.17
56.8	56.18
56.7	56.19
56.8	56.20
56.8	56.21
56.6	56.22
56.8	56.23
56.8	56.24
56.8	56.25
56.8	56.26
56.1	56.27
56.8	56.28
56.1	56.29
56.1	56.30
56.6	56.31
56.7	56.32
56.1	56.33
56.1	56.34
56.1	56.35
56.8	56.36
56.5	56.37
56.5	56.38
56.1	56.39
56.8	56.40
56.7	56.41
56.8	56.42
56.1	56.43
56.1	56.44
56.8	56.45
56.8	56.46
56.1	56.47
56.8	56.48
56.7	56.49
56.1	56.50
56.1	56.51
56.8	56.52
56.3	56.53
56.5	56.54
56.6	56.55
56.8	56.56
56.1	56.57
56.4	56.58
56.4	56.59
56.7	56.60
56.8	56.61
56.1	56.62
56.1	56.63
56.8	56.64
57.1	57.1
57.1	57.2
57.1	57.3
57.1	57.4
57.1	57.5
57.1	57.6
57.1	57.7
57.1	57.8
57.1	57.9
57.1	57.10
57.1	57.11
57.1	57.12
57.1	57.13
57.1	57.14
57.1	57.15
57.1	57.16
57.5	57.17
57.1	57.18
57.1	57.19
57.1	57.20
57.1	57.21
57.4	57.22
57.1	57.23
57.1	57.24
57.1	57.25
57.1	57.26
57.1	57.27
57.1	57.28
57.2	57.29
57.1	57.30
57.1	57.31
57.1	57.32
57.1	57.33
57.1	57.34
57.1	57.35
57.1	57.36
57.3	57.37
57.1	57.38
57.1	57.39
57.5	57.40
57.5	57.41
57.5	57.42
57.1	57.43
57.1	57.44
57.1	57.45
57.1	57.46
57.5	57.47
57.1	57.48
57.5	57.49
57.1	57.50
57.1	57.51
57.5	57.52
57.5	57.53
57.5	57.54
57.1	57.55
57.1	57.56
57.6	57.57
57.5	57.58
57.1	57.59
57.5	57.60
57.3	57.61
57.1	57.62
57.1	57.63
57.5	57.64
58.6	58.1
58.6	58.2
58.8	58.3
58.6	58.4
58.3	58.5
58.6	58.6
58.3	58.7
58.3	58.8
58.6	58.9
58.3	58.10
58.6	58.11
58.3	58.12
58.3	58.13
58.7	58.14
58.6	58.15
58.1	58.16
58.3	58.17
58.3	58.18
58.4	58.19
58.1	58.20
58.3	58.21
58.7	58.22
58.3	58.23
58.3	58.24
58.8	58.25
58.8	58.26
58.3	58.27
58.3	58.28
58.3	58.29
58.6	58.30
58.8	58.31
58.3	58.32
58.3	58.33
58.3	58.34
58.6	58.35
58.8	58.36
58.6	58.37
58.8	58.38
58.8	58.39
58.3	58.40
58.6	58.41
58.3	58.42
58.4	58.43
58.1	58.44
58.3	58.45
58.7	58.46
58.3	58.47
58.3	58.48
58.8	58.49
58.6	58.50
58.7	58.51
58.1	58.52
58.3	58.53
58.5	58.54
58.6	58.55
58.6	58.56
58.3	58.57
58.3	58.58
58.8	58.59
58.1	58.60
58.8	58.61
58.3	58.62
58.3	58.63
58.2	58.64
59.5	59.1
59.5	59.2
59.4	59.3
59.5	59.4
59.1	59.5
59.5	59.6
59.1	59.7
59.5	59.8
59.5	59.9
59.1	59.10
59.5	59.11
59.5	59.12
59.1	59.13
59.5	59.14
59.5	59.15
59.1	59.16
59.4	59.17
59.5	59.18
59.5	59.19
59.4	59.20
59.5	59.21
59.5	59.22
59.5	59.23
59.3	59.24
59.5	59.25
59.5	59.26
59.5	59.27
59.1	59.28
59.5	59.29
59.5	59.30
59.5	59.31
59.3	59.32
59.5	59.33
59.4	59.34
59.1	59.35
59.1	59.36
59.3	59.37
59.3	59.38
59.5	59.39
59.5	59.40
59.4	59.41
59.1	59.42
59.5	59.43
59.5	59.44
59.5	59.45
59.5	59.46
59.1	59.47
59.5	59.48
59.1	59.49
59.5	59.50
59.5	59.51
59.5	59.52
59.1	59.53
59.5	59.54
59.5	59.55
59.5	59.56
59.1	59.57
59.3	59.58
59.5	59.59
59.4	59.60
59.4	59.61
59.5	59.62
59.2	59.63
59.5	59.64
60.13	60.1
60.13	60.2
60.13	60.3
60.13	60.4
60.1	60.5
60.13	60.6
60.11	60.7
60.1	60.8
60.1	60.9
60.1	60.10
60.13	60.11
60.13	60.12
60.1	60.13
60.1	60.14
60.13	60.15
60.1	60.16
60.3	60.17
60.13	60.18
60.5	60.19
60.1	60.20
60.13	60.21
60.13	60.22
60.13	60.23
60.1	60.24
60.1	60.25
60.1	60.26
60.13	60.27
60.11	60.28
60.1	60.29
60.9	60.30
60.1	60.31
60.11	60.32
60.7	60.33
60.1	60.34
60.13	60.35
60.2	60.36
60.6	60.37
60.13	60.38
60.7	60.39
60.7	60.40
60.13	60.41
60.10	60.42
60.1	60.43
60.1	60.44
60.12	60.45
60.13	60.46
60.1	60.47
60.13	60.48
60.10	60.49
60.1	60.50
60.13	60.51
60.13	60.52
60.5	60.53
60.13	60.54
60.13	60.55
60.1	60.56
60.1	60.57
60.4	60.58
60.5	60.59
60.13	60.60
60.8	60.61
60.8	60.62
60.5	60.63
60.11	60.64
61.6	61.1
61.5	61.2
61.5	61.3
61.6	61.4
61.5	61.5
61.5	61.6
61.1	61.7
61.1	61.8
61.5	61.9
61.7	61.10
61.6	61.11
61.5	61.12
61.6	61.13
61.5	61.14
61.6	61.15
61.5	61.16
61.5	61.17
61.1	61.18
61.1	61.19
61.1	61.20
61.5	61.21
61.5	61.22
61.1	61.23
61.4	61.24
61.1	61.25
61.5	61.26
61.6	61.27
61.5	61.28
61.3	61.29
61.7	61.30
61.1	61.31
61.1	61.32
61.1	61.33
61.6	61.34
61.7	61.35
61.1	61.36
61.6	61.37
61.5	61.38
61.1	61.39
61.1	61.40
61.1	61.41
61.6	61.42
61.2	61.43
61.3	61.44
61.1	61.45
61.1	61.46
61.6	61.47
61.3	61.48
61.6	61.49
61.5	61.50
61.5	61.51
61.1	61.52
61.5	61.53
61.1	61.54
61.1	61.55
61.6	61.56
61.6	61.57
61.6	61.58
61.6	61.59
61.6	61.60
61.1	61.61
61.1	61.62
61.6	61.63
61.7	61.64
62.4	62.1
62.4	62.2
62.4	62.3
62.4	62.4
62.1	62.5
62.4	62.6
62.6	62.7
62.1	62.8
62.1	62.9
62.4	62.10
62.4	62.11
62.4	62.12
62.5	62.13
62.1	62.14
62.1	62.15
62.1	62.16
62.4	62.17
62.4	62.18
62.1	62.19
62.4	62.20
62.1	62.21
62.4	62.22
62.2	62.23
62.7	62.24
62.1	62.25
62.1	62.26
62.4	62.27
62.1	62.28
62.1	62.29
62.1	62.30
62.3	62.31
62.1	62.32
62.1	62.33
62.1	62.34
62.1	62.35
62.7	62.36
62.4	62.37
62.7	62.38
62.4	62.39
62.1	62.40
62.4	62.41
62.1	62.42
62.1	62.43
62.6	62.44
62.4	62.45
62.4	62.46
62.4	62.47
62.7	62.48
62.7	62.49
62.4	62.50
62.1	62.51
62.1	62.52
62.3	62.53
62.1	62.54
62.4	62.55
62.7	62.56
62.4	62.57
62.1	62.58
62.1	62.59
62.4	62.60
62.1	62.61
62.1	62.62
62.4	62.63
62.1	62.64
63.8	63.1
63.1	63.2
63.1	63.3
63.1	63.4
63.1	63.5
63.1	63.6
63.1	63.7
63.8	63.8
63.8	63.9
63.1	63.10
63.1	63.11
63.8	63.12
63.1	63.13
63.8	63.14
63.1	63.15
63.1	63.16
63.1	63.17
63.8	63.18
63.8	63.19
63.9	63.20
63.8	63.21
63.1	63.22
63.8	63.23
63.9	63.24
63.1	63.25
63.9	63.26
63.1	63.27
63.1	63.28
63.1	63.29
63.1	63.30
63.5	63.31
63.1	63.32
63.1	63.33
63.8	63.34
63.8	63.35
63.1	63.36
63.6	63.37
63.1	63.38
63.1	63.39
63.1	63.40
63.1	63.41
63.1	63.42
63.2	63.43
63.7	63.44
63.6	63.45
63.9	63.46
63.1	63.47
63.9	63.48
63.9	63.49
63.1	63.50
63.3	63.51
63.4	63.52
63.8	63.53
63.1	63.54
63.1	63.55
63.8	63.56
63.8	63.57
63.8	63.58
63.1	63.59
63.8	63.60
63.1	63.61
63.1	63.62
63.1	63.63
63.8	63.64
64.6	64.1
64.12	64.2
64.10	64.3
64.1	64.4
64.9	64.5
64.7	64.6
64.11	64.7
64.10	64.8
64.1	64.9
64.1	64.10
64.1	64.11
64.1	64.12
64.10	64.13
64.11	64.14
64.11	64.15
64.11	64.16
64.10	64.17
64.11	64.18
64.11	64.19
64.11	64.20
64.10	64.21
64.11	64.22
64.5	64.23
64.10	64.24
64.10	64.25
64.8	64.26
64.5	64.27
64.10	64.28
64.2	64.29
64.11	64.30
64.1	64.31
64.5	64.32
64.11	64.33
64.5	64.34
64.5	64.35
64.5	64.36
64.1	64.37
64.11	64.38
64.4	64.39
64.11	64.40
64.11	64.41
64.11	64.42
64.10	64.43
64.10	64.44
64.11	64.45
64.11	64.46
64.3	64.47
64.1	64.48
64.1	64.49
64.8	64.50
64.5	64.51
64.11	64.52
64.11	64.53
64.10	64.54
64.1	64.55
64.9	64.56
64.11	64.57
64.11	64.58
64.10	64.59
64.11	64.60
64.1	64.61
64.11	64.62
64.10	64.63
64.5	64.64
65.5	65.1
65.6	65.2
65.4	65.3
65.6	65.4
65.1	65.5
65.5	65.6
65.1	65.7
65.6	65.8
65.1	65.9
65.6	65.10
65.6	65.11
65.5	65.12
65.6	65.13
65.6	65.14
65.7	65.15
65.6	65.16
65.6	65.17
65.6	65.18
65.1	65.19
65.1	65.20
65.6	65.21
65.1	65.22
65.1	65.23
65.1	65.24
65.6	65.25
65.1	65.26
65.6	65.27
65.5	65.28
65.2	65.29
65.5	65.30
65.6	65.31
65.1	65.32
65.7	65.33
65.6	65.34
65.6	65.35
65.6	65.36
65.7	65.37
65.6	65.38
65.1	65.39
65.6	65.40
65.6	65.41
65.1	65.42
65.5	65.43
65.1	65.44
65.1	65.45
65.5	65.46
65.1	65.47
65.1	65.48
65.6	65.49
65.5	65.50
65.5	65.51
65.6	65.52
65.5	65.53
65.6	65.54
65.6	65.55
65.3	65.56
65.1	65.57
65.1	65.58
65.1	65.59
65.1	65.60
65.1	65.61
65.1	65.62
65.1	65.63
65.5	65.64
66.8	66.1
66.1	66.2
66.8	66.3
66.8	66.4
66.8	66.5
66.1	66.6
66.8	66.7
66.8	66.8
66.1	66.9
66.8	66.10
66.1	66.11
66.8	66.12
66.3	66.13
66.1	66.14
66.1	66.15
66.8	66.16
66.8	66.17
66.8	66.18
66.7	66.19
66.8	66.20
66.8	66.21
66.1	66.22
66.7	66.23
66.5	66.24
66.8	66.25
66.8	66.26
66.8	66.27
66.8	66.28
66.1	66.29
66.1	66.30
66.7	66.31
66.1	66.32
66.7	66.33
66.7	66.34
66.7	66.35
66.4	66.36
66.7	66.37
66.7	66.38
66.1	66.39
66.8	66.40
66.1	66.41
66.1	66.42
66.1	66.43
66.7	66.44
66.5	66.45
66.1	66.46
66.7	66.47
66.8	66.48
66.5	66.49
66.7	66.50
66.5	66.51
66.7	66.52
66.5	66.53
66.6	66.54
66.7	66.55
66.5	66.56
66.1	66.57
66.5	66.58
66.7	66.59
66.4	66.60
66.7	66.61
66.8	66.62
66.2	66.63
66.7	66.64
67.1	67.1
67.6	67.2
67.1	67.3
67.6	67.4
67.5	67.5
67.6	67.6
67.6	67.7
67.6	67.8
67.1	67.9
67.6	67.10
67.5	67.11
67.6	67.12
67.6	67.13
67.5	67.14
67.6	67.15
67.1	67.16
67.1	67.17
67.6	67.18
67.6	67.19
67.1	67.20
67.6	67.21
67.1	67.22
67.4	67.23
67.5	67.24
67.1	67.25
67.1	67.26
67.6	67.27
67.1	67.28
67.6	67.29
67.6	67.30
67.2	67.31
67.1	67.32
67.5	67.33
67.6	67.34
67.1	67.35
67.1	67.36
67.6	67.37
67.1	67.38
67.6	67.39
67.5	67.40
67.6	67.41
67.6	67.42
67.1	67.43
67.1	67.44
67.3	67.45
67.6	67.46
67.6	67.47
67.6	67.48
67.1	67.49
67.5	67.50
67.6	67.51
67.5	67.52
67.5	67.53
67.6	67.54
67.6	67.55
67.6	67.56
67.6	67.57
67.6	67.58
67.1	67.59
67.5	67.60
67.5	67.61
67.5	67.62
67.5	67.63
67.1	67.64
68.6	68.1
68.6	68.2
68.1	68.3
68.6	68.4
68.6	68.5
68.4	68.6
68.6	68.7
68.1	68.8
68.4	68.9
68.1	68.10
68.6	68.11
68.5	68.12
68.1	68.13
68.6	68.14
68.6	68.15
68.4	68.16
68.1	68.17
68.1	68.18
68.1	68.19
68.4	68.20
68.1	68.21
68.4	68.22
68.6	68.23
68.4	68.24
68.6	68.25
68.6	68.26
68.1	68.27
68.5	68.28
68.5	68.29
68.6	68.30
68.6	68.31
68.6	68.32
68.4	68.33
68.6	68.34
68.6	68.35
68.5	68.36
68.3	68.37
68.6	68.38
68.6	68.39
68.6	68.40
68.6	68.41
68.1	68.42
68.1	68.43
68.1	68.44
68.4	68.45
68.5	68.46
68.4	68.47
68.1	68.48
68.1	68.49
68.1	68.50
68.2	68.51
68.6	68.52
68.6	68.53
68.1	68.54
68.6	68.55
68.1	68.56
68.1	68.57
68.4	68.58
68.1	68.59
68.6	68.60
68.6	68.61
68.1	68.62
68.1	68.63
68.1	68.64
69.10	69.1
69.6	69.2
69.10	69.3
69.8	69.4
69.8	69.5
69.4	69.6
69.10	69.7
69.5	69.8
69.8	69.9
69.8	69.10
69.7	69.11
69.7	69.12
69.6	69.13
69.7	69.14
69.2	69.15
69.1	69.16
69.10	69.17
69.10	69.18
69.10	69.19
69.10	69.20
69.9	69.21
69.1	69.22
69.10	69.23
69.6	69.24
69.9	69.25
69.10	69.26
69.6	69.27
69.1	69.28
69.10	69.29
69.4	69.30
69.8	69.31
69.1	69.32
69.8	69.33
69.6	69.34
69.8	69.35
69.6	69.36
69.6	69.37
69.1	69.38
69.8	69.39
69.7	69.40
69.8	69.41
69.7	69.42
69.5	69.43
69.10	69.44
69.4	69.45
69.7	69.46
69.8	69.47
69.8	69.48
69.8	69.49
69.6	69.50
69.8	69.51
69.6	69.52
69.10	69.53
69.7	69.54
69.1	69.55
69.10	69.56
69.6	69.57
69.8	69.58
69.10	69.59
69.3	69.60
69.10	69.61
69.8	69.62
69.1	69.63
69.1	69.64
70.9	70.1
70.1	70.2
70.1	70.3
70.1	70.4
70.1	70.5
70.3	70.6
70.8	70.7
70.9	70.8
70.1	70.9
70.1	70.10
70.1	70.11
70.9	70.12
70.1	70.13
70.1	70.14
70.9	70.15
70.1	70.16
70.9	70.17
70.9	70.18
70.9	70.19
70.1	70.20
70.1	70.21
70.1	70.22
70.1	70.23
70.9	70.24
70.7	70.25
70.7	70.26
70.9	70.27
70.1	70.28
70.9	70.29
70.1	70.30
70.9	70.31
70.6	70.32
70.2	70.33
70.4	70.34
70.1	70.35
70.1	70.36
70.1	70.37
70.1	70.38
70.1	70.39
70.9	70.40
70.1	70.41
70.1	70.42
70.7	70.43
70.7	70.44
70.7	70.45
70.1	70.46
70.1	70.47
70.9	70.48
70.9	70.49
70.9	70.50
70.9	70.51
70.9	70.52
70.7	70.53
70.8	70.54
70.9	70.55
70.5	70.56
70.7	70.57
70.9	70.58
70.1	70.59
70.9	70.60
70.1	70.61
70.9	70.62
70.1	70.63
70.1	70.64
71.1	71.1
71.4	71.2
71.6	71.3
71.6	71.4
71.4	71.5
71.4	71.6
71.6	71.7
71.4	71.8
71.6	71.9
71.4	71.10
71.6	71.11
71.4	71.12
71.4	71.13
71.6	71.14
71.4	71.15
71.4	71.16
71.6	71.17
71.6	71.18
71.4	71.19
71.4	71.20
71.4	71.21
71.1	71.22
71.6	71.23
71.4	71.24
71.1	71.25
71.5	71.26
71.5	71.27
71.4	71.28
71.4	71.29
71.4	71.30
71.6	71.31
71.4	71.32
71.1	71.33
71.5	71.34
71.4	71.35
71.2	71.36
71.6	71.37
71.6	71.38
71.6	71.39
71.5	71.40
71.5	71.41
71.5	71.42
71.6	71.43
71.3	71.44
71.6	71.45
71.4	71.46
71.4	71.47
71.6	71.48
71.5	71.49
71.5	71.50
71.6	71.51
71.5	71.52
71.5	71.53
71.6	71.54
71.6	71.55
71.4	71.56
71.5	71.57
71.1	71.58
71.5	71.59
71.3	71.60
71.6	71.61
71.6	71.62
71.4	71.63
71.6	71.64
72.5	72.1
72.3	72.2
72.5	72.3
72.3	72.4
72.5	72.5
72.5	72.6
72.3	72.7
72.5	72.8
72.5	72.9
72.5	72.10
72.5	72.11
72.2	72.12
72.5	72.13
72.5	72.14
72.5	72.15
72.5	72.16
72.3	72.17
72.4	72.18
72.3	72.19
72.5	72.20
72.5	72.21
72.5	72.22
72.5	72.23
72.5	72.24
72.5	72.25
72.5	72.26
72.5	72.27
72.5	72.28
72.3	72.29
72.4	72.30
72.5	72.31
72.5	72.32
72.3	72.33
72.5	72.34
72.5	72.35
72.5	72.36
72.3	72.37
72.3	72.38
72.5	72.39
72.5	72.40
72.5	72.41
72.5	72.42
72.5	72.43
72.3	72.44
72.3	72.45
72.5	72.46
72.5	72.47
72.4	72.48
72.5	72.49
72.1	72.50
72.5	72.51
72.3	72.52
72.3	72.53
72.5	72.54
72.5	72.55
72.3	72.56
72.3	72.57
72.5	72.58
72.3	72.59
72.1	72.60
72.5	72.61
72.5	72.62
72.1	72.63
72.3	72.64
73.4	73.1
73.1	73.2
73.9	73.3
73.7	73.4
73.2	73.5
73.9	73.6
73.1	73.7
73.9	73.8
73.9	73.9
73.7	73.10
73.1	73.11
73.1	73.12
73.4	73.13
73.7	73.14
73.7	73.15
73.9	73.16
73.7	73.17
73.9	73.18
73.1	73.19
73.9	73.20
73.9	73.21
73.1	73.22
73.1	73.23
73.3	73.24
73.4	73.25
73.7	73.26
73.9	73.27
73.6	73.28
73.3	73.29
73.7	73.30
73.4	73.31
73.4	73.32
73.9	73.33
73.7	73.34
73.4	73.35
73.9	73.36
73.4	73.37
73.9	73.38
73.3	73.39
73.1	73.40
73.7	73.41
73.7	73.42
73.1	73.43
73.8	73.44
73.7	73.45
73.4	73.46
73.1	73.47
73.3	73.48
73.4	73.49
73.1	73.50
73.7	73.51
73.7	73.52
73.9	73.53
73.3	73.54
73.4	73.55
73.3	73.56
73.9	73.57
73.9	73.58
73.4	73.59
73.4	73.60
73.4	73.61
73.9	73.62
73.5	73.63
73.1	73.64
74.9	74.1
74.6	74.2
74.9	74.3
74.1	74.4
74.9	74.5
74.6	74.6
74.1	74.7
74.5	74.8
74.9	74.9
74.6	74.10
74.9	74.11
74.9	74.12
74.9	74.13
74.9	74.14
74.9	74.15
74.6	74.16
74.9	74.17
74.9	74.18
74.6	74.19
74.9	74.20
74.6	74.21
74.1	74.22
74.6	74.23
74.9	74.24
74.6	74.25
74.1	74.26
74.1	74.27
74.6	74.28
74.9	74.29
74.9	74.30
74.9	74.31
74.6	74.32
74.9	74.33
74.6	74.34
74.6	74.35
74.9	74.36
74.1	74.37
74.6	74.38
74.6	74.39
74.6	74.40
74.5	74.41
74.6	74.42
74.9	74.43
74.9	74.44
74.9	74.45
74.8	74.46
74.6	74.47
74.6	74.48
74.5	74.49
74.3	74.50
74.7	74.51
74.1	74.52
74.9	74.53
74.6	74.54
74.8	74.55
74.1	74.56
74.6	74.57
74.9	74.58
74.6	74.59
74.2	74.60
74.6	74.61
74.1	74.62
74.6	74.63
74.4	74.64
75.8	75.1
75.4	75.2
75.4	75.3
75.8	75.4
75.4	75.5
75.8	75.6
75.9	75.7
75.4	75.8
75.4	75.9
75.4	75.10
75.8	75.11
75.8	75.12
75.8	75.13
75.4	75.14
75.8	75.15
75.9	75.16
75.1	75.17
75.8	75.18
75.4	75.19
75.2	75.20
75.8	75.21
75.8	75.22
75.8	75.23
75.3	75.24
75.5	75.25
75.8	75.26
75.9	75.27
75.8	75.28
75.5	75.29
75.9	75.30
75.4	75.31
75.8	75.32
75.8	75.33
75.4	75.34
75.8	75.35
75.8	75.36
75.4	75.37
75.4	75.38
75.7	75.39
75.8	75.40
75.4	75.41
75.4	75.42
75.4	75.43
75.9	75.44
75.6	75.45
75.6	75.46
75.7	75.47
75.4	75.48
75.4	75.49
75.9	75.50
75.9	75.51
75.1	75.52
75.4	75.53
75.4	75.54
75.4	75.55
75.9	75.56
75.10	75.57
75.4	75.58
75.8	75.59
75.8	75.60
75.1	75.61
75.9	75.62
75.1	75.63
75.4	75.64
76.6	76.1
76.1	76.2
76.6	76.3
76.1	76.4
76.1	76.5
76.1	76.6
76.1	76.7
76.1	76.8
76.1	76.9
76.5	76.10
76.1	76.11
76.1	76.12
76.6	76.13
76.6	76.14
76.1	76.15
76.6	76.16
76.5	76.17
76.1	76.18
76.1	76.19
76.1	76.20
76.4	76.21
76.1	76.22
76.6	76.23
76.6	76.24
76.1	76.25
76.1	76.26
76.1	76.27
76.1	76.28
76.1	76.29
76.1	76.30
76.6	76.31
76.6	76.32
76.1	76.33
76.1	76.34
76.1	76.35
76.5	76.36
76.1	76.37
76.1	76.38
76.1	76.39
76.6	76.40
76.6	76.41
76.1	76.42
76.6	76.43
76.5	76.44
76.1	76.45
76.6	76.46
76.1	76.47
76.6	76.48
76.6	76.49
76.5	76.50
76.1	76.51
76.5	76.52
76.6	76.53
76.5	76.54
76.2	76.55
76.1	76.56
76.1	76.57
76.1	76.58
76.1	76.59
76.1	76.60
76.6	76.61
76.3	76.62
76.6	76.63
76.1	76.64
77.6	77.1
77.9	77.2
77.10	77.3
77.1	77.4
77.10	77.5
77.10	77.6
77.10	77.7
77.1	77.8
77.10	77.9
77.9	77.10
77.1	77.11
77.9	77.12
77.10	77.13
77.10	77.14
77.1	77.15
77.1	77.16
77.2	77.17
77.1	77.18
77.10	77.19
77.13	77.20
77.1	77.21
77.10	77.22
77.1	77.23
77.10	77.24
77.10	77.25
77.1	77.26
77.11	77.27
77.1	77.28
77.4	77.29
77.9	77.30
77.10	77.31
77.10	77.32
77.9	77.33
77.5	77.34
77.11	77.35
77.1	77.36
77.10	77.37
77.1	77.38
77.8	77.39
77.8	77.40
77.1	77.41
77.10	77.42
77.10	77.43
77.1	77.44
77.7	77.45
77.9	77.46
77.12	77.47
77.12	77.48
77.10	77.49
77.6	77.50
77.1	77.51
77.9	77.52
77.4	77.53
77.3	77.54
77.1	77.55
77.13	77.56
77.11	77.57
77.10	77.58
77.1	77.59
77.10	77.60
77.10	77.61
77.10	77.62
77.10	77.63
77.1	77.64
78.4	78.1
78.4	78.2
78.1	78.3
78.5	78.4
78.1	78.5
78.4	78.6
78.1	78.7
78.2	78.8
78.5	78.9
78.1	78.10
78.1	78.11
78.4	78.12
78.4	78.13
78.5	78.14
78.1	78.15
78.1	78.16
78.1	78.17
78.4	78.18
78.1	78.19
78.5	78.20
78.5	78.21
78.1	78.22
78.1	78.23
78.1	78.24
78.5	78.25
78.5	78.26
78.1	78.27
78.1	78.28
78.1	78.29
78.1	78.30
78.1	78.31
78.1	78.32
78.5	78.33
78.1	78.34
78.1	78.35
78.1	78.36
78.6	78.37
78.5	78.38
78.1	78.39
78.4	78.40
78.1	78.41
78.1	78.42
78.7	78.43
78.1	78.44
78.1	78.45
78.1	78.46
78.3	78.47
78.1	78.48
78.1	78.49
78.4	78.50
78.4	78.51
78.1	78.52
78.4	78.53
78.5	78.54
78.1	78.55
78.4	78.56
78.1	78.57
78.1	78.58
78.5	78.59
78.1	78.60
78.1	78.61
78.5	78.62
78.1	78.63
78.1	78.64
79.3	79.1
79.3	79.2
79.3	79.3
79.8	79.4
79.8	79.5
79.8	79.6
79.8	79.7
79.8	79.8
79.8	79.9
79.8	79.10
79.8	79.11
79.3	79.12
79.8	79.13
79.6	79.14
79.7	79.15
79.8	79.16
79.3	79.17
79.7	79.18
79.8	79.19
79.7	79.20
79.8	79.21
79.8	79.22
79.8	79.23
79.8	79.24
79.8	79.25
79.3	79.26
79.3	79.27
79.3	79.28
79.8	79.29
79.7	79.30
79.8	79.31
79.8	79.32
79.4	79.33
79.4	79.34
79.7	79.35
79.1	79.36
79.3	79.37
79.2	79.38
79.3	79.39
79.8	79.40
79.8	79.41
79.4	79.42
79.3	79.43
79.3	79.44
79.3	79.45
79.7	79.46
79.8	79.47
79.7	79.48
79.3	79.49
79.5	79.50
79.8	79.51
79.8	79.52
79.8	79.53
79.8	79.54
79.8	79.55
79.8	79.56
79.4	79.57
79.3	79.58
79.7	79.59
79.8	79.60
79.8	79.61
79.7	79.62
79.8	79.63
79.8	79.64
80.7	80.1
80.7	80.2
80.4	80.3
80.7	80.4
80.7	80.5
80.6	80.6
80.7	80.7
80.2	80.8
80.6	80.9
80.6	80.10
80.1	80.11
80.7	80.12
80.6	80.13
80.6	80.14
80.4	80.15
80.7	80.16
80.7	80.17
80.1	80.18
80.7	80.19
80.7	80.20
80.8	80.21
80.6	80.22
80.7	80.23
80.1	80.24
80.6	80.25
80.6	80.26
80.7	80.27
80.6	80.28
80.7	80.29
80.7	80.30
80.1	80.31
80.4	80.32
80.7	80.33
80.6	80.34
80.7	80.35
80.7	80.36
80.7	80.37
80.6	80.38
80.7	80.39
80.7	80.40
80.6	80.41
80.7	80.42
80.7	80.43
80.8	80.44
80.6	80.45
80.6	80.46
80.1	80.47
80.7	80.48
80.6	80.49
80.8	80.50
80.7	80.51
80.6	80.52
80.7	80.53
80.5	80.54
80.7	80.55
80.7	80.56
80.7	80.57
80.7	80.58
80.1	80.59
80.7	80.60
80.6	80.61
80.3	80.62
80.7	80.63
80.7	80.64
81.1	81.1
81.4	81.2
81.4	81.3
81.4	81.4
81.4	81.5
81.1	81.6
81.4	81.7
81.4	81.8
81.4	81.9
81.4	81.10
81.4	81.11
81.1	81.12
81.1	81.13
81.4	81.14
81.4	81.15
81.4	81.16
81.4	81.17
81.4	81.18
81.3	81.19
81.1	81.20
81.4	81.21
81.4	81.22
81.4	81.23
81.4	81.24
81.4	81.25
81.4	81.26
81.1	81.27
81.1	81.28
81.1	81.29
81.1	81.30
81.4	81.31
81.1	81.32
81.1	81.33
81.1	81.34
81.4	81.35
81.4	81.36
81.4	81.37
81.4	81.38
81.1	81.39
81.3	81.40
81.3	81.41
81.4	81.42
81.4	81.43
81.4	81.44
81.4	81.45
81.4	81.46
81.1	81.47
81.4	81.48
81.4	81.49
81.4	81.50
81.1	81.51
81.4	81.52
81.1	81.53
81.4	81.54
81.4	81.55
81.1	81.56
81.4	81.57
81.4	81.58
81.3	81.59
81.4	81.60
81.1	81.61
81.2	81.62
81.4	81.63
81.1	81.64
82.7	82.1
82.1	82.2
82.1	82.3
82.7	82.4
82.5	82.5
82.8	82.6
82.7	82.7
82.1	82.8
82.7	82.9
82.8	82.10
82.1	82.11
82.7	82.12
82.7	82.13
82.1	82.14
82.7	82.15
82.7	82.16
82.5	82.17
82.1	82.18
82.1	82.19
82.7	82.20
82.8	82.21
82.7	82.22
82.2	82.23
82.6	82.24
82.7	82.25
82.1	82.26
82.1	82.27
82.7	82.28
82.5	82.29
82.7	82.30
82.1	82.31
82.7	82.32
82.1	82.33
82.5	82.34
82.7	82.35
82.7	82.36
82.1	82.37
82.7	82.38
82.7	82.39
82.7	82.40
82.1	82.41
82.1	82.42
82.1	82.43
82.7	82.44
82.7	82.45
82.1	82.46
82.1	82.47
82.7	82.48
82.7	82.49
82.8	82.50
82.7	82.51
82.1	82.52
82.1	82.53
82.7	82.54
82.1	82.55
82.5	82.56
82.3	82.57
82.1	82.58
82.5	82.59
82.7	82.60
82.1	82.61
82.4	82.62
82.7	82.63
82.7	82.64
83.5	83.1
83.1	83.2
83.5	83.3
83.5	83.4
83.6	83.5
83.9	83.6
83.8	83.7
83.8	83.8
83.5	83.9
83.8	83.10
83.4	83.11
83.5	83.12
83.5	83.13
83.3	83.14
83.5	83.15
83.5	83.16
83.9	83.17
83.5	83.18
83.1	83.19
83.5	83.20
83.1	83.21
83.3	83.22
83.5	83.23
83.9	83.24
83.3	83.25
83.5	83.26
83.5	83.27
83.9	83.28
83.4	83.29
83.1	83.30
83.5	83.31
83.2	83.32
83.9	83.33
83.3	83.34
83.5	83.35
83.9	83.36
83.5	83.37
83.5	83.38
83.7	83.39
83.1	83.40
83.9	83.41
83.5	83.42
83.8	83.43
83.5	83.44
83.5	83.45
83.1	83.46
83.1	83.47
83.5	83.48
83.5	83.49
83.1	83.50
83.1	83.51
83.1	83.52
83.1	83.53
83.1	83.54
83.5	83.55
83.1	83.56
83.8	83.57
83.1	83.58
83.1	83.59
83.5	83.60
83.1	83.61
83.5	83.62
83.5	83.63
83.8	83.64
84.4	84.1
84.9	84.2
84.4	84.3
84.8	84.4
84.8	84.5
84.8	84.6
84.5	84.7
84.5	84.8
84.4	84.9
84.4	84.10
84.8	84.11
84.4	84.12
84.8	84.13
84.6	84.14
84.8	84.15
84.4	84.16
84.8	84.17
84.7	84.18
84.1	84.19
84.4	84.20
84.8	84.21
84.6	84.22
84.4	84.23
84.4	84.24
84.8	84.25
84.8	84.26
84.1	84.27
84.8	84.28
84.8	84.29
84.8	84.30
84.8	84.31
84.4	84.32
84.5	84.33
84.8	84.34
84.8	84.35
84.6	84.36
84.1	84.37
84.4	84.38
84.4	84.39
84.8	84.40
84.4	84.41
84.4	84.42
84.10	84.43
84.6	84.44
84.6	84.45
84.8	84.46
84.8	84.47
84.1	84.48
84.8	84.49
84.8	84.50
84.2	84.51
84.8	84.52
84.8	84.53
84.3	84.54
84.8	84.55
84.8	84.56
84.8	84.57
84.4	84.58
84.8	84.59
84.5	84.60
84.8	84.61
84.4	84.62
84.6	84.63
84.8	84.64
85.9	85.1
85.4	85.2
85.4	85.3
85.10	85.4
85.4	85.5
85.9	85.6
85.4	85.7
85.10	85.8
85.9	85.9
85.4	85.10
85.9	85.11
85.2	85.12
85.5	85.13
85.1	85.14
85.6	85.15
85.4	85.16
85.4	85.17
85.10	85.18
85.1	85.19
85.4	85.20
85.9	85.21
85.7	85.22
85.4	85.23
85.10	85.24
85.1	85.25
85.4	85.26
85.9	85.27
85.9	85.28
85.3	85.29
85.10	85.30
85.7	85.31
85.4	85.32
85.4	85.33
85.10	85.34
85.10	85.35
85.8	85.36
85.4	85.37
85.10	85.38
85.1	85.39
85.7	85.40
85.10	85.41
85.6	85.42
85.10	85.43
85.4	85.44
85.1	85.45
85.4	85.46
85.4	85.47
85.4	85.48
85.8	85.49
85.8	85.50
85.4	85.51
85.10	85.52
85.4	85.53
85.4	85.54
85.9	85.55
85.9	85.56
85.4	85.57
85.1	85.58
85.7	85.59
85.9	85.60
85.4	85.61
85.8	85.62
85.7	85.63
85.10	85.64
86.3	86.1
86.1	86.2
86.1	86.3
86.1	86.4
86.1	86.5
86.5	86.6
86.1	86.7
86.1	86.8
86.6	86.9
86.6	86.10
86.3	86.11
86.3	86.12
86.1	86.13
86.5	86.14
86.4	86.15
86.5	86.16
86.5	86.17
86.1	86.18
86.5	86.19
86.1	86.20
86.1	86.21
86.5	86.22
86.6	86.23
86.1	86.24
86.1	86.25
86.1	86.26
86.4	86.27
86.5	86.28
86.1	86.29
86.3	86.30
86.6	86.31
86.1	86.32
86.1	86.33
86.5	86.34
86.2	86.35
86.6	86.36
86.5	86.37
86.5	86.38
86.1	86.39
86.3	86.40
86.5	86.41
86.5	86.42
86.6	86.43
86.6	86.44
86.1	86.45
86.1	86.46
86.6	86.47
86.3	86.48
86.6	86.49
86.4	86.50
86.1	86.51
86.5	86.52
86.5	86.53
86.6	86.54
86.6	86.55
86.5	86.56
86.6	86.57
86.5	86.58
86.5	86.59
86.6	86.60
86.6	86.61
86.1	86.62
86.1	86.63
86.1	86.64
87.1	87.1
87.4	87.2
87.4	87.3
87.4	87.4
87.1	87.5
87.4	87.6
87.4	87.7
87.4	87.8
87.1	87.9
87.4	87.10
87.1	87.11
87.4	87.12
87.4	87.13
87.5	87.14
87.4	87.15
87.4	87.16
87.4	87.17
87.4	87.18
87.4	87.19
87.4	87.20
87.4	87.21
87.4	87.22
87.4	87.23
87.4	87.24
87.1	87.25
87.6	87.26
87.4	87.27
87.4	87.28
87.3	87.29
87.1	87.30
87.1	87.31
87.4	87.32
87.4	87.33
87.4	87.34
87.2	87.35
87.4	87.36
87.1	87.37
87.1	87.38
87.1	87.39
87.4	87.40
87.4	87.41
87.4	87.42
87.1	87.43
87.1	87.44
87.4	87.45
87.1	87.46
87.1	87.47
87.4	87.48
87.1	87.49
87.5	87.50
87.1	87.51
87.1	87.52
87.4	87.53
87.1	87.54
87.4	87.55
87.4	87.56
87.1	87.57
87.1	87.58
87.4	87.59
87.1	87.60
87.1	87.61
87.5	87.62
87.4	87.63
87.1	87.64
88.7	88.1
88.7	88.2
88.1	88.3
88.1	88.4
88.5	88.5
88.7	88.6
88.5	88.7
88.5	88.8
88.5	88.9
88.4	88.10
88.5	88.11
88.4	88.12
88.7	88.13
88.3	88.14
88.5	88.15
88.5	88.16
88.1	88.17
88.5	88.18
88.3	88.19
88.3	88.20
88.7	88.21
88.3	88.22
88.1	88.23
88.1	88.24
88.1	88.25
88.1	88.26
88.5	88.27
88.7	88.28
88.4	88.29
88.5	88.30
88.4	88.31
88.6	88.32
88.1	88.33
88.5	88.34
88.3	88.35
88.5	88.36
88.5	88.37
88.5	88.38
88.3	88.39
88.5	88.40
88.1	88.41
88.7	88.42
88.3	88.43
88.6	88.44
88.1	88.45
88.5	88.46
88.5	88.47
88.2	88.48
88.1	88.49
88.5	88.50
88.7	88.51
88.5	88.52
88.5	88.53
88.1	88.54
88.7	88.55
88.7	88.56
88.7	88.57
88.1	88.58
88.5	88.59
88.3	88.60
88.5	88.61
88.1	88.62
88.5	88.63
88.7	88.64
89.1	89.1
89.3	89.2
89.1	89.3
89.8	89.4
89.8	89.5
89.1	89.6
89.3	89.7
89.3	89.8
89.5	89.9
89.5	89.10
89.3	89.11
89.3	89.12
89.3	89.13
89.8	89.14
89.8	89.15
89.8	89.16
89.3	89.17
89.8	89.18
89.8	89.19
89.8	89.20
89.7	89.21
89.1	89.22
89.2	89.23
89.3	89.24
89.8	89.25
89.3	89.26
89.5	89.27
89.1	89.28
89.8	89.29
89.3	89.30
89.7	89.31
89.3	89.32
89.1	89.33
89.4	89.34
89.3	89.35
89.8	89.36
89.7	89.37
89.8	89.38
89.8	89.39
89.8	89.40
89.1	89.41
89.3	89.42
89.5	89.43
89.8	89.44
89.7	89.45
89.3	89.46
89.8	89.47
89.8	89.48
89.3	89.49
89.8	89.50
89.5	89.51
89.3	89.52
89.6	89.53
89.8	89.54
89.3	89.55
89.5	89.56
89.8	89.57
89.5	89.58
89.5	89.59
89.3	89.60
89.8	89.61
89.5	89.62
89.1	89.63
89.3	89.64
90.1	90.1
90.1	90.2
90.1	90.3
90.1	90.4
90.1	90.5
90.5	90.6
90.5	90.7
90.5	90.8
90.5	90.9
90.1	90.10
90.5	90.11
90.1	90.12
90.1	90.13
90.5	90.14
90.1	90.15
90.1	90.16
90.1	90.17
90.5	90.18
90.5	90.19
90.1	90.20
90.5	90.21
90.1	90.22
90.5	90.23
90.1	90.24
90.3	90.25
90.7	90.26
90.1	90.27
90.8	90.28
90.5	90.29
90.1	90.30
90.5	90.31
90.1	90.32
90.5	90.33
90.3	90.34
90.5	90.35
90.1	90.36
90.1	90.37
90.4	90.38
90.5	90.39
90.1	90.40
90.5	90.41
90.8	90.42
90.7	90.43
90.7	90.44
90.5	90.45
90.1	90.46
90.1	90.47
90.1	90.48
90.8	90.49
90.6	90.50
90.5	90.51
90.1	90.52
90.5	90.53
90.1	90.54
90.1	90.55
90.8	90.56
90.5	90.57
90.1	90.58
90.1	90.59
90.8	90.60
90.7	90.61
90.5	90.62
90.5	90.63
90.2	90.64
91.1	91.1
91.5	91.2
91.7	91.3
91.1	91.4
91.5	91.5
91.1	91.6
91.5	91.7
91.5	91.8
91.1	91.9
91.1	91.10
91.5	91.11
91.1	91.12
91.1	91.13
91.5	91.14
91.5	91.15
91.5	91.16
91.1	91.17
91.5	91.18
91.1	91.19
91.5	91.20
91.6	91.21
91.5	91.22
91.7	91.23
91.5	91.24
91.5	91.25
91.5	91.26
91.5	91.27
91.1	91.28
91.3	91.29
91.1	91.30
91.1	91.31
91.1	91.32
91.5	91.33
91.1	91.34
91.1	91.35
91.5	91.36
91.5	91.37
91.7	91.38
91.4	91.39
91.5	91.40
91.1	91.41
91.2	91.42
91.7	91.43
91.6	91.44
91.5	91.45
91.7	91.46
91.7	91.47
91.1	91.48
91.5	91.49
91.7	91.50
91.5	91.51
91.5	91.52
91.1	91.53
91.1	91.54
91.1	91.55
91.1	91.56
91.5	91.57
91.5	91.58
91.1	91.59
91.7	91.60
91.1	91.61
91.5	91.62
91.1	91.63
91.5	91.64
92.5	92.1
92.1	92.2
92.6	92.3
92.5	92.4
92.1	92.5
92.5	92.6
92.4	92.7
92.5	92.8
92.6	92.9
92.6	92.10
92.5	92.11
92.1	92.12
92.5	92.13
92.7	92.14
92.1	92.15
92.5	92.16
92.1	92.17
92.1	92.18
92.5	92.19
92.1	92.20
92.1	92.21
92.5	92.22
92.3	92.23
92.1	92.24
92.6	92.25
92.1	92.26
92.5	92.27
92.6	92.28
92.1	92.29
92.1	92.30
92.6	92.31
92.6	92.32
92.5	92.33
92.6	92.34
92.5	92.35
92.7	92.36
92.5	92.37
92.4	92.38
92.6	92.39
92.1	92.40
92.1	92.41
92.6	92.42
92.5	92.43
92.6	92.44
92.5	92.45
92.5	92.46
92.1	92.47
92.5	92.48
92.5	92.49
92.5	92.50
92.2	92.51
92.5	92.52
92.1	92.53
92.4	92.54
92.5	92.55
92.4	92.56
92.4	92.57
92.1	92.58
92.1	92.59
92.1	92.60
92.5	92.61
92.5	92.62
92.1	92.63
92.6	92.64
93.1	93.1
93.1	93.2
93.9	93.3
93.9	93.4
93.1	93.5
93.9	93.6
93.1	93.7
93.1	93.8
93.1	93.9
93.1	93.10
93.1	93.11
93.1	93.12
93.10	93.13
93.6	93.14
93.9	93.15
93.10	93.16
93.9	93.17
93.1	93.18
93.1	93.19
93.9	93.20
93.9	93.21
93.9	93.22
93.1	93.23
93.1	93.24
93.6	93.25
93.1	93.26
93.9	93.27
93.1	93.28
93.1	93.29
93.9	93.30
93.9	93.31
93.1	93.32
93.5	93.33
93.1	93.34
93.10	93.35
93.1	93.36
93.7	93.37
93.1	93.38
93.9	93.39
93.9	93.40
93.9	93.41
93.10	93.42
93.10	93.43
93.4	93.44
93.8	93.45
93.9	93.46
93.9	93.47
93.1	93.48
93.9	93.49
93.10	93.50
93.9	93.51
93.10	93.52
93.9	93.53
93.6	93.54
93.7	93.55
93.9	93.56
93.9	93.57
93.2	93.58
93.3	93.59
93.1	93.60
93.9	93.61
93.9	93.62
93.8	93.63
93.9	93.64
94.1	94.1
94.1	94.2
94.4	94.3
94.1	94.4
94.1	94.5
94.1	94.6
94.1	94.7
94.4	94.8
94.1	94.9
94.1	94.10
94.1	94.11
94.4	94.12
94.1	94.13
94.4	94.14
94.4	94.15
94.1	94.16
94.1	94.17
94.4	94.18
94.4	94.19
94.4	94.20
94.1	94.21
94.4	94.22
94.4	94.23
94.4	94.24
94.1	94.25
94.1	94.26
94.1	94.27
94.1	94.28
94.4	94.29
94.1	94.30
94.4	94.31
94.5	94.32
94.1	94.33
94.1	94.34
94.1	94.35
94.2	94.36
94.1	94.37
94.2	94.38
94.1	94.39
94.1	94.40
94.4	94.41
94.4	94.42
94.3	94.43
94.1	94.44
94.4	94.45
94.4	94.46
94.1	94.47
94.1	94.48
94.4	94.49
94.1	94.50
94.1	94.51
94.1	94.52
94.5	94.53
94.1	94.54
94.1	94.55
94.1	94.56
94.1	94.57
94.1	94.58
94.1	94.59
94.4	94.60
94.4	94.61
94.1	94.62
94.1	94.63
94.4	94.64
95.3	95.1
95.5	95.2
95.5	95.3
95.4	95.4
95.5	95.5
95.2	95.6
95.5	95.7
95.1	95.8
95.6	95.9
95.5	95.10
95.5	95.11
95.3	95.12
95.1	95.13
95.5	95.14
95.1	95.15
95.5	95.16
95.5	95.17
95.5	95.18
95.3	95.19
95.5	95.20
95.3	95.21
95.3	95.22
95.3	95.23
95.3	95.24
95.3	95.25
95.5	95.26
95.5	95.27
95.3	95.28
95.5	95.29
95.5	95.30
95.3	95.31
95.3	95.32
95.5	95.33
95.3	95.34
95.3	95.35
95.1	95.36
95.3	95.37
95.5	95.38
95.1	95.39
95.1	95.40
95.5	95.41
95.3	95.42
95.3	95.43
95.3	95.44
95.5	95.45
95.3	95.46
95.3	95.47
95.5	95.48
95.5	95.49
95.3	95.50
95.3	95.51
95.3	95.52
95.3	95.53
95.3	95.54
95.1	95.55
95.4	95.56
95.3	95.57
95.5	95.58
95.5	95.59
95.3	95.60
95.3	95.61
95.5	95.62
95.4	95.63
95.5	95.64
96.3	96.1
96.4	96.2
96.1	96.3
96.1	96.4
96.3	96.5
96.3	96.6
96.3	96.7
96.3	96.8
96.1	96.9
96.4	96.10
96.1	96.11
96.3	96.12
96.4	96.13
96.1	96.14
96.5	96.15
96.3	96.16
96.3	96.17
96.3	96.18
96.3	96.19
96.3	96.20
96.1	96.21
96.1	96.22
96.3	96.23
96.3	96.24
96.3	96.25
96.3	96.26
96.1	96.27
96.1	96.28
96.1	96.29
96.3	96.30
96.3	96.31
96.1	96.32
96.3	96.33
96.3	96.34
96.3	96.35
96.3	96.36
96.5	96.37
96.3	96.38
96.1	96.39
96.1	96.40
96.3	96.41
96.1	96.42
96.3	96.43
96.3	96.44
96.1	96.45
96.3	96.46
96.3	96.47
96.3	96.48
96.3	96.49
96.3	96.50
96.1	96.51
96.3	96.52
96.1	96.53
96.2	96.54
96.1	96.55
96.3	96.56
96.3	96.57
96.5	96.58
96.1	96.59
96.5	96.60
96.3	96.61
96.3	96.62
96.4	96.63
96.4	96.64
97.3	97.1
97.3	97.2
97.3	97.3
97.1	97.4
97.3	97.5
97.1	97.6
97.4	97.7
97.3	97.8
97.3	97.9
97.3	97.10
97.3	97.11
97.3	97.12
97.3	97.13
97.3	97.14
97.3	97.15
97.3	97.16
97.3	97.17
97.3	97.18
97.5	97.19
97.3	97.20
97.3	97.21
97.3	97.22
97.3	97.23
97.3	97.24
97.5	97.25
97.5	97.26
97.3	97.27
97.3	97.28
97.3	97.29
97.1	97.30
97.1	97.31
97.3	97.32
97.3	97.33
97.3	97.34
97.1	97.35
97.3	97.36
97.3	97.37
97.3	97.38
97.3	97.39
97.3	97.40
97.2	97.41
97.3	97.42
97.4	97.43
97.3	97.44
97.3	97.45
97.1	97.46
97.1	97.47
97.1	97.48
97.1	97.49
97.3	97.50
97.1	97.51
97.3	97.52
97.3	97.53
97.3	97.54
97.1	97.55
97.1	97.56
97.3	97.57
97.4	97.58
97.1	97.59
97.3	97.60
97.3	97.61
97.3	97.62
97.3	97.63
97.3	97.64
98.1	98.1
98.1	98.2
98.1	98.3
98.1	98.4
98.1	98.5
98.1	98.6
98.9	98.7
98.1	98.8
98.10	98.9
98.1	98.10
98.1	98.11
98.10	98.12
98.1	98.13
98.10	98.14
98.7	98.15
98.1	98.16
98.10	98.17
98.1	98.18
98.1	98.19
98.8	98.20
98.9	98.21
98.1	98.22
98.1	98.23
98.1	98.24
98.1	98.25
98.1	98.26
98.10	98.27
98.5	98.28
98.9	98.29
98.1	98.30
98.9	98.31
98.8	98.32
98.1	98.33
98.1	98.34
98.1	98.35
98.1	98.36
98.9	98.37
98.10	98.38
98.8	98.39
98.10	98.40
98.9	98.41
98.6	98.42
98.10	98.43
98.10	98.44
98.10	98.45
98.1	98.46
98.1	98.47
98.10	98.48
98.10	98.49
98.9	98.50
98.1	98.51
98.10	98.52
98.10	98.53
98.2	98.54
98.1	98.55
98.10	98.56
98.1	98.57
98.3	98.58
98.1	98.59
98.10	98.60
98.4	98.61
98.1	98.62
98.1	98.63
98.10	98.64
99.5	99.1
99.4	99.2
99.5	99.3
99.1	99.4
99.4	99.5
99.4	99.6
99.5	99.7
99.4	99.8
99.5	99.9
99.4	99.10
99.4	99.11
99.4	99.12
99.5	99.13
99.4	99.14
99.1	99.15
99.4	99.16
99.3	99.17
99.4	99.18
99.4	99.19
99.4	99.20
99.5	99.21
99.5	99.22
99.5	99.23
99.2	99.24
99.4	99.25
99.1	99.26
99.1	99.27
99.5	99.28
99.4	99.29
99.5	99.30
99.4	99.31
99.5	99.32
99.4	99.33
99.5	99.34
99.3	99.35
99.4	99.36
99.5	99.37
99.4	99.38
99.4	99.39
99.4	99.40
99.4	99.41
99.4	99.42
99.4	99.43
99.4	99.44
99.4	99.45
99.3	99.46
99.1	99.47
99.4	99.48
99.4	99.49
99.4	99.50
99.4	99.51
99.5	99.52
99.4	99.53
99.4	99.54
99.4	99.55
99.5	99.56
99.4	99.57
99.5	99.58
99.4	99.59
99.4	99.60
99.4	99.61
99.4	99.62
99.5	99.63
99.4	99.64
100.1	100.1
100.4	100.2
100.4	100.3
100.5	100.4
100.1	100.5
100.4	100.6
100.4	100.7
100.4	100.8
100.4	100.9
100.1	100.10
100.4	100.11
100.1	100.12
100.4	100.13
100.4	100.14
100.4	100.15
100.4	100.16
100.1	100.17
100.1	100.18
100.4	100.19
100.4	100.20
100.4	100.21
100.4	100.22
100.1	100.23
100.4	100.24
100.4	100.25
100.4	100.26
100.1	100.27
100.1	100.28
100.4	100.29
100.4	100.30
100.1	100.31
100.4	100.32
100.4	100.33
100.4	100.34
100.4	100.35
100.4	100.36
100.4	100.37
100.4	100.38
100.4	100.39
100.4	100.40
100.4	100.41
100.4	100.42
100.4	100.43
100.4	100.44
100.4	100.45
100.1	100.46
100.4	100.47
100.4	100.48
100.4	100.49
100.4	100.50
100.1	100.51
100.4	100.52
100.3	100.53
100.1	100.54
100.2	100.55
100.1	100.56
100.4	100.57
100.4	100.58
100.3	100.59
100.1	100.60
100.1	100.61
100.4	100.62
100.4	100.63
100.4	100.64