subTopicID	resultID
1.1	1.1
1.1	1.2
1.1	1.3
1.1	1.4
1.7	1.5
1.1	1.6
1.1	1.7
1.1	1.8
1.1	1.9
1.1	1.10
1.8	1.11
1.1	1.12
1.1	1.13
1.1	1.14
1.1	1.15
1.1	1.16
1.1	1.17
1.1	1.18
1.1	1.19
1.9	1.20
1.1	1.21
1.7	1.22
1.1	1.23
1.1	1.24
1.1	1.25
1.7	1.26
1.1	1.27
1.1	1.28
1.7	1.29
1.6	1.30
1.1	1.31
1.1	1.32
1.7	1.33
1.1	1.34
1.1	1.35
1.1	1.36
1.8	1.37
1.1	1.38
1.3	1.39
1.1	1.40
1.1	1.41
1.1	1.42
1.1	1.43
1.1	1.44
1.1	1.45
1.7	1.46
1.1	1.47
1.1	1.48
1.5	1.49
1.4	1.50
1.1	1.51
1.7	1.52
1.1	1.53
1.1	1.54
1.8	1.55
1.1	1.56
1.1	1.57
1.1	1.58
1.8	1.59
1.1	1.60
1.2	1.61
1.1	1.62
1.1	1.63
1.1	1.64
2.8	2.1
2.8	2.2
2.16	2.3
2.8	2.4
2.1	2.5
2.8	2.6
2.8	2.7
2.8	2.8
2.8	2.9
2.8	2.10
2.8	2.11
2.14	2.12
2.8	2.13
2.8	2.14
2.8	2.15
2.8	2.16
2.11	2.17
2.8	2.18
2.8	2.19
2.8	2.20
2.1	2.21
2.3	2.22
2.5	2.23
2.8	2.24
2.8	2.25
2.8	2.26
2.8	2.27
2.10	2.28
2.17	2.29
2.16	2.30
2.8	2.31
2.16	2.32
2.8	2.33
2.8	2.34
2.16	2.35
2.9	2.36
2.8	2.37
2.7	2.38
2.11	2.39
2.2	2.40
2.8	2.41
2.6	2.42
2.8	2.43
2.8	2.44
2.8	2.45
2.14	2.46
2.11	2.47
2.4	2.48
2.8	2.49
2.17	2.50
2.8	2.51
2.8	2.52
2.12	2.53
2.8	2.54
2.8	2.55
2.13	2.56
2.13	2.57
2.7	2.58
2.16	2.59
2.12	2.60
2.8	2.61
2.11	2.62
2.15	2.63
2.8	2.64
3.1	3.1
3.1	3.2
3.12	3.3
3.8	3.4
3.1	3.5
3.12	3.6
3.11	3.7
3.1	3.8
3.1	3.9
3.1	3.10
3.1	3.11
3.1	3.12
3.1	3.13
3.12	3.14
3.1	3.15
3.11	3.16
3.9	3.17
3.1	3.18
3.11	3.19
3.6	3.20
3.1	3.21
3.12	3.22
3.4	3.23
3.11	3.24
3.1	3.25
3.12	3.26
3.2	3.27
3.12	3.28
3.12	3.29
3.1	3.30
3.1	3.31
3.5	3.32
3.1	3.33
3.12	3.34
3.1	3.35
3.11	3.36
3.14	3.37
3.13	3.38
3.10	3.39
3.1	3.40
3.12	3.41
3.1	3.42
3.12	3.43
3.5	3.44
3.12	3.45
3.1	3.46
3.7	3.47
3.11	3.48
3.1	3.49
3.13	3.50
3.15	3.51
3.1	3.52
3.1	3.53
3.12	3.54
3.1	3.55
3.6	3.56
3.9	3.57
3.3	3.58
3.1	3.59
3.6	3.60
3.1	3.61
3.1	3.62
3.13	3.63
3.12	3.64
4.1	4.1
4.4	4.2
4.1	4.3
4.1	4.4
4.1	4.5
4.6	4.6
4.1	4.7
4.1	4.8
4.1	4.9
4.12	4.10
4.11	4.11
4.1	4.12
4.1	4.13
4.1	4.14
4.1	4.15
4.1	4.16
4.11	4.17
4.1	4.18
4.11	4.19
4.1	4.20
4.1	4.21
4.6	4.22
4.3	4.23
4.11	4.24
4.6	4.25
4.1	4.26
4.12	4.27
4.1	4.28
4.1	4.29
4.1	4.30
4.12	4.31
4.6	4.32
4.1	4.33
4.1	4.34
4.11	4.35
4.1	4.36
4.8	4.37
4.1	4.38
4.1	4.39
4.11	4.40
4.6	4.41
4.1	4.42
4.1	4.43
4.7	4.44
4.1	4.45
4.2	4.46
4.1	4.47
4.1	4.48
4.7	4.49
4.11	4.50
4.1	4.51
4.1	4.52
4.1	4.53
4.11	4.54
4.9	4.55
4.11	4.56
4.10	4.57
4.11	4.58
4.5	4.59
4.1	4.60
4.11	4.61
4.1	4.62
4.11	4.63
4.6	4.64
5.13	5.1
5.13	5.2
5.1	5.3
5.13	5.4
5.4	5.5
5.13	5.6
5.14	5.7
5.13	5.8
5.13	5.9
5.13	5.10
5.1	5.11
5.13	5.12
5.1	5.13
5.10	5.14
5.14	5.15
5.13	5.16
5.8	5.17
5.13	5.18
5.14	5.19
5.13	5.20
5.13	5.21
5.1	5.22
5.11	5.23
5.10	5.24
5.12	5.25
5.6	5.26
5.13	5.27
5.1	5.28
5.13	5.29
5.13	5.30
5.13	5.31
5.10	5.32
5.3	5.33
5.13	5.34
5.1	5.35
5.1	5.36
5.13	5.37
5.2	5.38
5.13	5.39
5.13	5.40
5.13	5.41
5.13	5.42
5.13	5.43
5.5	5.44
5.13	5.45
5.13	5.46
5.7	5.47
5.8	5.48
5.13	5.49
5.10	5.50
5.13	5.51
5.13	5.52
5.14	5.53
5.9	5.54
5.1	5.55
5.13	5.56
5.13	5.57
5.13	5.58
5.13	5.59
5.1	5.60
5.13	5.61
5.13	5.62
5.11	5.63
5.13	5.64
6.15	6.1
6.7	6.2
6.7	6.3
6.8	6.4
6.4	6.5
6.12	6.6
6.10	6.7
6.7	6.8
6.15	6.9
6.6	6.10
6.7	6.11
6.7	6.12
6.7	6.13
6.7	6.14
6.7	6.15
6.15	6.16
6.7	6.17
6.7	6.18
6.11	6.19
6.2	6.20
6.14	6.21
6.7	6.22
6.7	6.23
6.12	6.24
6.7	6.25
6.7	6.26
6.7	6.27
6.15	6.28
6.7	6.29
6.7	6.30
6.3	6.31
6.7	6.32
6.13	6.33
6.7	6.34
6.10	6.35
6.7	6.36
6.5	6.37
6.13	6.38
6.11	6.39
6.15	6.40
6.7	6.41
6.7	6.42
6.7	6.43
6.15	6.44
6.7	6.45
6.15	6.46
6.15	6.47
6.13	6.48
6.15	6.49
6.15	6.50
6.15	6.51
6.1	6.52
6.15	6.53
6.7	6.54
6.9	6.55
6.7	6.56
6.11	6.57
6.13	6.58
6.11	6.59
6.10	6.60
6.15	6.61
6.11	6.62
6.1	6.63
6.7	6.64
7.6	7.1
7.6	7.2
7.6	7.3
7.6	7.4
7.9	7.5
7.6	7.6
7.6	7.7
7.6	7.8
7.6	7.9
7.6	7.10
7.6	7.11
7.6	7.12
7.6	7.13
7.9	7.14
7.6	7.15
7.6	7.16
7.6	7.17
7.6	7.18
7.6	7.19
7.6	7.20
7.6	7.21
7.1	7.22
7.6	7.23
7.6	7.24
7.6	7.25
7.6	7.26
7.6	7.27
7.6	7.28
7.6	7.29
7.6	7.30
7.9	7.31
7.9	7.32
7.1	7.33
7.8	7.34
7.6	7.35
7.2	7.36
7.6	7.37
7.9	7.38
7.9	7.39
7.6	7.40
7.6	7.41
7.9	7.42
7.6	7.43
7.6	7.44
7.6	7.45
7.9	7.46
7.6	7.47
7.6	7.48
7.3	7.49
7.6	7.50
7.7	7.51
7.6	7.52
7.6	7.53
7.6	7.54
7.6	7.55
7.9	7.56
7.6	7.57
7.6	7.58
7.4	7.59
7.1	7.60
7.5	7.61
7.9	7.62
7.1	7.63
7.6	7.64
8.1	8.1
8.1	8.2
8.1	8.3
8.1	8.4
8.1	8.5
8.1	8.6
8.1	8.7
8.1	8.8
8.1	8.9
8.5	8.10
8.1	8.11
8.6	8.12
8.1	8.13
8.1	8.14
8.1	8.15
8.1	8.16
8.2	8.17
8.5	8.18
8.1	8.19
8.1	8.20
8.3	8.21
8.1	8.22
8.1	8.23
8.1	8.24
8.1	8.25
8.1	8.26
8.5	8.27
8.1	8.28
8.1	8.29
8.1	8.30
8.1	8.31
8.1	8.32
8.1	8.33
8.1	8.34
8.1	8.35
8.1	8.36
8.1	8.37
8.1	8.38
8.6	8.39
8.1	8.40
8.1	8.41
8.1	8.42
8.1	8.43
8.1	8.44
8.5	8.45
8.1	8.46
8.1	8.47
8.1	8.48
8.1	8.49
8.1	8.50
8.1	8.51
8.1	8.52
8.1	8.53
8.1	8.54
8.1	8.55
8.1	8.56
8.1	8.57
8.1	8.58
8.1	8.59
8.1	8.60
8.1	8.61
8.4	8.62
8.1	8.63
8.1	8.64
9.12	9.1
9.1	9.2
9.1	9.3
9.1	9.4
9.15	9.5
9.14	9.6
9.15	9.7
9.14	9.8
9.1	9.9
9.15	9.10
9.15	9.11
9.1	9.12
9.14	9.13
9.13	9.14
9.15	9.15
9.1	9.16
9.6	9.17
9.1	9.18
9.1	9.19
9.1	9.20
9.1	9.21
9.1	9.22
9.8	9.23
9.14	9.24
9.10	9.25
9.2	9.26
9.14	9.27
9.13	9.28
9.1	9.29
9.15	9.30
9.1	9.31
9.12	9.32
9.7	9.33
9.1	9.34
9.1	9.35
9.1	9.36
9.12	9.37
9.3	9.38
9.5	9.39
9.9	9.40
9.1	9.41
9.3	9.42
9.8	9.43
9.5	9.44
9.8	9.45
9.4	9.46
9.15	9.47
9.15	9.48
9.11	9.49
9.1	9.50
9.1	9.51
9.1	9.52
9.15	9.53
9.15	9.54
9.12	9.55
9.15	9.56
9.1	9.57
9.11	9.58
9.1	9.59
9.15	9.60
9.15	9.61
9.15	9.62
9.15	9.63
9.12	9.64
10.13	10.1
10.13	10.2
10.1	10.3
10.1	10.4
10.13	10.5
10.13	10.6
10.13	10.7
10.10	10.8
10.13	10.9
10.13	10.10
10.13	10.11
10.1	10.12
10.12	10.13
10.13	10.14
10.13	10.15
10.13	10.16
10.13	10.17
10.13	10.18
10.13	10.19
10.13	10.20
10.9	10.21
10.13	10.22
10.11	10.23
10.13	10.24
10.9	10.25
10.9	10.26
10.1	10.27
10.1	10.28
10.13	10.29
10.13	10.30
10.5	10.31
10.1	10.32
10.3	10.33
10.8	10.34
10.13	10.35
10.1	10.36
10.13	10.37
10.13	10.38
10.1	10.39
10.9	10.40
10.13	10.41
10.2	10.42
10.2	10.43
10.13	10.44
10.13	10.45
10.13	10.46
10.13	10.47
10.7	10.48
10.13	10.49
10.1	10.50
10.1	10.51
10.13	10.52
10.9	10.53
10.13	10.54
10.1	10.55
10.13	10.56
10.1	10.57
10.13	10.58
10.1	10.59
10.4	10.60
10.1	10.61
10.6	10.62
10.13	10.63
10.2	10.64
11.12	11.1
11.4	11.2
11.12	11.3
11.1	11.4
11.1	11.5
11.1	11.6
11.10	11.7
11.1	11.8
11.1	11.9
11.14	11.10
11.14	11.11
11.14	11.12
11.14	11.13
11.14	11.14
11.9	11.15
11.14	11.16
11.7	11.17
11.9	11.18
11.1	11.19
11.12	11.20
11.5	11.21
11.3	11.22
11.1	11.23
11.13	11.24
11.12	11.25
11.14	11.26
11.10	11.27
11.12	11.28
11.12	11.29
11.12	11.30
11.1	11.31
11.12	11.32
11.14	11.33
11.14	11.34
11.1	11.35
11.1	11.36
11.1	11.37
11.12	11.38
11.14	11.39
11.11	11.40
11.1	11.41
11.15	11.42
11.1	11.43
11.1	11.44
11.1	11.45
11.1	11.46
11.14	11.47
11.6	11.48
11.1	11.49
11.10	11.50
11.14	11.51
11.15	11.52
11.12	11.53
11.14	11.54
11.14	11.55
11.8	11.56
11.1	11.57
11.10	11.58
11.2	11.59
11.15	11.60
11.1	11.61
11.1	11.62
11.1	11.63
11.14	11.64
12.18	12.1
12.5	12.2
12.7	12.3
12.2	12.4
12.18	12.5
12.18	12.6
12.15	12.7
12.17	12.8
12.1	12.9
12.4	12.10
12.17	12.11
12.17	12.12
12.17	12.13
12.18	12.14
12.13	12.15
12.17	12.16
12.18	12.17
12.11	12.18
12.17	12.19
12.14	12.20
12.10	12.21
12.17	12.22
12.6	12.23
12.17	12.24
12.18	12.25
12.10	12.26
12.9	12.27
12.1	12.28
12.18	12.29
12.1	12.30
12.18	12.31
12.10	12.32
12.1	12.33
12.17	12.34
12.3	12.35
12.18	12.36
12.1	12.37
12.17	12.38
12.8	12.39
12.18	12.40
12.1	12.41
12.10	12.42
12.18	12.43
12.11	12.44
12.1	12.45
12.17	12.46
12.18	12.47
12.17	12.48
12.19	12.49
12.10	12.50
12.1	12.51
12.18	12.52
12.10	12.53
12.18	12.54
12.16	12.55
12.18	12.56
12.12	12.57
12.18	12.58
12.10	12.59
12.17	12.60
12.17	12.61
12.18	12.62
12.1	12.63
12.18	12.64
13.7	13.1
13.9	13.2
13.7	13.3
13.1	13.4
13.7	13.5
13.7	13.6
13.2	13.7
13.9	13.8
13.5	13.9
13.9	13.10
13.9	13.11
13.7	13.12
13.8	13.13
13.9	13.14
13.9	13.15
13.7	13.16
13.9	13.17
13.9	13.18
13.9	13.19
13.7	13.20
13.7	13.21
13.9	13.22
13.7	13.23
13.7	13.24
13.7	13.25
13.9	13.26
13.7	13.27
13.7	13.28
13.7	13.29
13.7	13.30
13.8	13.31
13.1	13.32
13.8	13.33
13.7	13.34
13.8	13.35
13.9	13.36
13.9	13.37
13.4	13.38
13.7	13.39
13.7	13.40
13.7	13.41
13.6	13.42
13.8	13.43
13.8	13.44
13.9	13.45
13.9	13.46
13.8	13.47
13.7	13.48
13.9	13.49
13.8	13.50
13.7	13.51
13.8	13.52
13.8	13.53
13.7	13.54
13.9	13.55
13.9	13.56
13.8	13.57
13.3	13.58
13.9	13.59
13.1	13.60
13.9	13.61
13.7	13.62
13.7	13.63
13.7	13.64
14.9	14.1
14.9	14.2
14.9	14.3
14.9	14.4
14.6	14.5
14.6	14.6
14.4	14.7
14.6	14.8
14.6	14.9
14.6	14.10
14.9	14.11
14.2	14.12
14.6	14.13
14.9	14.14
14.6	14.15
14.9	14.16
14.1	14.17
14.6	14.18
14.3	14.19
14.11	14.20
14.6	14.21
14.7	14.22
14.1	14.23
14.6	14.24
14.1	14.25
14.6	14.26
14.9	14.27
14.5	14.28
14.1	14.29
14.6	14.30
14.11	14.31
14.6	14.32
14.6	14.33
14.8	14.34
14.11	14.35
14.6	14.36
14.9	14.37
14.9	14.38
14.11	14.39
14.9	14.40
14.9	14.41
14.11	14.42
14.6	14.43
14.6	14.44
14.6	14.45
14.1	14.46
14.6	14.47
14.9	14.48
14.12	14.49
14.9	14.50
14.10	14.51
14.9	14.52
14.9	14.53
14.8	14.54
14.11	14.55
14.1	14.56
14.9	14.57
14.1	14.58
14.12	14.59
14.1	14.60
14.1	14.61
14.6	14.62
14.9	14.63
14.9	14.64
15.1	15.1
15.7	15.2
15.4	15.3
15.7	15.4
15.7	15.5
15.7	15.6
15.7	15.7
15.7	15.8
15.7	15.9
15.7	15.10
15.9	15.11
15.7	15.12
15.9	15.13
15.7	15.14
15.7	15.15
15.7	15.16
15.1	15.17
15.7	15.18
15.7	15.19
15.7	15.20
15.7	15.21
15.7	15.22
15.7	15.23
15.10	15.24
15.7	15.25
15.7	15.26
15.7	15.27
15.1	15.28
15.7	15.29
15.7	15.30
15.7	15.31
15.11	15.32
15.7	15.33
15.11	15.34
15.7	15.35
15.7	15.36
15.9	15.37
15.7	15.38
15.11	15.39
15.7	15.40
15.1	15.41
15.7	15.42
15.7	15.43
15.10	15.44
15.7	15.45
15.9	15.46
15.1	15.47
15.8	15.48
15.7	15.49
15.5	15.50
15.11	15.51
15.1	15.52
15.10	15.53
15.2	15.54
15.7	15.55
15.6	15.56
15.1	15.57
15.1	15.58
15.1	15.59
15.9	15.60
15.3	15.61
15.1	15.62
15.1	15.63
15.11	15.64
16.16	16.1
16.7	16.2
16.16	16.3
16.1	16.4
16.1	16.5
16.16	16.6
16.16	16.7
16.11	16.8
16.1	16.9
16.16	16.10
16.16	16.11
16.10	16.12
16.16	16.13
16.14	16.14
16.16	16.15
16.16	16.16
16.16	16.17
16.16	16.18
16.16	16.19
16.16	16.20
16.1	16.21
16.2	16.22
16.14	16.23
16.16	16.24
16.16	16.25
16.16	16.26
16.1	16.27
16.1	16.28
16.8	16.29
16.1	16.30
16.1	16.31
16.16	16.32
16.12	16.33
16.16	16.34
16.5	16.35
16.1	16.36
16.1	16.37
16.16	16.38
16.1	16.39
16.14	16.40
16.14	16.41
16.3	16.42
16.16	16.43
16.16	16.44
16.15	16.45
16.9	16.46
16.1	16.47
16.6	16.48
16.9	16.49
16.11	16.50
16.1	16.51
16.16	16.52
16.1	16.53
16.16	16.54
16.1	16.55
16.4	16.56
16.1	16.57
16.14	16.58
16.12	16.59
16.1	16.60
16.1	16.61
16.10	16.62
16.13	16.63
16.1	16.64
17.7	17.1
17.1	17.2
17.7	17.3
17.7	17.4
17.7	17.5
17.1	17.6
17.7	17.7
17.7	17.8
17.7	17.9
17.5	17.10
17.7	17.11
17.5	17.12
17.7	17.13
17.5	17.14
17.7	17.15
17.7	17.16
17.7	17.17
17.7	17.18
17.7	17.19
17.7	17.20
17.4	17.21
17.6	17.22
17.1	17.23
17.7	17.24
17.7	17.25
17.7	17.26
17.7	17.27
17.1	17.28
17.7	17.29
17.7	17.30
17.5	17.31
17.7	17.32
17.7	17.33
17.7	17.34
17.1	17.35
17.4	17.36
17.7	17.37
17.2	17.38
17.7	17.39
17.1	17.40
17.7	17.41
17.7	17.42
17.7	17.43
17.1	17.44
17.7	17.45
17.7	17.46
17.6	17.47
17.7	17.48
17.1	17.49
17.4	17.50
17.3	17.51
17.5	17.52
17.7	17.53
17.7	17.54
17.1	17.55
17.5	17.56
17.4	17.57
17.7	17.58
17.7	17.59
17.7	17.60
17.7	17.61
17.5	17.62
17.7	17.63
17.7	17.64
18.7	18.1
18.8	18.2
18.12	18.3
18.8	18.4
18.12	18.5
18.8	18.6
18.12	18.7
18.8	18.8
18.12	18.9
18.11	18.10
18.8	18.11
18.6	18.12
18.1	18.13
18.8	18.14
18.10	18.15
18.11	18.16
18.12	18.17
18.6	18.18
18.1	18.19
18.8	18.20
18.1	18.21
18.8	18.22
18.11	18.23
18.12	18.24
18.8	18.25
18.8	18.26
18.8	18.27
18.8	18.28
18.2	18.29
18.12	18.30
18.12	18.31
18.12	18.32
18.8	18.33
18.12	18.34
18.11	18.35
18.8	18.36
18.5	18.37
18.8	18.38
18.9	18.39
18.12	18.40
18.12	18.41
18.8	18.42
18.4	18.43
18.12	18.44
18.1	18.45
18.8	18.46
18.8	18.47
18.12	18.48
18.12	18.49
18.7	18.50
18.6	18.51
18.11	18.52
18.13	18.53
18.8	18.54
18.8	18.55
18.3	18.56
18.1	18.57
18.12	18.58
18.12	18.59
18.8	18.60
18.8	18.61
18.12	18.62
18.12	18.63
18.1	18.64
19.1	19.1
19.10	19.2
19.13	19.3
19.13	19.4
19.13	19.5
19.10	19.6
19.10	19.7
19.13	19.8
19.7	19.9
19.6	19.10
19.13	19.11
19.5	19.12
19.12	19.13
19.1	19.14
19.13	19.15
19.6	19.16
19.13	19.17
19.4	19.18
19.13	19.19
19.13	19.20
19.4	19.21
19.8	19.22
19.13	19.23
19.13	19.24
19.13	19.25
19.1	19.26
19.9	19.27
19.13	19.28
19.4	19.29
19.6	19.30
19.13	19.31
19.6	19.32
19.13	19.33
19.2	19.34
19.13	19.35
19.13	19.36
19.13	19.37
19.13	19.38
19.6	19.39
19.4	19.40
19.13	19.41
19.11	19.42
19.13	19.43
19.13	19.44
19.13	19.45
19.1	19.46
19.13	19.47
19.13	19.48
19.6	19.49
19.1	19.50
19.6	19.51
19.7	19.52
19.6	19.53
19.1	19.54
19.12	19.55
19.1	19.56
19.11	19.57
19.3	19.58
19.6	19.59
19.6	19.60
19.7	19.61
19.6	19.62
19.13	19.63
19.13	19.64
20.1	20.1
20.1	20.2
20.1	20.3
20.1	20.4
20.1	20.5
20.1	20.6
20.1	20.7
20.1	20.8
20.10	20.9
20.9	20.10
20.1	20.11
20.1	20.12
20.1	20.13
20.1	20.14
20.1	20.15
20.1	20.16
20.1	20.17
20.2	20.18
20.1	20.19
20.8	20.20
20.9	20.21
20.1	20.22
20.1	20.23
20.9	20.24
20.1	20.25
20.1	20.26
20.1	20.27
20.9	20.28
20.1	20.29
20.5	20.30
20.8	20.31
20.6	20.32
20.8	20.33
20.1	20.34
20.1	20.35
20.8	20.36
20.1	20.37
20.1	20.38
20.1	20.39
20.1	20.40
20.9	20.41
20.3	20.42
20.1	20.43
20.1	20.44
20.9	20.45
20.1	20.46
20.1	20.47
20.1	20.48
20.8	20.49
20.1	20.50
20.1	20.51
20.1	20.52
20.9	20.53
20.1	20.54
20.7	20.55
20.4	20.56
20.9	20.57
20.1	20.58
20.1	20.59
20.1	20.60
20.10	20.61
20.6	20.62
20.1	20.63
20.1	20.64
21.9	21.1
21.6	21.2
21.5	21.3
21.1	21.4
21.1	21.5
21.5	21.6
21.6	21.7
21.3	21.8
21.1	21.9
21.1	21.10
21.1	21.11
21.2	21.12
21.1	21.13
21.5	21.14
21.5	21.15
21.6	21.16
21.6	21.17
21.1	21.18
21.1	21.19
21.1	21.20
21.5	21.21
21.1	21.22
21.7	21.23
21.1	21.24
21.1	21.25
21.1	21.26
21.1	21.27
21.4	21.28
21.1	21.29
21.6	21.30
21.1	21.31
21.1	21.32
21.1	21.33
21.1	21.34
21.1	21.35
21.1	21.36
21.1	21.37
21.6	21.38
21.1	21.39
21.1	21.40
21.1	21.41
21.1	21.42
21.1	21.43
21.6	21.44
21.1	21.45
21.1	21.46
21.8	21.47
21.1	21.48
21.1	21.49
21.1	21.50
21.6	21.51
21.1	21.52
21.6	21.53
21.6	21.54
21.8	21.55
21.8	21.56
21.1	21.57
21.1	21.58
21.1	21.59
21.6	21.60
21.8	21.61
21.6	21.62
21.6	21.63
21.6	21.64
22.1	22.1
22.1	22.2
22.1	22.3
22.1	22.4
22.1	22.5
22.1	22.6
22.5	22.7
22.1	22.8
22.1	22.9
22.1	22.10
22.1	22.11
22.1	22.12
22.1	22.13
22.1	22.14
22.4	22.15
22.1	22.16
22.1	22.17
22.1	22.18
22.1	22.19
22.1	22.20
22.6	22.21
22.1	22.22
22.6	22.23
22.1	22.24
22.1	22.25
22.4	22.26
22.1	22.27
22.1	22.28
22.1	22.29
22.1	22.30
22.1	22.31
22.1	22.32
22.6	22.33
22.2	22.34
22.5	22.35
22.1	22.36
22.5	22.37
22.1	22.38
22.1	22.39
22.1	22.40
22.1	22.41
22.1	22.42
22.1	22.43
22.1	22.44
22.1	22.45
22.6	22.46
22.1	22.47
22.1	22.48
22.1	22.49
22.5	22.50
22.1	22.51
22.1	22.52
22.1	22.53
22.1	22.54
22.1	22.55
22.4	22.56
22.1	22.57
22.1	22.58
22.1	22.59
22.1	22.60
22.1	22.61
22.1	22.62
22.3	22.63
22.1	22.64
23.13	23.1
23.12	23.2
23.1	23.3
23.13	23.4
23.9	23.5
23.1	23.6
23.9	23.7
23.15	23.8
23.4	23.9
23.9	23.10
23.1	23.11
23.14	23.12
23.1	23.13
23.9	23.14
23.14	23.15
23.1	23.16
23.1	23.17
23.15	23.18
23.9	23.19
23.1	23.20
23.8	23.21
23.9	23.22
23.1	23.23
23.15	23.24
23.13	23.25
23.9	23.26
23.1	23.27
23.1	23.28
23.1	23.29
23.10	23.30
23.5	23.31
23.1	23.32
23.9	23.33
23.1	23.34
23.9	23.35
23.9	23.36
23.1	23.37
23.9	23.38
23.1	23.39
23.9	23.40
23.13	23.41
23.9	23.42
23.1	23.43
23.2	23.44
23.9	23.45
23.1	23.46
23.7	23.47
23.1	23.48
23.9	23.49
23.6	23.50
23.11	23.51
23.15	23.52
23.14	23.53
23.9	23.54
23.1	23.55
23.3	23.56
23.15	23.57
23.16	23.58
23.1	23.59
23.1	23.60
23.13	23.61
23.14	23.62
23.1	23.63
23.1	23.64
24.7	24.1
24.11	24.2
24.5	24.3
24.12	24.4
24.15	24.5
24.14	24.6
24.5	24.7
24.1	24.8
24.5	24.9
24.3	24.10
24.13	24.11
24.11	24.12
24.5	24.13
24.5	24.14
24.5	24.15
24.5	24.16
24.5	24.17
24.14	24.18
24.5	24.19
24.5	24.20
24.14	24.21
24.5	24.22
24.8	24.23
24.5	24.24
24.10	24.25
24.9	24.26
24.5	24.27
24.5	24.28
24.5	24.29
24.5	24.30
24.4	24.31
24.5	24.32
24.14	24.33
24.5	24.34
24.15	24.35
24.15	24.36
24.5	24.37
24.14	24.38
24.1	24.39
24.5	24.40
24.2	24.41
24.6	24.42
24.5	24.43
24.5	24.44
24.5	24.45
24.6	24.46
24.6	24.47
24.11	24.48
24.5	24.49
24.5	24.50
24.5	24.51
24.5	24.52
24.14	24.53
24.5	24.54
24.5	24.55
24.15	24.56
24.5	24.57
24.5	24.58
24.14	24.59
24.11	24.60
24.5	24.61
24.5	24.62
24.5	24.63
24.5	24.64
25.4	25.1
25.4	25.2
25.4	25.3
25.5	25.4
25.4	25.5
25.4	25.6
25.4	25.7
25.4	25.8
25.4	25.9
25.4	25.10
25.4	25.11
25.4	25.12
25.4	25.13
25.4	25.14
25.4	25.15
25.5	25.16
25.8	25.17
25.4	25.18
25.10	25.19
25.4	25.20
25.7	25.21
25.7	25.22
25.4	25.23
25.4	25.24
25.2	25.25
25.5	25.26
25.1	25.27
25.7	25.28
25.4	25.29
25.7	25.30
25.4	25.31
25.4	25.32
25.5	25.33
25.9	25.34
25.7	25.35
25.4	25.36
25.7	25.37
25.7	25.38
25.7	25.39
25.7	25.40
25.4	25.41
25.4	25.42
25.7	25.43
25.4	25.44
25.4	25.45
25.5	25.46
25.7	25.47
25.4	25.48
25.7	25.49
25.3	25.50
25.7	25.51
25.4	25.52
25.7	25.53
25.4	25.54
25.6	25.55
25.7	25.56
25.4	25.57
25.7	25.58
25.8	25.59
25.4	25.60
25.7	25.61
25.4	25.62
25.7	25.63
25.7	25.64
26.10	26.1
26.9	26.2
26.1	26.3
26.10	26.4
26.1	26.5
26.1	26.6
26.10	26.7
26.13	26.8
26.4	26.9
26.1	26.10
26.1	26.11
26.10	26.12
26.8	26.13
26.4	26.14
26.1	26.15
26.10	26.16
26.6	26.17
26.1	26.18
26.10	26.19
26.10	26.20
26.11	26.21
26.1	26.22
26.9	26.23
26.10	26.24
26.3	26.25
26.7	26.26
26.13	26.27
26.13	26.28
26.1	26.29
26.2	26.30
26.10	26.31
26.9	26.32
26.7	26.33
26.1	26.34
26.10	26.35
26.1	26.36
26.12	26.37
26.10	26.38
26.10	26.39
26.10	26.40
26.1	26.41
26.9	26.42
26.1	26.43
26.1	26.44
26.1	26.45
26.1	26.46
26.1	26.47
26.1	26.48
26.9	26.49
26.9	26.50
26.13	26.51
26.1	26.52
26.10	26.53
26.9	26.54
26.10	26.55
26.5	26.56
26.13	26.57
26.1	26.58
26.10	26.59
26.4	26.60
26.13	26.61
26.4	26.62
26.10	26.63
26.1	26.64
27.16	27.1
27.12	27.2
27.1	27.3
27.1	27.4
27.11	27.5
27.9	27.6
27.1	27.7
27.1	27.8
27.1	27.9
27.1	27.10
27.10	27.11
27.12	27.12
27.17	27.13
27.16	27.14
27.1	27.15
27.1	27.16
27.16	27.17
27.9	27.18
27.3	27.19
27.13	27.20
27.16	27.21
27.12	27.22
27.2	27.23
27.4	27.24
27.1	27.25
27.1	27.26
27.14	27.27
27.4	27.28
27.1	27.29
27.12	27.30
27.14	27.31
27.17	27.32
27.1	27.33
27.12	27.34
27.1	27.35
27.16	27.36
27.9	27.37
27.16	27.38
27.15	27.39
27.12	27.40
27.13	27.41
27.1	27.42
27.1	27.43
27.1	27.44
27.8	27.45
27.1	27.46
27.6	27.47
27.12	27.48
27.9	27.49
27.12	27.50
27.16	27.51
27.12	27.52
27.12	27.53
27.1	27.54
27.1	27.55
27.1	27.56
27.1	27.57
27.12	27.58
27.12	27.59
27.9	27.60
27.13	27.61
27.7	27.62
27.5	27.63
27.12	27.64
28.15	28.1
28.18	28.2
28.11	28.3
28.18	28.4
28.17	28.5
28.18	28.6
28.15	28.7
28.14	28.8
28.18	28.9
28.8	28.10
28.15	28.11
28.8	28.12
28.18	28.13
28.18	28.14
28.18	28.15
28.1	28.16
28.18	28.17
28.8	28.18
28.4	28.19
28.18	28.20
28.18	28.21
28.15	28.22
28.9	28.23
28.18	28.24
28.18	28.25
28.8	28.26
28.8	28.27
28.15	28.28
28.16	28.29
28.18	28.30
28.7	28.31
28.14	28.32
28.18	28.33
28.18	28.34
28.7	28.35
28.7	28.36
28.5	28.37
28.15	28.38
28.10	28.39
28.15	28.40
28.13	28.41
28.9	28.42
28.18	28.43
28.17	28.44
28.2	28.45
28.6	28.46
28.17	28.47
28.3	28.48
28.18	28.49
28.18	28.50
28.18	28.51
28.18	28.52
28.15	28.53
28.9	28.54
28.8	28.55
28.15	28.56
28.16	28.57
28.8	28.58
28.18	28.59
28.12	28.60
28.9	28.61
28.14	28.62
28.15	28.63
28.17	28.64
29.17	29.1
29.18	29.2
29.1	29.3
29.1	29.4
29.1	29.5
29.1	29.6
29.1	29.7
29.1	29.8
29.17	29.9
29.1	29.10
29.13	29.11
29.16	29.12
29.18	29.13
29.12	29.14
29.1	29.15
29.14	29.16
29.6	29.17
29.15	29.18
29.4	29.19
29.1	29.20
29.11	29.21
29.8	29.22
29.1	29.23
29.16	29.24
29.3	29.25
29.7	29.26
29.18	29.27
29.1	29.28
29.1	29.29
29.1	29.30
29.16	29.31
29.2	29.32
29.1	29.33
29.16	29.34
29.1	29.35
29.16	29.36
29.9	29.37
29.1	29.38
29.12	29.39
29.18	29.40
29.1	29.41
29.15	29.42
29.18	29.43
29.18	29.44
29.1	29.45
29.16	29.46
29.5	29.47
29.1	29.48
29.18	29.49
29.18	29.50
29.10	29.51
29.12	29.52
29.13	29.53
29.13	29.54
29.17	29.55
29.1	29.56
29.1	29.57
29.1	29.58
29.1	29.59
29.18	29.60
29.18	29.61
29.18	29.62
29.18	29.63
29.18	29.64
30.1	30.1
30.18	30.2
30.1	30.3
30.7	30.4
30.18	30.5
30.18	30.6
30.6	30.7
30.18	30.8
30.1	30.9
30.18	30.10
30.18	30.11
30.18	30.12
30.18	30.13
30.18	30.14
30.18	30.15
30.18	30.16
30.3	30.17
30.18	30.18
30.1	30.19
30.18	30.20
30.18	30.21
30.13	30.22
30.18	30.23
30.18	30.24
30.18	30.25
30.8	30.26
30.12	30.27
30.10	30.28
30.18	30.29
30.2	30.30
30.1	30.31
30.18	30.32
30.17	30.33
30.15	30.34
30.18	30.35
30.5	30.36
30.17	30.37
30.18	30.38
30.18	30.39
30.1	30.40
30.1	30.41
30.1	30.42
30.1	30.43
30.9	30.44
30.18	30.45
30.18	30.46
30.18	30.47
30.18	30.48
30.1	30.49
30.14	30.50
30.11	30.51
30.18	30.52
30.18	30.53
30.18	30.54
30.18	30.55
30.18	30.56
30.18	30.57
30.1	30.58
30.18	30.59
30.16	30.60
30.4	30.61
30.1	30.62
30.18	30.63
30.18	30.64
31.4	31.1
31.4	31.2
31.13	31.3
31.1	31.4
31.5	31.5
31.4	31.6
31.13	31.7
31.4	31.8
31.4	31.9
31.4	31.10
31.4	31.11
31.13	31.12
31.4	31.13
31.13	31.14
31.13	31.15
31.11	31.16
31.4	31.17
31.4	31.18
31.4	31.19
31.13	31.20
31.4	31.21
31.13	31.22
31.13	31.23
31.11	31.24
31.11	31.25
31.10	31.26
31.8	31.27
31.11	31.28
31.11	31.29
31.4	31.30
31.6	31.31
31.4	31.32
31.13	31.33
31.13	31.34
31.11	31.35
31.11	31.36
31.8	31.37
31.11	31.38
31.13	31.39
31.4	31.40
31.11	31.41
31.13	31.42
31.11	31.43
31.8	31.44
31.2	31.45
31.12	31.46
31.13	31.47
31.7	31.48
31.4	31.49
31.4	31.50
31.3	31.51
31.13	31.52
31.13	31.53
31.13	31.54
31.4	31.55
31.13	31.56
31.11	31.57
31.4	31.58
31.11	31.59
31.13	31.60
31.9	31.61
31.13	31.62
31.4	31.63
31.13	31.64
32.1	32.1
32.1	32.2
32.1	32.3
32.4	32.4
32.4	32.5
32.1	32.6
32.1	32.7
32.1	32.8
32.1	32.9
32.1	32.10
32.1	32.11
32.1	32.12
32.1	32.13
32.1	32.14
32.1	32.15
32.6	32.16
32.1	32.17
32.1	32.18
32.1	32.19
32.6	32.20
32.1	32.21
32.1	32.22
32.6	32.23
32.1	32.24
32.1	32.25
32.1	32.26
32.1	32.27
32.1	32.28
32.1	32.29
32.1	32.30
32.1	32.31
32.1	32.32
32.1	32.33
32.1	32.34
32.1	32.35
32.1	32.36
32.5	32.37
32.1	32.38
32.1	32.39
32.3	32.40
32.1	32.41
32.1	32.42
32.4	32.43
32.2	32.44
32.6	32.45
32.1	32.46
32.1	32.47
32.6	32.48
32.1	32.49
32.6	32.50
32.1	32.51
32.4	32.52
32.1	32.53
32.4	32.54
32.1	32.55
32.1	32.56
32.1	32.57
32.1	32.58
32.1	32.59
32.1	32.60
32.1	32.61
32.1	32.62
32.1	32.63
32.7	32.64
33.10	33.1
33.8	33.2
33.1	33.3
33.1	33.4
33.10	33.5
33.10	33.6
33.1	33.7
33.1	33.8
33.1	33.9
33.1	33.10
33.1	33.11
33.1	33.12
33.1	33.13
33.1	33.14
33.8	33.15
33.5	33.16
33.1	33.17
33.1	33.18
33.3	33.19
33.6	33.20
33.9	33.21
33.1	33.22
33.7	33.23
33.1	33.24
33.4	33.25
33.1	33.26
33.1	33.27
33.1	33.28
33.1	33.29
33.1	33.30
33.1	33.31
33.8	33.32
33.1	33.33
33.1	33.34
33.8	33.35
33.1	33.36
33.1	33.37
33.1	33.38
33.1	33.39
33.1	33.40
33.1	33.41
33.10	33.42
33.1	33.43
33.8	33.44
33.1	33.45
33.10	33.46
33.10	33.47
33.10	33.48
33.11	33.49
33.1	33.50
33.1	33.51
33.1	33.52
33.10	33.53
33.5	33.54
33.8	33.55
33.2	33.56
33.1	33.57
33.1	33.58
33.1	33.59
33.5	33.60
33.10	33.61
33.11	33.62
33.1	33.63
33.1	33.64
34.15	34.1
34.1	34.2
34.13	34.3
34.1	34.4
34.1	34.5
34.1	34.6
34.1	34.7
34.15	34.8
34.1	34.9
34.11	34.10
34.11	34.11
34.13	34.12
34.9	34.13
34.1	34.14
34.1	34.15
34.1	34.16
34.13	34.17
34.13	34.18
34.1	34.19
34.1	34.20
34.11	34.21
34.1	34.22
34.1	34.23
34.1	34.24
34.13	34.25
34.11	34.26
34.8	34.27
34.13	34.28
34.1	34.29
34.8	34.30
34.7	34.31
34.1	34.32
34.13	34.33
34.3	34.34
34.1	34.35
34.9	34.36
34.13	34.37
34.13	34.38
34.11	34.39
34.1	34.40
34.1	34.41
34.12	34.42
34.2	34.43
34.1	34.44
34.5	34.45
34.16	34.46
34.13	34.47
34.1	34.48
34.11	34.49
34.6	34.50
34.9	34.51
34.1	34.52
34.11	34.53
34.11	34.54
34.1	34.55
34.1	34.56
34.14	34.57
34.8	34.58
34.4	34.59
34.1	34.60
34.13	34.61
34.9	34.62
34.10	34.63
34.1	34.64
35.18	35.1
35.1	35.2
35.13	35.3
35.16	35.4
35.18	35.5
35.6	35.6
35.16	35.7
35.1	35.8
35.10	35.9
35.18	35.10
35.18	35.11
35.2	35.12
35.18	35.13
35.16	35.14
35.1	35.15
35.1	35.16
35.14	35.17
35.18	35.18
35.1	35.19
35.18	35.20
35.16	35.21
35.16	35.22
35.8	35.23
35.18	35.24
35.1	35.25
35.1	35.26
35.13	35.27
35.18	35.28
35.1	35.29
35.10	35.30
35.9	35.31
35.18	35.32
35.14	35.33
35.14	35.34
35.16	35.35
35.13	35.36
35.1	35.37
35.7	35.38
35.13	35.39
35.1	35.40
35.1	35.41
35.1	35.42
35.13	35.43
35.12	35.44
35.14	35.45
35.1	35.46
35.1	35.47
35.16	35.48
35.5	35.49
35.1	35.50
35.1	35.51
35.15	35.52
35.1	35.53
35.1	35.54
35.1	35.55
35.16	35.56
35.16	35.57
35.4	35.58
35.16	35.59
35.11	35.60
35.8	35.61
35.17	35.62
35.15	35.63
35.3	35.64
36.1	36.1
36.12	36.2
36.6	36.3
36.6	36.4
36.6	36.5
36.12	36.6
36.12	36.7
36.12	36.8
36.1	36.9
36.12	36.10
36.12	36.11
36.9	36.12
36.10	36.13
36.1	36.14
36.1	36.15
36.12	36.16
36.4	36.17
36.1	36.18
36.12	36.19
36.12	36.20
36.1	36.21
36.12	36.22
36.2	36.23
36.11	36.24
36.12	36.25
36.12	36.26
36.12	36.27
36.1	36.28
36.12	36.29
36.11	36.30
36.12	36.31
36.12	36.32
36.1	36.33
36.12	36.34
36.12	36.35
36.1	36.36
36.7	36.37
36.13	36.38
36.11	36.39
36.5	36.40
36.12	36.41
36.1	36.42
36.11	36.43
36.2	36.44
36.1	36.45
36.10	36.46
36.1	36.47
36.11	36.48
36.1	36.49
36.1	36.50
36.1	36.51
36.1	36.52
36.1	36.53
36.3	36.54
36.12	36.55
36.12	36.56
36.8	36.57
36.11	36.58
36.1	36.59
36.13	36.60
36.1	36.61
36.1	36.62
36.1	36.63
36.11	36.64
37.14	37.1
37.14	37.2
37.14	37.3
37.10	37.4
37.14	37.5
37.14	37.6
37.14	37.7
37.15	37.8
37.14	37.9
37.14	37.10
37.9	37.11
37.13	37.12
37.14	37.13
37.1	37.14
37.14	37.15
37.2	37.16
37.15	37.17
37.14	37.18
37.14	37.19
37.14	37.20
37.9	37.21
37.14	37.22
37.11	37.23
37.14	37.24
37.14	37.25
37.14	37.26
37.7	37.27
37.14	37.28
37.15	37.29
37.14	37.30
37.3	37.31
37.14	37.32
37.14	37.33
37.5	37.34
37.14	37.35
37.13	37.36
37.14	37.37
37.1	37.38
37.14	37.39
37.1	37.40
37.14	37.41
37.14	37.42
37.14	37.43
37.14	37.44
37.1	37.45
37.14	37.46
37.14	37.47
37.1	37.48
37.1	37.49
37.14	37.50
37.4	37.51
37.14	37.52
37.15	37.53
37.9	37.54
37.12	37.55
37.8	37.56
37.15	37.57
37.15	37.58
37.14	37.59
37.14	37.60
37.14	37.61
37.14	37.62
37.9	37.63
37.6	37.64
38.3	38.1
38.3	38.2
38.3	38.3
38.3	38.4
38.3	38.5
38.3	38.6
38.3	38.7
38.3	38.8
38.3	38.9
38.3	38.10
38.3	38.11
38.2	38.12
38.3	38.13
38.1	38.14
38.3	38.15
38.3	38.16
38.3	38.17
38.3	38.18
38.3	38.19
38.3	38.20
38.3	38.21
38.1	38.22
38.3	38.23
38.3	38.24
38.3	38.25
38.3	38.26
38.3	38.27
38.3	38.28
38.3	38.29
38.3	38.30
38.3	38.31
38.3	38.32
38.3	38.33
38.3	38.34
38.3	38.35
38.3	38.36
38.1	38.37
38.3	38.38
38.3	38.39
38.3	38.40
38.1	38.41
38.3	38.42
38.3	38.43
38.1	38.44
38.3	38.45
38.1	38.46
38.3	38.47
38.3	38.48
38.3	38.49
38.3	38.50
38.1	38.51
38.3	38.52
38.3	38.53
38.3	38.54
38.1	38.55
38.3	38.56
38.3	38.57
38.3	38.58
38.1	38.59
38.3	38.60
38.3	38.61
38.3	38.62
38.3	38.63
38.3	38.64
39.11	39.1
39.11	39.2
39.5	39.3
39.5	39.4
39.11	39.5
39.11	39.6
39.13	39.7
39.9	39.8
39.11	39.9
39.13	39.10
39.4	39.11
39.13	39.12
39.6	39.13
39.2	39.14
39.5	39.15
39.11	39.16
39.5	39.17
39.11	39.18
39.6	39.19
39.5	39.20
39.5	39.21
39.5	39.22
39.11	39.23
39.11	39.24
39.11	39.25
39.5	39.26
39.11	39.27
39.13	39.28
39.5	39.29
39.5	39.30
39.11	39.31
39.11	39.32
39.7	39.33
39.5	39.34
39.11	39.35
39.8	39.36
39.5	39.37
39.11	39.38
39.11	39.39
39.11	39.40
39.12	39.41
39.5	39.42
39.11	39.43
39.3	39.44
39.11	39.45
39.11	39.46
39.10	39.47
39.11	39.48
39.11	39.49
39.5	39.50
39.5	39.51
39.5	39.52
39.11	39.53
39.5	39.54
39.5	39.55
39.11	39.56
39.5	39.57
39.11	39.58
39.11	39.59
39.5	39.60
39.1	39.61
39.11	39.62
39.11	39.63
39.5	39.64
40.1	40.1
40.1	40.2
40.19	40.3
40.12	40.4
40.13	40.5
40.19	40.6
40.1	40.7
40.16	40.8
40.17	40.9
40.17	40.10
40.18	40.11
40.19	40.12
40.19	40.13
40.19	40.14
40.19	40.15
40.1	40.16
40.17	40.17
40.6	40.18
40.5	40.19
40.14	40.20
40.19	40.21
40.17	40.22
40.19	40.23
40.1	40.24
40.10	40.25
40.13	40.26
40.11	40.27
40.19	40.28
40.1	40.29
40.3	40.30
40.19	40.31
40.1	40.32
40.17	40.33
40.12	40.34
40.1	40.35
40.18	40.36
40.13	40.37
40.17	40.38
40.1	40.39
40.1	40.40
40.19	40.41
40.16	40.42
40.2	40.43
40.19	40.44
40.1	40.45
40.1	40.46
40.17	40.47
40.8	40.48
40.9	40.49
40.19	40.50
40.1	40.51
40.1	40.52
40.1	40.53
40.13	40.54
40.19	40.55
40.1	40.56
40.19	40.57
40.13	40.58
40.19	40.59
40.15	40.60
40.16	40.61
40.4	40.62
40.7	40.63
40.19	40.64
41.1	41.1
41.15	41.2
41.1	41.3
41.15	41.4
41.15	41.5
41.11	41.6
41.15	41.7
41.15	41.8
41.3	41.9
41.1	41.10
41.14	41.11
41.15	41.12
41.1	41.13
41.1	41.14
41.15	41.15
41.15	41.16
41.15	41.17
41.13	41.18
41.16	41.19
41.14	41.20
41.14	41.21
41.15	41.22
41.15	41.23
41.15	41.24
41.12	41.25
41.15	41.26
41.15	41.27
41.15	41.28
41.15	41.29
41.14	41.30
41.14	41.31
41.15	41.32
41.6	41.33
41.10	41.34
41.15	41.35
41.8	41.36
41.1	41.37
41.1	41.38
41.1	41.39
41.4	41.40
41.7	41.41
41.1	41.42
41.15	41.43
41.1	41.44
41.5	41.45
41.1	41.46
41.10	41.47
41.15	41.48
41.2	41.49
41.14	41.50
41.1	41.51
41.1	41.52
41.15	41.53
41.15	41.54
41.11	41.55
41.14	41.56
41.15	41.57
41.15	41.58
41.15	41.59
41.15	41.60
41.8	41.61
41.14	41.62
41.9	41.63
41.14	41.64
42.8	42.1
42.14	42.2
42.14	42.3
42.8	42.4
42.8	42.5
42.16	42.6
42.13	42.7
42.17	42.8
42.17	42.9
42.15	42.10
42.14	42.11
42.8	42.12
42.14	42.13
42.1	42.14
42.14	42.15
42.15	42.16
42.5	42.17
42.10	42.18
42.1	42.19
42.14	42.20
42.8	42.21
42.12	42.22
42.14	42.23
42.8	42.24
42.14	42.25
42.13	42.26
42.13	42.27
42.17	42.28
42.9	42.29
42.8	42.30
42.17	42.31
42.17	42.32
42.14	42.33
42.8	42.34
42.6	42.35
42.8	42.36
42.1	42.37
42.8	42.38
42.14	42.39
42.7	42.40
42.14	42.41
42.8	42.42
42.1	42.43
42.13	42.44
42.17	42.45
42.8	42.46
42.8	42.47
42.4	42.48
42.12	42.49
42.4	42.50
42.10	42.51
42.1	42.52
42.11	42.53
42.11	42.54
42.2	42.55
42.14	42.56
42.3	42.57
42.17	42.58
42.13	42.59
42.14	42.60
42.17	42.61
42.8	42.62
42.14	42.63
42.14	42.64
43.11	43.1
43.9	43.2
43.9	43.3
43.9	43.4
43.9	43.5
43.1	43.6
43.9	43.7
43.2	43.8
43.11	43.9
43.11	43.10
43.7	43.11
43.12	43.12
43.14	43.13
43.5	43.14
43.9	43.15
43.9	43.16
43.14	43.17
43.9	43.18
43.9	43.19
43.9	43.20
43.9	43.21
43.9	43.22
43.9	43.23
43.9	43.24
43.14	43.25
43.11	43.26
43.11	43.27
43.9	43.28
43.9	43.29
43.9	43.30
43.9	43.31
43.14	43.32
43.9	43.33
43.9	43.34
43.14	43.35
43.13	43.36
43.9	43.37
43.11	43.38
43.14	43.39
43.11	43.40
43.9	43.41
43.9	43.42
43.14	43.43
43.6	43.44
43.11	43.45
43.3	43.46
43.11	43.47
43.14	43.48
43.11	43.49
43.4	43.50
43.8	43.51
43.11	43.52
43.9	43.53
43.11	43.54
43.10	43.55
43.9	43.56
43.11	43.57
43.11	43.58
43.11	43.59
43.11	43.60
43.11	43.61
43.11	43.62
43.11	43.63
43.11	43.64
44.1	44.1
44.1	44.2
44.1	44.3
44.1	44.4
44.1	44.5
44.1	44.6
44.1	44.7
44.4	44.8
44.6	44.9
44.1	44.10
44.1	44.11
44.1	44.12
44.1	44.13
44.6	44.14
44.1	44.15
44.1	44.16
44.3	44.17
44.1	44.18
44.1	44.19
44.1	44.20
44.1	44.21
44.1	44.22
44.1	44.23
44.1	44.24
44.1	44.25
44.1	44.26
44.1	44.27
44.1	44.28
44.1	44.29
44.1	44.30
44.6	44.31
44.6	44.32
44.1	44.33
44.1	44.34
44.1	44.35
44.1	44.36
44.1	44.37
44.1	44.38
44.1	44.39
44.6	44.40
44.1	44.41
44.1	44.42
44.1	44.43
44.1	44.44
44.1	44.45
44.2	44.46
44.1	44.47
44.1	44.48
44.1	44.49
44.6	44.50
44.5	44.51
44.1	44.52
44.1	44.53
44.1	44.54
44.5	44.55
44.6	44.56
44.1	44.57
44.5	44.58
44.6	44.59
44.1	44.60
44.6	44.61
44.1	44.62
44.6	44.63
44.6	44.64
45.1	45.1
45.1	45.2
45.1	45.3
45.1	45.4
45.1	45.5
45.1	45.6
45.8	45.7
45.1	45.8
45.5	45.9
45.1	45.10
45.1	45.11
45.1	45.12
45.1	45.13
45.8	45.14
45.1	45.15
45.1	45.16
45.1	45.17
45.1	45.18
45.1	45.19
45.5	45.20
45.1	45.21
45.3	45.22
45.1	45.23
45.1	45.24
45.1	45.25
45.4	45.26
45.8	45.27
45.1	45.28
45.1	45.29
45.1	45.30
45.1	45.31
45.8	45.32
45.7	45.33
45.8	45.34
45.7	45.35
45.1	45.36
45.1	45.37
45.1	45.38
45.6	45.39
45.8	45.40
45.8	45.41
45.1	45.42
45.1	45.43
45.1	45.44
45.1	45.45
45.1	45.46
45.1	45.47
45.9	45.48
45.1	45.49
45.8	45.50
45.1	45.51
45.8	45.52
45.8	45.53
45.1	45.54
45.1	45.55
45.2	45.56
45.8	45.57
45.8	45.58
45.1	45.59
45.8	45.60
45.8	45.61
45.8	45.62
45.9	45.63
45.1	45.64
46.9	46.1
46.10	46.2
46.1	46.3
46.9	46.4
46.10	46.5
46.9	46.6
46.9	46.7
46.10	46.8
46.10	46.9
46.9	46.10
46.1	46.11
46.5	46.12
46.9	46.13
46.9	46.14
46.9	46.15
46.10	46.16
46.5	46.17
46.11	46.18
46.10	46.19
46.1	46.20
46.11	46.21
46.9	46.22
46.9	46.23
46.8	46.24
46.11	46.25
46.4	46.26
46.9	46.27
46.9	46.28
46.9	46.29
46.9	46.30
46.9	46.31
46.10	46.32
46.10	46.33
46.5	46.34
46.9	46.35
46.10	46.36
46.9	46.37
46.10	46.38
46.1	46.39
46.9	46.40
46.1	46.41
46.2	46.42
46.1	46.43
46.1	46.44
46.10	46.45
46.8	46.46
46.9	46.47
46.9	46.48
46.1	46.49
46.10	46.50
46.6	46.51
46.11	46.52
46.10	46.53
46.3	46.54
46.11	46.55
46.10	46.56
46.5	46.57
46.9	46.58
46.8	46.59
46.10	46.60
46.7	46.61
46.1	46.62
46.9	46.63
46.9	46.64
47.11	47.1
47.6	47.2
47.6	47.3
47.9	47.4
47.1	47.5
47.10	47.6
47.6	47.7
47.11	47.8
47.13	47.9
47.12	47.10
47.11	47.11
47.6	47.12
47.11	47.13
47.11	47.14
47.10	47.15
47.9	47.16
47.8	47.17
47.1	47.18
47.1	47.19
47.4	47.20
47.9	47.21
47.1	47.22
47.11	47.23
47.1	47.24
47.11	47.25
47.4	47.26
47.11	47.27
47.1	47.28
47.1	47.29
47.10	47.30
47.1	47.31
47.12	47.32
47.9	47.33
47.6	47.34
47.1	47.35
47.1	47.36
47.16	47.37
47.15	47.38
47.1	47.39
47.1	47.40
47.11	47.41
47.10	47.42
47.3	47.43
47.1	47.44
47.11	47.45
47.10	47.46
47.10	47.47
47.11	47.48
47.12	47.49
47.1	47.50
47.11	47.51
47.5	47.52
47.10	47.53
47.14	47.54
47.6	47.55
47.1	47.56
47.11	47.57
47.16	47.58
47.9	47.59
47.2	47.60
47.7	47.61
47.1	47.62
47.12	47.63
47.11	47.64
48.1	48.1
48.1	48.2
48.1	48.3
48.1	48.4
48.1	48.5
48.5	48.6
48.1	48.7
48.1	48.8
48.5	48.9
48.1	48.10
48.4	48.11
48.1	48.12
48.1	48.13
48.5	48.14
48.1	48.15
48.1	48.16
48.1	48.17
48.6	48.18
48.1	48.19
48.5	48.20
48.1	48.21
48.5	48.22
48.5	48.23
48.5	48.24
48.5	48.25
48.5	48.26
48.1	48.27
48.1	48.28
48.1	48.29
48.2	48.30
48.1	48.31
48.1	48.32
48.5	48.33
48.1	48.34
48.1	48.35
48.1	48.36
48.5	48.37
48.5	48.38
48.1	48.39
48.1	48.40
48.1	48.41
48.1	48.42
48.1	48.43
48.1	48.44
48.1	48.45
48.6	48.46
48.5	48.47
48.5	48.48
48.5	48.49
48.3	48.50
48.1	48.51
48.5	48.52
48.1	48.53
48.1	48.54
48.1	48.55
48.1	48.56
48.1	48.57
48.1	48.58
48.1	48.59
48.1	48.60
48.1	48.61
48.1	48.62
48.1	48.63
48.1	48.64
49.1	49.1
49.14	49.2
49.9	49.3
49.1	49.4
49.13	49.5
49.9	49.6
49.13	49.7
49.9	49.8
49.9	49.9
49.11	49.10
49.2	49.11
49.9	49.12
49.9	49.13
49.7	49.14
49.9	49.15
49.13	49.16
49.14	49.17
49.8	49.18
49.9	49.19
49.9	49.20
49.14	49.21
49.6	49.22
49.1	49.23
49.9	49.24
49.1	49.25
49.9	49.26
49.1	49.27
49.1	49.28
49.14	49.29
49.14	49.30
49.1	49.31
49.14	49.32
49.13	49.33
49.1	49.34
49.14	49.35
49.14	49.36
49.1	49.37
49.14	49.38
49.1	49.39
49.9	49.40
49.5	49.41
49.11	49.42
49.9	49.43
49.9	49.44
49.1	49.45
49.10	49.46
49.1	49.47
49.1	49.48
49.14	49.49
49.9	49.50
49.3	49.51
49.9	49.52
49.1	49.53
49.8	49.54
49.1	49.55
49.9	49.56
49.6	49.57
49.11	49.58
49.1	49.59
49.1	49.60
49.9	49.61
49.12	49.62
49.7	49.63
49.4	49.64
50.9	50.1
50.9	50.2
50.1	50.3
50.9	50.4
50.1	50.5
50.9	50.6
50.9	50.7
50.9	50.8
50.9	50.9
50.9	50.10
50.10	50.11
50.1	50.12
50.9	50.13
50.9	50.14
50.9	50.15
50.10	50.16
50.1	50.17
50.1	50.18
50.9	50.19
50.1	50.20
50.9	50.21
50.9	50.22
50.1	50.23
50.9	50.24
50.9	50.25
50.1	50.26
50.1	50.27
50.9	50.28
50.9	50.29
50.2	50.30
50.1	50.31
50.9	50.32
50.10	50.33
50.1	50.34
50.9	50.35
50.9	50.36
50.9	50.37
50.9	50.38
50.6	50.39
50.9	50.40
50.9	50.41
50.8	50.42
50.4	50.43
50.10	50.44
50.9	50.45
50.9	50.46
50.9	50.47
50.7	50.48
50.1	50.49
50.9	50.50
50.5	50.51
50.9	50.52
50.10	50.53
50.1	50.54
50.9	50.55
50.9	50.56
50.1	50.57
50.3	50.58
50.9	50.59
50.9	50.60
50.8	50.61
50.9	50.62
50.9	50.63
50.1	50.64
51.6	51.1
51.1	51.2
51.1	51.3
51.8	51.4
51.6	51.5
51.1	51.6
51.1	51.7
51.6	51.8
51.10	51.9
51.11	51.10
51.11	51.11
51.7	51.12
51.1	51.13
51.9	51.14
51.6	51.15
51.6	51.16
51.11	51.17
51.7	51.18
51.1	51.19
51.10	51.20
51.3	51.21
51.1	51.22
51.7	51.23
51.1	51.24
51.7	51.25
51.1	51.26
51.11	51.27
51.7	51.28
51.6	51.29
51.5	51.30
51.11	51.31
51.1	51.32
51.10	51.33
51.2	51.34
51.1	51.35
51.1	51.36
51.13	51.37
51.1	51.38
51.1	51.39
51.1	51.40
51.1	51.41
51.1	51.42
51.12	51.43
51.11	51.44
51.5	51.45
51.11	51.46
51.13	51.47
51.6	51.48
51.11	51.49
51.1	51.50
51.9	51.51
51.5	51.52
51.11	51.53
51.1	51.54
51.1	51.55
51.11	51.56
51.11	51.57
51.4	51.58
51.1	51.59
51.8	51.60
51.11	51.61
51.11	51.62
51.13	51.63
51.10	51.64
52.9	52.1
52.9	52.2
52.9	52.3
52.9	52.4
52.9	52.5
52.9	52.6
52.1	52.7
52.9	52.8
52.9	52.9
52.8	52.10
52.10	52.11
52.9	52.12
52.5	52.13
52.9	52.14
52.9	52.15
52.5	52.16
52.9	52.17
52.9	52.18
52.5	52.19
52.9	52.20
52.5	52.21
52.9	52.22
52.7	52.23
52.9	52.24
52.9	52.25
52.9	52.26
52.9	52.27
52.9	52.28
52.9	52.29
52.9	52.30
52.9	52.31
52.11	52.32
52.10	52.33
52.9	52.34
52.5	52.35
52.5	52.36
52.5	52.37
52.1	52.38
52.5	52.39
52.9	52.40
52.9	52.41
52.1	52.42
52.9	52.43
52.5	52.44
52.5	52.45
52.9	52.46
52.3	52.47
52.5	52.48
52.9	52.49
52.9	52.50
52.10	52.51
52.9	52.52
52.2	52.53
52.7	52.54
52.9	52.55
52.5	52.56
52.4	52.57
52.6	52.58
52.9	52.59
52.10	52.60
52.10	52.61
52.1	52.62
52.9	52.63
52.5	52.64
53.1	53.1
53.1	53.2
53.1	53.3
53.1	53.4
53.1	53.5
53.1	53.6
53.7	53.7
53.7	53.8
53.1	53.9
53.1	53.10
53.1	53.11
53.1	53.12
53.1	53.13
53.7	53.14
53.6	53.15
53.1	53.16
53.1	53.17
53.8	53.18
53.1	53.19
53.1	53.20
53.1	53.21
53.1	53.22
53.1	53.23
53.3	53.24
53.1	53.25
53.1	53.26
53.1	53.27
53.6	53.28
53.7	53.29
53.1	53.30
53.4	53.31
53.1	53.32
53.8	53.33
53.1	53.34
53.1	53.35
53.7	53.36
53.1	53.37
53.7	53.38
53.4	53.39
53.1	53.40
53.1	53.41
53.1	53.42
53.5	53.43
53.1	53.44
53.6	53.45
53.1	53.46
53.1	53.47
53.7	53.48
53.1	53.49
53.7	53.50
53.1	53.51
53.2	53.52
53.1	53.53
53.1	53.54
53.1	53.55
53.1	53.56
53.7	53.57
53.1	53.58
53.1	53.59
53.1	53.60
53.1	53.61
53.1	53.62
53.1	53.63
53.1	53.64
54.1	54.1
54.1	54.2
54.8	54.3
54.1	54.4
54.1	54.5
54.1	54.6
54.12	54.7
54.12	54.8
54.12	54.9
54.1	54.10
54.13	54.11
54.1	54.12
54.12	54.13
54.12	54.14
54.1	54.15
54.1	54.16
54.8	54.17
54.10	54.18
54.1	54.19
54.8	54.20
54.12	54.21
54.13	54.22
54.8	54.23
54.2	54.24
54.11	54.25
54.9	54.26
54.8	54.27
54.8	54.28
54.1	54.29
54.1	54.30
54.1	54.31
54.10	54.32
54.8	54.33
54.8	54.34
54.1	54.35
54.5	54.36
54.13	54.37
54.12	54.38
54.1	54.39
54.12	54.40
54.14	54.41
54.12	54.42
54.12	54.43
54.3	54.44
54.1	54.45
54.8	54.46
54.8	54.47
54.4	54.48
54.12	54.49
54.13	54.50
54.8	54.51
54.8	54.52
54.12	54.53
54.5	54.54
54.13	54.55
54.1	54.56
54.8	54.57
54.12	54.58
54.7	54.59
54.6	54.60
54.8	54.61
54.1	54.62
54.12	54.63
54.1	54.64
55.1	55.1
55.11	55.2
55.7	55.3
55.11	55.4
55.1	55.5
55.9	55.6
55.11	55.7
55.10	55.8
55.4	55.9
55.1	55.10
55.11	55.11
55.6	55.12
55.1	55.13
55.1	55.14
55.1	55.15
55.1	55.16
55.11	55.17
55.1	55.18
55.9	55.19
55.3	55.20
55.1	55.21
55.9	55.22
55.2	55.23
55.1	55.24
55.1	55.25
55.10	55.26
55.1	55.27
55.10	55.28
55.1	55.29
55.11	55.30
55.6	55.31
55.11	55.32
55.1	55.33
55.1	55.34
55.1	55.35
55.11	55.36
55.11	55.37
55.8	55.38
55.10	55.39
55.11	55.40
55.5	55.41
55.1	55.42
55.1	55.43
55.1	55.44
55.1	55.45
55.1	55.46
55.10	55.47
55.9	55.48
55.9	55.49
55.1	55.50
55.10	55.51
55.1	55.52
55.11	55.53
55.10	55.54
55.10	55.55
55.1	55.56
55.1	55.57
55.11	55.58
55.1	55.59
55.9	55.60
55.6	55.61
55.10	55.62
55.1	55.63
55.1	55.64
56.9	56.1
56.9	56.2
56.9	56.3
56.7	56.4
56.3	56.5
56.2	56.6
56.7	56.7
56.7	56.8
56.9	56.9
56.9	56.10
56.7	56.11
56.9	56.12
56.7	56.13
56.7	56.14
56.7	56.15
56.9	56.16
56.9	56.17
56.7	56.18
56.10	56.19
56.7	56.20
56.7	56.21
56.3	56.22
56.7	56.23
56.7	56.24
56.9	56.25
56.7	56.26
56.1	56.27
56.7	56.28
56.9	56.29
56.9	56.30
56.3	56.31
56.10	56.32
56.9	56.33
56.9	56.34
56.1	56.35
56.7	56.36
56.1	56.37
56.7	56.38
56.1	56.39
56.7	56.40
56.10	56.41
56.9	56.42
56.1	56.43
56.9	56.44
56.9	56.45
56.9	56.46
56.9	56.47
56.7	56.48
56.10	56.49
56.1	56.50
56.9	56.51
56.7	56.52
56.5	56.53
56.7	56.54
56.4	56.55
56.7	56.56
56.1	56.57
56.6	56.58
56.6	56.59
56.8	56.60
56.7	56.61
56.9	56.62
56.9	56.63
56.9	56.64
57.1	57.1
57.1	57.2
57.1	57.3
57.8	57.4
57.1	57.5
57.1	57.6
57.1	57.7
57.1	57.8
57.1	57.9
57.1	57.10
57.1	57.11
57.1	57.12
57.1	57.13
57.1	57.14
57.11	57.15
57.1	57.16
57.8	57.17
57.1	57.18
57.1	57.19
57.11	57.20
57.1	57.21
57.4	57.22
57.1	57.23
57.1	57.24
57.8	57.25
57.9	57.26
57.1	57.27
57.8	57.28
57.2	57.29
57.8	57.30
57.8	57.31
57.1	57.32
57.8	57.33
57.8	57.34
57.11	57.35
57.8	57.36
57.6	57.37
57.8	57.38
57.1	57.39
57.8	57.40
57.11	57.41
57.9	57.42
57.8	57.43
57.1	57.44
57.1	57.45
57.1	57.46
57.10	57.47
57.1	57.48
57.7	57.49
57.8	57.50
57.1	57.51
57.9	57.52
57.11	57.53
57.11	57.54
57.1	57.55
57.1	57.56
57.5	57.57
57.11	57.58
57.8	57.59
57.9	57.60
57.3	57.61
57.8	57.62
57.8	57.63
57.9	57.64
58.7	58.1
58.1	58.2
58.8	58.3
58.1	58.4
58.1	58.5
58.1	58.6
58.1	58.7
58.1	58.8
58.7	58.9
58.1	58.10
58.1	58.11
58.1	58.12
58.1	58.13
58.6	58.14
58.1	58.15
58.8	58.16
58.1	58.17
58.1	58.18
58.5	58.19
58.8	58.20
58.1	58.21
58.8	58.22
58.1	58.23
58.1	58.24
58.8	58.25
58.7	58.26
58.1	58.27
58.1	58.28
58.1	58.29
58.7	58.30
58.7	58.31
58.1	58.32
58.7	58.33
58.1	58.34
58.7	58.35
58.7	58.36
58.7	58.37
58.7	58.38
58.7	58.39
58.1	58.40
58.7	58.41
58.1	58.42
58.5	58.43
58.8	58.44
58.1	58.45
58.8	58.46
58.1	58.47
58.1	58.48
58.7	58.49
58.1	58.50
58.4	58.51
58.4	58.52
58.1	58.53
58.3	58.54
58.7	58.55
58.7	58.56
58.1	58.57
58.1	58.58
58.7	58.59
58.7	58.60
58.7	58.61
58.1	58.62
58.1	58.63
58.2	58.64
59.12	59.1
59.12	59.2
59.11	59.3
59.12	59.4
59.1	59.5
59.12	59.6
59.1	59.7
59.12	59.8
59.12	59.9
59.13	59.10
59.12	59.11
59.12	59.12
59.13	59.13
59.12	59.14
59.12	59.15
59.1	59.16
59.11	59.17
59.12	59.18
59.12	59.19
59.10	59.20
59.12	59.21
59.12	59.22
59.12	59.23
59.4	59.24
59.12	59.25
59.12	59.26
59.12	59.27
59.9	59.28
59.1	59.29
59.12	59.30
59.12	59.31
59.6	59.32
59.1	59.33
59.8	59.34
59.13	59.35
59.1	59.36
59.3	59.37
59.5	59.38
59.12	59.39
59.12	59.40
59.7	59.41
59.13	59.42
59.12	59.43
59.1	59.44
59.12	59.45
59.12	59.46
59.1	59.47
59.12	59.48
59.1	59.49
59.12	59.50
59.12	59.51
59.12	59.52
59.10	59.53
59.12	59.54
59.12	59.55
59.12	59.56
59.13	59.57
59.6	59.58
59.12	59.59
59.14	59.60
59.7	59.61
59.12	59.62
59.2	59.63
59.12	59.64
60.4	60.1
60.4	60.2
60.4	60.3
60.4	60.4
60.4	60.5
60.4	60.6
60.14	60.7
60.4	60.8
60.16	60.9
60.14	60.10
60.4	60.11
60.14	60.12
60.4	60.13
60.16	60.14
60.4	60.15
60.4	60.16
60.3	60.17
60.4	60.18
60.15	60.19
60.14	60.20
60.4	60.21
60.4	60.22
60.4	60.23
60.12	60.24
60.12	60.25
60.16	60.26
60.4	60.27
60.4	60.28
60.4	60.29
60.11	60.30
60.14	60.31
60.4	60.32
60.4	60.33
60.4	60.34
60.4	60.35
60.2	60.36
60.10	60.37
60.4	60.38
60.5	60.39
60.4	60.40
60.4	60.41
60.16	60.42
60.14	60.43
60.16	60.44
60.8	60.45
60.4	60.46
60.4	60.47
60.4	60.48
60.4	60.49
60.16	60.50
60.4	60.51
60.4	60.52
60.6	60.53
60.16	60.54
60.4	60.55
60.14	60.56
60.4	60.57
60.1	60.58
60.13	60.59
60.14	60.60
60.7	60.61
60.9	60.62
60.10	60.63
60.13	60.64
61.1	61.1
61.7	61.2
61.9	61.3
61.1	61.4
61.8	61.5
61.10	61.6
61.11	61.7
61.11	61.8
61.7	61.9
61.9	61.10
61.11	61.11
61.8	61.12
61.1	61.13
61.7	61.14
61.1	61.15
61.11	61.16
61.9	61.17
61.11	61.18
61.8	61.19
61.8	61.20
61.10	61.21
61.7	61.22
61.11	61.23
61.4	61.24
61.8	61.25
61.7	61.26
61.1	61.27
61.7	61.28
61.3	61.29
61.3	61.30
61.11	61.31
61.8	61.32
61.11	61.33
61.1	61.34
61.3	61.35
61.11	61.36
61.1	61.37
61.7	61.38
61.11	61.39
61.11	61.40
61.11	61.41
61.11	61.42
61.2	61.43
61.5	61.44
61.11	61.45
61.7	61.46
61.1	61.47
61.5	61.48
61.1	61.49
61.7	61.50
61.8	61.51
61.8	61.52
61.7	61.53
61.11	61.54
61.11	61.55
61.1	61.56
61.1	61.57
61.1	61.58
61.1	61.59
61.1	61.60
61.8	61.61
61.11	61.62
61.1	61.63
61.6	61.64
62.1	62.1
62.10	62.2
62.10	62.3
62.10	62.4
62.10	62.5
62.10	62.6
62.7	62.7
62.9	62.8
62.10	62.9
62.10	62.10
62.10	62.11
62.10	62.12
62.7	62.13
62.9	62.14
62.10	62.15
62.4	62.16
62.1	62.17
62.10	62.18
62.9	62.19
62.10	62.20
62.4	62.21
62.10	62.22
62.2	62.23
62.4	62.24
62.4	62.25
62.9	62.26
62.1	62.27
62.9	62.28
62.10	62.29
62.10	62.30
62.5	62.31
62.4	62.32
62.4	62.33
62.9	62.34
62.4	62.35
62.6	62.36
62.10	62.37
62.4	62.38
62.10	62.39
62.9	62.40
62.10	62.41
62.9	62.42
62.8	62.43
62.1	62.44
62.10	62.45
62.10	62.46
62.10	62.47
62.8	62.48
62.4	62.49
62.10	62.50
62.10	62.51
62.9	62.52
62.3	62.53
62.9	62.54
62.10	62.55
62.4	62.56
62.10	62.57
62.4	62.58
62.4	62.59
62.10	62.60
62.10	62.61
62.9	62.62
62.10	62.63
62.9	62.64
63.1	63.1
63.8	63.2
63.8	63.3
63.8	63.4
63.8	63.5
63.8	63.6
63.9	63.7
63.8	63.8
63.9	63.9
63.8	63.10
63.8	63.11
63.1	63.12
63.8	63.13
63.1	63.14
63.8	63.15
63.8	63.16
63.8	63.17
63.1	63.18
63.9	63.19
63.1	63.20
63.1	63.21
63.8	63.22
63.1	63.23
63.8	63.24
63.8	63.25
63.7	63.26
63.8	63.27
63.8	63.28
63.8	63.29
63.8	63.30
63.8	63.31
63.8	63.32
63.8	63.33
63.1	63.34
63.1	63.35
63.8	63.36
63.9	63.37
63.8	63.38
63.8	63.39
63.8	63.40
63.8	63.41
63.8	63.42
63.3	63.43
63.4	63.44
63.6	63.45
63.1	63.46
63.8	63.47
63.8	63.48
63.7	63.49
63.8	63.50
63.2	63.51
63.5	63.52
63.1	63.53
63.8	63.54
63.8	63.55
63.9	63.56
63.1	63.57
63.9	63.58
63.8	63.59
63.8	63.60
63.8	63.61
63.8	63.62
63.8	63.63
63.9	63.64
64.6	64.1
64.5	64.2
64.1	64.3
64.6	64.4
64.1	64.5
64.2	64.6
64.1	64.7
64.1	64.8
64.1	64.9
64.6	64.10
64.4	64.11
64.1	64.12
64.6	64.13
64.1	64.14
64.1	64.15
64.1	64.16
64.1	64.17
64.1	64.18
64.1	64.19
64.1	64.20
64.1	64.21
64.1	64.22
64.1	64.23
64.1	64.24
64.5	64.25
64.6	64.26
64.1	64.27
64.5	64.28
64.3	64.29
64.1	64.30
64.1	64.31
64.1	64.32
64.1	64.33
64.1	64.34
64.6	64.35
64.6	64.36
64.1	64.37
64.1	64.38
64.5	64.39
64.1	64.40
64.1	64.41
64.1	64.42
64.1	64.43
64.1	64.44
64.1	64.45
64.1	64.46
64.5	64.47
64.1	64.48
64.1	64.49
64.6	64.50
64.5	64.51
64.1	64.52
64.6	64.53
64.1	64.54
64.6	64.55
64.1	64.56
64.1	64.57
64.1	64.58
64.1	64.59
64.1	64.60
64.6	64.61
64.1	64.62
64.1	64.63
64.5	64.64
65.6	65.1
65.1	65.2
65.4	65.3
65.1	65.4
65.1	65.5
65.6	65.6
65.7	65.7
65.1	65.8
65.1	65.9
65.1	65.10
65.1	65.11
65.6	65.12
65.1	65.13
65.1	65.14
65.4	65.15
65.1	65.16
65.1	65.17
65.1	65.18
65.7	65.19
65.7	65.20
65.1	65.21
65.7	65.22
65.7	65.23
65.7	65.24
65.1	65.25
65.7	65.26
65.1	65.27
65.6	65.28
65.2	65.29
65.6	65.30
65.1	65.31
65.7	65.32
65.5	65.33
65.1	65.34
65.1	65.35
65.1	65.36
65.8	65.37
65.1	65.38
65.1	65.39
65.1	65.40
65.1	65.41
65.1	65.42
65.6	65.43
65.1	65.44
65.7	65.45
65.6	65.46
65.7	65.47
65.1	65.48
65.1	65.49
65.7	65.50
65.8	65.51
65.1	65.52
65.6	65.53
65.1	65.54
65.1	65.55
65.3	65.56
65.7	65.57
65.1	65.58
65.1	65.59
65.1	65.60
65.1	65.61
65.1	65.62
65.8	65.63
65.7	65.64
66.1	66.1
66.1	66.2
66.1	66.3
66.1	66.4
66.1	66.5
66.1	66.6
66.1	66.7
66.1	66.8
66.1	66.9
66.1	66.10
66.1	66.11
66.1	66.12
66.3	66.13
66.1	66.14
66.1	66.15
66.1	66.16
66.1	66.17
66.1	66.18
66.5	66.19
66.1	66.20
66.1	66.21
66.5	66.22
66.1	66.23
66.1	66.24
66.1	66.25
66.1	66.26
66.1	66.27
66.1	66.28
66.5	66.29
66.1	66.30
66.1	66.31
66.1	66.32
66.1	66.33
66.1	66.34
66.1	66.35
66.4	66.36
66.1	66.37
66.1	66.38
66.1	66.39
66.1	66.40
66.1	66.41
66.1	66.42
66.1	66.43
66.1	66.44
66.5	66.45
66.1	66.46
66.1	66.47
66.1	66.48
66.5	66.49
66.1	66.50
66.1	66.51
66.1	66.52
66.5	66.53
66.5	66.54
66.1	66.55
66.1	66.56
66.1	66.57
66.5	66.58
66.1	66.59
66.4	66.60
66.1	66.61
66.1	66.62
66.2	66.63
66.1	66.64
67.1	67.1
67.1	67.2
67.1	67.3
67.1	67.4
67.1	67.5
67.1	67.6
67.1	67.7
67.1	67.8
67.1	67.9
67.1	67.10
67.4	67.11
67.1	67.12
67.1	67.13
67.4	67.14
67.1	67.15
67.4	67.16
67.1	67.17
67.1	67.18
67.1	67.19
67.1	67.20
67.1	67.21
67.1	67.22
67.5	67.23
67.4	67.24
67.1	67.25
67.1	67.26
67.1	67.27
67.1	67.28
67.1	67.29
67.1	67.30
67.2	67.31
67.1	67.32
67.4	67.33
67.1	67.34
67.1	67.35
67.1	67.36
67.1	67.37
67.1	67.38
67.1	67.39
67.4	67.40
67.1	67.41
67.1	67.42
67.1	67.43
67.1	67.44
67.3	67.45
67.1	67.46
67.1	67.47
67.1	67.48
67.1	67.49
67.4	67.50
67.1	67.51
67.4	67.52
67.4	67.53
67.1	67.54
67.1	67.55
67.1	67.56
67.1	67.57
67.1	67.58
67.1	67.59
67.4	67.60
67.4	67.61
67.4	67.62
67.4	67.63
67.1	67.64
68.8	68.1
68.8	68.2
68.10	68.3
68.8	68.4
68.8	68.5
68.9	68.6
68.8	68.7
68.7	68.8
68.1	68.9
68.8	68.10
68.8	68.11
68.5	68.12
68.7	68.13
68.8	68.14
68.8	68.15
68.7	68.16
68.1	68.17
68.1	68.18
68.1	68.19
68.1	68.20
68.8	68.21
68.6	68.22
68.8	68.23
68.1	68.24
68.8	68.25
68.8	68.26
68.1	68.27
68.5	68.28
68.4	68.29
68.11	68.30
68.8	68.31
68.8	68.32
68.7	68.33
68.8	68.34
68.8	68.35
68.5	68.36
68.3	68.37
68.8	68.38
68.8	68.39
68.8	68.40
68.8	68.41
68.1	68.42
68.11	68.43
68.1	68.44
68.10	68.45
68.7	68.46
68.6	68.47
68.8	68.48
68.8	68.49
68.8	68.50
68.2	68.51
68.8	68.52
68.8	68.53
68.1	68.54
68.8	68.55
68.1	68.56
68.6	68.57
68.11	68.58
68.8	68.59
68.8	68.60
68.8	68.61
68.7	68.62
68.8	68.63
68.1	68.64
69.1	69.1
69.13	69.2
69.19	69.3
69.1	69.4
69.17	69.5
69.9	69.6
69.19	69.7
69.6	69.8
69.1	69.9
69.1	69.10
69.17	69.11
69.10	69.12
69.10	69.13
69.19	69.14
69.2	69.15
69.1	69.16
69.19	69.17
69.1	69.18
69.10	69.19
69.19	69.20
69.4	69.21
69.1	69.22
69.19	69.23
69.11	69.24
69.8	69.25
69.19	69.26
69.10	69.27
69.1	69.28
69.1	69.29
69.14	69.30
69.1	69.31
69.1	69.32
69.1	69.33
69.16	69.34
69.1	69.35
69.18	69.36
69.15	69.37
69.1	69.38
69.1	69.39
69.17	69.40
69.1	69.41
69.17	69.42
69.7	69.43
69.17	69.44
69.5	69.45
69.17	69.46
69.1	69.47
69.1	69.48
69.1	69.49
69.12	69.50
69.1	69.51
69.13	69.52
69.1	69.53
69.13	69.54
69.1	69.55
69.19	69.56
69.10	69.57
69.1	69.58
69.1	69.59
69.3	69.60
69.19	69.61
69.1	69.62
69.1	69.63
69.1	69.64
70.1	70.1
70.10	70.2
70.1	70.3
70.10	70.4
70.10	70.5
70.9	70.6
70.9	70.7
70.1	70.8
70.10	70.9
70.10	70.10
70.10	70.11
70.10	70.12
70.9	70.13
70.9	70.14
70.1	70.15
70.12	70.16
70.10	70.17
70.1	70.18
70.1	70.19
70.10	70.20
70.9	70.21
70.10	70.22
70.9	70.23
70.1	70.24
70.11	70.25
70.5	70.26
70.1	70.27
70.10	70.28
70.1	70.29
70.10	70.30
70.1	70.31
70.6	70.32
70.3	70.33
70.2	70.34
70.9	70.35
70.10	70.36
70.10	70.37
70.10	70.38
70.9	70.39
70.1	70.40
70.9	70.41
70.10	70.42
70.8	70.43
70.12	70.44
70.13	70.45
70.10	70.46
70.1	70.47
70.1	70.48
70.1	70.49
70.1	70.50
70.1	70.51
70.10	70.52
70.13	70.53
70.10	70.54
70.1	70.55
70.4	70.56
70.7	70.57
70.1	70.58
70.10	70.59
70.1	70.60
70.10	70.61
70.10	70.62
70.9	70.63
70.1	70.64
71.10	71.1
71.8	71.2
71.4	71.3
71.4	71.4
71.8	71.5
71.8	71.6
71.4	71.7
71.8	71.8
71.4	71.9
71.4	71.10
71.8	71.11
71.8	71.12
71.8	71.13
71.9	71.14
71.8	71.15
71.8	71.16
71.4	71.17
71.4	71.18
71.8	71.19
71.8	71.20
71.8	71.21
71.6	71.22
71.4	71.23
71.8	71.24
71.14	71.25
71.10	71.26
71.1	71.27
71.8	71.28
71.8	71.29
71.8	71.30
71.4	71.31
71.8	71.32
71.7	71.33
71.14	71.34
71.8	71.35
71.2	71.36
71.9	71.37
71.8	71.38
71.4	71.39
71.11	71.40
71.13	71.41
71.1	71.42
71.4	71.43
71.3	71.44
71.9	71.45
71.8	71.46
71.8	71.47
71.4	71.48
71.1	71.49
71.12	71.50
71.4	71.51
71.1	71.52
71.13	71.53
71.4	71.54
71.4	71.55
71.8	71.56
71.11	71.57
71.7	71.58
71.1	71.59
71.5	71.60
71.4	71.61
71.4	71.62
71.8	71.63
71.4	71.64
72.1	72.1
72.7	72.2
72.1	72.3
72.1	72.4
72.1	72.5
72.1	72.6
72.1	72.7
72.1	72.8
72.1	72.9
72.1	72.10
72.1	72.11
72.2	72.12
72.1	72.13
72.1	72.14
72.1	72.15
72.1	72.16
72.1	72.17
72.6	72.18
72.1	72.19
72.1	72.20
72.1	72.21
72.1	72.22
72.1	72.23
72.1	72.24
72.1	72.25
72.1	72.26
72.1	72.27
72.1	72.28
72.4	72.29
72.1	72.30
72.1	72.31
72.1	72.32
72.4	72.33
72.1	72.34
72.1	72.35
72.1	72.36
72.1	72.37
72.4	72.38
72.1	72.39
72.1	72.40
72.1	72.41
72.1	72.42
72.1	72.43
72.4	72.44
72.4	72.45
72.1	72.46
72.1	72.47
72.1	72.48
72.1	72.49
72.3	72.50
72.1	72.51
72.1	72.52
72.4	72.53
72.1	72.54
72.1	72.55
72.7	72.56
72.1	72.57
72.1	72.58
72.1	72.59
72.5	72.60
72.1	72.61
72.1	72.62
72.8	72.63
72.4	72.64
73.1	73.1
73.1	73.2
73.6	73.3
73.1	73.4
73.2	73.5
73.1	73.6
73.1	73.7
73.1	73.8
73.1	73.9
73.1	73.10
73.1	73.11
73.1	73.12
73.1	73.13
73.1	73.14
73.1	73.15
73.1	73.16
73.1	73.17
73.1	73.18
73.1	73.19
73.6	73.20
73.6	73.21
73.1	73.22
73.1	73.23
73.6	73.24
73.6	73.25
73.1	73.26
73.1	73.27
73.3	73.28
73.7	73.29
73.1	73.30
73.6	73.31
73.1	73.32
73.1	73.33
73.1	73.34
73.5	73.35
73.6	73.36
73.1	73.37
73.1	73.38
73.5	73.39
73.1	73.40
73.1	73.41
73.1	73.42
73.1	73.43
73.6	73.44
73.1	73.45
73.1	73.46
73.1	73.47
73.6	73.48
73.1	73.49
73.1	73.50
73.1	73.51
73.1	73.52
73.1	73.53
73.7	73.54
73.6	73.55
73.7	73.56
73.1	73.57
73.1	73.58
73.1	73.59
73.1	73.60
73.5	73.61
73.1	73.62
73.4	73.63
73.1	73.64
74.4	74.1
74.4	74.2
74.14	74.3
74.9	74.4
74.14	74.5
74.9	74.6
74.4	74.7
74.12	74.8
74.14	74.9
74.4	74.10
74.14	74.11
74.14	74.12
74.14	74.13
74.14	74.14
74.4	74.15
74.9	74.16
74.14	74.17
74.14	74.18
74.4	74.19
74.14	74.20
74.9	74.21
74.9	74.22
74.4	74.23
74.14	74.24
74.9	74.25
74.9	74.26
74.12	74.27
74.4	74.28
74.14	74.29
74.14	74.30
74.14	74.31
74.9	74.32
74.14	74.33
74.4	74.34
74.9	74.35
74.4	74.36
74.10	74.37
74.9	74.38
74.4	74.39
74.4	74.40
74.8	74.41
74.4	74.42
74.14	74.43
74.14	74.44
74.14	74.45
74.11	74.46
74.9	74.47
74.4	74.48
74.5	74.49
74.3	74.50
74.7	74.51
74.13	74.52
74.14	74.53
74.4	74.54
74.11	74.55
74.10	74.56
74.4	74.57
74.14	74.58
74.9	74.59
74.2	74.60
74.14	74.61
74.6	74.62
74.9	74.63
74.1	74.64
75.1	75.1
75.19	75.2
75.19	75.3
75.1	75.4
75.19	75.5
75.14	75.6
75.13	75.7
75.19	75.8
75.19	75.9
75.19	75.10
75.1	75.11
75.1	75.12
75.14	75.13
75.19	75.14
75.1	75.15
75.17	75.16
75.7	75.17
75.1	75.18
75.19	75.19
75.2	75.20
75.18	75.21
75.1	75.22
75.1	75.23
75.4	75.24
75.12	75.25
75.14	75.26
75.18	75.27
75.1	75.28
75.8	75.29
75.16	75.30
75.19	75.31
75.1	75.32
75.14	75.33
75.19	75.34
75.1	75.35
75.1	75.36
75.1	75.37
75.19	75.38
75.6	75.39
75.1	75.40
75.19	75.41
75.19	75.42
75.19	75.43
75.15	75.44
75.3	75.45
75.10	75.46
75.11	75.47
75.19	75.48
75.19	75.49
75.18	75.50
75.16	75.51
75.7	75.52
75.19	75.53
75.19	75.54
75.19	75.55
75.15	75.56
75.5	75.57
75.1	75.58
75.14	75.59
75.14	75.60
75.9	75.61
75.17	75.62
75.11	75.63
75.19	75.64
76.10	76.1
76.3	76.2
76.7	76.3
76.3	76.4
76.3	76.5
76.3	76.6
76.3	76.7
76.3	76.8
76.3	76.9
76.1	76.10
76.3	76.11
76.3	76.12
76.10	76.13
76.10	76.14
76.10	76.15
76.7	76.16
76.1	76.17
76.3	76.18
76.3	76.19
76.3	76.20
76.6	76.21
76.7	76.22
76.10	76.23
76.10	76.24
76.3	76.25
76.3	76.26
76.3	76.27
76.3	76.28
76.3	76.29
76.7	76.30
76.10	76.31
76.7	76.32
76.3	76.33
76.3	76.34
76.3	76.35
76.11	76.36
76.3	76.37
76.3	76.38
76.8	76.39
76.10	76.40
76.5	76.41
76.8	76.42
76.10	76.43
76.12	76.44
76.8	76.45
76.10	76.46
76.3	76.47
76.10	76.48
76.7	76.49
76.1	76.50
76.3	76.51
76.9	76.52
76.10	76.53
76.5	76.54
76.2	76.55
76.3	76.56
76.3	76.57
76.3	76.58
76.3	76.59
76.3	76.60
76.10	76.61
76.4	76.62
76.5	76.63
76.3	76.64
77.16	77.1
77.9	77.2
77.1	77.3
77.16	77.4
77.1	77.5
77.1	77.6
77.1	77.7
77.16	77.8
77.1	77.9
77.9	77.10
77.16	77.11
77.11	77.12
77.1	77.13
77.1	77.14
77.1	77.15
77.16	77.16
77.4	77.17
77.16	77.18
77.1	77.19
77.12	77.20
77.15	77.21
77.1	77.22
77.15	77.23
77.1	77.24
77.1	77.25
77.15	77.26
77.9	77.27
77.16	77.28
77.3	77.29
77.11	77.30
77.16	77.31
77.1	77.32
77.11	77.33
77.5	77.34
77.7	77.35
77.16	77.36
77.1	77.37
77.15	77.38
77.6	77.39
77.6	77.40
77.9	77.41
77.1	77.42
77.1	77.43
77.13	77.44
77.10	77.45
77.7	77.46
77.9	77.47
77.8	77.48
77.1	77.49
77.1	77.50
77.15	77.51
77.9	77.52
77.14	77.53
77.2	77.54
77.16	77.55
77.1	77.56
77.9	77.57
77.1	77.58
77.16	77.59
77.16	77.60
77.16	77.61
77.1	77.62
77.1	77.63
77.15	77.64
78.1	78.1
78.1	78.2
78.8	78.3
78.10	78.4
78.8	78.5
78.9	78.6
78.8	78.7
78.2	78.8
78.10	78.9
78.8	78.10
78.8	78.11
78.1	78.12
78.5	78.13
78.10	78.14
78.10	78.15
78.8	78.16
78.8	78.17
78.6	78.18
78.8	78.19
78.9	78.20
78.6	78.21
78.10	78.22
78.1	78.23
78.8	78.24
78.1	78.25
78.6	78.26
78.8	78.27
78.8	78.28
78.10	78.29
78.10	78.30
78.8	78.31
78.8	78.32
78.10	78.33
78.8	78.34
78.8	78.35
78.8	78.36
78.4	78.37
78.10	78.38
78.8	78.39
78.6	78.40
78.1	78.41
78.8	78.42
78.5	78.43
78.8	78.44
78.8	78.45
78.8	78.46
78.3	78.47
78.8	78.48
78.8	78.49
78.6	78.50
78.5	78.51
78.8	78.52
78.9	78.53
78.1	78.54
78.10	78.55
78.7	78.56
78.8	78.57
78.8	78.58
78.10	78.59
78.8	78.60
78.8	78.61
78.1	78.62
78.10	78.63
78.8	78.64
79.7	79.1
79.1	79.2
79.1	79.3
79.7	79.4
79.7	79.5
79.7	79.6
79.7	79.7
79.7	79.8
79.7	79.9
79.7	79.10
79.7	79.11
79.1	79.12
79.7	79.13
79.3	79.14
79.7	79.15
79.7	79.16
79.7	79.17
79.7	79.18
79.7	79.19
79.7	79.20
79.1	79.21
79.7	79.22
79.7	79.23
79.7	79.24
79.7	79.25
79.1	79.26
79.7	79.27
79.1	79.28
79.7	79.29
79.7	79.30
79.7	79.31
79.7	79.32
79.7	79.33
79.7	79.34
79.1	79.35
79.4	79.36
79.1	79.37
79.2	79.38
79.1	79.39
79.7	79.40
79.7	79.41
79.7	79.42
79.1	79.43
79.5	79.44
79.5	79.45
79.7	79.46
79.7	79.47
79.7	79.48
79.5	79.49
79.6	79.50
79.7	79.51
79.7	79.52
79.7	79.53
79.7	79.54
79.7	79.55
79.7	79.56
79.7	79.57
79.5	79.58
79.7	79.59
79.7	79.60
79.7	79.61
79.7	79.62
79.7	79.63
79.1	79.64
80.1	80.1
80.1	80.2
80.1	80.3
80.1	80.4
80.1	80.5
80.8	80.6
80.1	80.7
80.2	80.8
80.8	80.9
80.8	80.10
80.1	80.11
80.1	80.12
80.1	80.13
80.8	80.14
80.7	80.15
80.1	80.16
80.1	80.17
80.1	80.18
80.1	80.19
80.1	80.20
80.1	80.21
80.8	80.22
80.1	80.23
80.1	80.24
80.1	80.25
80.8	80.26
80.1	80.27
80.8	80.28
80.8	80.29
80.1	80.30
80.1	80.31
80.1	80.32
80.1	80.33
80.8	80.34
80.1	80.35
80.1	80.36
80.1	80.37
80.8	80.38
80.1	80.39
80.1	80.40
80.8	80.41
80.1	80.42
80.1	80.43
80.4	80.44
80.8	80.45
80.1	80.46
80.1	80.47
80.1	80.48
80.8	80.49
80.6	80.50
80.1	80.51
80.8	80.52
80.8	80.53
80.5	80.54
80.1	80.55
80.1	80.56
80.1	80.57
80.1	80.58
80.7	80.59
80.1	80.60
80.1	80.61
80.3	80.62
80.1	80.63
80.1	80.64
81.1	81.1
81.1	81.2
81.1	81.3
81.1	81.4
81.1	81.5
81.5	81.6
81.1	81.7
81.1	81.8
81.1	81.9
81.1	81.10
81.1	81.11
81.1	81.12
81.1	81.13
81.1	81.14
81.1	81.15
81.1	81.16
81.1	81.17
81.1	81.18
81.4	81.19
81.1	81.20
81.1	81.21
81.1	81.22
81.1	81.23
81.1	81.24
81.1	81.25
81.1	81.26
81.5	81.27
81.5	81.28
81.1	81.29
81.5	81.30
81.1	81.31
81.1	81.32
81.1	81.33
81.5	81.34
81.1	81.35
81.1	81.36
81.1	81.37
81.1	81.38
81.5	81.39
81.3	81.40
81.4	81.41
81.1	81.42
81.1	81.43
81.1	81.44
81.1	81.45
81.1	81.46
81.5	81.47
81.1	81.48
81.1	81.49
81.1	81.50
81.5	81.51
81.1	81.52
81.4	81.53
81.1	81.54
81.1	81.55
81.1	81.56
81.1	81.57
81.1	81.58
81.5	81.59
81.1	81.60
81.5	81.61
81.2	81.62
81.1	81.63
81.4	81.64
82.12	82.1
82.12	82.2
82.11	82.3
82.12	82.4
82.1	82.5
82.6	82.6
82.7	82.7
82.11	82.8
82.7	82.9
82.9	82.10
82.12	82.11
82.7	82.12
82.7	82.13
82.12	82.14
82.12	82.15
82.7	82.16
82.10	82.17
82.1	82.18
82.10	82.19
82.12	82.20
82.8	82.21
82.7	82.22
82.2	82.23
82.4	82.24
82.7	82.25
82.1	82.26
82.12	82.27
82.7	82.28
82.1	82.29
82.7	82.30
82.12	82.31
82.12	82.32
82.12	82.33
82.1	82.34
82.12	82.35
82.7	82.36
82.11	82.37
82.12	82.38
82.7	82.39
82.7	82.40
82.11	82.41
82.12	82.42
82.12	82.43
82.7	82.44
82.7	82.45
82.11	82.46
82.11	82.47
82.7	82.48
82.7	82.49
82.9	82.50
82.7	82.51
82.11	82.52
82.12	82.53
82.7	82.54
82.11	82.55
82.9	82.56
82.3	82.57
82.10	82.58
82.10	82.59
82.7	82.60
82.11	82.61
82.5	82.62
82.12	82.63
82.12	82.64
83.19	83.1
83.19	83.2
83.1	83.3
83.1	83.4
83.4	83.5
83.16	83.6
83.8	83.7
83.14	83.8
83.1	83.9
83.12	83.10
83.6	83.11
83.19	83.12
83.1	83.13
83.13	83.14
83.9	83.15
83.1	83.16
83.9	83.17
83.1	83.18
83.19	83.19
83.1	83.20
83.18	83.21
83.11	83.22
83.1	83.23
83.9	83.24
83.11	83.25
83.1	83.26
83.19	83.27
83.9	83.28
83.3	83.29
83.19	83.30
83.19	83.31
83.2	83.32
83.9	83.33
83.7	83.34
83.19	83.35
83.9	83.36
83.19	83.37
83.19	83.38
83.5	83.39
83.17	83.40
83.9	83.41
83.19	83.42
83.15	83.43
83.1	83.44
83.1	83.45
83.18	83.46
83.19	83.47
83.1	83.48
83.1	83.49
83.19	83.50
83.19	83.51
83.19	83.52
83.18	83.53
83.18	83.54
83.1	83.55
83.19	83.56
83.8	83.57
83.19	83.58
83.19	83.59
83.1	83.60
83.19	83.61
83.19	83.62
83.19	83.63
83.10	83.64
84.7	84.1
84.9	84.2
84.7	84.3
84.9	84.4
84.9	84.5
84.1	84.6
84.12	84.7
84.12	84.8
84.13	84.9
84.11	84.10
84.9	84.11
84.6	84.12
84.9	84.13
84.6	84.14
84.9	84.15
84.7	84.16
84.9	84.17
84.3	84.18
84.1	84.19
84.7	84.20
84.1	84.21
84.6	84.22
84.7	84.23
84.7	84.24
84.1	84.25
84.9	84.26
84.9	84.27
84.9	84.28
84.1	84.29
84.9	84.30
84.9	84.31
84.12	84.32
84.12	84.33
84.1	84.34
84.1	84.35
84.6	84.36
84.1	84.37
84.7	84.38
84.7	84.39
84.1	84.40
84.12	84.41
84.12	84.42
84.4	84.43
84.6	84.44
84.8	84.45
84.1	84.46
84.9	84.47
84.1	84.48
84.1	84.49
84.12	84.50
84.5	84.51
84.1	84.52
84.1	84.53
84.2	84.54
84.1	84.55
84.9	84.56
84.9	84.57
84.9	84.58
84.1	84.59
84.12	84.60
84.1	84.61
84.9	84.62
84.10	84.63
84.1	84.64
85.1	85.1
85.1	85.2
85.1	85.3
85.7	85.4
85.9	85.5
85.1	85.6
85.1	85.7
85.7	85.8
85.1	85.9
85.9	85.10
85.1	85.11
85.2	85.12
85.3	85.13
85.6	85.14
85.7	85.15
85.1	85.16
85.1	85.17
85.1	85.18
85.6	85.19
85.1	85.20
85.1	85.21
85.7	85.22
85.9	85.23
85.7	85.24
85.6	85.25
85.1	85.26
85.1	85.27
85.1	85.28
85.4	85.29
85.1	85.30
85.7	85.31
85.1	85.32
85.9	85.33
85.1	85.34
85.9	85.35
85.9	85.36
85.1	85.37
85.7	85.38
85.9	85.39
85.6	85.40
85.1	85.41
85.8	85.42
85.9	85.43
85.1	85.44
85.7	85.45
85.1	85.46
85.9	85.47
85.1	85.48
85.9	85.49
85.9	85.50
85.1	85.51
85.9	85.52
85.1	85.53
85.1	85.54
85.1	85.55
85.1	85.56
85.1	85.57
85.5	85.58
85.7	85.59
85.1	85.60
85.1	85.61
85.9	85.62
85.5	85.63
85.9	85.64
86.5	86.1
86.1	86.2
86.1	86.3
86.1	86.4
86.1	86.5
86.1	86.6
86.1	86.7
86.1	86.8
86.4	86.9
86.6	86.10
86.7	86.11
86.4	86.12
86.1	86.13
86.1	86.14
86.3	86.15
86.1	86.16
86.1	86.17
86.1	86.18
86.1	86.19
86.1	86.20
86.1	86.21
86.1	86.22
86.4	86.23
86.1	86.24
86.1	86.25
86.1	86.26
86.6	86.27
86.4	86.28
86.1	86.29
86.6	86.30
86.4	86.31
86.1	86.32
86.1	86.33
86.1	86.34
86.2	86.35
86.4	86.36
86.1	86.37
86.1	86.38
86.1	86.39
86.4	86.40
86.1	86.41
86.4	86.42
86.6	86.43
86.4	86.44
86.1	86.45
86.1	86.46
86.4	86.47
86.7	86.48
86.4	86.49
86.3	86.50
86.1	86.51
86.1	86.52
86.4	86.53
86.4	86.54
86.4	86.55
86.1	86.56
86.4	86.57
86.4	86.58
86.4	86.59
86.4	86.60
86.4	86.61
86.1	86.62
86.1	86.63
86.1	86.64
87.1	87.1
87.1	87.2
87.1	87.3
87.1	87.4
87.4	87.5
87.1	87.6
87.1	87.7
87.1	87.8
87.1	87.9
87.1	87.10
87.1	87.11
87.1	87.12
87.1	87.13
87.4	87.14
87.1	87.15
87.1	87.16
87.1	87.17
87.1	87.18
87.1	87.19
87.1	87.20
87.1	87.21
87.1	87.22
87.1	87.23
87.1	87.24
87.4	87.25
87.5	87.26
87.1	87.27
87.1	87.28
87.3	87.29
87.1	87.30
87.1	87.31
87.1	87.32
87.1	87.33
87.1	87.34
87.2	87.35
87.1	87.36
87.1	87.37
87.1	87.38
87.1	87.39
87.1	87.40
87.1	87.41
87.1	87.42
87.4	87.43
87.4	87.44
87.1	87.45
87.4	87.46
87.4	87.47
87.1	87.48
87.4	87.49
87.6	87.50
87.4	87.51
87.1	87.52
87.1	87.53
87.1	87.54
87.1	87.55
87.1	87.56
87.1	87.57
87.4	87.58
87.1	87.59
87.1	87.60
87.4	87.61
87.6	87.62
87.1	87.63
87.1	87.64
88.10	88.1
88.10	88.2
88.1	88.3
88.1	88.4
88.10	88.5
88.10	88.6
88.10	88.7
88.1	88.8
88.10	88.9
88.8	88.10
88.1	88.11
88.7	88.12
88.12	88.13
88.8	88.14
88.1	88.15
88.1	88.16
88.1	88.17
88.10	88.18
88.8	88.19
88.11	88.20
88.1	88.21
88.9	88.22
88.1	88.23
88.1	88.24
88.1	88.25
88.1	88.26
88.10	88.27
88.12	88.28
88.5	88.29
88.10	88.30
88.6	88.31
88.4	88.32
88.1	88.33
88.1	88.34
88.11	88.35
88.10	88.36
88.10	88.37
88.1	88.38
88.12	88.39
88.10	88.40
88.1	88.41
88.10	88.42
88.11	88.43
88.3	88.44
88.1	88.45
88.10	88.46
88.10	88.47
88.2	88.48
88.1	88.49
88.1	88.50
88.12	88.51
88.1	88.52
88.1	88.53
88.1	88.54
88.12	88.55
88.10	88.56
88.10	88.57
88.1	88.58
88.10	88.59
88.8	88.60
88.10	88.61
88.1	88.62
88.10	88.63
88.10	88.64
89.1	89.1
89.1	89.2
89.1	89.3
89.1	89.4
89.1	89.5
89.1	89.6
89.1	89.7
89.1	89.8
89.4	89.9
89.4	89.10
89.1	89.11
89.1	89.12
89.1	89.13
89.1	89.14
89.1	89.15
89.1	89.16
89.1	89.17
89.1	89.18
89.1	89.19
89.1	89.20
89.3	89.21
89.1	89.22
89.2	89.23
89.1	89.24
89.1	89.25
89.1	89.26
89.4	89.27
89.1	89.28
89.1	89.29
89.1	89.30
89.4	89.31
89.1	89.32
89.1	89.33
89.1	89.34
89.1	89.35
89.1	89.36
89.4	89.37
89.1	89.38
89.1	89.39
89.1	89.40
89.1	89.41
89.1	89.42
89.1	89.43
89.1	89.44
89.4	89.45
89.1	89.46
89.1	89.47
89.1	89.48
89.1	89.49
89.1	89.50
89.4	89.51
89.1	89.52
89.1	89.53
89.1	89.54
89.1	89.55
89.1	89.56
89.1	89.57
89.1	89.58
89.4	89.59
89.1	89.60
89.1	89.61
89.4	89.62
89.1	89.63
89.1	89.64
90.12	90.1
90.12	90.2
90.12	90.3
90.12	90.4
90.12	90.5
90.1	90.6
90.12	90.7
90.1	90.8
90.1	90.9
90.12	90.10
90.1	90.11
90.12	90.12
90.12	90.13
90.11	90.14
90.12	90.15
90.12	90.16
90.12	90.17
90.1	90.18
90.12	90.19
90.12	90.20
90.12	90.21
90.12	90.22
90.1	90.23
90.12	90.24
90.3	90.25
90.8	90.26
90.12	90.27
90.9	90.28
90.1	90.29
90.12	90.30
90.1	90.31
90.12	90.32
90.11	90.33
90.4	90.34
90.12	90.35
90.12	90.36
90.1	90.37
90.10	90.38
90.12	90.39
90.12	90.40
90.1	90.41
90.11	90.42
90.7	90.43
90.6	90.44
90.1	90.45
90.12	90.46
90.12	90.47
90.12	90.48
90.9	90.49
90.5	90.50
90.12	90.51
90.12	90.52
90.11	90.53
90.12	90.54
90.12	90.55
90.6	90.56
90.1	90.57
90.12	90.58
90.12	90.59
90.11	90.60
90.7	90.61
90.12	90.62
90.1	90.63
90.2	90.64
91.4	91.1
91.5	91.2
91.10	91.3
91.8	91.4
91.5	91.5
91.5	91.6
91.5	91.7
91.5	91.8
91.5	91.9
91.4	91.10
91.5	91.11
91.4	91.12
91.8	91.13
91.4	91.14
91.5	91.15
91.5	91.16
91.4	91.17
91.5	91.18
91.8	91.19
91.5	91.20
91.6	91.21
91.5	91.22
91.1	91.23
91.5	91.24
91.5	91.25
91.5	91.26
91.5	91.27
91.4	91.28
91.6	91.29
91.4	91.30
91.4	91.31
91.4	91.32
91.5	91.33
91.5	91.34
91.4	91.35
91.4	91.36
91.5	91.37
91.5	91.38
91.3	91.39
91.5	91.40
91.5	91.41
91.2	91.42
91.5	91.43
91.10	91.44
91.5	91.45
91.9	91.46
91.4	91.47
91.4	91.48
91.5	91.49
91.9	91.50
91.5	91.51
91.5	91.52
91.8	91.53
91.1	91.54
91.10	91.55
91.4	91.56
91.7	91.57
91.5	91.58
91.5	91.59
91.1	91.60
91.4	91.61
91.5	91.62
91.5	91.63
91.5	91.64
92.1	92.1
92.1	92.2
92.5	92.3
92.1	92.4
92.1	92.5
92.1	92.6
92.5	92.7
92.1	92.8
92.5	92.9
92.5	92.10
92.1	92.11
92.1	92.12
92.1	92.13
92.4	92.14
92.1	92.15
92.1	92.16
92.1	92.17
92.1	92.18
92.1	92.19
92.1	92.20
92.1	92.21
92.1	92.22
92.3	92.23
92.1	92.24
92.5	92.25
92.1	92.26
92.1	92.27
92.5	92.28
92.1	92.29
92.1	92.30
92.5	92.31
92.1	92.32
92.1	92.33
92.5	92.34
92.1	92.35
92.4	92.36
92.1	92.37
92.5	92.38
92.5	92.39
92.1	92.40
92.1	92.41
92.1	92.42
92.1	92.43
92.5	92.44
92.1	92.45
92.1	92.46
92.1	92.47
92.1	92.48
92.1	92.49
92.1	92.50
92.2	92.51
92.1	92.52
92.1	92.53
92.5	92.54
92.1	92.55
92.5	92.56
92.5	92.57
92.1	92.58
92.1	92.59
92.1	92.60
92.1	92.61
92.1	92.62
92.1	92.63
92.1	92.64
93.12	93.1
93.12	93.2
93.1	93.3
93.11	93.4
93.1	93.5
93.1	93.6
93.12	93.7
93.12	93.8
93.12	93.9
93.12	93.10
93.12	93.11
93.12	93.12
93.6	93.13
93.3	93.14
93.1	93.15
93.15	93.16
93.11	93.17
93.12	93.18
93.12	93.19
93.1	93.20
93.1	93.21
93.1	93.22
93.1	93.23
93.12	93.24
93.2	93.25
93.12	93.26
93.1	93.27
93.12	93.28
93.12	93.29
93.12	93.30
93.11	93.31
93.1	93.32
93.13	93.33
93.12	93.34
93.10	93.35
93.1	93.36
93.5	93.37
93.1	93.38
93.11	93.39
93.12	93.40
93.14	93.41
93.14	93.42
93.11	93.43
93.15	93.44
93.8	93.45
93.12	93.46
93.7	93.47
93.12	93.48
93.11	93.49
93.15	93.50
93.6	93.51
93.10	93.52
93.1	93.53
93.11	93.54
93.8	93.55
93.17	93.56
93.1	93.57
93.4	93.58
93.9	93.59
93.12	93.60
93.12	93.61
93.12	93.62
93.16	93.63
93.11	93.64
94.1	94.1
94.8	94.2
94.10	94.3
94.8	94.4
94.8	94.5
94.8	94.6
94.8	94.7
94.3	94.8
94.8	94.9
94.8	94.10
94.8	94.11
94.1	94.12
94.8	94.13
94.10	94.14
94.1	94.15
94.6	94.16
94.8	94.17
94.1	94.18
94.1	94.19
94.9	94.20
94.8	94.21
94.1	94.22
94.1	94.23
94.1	94.24
94.8	94.25
94.8	94.26
94.8	94.27
94.10	94.28
94.1	94.29
94.8	94.30
94.1	94.31
94.4	94.32
94.8	94.33
94.8	94.34
94.8	94.35
94.2	94.36
94.8	94.37
94.2	94.38
94.8	94.39
94.8	94.40
94.9	94.41
94.9	94.42
94.7	94.43
94.8	94.44
94.10	94.45
94.1	94.46
94.8	94.47
94.8	94.48
94.1	94.49
94.8	94.50
94.8	94.51
94.1	94.52
94.5	94.53
94.8	94.54
94.8	94.55
94.8	94.56
94.8	94.57
94.8	94.58
94.8	94.59
94.10	94.60
94.1	94.61
94.1	94.62
94.8	94.63
94.1	94.64
95.1	95.1
95.9	95.2
95.9	95.3
95.4	95.4
95.9	95.5
95.2	95.6
95.11	95.7
95.8	95.8
95.3	95.9
95.11	95.10
95.9	95.11
95.1	95.12
95.5	95.13
95.11	95.14
95.5	95.15
95.6	95.16
95.9	95.17
95.1	95.18
95.1	95.19
95.9	95.20
95.11	95.21
95.1	95.22
95.1	95.23
95.11	95.24
95.1	95.25
95.10	95.26
95.11	95.27
95.1	95.28
95.11	95.29
95.9	95.30
95.1	95.31
95.1	95.32
95.1	95.33
95.1	95.34
95.11	95.35
95.5	95.36
95.1	95.37
95.6	95.38
95.8	95.39
95.8	95.40
95.9	95.41
95.11	95.42
95.1	95.43
95.1	95.44
95.11	95.45
95.1	95.46
95.11	95.47
95.6	95.48
95.9	95.49
95.1	95.50
95.11	95.51
95.1	95.52
95.1	95.53
95.1	95.54
95.6	95.55
95.4	95.56
95.1	95.57
95.6	95.58
95.11	95.59
95.1	95.60
95.1	95.61
95.11	95.62
95.7	95.63
95.11	95.64
96.11	96.1
96.7	96.2
96.10	96.3
96.10	96.4
96.11	96.5
96.11	96.6
96.11	96.7
96.10	96.8
96.10	96.9
96.11	96.10
96.10	96.11
96.11	96.12
96.6	96.13
96.11	96.14
96.2	96.15
96.11	96.16
96.11	96.17
96.11	96.18
96.11	96.19
96.10	96.20
96.12	96.21
96.10	96.22
96.11	96.23
96.11	96.24
96.1	96.25
96.11	96.26
96.12	96.27
96.9	96.28
96.11	96.29
96.11	96.30
96.11	96.31
96.10	96.32
96.11	96.33
96.11	96.34
96.11	96.35
96.11	96.36
96.3	96.37
96.11	96.38
96.10	96.39
96.9	96.40
96.10	96.41
96.7	96.42
96.11	96.43
96.11	96.44
96.11	96.45
96.11	96.46
96.1	96.47
96.11	96.48
96.11	96.49
96.11	96.50
96.9	96.51
96.11	96.52
96.7	96.53
96.4	96.54
96.11	96.55
96.11	96.56
96.11	96.57
96.8	96.58
96.10	96.59
96.5	96.60
96.1	96.61
96.11	96.62
96.7	96.63
96.7	96.64
97.3	97.1
97.3	97.2
97.3	97.3
97.3	97.4
97.8	97.5
97.4	97.6
97.1	97.7
97.8	97.8
97.8	97.9
97.8	97.10
97.8	97.11
97.3	97.12
97.3	97.13
97.3	97.14
97.8	97.15
97.8	97.16
97.8	97.17
97.8	97.18
97.5	97.19
97.8	97.20
97.8	97.21
97.8	97.22
97.8	97.23
97.8	97.24
97.1	97.25
97.1	97.26
97.8	97.27
97.6	97.28
97.8	97.29
97.4	97.30
97.6	97.31
97.8	97.32
97.8	97.33
97.8	97.34
97.6	97.35
97.3	97.36
97.8	97.37
97.8	97.38
97.8	97.39
97.8	97.40
97.2	97.41
97.8	97.42
97.1	97.43
97.8	97.44
97.8	97.45
97.6	97.46
97.9	97.47
97.6	97.48
97.3	97.49
97.3	97.50
97.9	97.51
97.8	97.52
97.3	97.53
97.8	97.54
97.6	97.55
97.3	97.56
97.3	97.57
97.7	97.58
97.6	97.59
97.8	97.60
97.8	97.61
97.3	97.62
97.3	97.63
97.8	97.64
98.18	98.1
98.18	98.2
98.1	98.3
98.18	98.4
98.18	98.5
98.1	98.6
98.15	98.7
98.1	98.8
98.13	98.9
98.1	98.10
98.18	98.11
98.14	98.12
98.1	98.13
98.14	98.14
98.5	98.15
98.18	98.16
98.13	98.17
98.1	98.18
98.18	98.19
98.6	98.20
98.8	98.21
98.18	98.22
98.1	98.23
98.1	98.24
98.1	98.25
98.18	98.26
98.1	98.27
98.11	98.28
98.13	98.29
98.1	98.30
98.17	98.31
98.17	98.32
98.1	98.33
98.18	98.34
98.18	98.35
98.18	98.36
98.12	98.37
98.16	98.38
98.4	98.39
98.16	98.40
98.9	98.41
98.7	98.42
98.1	98.43
98.13	98.44
98.14	98.45
98.18	98.46
98.1	98.47
98.16	98.48
98.9	98.49
98.17	98.50
98.1	98.51
98.16	98.52
98.16	98.53
98.2	98.54
98.18	98.55
98.16	98.56
98.18	98.57
98.3	98.58
98.1	98.59
98.8	98.60
98.10	98.61
98.1	98.62
98.1	98.63
98.1	98.64
99.9	99.1
99.8	99.2
99.11	99.3
99.5	99.4
99.9	99.5
99.8	99.6
99.1	99.7
99.9	99.8
99.9	99.9
99.8	99.10
99.9	99.11
99.8	99.12
99.10	99.13
99.8	99.14
99.5	99.15
99.9	99.16
99.6	99.17
99.8	99.18
99.8	99.19
99.8	99.20
99.1	99.21
99.1	99.22
99.1	99.23
99.2	99.24
99.9	99.25
99.7	99.26
99.7	99.27
99.1	99.28
99.8	99.29
99.1	99.30
99.8	99.31
99.1	99.32
99.8	99.33
99.9	99.34
99.4	99.35
99.8	99.36
99.5	99.37
99.1	99.38
99.9	99.39
99.8	99.40
99.9	99.41
99.9	99.42
99.8	99.43
99.1	99.44
99.8	99.45
99.3	99.46
99.11	99.47
99.1	99.48
99.8	99.49
99.8	99.50
99.9	99.51
99.11	99.52
99.8	99.53
99.8	99.54
99.8	99.55
99.11	99.56
99.8	99.57
99.10	99.58
99.9	99.59
99.9	99.60
99.9	99.61
99.8	99.62
99.10	99.63
99.9	99.64
100.7	100.1
100.1	100.2
100.11	100.3
100.8	100.4
100.10	100.5
100.1	100.6
100.1	100.7
100.11	100.8
100.1	100.9
100.6	100.10
100.11	100.11
100.7	100.12
100.1	100.13
100.1	100.14
100.1	100.15
100.11	100.16
100.13	100.17
100.6	100.18
100.11	100.19
100.7	100.20
100.1	100.21
100.11	100.22
100.8	100.23
100.14	100.24
100.11	100.25
100.14	100.26
100.10	100.27
100.7	100.28
100.1	100.29
100.11	100.30
100.5	100.31
100.11	100.32
100.1	100.33
100.9	100.34
100.12	100.35
100.11	100.36
100.1	100.37
100.11	100.38
100.11	100.39
100.11	100.40
100.11	100.41
100.11	100.42
100.14	100.43
100.1	100.44
100.1	100.45
100.13	100.46
100.11	100.47
100.14	100.48
100.1	100.49
100.11	100.50
100.6	100.51
100.11	100.52
100.4	100.53
100.6	100.54
100.2	100.55
100.7	100.56
100.9	100.57
100.11	100.58
100.3	100.59
100.7	100.60
100.10	100.61
100.11	100.62
100.1	100.63
100.1	100.64