subTopicID	resultID
1.8	1.1
1.8	1.2
1.8	1.3
1.8	1.4
1.1	1.5
1.8	1.6
1.8	1.7
1.8	1.8
1.8	1.9
1.8	1.10
1.7	1.11
1.8	1.12
1.8	1.13
1.8	1.14
1.8	1.15
1.8	1.16
1.8	1.17
1.8	1.18
1.8	1.19
1.6	1.20
1.8	1.21
1.1	1.22
1.8	1.23
1.8	1.24
1.8	1.25
1.1	1.26
1.8	1.27
1.8	1.28
1.1	1.29
1.6	1.30
1.8	1.31
1.8	1.32
1.1	1.33
1.8	1.34
1.8	1.35
1.8	1.36
1.7	1.37
1.8	1.38
1.3	1.39
1.8	1.40
1.8	1.41
1.8	1.42
1.8	1.43
1.8	1.44
1.8	1.45
1.1	1.46
1.8	1.47
1.8	1.48
1.4	1.49
1.5	1.50
1.8	1.51
1.1	1.52
1.8	1.53
1.1	1.54
1.7	1.55
1.8	1.56
1.8	1.57
1.8	1.58
1.7	1.59
1.8	1.60
1.2	1.61
1.8	1.62
1.8	1.63
1.8	1.64
2.8	2.1
2.11	2.2
2.11	2.3
2.8	2.4
2.12	2.5
2.11	2.6
2.8	2.7
2.8	2.8
2.8	2.9
2.11	2.10
2.8	2.11
2.9	2.12
2.8	2.13
2.8	2.14
2.8	2.15
2.8	2.16
2.12	2.17
2.8	2.18
2.8	2.19
2.8	2.20
2.10	2.21
2.3	2.22
2.4	2.23
2.8	2.24
2.11	2.25
2.8	2.26
2.11	2.27
2.10	2.28
2.12	2.29
2.8	2.30
2.8	2.31
2.1	2.32
2.8	2.33
2.11	2.34
2.1	2.35
2.7	2.36
2.11	2.37
2.7	2.38
2.1	2.39
2.2	2.40
2.11	2.41
2.6	2.42
2.8	2.43
2.11	2.44
2.8	2.45
2.6	2.46
2.1	2.47
2.5	2.48
2.11	2.49
2.12	2.50
2.8	2.51
2.11	2.52
2.10	2.53
2.8	2.54
2.11	2.55
2.1	2.56
2.12	2.57
2.7	2.58
2.1	2.59
2.10	2.60
2.11	2.61
2.12	2.62
2.7	2.63
2.1	2.64
3.1	3.1
3.1	3.2
3.14	3.3
3.1	3.4
3.11	3.5
3.1	3.6
3.1	3.7
3.1	3.8
3.1	3.9
3.1	3.10
3.1	3.11
3.15	3.12
3.14	3.13
3.14	3.14
3.1	3.15
3.1	3.16
3.5	3.17
3.1	3.18
3.14	3.19
3.14	3.20
3.14	3.21
3.1	3.22
3.1	3.23
3.1	3.24
3.14	3.25
3.14	3.26
3.2	3.27
3.1	3.28
3.1	3.29
3.15	3.30
3.14	3.31
3.1	3.32
3.14	3.33
3.14	3.34
3.1	3.35
3.8	3.36
3.13	3.37
3.10	3.38
3.7	3.39
3.11	3.40
3.14	3.41
3.15	3.42
3.1	3.43
3.1	3.44
3.12	3.45
3.11	3.46
3.11	3.47
3.9	3.48
3.1	3.49
3.6	3.50
3.4	3.51
3.1	3.52
3.14	3.53
3.14	3.54
3.1	3.55
3.14	3.56
3.5	3.57
3.3	3.58
3.1	3.59
3.1	3.60
3.1	3.61
3.1	3.62
3.6	3.63
3.1	3.64
4.8	4.1
4.4	4.2
4.6	4.3
4.6	4.4
4.6	4.5
4.1	4.6
4.6	4.7
4.6	4.8
4.8	4.9
4.10	4.10
4.8	4.11
4.6	4.12
4.6	4.13
4.6	4.14
4.6	4.15
4.6	4.16
4.8	4.17
4.6	4.18
4.8	4.19
4.6	4.20
4.6	4.21
4.1	4.22
4.3	4.23
4.8	4.24
4.1	4.25
4.6	4.26
4.10	4.27
4.6	4.28
4.6	4.29
4.6	4.30
4.10	4.31
4.1	4.32
4.6	4.33
4.6	4.34
4.8	4.35
4.8	4.36
4.1	4.37
4.6	4.38
4.6	4.39
4.8	4.40
4.1	4.41
4.6	4.42
4.6	4.43
4.7	4.44
4.6	4.45
4.2	4.46
4.6	4.47
4.6	4.48
4.7	4.49
4.8	4.50
4.8	4.51
4.6	4.52
4.6	4.53
4.8	4.54
4.9	4.55
4.8	4.56
4.5	4.57
4.8	4.58
4.5	4.59
4.6	4.60
4.8	4.61
4.6	4.62
4.8	4.63
4.1	4.64
5.2	5.1
5.13	5.2
5.12	5.3
5.2	5.4
5.6	5.5
5.13	5.6
5.14	5.7
5.2	5.8
5.2	5.9
5.13	5.10
5.12	5.11
5.13	5.12
5.12	5.13
5.11	5.14
5.14	5.15
5.13	5.16
5.10	5.17
5.2	5.18
5.10	5.19
5.2	5.20
5.13	5.21
5.12	5.22
5.10	5.23
5.11	5.24
5.5	5.25
5.9	5.26
5.13	5.27
5.12	5.28
5.13	5.29
5.13	5.30
5.2	5.31
5.11	5.32
5.3	5.33
5.13	5.34
5.12	5.35
5.11	5.36
5.13	5.37
5.1	5.38
5.2	5.39
5.2	5.40
5.13	5.41
5.13	5.42
5.13	5.43
5.4	5.44
5.13	5.45
5.13	5.46
5.8	5.47
5.10	5.48
5.2	5.49
5.11	5.50
5.2	5.51
5.13	5.52
5.14	5.53
5.7	5.54
5.11	5.55
5.13	5.56
5.2	5.57
5.13	5.58
5.13	5.59
5.12	5.60
5.13	5.61
5.2	5.62
5.10	5.63
5.13	5.64
6.11	6.1
6.8	6.2
6.8	6.3
6.7	6.4
6.4	6.5
6.6	6.6
6.9	6.7
6.8	6.8
6.11	6.9
6.10	6.10
6.8	6.11
6.8	6.12
6.8	6.13
6.8	6.14
6.8	6.15
6.11	6.16
6.8	6.17
6.8	6.18
6.9	6.19
6.2	6.20
6.1	6.21
6.8	6.22
6.8	6.23
6.6	6.24
6.8	6.25
6.8	6.26
6.8	6.27
6.11	6.28
6.8	6.29
6.8	6.30
6.3	6.31
6.8	6.32
6.11	6.33
6.8	6.34
6.1	6.35
6.8	6.36
6.5	6.37
6.11	6.38
6.9	6.39
6.11	6.40
6.8	6.41
6.8	6.42
6.8	6.43
6.8	6.44
6.8	6.45
6.8	6.46
6.11	6.47
6.11	6.48
6.11	6.49
6.11	6.50
6.11	6.51
6.1	6.52
6.8	6.53
6.8	6.54
6.7	6.55
6.8	6.56
6.9	6.57
6.11	6.58
6.9	6.59
6.1	6.60
6.11	6.61
6.9	6.62
6.1	6.63
6.8	6.64
7.1	7.1
7.1	7.2
7.1	7.3
7.1	7.4
7.7	7.5
7.7	7.6
7.1	7.7
7.1	7.8
7.7	7.9
7.7	7.10
7.1	7.11
7.1	7.12
7.1	7.13
7.7	7.14
7.1	7.15
7.1	7.16
7.1	7.17
7.1	7.18
7.7	7.19
7.1	7.20
7.1	7.21
7.6	7.22
7.1	7.23
7.1	7.24
7.1	7.25
7.1	7.26
7.1	7.27
7.1	7.28
7.7	7.29
7.1	7.30
7.6	7.31
7.7	7.32
7.6	7.33
7.4	7.34
7.1	7.35
7.2	7.36
7.1	7.37
7.7	7.38
7.7	7.39
7.1	7.40
7.1	7.41
7.7	7.42
7.1	7.43
7.1	7.44
7.1	7.45
7.7	7.46
7.1	7.47
7.1	7.48
7.5	7.49
7.1	7.50
7.4	7.51
7.7	7.52
7.1	7.53
7.1	7.54
7.1	7.55
7.7	7.56
7.1	7.57
7.1	7.58
7.3	7.59
7.6	7.60
7.4	7.61
7.7	7.62
7.6	7.63
7.7	7.64
8.1	8.1
8.1	8.2
8.1	8.3
8.1	8.4
8.1	8.5
8.1	8.6
8.1	8.7
8.1	8.8
8.1	8.9
8.5	8.10
8.1	8.11
8.5	8.12
8.1	8.13
8.1	8.14
8.1	8.15
8.1	8.16
8.2	8.17
8.1	8.18
8.1	8.19
8.1	8.20
8.3	8.21
8.1	8.22
8.1	8.23
8.1	8.24
8.1	8.25
8.1	8.26
8.5	8.27
8.1	8.28
8.1	8.29
8.1	8.30
8.1	8.31
8.1	8.32
8.1	8.33
8.1	8.34
8.1	8.35
8.1	8.36
8.1	8.37
8.1	8.38
8.5	8.39
8.1	8.40
8.1	8.41
8.1	8.42
8.1	8.43
8.1	8.44
8.1	8.45
8.1	8.46
8.1	8.47
8.1	8.48
8.1	8.49
8.1	8.50
8.1	8.51
8.1	8.52
8.1	8.53
8.1	8.54
8.1	8.55
8.1	8.56
8.1	8.57
8.1	8.58
8.1	8.59
8.1	8.60
8.1	8.61
8.4	8.62
8.1	8.63
8.1	8.64
9.12	9.1
9.11	9.2
9.11	9.3
9.11	9.4
9.1	9.5
9.1	9.6
9.1	9.7
9.1	9.8
9.11	9.9
9.1	9.10
9.1	9.11
9.11	9.12
9.12	9.13
9.13	9.14
9.1	9.15
9.11	9.16
9.10	9.17
9.11	9.18
9.11	9.19
9.11	9.20
9.11	9.21
9.11	9.22
9.7	9.23
9.1	9.24
9.4	9.25
9.2	9.26
9.12	9.27
9.13	9.28
9.11	9.29
9.1	9.30
9.11	9.31
9.12	9.32
9.9	9.33
9.11	9.34
9.11	9.35
9.11	9.36
9.12	9.37
9.6	9.38
9.3	9.39
9.4	9.40
9.11	9.41
9.5	9.42
9.7	9.43
9.3	9.44
9.7	9.45
9.8	9.46
9.1	9.47
9.1	9.48
9.13	9.49
9.11	9.50
9.11	9.51
9.11	9.52
9.11	9.53
9.1	9.54
9.13	9.55
9.1	9.56
9.11	9.57
9.13	9.58
9.11	9.59
9.1	9.60
9.1	9.61
9.1	9.62
9.11	9.63
9.12	9.64
10.1	10.1
10.1	10.2
10.11	10.3
10.11	10.4
10.1	10.5
10.1	10.6
10.1	10.7
10.6	10.8
10.1	10.9
10.1	10.10
10.1	10.11
10.11	10.12
10.5	10.13
10.1	10.14
10.1	10.15
10.1	10.16
10.1	10.17
10.1	10.18
10.1	10.19
10.1	10.20
10.8	10.21
10.1	10.22
10.6	10.23
10.1	10.24
10.8	10.25
10.8	10.26
10.11	10.27
10.11	10.28
10.1	10.29
10.1	10.30
10.10	10.31
10.11	10.32
10.3	10.33
10.9	10.34
10.1	10.35
10.11	10.36
10.1	10.37
10.1	10.38
10.11	10.39
10.8	10.40
10.1	10.41
10.2	10.42
10.2	10.43
10.1	10.44
10.1	10.45
10.1	10.46
10.1	10.47
10.5	10.48
10.1	10.49
10.11	10.50
10.11	10.51
10.1	10.52
10.8	10.53
10.1	10.54
10.11	10.55
10.1	10.56
10.11	10.57
10.1	10.58
10.11	10.59
10.7	10.60
10.11	10.61
10.4	10.62
10.1	10.63
10.2	10.64
11.8	11.1
11.5	11.2
11.8	11.3
11.1	11.4
11.1	11.5
11.1	11.6
11.11	11.7
11.1	11.8
11.1	11.9
11.1	11.10
11.1	11.11
11.1	11.12
11.1	11.13
11.1	11.14
11.9	11.15
11.1	11.16
11.10	11.17
11.9	11.18
11.1	11.19
11.8	11.20
11.4	11.21
11.3	11.22
11.1	11.23
11.7	11.24
11.8	11.25
11.1	11.26
11.11	11.27
11.8	11.28
11.8	11.29
11.8	11.30
11.1	11.31
11.8	11.32
11.1	11.33
11.1	11.34
11.1	11.35
11.1	11.36
11.1	11.37
11.8	11.38
11.1	11.39
11.7	11.40
11.1	11.41
11.8	11.42
11.1	11.43
11.1	11.44
11.1	11.45
11.1	11.46
11.1	11.47
11.6	11.48
11.1	11.49
11.11	11.50
11.1	11.51
11.8	11.52
11.8	11.53
11.1	11.54
11.1	11.55
11.7	11.56
11.1	11.57
11.11	11.58
11.2	11.59
11.8	11.60
11.1	11.61
11.1	11.62
11.1	11.63
11.1	11.64
12.15	12.1
12.4	12.2
12.8	12.3
12.2	12.4
12.1	12.5
12.15	12.6
12.9	12.7
12.15	12.8
12.1	12.9
12.5	12.10
12.15	12.11
12.15	12.12
12.15	12.13
12.1	12.14
12.7	12.15
12.15	12.16
12.15	12.17
12.12	12.18
12.15	12.19
12.10	12.20
12.13	12.21
12.15	12.22
12.6	12.23
12.15	12.24
12.15	12.25
12.13	12.26
12.11	12.27
12.1	12.28
12.1	12.29
12.1	12.30
12.1	12.31
12.17	12.32
12.1	12.33
12.15	12.34
12.3	12.35
12.15	12.36
12.17	12.37
12.15	12.38
12.14	12.39
12.1	12.40
12.17	12.41
12.13	12.42
12.1	12.43
12.12	12.44
12.1	12.45
12.15	12.46
12.1	12.47
12.15	12.48
12.16	12.49
12.17	12.50
12.1	12.51
12.1	12.52
12.13	12.53
12.1	12.54
12.11	12.55
12.1	12.56
12.9	12.57
12.1	12.58
12.13	12.59
12.15	12.60
12.15	12.61
12.15	12.62
12.17	12.63
12.1	12.64
13.1	13.1
13.1	13.2
13.1	13.3
13.5	13.4
13.1	13.5
13.1	13.6
13.2	13.7
13.6	13.8
13.4	13.9
13.6	13.10
13.6	13.11
13.1	13.12
13.9	13.13
13.6	13.14
13.6	13.15
13.1	13.16
13.6	13.17
13.6	13.18
13.6	13.19
13.1	13.20
13.1	13.21
13.6	13.22
13.1	13.23
13.1	13.24
13.1	13.25
13.6	13.26
13.1	13.27
13.1	13.28
13.1	13.29
13.1	13.30
13.9	13.31
13.5	13.32
13.9	13.33
13.1	13.34
13.9	13.35
13.6	13.36
13.6	13.37
13.7	13.38
13.1	13.39
13.1	13.40
13.1	13.41
13.8	13.42
13.9	13.43
13.9	13.44
13.6	13.45
13.6	13.46
13.5	13.47
13.6	13.48
13.6	13.49
13.9	13.50
13.1	13.51
13.5	13.52
13.9	13.53
13.1	13.54
13.6	13.55
13.6	13.56
13.9	13.57
13.3	13.58
13.6	13.59
13.5	13.60
13.6	13.61
13.1	13.62
13.1	13.63
13.1	13.64
14.8	14.1
14.8	14.2
14.8	14.3
14.8	14.4
14.1	14.5
14.1	14.6
14.4	14.7
14.1	14.8
14.1	14.9
14.1	14.10
14.8	14.11
14.2	14.12
14.1	14.13
14.8	14.14
14.1	14.15
14.8	14.16
14.7	14.17
14.1	14.18
14.3	14.19
14.7	14.20
14.1	14.21
14.6	14.22
14.7	14.23
14.1	14.24
14.7	14.25
14.1	14.26
14.8	14.27
14.5	14.28
14.7	14.29
14.1	14.30
14.7	14.31
14.1	14.32
14.1	14.33
14.6	14.34
14.7	14.35
14.1	14.36
14.8	14.37
14.8	14.38
14.7	14.39
14.8	14.40
14.8	14.41
14.7	14.42
14.1	14.43
14.1	14.44
14.1	14.45
14.7	14.46
14.1	14.47
14.8	14.48
14.6	14.49
14.8	14.50
14.6	14.51
14.8	14.52
14.8	14.53
14.7	14.54
14.7	14.55
14.8	14.56
14.8	14.57
14.8	14.58
14.6	14.59
14.8	14.60
14.7	14.61
14.1	14.62
14.8	14.63
14.8	14.64
15.1	15.1
15.7	15.2
15.5	15.3
15.7	15.4
15.7	15.5
15.12	15.6
15.7	15.7
15.7	15.8
15.7	15.9
15.7	15.10
15.1	15.11
15.7	15.12
15.9	15.13
15.14	15.14
15.14	15.15
15.7	15.16
15.17	15.17
15.7	15.18
15.7	15.19
15.7	15.20
15.7	15.21
15.7	15.22
15.7	15.23
15.16	15.24
15.7	15.25
15.7	15.26
15.7	15.27
15.17	15.28
15.14	15.29
15.14	15.30
15.14	15.31
15.12	15.32
15.7	15.33
15.12	15.34
15.7	15.35
15.14	15.36
15.9	15.37
15.7	15.38
15.11	15.39
15.14	15.40
15.1	15.41
15.7	15.42
15.7	15.43
15.13	15.44
15.14	15.45
15.9	15.46
15.1	15.47
15.8	15.48
15.14	15.49
15.4	15.50
15.15	15.51
15.17	15.52
15.10	15.53
15.2	15.54
15.7	15.55
15.6	15.56
15.1	15.57
15.1	15.58
15.1	15.59
15.9	15.60
15.3	15.61
15.1	15.62
15.1	15.63
15.11	15.64
16.14	16.1
16.6	16.2
16.14	16.3
16.13	16.4
16.13	16.5
16.13	16.6
16.14	16.7
16.11	16.8
16.13	16.9
16.14	16.10
16.14	16.11
16.1	16.12
16.14	16.13
16.9	16.14
16.14	16.15
16.14	16.16
16.12	16.17
16.14	16.18
16.14	16.19
16.13	16.20
16.13	16.21
16.2	16.22
16.9	16.23
16.14	16.24
16.14	16.25
16.14	16.26
16.13	16.27
16.13	16.28
16.7	16.29
16.13	16.30
16.13	16.31
16.14	16.32
16.1	16.33
16.14	16.34
16.8	16.35
16.9	16.36
16.9	16.37
16.14	16.38
16.9	16.39
16.9	16.40
16.9	16.41
16.4	16.42
16.14	16.43
16.13	16.44
16.11	16.45
16.11	16.46
16.13	16.47
16.5	16.48
16.10	16.49
16.10	16.50
16.13	16.51
16.14	16.52
16.13	16.53
16.14	16.54
16.9	16.55
16.3	16.56
16.9	16.57
16.9	16.58
16.1	16.59
16.13	16.60
16.13	16.61
16.1	16.62
16.15	16.63
16.13	16.64
17.12	17.1
17.13	17.2
17.1	17.3
17.1	17.4
17.1	17.5
17.10	17.6
17.12	17.7
17.10	17.8
17.1	17.9
17.5	17.10
17.12	17.11
17.5	17.12
17.12	17.13
17.9	17.14
17.10	17.15
17.12	17.16
17.10	17.17
17.10	17.18
17.12	17.19
17.12	17.20
17.7	17.21
17.4	17.22
17.13	17.23
17.12	17.24
17.1	17.25
17.12	17.26
17.10	17.27
17.13	17.28
17.1	17.29
17.1	17.30
17.5	17.31
17.11	17.32
17.1	17.33
17.10	17.34
17.13	17.35
17.7	17.36
17.1	17.37
17.2	17.38
17.10	17.39
17.13	17.40
17.1	17.41
17.12	17.42
17.12	17.43
17.13	17.44
17.12	17.45
17.12	17.46
17.4	17.47
17.10	17.48
17.13	17.49
17.8	17.50
17.3	17.51
17.6	17.52
17.1	17.53
17.12	17.54
17.6	17.55
17.9	17.56
17.8	17.57
17.12	17.58
17.10	17.59
17.10	17.60
17.1	17.61
17.6	17.62
17.10	17.63
17.1	17.64
18.7	18.1
18.6	18.2
18.8	18.3
18.6	18.4
18.8	18.5
18.6	18.6
18.6	18.7
18.6	18.8
18.8	18.9
18.5	18.10
18.6	18.11
18.10	18.12
18.8	18.13
18.6	18.14
18.5	18.15
18.8	18.16
18.8	18.17
18.10	18.18
18.8	18.19
18.6	18.20
18.8	18.21
18.6	18.22
18.8	18.23
18.8	18.24
18.6	18.25
18.6	18.26
18.6	18.27
18.6	18.28
18.2	18.29
18.8	18.30
18.8	18.31
18.8	18.32
18.6	18.33
18.6	18.34
18.5	18.35
18.6	18.36
18.1	18.37
18.6	18.38
18.1	18.39
18.8	18.40
18.6	18.41
18.6	18.42
18.4	18.43
18.8	18.44
18.8	18.45
18.6	18.46
18.6	18.47
18.8	18.48
18.6	18.49
18.9	18.50
18.5	18.51
18.5	18.52
18.1	18.53
18.6	18.54
18.6	18.55
18.3	18.56
18.8	18.57
18.8	18.58
18.8	18.59
18.6	18.60
18.6	18.61
18.6	18.62
18.8	18.63
18.8	18.64
19.1	19.1
19.15	19.2
19.10	19.3
19.14	19.4
19.14	19.5
19.15	19.6
19.13	19.7
19.10	19.8
19.13	19.9
19.14	19.10
19.14	19.11
19.5	19.12
19.3	19.13
19.12	19.14
19.14	19.15
19.14	19.16
19.10	19.17
19.11	19.18
19.14	19.19
19.10	19.20
19.6	19.21
19.8	19.22
19.14	19.23
19.10	19.24
19.10	19.25
19.12	19.26
19.9	19.27
19.14	19.28
19.11	19.29
19.14	19.30
19.10	19.31
19.1	19.32
19.10	19.33
19.2	19.34
19.10	19.35
19.14	19.36
19.10	19.37
19.10	19.38
19.14	19.39
19.11	19.40
19.10	19.41
19.6	19.42
19.14	19.43
19.14	19.44
19.10	19.45
19.12	19.46
19.14	19.47
19.10	19.48
19.1	19.49
19.12	19.50
19.1	19.51
19.13	19.52
19.14	19.53
19.12	19.54
19.3	19.55
19.12	19.56
19.7	19.57
19.4	19.58
19.1	19.59
19.14	19.60
19.13	19.61
19.10	19.62
19.14	19.63
19.10	19.64
20.1	20.1
20.17	20.2
20.17	20.3
20.16	20.4
20.12	20.5
20.1	20.6
20.1	20.7
20.1	20.8
20.9	20.9
20.14	20.10
20.16	20.11
20.10	20.12
20.1	20.13
20.1	20.14
20.16	20.15
20.17	20.16
20.17	20.17
20.2	20.18
20.12	20.19
20.15	20.20
20.14	20.21
20.12	20.22
20.1	20.23
20.19	20.24
20.12	20.25
20.16	20.26
20.17	20.27
20.19	20.28
20.1	20.29
20.4	20.30
20.18	20.31
20.8	20.32
20.18	20.33
20.1	20.34
20.12	20.35
20.11	20.36
20.16	20.37
20.17	20.38
20.1	20.39
20.16	20.40
20.6	20.41
20.5	20.42
20.1	20.43
20.1	20.44
20.14	20.45
20.1	20.46
20.17	20.47
20.16	20.48
20.11	20.49
20.17	20.50
20.16	20.51
20.12	20.52
20.6	20.53
20.17	20.54
20.9	20.55
20.3	20.56
20.6	20.57
20.16	20.58
20.1	20.59
20.1	20.60
20.13	20.61
20.7	20.62
20.17	20.63
20.1	20.64
21.8	21.1
21.8	21.2
21.1	21.3
21.8	21.4
21.8	21.5
21.1	21.6
21.1	21.7
21.3	21.8
21.8	21.9
21.8	21.10
21.8	21.11
21.2	21.12
21.1	21.13
21.1	21.14
21.8	21.15
21.8	21.16
21.8	21.17
21.8	21.18
21.7	21.19
21.8	21.20
21.7	21.21
21.5	21.22
21.6	21.23
21.1	21.24
21.8	21.25
21.8	21.26
21.1	21.27
21.1	21.28
21.8	21.29
21.1	21.30
21.8	21.31
21.8	21.32
21.1	21.33
21.7	21.34
21.7	21.35
21.7	21.36
21.1	21.37
21.1	21.38
21.1	21.39
21.8	21.40
21.5	21.41
21.8	21.42
21.8	21.43
21.1	21.44
21.8	21.45
21.1	21.46
21.1	21.47
21.1	21.48
21.8	21.49
21.8	21.50
21.8	21.51
21.1	21.52
21.8	21.53
21.1	21.54
21.1	21.55
21.7	21.56
21.8	21.57
21.7	21.58
21.8	21.59
21.5	21.60
21.4	21.61
21.1	21.62
21.7	21.63
21.7	21.64
22.1	22.1
22.8	22.2
22.8	22.3
22.8	22.4
22.8	22.5
22.8	22.6
22.1	22.7
22.8	22.8
22.1	22.9
22.8	22.10
22.8	22.11
22.8	22.12
22.8	22.13
22.8	22.14
22.6	22.15
22.8	22.16
22.8	22.17
22.8	22.18
22.8	22.19
22.8	22.20
22.9	22.21
22.8	22.22
22.9	22.23
22.8	22.24
22.8	22.25
22.5	22.26
22.1	22.27
22.8	22.28
22.8	22.29
22.8	22.30
22.8	22.31
22.8	22.32
22.9	22.33
22.2	22.34
22.1	22.35
22.8	22.36
22.1	22.37
22.8	22.38
22.8	22.39
22.8	22.40
22.1	22.41
22.1	22.42
22.8	22.43
22.8	22.44
22.8	22.45
22.9	22.46
22.8	22.47
22.8	22.48
22.8	22.49
22.1	22.50
22.8	22.51
22.8	22.52
22.8	22.53
22.8	22.54
22.8	22.55
22.7	22.56
22.8	22.57
22.8	22.58
22.8	22.59
22.8	22.60
22.8	22.61
22.8	22.62
22.3	22.63
22.4	22.64
23.9	23.1
23.1	23.2
23.14	23.3
23.9	23.4
23.5	23.5
23.14	23.6
23.5	23.7
23.9	23.8
23.4	23.9
23.5	23.10
23.14	23.11
23.13	23.12
23.14	23.13
23.5	23.14
23.13	23.15
23.14	23.16
23.14	23.17
23.9	23.18
23.5	23.19
23.14	23.20
23.1	23.21
23.5	23.22
23.14	23.23
23.9	23.24
23.11	23.25
23.5	23.26
23.14	23.27
23.14	23.28
23.14	23.29
23.10	23.30
23.6	23.31
23.14	23.32
23.5	23.33
23.14	23.34
23.5	23.35
23.5	23.36
23.14	23.37
23.5	23.38
23.14	23.39
23.5	23.40
23.9	23.41
23.5	23.42
23.14	23.43
23.2	23.44
23.5	23.45
23.14	23.46
23.7	23.47
23.14	23.48
23.5	23.49
23.12	23.50
23.8	23.51
23.9	23.52
23.11	23.53
23.5	23.54
23.14	23.55
23.3	23.56
23.9	23.57
23.1	23.58
23.14	23.59
23.14	23.60
23.13	23.61
23.13	23.62
23.14	23.63
23.14	23.64
24.5	24.1
24.8	24.2
24.1	24.3
24.11	24.4
24.15	24.5
24.14	24.6
24.1	24.7
24.12	24.8
24.1	24.9
24.3	24.10
24.11	24.11
24.11	24.12
24.1	24.13
24.1	24.14
24.14	24.15
24.1	24.16
24.1	24.17
24.14	24.18
24.14	24.19
24.1	24.20
24.13	24.21
24.1	24.22
24.7	24.23
24.1	24.24
24.9	24.25
24.6	24.26
24.1	24.27
24.1	24.28
24.1	24.29
24.1	24.30
24.4	24.31
24.1	24.32
24.14	24.33
24.1	24.34
24.15	24.35
24.15	24.36
24.1	24.37
24.14	24.38
24.12	24.39
24.1	24.40
24.2	24.41
24.10	24.42
24.14	24.43
24.14	24.44
24.1	24.45
24.10	24.46
24.10	24.47
24.11	24.48
24.1	24.49
24.1	24.50
24.1	24.51
24.1	24.52
24.14	24.53
24.1	24.54
24.14	24.55
24.15	24.56
24.14	24.57
24.1	24.58
24.14	24.59
24.8	24.60
24.1	24.61
24.1	24.62
24.1	24.63
24.1	24.64
25.1	25.1
25.8	25.2
25.1	25.3
25.7	25.4
25.1	25.5
25.1	25.6
25.1	25.7
25.1	25.8
25.1	25.9
25.1	25.10
25.1	25.11
25.1	25.12
25.1	25.13
25.1	25.14
25.1	25.15
25.7	25.16
25.4	25.17
25.1	25.18
25.4	25.19
25.1	25.20
25.8	25.21
25.8	25.22
25.1	25.23
25.1	25.24
25.2	25.25
25.7	25.26
25.4	25.27
25.8	25.28
25.1	25.29
25.8	25.30
25.1	25.31
25.1	25.32
25.7	25.33
25.6	25.34
25.8	25.35
25.1	25.36
25.8	25.37
25.8	25.38
25.1	25.39
25.8	25.40
25.1	25.41
25.1	25.42
25.8	25.43
25.1	25.44
25.1	25.45
25.7	25.46
25.8	25.47
25.1	25.48
25.8	25.49
25.3	25.50
25.8	25.51
25.1	25.52
25.8	25.53
25.1	25.54
25.5	25.55
25.8	25.56
25.1	25.57
25.8	25.58
25.4	25.59
25.1	25.60
25.8	25.61
25.1	25.62
25.8	25.63
25.8	25.64
26.10	26.1
26.11	26.2
26.1	26.3
26.10	26.4
26.1	26.5
26.1	26.6
26.10	26.7
26.5	26.8
26.8	26.9
26.1	26.10
26.1	26.11
26.10	26.12
26.8	26.13
26.5	26.14
26.1	26.15
26.10	26.16
26.4	26.17
26.1	26.18
26.10	26.19
26.10	26.20
26.9	26.21
26.1	26.22
26.11	26.23
26.10	26.24
26.3	26.25
26.6	26.26
26.5	26.27
26.5	26.28
26.1	26.29
26.2	26.30
26.10	26.31
26.11	26.32
26.6	26.33
26.1	26.34
26.10	26.35
26.1	26.36
26.12	26.37
26.10	26.38
26.1	26.39
26.10	26.40
26.1	26.41
26.11	26.42
26.1	26.43
26.1	26.44
26.1	26.45
26.1	26.46
26.1	26.47
26.1	26.48
26.11	26.49
26.11	26.50
26.5	26.51
26.1	26.52
26.10	26.53
26.11	26.54
26.10	26.55
26.7	26.56
26.5	26.57
26.1	26.58
26.10	26.59
26.5	26.60
26.5	26.61
26.8	26.62
26.10	26.63
26.1	26.64
27.9	27.1
27.1	27.2
27.1	27.3
27.1	27.4
27.7	27.5
27.10	27.6
27.1	27.7
27.1	27.8
27.1	27.9
27.1	27.10
27.5	27.11
27.1	27.12
27.5	27.13
27.9	27.14
27.1	27.15
27.1	27.16
27.9	27.17
27.10	27.18
27.6	27.19
27.10	27.20
27.9	27.21
27.9	27.22
27.2	27.23
27.4	27.24
27.1	27.25
27.1	27.26
27.10	27.27
27.4	27.28
27.1	27.29
27.9	27.30
27.10	27.31
27.5	27.32
27.1	27.33
27.9	27.34
27.1	27.35
27.9	27.36
27.9	27.37
27.9	27.38
27.5	27.39
27.1	27.40
27.7	27.41
27.1	27.42
27.1	27.43
27.1	27.44
27.8	27.45
27.1	27.46
27.5	27.47
27.1	27.48
27.10	27.49
27.1	27.50
27.9	27.51
27.9	27.52
27.1	27.53
27.1	27.54
27.1	27.55
27.1	27.56
27.1	27.57
27.1	27.58
27.9	27.59
27.10	27.60
27.7	27.61
27.4	27.62
27.3	27.63
27.9	27.64
28.1	28.1
28.1	28.2
28.5	28.3
28.1	28.4
28.9	28.5
28.1	28.6
28.1	28.7
28.9	28.8
28.1	28.9
28.1	28.10
28.1	28.11
28.1	28.12
28.1	28.13
28.1	28.14
28.1	28.15
28.7	28.16
28.1	28.17
28.1	28.18
28.6	28.19
28.1	28.20
28.1	28.21
28.1	28.22
28.6	28.23
28.1	28.24
28.1	28.25
28.1	28.26
28.9	28.27
28.1	28.28
28.10	28.29
28.1	28.30
28.5	28.31
28.9	28.32
28.1	28.33
28.1	28.34
28.5	28.35
28.5	28.36
28.4	28.37
28.1	28.38
28.8	28.39
28.1	28.40
28.5	28.41
28.6	28.42
28.1	28.43
28.9	28.44
28.2	28.45
28.10	28.46
28.9	28.47
28.3	28.48
28.1	28.49
28.1	28.50
28.1	28.51
28.1	28.52
28.1	28.53
28.6	28.54
28.1	28.55
28.1	28.56
28.10	28.57
28.9	28.58
28.1	28.59
28.9	28.60
28.6	28.61
28.9	28.62
28.1	28.63
28.9	28.64
29.14	29.1
29.1	29.2
29.13	29.3
29.1	29.4
29.13	29.5
29.13	29.6
29.1	29.7
29.13	29.8
29.14	29.9
29.13	29.10
29.16	29.11
29.12	29.12
29.1	29.13
29.16	29.14
29.13	29.15
29.6	29.16
29.7	29.17
29.9	29.18
29.4	29.19
29.13	29.20
29.15	29.21
29.9	29.22
29.17	29.23
29.12	29.24
29.3	29.25
29.8	29.26
29.1	29.27
29.13	29.28
29.13	29.29
29.13	29.30
29.17	29.31
29.2	29.32
29.13	29.33
29.12	29.34
29.13	29.35
29.12	29.36
29.6	29.37
29.13	29.38
29.16	29.39
29.14	29.40
29.17	29.41
29.9	29.42
29.13	29.43
29.1	29.44
29.17	29.45
29.17	29.46
29.5	29.47
29.13	29.48
29.1	29.49
29.1	29.50
29.10	29.51
29.16	29.52
29.11	29.53
29.11	29.54
29.1	29.55
29.13	29.56
29.13	29.57
29.13	29.58
29.13	29.59
29.1	29.60
29.13	29.61
29.1	29.62
29.1	29.63
29.1	29.64
30.12	30.1
30.11	30.2
30.12	30.3
30.4	30.4
30.1	30.5
30.1	30.6
30.4	30.7
30.1	30.8
30.10	30.9
30.1	30.10
30.12	30.11
30.1	30.12
30.1	30.13
30.1	30.14
30.1	30.15
30.1	30.16
30.14	30.17
30.1	30.18
30.12	30.19
30.1	30.20
30.1	30.21
30.4	30.22
30.1	30.23
30.1	30.24
30.1	30.25
30.6	30.26
30.5	30.27
30.4	30.28
30.12	30.29
30.2	30.30
30.10	30.31
30.1	30.32
30.13	30.33
30.8	30.34
30.1	30.35
30.3	30.36
30.7	30.37
30.1	30.38
30.1	30.39
30.12	30.40
30.12	30.41
30.12	30.42
30.1	30.43
30.14	30.44
30.1	30.45
30.1	30.46
30.1	30.47
30.12	30.48
30.1	30.49
30.8	30.50
30.4	30.51
30.1	30.52
30.1	30.53
30.1	30.54
30.1	30.55
30.1	30.56
30.1	30.57
30.12	30.58
30.1	30.59
30.13	30.60
30.9	30.61
30.12	30.62
30.1	30.63
30.1	30.64
31.10	31.1
31.10	31.2
31.5	31.3
31.7	31.4
31.4	31.5
31.10	31.6
31.5	31.7
31.10	31.8
31.10	31.9
31.10	31.10
31.10	31.11
31.5	31.12
31.10	31.13
31.5	31.14
31.10	31.15
31.8	31.16
31.8	31.17
31.10	31.18
31.10	31.19
31.5	31.20
31.5	31.21
31.5	31.22
31.10	31.23
31.8	31.24
31.8	31.25
31.12	31.26
31.13	31.27
31.8	31.28
31.13	31.29
31.10	31.30
31.12	31.31
31.10	31.32
31.5	31.33
31.5	31.34
31.1	31.35
31.13	31.36
31.13	31.37
31.13	31.38
31.5	31.39
31.10	31.40
31.8	31.41
31.5	31.42
31.8	31.43
31.1	31.44
31.2	31.45
31.9	31.46
31.5	31.47
31.6	31.48
31.10	31.49
31.10	31.50
31.3	31.51
31.5	31.52
31.5	31.53
31.5	31.54
31.10	31.55
31.5	31.56
31.8	31.57
31.8	31.58
31.8	31.59
31.5	31.60
31.11	31.61
31.5	31.62
31.10	31.63
31.5	31.64
32.1	32.1
32.1	32.2
32.1	32.3
32.6	32.4
32.6	32.5
32.1	32.6
32.1	32.7
32.1	32.8
32.1	32.9
32.1	32.10
32.1	32.11
32.1	32.12
32.1	32.13
32.1	32.14
32.1	32.15
32.4	32.16
32.1	32.17
32.1	32.18
32.1	32.19
32.4	32.20
32.1	32.21
32.1	32.22
32.4	32.23
32.1	32.24
32.1	32.25
32.1	32.26
32.1	32.27
32.1	32.28
32.1	32.29
32.1	32.30
32.1	32.31
32.1	32.32
32.1	32.33
32.1	32.34
32.1	32.35
32.1	32.36
32.3	32.37
32.1	32.38
32.1	32.39
32.5	32.40
32.1	32.41
32.1	32.42
32.6	32.43
32.2	32.44
32.4	32.45
32.1	32.46
32.1	32.47
32.4	32.48
32.1	32.49
32.4	32.50
32.1	32.51
32.6	32.52
32.1	32.53
32.6	32.54
32.1	32.55
32.1	32.56
32.1	32.57
32.1	32.58
32.1	32.59
32.1	32.60
32.1	32.61
32.1	32.62
32.1	32.63
32.4	32.64
33.9	33.1
33.1	33.2
33.7	33.3
33.7	33.4
33.9	33.5
33.9	33.6
33.7	33.7
33.7	33.8
33.7	33.9
33.7	33.10
33.7	33.11
33.7	33.12
33.7	33.13
33.7	33.14
33.9	33.15
33.8	33.16
33.7	33.17
33.7	33.18
33.2	33.19
33.6	33.20
33.4	33.21
33.7	33.22
33.10	33.23
33.7	33.24
33.4	33.25
33.7	33.26
33.7	33.27
33.7	33.28
33.7	33.29
33.7	33.30
33.7	33.31
33.9	33.32
33.7	33.33
33.7	33.34
33.9	33.35
33.7	33.36
33.7	33.37
33.7	33.38
33.7	33.39
33.7	33.40
33.7	33.41
33.9	33.42
33.7	33.43
33.9	33.44
33.7	33.45
33.9	33.46
33.9	33.47
33.9	33.48
33.5	33.49
33.7	33.50
33.7	33.51
33.7	33.52
33.9	33.53
33.12	33.54
33.1	33.55
33.3	33.56
33.7	33.57
33.7	33.58
33.7	33.59
33.8	33.60
33.9	33.61
33.11	33.62
33.7	33.63
33.7	33.64
34.1	34.1
34.1	34.2
34.1	34.3
34.1	34.4
34.1	34.5
34.1	34.6
34.1	34.7
34.9	34.8
34.1	34.9
34.1	34.10
34.9	34.11
34.1	34.12
34.9	34.13
34.1	34.14
34.1	34.15
34.1	34.16
34.1	34.17
34.1	34.18
34.1	34.19
34.1	34.20
34.9	34.21
34.1	34.22
34.1	34.23
34.1	34.24
34.1	34.25
34.1	34.26
34.8	34.27
34.1	34.28
34.1	34.29
34.8	34.30
34.7	34.31
34.1	34.32
34.1	34.33
34.3	34.34
34.1	34.35
34.9	34.36
34.1	34.37
34.1	34.38
34.9	34.39
34.1	34.40
34.1	34.41
34.8	34.42
34.2	34.43
34.1	34.44
34.5	34.45
34.9	34.46
34.1	34.47
34.1	34.48
34.9	34.49
34.6	34.50
34.9	34.51
34.1	34.52
34.9	34.53
34.9	34.54
34.1	34.55
34.1	34.56
34.8	34.57
34.8	34.58
34.4	34.59
34.1	34.60
34.1	34.61
34.9	34.62
34.9	34.63
34.1	34.64
35.17	35.1
35.1	35.2
35.15	35.3
35.14	35.4
35.17	35.5
35.6	35.6
35.14	35.7
35.1	35.8
35.12	35.9
35.17	35.10
35.17	35.11
35.2	35.12
35.17	35.13
35.14	35.14
35.1	35.15
35.1	35.16
35.13	35.17
35.15	35.18
35.1	35.19
35.17	35.20
35.14	35.21
35.14	35.22
35.9	35.23
35.17	35.24
35.1	35.25
35.1	35.26
35.15	35.27
35.17	35.28
35.1	35.29
35.18	35.30
35.8	35.31
35.17	35.32
35.13	35.33
35.13	35.34
35.14	35.35
35.15	35.36
35.1	35.37
35.16	35.38
35.15	35.39
35.1	35.40
35.1	35.41
35.1	35.42
35.15	35.43
35.7	35.44
35.13	35.45
35.1	35.46
35.1	35.47
35.14	35.48
35.5	35.49
35.1	35.50
35.1	35.51
35.16	35.52
35.1	35.53
35.1	35.54
35.1	35.55
35.14	35.56
35.14	35.57
35.4	35.58
35.14	35.59
35.11	35.60
35.9	35.61
35.10	35.62
35.10	35.63
35.3	35.64
36.14	36.1
36.1	36.2
36.6	36.3
36.10	36.4
36.6	36.5
36.1	36.6
36.1	36.7
36.11	36.8
36.11	36.9
36.1	36.10
36.1	36.11
36.13	36.12
36.12	36.13
36.1	36.14
36.1	36.15
36.1	36.16
36.4	36.17
36.1	36.18
36.1	36.19
36.1	36.20
36.11	36.21
36.1	36.22
36.3	36.23
36.14	36.24
36.1	36.25
36.1	36.26
36.11	36.27
36.1	36.28
36.1	36.29
36.14	36.30
36.1	36.31
36.11	36.32
36.11	36.33
36.1	36.34
36.1	36.35
36.1	36.36
36.5	36.37
36.8	36.38
36.14	36.39
36.7	36.40
36.1	36.41
36.11	36.42
36.14	36.43
36.3	36.44
36.11	36.45
36.15	36.46
36.11	36.47
36.14	36.48
36.11	36.49
36.1	36.50
36.1	36.51
36.11	36.52
36.1	36.53
36.2	36.54
36.1	36.55
36.1	36.56
36.9	36.57
36.14	36.58
36.1	36.59
36.15	36.60
36.11	36.61
36.1	36.62
36.11	36.63
36.12	36.64
37.18	37.1
37.14	37.2
37.18	37.3
37.8	37.4
37.1	37.5
37.18	37.6
37.1	37.7
37.19	37.8
37.18	37.9
37.1	37.10
37.15	37.11
37.11	37.12
37.1	37.13
37.16	37.14
37.1	37.15
37.2	37.16
37.10	37.17
37.17	37.18
37.1	37.19
37.1	37.20
37.15	37.21
37.1	37.22
37.11	37.23
37.12	37.24
37.1	37.25
37.18	37.26
37.9	37.27
37.18	37.28
37.16	37.29
37.18	37.30
37.4	37.31
37.1	37.32
37.1	37.33
37.5	37.34
37.1	37.35
37.11	37.36
37.17	37.37
37.16	37.38
37.14	37.39
37.16	37.40
37.1	37.41
37.18	37.42
37.14	37.43
37.1	37.44
37.17	37.45
37.18	37.46
37.18	37.47
37.16	37.48
37.16	37.49
37.1	37.50
37.6	37.51
37.1	37.52
37.19	37.53
37.13	37.54
37.7	37.55
37.8	37.56
37.10	37.57
37.19	37.58
37.18	37.59
37.18	37.60
37.17	37.61
37.1	37.62
37.10	37.63
37.3	37.64
38.7	38.1
38.7	38.2
38.7	38.3
38.7	38.4
38.7	38.5
38.7	38.6
38.7	38.7
38.8	38.8
38.7	38.9
38.7	38.10
38.7	38.11
38.2	38.12
38.1	38.13
38.9	38.14
38.7	38.15
38.7	38.16
38.7	38.17
38.7	38.18
38.7	38.19
38.7	38.20
38.7	38.21
38.5	38.22
38.7	38.23
38.8	38.24
38.7	38.25
38.7	38.26
38.1	38.27
38.7	38.28
38.8	38.29
38.7	38.30
38.7	38.31
38.8	38.32
38.8	38.33
38.1	38.34
38.7	38.35
38.7	38.36
38.1	38.37
38.7	38.38
38.8	38.39
38.7	38.40
38.1	38.41
38.7	38.42
38.7	38.43
38.6	38.44
38.7	38.45
38.3	38.46
38.7	38.47
38.8	38.48
38.7	38.49
38.8	38.50
38.5	38.51
38.7	38.52
38.7	38.53
38.8	38.54
38.4	38.55
38.7	38.56
38.7	38.57
38.7	38.58
38.1	38.59
38.7	38.60
38.7	38.61
38.8	38.62
38.8	38.63
38.7	38.64
39.10	39.1
39.10	39.2
39.1	39.3
39.1	39.4
39.10	39.5
39.10	39.6
39.1	39.7
39.8	39.8
39.10	39.9
39.1	39.10
39.3	39.11
39.1	39.12
39.5	39.13
39.2	39.14
39.1	39.15
39.10	39.16
39.1	39.17
39.10	39.18
39.5	39.19
39.1	39.20
39.1	39.21
39.1	39.22
39.10	39.23
39.10	39.24
39.10	39.25
39.1	39.26
39.10	39.27
39.1	39.28
39.1	39.29
39.1	39.30
39.10	39.31
39.10	39.32
39.6	39.33
39.1	39.34
39.10	39.35
39.7	39.36
39.1	39.37
39.10	39.38
39.10	39.39
39.10	39.40
39.7	39.41
39.1	39.42
39.10	39.43
39.4	39.44
39.10	39.45
39.10	39.46
39.9	39.47
39.10	39.48
39.10	39.49
39.1	39.50
39.1	39.51
39.1	39.52
39.10	39.53
39.1	39.54
39.1	39.55
39.10	39.56
39.1	39.57
39.10	39.58
39.10	39.59
39.1	39.60
39.11	39.61
39.10	39.62
39.10	39.63
39.10	39.64
40.12	40.1
40.12	40.2
40.12	40.3
40.1	40.4
40.14	40.5
40.12	40.6
40.12	40.7
40.14	40.8
40.9	40.9
40.9	40.10
40.9	40.11
40.12	40.12
40.12	40.13
40.9	40.14
40.12	40.15
40.12	40.16
40.9	40.17
40.3	40.18
40.8	40.19
40.7	40.20
40.12	40.21
40.9	40.22
40.9	40.23
40.12	40.24
40.10	40.25
40.14	40.26
40.7	40.27
40.12	40.28
40.12	40.29
40.6	40.30
40.9	40.31
40.12	40.32
40.9	40.33
40.1	40.34
40.12	40.35
40.9	40.36
40.1	40.37
40.9	40.38
40.12	40.39
40.12	40.40
40.12	40.41
40.9	40.42
40.2	40.43
40.9	40.44
40.12	40.45
40.12	40.46
40.9	40.47
40.5	40.48
40.4	40.49
40.9	40.50
40.12	40.51
40.12	40.52
40.12	40.53
40.14	40.54
40.12	40.55
40.12	40.56
40.12	40.57
40.14	40.58
40.12	40.59
40.13	40.60
40.1	40.61
40.11	40.62
40.7	40.63
40.12	40.64
41.7	41.1
41.1	41.2
41.7	41.3
41.1	41.4
41.1	41.5
41.6	41.6
41.1	41.7
41.1	41.8
41.3	41.9
41.7	41.10
41.7	41.11
41.1	41.12
41.7	41.13
41.7	41.14
41.1	41.15
41.1	41.16
41.1	41.17
41.1	41.18
41.11	41.19
41.7	41.20
41.7	41.21
41.1	41.22
41.1	41.23
41.1	41.24
41.1	41.25
41.1	41.26
41.7	41.27
41.1	41.28
41.7	41.29
41.7	41.30
41.7	41.31
41.7	41.32
41.4	41.33
41.11	41.34
41.1	41.35
41.6	41.36
41.7	41.37
41.7	41.38
41.7	41.39
41.9	41.40
41.10	41.41
41.7	41.42
41.1	41.43
41.7	41.44
41.5	41.45
41.7	41.46
41.11	41.47
41.1	41.48
41.2	41.49
41.7	41.50
41.7	41.51
41.7	41.52
41.7	41.53
41.1	41.54
41.6	41.55
41.7	41.56
41.1	41.57
41.1	41.58
41.7	41.59
41.1	41.60
41.6	41.61
41.7	41.62
41.8	41.63
41.7	41.64
42.7	42.1
42.11	42.2
42.11	42.3
42.7	42.4
42.7	42.5
42.10	42.6
42.7	42.7
42.1	42.8
42.1	42.9
42.9	42.10
42.11	42.11
42.7	42.12
42.11	42.13
42.1	42.14
42.11	42.15
42.9	42.16
42.5	42.17
42.9	42.18
42.1	42.19
42.11	42.20
42.7	42.21
42.10	42.22
42.11	42.23
42.7	42.24
42.11	42.25
42.1	42.26
42.7	42.27
42.1	42.28
42.9	42.29
42.7	42.30
42.1	42.31
42.1	42.32
42.11	42.33
42.7	42.34
42.9	42.35
42.7	42.36
42.10	42.37
42.7	42.38
42.11	42.39
42.6	42.40
42.11	42.41
42.7	42.42
42.10	42.43
42.7	42.44
42.1	42.45
42.7	42.46
42.7	42.47
42.3	42.48
42.10	42.49
42.12	42.50
42.8	42.51
42.1	42.52
42.3	42.53
42.3	42.54
42.2	42.55
42.11	42.56
42.4	42.57
42.1	42.58
42.7	42.59
42.11	42.60
42.1	42.61
42.7	42.62
42.11	42.63
42.11	42.64
43.13	43.1
43.15	43.2
43.1	43.3
43.1	43.4
43.15	43.5
43.9	43.6
43.1	43.7
43.2	43.8
43.13	43.9
43.13	43.10
43.6	43.11
43.12	43.12
43.14	43.13
43.7	43.14
43.15	43.15
43.15	43.16
43.11	43.17
43.15	43.18
43.15	43.19
43.11	43.20
43.1	43.21
43.1	43.22
43.15	43.23
43.1	43.24
43.14	43.25
43.1	43.26
43.13	43.27
43.1	43.28
43.15	43.29
43.13	43.30
43.1	43.31
43.11	43.32
43.13	43.33
43.15	43.34
43.14	43.35
43.10	43.36
43.1	43.37
43.11	43.38
43.11	43.39
43.13	43.40
43.15	43.41
43.1	43.42
43.14	43.43
43.5	43.44
43.11	43.45
43.3	43.46
43.13	43.47
43.14	43.48
43.1	43.49
43.4	43.50
43.8	43.51
43.13	43.52
43.13	43.53
43.13	43.54
43.9	43.55
43.15	43.56
43.13	43.57
43.1	43.58
43.13	43.59
43.1	43.60
43.13	43.61
43.13	43.62
43.13	43.63
43.13	43.64
44.1	44.1
44.1	44.2
44.1	44.3
44.1	44.4
44.6	44.5
44.1	44.6
44.1	44.7
44.4	44.8
44.6	44.9
44.1	44.10
44.1	44.11
44.1	44.12
44.1	44.13
44.6	44.14
44.1	44.15
44.1	44.16
44.3	44.17
44.1	44.18
44.1	44.19
44.1	44.20
44.1	44.21
44.1	44.22
44.1	44.23
44.1	44.24
44.1	44.25
44.1	44.26
44.1	44.27
44.1	44.28
44.1	44.29
44.1	44.30
44.6	44.31
44.6	44.32
44.1	44.33
44.1	44.34
44.1	44.35
44.1	44.36
44.1	44.37
44.1	44.38
44.1	44.39
44.6	44.40
44.1	44.41
44.1	44.42
44.1	44.43
44.1	44.44
44.1	44.45
44.2	44.46
44.1	44.47
44.1	44.48
44.6	44.49
44.5	44.50
44.5	44.51
44.1	44.52
44.6	44.53
44.1	44.54
44.5	44.55
44.6	44.56
44.6	44.57
44.5	44.58
44.6	44.59
44.1	44.60
44.6	44.61
44.1	44.62
44.6	44.63
44.6	44.64
45.1	45.1
45.1	45.2
45.1	45.3
45.1	45.4
45.1	45.5
45.1	45.6
45.9	45.7
45.1	45.8
45.4	45.9
45.1	45.10
45.1	45.11
45.1	45.12
45.1	45.13
45.9	45.14
45.1	45.15
45.1	45.16
45.1	45.17
45.1	45.18
45.1	45.19
45.6	45.20
45.1	45.21
45.5	45.22
45.1	45.23
45.1	45.24
45.1	45.25
45.3	45.26
45.1	45.27
45.1	45.28
45.1	45.29
45.1	45.30
45.1	45.31
45.9	45.32
45.8	45.33
45.9	45.34
45.4	45.35
45.1	45.36
45.7	45.37
45.1	45.38
45.6	45.39
45.9	45.40
45.9	45.41
45.1	45.42
45.1	45.43
45.1	45.44
45.1	45.45
45.1	45.46
45.1	45.47
45.6	45.48
45.1	45.49
45.9	45.50
45.1	45.51
45.9	45.52
45.9	45.53
45.1	45.54
45.1	45.55
45.2	45.56
45.9	45.57
45.9	45.58
45.1	45.59
45.9	45.60
45.9	45.61
45.9	45.62
45.6	45.63
45.1	45.64
46.1	46.1
46.1	46.2
46.5	46.3
46.1	46.4
46.1	46.5
46.1	46.6
46.1	46.7
46.1	46.8
46.1	46.9
46.1	46.10
46.5	46.11
46.5	46.12
46.1	46.13
46.1	46.14
46.1	46.15
46.1	46.16
46.5	46.17
46.5	46.18
46.1	46.19
46.5	46.20
46.5	46.21
46.1	46.22
46.1	46.23
46.7	46.24
46.5	46.25
46.6	46.26
46.1	46.27
46.1	46.28
46.1	46.29
46.1	46.30
46.1	46.31
46.1	46.32
46.1	46.33
46.5	46.34
46.1	46.35
46.1	46.36
46.1	46.37
46.1	46.38
46.1	46.39
46.1	46.40
46.5	46.41
46.2	46.42
46.5	46.43
46.1	46.44
46.1	46.45
46.7	46.46
46.1	46.47
46.1	46.48
46.1	46.49
46.1	46.50
46.4	46.51
46.5	46.52
46.1	46.53
46.3	46.54
46.5	46.55
46.1	46.56
46.5	46.57
46.1	46.58
46.7	46.59
46.1	46.60
46.7	46.61
46.1	46.62
46.1	46.63
46.1	46.64
47.8	47.1
47.7	47.2
47.9	47.3
47.11	47.4
47.10	47.5
47.6	47.6
47.9	47.7
47.8	47.8
47.7	47.9
47.1	47.10
47.10	47.11
47.9	47.12
47.8	47.13
47.8	47.14
47.6	47.15
47.1	47.16
47.4	47.17
47.10	47.18
47.10	47.19
47.7	47.20
47.1	47.21
47.10	47.22
47.8	47.23
47.10	47.24
47.8	47.25
47.7	47.26
47.8	47.27
47.10	47.28
47.10	47.29
47.6	47.30
47.10	47.31
47.1	47.32
47.11	47.33
47.9	47.34
47.10	47.35
47.10	47.36
47.9	47.37
47.8	47.38
47.10	47.39
47.10	47.40
47.10	47.41
47.6	47.42
47.5	47.43
47.10	47.44
47.8	47.45
47.6	47.46
47.6	47.47
47.8	47.48
47.6	47.49
47.10	47.50
47.8	47.51
47.3	47.52
47.6	47.53
47.7	47.54
47.7	47.55
47.10	47.56
47.8	47.57
47.9	47.58
47.1	47.59
47.2	47.60
47.4	47.61
47.10	47.62
47.1	47.63
47.8	47.64
48.7	48.1
48.10	48.2
48.1	48.3
48.7	48.4
48.7	48.5
48.9	48.6
48.10	48.7
48.7	48.8
48.6	48.9
48.14	48.10
48.4	48.11
48.11	48.12
48.11	48.13
48.13	48.14
48.10	48.15
48.10	48.16
48.14	48.17
48.5	48.18
48.7	48.19
48.6	48.20
48.7	48.21
48.6	48.22
48.9	48.23
48.6	48.24
48.9	48.25
48.6	48.26
48.14	48.27
48.10	48.28
48.10	48.29
48.2	48.30
48.1	48.31
48.12	48.32
48.13	48.33
48.11	48.34
48.7	48.35
48.7	48.36
48.6	48.37
48.6	48.38
48.10	48.39
48.14	48.40
48.14	48.41
48.11	48.42
48.10	48.43
48.10	48.44
48.7	48.45
48.8	48.46
48.9	48.47
48.13	48.48
48.13	48.49
48.3	48.50
48.7	48.51
48.9	48.52
48.10	48.53
48.14	48.54
48.11	48.55
48.11	48.56
48.10	48.57
48.7	48.58
48.7	48.59
48.7	48.60
48.11	48.61
48.7	48.62
48.7	48.63
48.14	48.64
49.7	49.1
49.7	49.2
49.7	49.3
49.7	49.4
49.4	49.5
49.7	49.6
49.4	49.7
49.7	49.8
49.7	49.9
49.7	49.10
49.2	49.11
49.7	49.12
49.7	49.13
49.1	49.14
49.7	49.15
49.4	49.16
49.7	49.17
49.6	49.18
49.7	49.19
49.7	49.20
49.7	49.21
49.1	49.22
49.7	49.23
49.7	49.24
49.7	49.25
49.7	49.26
49.7	49.27
49.7	49.28
49.7	49.29
49.7	49.30
49.7	49.31
49.7	49.32
49.4	49.33
49.7	49.34
49.7	49.35
49.7	49.36
49.7	49.37
49.7	49.38
49.7	49.39
49.7	49.40
49.6	49.41
49.7	49.42
49.7	49.43
49.7	49.44
49.7	49.45
49.4	49.46
49.7	49.47
49.7	49.48
49.7	49.49
49.7	49.50
49.3	49.51
49.7	49.52
49.7	49.53
49.6	49.54
49.7	49.55
49.7	49.56
49.1	49.57
49.7	49.58
49.7	49.59
49.7	49.60
49.7	49.61
49.4	49.62
49.1	49.63
49.5	49.64
50.1	50.1
50.1	50.2
50.9	50.3
50.9	50.4
50.9	50.5
50.1	50.6
50.1	50.7
50.1	50.8
50.1	50.9
50.1	50.10
50.8	50.11
50.9	50.12
50.1	50.13
50.1	50.14
50.1	50.15
50.8	50.16
50.9	50.17
50.9	50.18
50.1	50.19
50.9	50.20
50.1	50.21
50.9	50.22
50.9	50.23
50.1	50.24
50.1	50.25
50.9	50.26
50.8	50.27
50.1	50.28
50.1	50.29
50.2	50.30
50.9	50.31
50.1	50.32
50.8	50.33
50.9	50.34
50.1	50.35
50.1	50.36
50.9	50.37
50.1	50.38
50.4	50.39
50.1	50.40
50.1	50.41
50.7	50.42
50.5	50.43
50.8	50.44
50.1	50.45
50.1	50.46
50.1	50.47
50.6	50.48
50.9	50.49
50.1	50.50
50.6	50.51
50.1	50.52
50.8	50.53
50.9	50.54
50.1	50.55
50.1	50.56
50.9	50.57
50.3	50.58
50.1	50.59
50.1	50.60
50.7	50.61
50.1	50.62
50.1	50.63
50.9	50.64
51.14	51.1
51.11	51.2
51.11	51.3
51.13	51.4
51.14	51.5
51.11	51.6
51.11	51.7
51.14	51.8
51.1	51.9
51.1	51.10
51.1	51.11
51.10	51.12
51.11	51.13
51.12	51.14
51.14	51.15
51.11	51.16
51.1	51.17
51.5	51.18
51.11	51.19
51.1	51.20
51.3	51.21
51.11	51.22
51.5	51.23
51.11	51.24
51.5	51.25
51.11	51.26
51.1	51.27
51.7	51.28
51.14	51.29
51.7	51.30
51.1	51.31
51.11	51.32
51.1	51.33
51.2	51.34
51.11	51.35
51.11	51.36
51.6	51.37
51.11	51.38
51.11	51.39
51.11	51.40
51.11	51.41
51.11	51.42
51.5	51.43
51.1	51.44
51.7	51.45
51.1	51.46
51.6	51.47
51.11	51.48
51.1	51.49
51.11	51.50
51.8	51.51
51.10	51.52
51.1	51.53
51.11	51.54
51.11	51.55
51.1	51.56
51.1	51.57
51.4	51.58
51.11	51.59
51.13	51.60
51.1	51.61
51.1	51.62
51.6	51.63
51.9	51.64
52.1	52.1
52.1	52.2
52.15	52.3
52.15	52.4
52.15	52.5
52.15	52.6
52.7	52.7
52.1	52.8
52.1	52.9
52.8	52.10
52.10	52.11
52.1	52.12
52.14	52.13
52.1	52.14
52.15	52.15
52.14	52.16
52.1	52.17
52.15	52.18
52.14	52.19
52.1	52.20
52.13	52.21
52.1	52.22
52.6	52.23
52.15	52.24
52.15	52.25
52.1	52.26
52.1	52.27
52.15	52.28
52.1	52.29
52.15	52.30
52.15	52.31
52.9	52.32
52.12	52.33
52.15	52.34
52.13	52.35
52.13	52.36
52.14	52.37
52.7	52.38
52.14	52.39
52.15	52.40
52.1	52.41
52.7	52.42
52.1	52.43
52.14	52.44
52.13	52.45
52.15	52.46
52.3	52.47
52.13	52.48
52.15	52.49
52.1	52.50
52.11	52.51
52.1	52.52
52.2	52.53
52.8	52.54
52.1	52.55
52.14	52.56
52.4	52.57
52.5	52.58
52.15	52.59
52.10	52.60
52.10	52.61
52.7	52.62
52.1	52.63
52.14	52.64
53.1	53.1
53.1	53.2
53.1	53.3
53.1	53.4
53.1	53.5
53.1	53.6
53.7	53.7
53.7	53.8
53.1	53.9
53.1	53.10
53.1	53.11
53.1	53.12
53.1	53.13
53.7	53.14
53.3	53.15
53.1	53.16
53.1	53.17
53.3	53.18
53.7	53.19
53.1	53.20
53.1	53.21
53.1	53.22
53.1	53.23
53.4	53.24
53.7	53.25
53.1	53.26
53.1	53.27
53.3	53.28
53.7	53.29
53.7	53.30
53.5	53.31
53.1	53.32
53.3	53.33
53.1	53.34
53.7	53.35
53.7	53.36
53.1	53.37
53.7	53.38
53.5	53.39
53.1	53.40
53.7	53.41
53.1	53.42
53.6	53.43
53.1	53.44
53.3	53.45
53.1	53.46
53.1	53.47
53.7	53.48
53.1	53.49
53.7	53.50
53.1	53.51
53.2	53.52
53.1	53.53
53.7	53.54
53.1	53.55
53.1	53.56
53.7	53.57
53.1	53.58
53.1	53.59
53.1	53.60
53.1	53.61
53.1	53.62
53.1	53.63
53.1	53.64
54.1	54.1
54.1	54.2
54.1	54.3
54.1	54.4
54.1	54.5
54.1	54.6
54.1	54.7
54.1	54.8
54.1	54.9
54.1	54.10
54.8	54.11
54.1	54.12
54.1	54.13
54.1	54.14
54.1	54.15
54.1	54.16
54.8	54.17
54.7	54.18
54.1	54.19
54.1	54.20
54.1	54.21
54.8	54.22
54.1	54.23
54.2	54.24
54.4	54.25
54.9	54.26
54.8	54.27
54.1	54.28
54.1	54.29
54.1	54.30
54.1	54.31
54.7	54.32
54.8	54.33
54.8	54.34
54.1	54.35
54.7	54.36
54.8	54.37
54.1	54.38
54.1	54.39
54.1	54.40
54.6	54.41
54.1	54.42
54.1	54.43
54.3	54.44
54.1	54.45
54.8	54.46
54.8	54.47
54.4	54.48
54.1	54.49
54.8	54.50
54.8	54.51
54.8	54.52
54.1	54.53
54.6	54.54
54.8	54.55
54.1	54.56
54.8	54.57
54.1	54.58
54.4	54.59
54.5	54.60
54.8	54.61
54.1	54.62
54.1	54.63
54.1	54.64
55.9	55.1
55.1	55.2
55.5	55.3
55.1	55.4
55.9	55.5
55.7	55.6
55.1	55.7
55.1	55.8
55.4	55.9
55.9	55.10
55.1	55.11
55.7	55.12
55.9	55.13
55.9	55.14
55.9	55.15
55.9	55.16
55.8	55.17
55.9	55.18
55.8	55.19
55.6	55.20
55.9	55.21
55.8	55.22
55.2	55.23
55.9	55.24
55.9	55.25
55.1	55.26
55.9	55.27
55.1	55.28
55.9	55.29
55.1	55.30
55.7	55.31
55.1	55.32
55.9	55.33
55.9	55.34
55.9	55.35
55.1	55.36
55.1	55.37
55.4	55.38
55.9	55.39
55.1	55.40
55.3	55.41
55.9	55.42
55.9	55.43
55.9	55.44
55.9	55.45
55.9	55.46
55.1	55.47
55.8	55.48
55.8	55.49
55.9	55.50
55.1	55.51
55.9	55.52
55.1	55.53
55.9	55.54
55.9	55.55
55.9	55.56
55.9	55.57
55.1	55.58
55.9	55.59
55.8	55.60
55.7	55.61
55.1	55.62
55.9	55.63
55.9	55.64
56.9	56.1
56.9	56.2
56.9	56.3
56.1	56.4
56.14	56.5
56.2	56.6
56.11	56.7
56.1	56.8
56.9	56.9
56.9	56.10
56.1	56.11
56.9	56.12
56.1	56.13
56.1	56.14
56.11	56.15
56.9	56.16
56.9	56.17
56.1	56.18
56.7	56.19
56.1	56.20
56.1	56.21
56.14	56.22
56.1	56.23
56.1	56.24
56.9	56.25
56.1	56.26
56.8	56.27
56.1	56.28
56.9	56.29
56.9	56.30
56.3	56.31
56.12	56.32
56.9	56.33
56.9	56.34
56.8	56.35
56.1	56.36
56.9	56.37
56.11	56.38
56.8	56.39
56.1	56.40
56.12	56.41
56.9	56.42
56.8	56.43
56.8	56.44
56.9	56.45
56.9	56.46
56.9	56.47
56.1	56.48
56.7	56.49
56.13	56.50
56.9	56.51
56.1	56.52
56.4	56.53
56.11	56.54
56.6	56.55
56.1	56.56
56.13	56.57
56.5	56.58
56.5	56.59
56.10	56.60
56.1	56.61
56.9	56.62
56.9	56.63
56.9	56.64
57.7	57.1
57.7	57.2
57.7	57.3
57.7	57.4
57.7	57.5
57.7	57.6
57.7	57.7
57.7	57.8
57.7	57.9
57.7	57.10
57.7	57.11
57.7	57.12
57.7	57.13
57.7	57.14
57.1	57.15
57.7	57.16
57.7	57.17
57.7	57.18
57.7	57.19
57.1	57.20
57.7	57.21
57.5	57.22
57.7	57.23
57.7	57.24
57.7	57.25
57.1	57.26
57.7	57.27
57.7	57.28
57.2	57.29
57.7	57.30
57.7	57.31
57.7	57.32
57.7	57.33
57.7	57.34
57.1	57.35
57.7	57.36
57.8	57.37
57.7	57.38
57.7	57.39
57.7	57.40
57.1	57.41
57.1	57.42
57.7	57.43
57.7	57.44
57.7	57.45
57.7	57.46
57.6	57.47
57.7	57.48
57.6	57.49
57.7	57.50
57.7	57.51
57.1	57.52
57.1	57.53
57.1	57.54
57.7	57.55
57.7	57.56
57.4	57.57
57.1	57.58
57.7	57.59
57.1	57.60
57.3	57.61
57.7	57.62
57.7	57.63
57.1	57.64
58.1	58.1
58.1	58.2
58.8	58.3
58.1	58.4
58.1	58.5
58.1	58.6
58.1	58.7
58.1	58.8
58.8	58.9
58.1	58.10
58.1	58.11
58.1	58.12
58.1	58.13
58.6	58.14
58.7	58.15
58.5	58.16
58.1	58.17
58.1	58.18
58.4	58.19
58.5	58.20
58.1	58.21
58.5	58.22
58.1	58.23
58.1	58.24
58.8	58.25
58.8	58.26
58.1	58.27
58.1	58.28
58.1	58.29
58.1	58.30
58.8	58.31
58.1	58.32
58.1	58.33
58.1	58.34
58.1	58.35
58.8	58.36
58.1	58.37
58.8	58.38
58.8	58.39
58.1	58.40
58.1	58.41
58.1	58.42
58.4	58.43
58.5	58.44
58.1	58.45
58.5	58.46
58.1	58.47
58.1	58.48
58.8	58.49
58.1	58.50
58.6	58.51
58.4	58.52
58.1	58.53
58.3	58.54
58.8	58.55
58.1	58.56
58.1	58.57
58.1	58.58
58.8	58.59
58.8	58.60
58.8	58.61
58.1	58.62
58.1	58.63
58.2	58.64
59.1	59.1
59.1	59.2
59.3	59.3
59.11	59.4
59.13	59.5
59.1	59.6
59.10	59.7
59.11	59.8
59.1	59.9
59.10	59.10
59.11	59.11
59.1	59.12
59.10	59.13
59.11	59.14
59.11	59.15
59.13	59.16
59.3	59.17
59.1	59.18
59.11	59.19
59.12	59.20
59.11	59.21
59.11	59.22
59.1	59.23
59.6	59.24
59.1	59.25
59.1	59.26
59.1	59.27
59.9	59.28
59.1	59.29
59.11	59.30
59.1	59.31
59.7	59.32
59.1	59.33
59.8	59.34
59.10	59.35
59.13	59.36
59.4	59.37
59.5	59.38
59.1	59.39
59.1	59.40
59.12	59.41
59.10	59.42
59.1	59.43
59.1	59.44
59.11	59.45
59.11	59.46
59.13	59.47
59.11	59.48
59.13	59.49
59.1	59.50
59.11	59.51
59.11	59.52
59.12	59.53
59.11	59.54
59.11	59.55
59.11	59.56
59.10	59.57
59.7	59.58
59.11	59.59
59.3	59.60
59.3	59.61
59.11	59.62
59.2	59.63
59.11	59.64
60.14	60.1
60.14	60.2
60.7	60.3
60.14	60.4
60.7	60.5
60.14	60.6
60.9	60.7
60.7	60.8
60.1	60.9
60.7	60.10
60.14	60.11
60.7	60.12
60.7	60.13
60.1	60.14
60.14	60.15
60.1	60.16
60.18	60.17
60.14	60.18
60.6	60.19
60.7	60.20
60.14	60.21
60.14	60.22
60.14	60.23
60.13	60.24
60.13	60.25
60.1	60.26
60.7	60.27
60.16	60.28
60.7	60.29
60.17	60.30
60.7	60.31
60.16	60.32
60.5	60.33
60.7	60.34
60.14	60.35
60.2	60.36
60.10	60.37
60.14	60.38
60.4	60.39
60.5	60.40
60.14	60.41
60.12	60.42
60.7	60.43
60.13	60.44
60.4	60.45
60.14	60.46
60.1	60.47
60.14	60.48
60.5	60.49
60.1	60.50
60.14	60.51
60.14	60.52
60.8	60.53
60.1	60.54
60.14	60.55
60.7	60.56
60.7	60.57
60.3	60.58
60.15	60.59
60.7	60.60
60.11	60.61
60.18	60.62
60.11	60.63
60.9	60.64
61.7	61.1
61.5	61.2
61.5	61.3
61.7	61.4
61.1	61.5
61.5	61.6
61.1	61.7
61.1	61.8
61.5	61.9
61.5	61.10
61.7	61.11
61.1	61.12
61.7	61.13
61.1	61.14
61.7	61.15
61.1	61.16
61.5	61.17
61.7	61.18
61.1	61.19
61.1	61.20
61.5	61.21
61.5	61.22
61.7	61.23
61.3	61.24
61.1	61.25
61.5	61.26
61.7	61.27
61.5	61.28
61.6	61.29
61.4	61.30
61.7	61.31
61.1	61.32
61.7	61.33
61.7	61.34
61.4	61.35
61.1	61.36
61.7	61.37
61.5	61.38
61.1	61.39
61.7	61.40
61.7	61.41
61.7	61.42
61.2	61.43
61.8	61.44
61.1	61.45
61.1	61.46
61.7	61.47
61.4	61.48
61.7	61.49
61.5	61.50
61.1	61.51
61.1	61.52
61.5	61.53
61.7	61.54
61.7	61.55
61.7	61.56
61.7	61.57
61.7	61.58
61.7	61.59
61.7	61.60
61.1	61.61
61.1	61.62
61.7	61.63
61.6	61.64
62.6	62.1
62.6	62.2
62.6	62.3
62.6	62.4
62.6	62.5
62.6	62.6
62.6	62.7
62.1	62.8
62.1	62.9
62.6	62.10
62.6	62.11
62.6	62.12
62.6	62.13
62.1	62.14
62.6	62.15
62.4	62.16
62.6	62.17
62.6	62.18
62.1	62.19
62.6	62.20
62.1	62.21
62.6	62.22
62.2	62.23
62.4	62.24
62.4	62.25
62.1	62.26
62.6	62.27
62.1	62.28
62.6	62.29
62.6	62.30
62.3	62.31
62.4	62.32
62.1	62.33
62.1	62.34
62.4	62.35
62.5	62.36
62.6	62.37
62.4	62.38
62.6	62.39
62.1	62.40
62.6	62.41
62.1	62.42
62.4	62.43
62.6	62.44
62.6	62.45
62.6	62.46
62.6	62.47
62.4	62.48
62.4	62.49
62.6	62.50
62.6	62.51
62.1	62.52
62.3	62.53
62.1	62.54
62.6	62.55
62.4	62.56
62.6	62.57
62.4	62.58
62.1	62.59
62.6	62.60
62.6	62.61
62.1	62.62
62.6	62.63
62.1	62.64
63.8	63.1
63.1	63.2
63.1	63.3
63.1	63.4
63.1	63.5
63.1	63.6
63.8	63.7
63.1	63.8
63.8	63.9
63.1	63.10
63.1	63.11
63.8	63.12
63.1	63.13
63.8	63.14
63.1	63.15
63.1	63.16
63.1	63.17
63.8	63.18
63.8	63.19
63.8	63.20
63.1	63.21
63.1	63.22
63.8	63.23
63.8	63.24
63.1	63.25
63.7	63.26
63.1	63.27
63.1	63.28
63.1	63.29
63.1	63.30
63.9	63.31
63.1	63.32
63.1	63.33
63.8	63.34
63.8	63.35
63.1	63.36
63.7	63.37
63.1	63.38
63.1	63.39
63.1	63.40
63.1	63.41
63.1	63.42
63.2	63.43
63.4	63.44
63.6	63.45
63.8	63.46
63.1	63.47
63.8	63.48
63.7	63.49
63.1	63.50
63.3	63.51
63.5	63.52
63.8	63.53
63.1	63.54
63.1	63.55
63.8	63.56
63.8	63.57
63.8	63.58
63.1	63.59
63.1	63.60
63.1	63.61
63.1	63.62
63.1	63.63
63.8	63.64
64.6	64.1
64.6	64.2
64.1	64.3
64.6	64.4
64.6	64.5
64.3	64.6
64.8	64.7
64.8	64.8
64.1	64.9
64.7	64.10
64.4	64.11
64.8	64.12
64.6	64.13
64.1	64.14
64.8	64.15
64.8	64.16
64.8	64.17
64.8	64.18
64.8	64.19
64.8	64.20
64.8	64.21
64.8	64.22
64.8	64.23
64.1	64.24
64.6	64.25
64.7	64.26
64.7	64.27
64.6	64.28
64.2	64.29
64.8	64.30
64.8	64.31
64.1	64.32
64.8	64.33
64.1	64.34
64.6	64.35
64.6	64.36
64.8	64.37
64.8	64.38
64.5	64.39
64.8	64.40
64.1	64.41
64.8	64.42
64.1	64.43
64.8	64.44
64.1	64.45
64.8	64.46
64.5	64.47
64.8	64.48
64.1	64.49
64.7	64.50
64.5	64.51
64.8	64.52
64.7	64.53
64.1	64.54
64.7	64.55
64.7	64.56
64.8	64.57
64.8	64.58
64.1	64.59
64.8	64.60
64.6	64.61
64.1	64.62
64.8	64.63
64.5	64.64
65.1	65.1
65.4	65.2
65.5	65.3
65.4	65.4
65.4	65.5
65.1	65.6
65.4	65.7
65.4	65.8
65.4	65.9
65.4	65.10
65.4	65.11
65.1	65.12
65.4	65.13
65.4	65.14
65.5	65.15
65.4	65.16
65.4	65.17
65.4	65.18
65.4	65.19
65.4	65.20
65.4	65.21
65.4	65.22
65.4	65.23
65.4	65.24
65.4	65.25
65.4	65.26
65.4	65.27
65.1	65.28
65.2	65.29
65.1	65.30
65.4	65.31
65.4	65.32
65.1	65.33
65.4	65.34
65.4	65.35
65.4	65.36
65.1	65.37
65.4	65.38
65.4	65.39
65.4	65.40
65.4	65.41
65.4	65.42
65.1	65.43
65.4	65.44
65.4	65.45
65.1	65.46
65.4	65.47
65.4	65.48
65.4	65.49
65.4	65.50
65.1	65.51
65.4	65.52
65.1	65.53
65.4	65.54
65.4	65.55
65.3	65.56
65.4	65.57
65.4	65.58
65.4	65.59
65.4	65.60
65.4	65.61
65.4	65.62
65.1	65.63
65.4	65.64
66.7	66.1
66.7	66.2
66.7	66.3
66.7	66.4
66.7	66.5
66.7	66.6
66.4	66.7
66.7	66.8
66.7	66.9
66.7	66.10
66.7	66.11
66.7	66.12
66.3	66.13
66.7	66.14
66.7	66.15
66.7	66.16
66.4	66.17
66.7	66.18
66.6	66.19
66.7	66.20
66.7	66.21
66.1	66.22
66.4	66.23
66.4	66.24
66.7	66.25
66.7	66.26
66.7	66.27
66.7	66.28
66.1	66.29
66.7	66.30
66.4	66.31
66.7	66.32
66.4	66.33
66.4	66.34
66.4	66.35
66.5	66.36
66.4	66.37
66.4	66.38
66.7	66.39
66.7	66.40
66.7	66.41
66.7	66.42
66.7	66.43
66.4	66.44
66.6	66.45
66.7	66.46
66.7	66.47
66.7	66.48
66.1	66.49
66.4	66.50
66.4	66.51
66.4	66.52
66.1	66.53
66.6	66.54
66.7	66.55
66.4	66.56
66.7	66.57
66.1	66.58
66.4	66.59
66.5	66.60
66.4	66.61
66.7	66.62
66.2	66.63
66.7	66.64
67.1	67.1
67.1	67.2
67.1	67.3
67.1	67.4
67.4	67.5
67.1	67.6
67.1	67.7
67.1	67.8
67.1	67.9
67.1	67.10
67.4	67.11
67.1	67.12
67.1	67.13
67.4	67.14
67.1	67.15
67.4	67.16
67.1	67.17
67.1	67.18
67.1	67.19
67.4	67.20
67.1	67.21
67.1	67.22
67.5	67.23
67.4	67.24
67.1	67.25
67.1	67.26
67.1	67.27
67.1	67.28
67.1	67.29
67.1	67.30
67.2	67.31
67.1	67.32
67.4	67.33
67.1	67.34
67.1	67.35
67.1	67.36
67.1	67.37
67.1	67.38
67.1	67.39
67.4	67.40
67.1	67.41
67.1	67.42
67.1	67.43
67.1	67.44
67.3	67.45
67.1	67.46
67.1	67.47
67.1	67.48
67.1	67.49
67.4	67.50
67.1	67.51
67.4	67.52
67.4	67.53
67.1	67.54
67.1	67.55
67.1	67.56
67.1	67.57
67.1	67.58
67.1	67.59
67.4	67.60
67.4	67.61
67.4	67.62
67.4	67.63
67.1	67.64
68.4	68.1
68.4	68.2
68.6	68.3
68.4	68.4
68.4	68.5
68.9	68.6
68.4	68.7
68.6	68.8
68.8	68.9
68.4	68.10
68.4	68.11
68.5	68.12
68.8	68.13
68.4	68.14
68.4	68.15
68.6	68.16
68.8	68.17
68.8	68.18
68.8	68.19
68.8	68.20
68.4	68.21
68.1	68.22
68.4	68.23
68.8	68.24
68.4	68.25
68.4	68.26
68.8	68.27
68.7	68.28
68.1	68.29
68.8	68.30
68.4	68.31
68.4	68.32
68.6	68.33
68.4	68.34
68.4	68.35
68.5	68.36
68.3	68.37
68.4	68.38
68.4	68.39
68.4	68.40
68.4	68.41
68.8	68.42
68.6	68.43
68.8	68.44
68.6	68.45
68.6	68.46
68.9	68.47
68.4	68.48
68.4	68.49
68.4	68.50
68.2	68.51
68.4	68.52
68.4	68.53
68.8	68.54
68.4	68.55
68.8	68.56
68.9	68.57
68.6	68.58
68.4	68.59
68.4	68.60
68.4	68.61
68.8	68.62
68.4	68.63
68.8	68.64
69.1	69.1
69.7	69.2
69.9	69.3
69.1	69.4
69.9	69.5
69.5	69.6
69.9	69.7
69.4	69.8
69.1	69.9
69.1	69.10
69.11	69.11
69.11	69.12
69.11	69.13
69.9	69.14
69.2	69.15
69.1	69.16
69.9	69.17
69.1	69.18
69.11	69.19
69.9	69.20
69.10	69.21
69.1	69.22
69.9	69.23
69.5	69.24
69.5	69.25
69.9	69.26
69.11	69.27
69.1	69.28
69.1	69.29
69.5	69.30
69.1	69.31
69.1	69.32
69.1	69.33
69.6	69.34
69.1	69.35
69.6	69.36
69.6	69.37
69.1	69.38
69.1	69.39
69.11	69.40
69.1	69.41
69.11	69.42
69.5	69.43
69.9	69.44
69.8	69.45
69.9	69.46
69.1	69.47
69.1	69.48
69.1	69.49
69.6	69.50
69.1	69.51
69.7	69.52
69.1	69.53
69.7	69.54
69.1	69.55
69.9	69.56
69.11	69.57
69.1	69.58
69.1	69.59
69.3	69.60
69.9	69.61
69.1	69.62
69.1	69.63
69.1	69.64
70.10	70.1
70.1	70.2
70.10	70.3
70.1	70.4
70.1	70.5
70.11	70.6
70.4	70.7
70.10	70.8
70.1	70.9
70.1	70.10
70.1	70.11
70.10	70.12
70.8	70.13
70.8	70.14
70.10	70.15
70.8	70.16
70.10	70.17
70.10	70.18
70.10	70.19
70.1	70.20
70.1	70.21
70.1	70.22
70.1	70.23
70.10	70.24
70.9	70.25
70.6	70.26
70.10	70.27
70.1	70.28
70.10	70.29
70.1	70.30
70.10	70.31
70.7	70.32
70.2	70.33
70.3	70.34
70.1	70.35
70.1	70.36
70.1	70.37
70.10	70.38
70.1	70.39
70.10	70.40
70.8	70.41
70.1	70.42
70.9	70.43
70.8	70.44
70.9	70.45
70.1	70.46
70.10	70.47
70.10	70.48
70.10	70.49
70.10	70.50
70.10	70.51
70.1	70.52
70.6	70.53
70.10	70.54
70.10	70.55
70.5	70.56
70.8	70.57
70.10	70.58
70.1	70.59
70.10	70.60
70.1	70.61
70.1	70.62
70.8	70.63
70.1	70.64
71.6	71.1
71.8	71.2
71.9	71.3
71.9	71.4
71.8	71.5
71.8	71.6
71.9	71.7
71.9	71.8
71.9	71.9
71.9	71.10
71.9	71.11
71.8	71.12
71.8	71.13
71.1	71.14
71.8	71.15
71.8	71.16
71.9	71.17
71.9	71.18
71.8	71.19
71.8	71.20
71.8	71.21
71.5	71.22
71.9	71.23
71.8	71.24
71.7	71.25
71.6	71.26
71.7	71.27
71.8	71.28
71.8	71.29
71.8	71.30
71.9	71.31
71.8	71.32
71.6	71.33
71.1	71.34
71.8	71.35
71.2	71.36
71.1	71.37
71.9	71.38
71.9	71.39
71.7	71.40
71.1	71.41
71.7	71.42
71.9	71.43
71.3	71.44
71.1	71.45
71.8	71.46
71.8	71.47
71.9	71.48
71.7	71.49
71.7	71.50
71.9	71.51
71.7	71.52
71.1	71.53
71.9	71.54
71.9	71.55
71.8	71.56
71.7	71.57
71.6	71.58
71.7	71.59
71.4	71.60
71.9	71.61
71.9	71.62
71.9	71.63
71.9	71.64
72.5	72.1
72.2	72.2
72.5	72.3
72.5	72.4
72.5	72.5
72.5	72.6
72.5	72.7
72.5	72.8
72.5	72.9
72.5	72.10
72.5	72.11
72.1	72.12
72.5	72.13
72.5	72.14
72.5	72.15
72.5	72.16
72.5	72.17
72.3	72.18
72.5	72.19
72.5	72.20
72.5	72.21
72.5	72.22
72.5	72.23
72.5	72.24
72.5	72.25
72.5	72.26
72.5	72.27
72.5	72.28
72.2	72.29
72.4	72.30
72.5	72.31
72.5	72.32
72.2	72.33
72.5	72.34
72.5	72.35
72.5	72.36
72.5	72.37
72.2	72.38
72.5	72.39
72.5	72.40
72.5	72.41
72.5	72.42
72.5	72.43
72.2	72.44
72.2	72.45
72.5	72.46
72.5	72.47
72.4	72.48
72.5	72.49
72.6	72.50
72.5	72.51
72.5	72.52
72.2	72.53
72.5	72.54
72.5	72.55
72.2	72.56
72.5	72.57
72.5	72.58
72.5	72.59
72.6	72.60
72.5	72.61
72.5	72.62
72.6	72.63
72.2	72.64
73.6	73.1
73.3	73.2
73.6	73.3
73.3	73.4
73.2	73.5
73.3	73.6
73.3	73.7
73.3	73.8
73.6	73.9
73.3	73.10
73.3	73.11
73.3	73.12
73.6	73.13
73.3	73.14
73.3	73.15
73.6	73.16
73.3	73.17
73.3	73.18
73.3	73.19
73.6	73.20
73.6	73.21
73.3	73.22
73.3	73.23
73.4	73.24
73.6	73.25
73.3	73.26
73.6	73.27
73.5	73.28
73.4	73.29
73.3	73.30
73.6	73.31
73.6	73.32
73.6	73.33
73.3	73.34
73.4	73.35
73.6	73.36
73.6	73.37
73.3	73.38
73.4	73.39
73.3	73.40
73.3	73.41
73.3	73.42
73.3	73.43
73.6	73.44
73.3	73.45
73.6	73.46
73.3	73.47
73.4	73.48
73.6	73.49
73.3	73.50
73.3	73.51
73.3	73.52
73.3	73.53
73.1	73.54
73.6	73.55
73.1	73.56
73.6	73.57
73.6	73.58
73.6	73.59
73.6	73.60
73.4	73.61
73.3	73.62
73.1	73.63
73.3	73.64
74.12	74.1
74.12	74.2
74.8	74.3
74.7	74.4
74.8	74.5
74.13	74.6
74.13	74.7
74.11	74.8
74.8	74.9
74.12	74.10
74.8	74.11
74.8	74.12
74.8	74.13
74.8	74.14
74.12	74.15
74.13	74.16
74.8	74.17
74.8	74.18
74.12	74.19
74.8	74.20
74.13	74.21
74.7	74.22
74.12	74.23
74.8	74.24
74.13	74.25
74.7	74.26
74.1	74.27
74.12	74.28
74.8	74.29
74.8	74.30
74.8	74.31
74.13	74.32
74.8	74.33
74.12	74.34
74.13	74.35
74.12	74.36
74.1	74.37
74.7	74.38
74.12	74.39
74.12	74.40
74.9	74.41
74.12	74.42
74.8	74.43
74.8	74.44
74.8	74.45
74.10	74.46
74.7	74.47
74.12	74.48
74.6	74.49
74.3	74.50
74.4	74.51
74.1	74.52
74.8	74.53
74.12	74.54
74.10	74.55
74.1	74.56
74.12	74.57
74.8	74.58
74.13	74.59
74.2	74.60
74.12	74.61
74.11	74.62
74.7	74.63
74.5	74.64
75.13	75.1
75.1	75.2
75.1	75.3
75.13	75.4
75.1	75.5
75.13	75.6
75.6	75.7
75.1	75.8
75.1	75.9
75.1	75.10
75.13	75.11
75.13	75.12
75.13	75.13
75.1	75.14
75.13	75.15
75.6	75.16
75.12	75.17
75.13	75.18
75.1	75.19
75.2	75.20
75.9	75.21
75.13	75.22
75.13	75.23
75.4	75.24
75.7	75.25
75.9	75.26
75.9	75.27
75.13	75.28
75.7	75.29
75.6	75.30
75.1	75.31
75.13	75.32
75.13	75.33
75.1	75.34
75.13	75.35
75.13	75.36
75.1	75.37
75.1	75.38
75.10	75.39
75.13	75.40
75.1	75.41
75.1	75.42
75.1	75.43
75.11	75.44
75.5	75.45
75.5	75.46
75.12	75.47
75.1	75.48
75.1	75.49
75.9	75.50
75.6	75.51
75.12	75.52
75.1	75.53
75.1	75.54
75.1	75.55
75.11	75.56
75.3	75.57
75.13	75.58
75.9	75.59
75.9	75.60
75.8	75.61
75.6	75.62
75.11	75.63
75.1	75.64
76.1	76.1
76.6	76.2
76.1	76.3
76.6	76.4
76.6	76.5
76.6	76.6
76.6	76.7
76.6	76.8
76.6	76.9
76.5	76.10
76.6	76.11
76.6	76.12
76.1	76.13
76.1	76.14
76.6	76.15
76.1	76.16
76.5	76.17
76.6	76.18
76.6	76.19
76.6	76.20
76.4	76.21
76.1	76.22
76.1	76.23
76.1	76.24
76.6	76.25
76.6	76.26
76.6	76.27
76.6	76.28
76.6	76.29
76.1	76.30
76.1	76.31
76.1	76.32
76.6	76.33
76.6	76.34
76.6	76.35
76.8	76.36
76.6	76.37
76.6	76.38
76.7	76.39
76.1	76.40
76.8	76.41
76.7	76.42
76.1	76.43
76.5	76.44
76.7	76.45
76.1	76.46
76.6	76.47
76.1	76.48
76.1	76.49
76.5	76.50
76.6	76.51
76.8	76.52
76.1	76.53
76.8	76.54
76.2	76.55
76.6	76.56
76.6	76.57
76.6	76.58
76.6	76.59
76.6	76.60
76.1	76.61
76.3	76.62
76.8	76.63
76.6	76.64
77.5	77.1
77.1	77.2
77.5	77.3
77.11	77.4
77.5	77.5
77.5	77.6
77.5	77.7
77.13	77.8
77.5	77.9
77.1	77.10
77.11	77.11
77.1	77.12
77.5	77.13
77.5	77.14
77.5	77.15
77.11	77.16
77.4	77.17
77.5	77.18
77.5	77.19
77.6	77.20
77.11	77.21
77.5	77.22
77.11	77.23
77.5	77.24
77.5	77.25
77.11	77.26
77.1	77.27
77.11	77.28
77.9	77.29
77.1	77.30
77.5	77.31
77.5	77.32
77.1	77.33
77.7	77.34
77.12	77.35
77.5	77.36
77.5	77.37
77.11	77.38
77.6	77.39
77.6	77.40
77.1	77.41
77.5	77.42
77.5	77.43
77.13	77.44
77.10	77.45
77.12	77.46
77.12	77.47
77.8	77.48
77.5	77.49
77.5	77.50
77.11	77.51
77.1	77.52
77.3	77.53
77.2	77.54
77.11	77.55
77.5	77.56
77.1	77.57
77.5	77.58
77.11	77.59
77.5	77.60
77.11	77.61
77.5	77.62
77.5	77.63
77.11	77.64
78.11	78.1
78.1	78.2
78.7	78.3
78.8	78.4
78.7	78.5
78.11	78.6
78.7	78.7
78.2	78.8
78.8	78.9
78.7	78.10
78.7	78.11
78.1	78.12
78.10	78.13
78.8	78.14
78.8	78.15
78.7	78.16
78.7	78.17
78.9	78.18
78.7	78.19
78.11	78.20
78.11	78.21
78.8	78.22
78.8	78.23
78.7	78.24
78.8	78.25
78.11	78.26
78.7	78.27
78.7	78.28
78.8	78.29
78.7	78.30
78.7	78.31
78.7	78.32
78.8	78.33
78.7	78.34
78.7	78.35
78.7	78.36
78.5	78.37
78.8	78.38
78.7	78.39
78.4	78.40
78.8	78.41
78.7	78.42
78.6	78.43
78.7	78.44
78.7	78.45
78.7	78.46
78.3	78.47
78.7	78.48
78.7	78.49
78.4	78.50
78.10	78.51
78.7	78.52
78.11	78.53
78.1	78.54
78.8	78.55
78.10	78.56
78.7	78.57
78.7	78.58
78.8	78.59
78.7	78.60
78.7	78.61
78.1	78.62
78.8	78.63
78.7	78.64
79.1	79.1
79.1	79.2
79.1	79.3
79.4	79.4
79.4	79.5
79.4	79.6
79.4	79.7
79.4	79.8
79.4	79.9
79.4	79.10
79.4	79.11
79.1	79.12
79.4	79.13
79.5	79.14
79.4	79.15
79.4	79.16
79.1	79.17
79.4	79.18
79.4	79.19
79.4	79.20
79.1	79.21
79.4	79.22
79.4	79.23
79.4	79.24
79.4	79.25
79.1	79.26
79.4	79.27
79.1	79.28
79.4	79.29
79.4	79.30
79.4	79.31
79.4	79.32
79.7	79.33
79.7	79.34
79.4	79.35
79.6	79.36
79.1	79.37
79.2	79.38
79.1	79.39
79.4	79.40
79.4	79.41
79.7	79.42
79.1	79.43
79.8	79.44
79.8	79.45
79.4	79.46
79.4	79.47
79.4	79.48
79.8	79.49
79.3	79.50
79.4	79.51
79.4	79.52
79.4	79.53
79.4	79.54
79.4	79.55
79.4	79.56
79.7	79.57
79.8	79.58
79.4	79.59
79.4	79.60
79.4	79.61
79.4	79.62
79.4	79.63
79.1	79.64
80.9	80.1
80.9	80.2
80.1	80.3
80.9	80.4
80.9	80.5
80.6	80.6
80.9	80.7
80.2	80.8
80.6	80.9
80.6	80.10
80.1	80.11
80.9	80.12
80.9	80.13
80.6	80.14
80.7	80.15
80.9	80.16
80.9	80.17
80.1	80.18
80.9	80.19
80.9	80.20
80.7	80.21
80.6	80.22
80.9	80.23
80.1	80.24
80.6	80.25
80.9	80.26
80.9	80.27
80.6	80.28
80.9	80.29
80.9	80.30
80.1	80.31
80.7	80.32
80.9	80.33
80.6	80.34
80.9	80.35
80.9	80.36
80.9	80.37
80.6	80.38
80.9	80.39
80.9	80.40
80.6	80.41
80.9	80.42
80.9	80.43
80.5	80.44
80.6	80.45
80.6	80.46
80.1	80.47
80.9	80.48
80.6	80.49
80.8	80.50
80.9	80.51
80.6	80.52
80.9	80.53
80.4	80.54
80.9	80.55
80.9	80.56
80.9	80.57
80.9	80.58
80.1	80.59
80.9	80.60
80.6	80.61
80.3	80.62
80.9	80.63
80.9	80.64
81.7	81.1
81.1	81.2
81.1	81.3
81.7	81.4
81.1	81.5
81.8	81.6
81.1	81.7
81.1	81.8
81.1	81.9
81.1	81.10
81.1	81.11
81.7	81.12
81.7	81.13
81.1	81.14
81.7	81.15
81.1	81.16
81.7	81.17
81.1	81.18
81.3	81.19
81.8	81.20
81.7	81.21
81.7	81.22
81.1	81.23
81.1	81.24
81.7	81.25
81.7	81.26
81.4	81.27
81.4	81.28
81.7	81.29
81.4	81.30
81.1	81.31
81.7	81.32
81.7	81.33
81.8	81.34
81.1	81.35
81.7	81.36
81.1	81.37
81.7	81.38
81.8	81.39
81.6	81.40
81.3	81.41
81.1	81.42
81.1	81.43
81.1	81.44
81.1	81.45
81.7	81.46
81.8	81.47
81.1	81.48
81.7	81.49
81.1	81.50
81.8	81.51
81.1	81.52
81.5	81.53
81.7	81.54
81.1	81.55
81.7	81.56
81.1	81.57
81.1	81.58
81.4	81.59
81.1	81.60
81.8	81.61
81.2	81.62
81.1	81.63
81.5	81.64
82.9	82.1
82.8	82.2
82.8	82.3
82.9	82.4
82.7	82.5
82.6	82.6
82.1	82.7
82.8	82.8
82.1	82.9
82.6	82.10
82.9	82.11
82.1	82.12
82.1	82.13
82.9	82.14
82.9	82.15
82.1	82.16
82.7	82.17
82.7	82.18
82.7	82.19
82.9	82.20
82.6	82.21
82.9	82.22
82.2	82.23
82.5	82.24
82.1	82.25
82.7	82.26
82.9	82.27
82.1	82.28
82.7	82.29
82.1	82.30
82.9	82.31
82.9	82.32
82.8	82.33
82.7	82.34
82.9	82.35
82.1	82.36
82.8	82.37
82.9	82.38
82.1	82.39
82.1	82.40
82.8	82.41
82.9	82.42
82.8	82.43
82.1	82.44
82.1	82.45
82.8	82.46
82.8	82.47
82.1	82.48
82.1	82.49
82.6	82.50
82.9	82.51
82.8	82.52
82.9	82.53
82.9	82.54
82.8	82.55
82.6	82.56
82.3	82.57
82.8	82.58
82.7	82.59
82.1	82.60
82.8	82.61
82.4	82.62
82.9	82.63
82.9	82.64
83.16	83.1
83.16	83.2
83.16	83.3
83.16	83.4
83.5	83.5
83.1	83.6
83.10	83.7
83.11	83.8
83.9	83.9
83.15	83.10
83.6	83.11
83.16	83.12
83.9	83.13
83.7	83.14
83.14	83.15
83.9	83.16
83.14	83.17
83.9	83.18
83.16	83.19
83.9	83.20
83.12	83.21
83.13	83.22
83.16	83.23
83.14	83.24
83.13	83.25
83.16	83.26
83.16	83.27
83.14	83.28
83.3	83.29
83.16	83.30
83.16	83.31
83.2	83.32
83.14	83.33
83.8	83.34
83.16	83.35
83.14	83.36
83.16	83.37
83.16	83.38
83.4	83.39
83.12	83.40
83.14	83.41
83.16	83.42
83.10	83.43
83.16	83.44
83.9	83.45
83.16	83.46
83.16	83.47
83.9	83.48
83.9	83.49
83.16	83.50
83.16	83.51
83.16	83.52
83.12	83.53
83.12	83.54
83.16	83.55
83.16	83.56
83.10	83.57
83.16	83.58
83.16	83.59
83.9	83.60
83.16	83.61
83.16	83.62
83.16	83.63
83.8	83.64
84.10	84.1
84.6	84.2
84.10	84.3
84.6	84.4
84.9	84.5
84.9	84.6
84.10	84.7
84.10	84.8
84.1	84.9
84.1	84.10
84.6	84.11
84.1	84.12
84.6	84.13
84.8	84.14
84.6	84.15
84.10	84.16
84.6	84.17
84.3	84.18
84.9	84.19
84.10	84.20
84.9	84.21
84.8	84.22
84.10	84.23
84.10	84.24
84.9	84.25
84.6	84.26
84.6	84.27
84.9	84.28
84.9	84.29
84.6	84.30
84.6	84.31
84.6	84.32
84.10	84.33
84.9	84.34
84.9	84.35
84.8	84.36
84.9	84.37
84.10	84.38
84.10	84.39
84.9	84.40
84.10	84.41
84.6	84.42
84.4	84.43
84.8	84.44
84.7	84.45
84.9	84.46
84.6	84.47
84.9	84.48
84.9	84.49
84.6	84.50
84.5	84.51
84.9	84.52
84.9	84.53
84.2	84.54
84.9	84.55
84.9	84.56
84.6	84.57
84.6	84.58
84.9	84.59
84.10	84.60
84.9	84.61
84.6	84.62
84.7	84.63
84.9	84.64
85.1	85.1
85.1	85.2
85.1	85.3
85.6	85.4
85.6	85.5
85.1	85.6
85.1	85.7
85.6	85.8
85.1	85.9
85.6	85.10
85.1	85.11
85.2	85.12
85.3	85.13
85.7	85.14
85.7	85.15
85.1	85.16
85.1	85.17
85.6	85.18
85.7	85.19
85.1	85.20
85.1	85.21
85.7	85.22
85.6	85.23
85.6	85.24
85.7	85.25
85.1	85.26
85.1	85.27
85.1	85.28
85.4	85.29
85.6	85.30
85.7	85.31
85.1	85.32
85.6	85.33
85.6	85.34
85.6	85.35
85.6	85.36
85.1	85.37
85.6	85.38
85.6	85.39
85.7	85.40
85.6	85.41
85.5	85.42
85.6	85.43
85.1	85.44
85.7	85.45
85.1	85.46
85.6	85.47
85.1	85.48
85.6	85.49
85.6	85.50
85.1	85.51
85.6	85.52
85.1	85.53
85.1	85.54
85.1	85.55
85.1	85.56
85.1	85.57
85.5	85.58
85.7	85.59
85.1	85.60
85.1	85.61
85.6	85.62
85.5	85.63
85.6	85.64
86.4	86.1
86.5	86.2
86.5	86.3
86.5	86.4
86.5	86.5
86.5	86.6
86.5	86.7
86.5	86.8
86.1	86.9
86.1	86.10
86.4	86.11
86.1	86.12
86.5	86.13
86.5	86.14
86.3	86.15
86.5	86.16
86.5	86.17
86.5	86.18
86.5	86.19
86.5	86.20
86.5	86.21
86.5	86.22
86.1	86.23
86.5	86.24
86.5	86.25
86.5	86.26
86.4	86.27
86.1	86.28
86.5	86.29
86.4	86.30
86.1	86.31
86.5	86.32
86.5	86.33
86.5	86.34
86.2	86.35
86.1	86.36
86.5	86.37
86.5	86.38
86.5	86.39
86.1	86.40
86.5	86.41
86.1	86.42
86.4	86.43
86.1	86.44
86.5	86.45
86.5	86.46
86.1	86.47
86.4	86.48
86.1	86.49
86.3	86.50
86.5	86.51
86.5	86.52
86.1	86.53
86.1	86.54
86.1	86.55
86.5	86.56
86.1	86.57
86.1	86.58
86.1	86.59
86.1	86.60
86.1	86.61
86.5	86.62
86.5	86.63
86.5	86.64
87.6	87.1
87.6	87.2
87.6	87.3
87.6	87.4
87.1	87.5
87.6	87.6
87.6	87.7
87.6	87.8
87.6	87.9
87.6	87.10
87.6	87.11
87.6	87.12
87.6	87.13
87.1	87.14
87.6	87.15
87.6	87.16
87.6	87.17
87.6	87.18
87.6	87.19
87.6	87.20
87.6	87.21
87.6	87.22
87.6	87.23
87.6	87.24
87.1	87.25
87.4	87.26
87.6	87.27
87.6	87.28
87.3	87.29
87.6	87.30
87.1	87.31
87.6	87.32
87.6	87.33
87.6	87.34
87.2	87.35
87.6	87.36
87.6	87.37
87.6	87.38
87.6	87.39
87.6	87.40
87.6	87.41
87.6	87.42
87.1	87.43
87.1	87.44
87.6	87.45
87.1	87.46
87.1	87.47
87.6	87.48
87.1	87.49
87.5	87.50
87.1	87.51
87.1	87.52
87.6	87.53
87.6	87.54
87.6	87.55
87.6	87.56
87.6	87.57
87.1	87.58
87.6	87.59
87.6	87.60
87.1	87.61
87.5	87.62
87.6	87.63
87.6	87.64
88.1	88.1
88.1	88.2
88.8	88.3
88.8	88.4
88.1	88.5
88.1	88.6
88.1	88.7
88.8	88.8
88.1	88.9
88.5	88.10
88.8	88.11
88.7	88.12
88.1	88.13
88.10	88.14
88.8	88.15
88.8	88.16
88.8	88.17
88.1	88.18
88.10	88.19
88.7	88.20
88.8	88.21
88.5	88.22
88.8	88.23
88.8	88.24
88.8	88.25
88.8	88.26
88.1	88.27
88.1	88.28
88.4	88.29
88.8	88.30
88.9	88.31
88.3	88.32
88.8	88.33
88.8	88.34
88.7	88.35
88.1	88.36
88.1	88.37
88.8	88.38
88.7	88.39
88.8	88.40
88.8	88.41
88.1	88.42
88.7	88.43
88.6	88.44
88.8	88.45
88.1	88.46
88.1	88.47
88.2	88.48
88.8	88.49
88.8	88.50
88.1	88.51
88.8	88.52
88.8	88.53
88.8	88.54
88.1	88.55
88.1	88.56
88.1	88.57
88.8	88.58
88.1	88.59
88.10	88.60
88.1	88.61
88.8	88.62
88.1	88.63
88.1	88.64
89.7	89.1
89.1	89.2
89.7	89.3
89.1	89.4
89.1	89.5
89.7	89.6
89.10	89.7
89.10	89.8
89.4	89.9
89.6	89.10
89.10	89.11
89.10	89.12
89.10	89.13
89.1	89.14
89.1	89.15
89.1	89.16
89.10	89.17
89.7	89.18
89.1	89.19
89.1	89.20
89.5	89.21
89.7	89.22
89.2	89.23
89.10	89.24
89.1	89.25
89.10	89.26
89.6	89.27
89.7	89.28
89.1	89.29
89.10	89.30
89.4	89.31
89.10	89.32
89.1	89.33
89.3	89.34
89.10	89.35
89.1	89.36
89.9	89.37
89.1	89.38
89.1	89.39
89.1	89.40
89.7	89.41
89.10	89.42
89.6	89.43
89.1	89.44
89.4	89.45
89.1	89.46
89.1	89.47
89.1	89.48
89.10	89.49
89.1	89.50
89.6	89.51
89.10	89.52
89.8	89.53
89.1	89.54
89.10	89.55
89.10	89.56
89.1	89.57
89.6	89.58
89.6	89.59
89.10	89.60
89.1	89.61
89.6	89.62
89.7	89.63
89.10	89.64
90.1	90.1
90.1	90.2
90.1	90.3
90.1	90.4
90.1	90.5
90.12	90.6
90.1	90.7
90.12	90.8
90.12	90.9
90.1	90.10
90.12	90.11
90.1	90.12
90.1	90.13
90.10	90.14
90.1	90.15
90.1	90.16
90.1	90.17
90.12	90.18
90.1	90.19
90.1	90.20
90.1	90.21
90.1	90.22
90.12	90.23
90.1	90.24
90.4	90.25
90.5	90.26
90.1	90.27
90.13	90.28
90.12	90.29
90.1	90.30
90.12	90.31
90.1	90.32
90.10	90.33
90.3	90.34
90.12	90.35
90.1	90.36
90.12	90.37
90.9	90.38
90.1	90.39
90.1	90.40
90.12	90.41
90.10	90.42
90.5	90.43
90.7	90.44
90.12	90.45
90.1	90.46
90.1	90.47
90.1	90.48
90.13	90.49
90.6	90.50
90.1	90.51
90.1	90.52
90.10	90.53
90.1	90.54
90.1	90.55
90.8	90.56
90.12	90.57
90.1	90.58
90.1	90.59
90.10	90.60
90.11	90.61
90.12	90.62
90.12	90.63
90.2	90.64
91.1	91.1
91.8	91.2
91.9	91.3
91.7	91.4
91.8	91.5
91.1	91.6
91.8	91.7
91.8	91.8
91.1	91.9
91.1	91.10
91.8	91.11
91.1	91.12
91.7	91.13
91.1	91.14
91.8	91.15
91.8	91.16
91.1	91.17
91.8	91.18
91.9	91.19
91.8	91.20
91.4	91.21
91.8	91.22
91.5	91.23
91.8	91.24
91.8	91.25
91.8	91.26
91.8	91.27
91.1	91.28
91.4	91.29
91.1	91.30
91.1	91.31
91.1	91.32
91.8	91.33
91.1	91.34
91.1	91.35
91.8	91.36
91.1	91.37
91.1	91.38
91.3	91.39
91.8	91.40
91.8	91.41
91.2	91.42
91.1	91.43
91.9	91.44
91.8	91.45
91.5	91.46
91.7	91.47
91.1	91.48
91.8	91.49
91.5	91.50
91.8	91.51
91.8	91.52
91.9	91.53
91.5	91.54
91.7	91.55
91.1	91.56
91.6	91.57
91.8	91.58
91.1	91.59
91.5	91.60
91.1	91.61
91.8	91.62
91.1	91.63
91.8	91.64
92.7	92.1
92.9	92.2
92.5	92.3
92.9	92.4
92.6	92.5
92.9	92.6
92.8	92.7
92.9	92.8
92.5	92.9
92.5	92.10
92.7	92.11
92.4	92.12
92.9	92.13
92.1	92.14
92.4	92.15
92.7	92.16
92.4	92.17
92.4	92.18
92.9	92.19
92.4	92.20
92.4	92.21
92.9	92.22
92.3	92.23
92.4	92.24
92.5	92.25
92.4	92.26
92.9	92.27
92.5	92.28
92.4	92.29
92.4	92.30
92.5	92.31
92.7	92.32
92.7	92.33
92.5	92.34
92.9	92.35
92.10	92.36
92.9	92.37
92.8	92.38
92.5	92.39
92.4	92.40
92.4	92.41
92.5	92.42
92.7	92.43
92.5	92.44
92.9	92.45
92.7	92.46
92.4	92.47
92.9	92.48
92.9	92.49
92.7	92.50
92.2	92.51
92.9	92.52
92.4	92.53
92.8	92.54
92.7	92.55
92.5	92.56
92.8	92.57
92.4	92.58
92.9	92.59
92.4	92.60
92.9	92.61
92.7	92.62
92.4	92.63
92.5	92.64
93.1	93.1
93.1	93.2
93.1	93.3
93.13	93.4
93.1	93.5
93.1	93.6
93.1	93.7
93.1	93.8
93.1	93.9
93.1	93.10
93.1	93.11
93.1	93.12
93.10	93.13
93.6	93.14
93.1	93.15
93.5	93.16
93.13	93.17
93.1	93.18
93.1	93.19
93.1	93.20
93.1	93.21
93.1	93.22
93.1	93.23
93.1	93.24
93.2	93.25
93.1	93.26
93.1	93.27
93.1	93.28
93.1	93.29
93.1	93.30
93.13	93.31
93.1	93.32
93.3	93.33
93.1	93.34
93.13	93.35
93.13	93.36
93.11	93.37
93.1	93.38
93.13	93.39
93.1	93.40
93.12	93.41
93.12	93.42
93.13	93.43
93.5	93.44
93.5	93.45
93.1	93.46
93.9	93.47
93.1	93.48
93.13	93.49
93.10	93.50
93.10	93.51
93.13	93.52
93.1	93.53
93.13	93.54
93.5	93.55
93.12	93.56
93.1	93.57
93.7	93.58
93.4	93.59
93.1	93.60
93.1	93.61
93.1	93.62
93.8	93.63
93.13	93.64
94.9	94.1
94.1	94.2
94.8	94.3
94.1	94.4
94.1	94.5
94.1	94.6
94.1	94.7
94.6	94.8
94.1	94.9
94.1	94.10
94.1	94.11
94.9	94.12
94.1	94.13
94.8	94.14
94.9	94.15
94.5	94.16
94.1	94.17
94.9	94.18
94.9	94.19
94.10	94.20
94.1	94.21
94.9	94.22
94.9	94.23
94.9	94.24
94.1	94.25
94.1	94.26
94.1	94.27
94.8	94.28
94.9	94.29
94.1	94.30
94.9	94.31
94.3	94.32
94.1	94.33
94.1	94.34
94.1	94.35
94.2	94.36
94.1	94.37
94.2	94.38
94.1	94.39
94.1	94.40
94.10	94.41
94.10	94.42
94.4	94.43
94.1	94.44
94.8	94.45
94.9	94.46
94.1	94.47
94.1	94.48
94.9	94.49
94.1	94.50
94.1	94.51
94.9	94.52
94.7	94.53
94.1	94.54
94.1	94.55
94.1	94.56
94.1	94.57
94.1	94.58
94.1	94.59
94.9	94.60
94.9	94.61
94.1	94.62
94.1	94.63
94.9	94.64
95.9	95.1
95.8	95.2
95.1	95.3
95.4	95.4
95.8	95.5
95.2	95.6
95.1	95.7
95.7	95.8
95.3	95.9
95.1	95.10
95.1	95.11
95.9	95.12
95.5	95.13
95.1	95.14
95.5	95.15
95.7	95.16
95.1	95.17
95.1	95.18
95.9	95.19
95.8	95.20
95.1	95.21
95.9	95.22
95.9	95.23
95.1	95.24
95.9	95.25
95.7	95.26
95.1	95.27
95.9	95.28
95.1	95.29
95.8	95.30
95.9	95.31
95.9	95.32
95.9	95.33
95.9	95.34
95.1	95.35
95.5	95.36
95.1	95.37
95.8	95.38
95.7	95.39
95.7	95.40
95.8	95.41
95.1	95.42
95.9	95.43
95.9	95.44
95.1	95.45
95.9	95.46
95.1	95.47
95.8	95.48
95.1	95.49
95.9	95.50
95.1	95.51
95.9	95.52
95.9	95.53
95.9	95.54
95.7	95.55
95.4	95.56
95.1	95.57
95.8	95.58
95.1	95.59
95.9	95.60
95.9	95.61
95.1	95.62
95.6	95.63
95.1	95.64
96.1	96.1
96.7	96.2
96.9	96.3
96.1	96.4
96.9	96.5
96.1	96.6
96.1	96.7
96.1	96.8
96.9	96.9
96.1	96.10
96.1	96.11
96.1	96.12
96.8	96.13
96.1	96.14
96.2	96.15
96.1	96.16
96.1	96.17
96.1	96.18
96.1	96.19
96.9	96.20
96.7	96.21
96.9	96.22
96.1	96.23
96.1	96.24
96.1	96.25
96.1	96.26
96.7	96.27
96.9	96.28
96.1	96.29
96.1	96.30
96.1	96.31
96.9	96.32
96.9	96.33
96.1	96.34
96.1	96.35
96.1	96.36
96.5	96.37
96.1	96.38
96.1	96.39
96.9	96.40
96.1	96.41
96.7	96.42
96.1	96.43
96.1	96.44
96.1	96.45
96.1	96.46
96.1	96.47
96.1	96.48
96.1	96.49
96.1	96.50
96.9	96.51
96.1	96.52
96.7	96.53
96.3	96.54
96.1	96.55
96.1	96.56
96.1	96.57
96.6	96.58
96.9	96.59
96.4	96.60
96.1	96.61
96.1	96.62
96.7	96.63
96.7	96.64
97.10	97.1
97.10	97.2
97.10	97.3
97.10	97.4
97.1	97.5
97.6	97.6
97.9	97.7
97.10	97.8
97.1	97.9
97.1	97.10
97.10	97.11
97.10	97.12
97.10	97.13
97.10	97.14
97.10	97.15
97.10	97.16
97.1	97.17
97.10	97.18
97.5	97.19
97.1	97.20
97.10	97.21
97.1	97.22
97.1	97.23
97.10	97.24
97.3	97.25
97.3	97.26
97.10	97.27
97.8	97.28
97.1	97.29
97.6	97.30
97.8	97.31
97.1	97.32
97.1	97.33
97.1	97.34
97.4	97.35
97.10	97.36
97.1	97.37
97.1	97.38
97.10	97.39
97.1	97.40
97.2	97.41
97.1	97.42
97.9	97.43
97.1	97.44
97.1	97.45
97.8	97.46
97.4	97.47
97.8	97.48
97.8	97.49
97.10	97.50
97.4	97.51
97.1	97.52
97.10	97.53
97.1	97.54
97.8	97.55
97.10	97.56
97.10	97.57
97.7	97.58
97.8	97.59
97.1	97.60
97.1	97.61
97.10	97.62
97.10	97.63
97.1	97.64
98.10	98.1
98.10	98.2
98.10	98.3
98.10	98.4
98.10	98.5
98.10	98.6
98.6	98.7
98.10	98.8
98.1	98.9
98.10	98.10
98.10	98.11
98.1	98.12
98.10	98.13
98.1	98.14
98.8	98.15
98.10	98.16
98.1	98.17
98.10	98.18
98.10	98.19
98.5	98.20
98.6	98.21
98.10	98.22
98.10	98.23
98.10	98.24
98.10	98.25
98.10	98.26
98.10	98.27
98.4	98.28
98.1	98.29
98.10	98.30
98.6	98.31
98.6	98.32
98.10	98.33
98.10	98.34
98.10	98.35
98.10	98.36
98.5	98.37
98.10	98.38
98.4	98.39
98.1	98.40
98.6	98.41
98.7	98.42
98.10	98.43
98.1	98.44
98.1	98.45
98.10	98.46
98.10	98.47
98.1	98.48
98.6	98.49
98.6	98.50
98.10	98.51
98.1	98.52
98.1	98.53
98.2	98.54
98.10	98.55
98.1	98.56
98.10	98.57
98.9	98.58
98.10	98.59
98.1	98.60
98.3	98.61
98.10	98.62
98.10	98.63
98.10	98.64
99.5	99.1
99.8	99.2
99.7	99.3
99.6	99.4
99.1	99.5
99.1	99.6
99.5	99.7
99.1	99.8
99.5	99.9
99.8	99.10
99.1	99.11
99.8	99.12
99.7	99.13
99.8	99.14
99.6	99.15
99.1	99.16
99.3	99.17
99.8	99.18
99.8	99.19
99.8	99.20
99.5	99.21
99.5	99.22
99.5	99.23
99.2	99.24
99.1	99.25
99.6	99.26
99.6	99.27
99.5	99.28
99.8	99.29
99.5	99.30
99.8	99.31
99.5	99.32
99.8	99.33
99.1	99.34
99.3	99.35
99.1	99.36
99.7	99.37
99.5	99.38
99.1	99.39
99.8	99.40
99.1	99.41
99.1	99.42
99.1	99.43
99.1	99.44
99.8	99.45
99.4	99.46
99.7	99.47
99.5	99.48
99.8	99.49
99.8	99.50
99.1	99.51
99.7	99.52
99.8	99.53
99.8	99.54
99.8	99.55
99.5	99.56
99.8	99.57
99.7	99.58
99.1	99.59
99.1	99.60
99.1	99.61
99.8	99.62
99.7	99.63
99.1	99.64
100.12	100.1
100.7	100.2
100.1	100.3
100.8	100.4
100.9	100.5
100.7	100.6
100.7	100.7
100.1	100.8
100.7	100.9
100.5	100.10
100.1	100.11
100.12	100.12
100.7	100.13
100.7	100.14
100.7	100.15
100.1	100.16
100.9	100.17
100.5	100.18
100.1	100.19
100.1	100.20
100.7	100.21
100.1	100.22
100.11	100.23
100.1	100.24
100.1	100.25
100.1	100.26
100.9	100.27
100.12	100.28
100.7	100.29
100.1	100.30
100.6	100.31
100.1	100.32
100.7	100.33
100.13	100.34
100.13	100.35
100.1	100.36
100.7	100.37
100.1	100.38
100.1	100.39
100.1	100.40
100.1	100.41
100.1	100.42
100.1	100.43
100.7	100.44
100.7	100.45
100.9	100.46
100.1	100.47
100.1	100.48
100.7	100.49
100.1	100.50
100.5	100.51
100.1	100.52
100.3	100.53
100.5	100.54
100.2	100.55
100.12	100.56
100.10	100.57
100.1	100.58
100.4	100.59
100.12	100.60
100.9	100.61
100.1	100.62
100.7	100.63
100.7	100.64