subTopicID	resultID
1.1	1.1
1.4	1.2
1.1	1.3
1.1	1.4
1.8	1.5
1.1	1.6
1.4	1.7
1.1	1.8
1.4	1.9
1.1	1.10
1.1	1.11
1.4	1.12
1.4	1.13
1.4	1.14
1.4	1.15
1.4	1.16
1.4	1.17
1.1	1.18
1.1	1.19
1.4	1.20
1.4	1.21
1.8	1.22
1.4	1.23
1.1	1.24
1.1	1.25
1.1	1.26
1.1	1.27
1.4	1.28
1.1	1.29
1.4	1.30
1.4	1.31
1.4	1.32
1.1	1.33
1.1	1.34
1.1	1.35
1.1	1.36
1.8	1.37
1.4	1.38
1.3	1.39
1.1	1.40
1.1	1.41
1.4	1.42
1.1	1.43
1.4	1.44
1.1	1.45
1.1	1.46
1.1	1.47
1.8	1.48
1.6	1.49
1.7	1.50
1.1	1.51
1.1	1.52
1.4	1.53
1.1	1.54
1.5	1.55
1.4	1.56
1.1	1.57
1.1	1.58
1.8	1.59
1.1	1.60
1.2	1.61
1.1	1.62
1.1	1.63
1.1	1.64
2.1	2.1
2.11	2.2
2.11	2.3
2.1	2.4
2.9	2.5
2.11	2.6
2.1	2.7
2.1	2.8
2.1	2.9
2.11	2.10
2.1	2.11
2.10	2.12
2.1	2.13
2.1	2.14
2.1	2.15
2.1	2.16
2.7	2.17
2.1	2.18
2.1	2.19
2.1	2.20
2.9	2.21
2.4	2.22
2.3	2.23
2.1	2.24
2.11	2.25
2.1	2.26
2.11	2.27
2.9	2.28
2.7	2.29
2.1	2.30
2.1	2.31
2.11	2.32
2.1	2.33
2.11	2.34
2.11	2.35
2.8	2.36
2.11	2.37
2.8	2.38
2.7	2.39
2.2	2.40
2.11	2.41
2.6	2.42
2.1	2.43
2.11	2.44
2.1	2.45
2.6	2.46
2.11	2.47
2.5	2.48
2.11	2.49
2.7	2.50
2.1	2.51
2.11	2.52
2.9	2.53
2.1	2.54
2.11	2.55
2.11	2.56
2.7	2.57
2.8	2.58
2.11	2.59
2.9	2.60
2.11	2.61
2.7	2.62
2.8	2.63
2.7	2.64
3.1	3.1
3.1	3.2
3.1	3.3
3.10	3.4
3.1	3.5
3.1	3.6
3.11	3.7
3.1	3.8
3.1	3.9
3.1	3.10
3.1	3.11
3.1	3.12
3.1	3.13
3.11	3.14
3.1	3.15
3.11	3.16
3.11	3.17
3.1	3.18
3.10	3.19
3.11	3.20
3.1	3.21
3.1	3.22
3.4	3.23
3.11	3.24
3.1	3.25
3.1	3.26
3.8	3.27
3.1	3.28
3.11	3.29
3.10	3.30
3.1	3.31
3.10	3.32
3.1	3.33
3.11	3.34
3.1	3.35
3.6	3.36
3.1	3.37
3.12	3.38
3.5	3.39
3.11	3.40
3.1	3.41
3.1	3.42
3.1	3.43
3.10	3.44
3.13	3.45
3.1	3.46
3.7	3.47
3.1	3.48
3.1	3.49
3.9	3.50
3.3	3.51
3.1	3.52
3.1	3.53
3.1	3.54
3.1	3.55
3.11	3.56
3.11	3.57
3.2	3.58
3.1	3.59
3.11	3.60
3.1	3.61
3.1	3.62
3.9	3.63
3.1	3.64
4.6	4.1
4.5	4.2
4.4	4.3
4.4	4.4
4.4	4.5
4.2	4.6
4.4	4.7
4.4	4.8
4.6	4.9
4.2	4.10
4.6	4.11
4.4	4.12
4.4	4.13
4.4	4.14
4.6	4.15
4.4	4.16
4.6	4.17
4.6	4.18
4.6	4.19
4.6	4.20
4.4	4.21
4.6	4.22
4.3	4.23
4.2	4.24
4.2	4.25
4.4	4.26
4.2	4.27
4.4	4.28
4.6	4.29
4.4	4.30
4.2	4.31
4.6	4.32
4.4	4.33
4.6	4.34
4.2	4.35
4.6	4.36
4.2	4.37
4.4	4.38
4.4	4.39
4.6	4.40
4.2	4.41
4.4	4.42
4.4	4.43
4.8	4.44
4.4	4.45
4.1	4.46
4.4	4.47
4.4	4.48
4.8	4.49
4.6	4.50
4.6	4.51
4.6	4.52
4.4	4.53
4.6	4.54
4.7	4.55
4.6	4.56
4.8	4.57
4.6	4.58
4.8	4.59
4.4	4.60
4.6	4.61
4.4	4.62
4.6	4.63
4.2	4.64
5.8	5.1
5.8	5.2
5.1	5.3
5.8	5.4
5.4	5.5
5.8	5.6
5.9	5.7
5.8	5.8
5.8	5.9
5.8	5.10
5.1	5.11
5.1	5.12
5.1	5.13
5.9	5.14
5.9	5.15
5.8	5.16
5.9	5.17
5.8	5.18
5.6	5.19
5.8	5.20
5.8	5.21
5.1	5.22
5.9	5.23
5.1	5.24
5.7	5.25
5.6	5.26
5.8	5.27
5.1	5.28
5.8	5.29
5.1	5.30
5.8	5.31
5.1	5.32
5.5	5.33
5.8	5.34
5.1	5.35
5.1	5.36
5.8	5.37
5.2	5.38
5.8	5.39
5.8	5.40
5.8	5.41
5.8	5.42
5.8	5.43
5.3	5.44
5.8	5.45
5.8	5.46
5.6	5.47
5.9	5.48
5.8	5.49
5.9	5.50
5.8	5.51
5.8	5.52
5.9	5.53
5.7	5.54
5.9	5.55
5.1	5.56
5.8	5.57
5.8	5.58
5.8	5.59
5.1	5.60
5.1	5.61
5.8	5.62
5.9	5.63
5.8	5.64
6.10	6.1
6.1	6.2
6.1	6.3
6.4	6.4
6.5	6.5
6.9	6.6
6.10	6.7
6.1	6.8
6.10	6.9
6.8	6.10
6.1	6.11
6.1	6.12
6.1	6.13
6.1	6.14
6.1	6.15
6.10	6.16
6.1	6.17
6.1	6.18
6.8	6.19
6.2	6.20
6.7	6.21
6.9	6.22
6.9	6.23
6.9	6.24
6.1	6.25
6.1	6.26
6.1	6.27
6.10	6.28
6.1	6.29
6.1	6.30
6.3	6.31
6.1	6.32
6.10	6.33
6.1	6.34
6.8	6.35
6.1	6.36
6.6	6.37
6.10	6.38
6.8	6.39
6.10	6.40
6.1	6.41
6.1	6.42
6.1	6.43
6.1	6.44
6.1	6.45
6.1	6.46
6.10	6.47
6.10	6.48
6.10	6.49
6.10	6.50
6.10	6.51
6.8	6.52
6.1	6.53
6.1	6.54
6.4	6.55
6.1	6.56
6.8	6.57
6.10	6.58
6.8	6.59
6.8	6.60
6.10	6.61
6.10	6.62
6.8	6.63
6.1	6.64
7.1	7.1
7.1	7.2
7.1	7.3
7.1	7.4
7.4	7.5
7.4	7.6
7.1	7.7
7.6	7.8
7.4	7.9
7.1	7.10
7.1	7.11
7.1	7.12
7.1	7.13
7.1	7.14
7.1	7.15
7.1	7.16
7.1	7.17
7.1	7.18
7.1	7.19
7.1	7.20
7.1	7.21
7.4	7.22
7.1	7.23
7.1	7.24
7.1	7.25
7.1	7.26
7.6	7.27
7.6	7.28
7.4	7.29
7.1	7.30
7.4	7.31
7.4	7.32
7.4	7.33
7.5	7.34
7.1	7.35
7.2	7.36
7.1	7.37
7.4	7.38
7.4	7.39
7.1	7.40
7.6	7.41
7.4	7.42
7.1	7.43
7.1	7.44
7.1	7.45
7.4	7.46
7.1	7.47
7.1	7.48
7.3	7.49
7.1	7.50
7.5	7.51
7.1	7.52
7.1	7.53
7.6	7.54
7.1	7.55
7.1	7.56
7.1	7.57
7.1	7.58
7.6	7.59
7.6	7.60
7.5	7.61
7.4	7.62
7.4	7.63
7.1	7.64
8.1	8.1
8.1	8.2
8.1	8.3
8.5	8.4
8.4	8.5
8.4	8.6
8.5	8.7
8.4	8.8
8.4	8.9
8.5	8.10
8.4	8.11
8.1	8.12
8.4	8.13
8.4	8.14
8.1	8.15
8.4	8.16
8.3	8.17
8.5	8.18
8.4	8.19
8.4	8.20
8.2	8.21
8.5	8.22
8.4	8.23
8.4	8.24
8.1	8.25
8.1	8.26
8.1	8.27
8.5	8.28
8.5	8.29
8.1	8.30
8.5	8.31
8.5	8.32
8.4	8.33
8.1	8.34
8.4	8.35
8.1	8.36
8.1	8.37
8.1	8.38
8.1	8.39
8.5	8.40
8.1	8.41
8.1	8.42
8.5	8.43
8.4	8.44
8.5	8.45
8.4	8.46
8.4	8.47
8.1	8.48
8.1	8.49
8.1	8.50
8.1	8.51
8.5	8.52
8.1	8.53
8.1	8.54
8.1	8.55
8.5	8.56
8.4	8.57
8.5	8.58
8.5	8.59
8.1	8.60
8.5	8.61
8.1	8.62
8.4	8.63
8.4	8.64
9.6	9.1
9.1	9.2
9.1	9.3
9.1	9.4
9.1	9.5
9.1	9.6
9.1	9.7
9.6	9.8
9.1	9.9
9.1	9.10
9.1	9.11
9.1	9.12
9.1	9.13
9.6	9.14
9.1	9.15
9.1	9.16
9.4	9.17
9.1	9.18
9.1	9.19
9.1	9.20
9.1	9.21
9.1	9.22
9.6	9.23
9.1	9.24
9.5	9.25
9.2	9.26
9.6	9.27
9.6	9.28
9.1	9.29
9.1	9.30
9.1	9.31
9.6	9.32
9.3	9.33
9.1	9.34
9.1	9.35
9.1	9.36
9.6	9.37
9.7	9.38
9.3	9.39
9.4	9.40
9.1	9.41
9.3	9.42
9.6	9.43
9.3	9.44
9.6	9.45
9.4	9.46
9.1	9.47
9.1	9.48
9.6	9.49
9.1	9.50
9.1	9.51
9.1	9.52
9.1	9.53
9.1	9.54
9.6	9.55
9.1	9.56
9.1	9.57
9.6	9.58
9.1	9.59
9.1	9.60
9.1	9.61
9.6	9.62
9.1	9.63
9.6	9.64
10.1	10.1
10.1	10.2
10.8	10.3
10.8	10.4
10.1	10.5
10.1	10.6
10.1	10.7
10.7	10.8
10.8	10.9
10.1	10.10
10.1	10.11
10.8	10.12
10.6	10.13
10.1	10.14
10.1	10.15
10.1	10.16
10.1	10.17
10.1	10.18
10.1	10.19
10.1	10.20
10.6	10.21
10.1	10.22
10.7	10.23
10.1	10.24
10.7	10.25
10.8	10.26
10.7	10.27
10.8	10.28
10.1	10.29
10.8	10.30
10.6	10.31
10.7	10.32
10.3	10.33
10.5	10.34
10.1	10.35
10.7	10.36
10.1	10.37
10.1	10.38
10.8	10.39
10.7	10.40
10.8	10.41
10.2	10.42
10.2	10.43
10.1	10.44
10.8	10.45
10.1	10.46
10.8	10.47
10.6	10.48
10.8	10.49
10.8	10.50
10.8	10.51
10.1	10.52
10.7	10.53
10.1	10.54
10.7	10.55
10.8	10.56
10.8	10.57
10.8	10.58
10.8	10.59
10.5	10.60
10.8	10.61
10.4	10.62
10.1	10.63
10.2	10.64
11.7	11.1
11.3	11.2
11.10	11.3
11.1	11.4
11.1	11.5
11.9	11.6
11.7	11.7
11.1	11.8
11.9	11.9
11.10	11.10
11.1	11.11
11.10	11.12
11.10	11.13
11.1	11.14
11.6	11.15
11.10	11.16
11.11	11.17
11.6	11.18
11.9	11.19
11.10	11.20
11.4	11.21
11.5	11.22
11.1	11.23
11.8	11.24
11.7	11.25
11.10	11.26
11.6	11.27
11.10	11.28
11.10	11.29
11.10	11.30
11.9	11.31
11.10	11.32
11.10	11.33
11.1	11.34
11.1	11.35
11.1	11.36
11.10	11.37
11.10	11.38
11.1	11.39
11.8	11.40
11.9	11.41
11.7	11.42
11.1	11.43
11.1	11.44
11.1	11.45
11.1	11.46
11.1	11.47
11.4	11.48
11.1	11.49
11.7	11.50
11.10	11.51
11.7	11.52
11.10	11.53
11.10	11.54
11.10	11.55
11.8	11.56
11.1	11.57
11.6	11.58
11.2	11.59
11.7	11.60
11.1	11.61
11.1	11.62
11.1	11.63
11.10	11.64
12.1	12.1
12.4	12.2
12.6	12.3
12.2	12.4
12.1	12.5
12.1	12.6
12.10	12.7
12.1	12.8
12.1	12.9
12.5	12.10
12.1	12.11
12.1	12.12
12.1	12.13
12.1	12.14
12.9	12.15
12.1	12.16
12.1	12.17
12.8	12.18
12.1	12.19
12.8	12.20
12.8	12.21
12.1	12.22
12.5	12.23
12.1	12.24
12.1	12.25
12.8	12.26
12.7	12.27
12.1	12.28
12.1	12.29
12.1	12.30
12.1	12.31
12.8	12.32
12.1	12.33
12.1	12.34
12.3	12.35
12.1	12.36
12.1	12.37
12.1	12.38
12.9	12.39
12.1	12.40
12.8	12.41
12.8	12.42
12.1	12.43
12.8	12.44
12.1	12.45
12.1	12.46
12.1	12.47
12.1	12.48
12.8	12.49
12.1	12.50
12.1	12.51
12.1	12.52
12.8	12.53
12.1	12.54
12.11	12.55
12.1	12.56
12.10	12.57
12.1	12.58
12.8	12.59
12.1	12.60
12.1	12.61
12.1	12.62
12.8	12.63
12.1	12.64
13.1	13.1
13.1	13.2
13.1	13.3
13.4	13.4
13.1	13.5
13.1	13.6
13.2	13.7
13.8	13.8
13.3	13.9
13.8	13.10
13.8	13.11
13.1	13.12
13.4	13.13
13.8	13.14
13.8	13.15
13.1	13.16
13.8	13.17
13.8	13.18
13.8	13.19
13.1	13.20
13.1	13.21
13.8	13.22
13.1	13.23
13.8	13.24
13.1	13.25
13.8	13.26
13.1	13.27
13.1	13.28
13.1	13.29
13.8	13.30
13.8	13.31
13.4	13.32
13.4	13.33
13.1	13.34
13.4	13.35
13.8	13.36
13.8	13.37
13.5	13.38
13.1	13.39
13.1	13.40
13.8	13.41
13.6	13.42
13.4	13.43
13.4	13.44
13.1	13.45
13.8	13.46
13.4	13.47
13.8	13.48
13.8	13.49
13.6	13.50
13.1	13.51
13.9	13.52
13.4	13.53
13.1	13.54
13.8	13.55
13.8	13.56
13.4	13.57
13.7	13.58
13.8	13.59
13.4	13.60
13.8	13.61
13.1	13.62
13.1	13.63
13.1	13.64
14.1	14.1
14.1	14.2
14.1	14.3
14.1	14.4
14.4	14.5
14.4	14.6
14.7	14.7
14.4	14.8
14.4	14.9
14.4	14.10
14.1	14.11
14.2	14.12
14.4	14.13
14.1	14.14
14.4	14.15
14.1	14.16
14.5	14.17
14.4	14.18
14.3	14.19
14.1	14.20
14.4	14.21
14.6	14.22
14.5	14.23
14.4	14.24
14.5	14.25
14.4	14.26
14.1	14.27
14.6	14.28
14.5	14.29
14.4	14.30
14.1	14.31
14.4	14.32
14.4	14.33
14.6	14.34
14.5	14.35
14.4	14.36
14.1	14.37
14.1	14.38
14.1	14.39
14.1	14.40
14.4	14.41
14.1	14.42
14.4	14.43
14.4	14.44
14.4	14.45
14.5	14.46
14.4	14.47
14.4	14.48
14.5	14.49
14.1	14.50
14.5	14.51
14.1	14.52
14.1	14.53
14.5	14.54
14.1	14.55
14.1	14.56
14.1	14.57
14.1	14.58
14.5	14.59
14.1	14.60
14.1	14.61
14.4	14.62
14.1	14.63
14.1	14.64
15.18	15.1
15.1	15.2
15.9	15.3
15.1	15.4
15.13	15.5
15.11	15.6
15.13	15.7
15.1	15.8
15.13	15.9
15.13	15.10
15.15	15.11
15.13	15.12
15.17	15.13
15.1	15.14
15.1	15.15
15.13	15.16
15.17	15.17
15.13	15.18
15.13	15.19
15.13	15.20
15.13	15.21
15.1	15.22
15.1	15.23
15.19	15.24
15.13	15.25
15.1	15.26
15.13	15.27
15.17	15.28
15.1	15.29
15.1	15.30
15.1	15.31
15.14	15.32
15.13	15.33
15.14	15.34
15.13	15.35
15.1	15.36
15.5	15.37
15.13	15.38
15.11	15.39
15.1	15.40
15.15	15.41
15.1	15.42
15.1	15.43
15.16	15.44
15.1	15.45
15.10	15.46
15.18	15.47
15.7	15.48
15.1	15.49
15.4	15.50
15.15	15.51
15.10	15.52
15.6	15.53
15.2	15.54
15.13	15.55
15.5	15.56
15.17	15.57
15.8	15.58
15.19	15.59
15.12	15.60
15.3	15.61
15.8	15.62
15.8	15.63
15.11	15.64
16.9	16.1
16.3	16.2
16.9	16.3
16.1	16.4
16.1	16.5
16.1	16.6
16.1	16.7
16.11	16.8
16.1	16.9
16.9	16.10
16.9	16.11
16.14	16.12
16.9	16.13
16.7	16.14
16.9	16.15
16.9	16.16
16.13	16.17
16.9	16.18
16.9	16.19
16.1	16.20
16.1	16.21
16.2	16.22
16.14	16.23
16.9	16.24
16.9	16.25
16.9	16.26
16.1	16.27
16.1	16.28
16.8	16.29
16.1	16.30
16.1	16.31
16.9	16.32
16.14	16.33
16.9	16.34
16.5	16.35
16.7	16.36
16.7	16.37
16.9	16.38
16.7	16.39
16.1	16.40
16.7	16.41
16.4	16.42
16.9	16.43
16.1	16.44
16.10	16.45
16.11	16.46
16.1	16.47
16.6	16.48
16.10	16.49
16.12	16.50
16.1	16.51
16.9	16.52
16.1	16.53
16.9	16.54
16.7	16.55
16.3	16.56
16.7	16.57
16.7	16.58
16.11	16.59
16.1	16.60
16.1	16.61
16.11	16.62
16.13	16.63
16.1	16.64
17.13	17.1
17.14	17.2
17.1	17.3
17.1	17.4
17.1	17.5
17.14	17.6
17.13	17.7
17.1	17.8
17.1	17.9
17.15	17.10
17.13	17.11
17.9	17.12
17.13	17.13
17.6	17.14
17.1	17.15
17.13	17.16
17.14	17.17
17.1	17.18
17.13	17.19
17.13	17.20
17.4	17.21
17.5	17.22
17.14	17.23
17.13	17.24
17.1	17.25
17.13	17.26
17.1	17.27
17.1	17.28
17.1	17.29
17.1	17.30
17.10	17.31
17.11	17.32
17.1	17.33
17.1	17.34
17.9	17.35
17.10	17.36
17.1	17.37
17.2	17.38
17.1	17.39
17.7	17.40
17.1	17.41
17.13	17.42
17.13	17.43
17.14	17.44
17.13	17.45
17.13	17.46
17.5	17.47
17.1	17.48
17.7	17.49
17.6	17.50
17.3	17.51
17.7	17.52
17.13	17.53
17.13	17.54
17.7	17.55
17.8	17.56
17.9	17.57
17.13	17.58
17.1	17.59
17.1	17.60
17.1	17.61
17.12	17.62
17.1	17.63
17.1	17.64
18.4	18.1
18.10	18.2
18.9	18.3
18.9	18.4
18.12	18.5
18.6	18.6
18.12	18.7
18.6	18.8
18.9	18.9
18.9	18.10
18.6	18.11
18.9	18.12
18.9	18.13
18.6	18.14
18.9	18.15
18.9	18.16
18.1	18.17
18.1	18.18
18.9	18.19
18.9	18.20
18.6	18.21
18.6	18.22
18.13	18.23
18.9	18.24
18.6	18.25
18.6	18.26
18.13	18.27
18.12	18.28
18.2	18.29
18.9	18.30
18.6	18.31
18.9	18.32
18.6	18.33
18.6	18.34
18.1	18.35
18.6	18.36
18.10	18.37
18.9	18.38
18.9	18.39
18.9	18.40
18.6	18.41
18.1	18.42
18.8	18.43
18.13	18.44
18.1	18.45
18.13	18.46
18.6	18.47
18.6	18.48
18.13	18.49
18.5	18.50
18.7	18.51
18.1	18.52
18.11	18.53
18.13	18.54
18.10	18.55
18.3	18.56
18.10	18.57
18.1	18.58
18.1	18.59
18.1	18.60
18.6	18.61
18.12	18.62
18.1	18.63
18.6	18.64
19.10	19.1
19.5	19.2
19.1	19.3
19.8	19.4
19.8	19.5
19.5	19.6
19.6	19.7
19.1	19.8
19.6	19.9
19.8	19.10
19.8	19.11
19.3	19.12
19.6	19.13
19.10	19.14
19.8	19.15
19.8	19.16
19.1	19.17
19.6	19.18
19.8	19.19
19.1	19.20
19.7	19.21
19.4	19.22
19.8	19.23
19.1	19.24
19.1	19.25
19.10	19.26
19.9	19.27
19.8	19.28
19.6	19.29
19.8	19.30
19.1	19.31
19.8	19.32
19.1	19.33
19.2	19.34
19.1	19.35
19.8	19.36
19.1	19.37
19.1	19.38
19.8	19.39
19.6	19.40
19.1	19.41
19.6	19.42
19.8	19.43
19.8	19.44
19.1	19.45
19.1	19.46
19.8	19.47
19.1	19.48
19.8	19.49
19.10	19.50
19.8	19.51
19.5	19.52
19.8	19.53
19.5	19.54
19.5	19.55
19.10	19.56
19.10	19.57
19.11	19.58
19.8	19.59
19.8	19.60
19.5	19.61
19.1	19.62
19.8	19.63
19.1	19.64
20.1	20.1
20.1	20.2
20.6	20.3
20.6	20.4
20.6	20.5
20.1	20.6
20.1	20.7
20.1	20.8
20.7	20.9
20.6	20.10
20.6	20.11
20.1	20.12
20.1	20.13
20.1	20.14
20.6	20.15
20.1	20.16
20.1	20.17
20.2	20.18
20.6	20.19
20.9	20.20
20.6	20.21
20.6	20.22
20.1	20.23
20.9	20.24
20.6	20.25
20.6	20.26
20.1	20.27
20.9	20.28
20.1	20.29
20.4	20.30
20.9	20.31
20.8	20.32
20.9	20.33
20.1	20.34
20.6	20.35
20.9	20.36
20.6	20.37
20.1	20.38
20.1	20.39
20.6	20.40
20.6	20.41
20.3	20.42
20.1	20.43
20.1	20.44
20.6	20.45
20.1	20.46
20.1	20.47
20.1	20.48
20.9	20.49
20.1	20.50
20.1	20.51
20.6	20.52
20.6	20.53
20.1	20.54
20.4	20.55
20.5	20.56
20.9	20.57
20.6	20.58
20.1	20.59
20.1	20.60
20.4	20.61
20.7	20.62
20.1	20.63
20.1	20.64
21.1	21.1
21.1	21.2
21.7	21.3
21.1	21.4
21.1	21.5
21.6	21.6
21.6	21.7
21.3	21.8
21.1	21.9
21.1	21.10
21.1	21.11
21.2	21.12
21.6	21.13
21.6	21.14
21.1	21.15
21.1	21.16
21.1	21.17
21.1	21.18
21.6	21.19
21.1	21.20
21.5	21.21
21.4	21.22
21.4	21.23
21.6	21.24
21.1	21.25
21.1	21.26
21.6	21.27
21.6	21.28
21.1	21.29
21.6	21.30
21.1	21.31
21.1	21.32
21.6	21.33
21.7	21.34
21.6	21.35
21.7	21.36
21.6	21.37
21.6	21.38
21.6	21.39
21.1	21.40
21.4	21.41
21.1	21.42
21.1	21.43
21.1	21.44
21.1	21.45
21.6	21.46
21.1	21.47
21.6	21.48
21.1	21.49
21.1	21.50
21.1	21.51
21.1	21.52
21.1	21.53
21.1	21.54
21.1	21.55
21.6	21.56
21.1	21.57
21.5	21.58
21.1	21.59
21.5	21.60
21.4	21.61
21.6	21.62
21.6	21.63
21.7	21.64
22.10	22.1
22.8	22.2
22.11	22.3
22.1	22.4
22.11	22.5
22.11	22.6
22.7	22.7
22.11	22.8
22.10	22.9
22.8	22.10
22.8	22.11
22.8	22.12
22.8	22.13
22.8	22.14
22.9	22.15
22.8	22.16
22.11	22.17
22.8	22.18
22.8	22.19
22.1	22.20
22.7	22.21
22.8	22.22
22.7	22.23
22.1	22.24
22.1	22.25
22.6	22.26
22.10	22.27
22.8	22.28
22.8	22.29
22.8	22.30
22.11	22.31
22.1	22.32
22.7	22.33
22.2	22.34
22.10	22.35
22.8	22.36
22.10	22.37
22.8	22.38
22.11	22.39
22.11	22.40
22.10	22.41
22.10	22.42
22.8	22.43
22.11	22.44
22.8	22.45
22.12	22.46
22.11	22.47
22.11	22.48
22.8	22.49
22.10	22.50
22.8	22.51
22.11	22.52
22.8	22.53
22.8	22.54
22.8	22.55
22.5	22.56
22.8	22.57
22.11	22.58
22.8	22.59
22.8	22.60
22.1	22.61
22.11	22.62
22.3	22.63
22.4	22.64
23.9	23.1
23.6	23.2
23.9	23.3
23.9	23.4
23.1	23.5
23.1	23.6
23.1	23.7
23.7	23.8
23.4	23.9
23.1	23.10
23.9	23.11
23.7	23.12
23.9	23.13
23.1	23.14
23.7	23.15
23.1	23.16
23.9	23.17
23.9	23.18
23.1	23.19
23.1	23.20
23.8	23.21
23.1	23.22
23.9	23.23
23.7	23.24
23.7	23.25
23.1	23.26
23.9	23.27
23.9	23.28
23.9	23.29
23.7	23.30
23.5	23.31
23.9	23.32
23.1	23.33
23.9	23.34
23.1	23.35
23.1	23.36
23.1	23.37
23.1	23.38
23.9	23.39
23.1	23.40
23.9	23.41
23.1	23.42
23.9	23.43
23.2	23.44
23.1	23.45
23.9	23.46
23.4	23.47
23.1	23.48
23.1	23.49
23.6	23.50
23.6	23.51
23.9	23.52
23.7	23.53
23.1	23.54
23.9	23.55
23.3	23.56
23.9	23.57
23.5	23.58
23.1	23.59
23.1	23.60
23.7	23.61
23.7	23.62
23.9	23.63
23.1	23.64
24.4	24.1
24.13	24.2
24.12	24.3
24.9	24.4
24.10	24.5
24.12	24.6
24.14	24.7
24.6	24.8
24.14	24.9
24.4	24.10
24.8	24.11
24.9	24.12
24.14	24.13
24.14	24.14
24.12	24.15
24.14	24.16
24.14	24.17
24.1	24.18
24.12	24.19
24.14	24.20
24.1	24.21
24.12	24.22
24.3	24.23
24.14	24.24
24.3	24.25
24.5	24.26
24.14	24.27
24.14	24.28
24.12	24.29
24.14	24.30
24.7	24.31
24.12	24.32
24.1	24.33
24.12	24.34
24.9	24.35
24.9	24.36
24.12	24.37
24.1	24.38
24.11	24.39
24.12	24.40
24.2	24.41
24.9	24.42
24.1	24.43
24.12	24.44
24.12	24.45
24.10	24.46
24.10	24.47
24.8	24.48
24.12	24.49
24.12	24.50
24.12	24.51
24.12	24.52
24.1	24.53
24.14	24.54
24.1	24.55
24.10	24.56
24.14	24.57
24.12	24.58
24.1	24.59
24.6	24.60
24.12	24.61
24.14	24.62
24.12	24.63
24.12	24.64
25.8	25.1
25.6	25.2
25.8	25.3
25.6	25.4
25.8	25.5
25.8	25.6
25.8	25.7
25.4	25.8
25.7	25.9
25.8	25.10
25.8	25.11
25.8	25.12
25.8	25.13
25.8	25.14
25.8	25.15
25.6	25.16
25.1	25.17
25.8	25.18
25.1	25.19
25.8	25.20
25.7	25.21
25.7	25.22
25.8	25.23
25.8	25.24
25.2	25.25
25.7	25.26
25.1	25.27
25.7	25.28
25.4	25.29
25.7	25.30
25.7	25.31
25.7	25.32
25.6	25.33
25.5	25.34
25.7	25.35
25.8	25.36
25.7	25.37
25.7	25.38
25.8	25.39
25.7	25.40
25.8	25.41
25.8	25.42
25.7	25.43
25.8	25.44
25.8	25.45
25.6	25.46
25.7	25.47
25.8	25.48
25.7	25.49
25.3	25.50
25.7	25.51
25.8	25.52
25.7	25.53
25.8	25.54
25.5	25.55
25.7	25.56
25.8	25.57
25.7	25.58
25.1	25.59
25.8	25.60
25.7	25.61
25.8	25.62
25.7	25.63
25.6	25.64
26.7	26.1
26.4	26.2
26.10	26.3
26.10	26.4
26.10	26.5
26.10	26.6
26.4	26.7
26.8	26.8
26.8	26.9
26.4	26.10
26.10	26.11
26.4	26.12
26.8	26.13
26.8	26.14
26.4	26.15
26.4	26.16
26.5	26.17
26.4	26.18
26.4	26.19
26.4	26.20
26.3	26.21
26.10	26.22
26.8	26.23
26.4	26.24
26.6	26.25
26.5	26.26
26.8	26.27
26.8	26.28
26.10	26.29
26.2	26.30
26.4	26.31
26.7	26.32
26.8	26.33
26.4	26.34
26.4	26.35
26.1	26.36
26.5	26.37
26.4	26.38
26.10	26.39
26.4	26.40
26.10	26.41
26.7	26.42
26.10	26.43
26.10	26.44
26.10	26.45
26.10	26.46
26.10	26.47
26.10	26.48
26.8	26.49
26.7	26.50
26.8	26.51
26.10	26.52
26.7	26.53
26.8	26.54
26.7	26.55
26.9	26.56
26.8	26.57
26.10	26.58
26.4	26.59
26.8	26.60
26.8	26.61
26.5	26.62
26.4	26.63
26.10	26.64
27.1	27.1
27.5	27.2
27.5	27.3
27.5	27.4
27.4	27.5
27.1	27.6
27.5	27.7
27.5	27.8
27.5	27.9
27.5	27.10
27.4	27.11
27.5	27.12
27.4	27.13
27.1	27.14
27.5	27.15
27.5	27.16
27.1	27.17
27.1	27.18
27.3	27.19
27.1	27.20
27.1	27.21
27.5	27.22
27.2	27.23
27.4	27.24
27.5	27.25
27.5	27.26
27.1	27.27
27.4	27.28
27.5	27.29
27.1	27.30
27.1	27.31
27.4	27.32
27.5	27.33
27.5	27.34
27.5	27.35
27.1	27.36
27.1	27.37
27.1	27.38
27.4	27.39
27.5	27.40
27.4	27.41
27.5	27.42
27.5	27.43
27.5	27.44
27.3	27.45
27.5	27.46
27.4	27.47
27.5	27.48
27.1	27.49
27.5	27.50
27.1	27.51
27.5	27.52
27.5	27.53
27.5	27.54
27.5	27.55
27.5	27.56
27.5	27.57
27.5	27.58
27.5	27.59
27.1	27.60
27.4	27.61
27.4	27.62
27.3	27.63
27.5	27.64
28.1	28.1
28.1	28.2
28.3	28.3
28.1	28.4
28.6	28.5
28.1	28.6
28.1	28.7
28.6	28.8
28.1	28.9
28.6	28.10
28.1	28.11
28.1	28.12
28.1	28.13
28.1	28.14
28.1	28.15
28.3	28.16
28.1	28.17
28.1	28.18
28.5	28.19
28.1	28.20
28.1	28.21
28.1	28.22
28.5	28.23
28.1	28.24
28.1	28.25
28.6	28.26
28.6	28.27
28.1	28.28
28.5	28.29
28.1	28.30
28.3	28.31
28.6	28.32
28.1	28.33
28.1	28.34
28.3	28.35
28.3	28.36
28.4	28.37
28.1	28.38
28.3	28.39
28.1	28.40
28.3	28.41
28.5	28.42
28.1	28.43
28.6	28.44
28.2	28.45
28.5	28.46
28.6	28.47
28.3	28.48
28.1	28.49
28.1	28.50
28.1	28.51
28.1	28.52
28.1	28.53
28.5	28.54
28.6	28.55
28.1	28.56
28.3	28.57
28.6	28.58
28.1	28.59
28.6	28.60
28.5	28.61
28.5	28.62
28.1	28.63
28.6	28.64
29.1	29.1
29.1	29.2
29.1	29.3
29.1	29.4
29.1	29.5
29.1	29.6
29.1	29.7
29.1	29.8
29.5	29.9
29.1	29.10
29.5	29.11
29.1	29.12
29.1	29.13
29.1	29.14
29.1	29.15
29.5	29.16
29.6	29.17
29.5	29.18
29.6	29.19
29.1	29.20
29.5	29.21
29.5	29.22
29.1	29.23
29.1	29.24
29.3	29.25
29.5	29.26
29.1	29.27
29.1	29.28
29.1	29.29
29.1	29.30
29.1	29.31
29.2	29.32
29.1	29.33
29.1	29.34
29.1	29.35
29.1	29.36
29.5	29.37
29.1	29.38
29.1	29.39
29.1	29.40
29.1	29.41
29.5	29.42
29.1	29.43
29.1	29.44
29.1	29.45
29.1	29.46
29.4	29.47
29.1	29.48
29.1	29.49
29.1	29.50
29.1	29.51
29.5	29.52
29.1	29.53
29.5	29.54
29.1	29.55
29.1	29.56
29.1	29.57
29.1	29.58
29.1	29.59
29.1	29.60
29.1	29.61
29.1	29.62
29.1	29.63
29.1	29.64
30.17	30.1
30.15	30.2
30.19	30.3
30.11	30.4
30.1	30.5
30.1	30.6
30.7	30.7
30.1	30.8
30.19	30.9
30.1	30.10
30.19	30.11
30.1	30.12
30.1	30.13
30.1	30.14
30.19	30.15
30.1	30.16
30.6	30.17
30.1	30.18
30.19	30.19
30.1	30.20
30.1	30.21
30.13	30.22
30.1	30.23
30.1	30.24
30.1	30.25
30.10	30.26
30.4	30.27
30.8	30.28
30.1	30.29
30.2	30.30
30.17	30.31
30.1	30.32
30.12	30.33
30.12	30.34
30.1	30.35
30.3	30.36
30.16	30.37
30.1	30.38
30.1	30.39
30.19	30.40
30.19	30.41
30.19	30.42
30.19	30.43
30.9	30.44
30.1	30.45
30.1	30.46
30.1	30.47
30.19	30.48
30.1	30.49
30.18	30.50
30.14	30.51
30.1	30.52
30.1	30.53
30.1	30.54
30.1	30.55
30.1	30.56
30.1	30.57
30.19	30.58
30.1	30.59
30.20	30.60
30.5	30.61
30.19	30.62
30.1	30.63
30.1	30.64
31.7	31.1
31.1	31.2
31.1	31.3
31.8	31.4
31.4	31.5
31.7	31.6
31.1	31.7
31.7	31.8
31.7	31.9
31.7	31.10
31.7	31.11
31.1	31.12
31.7	31.13
31.1	31.14
31.7	31.15
31.7	31.16
31.7	31.17
31.7	31.18
31.7	31.19
31.7	31.20
31.7	31.21
31.1	31.22
31.7	31.23
31.7	31.24
31.7	31.25
31.6	31.26
31.9	31.27
31.7	31.28
31.1	31.29
31.7	31.30
31.5	31.31
31.7	31.32
31.1	31.33
31.1	31.34
31.10	31.35
31.1	31.36
31.9	31.37
31.1	31.38
31.1	31.39
31.7	31.40
31.7	31.41
31.1	31.42
31.9	31.43
31.7	31.44
31.3	31.45
31.6	31.46
31.1	31.47
31.6	31.48
31.7	31.49
31.7	31.50
31.2	31.51
31.1	31.52
31.7	31.53
31.1	31.54
31.7	31.55
31.1	31.56
31.7	31.57
31.10	31.58
31.7	31.59
31.1	31.60
31.6	31.61
31.1	31.62
31.7	31.63
31.7	31.64
32.4	32.1
32.4	32.2
32.4	32.3
32.1	32.4
32.8	32.5
32.9	32.6
32.9	32.7
32.4	32.8
32.4	32.9
32.9	32.10
32.9	32.11
32.7	32.12
32.4	32.13
32.4	32.14
32.9	32.15
32.6	32.16
32.9	32.17
32.9	32.18
32.9	32.19
32.5	32.20
32.4	32.21
32.4	32.22
32.5	32.23
32.7	32.24
32.3	32.25
32.9	32.26
32.3	32.27
32.9	32.28
32.3	32.29
32.3	32.30
32.4	32.31
32.4	32.32
32.3	32.33
32.4	32.34
32.3	32.35
32.9	32.36
32.6	32.37
32.3	32.38
32.3	32.39
32.8	32.40
32.3	32.41
32.4	32.42
32.9	32.43
32.2	32.44
32.6	32.45
32.9	32.46
32.9	32.47
32.5	32.48
32.4	32.49
32.5	32.50
32.7	32.51
32.9	32.52
32.3	32.53
32.9	32.54
32.4	32.55
32.3	32.56
32.3	32.57
32.3	32.58
32.3	32.59
32.3	32.60
32.3	32.61
32.3	32.62
32.3	32.63
32.1	32.64
33.1	33.1
33.7	33.2
33.6	33.3
33.6	33.4
33.1	33.5
33.1	33.6
33.6	33.7
33.6	33.8
33.6	33.9
33.6	33.10
33.6	33.11
33.6	33.12
33.6	33.13
33.6	33.14
33.1	33.15
33.1	33.16
33.6	33.17
33.6	33.18
33.3	33.19
33.4	33.20
33.7	33.21
33.6	33.22
33.7	33.23
33.6	33.24
33.5	33.25
33.6	33.26
33.6	33.27
33.1	33.28
33.6	33.29
33.6	33.30
33.6	33.31
33.1	33.32
33.6	33.33
33.6	33.34
33.1	33.35
33.6	33.36
33.6	33.37
33.6	33.38
33.6	33.39
33.6	33.40
33.6	33.41
33.1	33.42
33.6	33.43
33.1	33.44
33.6	33.45
33.1	33.46
33.1	33.47
33.6	33.48
33.6	33.49
33.6	33.50
33.6	33.51
33.6	33.52
33.1	33.53
33.1	33.54
33.1	33.55
33.2	33.56
33.6	33.57
33.6	33.58
33.6	33.59
33.1	33.60
33.1	33.61
33.6	33.62
33.6	33.63
33.6	33.64
34.1	34.1
34.11	34.2
34.5	34.3
34.5	34.4
34.10	34.5
34.5	34.6
34.10	34.7
34.1	34.8
34.10	34.9
34.11	34.10
34.11	34.11
34.5	34.12
34.1	34.13
34.10	34.14
34.10	34.15
34.10	34.16
34.5	34.17
34.5	34.18
34.10	34.19
34.5	34.20
34.1	34.21
34.10	34.22
34.10	34.23
34.10	34.24
34.5	34.25
34.11	34.26
34.9	34.27
34.11	34.28
34.10	34.29
34.9	34.30
34.7	34.31
34.10	34.32
34.5	34.33
34.4	34.34
34.5	34.35
34.1	34.36
34.11	34.37
34.5	34.38
34.1	34.39
34.10	34.40
34.11	34.41
34.9	34.42
34.2	34.43
34.10	34.44
34.6	34.45
34.1	34.46
34.11	34.47
34.10	34.48
34.11	34.49
34.8	34.50
34.1	34.51
34.10	34.52
34.11	34.53
34.11	34.54
34.10	34.55
34.10	34.56
34.9	34.57
34.9	34.58
34.3	34.59
34.10	34.60
34.5	34.61
34.1	34.62
34.1	34.63
34.10	34.64
35.10	35.1
35.6	35.2
35.10	35.3
35.6	35.4
35.6	35.5
35.3	35.6
35.6	35.7
35.6	35.8
35.9	35.9
35.10	35.10
35.10	35.11
35.4	35.12
35.10	35.13
35.6	35.14
35.6	35.15
35.6	35.16
35.9	35.17
35.9	35.18
35.6	35.19
35.10	35.20
35.6	35.21
35.10	35.22
35.1	35.23
35.10	35.24
35.6	35.25
35.6	35.26
35.10	35.27
35.10	35.28
35.6	35.29
35.1	35.30
35.1	35.31
35.10	35.32
35.10	35.33
35.10	35.34
35.10	35.35
35.10	35.36
35.6	35.37
35.9	35.38
35.10	35.39
35.6	35.40
35.6	35.41
35.6	35.42
35.10	35.43
35.8	35.44
35.10	35.45
35.6	35.46
35.6	35.47
35.6	35.48
35.2	35.49
35.6	35.50
35.6	35.51
35.9	35.52
35.6	35.53
35.6	35.54
35.6	35.55
35.6	35.56
35.10	35.57
35.7	35.58
35.10	35.59
35.1	35.60
35.1	35.61
35.9	35.62
35.1	35.63
35.5	35.64
36.5	36.1
36.9	36.2
36.7	36.3
36.11	36.4
36.7	36.5
36.9	36.6
36.1	36.7
36.1	36.8
36.1	36.9
36.9	36.10
36.9	36.11
36.8	36.12
36.10	36.13
36.1	36.14
36.9	36.15
36.9	36.16
36.2	36.17
36.9	36.18
36.9	36.19
36.9	36.20
36.1	36.21
36.9	36.22
36.4	36.23
36.1	36.24
36.9	36.25
36.9	36.26
36.1	36.27
36.9	36.28
36.9	36.29
36.1	36.30
36.9	36.31
36.1	36.32
36.1	36.33
36.9	36.34
36.9	36.35
36.9	36.36
36.6	36.37
36.8	36.38
36.1	36.39
36.12	36.40
36.9	36.41
36.1	36.42
36.1	36.43
36.4	36.44
36.9	36.45
36.10	36.46
36.1	36.47
36.1	36.48
36.9	36.49
36.1	36.50
36.1	36.51
36.1	36.52
36.9	36.53
36.3	36.54
36.9	36.55
36.9	36.56
36.8	36.57
36.9	36.58
36.1	36.59
36.10	36.60
36.1	36.61
36.9	36.62
36.1	36.63
36.1	36.64
37.1	37.1
37.1	37.2
37.1	37.3
37.6	37.4
37.1	37.5
37.1	37.6
37.1	37.7
37.8	37.8
37.1	37.9
37.1	37.10
37.8	37.11
37.7	37.12
37.1	37.13
37.8	37.14
37.1	37.15
37.2	37.16
37.8	37.17
37.1	37.18
37.1	37.19
37.1	37.20
37.7	37.21
37.1	37.22
37.7	37.23
37.1	37.24
37.1	37.25
37.1	37.26
37.3	37.27
37.8	37.28
37.1	37.29
37.1	37.30
37.5	37.31
37.1	37.32
37.1	37.33
37.6	37.34
37.1	37.35
37.7	37.36
37.8	37.37
37.8	37.38
37.1	37.39
37.8	37.40
37.1	37.41
37.1	37.42
37.1	37.43
37.1	37.44
37.8	37.45
37.1	37.46
37.1	37.47
37.8	37.48
37.8	37.49
37.1	37.50
37.5	37.51
37.1	37.52
37.8	37.53
37.7	37.54
37.7	37.55
37.8	37.56
37.8	37.57
37.8	37.58
37.1	37.59
37.1	37.60
37.1	37.61
37.1	37.62
37.8	37.63
37.4	37.64
38.7	38.1
38.1	38.2
38.1	38.3
38.8	38.4
38.8	38.5
38.1	38.6
38.7	38.7
38.7	38.8
38.1	38.9
38.1	38.10
38.1	38.11
38.2	38.12
38.5	38.13
38.4	38.14
38.1	38.15
38.8	38.16
38.7	38.17
38.8	38.18
38.8	38.19
38.1	38.20
38.1	38.21
38.5	38.22
38.1	38.23
38.8	38.24
38.7	38.25
38.8	38.26
38.5	38.27
38.7	38.28
38.6	38.29
38.1	38.30
38.7	38.31
38.7	38.32
38.6	38.33
38.6	38.34
38.8	38.35
38.1	38.36
38.5	38.37
38.8	38.38
38.8	38.39
38.1	38.40
38.6	38.41
38.8	38.42
38.1	38.43
38.4	38.44
38.8	38.45
38.3	38.46
38.8	38.47
38.8	38.48
38.8	38.49
38.8	38.50
38.4	38.51
38.8	38.52
38.1	38.53
38.7	38.54
38.4	38.55
38.1	38.56
38.1	38.57
38.1	38.58
38.6	38.59
38.1	38.60
38.7	38.61
38.7	38.62
38.8	38.63
38.8	38.64
39.8	39.1
39.8	39.2
39.8	39.3
39.8	39.4
39.8	39.5
39.8	39.6
39.6	39.7
39.1	39.8
39.8	39.9
39.6	39.10
39.2	39.11
39.6	39.12
39.7	39.13
39.3	39.14
39.8	39.15
39.5	39.16
39.8	39.17
39.8	39.18
39.7	39.19
39.6	39.20
39.8	39.21
39.8	39.22
39.8	39.23
39.4	39.24
39.8	39.25
39.6	39.26
39.8	39.27
39.6	39.28
39.6	39.29
39.6	39.30
39.8	39.31
39.8	39.32
39.1	39.33
39.8	39.34
39.8	39.35
39.1	39.36
39.8	39.37
39.8	39.38
39.8	39.39
39.8	39.40
39.1	39.41
39.8	39.42
39.5	39.43
39.7	39.44
39.8	39.45
39.8	39.46
39.1	39.47
39.8	39.48
39.8	39.49
39.6	39.50
39.6	39.51
39.6	39.52
39.8	39.53
39.6	39.54
39.8	39.55
39.8	39.56
39.6	39.57
39.8	39.58
39.8	39.59
39.6	39.60
39.6	39.61
39.8	39.62
39.8	39.63
39.8	39.64
40.1	40.1
40.1	40.2
40.9	40.3
40.12	40.4
40.12	40.5
40.9	40.6
40.1	40.7
40.7	40.8
40.9	40.9
40.9	40.10
40.9	40.11
40.1	40.12
40.9	40.13
40.9	40.14
40.9	40.15
40.1	40.16
40.9	40.17
40.5	40.18
40.3	40.19
40.6	40.20
40.9	40.21
40.9	40.22
40.9	40.23
40.1	40.24
40.6	40.25
40.12	40.26
40.6	40.27
40.1	40.28
40.9	40.29
40.8	40.30
40.7	40.31
40.1	40.32
40.9	40.33
40.12	40.34
40.1	40.35
40.7	40.36
40.11	40.37
40.9	40.38
40.1	40.39
40.1	40.40
40.9	40.41
40.7	40.42
40.2	40.43
40.7	40.44
40.1	40.45
40.1	40.46
40.9	40.47
40.10	40.48
40.4	40.49
40.7	40.50
40.1	40.51
40.1	40.52
40.1	40.53
40.12	40.54
40.1	40.55
40.1	40.56
40.9	40.57
40.12	40.58
40.1	40.59
40.11	40.60
40.6	40.61
40.10	40.62
40.6	40.63
40.1	40.64
41.9	41.1
41.1	41.2
41.9	41.3
41.1	41.4
41.1	41.5
41.7	41.6
41.1	41.7
41.1	41.8
41.3	41.9
41.9	41.10
41.9	41.11
41.1	41.12
41.9	41.13
41.9	41.14
41.1	41.15
41.1	41.16
41.1	41.17
41.8	41.18
41.7	41.19
41.9	41.20
41.10	41.21
41.1	41.22
41.1	41.23
41.1	41.24
41.8	41.25
41.1	41.26
41.9	41.27
41.1	41.28
41.9	41.29
41.9	41.30
41.9	41.31
41.9	41.32
41.6	41.33
41.10	41.34
41.1	41.35
41.1	41.36
41.9	41.37
41.9	41.38
41.9	41.39
41.4	41.40
41.7	41.41
41.9	41.42
41.1	41.43
41.9	41.44
41.5	41.45
41.9	41.46
41.10	41.47
41.1	41.48
41.2	41.49
41.9	41.50
41.9	41.51
41.9	41.52
41.1	41.53
41.1	41.54
41.7	41.55
41.10	41.56
41.1	41.57
41.1	41.58
41.9	41.59
41.1	41.60
41.7	41.61
41.9	41.62
41.5	41.63
41.9	41.64
42.11	42.1
42.4	42.2
42.4	42.3
42.11	42.4
42.11	42.5
42.10	42.6
42.10	42.7
42.10	42.8
42.10	42.9
42.6	42.10
42.4	42.11
42.11	42.12
42.4	42.13
42.8	42.14
42.4	42.15
42.6	42.16
42.7	42.17
42.10	42.18
42.10	42.19
42.4	42.20
42.11	42.21
42.8	42.22
42.4	42.23
42.11	42.24
42.4	42.25
42.10	42.26
42.11	42.27
42.10	42.28
42.8	42.29
42.11	42.30
42.10	42.31
42.10	42.32
42.4	42.33
42.11	42.34
42.6	42.35
42.11	42.36
42.6	42.37
42.11	42.38
42.4	42.39
42.5	42.40
42.4	42.41
42.11	42.42
42.6	42.43
42.11	42.44
42.10	42.45
42.11	42.46
42.11	42.47
42.1	42.48
42.8	42.49
42.6	42.50
42.9	42.51
42.10	42.52
42.1	42.53
42.1	42.54
42.2	42.55
42.4	42.56
42.3	42.57
42.10	42.58
42.11	42.59
42.4	42.60
42.10	42.61
42.11	42.62
42.4	42.63
42.4	42.64
43.1	43.1
43.10	43.2
43.10	43.3
43.10	43.4
43.10	43.5
43.9	43.6
43.10	43.7
43.2	43.8
43.7	43.9
43.7	43.10
43.12	43.11
43.11	43.12
43.8	43.13
43.4	43.14
43.10	43.15
43.10	43.16
43.7	43.17
43.10	43.18
43.10	43.19
43.8	43.20
43.10	43.21
43.10	43.22
43.10	43.23
43.7	43.24
43.1	43.25
43.7	43.26
43.7	43.27
43.10	43.28
43.10	43.29
43.7	43.30
43.10	43.31
43.7	43.32
43.7	43.33
43.11	43.34
43.8	43.35
43.5	43.36
43.10	43.37
43.1	43.38
43.1	43.39
43.7	43.40
43.10	43.41
43.10	43.42
43.1	43.43
43.5	43.44
43.1	43.45
43.3	43.46
43.1	43.47
43.1	43.48
43.7	43.49
43.6	43.50
43.8	43.51
43.7	43.52
43.7	43.53
43.7	43.54
43.1	43.55
43.10	43.56
43.1	43.57
43.10	43.58
43.7	43.59
43.7	43.60
43.7	43.61
43.7	43.62
43.7	43.63
43.7	43.64
44.8	44.1
44.8	44.2
44.7	44.3
44.7	44.4
44.6	44.5
44.9	44.6
44.1	44.7
44.4	44.8
44.6	44.9
44.8	44.10
44.1	44.11
44.7	44.12
44.8	44.13
44.6	44.14
44.8	44.15
44.8	44.16
44.3	44.17
44.8	44.18
44.8	44.19
44.1	44.20
44.8	44.21
44.8	44.22
44.9	44.23
44.1	44.24
44.1	44.25
44.1	44.26
44.8	44.27
44.8	44.28
44.1	44.29
44.1	44.30
44.6	44.31
44.6	44.32
44.1	44.33
44.8	44.34
44.8	44.35
44.7	44.36
44.8	44.37
44.8	44.38
44.1	44.39
44.6	44.40
44.8	44.41
44.8	44.42
44.8	44.43
44.8	44.44
44.1	44.45
44.2	44.46
44.1	44.47
44.1	44.48
44.6	44.49
44.5	44.50
44.10	44.51
44.7	44.52
44.5	44.53
44.1	44.54
44.5	44.55
44.7	44.56
44.7	44.57
44.10	44.58
44.6	44.59
44.8	44.60
44.6	44.61
44.8	44.62
44.6	44.63
44.6	44.64
45.1	45.1
45.7	45.2
45.11	45.3
45.7	45.4
45.7	45.5
45.7	45.6
45.1	45.7
45.1	45.8
45.10	45.9
45.11	45.10
45.7	45.11
45.11	45.12
45.7	45.13
45.1	45.14
45.7	45.15
45.7	45.16
45.11	45.17
45.7	45.18
45.7	45.19
45.7	45.20
45.1	45.21
45.4	45.22
45.7	45.23
45.7	45.24
45.7	45.25
45.3	45.26
45.7	45.27
45.7	45.28
45.1	45.29
45.7	45.30
45.7	45.31
45.1	45.32
45.5	45.33
45.1	45.34
45.6	45.35
45.7	45.36
45.9	45.37
45.7	45.38
45.8	45.39
45.8	45.40
45.1	45.41
45.7	45.42
45.1	45.43
45.7	45.44
45.7	45.45
45.7	45.46
45.7	45.47
45.8	45.48
45.7	45.49
45.1	45.50
45.7	45.51
45.1	45.52
45.1	45.53
45.7	45.54
45.7	45.55
45.2	45.56
45.1	45.57
45.1	45.58
45.7	45.59
45.1	45.60
45.1	45.61
45.1	45.62
45.8	45.63
45.7	45.64
46.7	46.1
46.6	46.2
46.5	46.3
46.7	46.4
46.6	46.5
46.7	46.6
46.7	46.7
46.6	46.8
46.7	46.9
46.7	46.10
46.1	46.11
46.1	46.12
46.7	46.13
46.7	46.14
46.7	46.15
46.6	46.16
46.1	46.17
46.1	46.18
46.7	46.19
46.1	46.20
46.1	46.21
46.6	46.22
46.7	46.23
46.1	46.24
46.1	46.25
46.4	46.26
46.7	46.27
46.7	46.28
46.7	46.29
46.7	46.30
46.7	46.31
46.6	46.32
46.7	46.33
46.1	46.34
46.6	46.35
46.6	46.36
46.7	46.37
46.1	46.38
46.6	46.39
46.7	46.40
46.6	46.41
46.2	46.42
46.5	46.43
46.6	46.44
46.6	46.45
46.5	46.46
46.6	46.47
46.7	46.48
46.1	46.49
46.6	46.50
46.5	46.51
46.1	46.52
46.6	46.53
46.3	46.54
46.1	46.55
46.6	46.56
46.1	46.57
46.7	46.58
46.5	46.59
46.6	46.60
46.5	46.61
46.6	46.62
46.7	46.63
46.7	46.64
47.4	47.1
47.6	47.2
47.5	47.3
47.5	47.4
47.8	47.5
47.8	47.6
47.5	47.7
47.4	47.8
47.6	47.9
47.5	47.10
47.4	47.11
47.5	47.12
47.4	47.13
47.4	47.14
47.8	47.15
47.5	47.16
47.6	47.17
47.8	47.18
47.8	47.19
47.6	47.20
47.5	47.21
47.8	47.22
47.4	47.23
47.5	47.24
47.4	47.25
47.6	47.26
47.4	47.27
47.8	47.28
47.8	47.29
47.8	47.30
47.4	47.31
47.5	47.32
47.5	47.33
47.5	47.34
47.8	47.35
47.6	47.36
47.5	47.37
47.4	47.38
47.8	47.39
47.8	47.40
47.4	47.41
47.8	47.42
47.7	47.43
47.4	47.44
47.4	47.45
47.8	47.46
47.8	47.47
47.4	47.48
47.8	47.49
47.8	47.50
47.4	47.51
47.3	47.52
47.8	47.53
47.5	47.54
47.1	47.55
47.8	47.56
47.4	47.57
47.6	47.58
47.5	47.59
47.2	47.60
47.6	47.61
47.8	47.62
47.5	47.63
47.4	47.64
48.4	48.1
48.8	48.2
48.5	48.3
48.4	48.4
48.8	48.5
48.5	48.6
48.8	48.7
48.8	48.8
48.7	48.9
48.5	48.10
48.1	48.11
48.4	48.12
48.4	48.13
48.7	48.14
48.8	48.15
48.8	48.16
48.5	48.17
48.6	48.18
48.8	48.19
48.5	48.20
48.8	48.21
48.5	48.22
48.5	48.23
48.7	48.24
48.5	48.25
48.7	48.26
48.5	48.27
48.8	48.28
48.8	48.29
48.2	48.30
48.5	48.31
48.8	48.32
48.7	48.33
48.4	48.34
48.8	48.35
48.8	48.36
48.7	48.37
48.7	48.38
48.8	48.39
48.5	48.40
48.5	48.41
48.4	48.42
48.8	48.43
48.8	48.44
48.4	48.45
48.7	48.46
48.5	48.47
48.7	48.48
48.7	48.49
48.3	48.50
48.8	48.51
48.5	48.52
48.8	48.53
48.5	48.54
48.4	48.55
48.4	48.56
48.8	48.57
48.4	48.58
48.4	48.59
48.8	48.60
48.4	48.61
48.4	48.62
48.4	48.63
48.5	48.64
49.3	49.1
49.3	49.2
49.5	49.3
49.5	49.4
49.9	49.5
49.5	49.6
49.3	49.7
49.5	49.8
49.5	49.9
49.7	49.10
49.2	49.11
49.11	49.12
49.5	49.13
49.10	49.14
49.5	49.15
49.8	49.16
49.3	49.17
49.6	49.18
49.5	49.19
49.5	49.20
49.3	49.21
49.8	49.22
49.11	49.23
49.5	49.24
49.11	49.25
49.5	49.26
49.11	49.27
49.11	49.28
49.3	49.29
49.3	49.30
49.11	49.31
49.3	49.32
49.8	49.33
49.11	49.34
49.11	49.35
49.3	49.36
49.3	49.37
49.3	49.38
49.11	49.39
49.5	49.40
49.6	49.41
49.7	49.42
49.3	49.43
49.5	49.44
49.3	49.45
49.8	49.46
49.11	49.47
49.11	49.48
49.3	49.49
49.11	49.50
49.4	49.51
49.5	49.52
49.3	49.53
49.6	49.54
49.11	49.55
49.5	49.56
49.10	49.57
49.7	49.58
49.11	49.59
49.11	49.60
49.5	49.61
49.9	49.62
49.10	49.63
49.1	49.64
50.7	50.1
50.7	50.2
50.5	50.3
50.7	50.4
50.5	50.5
50.7	50.6
50.7	50.7
50.7	50.8
50.7	50.9
50.7	50.10
50.5	50.11
50.5	50.12
50.7	50.13
50.7	50.14
50.1	50.15
50.5	50.16
50.5	50.17
50.5	50.18
50.7	50.19
50.5	50.20
50.7	50.21
50.5	50.22
50.5	50.23
50.7	50.24
50.7	50.25
50.5	50.26
50.5	50.27
50.7	50.28
50.7	50.29
50.4	50.30
50.5	50.31
50.7	50.32
50.5	50.33
50.5	50.34
50.7	50.35
50.7	50.36
50.7	50.37
50.7	50.38
50.3	50.39
50.7	50.40
50.7	50.41
50.6	50.42
50.6	50.43
50.5	50.44
50.7	50.45
50.7	50.46
50.7	50.47
50.6	50.48
50.5	50.49
50.7	50.50
50.6	50.51
50.7	50.52
50.5	50.53
50.1	50.54
50.7	50.55
50.7	50.56
50.5	50.57
50.2	50.58
50.7	50.59
50.1	50.60
50.6	50.61
50.7	50.62
50.7	50.63
50.7	50.64
51.3	51.1
51.4	51.2
51.4	51.3
51.8	51.4
51.3	51.5
51.4	51.6
51.4	51.7
51.3	51.8
51.8	51.9
51.4	51.10
51.8	51.11
51.1	51.12
51.4	51.13
51.3	51.14
51.3	51.15
51.4	51.16
51.4	51.17
51.8	51.18
51.4	51.19
51.8	51.20
51.7	51.21
51.4	51.22
51.1	51.23
51.4	51.24
51.1	51.25
51.4	51.26
51.4	51.27
51.6	51.28
51.3	51.29
51.1	51.30
51.4	51.31
51.4	51.32
51.8	51.33
51.2	51.34
51.4	51.35
51.4	51.36
51.3	51.37
51.4	51.38
51.4	51.39
51.4	51.40
51.4	51.41
51.4	51.42
51.8	51.43
51.4	51.44
51.1	51.45
51.4	51.46
51.3	51.47
51.4	51.48
51.4	51.49
51.4	51.50
51.3	51.51
51.8	51.52
51.4	51.53
51.4	51.54
51.4	51.55
51.4	51.56
51.4	51.57
51.5	51.58
51.4	51.59
51.8	51.60
51.4	51.61
51.4	51.62
51.3	51.63
51.8	51.64
52.1	52.1
52.1	52.2
52.9	52.3
52.1	52.4
52.1	52.5
52.1	52.6
52.7	52.7
52.1	52.8
52.1	52.9
52.5	52.10
52.8	52.11
52.1	52.12
52.9	52.13
52.1	52.14
52.9	52.15
52.9	52.16
52.1	52.17
52.9	52.18
52.9	52.19
52.1	52.20
52.8	52.21
52.1	52.22
52.5	52.23
52.9	52.24
52.1	52.25
52.1	52.26
52.1	52.27
52.9	52.28
52.1	52.29
52.9	52.30
52.1	52.31
52.7	52.32
52.8	52.33
52.1	52.34
52.9	52.35
52.9	52.36
52.9	52.37
52.7	52.38
52.9	52.39
52.1	52.40
52.1	52.41
52.7	52.42
52.1	52.43
52.9	52.44
52.9	52.45
52.9	52.46
52.3	52.47
52.9	52.48
52.9	52.49
52.1	52.50
52.7	52.51
52.1	52.52
52.2	52.53
52.4	52.54
52.1	52.55
52.9	52.56
52.6	52.57
52.4	52.58
52.1	52.59
52.8	52.60
52.8	52.61
52.7	52.62
52.1	52.63
52.9	52.64
53.8	53.1
53.1	53.2
53.1	53.3
53.1	53.4
53.8	53.5
53.1	53.6
53.7	53.7
53.5	53.8
53.1	53.9
53.8	53.10
53.1	53.11
53.7	53.12
53.7	53.13
53.7	53.14
53.5	53.15
53.1	53.16
53.8	53.17
53.5	53.18
53.7	53.19
53.8	53.20
53.1	53.21
53.1	53.22
53.1	53.23
53.4	53.24
53.7	53.25
53.8	53.26
53.8	53.27
53.5	53.28
53.7	53.29
53.7	53.30
53.6	53.31
53.1	53.32
53.5	53.33
53.1	53.34
53.7	53.35
53.7	53.36
53.1	53.37
53.7	53.38
53.6	53.39
53.8	53.40
53.7	53.41
53.1	53.42
53.3	53.43
53.1	53.44
53.5	53.45
53.8	53.46
53.1	53.47
53.7	53.48
53.1	53.49
53.7	53.50
53.1	53.51
53.2	53.52
53.8	53.53
53.7	53.54
53.1	53.55
53.1	53.56
53.7	53.57
53.8	53.58
53.8	53.59
53.1	53.60
53.8	53.61
53.1	53.62
53.8	53.63
53.7	53.64
54.11	54.1
54.11	54.2
54.11	54.3
54.6	54.4
54.11	54.5
54.11	54.6
54.6	54.7
54.6	54.8
54.6	54.9
54.11	54.10
54.1	54.11
54.6	54.12
54.1	54.13
54.11	54.14
54.11	54.15
54.6	54.16
54.11	54.17
54.7	54.18
54.6	54.19
54.11	54.20
54.6	54.21
54.1	54.22
54.11	54.23
54.2	54.24
54.4	54.25
54.10	54.26
54.1	54.27
54.11	54.28
54.11	54.29
54.11	54.30
54.11	54.31
54.7	54.32
54.1	54.33
54.7	54.34
54.11	54.35
54.5	54.36
54.1	54.37
54.6	54.38
54.11	54.39
54.6	54.40
54.5	54.41
54.6	54.42
54.1	54.43
54.3	54.44
54.1	54.45
54.1	54.46
54.1	54.47
54.4	54.48
54.6	54.49
54.1	54.50
54.1	54.51
54.7	54.52
54.6	54.53
54.5	54.54
54.1	54.55
54.6	54.56
54.1	54.57
54.6	54.58
54.9	54.59
54.8	54.60
54.11	54.61
54.11	54.62
54.6	54.63
54.6	54.64
55.4	55.1
55.7	55.2
55.3	55.3
55.1	55.4
55.4	55.5
55.6	55.6
55.4	55.7
55.4	55.8
55.3	55.9
55.4	55.10
55.1	55.11
55.6	55.12
55.7	55.13
55.5	55.14
55.4	55.15
55.4	55.16
55.6	55.17
55.4	55.18
55.1	55.19
55.8	55.20
55.4	55.21
55.1	55.22
55.2	55.23
55.4	55.24
55.4	55.25
55.7	55.26
55.4	55.27
55.7	55.28
55.4	55.29
55.6	55.30
55.6	55.31
55.1	55.32
55.4	55.33
55.4	55.34
55.4	55.35
55.1	55.36
55.7	55.37
55.3	55.38
55.7	55.39
55.7	55.40
55.3	55.41
55.4	55.42
55.4	55.43
55.4	55.44
55.4	55.45
55.4	55.46
55.7	55.47
55.1	55.48
55.6	55.49
55.5	55.50
55.7	55.51
55.4	55.52
55.7	55.53
55.7	55.54
55.7	55.55
55.4	55.56
55.5	55.57
55.7	55.58
55.7	55.59
55.1	55.60
55.1	55.61
55.7	55.62
55.4	55.63
55.4	55.64
56.7	56.1
56.7	56.2
56.7	56.3
56.1	56.4
56.5	56.5
56.2	56.6
56.10	56.7
56.1	56.8
56.1	56.9
56.1	56.10
56.1	56.11
56.7	56.12
56.1	56.13
56.1	56.14
56.10	56.15
56.1	56.16
56.7	56.17
56.1	56.18
56.3	56.19
56.1	56.20
56.1	56.21
56.5	56.22
56.1	56.23
56.1	56.24
56.1	56.25
56.1	56.26
56.7	56.27
56.1	56.28
56.7	56.29
56.7	56.30
56.8	56.31
56.6	56.32
56.7	56.33
56.7	56.34
56.7	56.35
56.1	56.36
56.10	56.37
56.10	56.38
56.7	56.39
56.1	56.40
56.6	56.41
56.1	56.42
56.7	56.43
56.7	56.44
56.1	56.45
56.1	56.46
56.7	56.47
56.1	56.48
56.3	56.49
56.7	56.50
56.7	56.51
56.1	56.52
56.9	56.53
56.10	56.54
56.8	56.55
56.1	56.56
56.7	56.57
56.4	56.58
56.4	56.59
56.3	56.60
56.1	56.61
56.7	56.62
56.7	56.63
56.1	56.64
57.1	57.1
57.1	57.2
57.1	57.3
57.10	57.4
57.10	57.5
57.1	57.6
57.1	57.7
57.1	57.8
57.1	57.9
57.1	57.10
57.1	57.11
57.1	57.12
57.1	57.13
57.14	57.14
57.5	57.15
57.1	57.16
57.5	57.17
57.1	57.18
57.1	57.19
57.5	57.20
57.14	57.21
57.6	57.22
57.1	57.23
57.14	57.24
57.14	57.25
57.5	57.26
57.1	57.27
57.10	57.28
57.2	57.29
57.14	57.30
57.10	57.31
57.1	57.32
57.1	57.33
57.14	57.34
57.13	57.35
57.10	57.36
57.4	57.37
57.14	57.38
57.1	57.39
57.5	57.40
57.12	57.41
57.8	57.42
57.10	57.43
57.14	57.44
57.1	57.45
57.1	57.46
57.9	57.47
57.1	57.48
57.11	57.49
57.10	57.50
57.14	57.51
57.8	57.52
57.12	57.53
57.12	57.54
57.14	57.55
57.14	57.56
57.3	57.57
57.8	57.58
57.13	57.59
57.12	57.60
57.7	57.61
57.10	57.62
57.10	57.63
57.8	57.64
58.1	58.1
58.1	58.2
58.6	58.3
58.1	58.4
58.9	58.5
58.1	58.6
58.1	58.7
58.9	58.8
58.7	58.9
58.1	58.10
58.1	58.11
58.9	58.12
58.9	58.13
58.8	58.14
58.1	58.15
58.10	58.16
58.9	58.17
58.9	58.18
58.4	58.19
58.5	58.20
58.9	58.21
58.8	58.22
58.9	58.23
58.1	58.24
58.6	58.25
58.6	58.26
58.9	58.27
58.9	58.28
58.9	58.29
58.1	58.30
58.6	58.31
58.9	58.32
58.9	58.33
58.1	58.34
58.7	58.35
58.6	58.36
58.7	58.37
58.7	58.38
58.7	58.39
58.9	58.40
58.7	58.41
58.9	58.42
58.4	58.43
58.5	58.44
58.9	58.45
58.8	58.46
58.9	58.47
58.1	58.48
58.6	58.49
58.1	58.50
58.8	58.51
58.10	58.52
58.9	58.53
58.3	58.54
58.7	58.55
58.1	58.56
58.9	58.57
58.9	58.58
58.6	58.59
58.10	58.60
58.7	58.61
58.9	58.62
58.9	58.63
58.2	58.64
59.6	59.1
59.6	59.2
59.1	59.3
59.4	59.4
59.6	59.5
59.4	59.6
59.7	59.7
59.4	59.8
59.6	59.9
59.7	59.10
59.4	59.11
59.6	59.12
59.7	59.13
59.4	59.14
59.4	59.15
59.6	59.16
59.1	59.17
59.6	59.18
59.4	59.19
59.1	59.20
59.4	59.21
59.4	59.22
59.6	59.23
59.3	59.24
59.4	59.25
59.6	59.26
59.6	59.27
59.7	59.28
59.6	59.29
59.4	59.30
59.6	59.31
59.5	59.32
59.6	59.33
59.1	59.34
59.6	59.35
59.6	59.36
59.3	59.37
59.5	59.38
59.6	59.39
59.6	59.40
59.7	59.41
59.7	59.42
59.6	59.43
59.6	59.44
59.4	59.45
59.4	59.46
59.6	59.47
59.4	59.48
59.6	59.49
59.6	59.50
59.4	59.51
59.4	59.52
59.7	59.53
59.4	59.54
59.4	59.55
59.4	59.56
59.7	59.57
59.5	59.58
59.4	59.59
59.1	59.60
59.1	59.61
59.4	59.62
59.2	59.63
59.4	59.64
60.14	60.1
60.14	60.2
60.14	60.3
60.14	60.4
60.14	60.5
60.14	60.6
60.8	60.7
60.14	60.8
60.10	60.9
60.14	60.10
60.1	60.11
60.14	60.12
60.14	60.13
60.10	60.14
60.1	60.15
60.10	60.16
60.4	60.17
60.1	60.18
60.12	60.19
60.10	60.20
60.1	60.21
60.14	60.22
60.14	60.23
60.10	60.24
60.10	60.25
60.10	60.26
60.14	60.27
60.8	60.28
60.14	60.29
60.9	60.30
60.14	60.31
60.8	60.32
60.5	60.33
60.14	60.34
60.1	60.35
60.2	60.36
60.3	60.37
60.1	60.38
60.11	60.39
60.5	60.40
60.1	60.41
60.13	60.42
60.14	60.43
60.10	60.44
60.3	60.45
60.1	60.46
60.10	60.47
60.14	60.48
60.13	60.49
60.10	60.50
60.1	60.51
60.1	60.52
60.15	60.53
60.1	60.54
60.1	60.55
60.14	60.56
60.14	60.57
60.6	60.58
60.15	60.59
60.14	60.60
60.7	60.61
60.7	60.62
60.12	60.63
60.8	60.64
61.1	61.1
61.6	61.2
61.5	61.3
61.1	61.4
61.5	61.5
61.5	61.6
61.6	61.7
61.6	61.8
61.5	61.9
61.5	61.10
61.1	61.11
61.6	61.12
61.1	61.13
61.6	61.14
61.1	61.15
61.5	61.16
61.5	61.17
61.1	61.18
61.6	61.19
61.6	61.20
61.5	61.21
61.5	61.22
61.1	61.23
61.3	61.24
61.6	61.25
61.5	61.26
61.1	61.27
61.5	61.28
61.4	61.29
61.4	61.30
61.1	61.31
61.1	61.32
61.1	61.33
61.1	61.34
61.5	61.35
61.6	61.36
61.1	61.37
61.5	61.38
61.6	61.39
61.1	61.40
61.1	61.41
61.1	61.42
61.2	61.43
61.4	61.44
61.6	61.45
61.6	61.46
61.1	61.47
61.4	61.48
61.1	61.49
61.5	61.50
61.6	61.51
61.6	61.52
61.6	61.53
61.6	61.54
61.1	61.55
61.1	61.56
61.1	61.57
61.1	61.58
61.1	61.59
61.1	61.60
61.6	61.61
61.6	61.62
61.1	61.63
61.4	61.64
62.1	62.1
62.1	62.2
62.1	62.3
62.1	62.4
62.1	62.5
62.1	62.6
62.4	62.7
62.6	62.8
62.6	62.9
62.1	62.10
62.1	62.11
62.1	62.12
62.4	62.13
62.6	62.14
62.1	62.15
62.6	62.16
62.1	62.17
62.1	62.18
62.6	62.19
62.1	62.20
62.6	62.21
62.1	62.22
62.2	62.23
62.5	62.24
62.6	62.25
62.6	62.26
62.1	62.27
62.6	62.28
62.1	62.29
62.1	62.30
62.3	62.31
62.6	62.32
62.6	62.33
62.6	62.34
62.6	62.35
62.5	62.36
62.1	62.37
62.5	62.38
62.1	62.39
62.6	62.40
62.1	62.41
62.6	62.42
62.6	62.43
62.1	62.44
62.1	62.45
62.1	62.46
62.1	62.47
62.5	62.48
62.5	62.49
62.1	62.50
62.6	62.51
62.6	62.52
62.3	62.53
62.6	62.54
62.1	62.55
62.5	62.56
62.1	62.57
62.6	62.58
62.6	62.59
62.1	62.60
62.1	62.61
62.6	62.62
62.1	62.63
62.6	62.64
63.5	63.1
63.5	63.2
63.1	63.3
63.1	63.4
63.1	63.5
63.1	63.6
63.5	63.7
63.5	63.8
63.5	63.9
63.1	63.10
63.1	63.11
63.5	63.12
63.1	63.13
63.5	63.14
63.1	63.15
63.1	63.16
63.1	63.17
63.5	63.18
63.5	63.19
63.7	63.20
63.5	63.21
63.5	63.22
63.5	63.23
63.7	63.24
63.1	63.25
63.7	63.26
63.1	63.27
63.1	63.28
63.1	63.29
63.5	63.30
63.1	63.31
63.5	63.32
63.1	63.33
63.5	63.34
63.7	63.35
63.1	63.36
63.7	63.37
63.1	63.38
63.1	63.39
63.1	63.40
63.1	63.41
63.5	63.42
63.2	63.43
63.4	63.44
63.6	63.45
63.7	63.46
63.5	63.47
63.7	63.48
63.7	63.49
63.5	63.50
63.3	63.51
63.8	63.52
63.5	63.53
63.1	63.54
63.1	63.55
63.7	63.56
63.5	63.57
63.5	63.58
63.1	63.59
63.5	63.60
63.1	63.61
63.5	63.62
63.1	63.63
63.7	63.64
64.5	64.1
64.7	64.2
64.1	64.3
64.7	64.4
64.1	64.5
64.6	64.6
64.1	64.7
64.1	64.8
64.8	64.9
64.8	64.10
64.5	64.11
64.8	64.12
64.8	64.13
64.1	64.14
64.1	64.15
64.1	64.16
64.1	64.17
64.1	64.18
64.1	64.19
64.1	64.20
64.1	64.21
64.1	64.22
64.1	64.23
64.8	64.24
64.8	64.25
64.7	64.26
64.1	64.27
64.8	64.28
64.2	64.29
64.1	64.30
64.8	64.31
64.1	64.32
64.1	64.33
64.1	64.34
64.8	64.35
64.8	64.36
64.8	64.37
64.1	64.38
64.4	64.39
64.1	64.40
64.8	64.41
64.1	64.42
64.8	64.43
64.1	64.44
64.1	64.45
64.1	64.46
64.3	64.47
64.1	64.48
64.8	64.49
64.7	64.50
64.8	64.51
64.1	64.52
64.8	64.53
64.8	64.54
64.8	64.55
64.1	64.56
64.1	64.57
64.1	64.58
64.8	64.59
64.1	64.60
64.7	64.61
64.8	64.62
64.1	64.63
64.7	64.64
65.7	65.1
65.4	65.2
65.5	65.3
65.4	65.4
65.1	65.5
65.7	65.6
65.1	65.7
65.4	65.8
65.1	65.9
65.4	65.10
65.4	65.11
65.7	65.12
65.4	65.13
65.4	65.14
65.6	65.15
65.4	65.16
65.4	65.17
65.4	65.18
65.1	65.19
65.1	65.20
65.4	65.21
65.1	65.22
65.1	65.23
65.1	65.24
65.4	65.25
65.1	65.26
65.4	65.27
65.7	65.28
65.2	65.29
65.7	65.30
65.4	65.31
65.1	65.32
65.6	65.33
65.4	65.34
65.4	65.35
65.4	65.36
65.6	65.37
65.4	65.38
65.1	65.39
65.4	65.40
65.4	65.41
65.1	65.42
65.7	65.43
65.1	65.44
65.1	65.45
65.7	65.46
65.1	65.47
65.4	65.48
65.4	65.49
65.7	65.50
65.7	65.51
65.4	65.52
65.7	65.53
65.4	65.54
65.4	65.55
65.3	65.56
65.1	65.57
65.1	65.58
65.1	65.59
65.1	65.60
65.1	65.61
65.1	65.62
65.1	65.63
65.1	65.64
66.8	66.1
66.7	66.2
66.4	66.3
66.4	66.4
66.4	66.5
66.7	66.6
66.4	66.7
66.8	66.8
66.7	66.9
66.4	66.10
66.7	66.11
66.8	66.12
66.3	66.13
66.7	66.14
66.7	66.15
66.4	66.16
66.4	66.17
66.4	66.18
66.1	66.19
66.4	66.20
66.4	66.21
66.7	66.22
66.1	66.23
66.1	66.24
66.4	66.25
66.4	66.26
66.8	66.27
66.4	66.28
66.7	66.29
66.7	66.30
66.1	66.31
66.7	66.32
66.1	66.33
66.1	66.34
66.1	66.35
66.6	66.36
66.1	66.37
66.1	66.38
66.7	66.39
66.4	66.40
66.7	66.41
66.4	66.42
66.7	66.43
66.1	66.44
66.5	66.45
66.7	66.46
66.1	66.47
66.4	66.48
66.5	66.49
66.1	66.50
66.1	66.51
66.1	66.52
66.1	66.53
66.5	66.54
66.1	66.55
66.1	66.56
66.7	66.57
66.5	66.58
66.1	66.59
66.6	66.60
66.7	66.61
66.4	66.62
66.2	66.63
66.1	66.64
67.5	67.1
67.4	67.2
67.5	67.3
67.4	67.4
67.1	67.5
67.4	67.6
67.4	67.7
67.4	67.8
67.5	67.9
67.4	67.10
67.1	67.11
67.4	67.12
67.4	67.13
67.6	67.14
67.4	67.15
67.5	67.16
67.5	67.17
67.4	67.18
67.4	67.19
67.5	67.20
67.4	67.21
67.5	67.22
67.6	67.23
67.6	67.24
67.5	67.25
67.5	67.26
67.4	67.27
67.5	67.28
67.4	67.29
67.4	67.30
67.2	67.31
67.5	67.32
67.1	67.33
67.4	67.34
67.5	67.35
67.5	67.36
67.4	67.37
67.5	67.38
67.4	67.39
67.1	67.40
67.4	67.41
67.4	67.42
67.5	67.43
67.5	67.44
67.3	67.45
67.4	67.46
67.4	67.47
67.4	67.48
67.5	67.49
67.1	67.50
67.4	67.51
67.1	67.52
67.1	67.53
67.4	67.54
67.4	67.55
67.4	67.56
67.4	67.57
67.4	67.58
67.5	67.59
67.1	67.60
67.1	67.61
67.1	67.62
67.1	67.63
67.5	67.64
68.4	68.1
68.4	68.2
68.1	68.3
68.4	68.4
68.4	68.5
68.1	68.6
68.4	68.7
68.5	68.8
68.1	68.9
68.5	68.10
68.4	68.11
68.6	68.12
68.5	68.13
68.4	68.14
68.4	68.15
68.1	68.16
68.5	68.17
68.5	68.18
68.5	68.19
68.1	68.20
68.5	68.21
68.1	68.22
68.4	68.23
68.1	68.24
68.4	68.25
68.4	68.26
68.5	68.27
68.6	68.28
68.6	68.29
68.4	68.30
68.4	68.31
68.4	68.32
68.1	68.33
68.4	68.34
68.4	68.35
68.6	68.36
68.3	68.37
68.4	68.38
68.4	68.39
68.4	68.40
68.4	68.41
68.5	68.42
68.5	68.43
68.5	68.44
68.1	68.45
68.1	68.46
68.1	68.47
68.5	68.48
68.5	68.49
68.5	68.50
68.2	68.51
68.4	68.52
68.4	68.53
68.5	68.54
68.4	68.55
68.5	68.56
68.5	68.57
68.1	68.58
68.5	68.59
68.4	68.60
68.4	68.61
68.5	68.62
68.5	68.63
68.5	68.64
69.8	69.1
69.7	69.2
69.8	69.3
69.4	69.4
69.4	69.5
69.6	69.6
69.8	69.7
69.3	69.8
69.4	69.9
69.4	69.10
69.1	69.11
69.1	69.12
69.7	69.13
69.1	69.14
69.2	69.15
69.4	69.16
69.8	69.17
69.8	69.18
69.1	69.19
69.8	69.20
69.6	69.21
69.4	69.22
69.8	69.23
69.7	69.24
69.6	69.25
69.8	69.26
69.7	69.27
69.4	69.28
69.8	69.29
69.6	69.30
69.4	69.31
69.4	69.32
69.4	69.33
69.7	69.34
69.4	69.35
69.7	69.36
69.7	69.37
69.4	69.38
69.4	69.39
69.1	69.40
69.4	69.41
69.1	69.42
69.3	69.43
69.8	69.44
69.6	69.45
69.1	69.46
69.4	69.47
69.4	69.48
69.4	69.49
69.7	69.50
69.4	69.51
69.7	69.52
69.8	69.53
69.1	69.54
69.4	69.55
69.8	69.56
69.7	69.57
69.4	69.58
69.8	69.59
69.5	69.60
69.8	69.61
69.8	69.62
69.4	69.63
69.4	69.64
70.9	70.1
70.4	70.2
70.4	70.3
70.4	70.4
70.4	70.5
70.5	70.6
70.7	70.7
70.9	70.8
70.4	70.9
70.4	70.10
70.4	70.11
70.9	70.12
70.4	70.13
70.10	70.14
70.9	70.15
70.10	70.16
70.9	70.17
70.9	70.18
70.9	70.19
70.4	70.20
70.4	70.21
70.4	70.22
70.4	70.23
70.9	70.24
70.1	70.25
70.1	70.26
70.9	70.27
70.4	70.28
70.9	70.29
70.4	70.30
70.9	70.31
70.3	70.32
70.2	70.33
70.6	70.34
70.4	70.35
70.4	70.36
70.4	70.37
70.4	70.38
70.4	70.39
70.9	70.40
70.4	70.41
70.4	70.42
70.10	70.43
70.10	70.44
70.11	70.45
70.4	70.46
70.4	70.47
70.9	70.48
70.9	70.49
70.9	70.50
70.9	70.51
70.4	70.52
70.1	70.53
70.9	70.54
70.9	70.55
70.8	70.56
70.10	70.57
70.9	70.58
70.4	70.59
70.9	70.60
70.4	70.61
70.9	70.62
70.4	70.63
70.4	70.64
71.5	71.1
71.4	71.2
71.4	71.3
71.6	71.4
71.4	71.5
71.4	71.6
71.4	71.7
71.4	71.8
71.6	71.9
71.4	71.10
71.4	71.11
71.4	71.12
71.4	71.13
71.6	71.14
71.4	71.15
71.4	71.16
71.6	71.17
71.6	71.18
71.4	71.19
71.4	71.20
71.4	71.21
71.5	71.22
71.6	71.23
71.4	71.24
71.5	71.25
71.1	71.26
71.1	71.27
71.4	71.28
71.4	71.29
71.4	71.30
71.6	71.31
71.4	71.32
71.5	71.33
71.6	71.34
71.4	71.35
71.2	71.36
71.6	71.37
71.4	71.38
71.6	71.39
71.1	71.40
71.6	71.41
71.1	71.42
71.4	71.43
71.3	71.44
71.6	71.45
71.4	71.46
71.4	71.47
71.6	71.48
71.1	71.49
71.1	71.50
71.4	71.51
71.1	71.52
71.6	71.53
71.4	71.54
71.4	71.55
71.4	71.56
71.1	71.57
71.5	71.58
71.1	71.59
71.3	71.60
71.6	71.61
71.6	71.62
71.4	71.63
71.4	71.64
72.14	72.1
72.5	72.2
72.14	72.3
72.10	72.4
72.12	72.5
72.12	72.6
72.14	72.7
72.14	72.8
72.1	72.9
72.14	72.10
72.1	72.11
72.2	72.12
72.1	72.13
72.7	72.14
72.1	72.15
72.1	72.16
72.10	72.17
72.3	72.18
72.14	72.19
72.11	72.20
72.1	72.21
72.12	72.22
72.12	72.23
72.1	72.24
72.12	72.25
72.1	72.26
72.12	72.27
72.8	72.28
72.13	72.29
72.15	72.30
72.14	72.31
72.1	72.32
72.13	72.33
72.1	72.34
72.12	72.35
72.14	72.36
72.10	72.37
72.10	72.38
72.11	72.39
72.12	72.40
72.7	72.41
72.1	72.42
72.12	72.43
72.13	72.44
72.13	72.45
72.12	72.46
72.1	72.47
72.6	72.48
72.7	72.49
72.9	72.50
72.14	72.51
72.10	72.52
72.10	72.53
72.1	72.54
72.12	72.55
72.5	72.56
72.10	72.57
72.12	72.58
72.10	72.59
72.4	72.60
72.14	72.61
72.12	72.62
72.4	72.63
72.13	72.64
73.1	73.1
73.4	73.2
73.5	73.3
73.6	73.4
73.2	73.5
73.5	73.6
73.4	73.7
73.5	73.8
73.5	73.9
73.6	73.10
73.4	73.11
73.4	73.12
73.1	73.13
73.6	73.14
73.6	73.15
73.5	73.16
73.6	73.17
73.5	73.18
73.4	73.19
73.5	73.20
73.5	73.21
73.4	73.22
73.4	73.23
73.7	73.24
73.1	73.25
73.6	73.26
73.5	73.27
73.3	73.28
73.7	73.29
73.6	73.30
73.1	73.31
73.1	73.32
73.5	73.33
73.6	73.34
73.1	73.35
73.5	73.36
73.1	73.37
73.5	73.38
73.7	73.39
73.4	73.40
73.6	73.41
73.6	73.42
73.4	73.43
73.8	73.44
73.6	73.45
73.1	73.46
73.4	73.47
73.7	73.48
73.1	73.49
73.4	73.50
73.6	73.51
73.6	73.52
73.6	73.53
73.7	73.54
73.1	73.55
73.8	73.56
73.5	73.57
73.5	73.58
73.1	73.59
73.1	73.60
73.1	73.61
73.5	73.62
73.3	73.63
73.4	73.64
74.6	74.1
74.9	74.2
74.6	74.3
74.1	74.4
74.6	74.5
74.9	74.6
74.1	74.7
74.8	74.8
74.6	74.9
74.9	74.10
74.6	74.11
74.6	74.12
74.6	74.13
74.6	74.14
74.6	74.15
74.9	74.16
74.6	74.17
74.6	74.18
74.9	74.19
74.6	74.20
74.9	74.21
74.1	74.22
74.9	74.23
74.6	74.24
74.9	74.25
74.1	74.26
74.1	74.27
74.9	74.28
74.6	74.29
74.6	74.30
74.6	74.31
74.9	74.32
74.6	74.33
74.9	74.34
74.9	74.35
74.6	74.36
74.1	74.37
74.9	74.38
74.9	74.39
74.9	74.40
74.8	74.41
74.9	74.42
74.6	74.43
74.6	74.44
74.6	74.45
74.5	74.46
74.9	74.47
74.9	74.48
74.8	74.49
74.3	74.50
74.4	74.51
74.1	74.52
74.6	74.53
74.9	74.54
74.5	74.55
74.1	74.56
74.9	74.57
74.6	74.58
74.9	74.59
74.2	74.60
74.9	74.61
74.1	74.62
74.9	74.63
74.7	74.64
75.1	75.1
75.8	75.2
75.8	75.3
75.1	75.4
75.8	75.5
75.1	75.6
75.9	75.7
75.8	75.8
75.8	75.9
75.8	75.10
75.1	75.11
75.1	75.12
75.1	75.13
75.8	75.14
75.1	75.15
75.9	75.16
75.7	75.17
75.1	75.18
75.8	75.19
75.2	75.20
75.1	75.21
75.1	75.22
75.8	75.23
75.3	75.24
75.5	75.25
75.1	75.26
75.9	75.27
75.1	75.28
75.5	75.29
75.9	75.30
75.8	75.31
75.1	75.32
75.1	75.33
75.8	75.34
75.1	75.35
75.1	75.36
75.8	75.37
75.8	75.38
75.5	75.39
75.1	75.40
75.8	75.41
75.8	75.42
75.8	75.43
75.9	75.44
75.4	75.45
75.4	75.46
75.7	75.47
75.8	75.48
75.8	75.49
75.9	75.50
75.9	75.51
75.7	75.52
75.8	75.53
75.8	75.54
75.8	75.55
75.9	75.56
75.6	75.57
75.8	75.58
75.1	75.59
75.1	75.60
75.7	75.61
75.9	75.62
75.7	75.63
75.8	75.64
76.7	76.1
76.7	76.2
76.1	76.3
76.7	76.4
76.7	76.5
76.7	76.6
76.7	76.7
76.7	76.8
76.7	76.9
76.4	76.10
76.7	76.11
76.7	76.12
76.1	76.13
76.1	76.14
76.7	76.15
76.1	76.16
76.4	76.17
76.7	76.18
76.7	76.19
76.7	76.20
76.6	76.21
76.7	76.22
76.1	76.23
76.1	76.24
76.7	76.25
76.7	76.26
76.7	76.27
76.7	76.28
76.7	76.29
76.7	76.30
76.1	76.31
76.1	76.32
76.7	76.33
76.7	76.34
76.7	76.35
76.4	76.36
76.7	76.37
76.7	76.38
76.5	76.39
76.1	76.40
76.1	76.41
76.5	76.42
76.1	76.43
76.4	76.44
76.5	76.45
76.1	76.46
76.7	76.47
76.1	76.48
76.1	76.49
76.4	76.50
76.7	76.51
76.4	76.52
76.1	76.53
76.4	76.54
76.2	76.55
76.7	76.56
76.7	76.57
76.7	76.58
76.7	76.59
76.7	76.60
76.1	76.61
76.3	76.62
76.1	76.63
76.7	76.64
77.7	77.1
77.8	77.2
77.7	77.3
77.1	77.4
77.7	77.5
77.7	77.6
77.7	77.7
77.1	77.8
77.7	77.9
77.8	77.10
77.7	77.11
77.1	77.12
77.7	77.13
77.7	77.14
77.7	77.15
77.7	77.16
77.2	77.17
77.7	77.18
77.7	77.19
77.9	77.20
77.1	77.21
77.7	77.22
77.1	77.23
77.7	77.24
77.7	77.25
77.1	77.26
77.8	77.27
77.7	77.28
77.4	77.29
77.1	77.30
77.7	77.31
77.7	77.32
77.1	77.33
77.4	77.34
77.8	77.35
77.7	77.36
77.7	77.37
77.1	77.38
77.5	77.39
77.5	77.40
77.1	77.41
77.7	77.42
77.7	77.43
77.1	77.44
77.6	77.45
77.8	77.46
77.6	77.47
77.6	77.48
77.7	77.49
77.7	77.50
77.1	77.51
77.8	77.52
77.4	77.53
77.3	77.54
77.7	77.55
77.9	77.56
77.8	77.57
77.7	77.58
77.7	77.59
77.7	77.60
77.7	77.61
77.7	77.62
77.7	77.63
77.1	77.64
78.7	78.1
78.4	78.2
78.5	78.3
78.8	78.4
78.5	78.5
78.7	78.6
78.5	78.7
78.2	78.8
78.8	78.9
78.5	78.10
78.5	78.11
78.4	78.12
78.1	78.13
78.8	78.14
78.5	78.15
78.5	78.16
78.5	78.17
78.1	78.18
78.5	78.19
78.4	78.20
78.4	78.21
78.8	78.22
78.5	78.23
78.5	78.24
78.8	78.25
78.4	78.26
78.5	78.27
78.5	78.28
78.5	78.29
78.5	78.30
78.5	78.31
78.5	78.32
78.8	78.33
78.5	78.34
78.5	78.35
78.5	78.36
78.6	78.37
78.8	78.38
78.5	78.39
78.4	78.40
78.5	78.41
78.5	78.42
78.9	78.43
78.5	78.44
78.5	78.45
78.5	78.46
78.3	78.47
78.5	78.48
78.5	78.49
78.7	78.50
78.7	78.51
78.5	78.52
78.7	78.53
78.8	78.54
78.5	78.55
78.1	78.56
78.5	78.57
78.5	78.58
78.8	78.59
78.5	78.60
78.5	78.61
78.8	78.62
78.8	78.63
78.5	78.64
79.8	79.1
79.8	79.2
79.8	79.3
79.1	79.4
79.1	79.5
79.1	79.6
79.1	79.7
79.1	79.8
79.1	79.9
79.1	79.10
79.8	79.11
79.8	79.12
79.1	79.13
79.5	79.14
79.1	79.15
79.1	79.16
79.8	79.17
79.1	79.18
79.1	79.19
79.1	79.20
79.8	79.21
79.1	79.22
79.1	79.23
79.1	79.24
79.1	79.25
79.8	79.26
79.8	79.27
79.8	79.28
79.1	79.29
79.1	79.30
79.1	79.31
79.1	79.32
79.4	79.33
79.4	79.34
79.1	79.35
79.6	79.36
79.8	79.37
79.2	79.38
79.8	79.39
79.1	79.40
79.8	79.41
79.4	79.42
79.8	79.43
79.7	79.44
79.7	79.45
79.1	79.46
79.1	79.47
79.1	79.48
79.7	79.49
79.3	79.50
79.8	79.51
79.1	79.52
79.1	79.53
79.8	79.54
79.1	79.55
79.1	79.56
79.4	79.57
79.7	79.58
79.1	79.59
79.1	79.60
79.1	79.61
79.1	79.62
79.1	79.63
79.8	79.64
80.1	80.1
80.1	80.2
80.8	80.3
80.1	80.4
80.1	80.5
80.7	80.6
80.1	80.7
80.2	80.8
80.7	80.9
80.7	80.10
80.5	80.11
80.1	80.12
80.7	80.13
80.7	80.14
80.8	80.15
80.1	80.16
80.1	80.17
80.5	80.18
80.1	80.19
80.1	80.20
80.6	80.21
80.7	80.22
80.1	80.23
80.5	80.24
80.7	80.25
80.7	80.26
80.1	80.27
80.7	80.28
80.1	80.29
80.1	80.30
80.5	80.31
80.8	80.32
80.1	80.33
80.7	80.34
80.1	80.35
80.1	80.36
80.1	80.37
80.7	80.38
80.1	80.39
80.1	80.40
80.7	80.41
80.1	80.42
80.1	80.43
80.6	80.44
80.7	80.45
80.7	80.46
80.5	80.47
80.1	80.48
80.7	80.49
80.6	80.50
80.1	80.51
80.7	80.52
80.1	80.53
80.4	80.54
80.1	80.55
80.1	80.56
80.1	80.57
80.1	80.58
80.5	80.59
80.1	80.60
80.7	80.61
80.3	80.62
80.1	80.63
80.1	80.64
81.1	81.1
81.4	81.2
81.4	81.3
81.4	81.4
81.4	81.5
81.1	81.6
81.4	81.7
81.4	81.8
81.4	81.9
81.4	81.10
81.4	81.11
81.1	81.12
81.1	81.13
81.4	81.14
81.4	81.15
81.4	81.16
81.1	81.17
81.4	81.18
81.3	81.19
81.1	81.20
81.4	81.21
81.1	81.22
81.4	81.23
81.4	81.24
81.4	81.25
81.4	81.26
81.1	81.27
81.1	81.28
81.1	81.29
81.1	81.30
81.4	81.31
81.1	81.32
81.1	81.33
81.1	81.34
81.4	81.35
81.4	81.36
81.4	81.37
81.4	81.38
81.1	81.39
81.3	81.40
81.3	81.41
81.4	81.42
81.4	81.43
81.4	81.44
81.4	81.45
81.1	81.46
81.1	81.47
81.4	81.48
81.1	81.49
81.4	81.50
81.1	81.51
81.4	81.52
81.3	81.53
81.4	81.54
81.4	81.55
81.1	81.56
81.4	81.57
81.4	81.58
81.3	81.59
81.4	81.60
81.1	81.61
81.2	81.62
81.4	81.63
81.3	81.64
82.5	82.1
82.5	82.2
82.1	82.3
82.5	82.4
82.8	82.5
82.7	82.6
82.9	82.7
82.1	82.8
82.9	82.9
82.7	82.10
82.5	82.11
82.9	82.12
82.9	82.13
82.5	82.14
82.5	82.15
82.9	82.16
82.8	82.17
82.1	82.18
82.1	82.19
82.5	82.20
82.7	82.21
82.9	82.22
82.2	82.23
82.6	82.24
82.9	82.25
82.1	82.26
82.5	82.27
82.9	82.28
82.8	82.29
82.9	82.30
82.1	82.31
82.5	82.32
82.1	82.33
82.8	82.34
82.5	82.35
82.9	82.36
82.1	82.37
82.5	82.38
82.9	82.39
82.9	82.40
82.1	82.41
82.5	82.42
82.1	82.43
82.9	82.44
82.9	82.45
82.1	82.46
82.1	82.47
82.9	82.48
82.9	82.49
82.7	82.50
82.5	82.51
82.1	82.52
82.5	82.53
82.5	82.54
82.5	82.55
82.8	82.56
82.3	82.57
82.1	82.58
82.8	82.59
82.9	82.60
82.1	82.61
82.4	82.62
82.5	82.63
82.5	82.64
83.1	83.1
83.12	83.2
83.1	83.3
83.1	83.4
83.6	83.5
83.5	83.6
83.8	83.7
83.8	83.8
83.1	83.9
83.10	83.10
83.3	83.11
83.1	83.12
83.1	83.13
83.11	83.14
83.1	83.15
83.1	83.16
83.5	83.17
83.1	83.18
83.12	83.19
83.1	83.20
83.12	83.21
83.9	83.22
83.1	83.23
83.5	83.24
83.9	83.25
83.1	83.26
83.1	83.27
83.5	83.28
83.3	83.29
83.12	83.30
83.1	83.31
83.2	83.32
83.5	83.33
83.7	83.34
83.1	83.35
83.5	83.36
83.12	83.37
83.1	83.38
83.4	83.39
83.10	83.40
83.5	83.41
83.1	83.42
83.8	83.43
83.1	83.44
83.1	83.45
83.12	83.46
83.12	83.47
83.1	83.48
83.1	83.49
83.12	83.50
83.12	83.51
83.12	83.52
83.10	83.53
83.12	83.54
83.1	83.55
83.12	83.56
83.8	83.57
83.12	83.58
83.12	83.59
83.1	83.60
83.12	83.61
83.1	83.62
83.1	83.63
83.9	83.64
84.1	84.1
84.6	84.2
84.1	84.3
84.8	84.4
84.8	84.5
84.8	84.6
84.5	84.7
84.5	84.8
84.1	84.9
84.1	84.10
84.8	84.11
84.1	84.12
84.8	84.13
84.6	84.14
84.8	84.15
84.1	84.16
84.8	84.17
84.4	84.18
84.1	84.19
84.1	84.20
84.8	84.21
84.6	84.22
84.8	84.23
84.1	84.24
84.8	84.25
84.8	84.26
84.1	84.27
84.8	84.28
84.8	84.29
84.8	84.30
84.8	84.31
84.8	84.32
84.5	84.33
84.8	84.34
84.8	84.35
84.6	84.36
84.1	84.37
84.1	84.38
84.1	84.39
84.8	84.40
84.1	84.41
84.8	84.42
84.7	84.43
84.6	84.44
84.6	84.45
84.8	84.46
84.8	84.47
84.1	84.48
84.8	84.49
84.8	84.50
84.3	84.51
84.8	84.52
84.8	84.53
84.2	84.54
84.8	84.55
84.8	84.56
84.1	84.57
84.1	84.58
84.8	84.59
84.5	84.60
84.8	84.61
84.1	84.62
84.6	84.63
84.8	84.64
85.8	85.1
85.1	85.2
85.1	85.3
85.3	85.4
85.1	85.5
85.8	85.6
85.1	85.7
85.3	85.8
85.8	85.9
85.1	85.10
85.8	85.11
85.2	85.12
85.6	85.13
85.7	85.14
85.9	85.15
85.1	85.16
85.1	85.17
85.3	85.18
85.5	85.19
85.1	85.20
85.8	85.21
85.5	85.22
85.1	85.23
85.3	85.24
85.5	85.25
85.1	85.26
85.8	85.27
85.8	85.28
85.4	85.29
85.3	85.30
85.5	85.31
85.1	85.32
85.1	85.33
85.3	85.34
85.3	85.35
85.7	85.36
85.1	85.37
85.3	85.38
85.7	85.39
85.5	85.40
85.3	85.41
85.9	85.42
85.3	85.43
85.1	85.44
85.7	85.45
85.1	85.46
85.1	85.47
85.1	85.48
85.7	85.49
85.7	85.50
85.1	85.51
85.3	85.52
85.1	85.53
85.1	85.54
85.8	85.55
85.8	85.56
85.1	85.57
85.5	85.58
85.5	85.59
85.8	85.60
85.1	85.61
85.7	85.62
85.9	85.63
85.3	85.64
86.4	86.1
86.5	86.2
86.5	86.3
86.5	86.4
86.5	86.5
86.5	86.6
86.5	86.7
86.5	86.8
86.1	86.9
86.1	86.10
86.4	86.11
86.4	86.12
86.5	86.13
86.5	86.14
86.3	86.15
86.5	86.16
86.1	86.17
86.5	86.18
86.1	86.19
86.5	86.20
86.5	86.21
86.5	86.22
86.1	86.23
86.5	86.24
86.5	86.25
86.5	86.26
86.4	86.27
86.5	86.28
86.5	86.29
86.4	86.30
86.1	86.31
86.5	86.32
86.5	86.33
86.5	86.34
86.2	86.35
86.1	86.36
86.1	86.37
86.5	86.38
86.5	86.39
86.4	86.40
86.5	86.41
86.1	86.42
86.1	86.43
86.1	86.44
86.5	86.45
86.5	86.46
86.1	86.47
86.4	86.48
86.1	86.49
86.3	86.50
86.5	86.51
86.5	86.52
86.1	86.53
86.1	86.54
86.1	86.55
86.1	86.56
86.1	86.57
86.1	86.58
86.1	86.59
86.1	86.60
86.1	86.61
86.5	86.62
86.5	86.63
86.5	86.64
87.6	87.1
87.1	87.2
87.1	87.3
87.1	87.4
87.6	87.5
87.1	87.6
87.1	87.7
87.1	87.8
87.6	87.9
87.1	87.10
87.6	87.11
87.1	87.12
87.1	87.13
87.5	87.14
87.1	87.15
87.1	87.16
87.1	87.17
87.1	87.18
87.1	87.19
87.1	87.20
87.1	87.21
87.1	87.22
87.1	87.23
87.1	87.24
87.6	87.25
87.4	87.26
87.1	87.27
87.1	87.28
87.3	87.29
87.6	87.30
87.6	87.31
87.1	87.32
87.1	87.33
87.1	87.34
87.2	87.35
87.1	87.36
87.6	87.37
87.6	87.38
87.6	87.39
87.1	87.40
87.1	87.41
87.1	87.42
87.6	87.43
87.5	87.44
87.6	87.45
87.6	87.46
87.5	87.47
87.1	87.48
87.6	87.49
87.5	87.50
87.5	87.51
87.6	87.52
87.1	87.53
87.6	87.54
87.1	87.55
87.1	87.56
87.6	87.57
87.6	87.58
87.1	87.59
87.6	87.60
87.6	87.61
87.5	87.62
87.1	87.63
87.6	87.64
88.3	88.1
88.3	88.2
88.1	88.3
88.1	88.4
88.1	88.5
88.3	88.6
88.3	88.7
88.1	88.8
88.1	88.9
88.5	88.10
88.1	88.11
88.4	88.12
88.3	88.13
88.7	88.14
88.3	88.15
88.1	88.16
88.1	88.17
88.3	88.18
88.7	88.19
88.7	88.20
88.3	88.21
88.7	88.22
88.1	88.23
88.1	88.24
88.1	88.25
88.1	88.26
88.1	88.27
88.3	88.28
88.5	88.29
88.1	88.30
88.4	88.31
88.6	88.32
88.1	88.33
88.1	88.34
88.7	88.35
88.3	88.36
88.3	88.37
88.1	88.38
88.7	88.39
88.3	88.40
88.1	88.41
88.3	88.42
88.7	88.43
88.6	88.44
88.1	88.45
88.3	88.46
88.3	88.47
88.2	88.48
88.1	88.49
88.1	88.50
88.3	88.51
88.1	88.52
88.1	88.53
88.1	88.54
88.3	88.55
88.3	88.56
88.3	88.57
88.1	88.58
88.3	88.59
88.7	88.60
88.1	88.61
88.1	88.62
88.3	88.63
88.3	88.64
89.6	89.1
89.1	89.2
89.6	89.3
89.1	89.4
89.1	89.5
89.6	89.6
89.5	89.7
89.5	89.8
89.3	89.9
89.5	89.10
89.5	89.11
89.5	89.12
89.1	89.13
89.1	89.14
89.1	89.15
89.1	89.16
89.5	89.17
89.1	89.18
89.1	89.19
89.1	89.20
89.3	89.21
89.6	89.22
89.2	89.23
89.5	89.24
89.1	89.25
89.5	89.26
89.5	89.27
89.6	89.28
89.1	89.29
89.5	89.30
89.3	89.31
89.5	89.32
89.1	89.33
89.4	89.34
89.5	89.35
89.1	89.36
89.3	89.37
89.1	89.38
89.1	89.39
89.1	89.40
89.6	89.41
89.5	89.42
89.5	89.43
89.1	89.44
89.3	89.45
89.5	89.46
89.1	89.47
89.1	89.48
89.5	89.49
89.1	89.50
89.5	89.51
89.5	89.52
89.6	89.53
89.1	89.54
89.5	89.55
89.3	89.56
89.1	89.57
89.5	89.58
89.3	89.59
89.5	89.60
89.1	89.61
89.5	89.62
89.6	89.63
89.5	89.64
90.1	90.1
90.1	90.2
90.7	90.3
90.1	90.4
90.1	90.5
90.7	90.6
90.7	90.7
90.7	90.8
90.7	90.9
90.1	90.10
90.7	90.11
90.1	90.12
90.1	90.13
90.8	90.14
90.1	90.15
90.7	90.16
90.1	90.17
90.7	90.18
90.7	90.19
90.7	90.20
90.7	90.21
90.7	90.22
90.7	90.23
90.1	90.24
90.4	90.25
90.3	90.26
90.1	90.27
90.5	90.28
90.7	90.29
90.7	90.30
90.7	90.31
90.1	90.32
90.8	90.33
90.4	90.34
90.7	90.35
90.7	90.36
90.1	90.37
90.6	90.38
90.7	90.39
90.7	90.40
90.7	90.41
90.8	90.42
90.3	90.43
90.3	90.44
90.7	90.45
90.1	90.46
90.1	90.47
90.1	90.48
90.8	90.49
90.3	90.50
90.7	90.51
90.1	90.52
90.8	90.53
90.1	90.54
90.1	90.55
90.5	90.56
90.8	90.57
90.1	90.58
90.1	90.59
90.8	90.60
90.5	90.61
90.7	90.62
90.8	90.63
90.2	90.64
91.6	91.1
91.1	91.2
91.5	91.3
91.5	91.4
91.6	91.5
91.6	91.6
91.1	91.7
91.1	91.8
91.6	91.9
91.6	91.10
91.1	91.11
91.6	91.12
91.5	91.13
91.1	91.14
91.1	91.15
91.1	91.16
91.6	91.17
91.1	91.18
91.5	91.19
91.1	91.20
91.4	91.21
91.1	91.22
91.5	91.23
91.1	91.24
91.1	91.25
91.1	91.26
91.1	91.27
91.6	91.28
91.4	91.29
91.6	91.30
91.6	91.31
91.6	91.32
91.1	91.33
91.6	91.34
91.6	91.35
91.1	91.36
91.6	91.37
91.5	91.38
91.3	91.39
91.1	91.40
91.6	91.41
91.2	91.42
91.5	91.43
91.4	91.44
91.6	91.45
91.5	91.46
91.5	91.47
91.6	91.48
91.1	91.49
91.5	91.50
91.1	91.51
91.1	91.52
91.5	91.53
91.5	91.54
91.5	91.55
91.6	91.56
91.1	91.57
91.1	91.58
91.6	91.59
91.5	91.60
91.6	91.61
91.1	91.62
91.6	91.63
91.6	91.64
92.7	92.1
92.1	92.2
92.5	92.3
92.8	92.4
92.6	92.5
92.8	92.6
92.4	92.7
92.8	92.8
92.5	92.9
92.5	92.10
92.7	92.11
92.1	92.12
92.8	92.13
92.10	92.14
92.1	92.15
92.7	92.16
92.1	92.17
92.1	92.18
92.8	92.19
92.1	92.20
92.1	92.21
92.1	92.22
92.3	92.23
92.1	92.24
92.11	92.25
92.1	92.26
92.8	92.27
92.5	92.28
92.1	92.29
92.1	92.30
92.5	92.31
92.5	92.32
92.8	92.33
92.5	92.34
92.8	92.35
92.10	92.36
92.8	92.37
92.9	92.38
92.5	92.39
92.1	92.40
92.1	92.41
92.11	92.42
92.7	92.43
92.11	92.44
92.8	92.45
92.8	92.46
92.1	92.47
92.8	92.48
92.8	92.49
92.7	92.50
92.2	92.51
92.1	92.52
92.1	92.53
92.4	92.54
92.7	92.55
92.4	92.56
92.9	92.57
92.1	92.58
92.1	92.59
92.1	92.60
92.8	92.61
92.8	92.62
92.1	92.63
92.11	92.64
93.8	93.1
93.8	93.2
93.1	93.3
93.1	93.4
93.12	93.5
93.12	93.6
93.8	93.7
93.8	93.8
93.8	93.9
93.8	93.10
93.8	93.11
93.8	93.12
93.10	93.13
93.5	93.14
93.12	93.15
93.14	93.16
93.1	93.17
93.8	93.18
93.8	93.19
93.12	93.20
93.12	93.21
93.12	93.22
93.8	93.23
93.8	93.24
93.5	93.25
93.8	93.26
93.12	93.27
93.8	93.28
93.8	93.29
93.1	93.30
93.1	93.31
93.12	93.32
93.4	93.33
93.8	93.34
93.10	93.35
93.9	93.36
93.11	93.37
93.12	93.38
93.1	93.39
93.12	93.40
93.1	93.41
93.14	93.42
93.14	93.43
93.6	93.44
93.11	93.45
93.12	93.46
93.1	93.47
93.8	93.48
93.1	93.49
93.10	93.50
93.14	93.51
93.10	93.52
93.12	93.53
93.7	93.54
93.13	93.55
93.12	93.56
93.12	93.57
93.2	93.58
93.3	93.59
93.8	93.60
93.12	93.61
93.12	93.62
93.7	93.63
93.1	93.64
94.1	94.1
94.1	94.2
94.7	94.3
94.1	94.4
94.1	94.5
94.1	94.6
94.1	94.7
94.6	94.8
94.1	94.9
94.1	94.10
94.1	94.11
94.7	94.12
94.1	94.13
94.7	94.14
94.7	94.15
94.5	94.16
94.1	94.17
94.7	94.18
94.7	94.19
94.7	94.20
94.1	94.21
94.7	94.22
94.1	94.23
94.7	94.24
94.1	94.25
94.1	94.26
94.1	94.27
94.1	94.28
94.7	94.29
94.1	94.30
94.7	94.31
94.3	94.32
94.1	94.33
94.1	94.34
94.1	94.35
94.2	94.36
94.1	94.37
94.2	94.38
94.1	94.39
94.1	94.40
94.7	94.41
94.7	94.42
94.4	94.43
94.1	94.44
94.7	94.45
94.1	94.46
94.1	94.47
94.1	94.48
94.7	94.49
94.1	94.50
94.1	94.51
94.1	94.52
94.3	94.53
94.1	94.54
94.1	94.55
94.1	94.56
94.1	94.57
94.1	94.58
94.1	94.59
94.7	94.60
94.1	94.61
94.1	94.62
94.1	94.63
94.7	94.64
95.3	95.1
95.8	95.2
95.8	95.3
95.1	95.4
95.8	95.5
95.2	95.6
95.8	95.7
95.7	95.8
95.4	95.9
95.8	95.10
95.8	95.11
95.3	95.12
95.5	95.13
95.8	95.14
95.5	95.15
95.7	95.16
95.8	95.17
95.8	95.18
95.3	95.19
95.8	95.20
95.3	95.21
95.3	95.22
95.3	95.23
95.3	95.24
95.3	95.25
95.7	95.26
95.8	95.27
95.3	95.28
95.8	95.29
95.8	95.30
95.3	95.31
95.3	95.32
95.8	95.33
95.3	95.34
95.3	95.35
95.5	95.36
95.3	95.37
95.8	95.38
95.7	95.39
95.7	95.40
95.7	95.41
95.3	95.42
95.3	95.43
95.3	95.44
95.8	95.45
95.3	95.46
95.3	95.47
95.8	95.48
95.8	95.49
95.3	95.50
95.3	95.51
95.3	95.52
95.3	95.53
95.3	95.54
95.7	95.55
95.1	95.56
95.3	95.57
95.7	95.58
95.8	95.59
95.3	95.60
95.3	95.61
95.8	95.62
95.6	95.63
95.8	95.64
96.7	96.1
96.1	96.2
96.5	96.3
96.5	96.4
96.3	96.5
96.7	96.6
96.7	96.7
96.7	96.8
96.5	96.9
96.1	96.10
96.5	96.11
96.7	96.12
96.1	96.13
96.5	96.14
96.4	96.15
96.7	96.16
96.7	96.17
96.7	96.18
96.7	96.19
96.3	96.20
96.1	96.21
96.5	96.22
96.7	96.23
96.7	96.24
96.7	96.25
96.7	96.26
96.1	96.27
96.5	96.28
96.5	96.29
96.7	96.30
96.7	96.31
96.5	96.32
96.8	96.33
96.7	96.34
96.7	96.35
96.7	96.36
96.4	96.37
96.7	96.38
96.5	96.39
96.5	96.40
96.7	96.41
96.5	96.42
96.7	96.43
96.7	96.44
96.5	96.45
96.7	96.46
96.7	96.47
96.7	96.48
96.7	96.49
96.7	96.50
96.5	96.51
96.7	96.52
96.1	96.53
96.2	96.54
96.5	96.55
96.7	96.56
96.7	96.57
96.6	96.58
96.5	96.59
96.4	96.60
96.7	96.61
96.7	96.62
96.1	96.63
96.1	96.64
97.3	97.1
97.3	97.2
97.3	97.3
97.3	97.4
97.3	97.5
97.5	97.6
97.4	97.7
97.3	97.8
97.7	97.9
97.7	97.10
97.3	97.11
97.3	97.12
97.3	97.13
97.3	97.14
97.3	97.15
97.3	97.16
97.7	97.17
97.3	97.18
97.1	97.19
97.3	97.20
97.3	97.21
97.7	97.22
97.7	97.23
97.3	97.24
97.6	97.25
97.6	97.26
97.3	97.27
97.3	97.28
97.7	97.29
97.5	97.30
97.5	97.31
97.7	97.32
97.7	97.33
97.7	97.34
97.5	97.35
97.3	97.36
97.3	97.37
97.7	97.38
97.3	97.39
97.7	97.40
97.2	97.41
97.3	97.42
97.4	97.43
97.7	97.44
97.7	97.45
97.5	97.46
97.5	97.47
97.3	97.48
97.5	97.49
97.3	97.50
97.5	97.51
97.7	97.52
97.3	97.53
97.3	97.54
97.5	97.55
97.3	97.56
97.3	97.57
97.4	97.58
97.5	97.59
97.3	97.60
97.7	97.61
97.3	97.62
97.3	97.63
97.3	97.64
98.1	98.1
98.1	98.2
98.1	98.3
98.1	98.4
98.1	98.5
98.1	98.6
98.8	98.7
98.1	98.8
98.9	98.9
98.1	98.10
98.1	98.11
98.9	98.12
98.1	98.13
98.9	98.14
98.4	98.15
98.1	98.16
98.9	98.17
98.1	98.18
98.1	98.19
98.7	98.20
98.8	98.21
98.1	98.22
98.1	98.23
98.1	98.24
98.1	98.25
98.1	98.26
98.9	98.27
98.10	98.28
98.8	98.29
98.1	98.30
98.8	98.31
98.7	98.32
98.1	98.33
98.1	98.34
98.1	98.35
98.1	98.36
98.7	98.37
98.9	98.38
98.7	98.39
98.9	98.40
98.8	98.41
98.3	98.42
98.9	98.43
98.9	98.44
98.9	98.45
98.1	98.46
98.1	98.47
98.9	98.48
98.9	98.49
98.8	98.50
98.1	98.51
98.9	98.52
98.9	98.53
98.2	98.54
98.1	98.55
98.9	98.56
98.1	98.57
98.6	98.58
98.1	98.59
98.9	98.60
98.5	98.61
98.1	98.62
98.1	98.63
98.9	98.64
99.5	99.1
99.1	99.2
99.5	99.3
99.4	99.4
99.1	99.5
99.1	99.6
99.5	99.7
99.1	99.8
99.5	99.9
99.1	99.10
99.1	99.11
99.1	99.12
99.5	99.13
99.1	99.14
99.4	99.15
99.1	99.16
99.6	99.17
99.1	99.18
99.1	99.19
99.1	99.20
99.5	99.21
99.5	99.22
99.5	99.23
99.2	99.24
99.1	99.25
99.4	99.26
99.4	99.27
99.5	99.28
99.1	99.29
99.5	99.30
99.1	99.31
99.5	99.32
99.1	99.33
99.5	99.34
99.6	99.35
99.1	99.36
99.5	99.37
99.1	99.38
99.1	99.39
99.1	99.40
99.1	99.41
99.1	99.42
99.1	99.43
99.1	99.44
99.1	99.45
99.3	99.46
99.4	99.47
99.1	99.48
99.1	99.49
99.1	99.50
99.1	99.51
99.5	99.52
99.1	99.53
99.1	99.54
99.1	99.55
99.5	99.56
99.1	99.57
99.5	99.58
99.1	99.59
99.1	99.60
99.1	99.61
99.1	99.62
99.5	99.63
99.1	99.64
100.6	100.1
100.1	100.2
100.7	100.3
100.4	100.4
100.6	100.5
100.7	100.6
100.1	100.7
100.7	100.8
100.7	100.9
100.6	100.10
100.7	100.11
100.6	100.12
100.1	100.13
100.1	100.14
100.7	100.15
100.7	100.16
100.6	100.17
100.6	100.18
100.7	100.19
100.1	100.20
100.1	100.21
100.7	100.22
100.6	100.23
100.1	100.24
100.7	100.25
100.1	100.26
100.6	100.27
100.6	100.28
100.7	100.29
100.7	100.30
100.4	100.31
100.7	100.32
100.1	100.33
100.5	100.34
100.5	100.35
100.7	100.36
100.7	100.37
100.7	100.38
100.7	100.39
100.7	100.40
100.7	100.41
100.7	100.42
100.7	100.43
100.1	100.44
100.1	100.45
100.6	100.46
100.7	100.47
100.7	100.48
100.1	100.49
100.7	100.50
100.4	100.51
100.7	100.52
100.3	100.53
100.6	100.54
100.2	100.55
100.6	100.56
100.5	100.57
100.7	100.58
100.3	100.59
100.6	100.60
100.6	100.61
100.7	100.62
100.7	100.63
100.1	100.64