

=========== Final average value of S-recall@K: =============
1 0.1807
2 0.2465
3 0.2905
4 0.3416
5 0.3884
6 0.4350
7 0.4580
8 0.4901
9 0.5129
10 0.5419
11 0.5624
12 0.5850
13 0.5937
14 0.6115
15 0.6261
16 0.6428
17 0.6602
18 0.6724
19 0.6872
20 0.6926
21 0.7039
22 0.7205
23 0.7279
24 0.7353
25 0.7389
26 0.7509
27 0.7634
28 0.7693
29 0.7752
30 0.7766
31 0.7845
32 0.7948
33 0.7978
34 0.8040
35 0.8115
36 0.8195
37 0.8271
38 0.8360
39 0.8523
40 0.8629
41 0.8708
42 0.8741
43 0.8790
44 0.8909
45 0.8952
46 0.9010
47 0.9069
48 0.9127
49 0.9161
50 0.9192
51 0.9295
52 0.9347
53 0.9375
54 0.9452
55 0.9504
56 0.9585
57 0.9662
58 0.9731
59 0.9780
60 0.9839
61 0.9877
62 0.9910
63 0.9934
64 1.0000
65 0.0000
66 0.0000
67 0.0000
68 0.0000
69 0.0000
70 0.0000
71 0.0000
72 0.0000
73 0.0000
74 0.0000
75 0.0000
76 0.0000
77 0.0000
78 0.0000
79 0.0000
80 0.0000
81 0.0000
82 0.0000
83 0.0000
84 0.0000
85 0.0000
86 0.0000
87 0.0000
88 0.0000
89 0.0000
90 0.0000
91 0.0000
92 0.0000
93 0.0000
94 0.0000
95 0.0000
96 0.0000
97 0.0000
98 0.0000
99 0.0000
100 0.0000

=========== Final average value of S-precision@r: =============
0.4000 0.4136
0.4500 0.4005
0.5000 0.3866
0.5500 0.3282
0.6000 0.2992
0.6500 0.2722
0.7000 0.2583
0.7500 0.2345
0.8000 0.2220
0.8500 0.2026
0.9000 0.1965
0.9500 0.1851
1.0000 0.1493

=========== Final average value of F1: =====================
average F1 = 0.61234375

=========== Final average value of Rand Index: =============
average Rand Index = 0.5203819444444444

=========== Final average value of Adjusted Rand Index: ====
average Adj Rand Index = 0.026326885694764185

=========== Final average value of Jaccard Index: ==========
average Jaccard Index = 0.23190826442532306

================ Statistics: ====================================
============ average number of created clusters: 9.17
============ average cluster size: 9.767214847759734
Simulation started at: 14:52 and completed at 14:52
Execution time: 4.005 sec