

=========== Final average value of S-recall@K: =============
1 0.1807
2 0.2531
3 0.3118
4 0.3768
5 0.4212
6 0.4502
7 0.4907
8 0.5120
9 0.5360
10 0.5599
11 0.5805
12 0.5892
13 0.6019
14 0.6223
15 0.6408
16 0.6566
17 0.6666
18 0.6732
19 0.6866
20 0.6940
21 0.7007
22 0.7111
23 0.7231
24 0.7327
25 0.7483
26 0.7597
27 0.7711
28 0.7843
29 0.7932
30 0.7979
31 0.8045
32 0.8172
33 0.8242
34 0.8300
35 0.8458
36 0.8508
37 0.8529
38 0.8589
39 0.8662
40 0.8712
41 0.8759
42 0.8839
43 0.8864
44 0.8914
45 0.8961
46 0.8988
47 0.9016
48 0.9052
49 0.9101
50 0.9172
51 0.9212
52 0.9305
53 0.9353
54 0.9429
55 0.9495
56 0.9578
57 0.9614
58 0.9736
59 0.9775
60 0.9817
61 0.9877
62 0.9917
63 0.9930
64 1.0000
65 0.0000
66 0.0000
67 0.0000
68 0.0000
69 0.0000
70 0.0000
71 0.0000
72 0.0000
73 0.0000
74 0.0000
75 0.0000
76 0.0000
77 0.0000
78 0.0000
79 0.0000
80 0.0000
81 0.0000
82 0.0000
83 0.0000
84 0.0000
85 0.0000
86 0.0000
87 0.0000
88 0.0000
89 0.0000
90 0.0000
91 0.0000
92 0.0000
93 0.0000
94 0.0000
95 0.0000
96 0.0000
97 0.0000
98 0.0000
99 0.0000
100 0.0000

=========== Final average value of S-precision@r: =============
0.4000 0.4285
0.4500 0.4209
0.5000 0.4139
0.5500 0.3716
0.6000 0.3657
0.6500 0.3154
0.7000 0.2794
0.7500 0.2525
0.8000 0.2364
0.8500 0.2146
0.9000 0.1975
0.9500 0.1927
1.0000 0.1563

=========== Final average value of F1: =====================
average F1 = 0.63125

=========== Final average value of Rand Index: =============
average Rand Index = 0.5598660714285715

=========== Final average value of Adjusted Rand Index: ====
average Adj Rand Index = 0.042969389494268526

=========== Final average value of Jaccard Index: ==========
average Jaccard Index = 0.20601276208717764

================ Statistics: ====================================
============ average number of created clusters: 10.7
============ average cluster size: 6.613569175922112
Simulation started at: 15:05 and completed at 15:05
Execution time: 3.359 sec