

=========== Final average value of S-recall@K: =============
1 0.1807
2 0.2454
3 0.2976
4 0.3402
5 0.3731
6 0.4125
7 0.4471
8 0.4847
9 0.5130
10 0.5313
11 0.5467
12 0.5767
13 0.5885
14 0.5955
15 0.6186
16 0.6381
17 0.6516
18 0.6636
19 0.6764
20 0.6894
21 0.7020
22 0.7181
23 0.7234
24 0.7332
25 0.7424
26 0.7525
27 0.7606
28 0.7719
29 0.7788
30 0.7927
31 0.8014
32 0.8071
33 0.8106
34 0.8171
35 0.8213
36 0.8249
37 0.8328
38 0.8404
39 0.8450
40 0.8567
41 0.8629
42 0.8682
43 0.8813
44 0.8886
45 0.8938
46 0.8984
47 0.9024
48 0.9078
49 0.9140
50 0.9211
51 0.9306
52 0.9351
53 0.9365
54 0.9409
55 0.9483
56 0.9567
57 0.9642
58 0.9728
59 0.9757
60 0.9815
61 0.9873
62 0.9924
63 0.9957
64 1.0000
65 0.0000
66 0.0000
67 0.0000
68 0.0000
69 0.0000
70 0.0000
71 0.0000
72 0.0000
73 0.0000
74 0.0000
75 0.0000
76 0.0000
77 0.0000
78 0.0000
79 0.0000
80 0.0000
81 0.0000
82 0.0000
83 0.0000
84 0.0000
85 0.0000
86 0.0000
87 0.0000
88 0.0000
89 0.0000
90 0.0000
91 0.0000
92 0.0000
93 0.0000
94 0.0000
95 0.0000
96 0.0000
97 0.0000
98 0.0000
99 0.0000
100 0.0000

=========== Final average value of S-precision@r: =============
0.4000 0.4069
0.4500 0.3941
0.5000 0.3580
0.5500 0.3276
0.6000 0.2860
0.6500 0.2807
0.7000 0.2523
0.7500 0.2295
0.8000 0.2137
0.8500 0.2049
0.9000 0.1933
0.9500 0.1809
1.0000 0.1563

=========== Final average value of F1: =====================
average F1 = 0.61375

=========== Final average value of Rand Index: =============
average Rand Index = 0.5217460317460317

=========== Final average value of Adjusted Rand Index: ====
average Adj Rand Index = 0.02878810364962917

=========== Final average value of Jaccard Index: ==========
average Jaccard Index = 0.24643209002072036

================ Statistics: ====================================
============ average number of created clusters: 8.13
============ average cluster size: 10.71005495089705
Simulation started at: 14:55 and completed at 14:55
Execution time: 3.204 sec