

=========== Final average value of S-recall@K: =============
1 0.1807
2 0.2559
3 0.3062
4 0.3600
5 0.3957
6 0.4279
7 0.4638
8 0.4936
9 0.5114
10 0.5352
11 0.5510
12 0.5711
13 0.5936
14 0.6105
15 0.6403
16 0.6503
17 0.6580
18 0.6677
19 0.6788
20 0.6907
21 0.7086
22 0.7219
23 0.7295
24 0.7378
25 0.7512
26 0.7582
27 0.7653
28 0.7745
29 0.7775
30 0.7829
31 0.7879
32 0.7943
33 0.8085
34 0.8185
35 0.8263
36 0.8288
37 0.8352
38 0.8396
39 0.8445
40 0.8550
41 0.8608
42 0.8682
43 0.8754
44 0.8873
45 0.8915
46 0.8965
47 0.8987
48 0.9080
49 0.9146
50 0.9173
51 0.9258
52 0.9281
53 0.9302
54 0.9343
55 0.9408
56 0.9476
57 0.9513
58 0.9616
59 0.9696
60 0.9749
61 0.9840
62 0.9896
63 0.9950
64 1.0000
65 0.0000
66 0.0000
67 0.0000
68 0.0000
69 0.0000
70 0.0000
71 0.0000
72 0.0000
73 0.0000
74 0.0000
75 0.0000
76 0.0000
77 0.0000
78 0.0000
79 0.0000
80 0.0000
81 0.0000
82 0.0000
83 0.0000
84 0.0000
85 0.0000
86 0.0000
87 0.0000
88 0.0000
89 0.0000
90 0.0000
91 0.0000
92 0.0000
93 0.0000
94 0.0000
95 0.0000
96 0.0000
97 0.0000
98 0.0000
99 0.0000
100 0.0000

=========== Final average value of S-precision@r: =============
0.4000 0.4150
0.4500 0.4199
0.5000 0.3954
0.5500 0.3423
0.6000 0.2968
0.6500 0.2717
0.7000 0.2466
0.7500 0.2291
0.8000 0.2202
0.8500 0.2007
0.9000 0.1908
0.9500 0.1852
1.0000 0.1563

=========== Final average value of F1: =====================
average F1 = 0.61109375

=========== Final average value of Rand Index: =============
average Rand Index = 0.5312202380952381

=========== Final average value of Adjusted Rand Index: ====
average Adj Rand Index = 0.028501292167460425

=========== Final average value of Jaccard Index: ==========
average Jaccard Index = 0.2420065181806952

================ Statistics: ====================================
============ average number of created clusters: 8.23
============ average cluster size: 10.340465363326036
Simulation started at: 14:55 and completed at 14:55
Execution time: 3.215 sec