

=========== Final average value of S-recall@K: =============
1 0.1807
2 0.2420
3 0.2997
4 0.3512
5 0.3901
6 0.4234
7 0.4691
8 0.4966
9 0.5169
10 0.5421
11 0.5598
12 0.5814
13 0.6034
14 0.6277
15 0.6502
16 0.6618
17 0.6740
18 0.6803
19 0.6918
20 0.7053
21 0.7111
22 0.7186
23 0.7273
24 0.7313
25 0.7480
26 0.7528
27 0.7631
28 0.7703
29 0.7832
30 0.7877
31 0.7925
32 0.7987
33 0.8143
34 0.8253
35 0.8348
36 0.8385
37 0.8418
38 0.8456
39 0.8496
40 0.8583
41 0.8630
42 0.8712
43 0.8762
44 0.8838
45 0.8913
46 0.9000
47 0.9045
48 0.9110
49 0.9131
50 0.9180
51 0.9253
52 0.9350
53 0.9439
54 0.9502
55 0.9545
56 0.9592
57 0.9660
58 0.9723
59 0.9767
60 0.9813
61 0.9864
62 0.9917
63 0.9930
64 1.0000
65 0.0000
66 0.0000
67 0.0000
68 0.0000
69 0.0000
70 0.0000
71 0.0000
72 0.0000
73 0.0000
74 0.0000
75 0.0000
76 0.0000
77 0.0000
78 0.0000
79 0.0000
80 0.0000
81 0.0000
82 0.0000
83 0.0000
84 0.0000
85 0.0000
86 0.0000
87 0.0000
88 0.0000
89 0.0000
90 0.0000
91 0.0000
92 0.0000
93 0.0000
94 0.0000
95 0.0000
96 0.0000
97 0.0000
98 0.0000
99 0.0000
100 0.0000

=========== Final average value of S-precision@r: =============
0.4000 0.3907
0.4500 0.3853
0.5000 0.3776
0.5500 0.3291
0.6000 0.3178
0.6500 0.2812
0.7000 0.2599
0.7500 0.2515
0.8000 0.2267
0.8500 0.1978
0.9000 0.2014
0.9500 0.1867
1.0000 0.1563

=========== Final average value of F1: =====================
average F1 = 0.6171875

=========== Final average value of Rand Index: =============
average Rand Index = 0.5629960317460319

=========== Final average value of Adjusted Rand Index: ====
average Adj Rand Index = 0.03325337632088786

=========== Final average value of Jaccard Index: ==========
average Jaccard Index = 0.19678967917260476

================ Statistics: ====================================
============ average number of created clusters: 8.68
============ average cluster size: 8.125128466304934
Simulation started at: 15:09 and completed at 15:09
Execution time: 4.513 sec