

=========== Final average value of S-recall@K: =============
1 0.1807
2 0.2413
3 0.3000
4 0.3502
5 0.3893
6 0.4305
7 0.4567
8 0.4798
9 0.5099
10 0.5409
11 0.5603
12 0.5766
13 0.5966
14 0.6151
15 0.6355
16 0.6440
17 0.6590
18 0.6681
19 0.6831
20 0.6914
21 0.6993
22 0.7098
23 0.7138
24 0.7179
25 0.7285
26 0.7414
27 0.7579
28 0.7707
29 0.7842
30 0.7909
31 0.7996
32 0.8025
33 0.8087
34 0.8111
35 0.8164
36 0.8219
37 0.8249
38 0.8304
39 0.8370
40 0.8428
41 0.8473
42 0.8560
43 0.8599
44 0.8649
45 0.8772
46 0.8836
47 0.8961
48 0.8985
49 0.9095
50 0.9195
51 0.9201
52 0.9279
53 0.9397
54 0.9430
55 0.9474
56 0.9537
57 0.9617
58 0.9686
59 0.9730
60 0.9770
61 0.9844
62 0.9915
63 0.9959
64 1.0000
65 0.0000
66 0.0000
67 0.0000
68 0.0000
69 0.0000
70 0.0000
71 0.0000
72 0.0000
73 0.0000
74 0.0000
75 0.0000
76 0.0000
77 0.0000
78 0.0000
79 0.0000
80 0.0000
81 0.0000
82 0.0000
83 0.0000
84 0.0000
85 0.0000
86 0.0000
87 0.0000
88 0.0000
89 0.0000
90 0.0000
91 0.0000
92 0.0000
93 0.0000
94 0.0000
95 0.0000
96 0.0000
97 0.0000
98 0.0000
99 0.0000
100 0.0000

=========== Final average value of S-precision@r: =============
0.4000 0.4032
0.4500 0.4085
0.5000 0.3930
0.5500 0.3421
0.6000 0.2926
0.6500 0.2840
0.7000 0.2419
0.7500 0.2309
0.8000 0.2147
0.8500 0.1970
0.9000 0.1858
0.9500 0.1720
1.0000 0.1563

=========== Final average value of F1: =====================
average F1 = 0.60875

=========== Final average value of Rand Index: =============
average Rand Index = 0.5524950396825395

=========== Final average value of Adjusted Rand Index: ====
average Adj Rand Index = 0.02795636138163347

=========== Final average value of Jaccard Index: ==========
average Jaccard Index = 0.20015582863554268

================ Statistics: ====================================
============ average number of created clusters: 8.04
============ average cluster size: 8.843782817801385
Simulation started at: 15:11 and completed at 15:11
Execution time: 3.179 sec