

=========== Final average value of S-recall@K: =============
1 0.1807
2 0.2433
3 0.2948
4 0.3229
5 0.3627
6 0.4011
7 0.4315
8 0.4555
9 0.4815
10 0.5007
11 0.5230
12 0.5431
13 0.5581
14 0.5754
15 0.5900
16 0.6087
17 0.6260
18 0.6444
19 0.6532
20 0.6658
21 0.6752
22 0.6928
23 0.7016
24 0.7122
25 0.7310
26 0.7413
27 0.7462
28 0.7511
29 0.7584
30 0.7698
31 0.7716
32 0.7744
33 0.7818
34 0.7838
35 0.7862
36 0.8018
37 0.8100
38 0.8223
39 0.8282
40 0.8385
41 0.8453
42 0.8534
43 0.8619
44 0.8677
45 0.8813
46 0.8861
47 0.8949
48 0.9021
49 0.9079
50 0.9156
51 0.9181
52 0.9234
53 0.9290
54 0.9323
55 0.9415
56 0.9444
57 0.9483
58 0.9541
59 0.9608
60 0.9711
61 0.9785
62 0.9835
63 0.9931
64 1.0000
65 0.0000
66 0.0000
67 0.0000
68 0.0000
69 0.0000
70 0.0000
71 0.0000
72 0.0000
73 0.0000
74 0.0000
75 0.0000
76 0.0000
77 0.0000
78 0.0000
79 0.0000
80 0.0000
81 0.0000
82 0.0000
83 0.0000
84 0.0000
85 0.0000
86 0.0000
87 0.0000
88 0.0000
89 0.0000
90 0.0000
91 0.0000
92 0.0000
93 0.0000
94 0.0000
95 0.0000
96 0.0000
97 0.0000
98 0.0000
99 0.0000
100 0.0000

=========== Final average value of S-precision@r: =============
0.4000 0.4014
0.4500 0.4054
0.5000 0.3666
0.5500 0.3154
0.6000 0.3046
0.6500 0.2751
0.7000 0.2332
0.7500 0.2172
0.8000 0.2039
0.8500 0.1933
0.9000 0.1860
0.9500 0.1781
1.0000 0.1563

=========== Final average value of F1: =====================
average F1 = 0.6003125

=========== Final average value of Rand Index: =============
average Rand Index = 0.4716815476190474

=========== Final average value of Adjusted Rand Index: ====
average Adj Rand Index = -0.008939510650085003

=========== Final average value of Jaccard Index: ==========
average Jaccard Index = 0.29377702353565954

================ Statistics: ====================================
============ average number of created clusters: 8.23
============ average cluster size: 13.217120066036468
Simulation started at: 14:47 and completed at 14:47
Execution time: 4.748 sec