

=========== Final average value of S-recall@K: =============
1 0.1807
2 0.2444
3 0.3059
4 0.3590
5 0.4024
6 0.4365
7 0.4716
8 0.4917
9 0.5107
10 0.5316
11 0.5572
12 0.5787
13 0.5954
14 0.6144
15 0.6352
16 0.6500
17 0.6615
18 0.6723
19 0.6780
20 0.6881
21 0.7032
22 0.7146
23 0.7243
24 0.7285
25 0.7373
26 0.7478
27 0.7567
28 0.7702
29 0.7798
30 0.7869
31 0.7947
32 0.8026
33 0.8091
34 0.8192
35 0.8242
36 0.8282
37 0.8356
38 0.8399
39 0.8449
40 0.8539
41 0.8560
42 0.8640
43 0.8687
44 0.8757
45 0.8894
46 0.8965
47 0.8994
48 0.9034
49 0.9141
50 0.9154
51 0.9188
52 0.9270
53 0.9347
54 0.9429
55 0.9467
56 0.9577
57 0.9659
58 0.9743
59 0.9812
60 0.9866
61 0.9885
62 0.9936
63 0.9941
64 1.0000
65 0.0000
66 0.0000
67 0.0000
68 0.0000
69 0.0000
70 0.0000
71 0.0000
72 0.0000
73 0.0000
74 0.0000
75 0.0000
76 0.0000
77 0.0000
78 0.0000
79 0.0000
80 0.0000
81 0.0000
82 0.0000
83 0.0000
84 0.0000
85 0.0000
86 0.0000
87 0.0000
88 0.0000
89 0.0000
90 0.0000
91 0.0000
92 0.0000
93 0.0000
94 0.0000
95 0.0000
96 0.0000
97 0.0000
98 0.0000
99 0.0000
100 0.0000

=========== Final average value of S-precision@r: =============
0.4000 0.4184
0.4500 0.4205
0.5000 0.3954
0.5500 0.3335
0.6000 0.2766
0.6500 0.2703
0.7000 0.2566
0.7500 0.2298
0.8000 0.2248
0.8500 0.2060
0.9000 0.1982
0.9500 0.1853
1.0000 0.1563

=========== Final average value of F1: =====================
average F1 = 0.613125

=========== Final average value of Rand Index: =============
average Rand Index = 0.5604513888888889

=========== Final average value of Adjusted Rand Index: ====
average Adj Rand Index = 0.028563287814400092

=========== Final average value of Jaccard Index: ==========
average Jaccard Index = 0.20148492975737026

================ Statistics: ====================================
============ average number of created clusters: 8.22
============ average cluster size: 8.43466222666222
Simulation started at: 15:09 and completed at 15:09
Execution time: 3.966 sec