

=========== Final average value of S-recall@K: =============
1 0.1807
2 0.2614
3 0.3210
4 0.3751
5 0.4287
6 0.4577
7 0.4811
8 0.5010
9 0.5374
10 0.5616
11 0.5791
12 0.5880
13 0.6020
14 0.6117
15 0.6259
16 0.6372
17 0.6465
18 0.6590
19 0.6723
20 0.6755
21 0.6917
22 0.7049
23 0.7192
24 0.7369
25 0.7427
26 0.7520
27 0.7653
28 0.7753
29 0.7834
30 0.7917
31 0.8056
32 0.8149
33 0.8181
34 0.8282
35 0.8338
36 0.8353
37 0.8424
38 0.8480
39 0.8572
40 0.8694
41 0.8748
42 0.8839
43 0.8887
44 0.8962
45 0.9027
46 0.9095
47 0.9138
48 0.9211
49 0.9258
50 0.9274
51 0.9317
52 0.9343
53 0.9376
54 0.9474
55 0.9516
56 0.9635
57 0.9677
58 0.9709
59 0.9778
60 0.9858
61 0.9893
62 0.9924
63 0.9946
64 1.0000
65 0.0000
66 0.0000
67 0.0000
68 0.0000
69 0.0000
70 0.0000
71 0.0000
72 0.0000
73 0.0000
74 0.0000
75 0.0000
76 0.0000
77 0.0000
78 0.0000
79 0.0000
80 0.0000
81 0.0000
82 0.0000
83 0.0000
84 0.0000
85 0.0000
86 0.0000
87 0.0000
88 0.0000
89 0.0000
90 0.0000
91 0.0000
92 0.0000
93 0.0000
94 0.0000
95 0.0000
96 0.0000
97 0.0000
98 0.0000
99 0.0000
100 0.0000

=========== Final average value of S-precision@r: =============
0.4000 0.4373
0.4500 0.4274
0.5000 0.4207
0.5500 0.3484
0.6000 0.3055
0.6500 0.2946
0.7000 0.2526
0.7500 0.2257
0.8000 0.2280
0.8500 0.2038
0.9000 0.1996
0.9500 0.1858
1.0000 0.1563

=========== Final average value of F1: =====================
average F1 = 0.62140625

=========== Final average value of Rand Index: =============
average Rand Index = 0.5123313492063492

=========== Final average value of Adjusted Rand Index: ====
average Adj Rand Index = 0.034542377142477695

=========== Final average value of Jaccard Index: ==========
average Jaccard Index = 0.2907056200299636

================ Statistics: ====================================
============ average number of created clusters: 9.73
============ average cluster size: 9.347535222259676
Simulation started at: 14:49 and completed at 14:49
Execution time: 4.047 sec