

=========== Final average value of S-recall@K: =============
1 0.1807
2 0.2575
3 0.2975
4 0.3515
5 0.4027
6 0.4402
7 0.4660
8 0.4910
9 0.5204
10 0.5428
11 0.5645
12 0.5762
13 0.5914
14 0.6103
15 0.6310
16 0.6419
17 0.6634
18 0.6746
19 0.6874
20 0.6984
21 0.7066
22 0.7145
23 0.7285
24 0.7439
25 0.7503
26 0.7583
27 0.7664
28 0.7752
29 0.7821
30 0.7868
31 0.7967
32 0.8012
33 0.8084
34 0.8147
35 0.8234
36 0.8282
37 0.8410
38 0.8431
39 0.8445
40 0.8563
41 0.8612
42 0.8707
43 0.8798
44 0.8834
45 0.8922
46 0.8927
47 0.8989
48 0.9042
49 0.9087
50 0.9163
51 0.9203
52 0.9274
53 0.9308
54 0.9350
55 0.9390
56 0.9487
57 0.9569
58 0.9623
59 0.9695
60 0.9786
61 0.9856
62 0.9889
63 0.9939
64 1.0000
65 0.0000
66 0.0000
67 0.0000
68 0.0000
69 0.0000
70 0.0000
71 0.0000
72 0.0000
73 0.0000
74 0.0000
75 0.0000
76 0.0000
77 0.0000
78 0.0000
79 0.0000
80 0.0000
81 0.0000
82 0.0000
83 0.0000
84 0.0000
85 0.0000
86 0.0000
87 0.0000
88 0.0000
89 0.0000
90 0.0000
91 0.0000
92 0.0000
93 0.0000
94 0.0000
95 0.0000
96 0.0000
97 0.0000
98 0.0000
99 0.0000
100 0.0000

=========== Final average value of S-precision@r: =============
0.4000 0.4430
0.4500 0.4292
0.5000 0.4115
0.5500 0.3547
0.6000 0.3096
0.6500 0.2864
0.7000 0.2553
0.7500 0.2395
0.8000 0.2176
0.8500 0.2061
0.9000 0.2043
0.9500 0.1940
1.0000 0.1563

=========== Final average value of F1: =====================
average F1 = 0.62203125

=========== Final average value of Rand Index: =============
average Rand Index = 0.4905009920634922

=========== Final average value of Adjusted Rand Index: ====
average Adj Rand Index = 0.030090403836196565

=========== Final average value of Jaccard Index: ==========
average Jaccard Index = 0.31108182433739295

================ Statistics: ====================================
============ average number of created clusters: 9.95
============ average cluster size: 9.790874611456651
Simulation started at: 14:48 and completed at 14:48
Execution time: 3.564 sec