

=========== Final average value of S-recall@K: =============
1 0.1807
2 0.2529
3 0.3175
4 0.3654
5 0.4149
6 0.4475
7 0.4771
8 0.5104
9 0.5364
10 0.5536
11 0.5780
12 0.5965
13 0.6179
14 0.6335
15 0.6549
16 0.6715
17 0.6811
18 0.6906
19 0.6999
20 0.7093
21 0.7186
22 0.7315
23 0.7371
24 0.7448
25 0.7595
26 0.7620
27 0.7711
28 0.7838
29 0.7905
30 0.7956
31 0.8113
32 0.8135
33 0.8149
34 0.8221
35 0.8288
36 0.8363
37 0.8405
38 0.8467
39 0.8563
40 0.8633
41 0.8681
42 0.8718
43 0.8788
44 0.8850
45 0.8878
46 0.8927
47 0.8988
48 0.9034
49 0.9083
50 0.9167
51 0.9241
52 0.9269
53 0.9369
54 0.9411
55 0.9457
56 0.9537
57 0.9591
58 0.9722
59 0.9755
60 0.9798
61 0.9863
62 0.9898
63 0.9932
64 1.0000
65 0.0000
66 0.0000
67 0.0000
68 0.0000
69 0.0000
70 0.0000
71 0.0000
72 0.0000
73 0.0000
74 0.0000
75 0.0000
76 0.0000
77 0.0000
78 0.0000
79 0.0000
80 0.0000
81 0.0000
82 0.0000
83 0.0000
84 0.0000
85 0.0000
86 0.0000
87 0.0000
88 0.0000
89 0.0000
90 0.0000
91 0.0000
92 0.0000
93 0.0000
94 0.0000
95 0.0000
96 0.0000
97 0.0000
98 0.0000
99 0.0000
100 0.0000

=========== Final average value of S-precision@r: =============
0.4000 0.4447
0.4500 0.4325
0.5000 0.4058
0.5500 0.3634
0.6000 0.3364
0.6500 0.3085
0.7000 0.2752
0.7500 0.2498
0.8000 0.2210
0.8500 0.2149
0.9000 0.1993
0.9500 0.1893
1.0000 0.1563

=========== Final average value of F1: =====================
average F1 = 0.61828125

=========== Final average value of Rand Index: =============
average Rand Index = 0.5629563492063494

=========== Final average value of Adjusted Rand Index: ====
average Adj Rand Index = 0.036459435224529824

=========== Final average value of Jaccard Index: ==========
average Jaccard Index = 0.20285625080168745

================ Statistics: ====================================
============ average number of created clusters: 9.75
============ average cluster size: 7.322850678045718
Simulation started at: 15:06 and completed at 15:06
Execution time: 3.291 sec