

=========== Final average value of S-recall@K: =============
1 0.1807
2 0.2421
3 0.2977
4 0.3542
5 0.3892
6 0.4267
7 0.4577
8 0.4842
9 0.5045
10 0.5367
11 0.5585
12 0.5802
13 0.6014
14 0.6230
15 0.6406
16 0.6530
17 0.6616
18 0.6736
19 0.6848
20 0.6987
21 0.7104
22 0.7244
23 0.7292
24 0.7353
25 0.7434
26 0.7502
27 0.7572
28 0.7692
29 0.7816
30 0.7855
31 0.7934
32 0.8029
33 0.8126
34 0.8190
35 0.8216
36 0.8266
37 0.8305
38 0.8392
39 0.8480
40 0.8583
41 0.8660
42 0.8730
43 0.8831
44 0.8864
45 0.8966
46 0.9010
47 0.9060
48 0.9094
49 0.9222
50 0.9260
51 0.9305
52 0.9331
53 0.9389
54 0.9397
55 0.9513
56 0.9613
57 0.9671
58 0.9729
59 0.9768
60 0.9833
61 0.9878
62 0.9914
63 0.9950
64 1.0000
65 0.0000
66 0.0000
67 0.0000
68 0.0000
69 0.0000
70 0.0000
71 0.0000
72 0.0000
73 0.0000
74 0.0000
75 0.0000
76 0.0000
77 0.0000
78 0.0000
79 0.0000
80 0.0000
81 0.0000
82 0.0000
83 0.0000
84 0.0000
85 0.0000
86 0.0000
87 0.0000
88 0.0000
89 0.0000
90 0.0000
91 0.0000
92 0.0000
93 0.0000
94 0.0000
95 0.0000
96 0.0000
97 0.0000
98 0.0000
99 0.0000
100 0.0000

=========== Final average value of S-precision@r: =============
0.4000 0.3920
0.4500 0.4173
0.5000 0.3932
0.5500 0.3369
0.6000 0.3015
0.6500 0.2857
0.7000 0.2635
0.7500 0.2393
0.8000 0.2148
0.8500 0.2042
0.9000 0.1888
0.9500 0.1743
1.0000 0.1563

=========== Final average value of F1: =====================
average F1 = 0.60875

=========== Final average value of Rand Index: =============
average Rand Index = 0.551061507936508

=========== Final average value of Adjusted Rand Index: ====
average Adj Rand Index = 0.02990564562333301

=========== Final average value of Jaccard Index: ==========
average Jaccard Index = 0.20001555887501243

================ Statistics: ====================================
============ average number of created clusters: 8.32
============ average cluster size: 8.606368676387248
Simulation started at: 15:10 and completed at 15:10
Execution time: 3.205 sec