

=========== Final average value of S-recall@K: =============
1 0.1807
2 0.2476
3 0.3083
4 0.3580
5 0.3952
6 0.4343
7 0.4655
8 0.4877
9 0.5199
10 0.5407
11 0.5644
12 0.5818
13 0.5954
14 0.6130
15 0.6306
16 0.6399
17 0.6521
18 0.6633
19 0.6800
20 0.6922
21 0.7087
22 0.7210
23 0.7326
24 0.7367
25 0.7412
26 0.7493
27 0.7576
28 0.7673
29 0.7788
30 0.7855
31 0.7951
32 0.8041
33 0.8133
34 0.8198
35 0.8242
36 0.8277
37 0.8358
38 0.8395
39 0.8447
40 0.8497
41 0.8573
42 0.8603
43 0.8676
44 0.8733
45 0.8811
46 0.8878
47 0.8994
48 0.9055
49 0.9143
50 0.9160
51 0.9190
52 0.9285
53 0.9363
54 0.9449
55 0.9514
56 0.9576
57 0.9660
58 0.9733
59 0.9762
60 0.9828
61 0.9899
62 0.9949
63 0.9956
64 1.0000
65 0.0000
66 0.0000
67 0.0000
68 0.0000
69 0.0000
70 0.0000
71 0.0000
72 0.0000
73 0.0000
74 0.0000
75 0.0000
76 0.0000
77 0.0000
78 0.0000
79 0.0000
80 0.0000
81 0.0000
82 0.0000
83 0.0000
84 0.0000
85 0.0000
86 0.0000
87 0.0000
88 0.0000
89 0.0000
90 0.0000
91 0.0000
92 0.0000
93 0.0000
94 0.0000
95 0.0000
96 0.0000
97 0.0000
98 0.0000
99 0.0000
100 0.0000

=========== Final average value of S-precision@r: =============
0.4000 0.3941
0.4500 0.4024
0.5000 0.3995
0.5500 0.3315
0.6000 0.3002
0.6500 0.2727
0.7000 0.2549
0.7500 0.2306
0.8000 0.2193
0.8500 0.1969
0.9000 0.1914
0.9500 0.1807
1.0000 0.1563

=========== Final average value of F1: =====================
average F1 = 0.61609375

=========== Final average value of Rand Index: =============
average Rand Index = 0.5607390873015875

=========== Final average value of Adjusted Rand Index: ====
average Adj Rand Index = 0.03560759732840445

=========== Final average value of Jaccard Index: ==========
average Jaccard Index = 0.19755851689949921

================ Statistics: ====================================
============ average number of created clusters: 8.66
============ average cluster size: 8.364781884781879
Simulation started at: 15:11 and completed at 15:11
Execution time: 3.207 sec