

=========== Final average value of S-recall@K: =============
1 0.1807
2 0.2534
3 0.2947
4 0.3434
5 0.3916
6 0.4281
7 0.4649
8 0.5032
9 0.5216
10 0.5384
11 0.5541
12 0.5738
13 0.5928
14 0.6093
15 0.6268
16 0.6397
17 0.6629
18 0.6691
19 0.6818
20 0.6927
21 0.6971
22 0.7148
23 0.7204
24 0.7256
25 0.7350
26 0.7435
27 0.7541
28 0.7692
29 0.7784
30 0.7826
31 0.7924
32 0.8000
33 0.8050
34 0.8129
35 0.8193
36 0.8284
37 0.8360
38 0.8436
39 0.8528
40 0.8630
41 0.8711
42 0.8747
43 0.8787
44 0.8845
45 0.8904
46 0.8964
47 0.9003
48 0.9067
49 0.9145
50 0.9190
51 0.9278
52 0.9322
53 0.9352
54 0.9384
55 0.9460
56 0.9569
57 0.9629
58 0.9687
59 0.9742
60 0.9825
61 0.9886
62 0.9916
63 0.9948
64 1.0000
65 0.0000
66 0.0000
67 0.0000
68 0.0000
69 0.0000
70 0.0000
71 0.0000
72 0.0000
73 0.0000
74 0.0000
75 0.0000
76 0.0000
77 0.0000
78 0.0000
79 0.0000
80 0.0000
81 0.0000
82 0.0000
83 0.0000
84 0.0000
85 0.0000
86 0.0000
87 0.0000
88 0.0000
89 0.0000
90 0.0000
91 0.0000
92 0.0000
93 0.0000
94 0.0000
95 0.0000
96 0.0000
97 0.0000
98 0.0000
99 0.0000
100 0.0000

=========== Final average value of S-precision@r: =============
0.4000 0.4214
0.4500 0.4078
0.5000 0.3715
0.5500 0.3421
0.6000 0.2936
0.6500 0.2819
0.7000 0.2534
0.7500 0.2335
0.8000 0.2191
0.8500 0.2001
0.9000 0.1934
0.9500 0.1859
1.0000 0.1563

=========== Final average value of F1: =====================
average F1 = 0.616875

=========== Final average value of Rand Index: =============
average Rand Index = 0.5235615079365082

=========== Final average value of Adjusted Rand Index: ====
average Adj Rand Index = 0.025425489523269555

=========== Final average value of Jaccard Index: ==========
average Jaccard Index = 0.24032676637562642

================ Statistics: ====================================
============ average number of created clusters: 9.11
============ average cluster size: 9.70274864729353
Simulation started at: 14:53 and completed at 14:53
Execution time: 3.432 sec