

=========== Final average value of S-recall@K: =============
1 0.1807
2 0.2443
3 0.3001
4 0.3483
5 0.3952
6 0.4311
7 0.4639
8 0.4872
9 0.5247
10 0.5453
11 0.5693
12 0.5841
13 0.6078
14 0.6324
15 0.6412
16 0.6590
17 0.6757
18 0.6872
19 0.6915
20 0.6978
21 0.7104
22 0.7232
23 0.7271
24 0.7391
25 0.7449
26 0.7594
27 0.7631
28 0.7678
29 0.7845
30 0.7897
31 0.7995
32 0.8104
33 0.8200
34 0.8307
35 0.8369
36 0.8417
37 0.8513
38 0.8584
39 0.8670
40 0.8705
41 0.8738
42 0.8769
43 0.8824
44 0.8895
45 0.8927
46 0.8986
47 0.9069
48 0.9082
49 0.9140
50 0.9161
51 0.9187
52 0.9241
53 0.9267
54 0.9350
55 0.9434
56 0.9546
57 0.9610
58 0.9740
59 0.9779
60 0.9805
61 0.9882
62 0.9927
63 0.9941
64 1.0000
65 0.0000
66 0.0000
67 0.0000
68 0.0000
69 0.0000
70 0.0000
71 0.0000
72 0.0000
73 0.0000
74 0.0000
75 0.0000
76 0.0000
77 0.0000
78 0.0000
79 0.0000
80 0.0000
81 0.0000
82 0.0000
83 0.0000
84 0.0000
85 0.0000
86 0.0000
87 0.0000
88 0.0000
89 0.0000
90 0.0000
91 0.0000
92 0.0000
93 0.0000
94 0.0000
95 0.0000
96 0.0000
97 0.0000
98 0.0000
99 0.0000
100 0.0000

=========== Final average value of S-precision@r: =============
0.4000 0.4278
0.4500 0.4010
0.5000 0.3895
0.5500 0.3630
0.6000 0.3357
0.6500 0.2920
0.7000 0.2545
0.7500 0.2402
0.8000 0.2211
0.8500 0.2108
0.9000 0.1996
0.9500 0.1838
1.0000 0.1502

=========== Final average value of F1: =====================
average F1 = 0.61546875

=========== Final average value of Rand Index: =============
average Rand Index = 0.5629166666666668

=========== Final average value of Adjusted Rand Index: ====
average Adj Rand Index = 0.03922384561891661

=========== Final average value of Jaccard Index: ==========
average Jaccard Index = 0.20369786392002168

================ Statistics: ====================================
============ average number of created clusters: 9.23
============ average cluster size: 7.918430731978715
Simulation started at: 15:07 and completed at 15:07
Execution time: 3.43 sec