

=========== Final average value of S-recall@K: =============
1 0.1807
2 0.2425
3 0.3016
4 0.3521
5 0.3965
6 0.4314
7 0.4586
8 0.4938
9 0.5203
10 0.5412
11 0.5655
12 0.5857
13 0.5983
14 0.6198
15 0.6366
16 0.6529
17 0.6671
18 0.6764
19 0.6908
20 0.6963
21 0.7013
22 0.7151
23 0.7222
24 0.7276
25 0.7371
26 0.7490
27 0.7555
28 0.7566
29 0.7673
30 0.7764
31 0.7883
32 0.7951
33 0.8029
34 0.8110
35 0.8171
36 0.8203
37 0.8267
38 0.8325
39 0.8360
40 0.8410
41 0.8495
42 0.8597
43 0.8670
44 0.8739
45 0.8881
46 0.8952
47 0.9034
48 0.9075
49 0.9167
50 0.9185
51 0.9239
52 0.9265
53 0.9307
54 0.9374
55 0.9444
56 0.9529
57 0.9575
58 0.9698
59 0.9743
60 0.9778
61 0.9851
62 0.9926
63 0.9952
64 1.0000
65 0.0000
66 0.0000
67 0.0000
68 0.0000
69 0.0000
70 0.0000
71 0.0000
72 0.0000
73 0.0000
74 0.0000
75 0.0000
76 0.0000
77 0.0000
78 0.0000
79 0.0000
80 0.0000
81 0.0000
82 0.0000
83 0.0000
84 0.0000
85 0.0000
86 0.0000
87 0.0000
88 0.0000
89 0.0000
90 0.0000
91 0.0000
92 0.0000
93 0.0000
94 0.0000
95 0.0000
96 0.0000
97 0.0000
98 0.0000
99 0.0000
100 0.0000

=========== Final average value of S-precision@r: =============
0.4000 0.4198
0.4500 0.4079
0.5000 0.3880
0.5500 0.3418
0.6000 0.3048
0.6500 0.2758
0.7000 0.2491
0.7500 0.2363
0.8000 0.2223
0.8500 0.1993
0.9000 0.1915
0.9500 0.1845
1.0000 0.1563

=========== Final average value of F1: =====================
average F1 = 0.61375

=========== Final average value of Rand Index: =============
average Rand Index = 0.5565426587301587

=========== Final average value of Adjusted Rand Index: ====
average Adj Rand Index = 0.02738395646214207

=========== Final average value of Jaccard Index: ==========
average Jaccard Index = 0.19859666211035581

================ Statistics: ====================================
============ average number of created clusters: 8.42
============ average cluster size: 8.360393945236046
Simulation started at: 15:10 and completed at 15:10
Execution time: 3.662 sec