

=========== Final average value of S-recall@K: =============
1 0.1807
2 0.2525
3 0.2968
4 0.3449
5 0.3818
6 0.4190
7 0.4480
8 0.4761
9 0.5004
10 0.5327
11 0.5454
12 0.5632
13 0.5759
14 0.6029
15 0.6127
16 0.6275
17 0.6450
18 0.6541
19 0.6740
20 0.6890
21 0.6983
22 0.7065
23 0.7174
24 0.7281
25 0.7389
26 0.7466
27 0.7577
28 0.7658
29 0.7720
30 0.7822
31 0.7912
32 0.7970
33 0.7999
34 0.8124
35 0.8155
36 0.8253
37 0.8320
38 0.8373
39 0.8466
40 0.8535
41 0.8603
42 0.8639
43 0.8716
44 0.8816
45 0.8860
46 0.8893
47 0.8962
48 0.9036
49 0.9109
50 0.9153
51 0.9288
52 0.9344
53 0.9438
54 0.9451
55 0.9518
56 0.9580
57 0.9672
58 0.9722
59 0.9767
60 0.9836
61 0.9879
62 0.9914
63 0.9963
64 1.0000
65 0.0000
66 0.0000
67 0.0000
68 0.0000
69 0.0000
70 0.0000
71 0.0000
72 0.0000
73 0.0000
74 0.0000
75 0.0000
76 0.0000
77 0.0000
78 0.0000
79 0.0000
80 0.0000
81 0.0000
82 0.0000
83 0.0000
84 0.0000
85 0.0000
86 0.0000
87 0.0000
88 0.0000
89 0.0000
90 0.0000
91 0.0000
92 0.0000
93 0.0000
94 0.0000
95 0.0000
96 0.0000
97 0.0000
98 0.0000
99 0.0000
100 0.0000

=========== Final average value of S-precision@r: =============
0.4000 0.4355
0.4500 0.4194
0.5000 0.3587
0.5500 0.3147
0.6000 0.2801
0.6500 0.2730
0.7000 0.2383
0.7500 0.2239
0.8000 0.2134
0.8500 0.1982
0.9000 0.1874
0.9500 0.1849
1.0000 0.1563

=========== Final average value of F1: =====================
average F1 = 0.6065625

=========== Final average value of Rand Index: =============
average Rand Index = 0.5195734126984126

=========== Final average value of Adjusted Rand Index: ====
average Adj Rand Index = 0.021035264841276234

=========== Final average value of Jaccard Index: ==========
average Jaccard Index = 0.24506419478812444

================ Statistics: ====================================
============ average number of created clusters: 7.75
============ average cluster size: 11.208820081191593
Simulation started at: 14:49 and completed at 14:49
Execution time: 4.18 sec