

=========== Final average value of S-recall@K: =============
1 0.1807
2 0.2449
3 0.3038
4 0.3610
5 0.4024
6 0.4406
7 0.4766
8 0.5003
9 0.5145
10 0.5386
11 0.5673
12 0.5894
13 0.5997
14 0.6198
15 0.6354
16 0.6504
17 0.6635
18 0.6744
19 0.6872
20 0.6920
21 0.7026
22 0.7134
23 0.7189
24 0.7253
25 0.7347
26 0.7411
27 0.7587
28 0.7693
29 0.7758
30 0.7874
31 0.7955
32 0.8053
33 0.8140
34 0.8154
35 0.8228
36 0.8265
37 0.8314
38 0.8375
39 0.8439
40 0.8511
41 0.8614
42 0.8658
43 0.8726
44 0.8795
45 0.8849
46 0.8890
47 0.8935
48 0.8966
49 0.9055
50 0.9129
51 0.9168
52 0.9245
53 0.9347
54 0.9386
55 0.9485
56 0.9541
57 0.9579
58 0.9707
59 0.9766
60 0.9810
61 0.9851
62 0.9927
63 0.9947
64 1.0000
65 0.0000
66 0.0000
67 0.0000
68 0.0000
69 0.0000
70 0.0000
71 0.0000
72 0.0000
73 0.0000
74 0.0000
75 0.0000
76 0.0000
77 0.0000
78 0.0000
79 0.0000
80 0.0000
81 0.0000
82 0.0000
83 0.0000
84 0.0000
85 0.0000
86 0.0000
87 0.0000
88 0.0000
89 0.0000
90 0.0000
91 0.0000
92 0.0000
93 0.0000
94 0.0000
95 0.0000
96 0.0000
97 0.0000
98 0.0000
99 0.0000
100 0.0000

=========== Final average value of S-precision@r: =============
0.4000 0.4372
0.4500 0.3884
0.5000 0.3907
0.5500 0.3446
0.6000 0.2903
0.6500 0.2781
0.7000 0.2528
0.7500 0.2397
0.8000 0.2257
0.8500 0.2080
0.9000 0.1936
0.9500 0.1819
1.0000 0.1563

=========== Final average value of F1: =====================
average F1 = 0.61375

=========== Final average value of Rand Index: =============
average Rand Index = 0.5634176587301587

=========== Final average value of Adjusted Rand Index: ====
average Adj Rand Index = 0.036945771924017975

=========== Final average value of Jaccard Index: ==========
average Jaccard Index = 0.20411561117802968

================ Statistics: ====================================
============ average number of created clusters: 8.56
============ average cluster size: 8.34807911043205
Simulation started at: 15:10 and completed at 15:10
Execution time: 3.515 sec