

=========== Final average value of S-recall@K: =============
1 0.1807
2 0.2547
3 0.3106
4 0.3705
5 0.4227
6 0.4468
7 0.4822
8 0.5016
9 0.5170
10 0.5412
11 0.5691
12 0.5836
13 0.5980
14 0.6120
15 0.6329
16 0.6448
17 0.6526
18 0.6668
19 0.6791
20 0.6995
21 0.7132
22 0.7215
23 0.7319
24 0.7484
25 0.7544
26 0.7682
27 0.7724
28 0.7800
29 0.7913
30 0.7994
31 0.8072
32 0.8104
33 0.8153
34 0.8234
35 0.8319
36 0.8368
37 0.8441
38 0.8509
39 0.8578
40 0.8665
41 0.8693
42 0.8764
43 0.8843
44 0.8953
45 0.8975
46 0.9056
47 0.9081
48 0.9126
49 0.9158
50 0.9218
51 0.9282
52 0.9366
53 0.9420
54 0.9486
55 0.9511
56 0.9613
57 0.9690
58 0.9716
59 0.9792
60 0.9832
61 0.9876
62 0.9911
63 0.9939
64 1.0000
65 0.0000
66 0.0000
67 0.0000
68 0.0000
69 0.0000
70 0.0000
71 0.0000
72 0.0000
73 0.0000
74 0.0000
75 0.0000
76 0.0000
77 0.0000
78 0.0000
79 0.0000
80 0.0000
81 0.0000
82 0.0000
83 0.0000
84 0.0000
85 0.0000
86 0.0000
87 0.0000
88 0.0000
89 0.0000
90 0.0000
91 0.0000
92 0.0000
93 0.0000
94 0.0000
95 0.0000
96 0.0000
97 0.0000
98 0.0000
99 0.0000
100 0.0000

=========== Final average value of S-precision@r: =============
0.4000 0.4276
0.4500 0.3957
0.5000 0.4017
0.5500 0.3641
0.6000 0.3193
0.6500 0.2799
0.7000 0.2603
0.7500 0.2360
0.8000 0.2294
0.8500 0.2008
0.9000 0.1924
0.9500 0.1904
1.0000 0.1563

=========== Final average value of F1: =====================
average F1 = 0.62640625

=========== Final average value of Rand Index: =============
average Rand Index = 0.5226537698412698

=========== Final average value of Adjusted Rand Index: ====
average Adj Rand Index = 0.033708775297287864

=========== Final average value of Jaccard Index: ==========
average Jaccard Index = 0.27231011629803464

================ Statistics: ====================================
============ average number of created clusters: 10.57
============ average cluster size: 8.430001995252763
Simulation started at: 14:50 and completed at 14:50
Execution time: 3.376 sec