

=========== Final average value of S-recall@K: =============
1 0.1807
2 0.2435
3 0.3017
4 0.3574
5 0.4032
6 0.4375
7 0.4675
8 0.5005
9 0.5217
10 0.5441
11 0.5614
12 0.5773
13 0.5909
14 0.6019
15 0.6195
16 0.6426
17 0.6557
18 0.6736
19 0.6925
20 0.6963
21 0.7092
22 0.7158
23 0.7238
24 0.7339
25 0.7459
26 0.7525
27 0.7616
28 0.7656
29 0.7783
30 0.7790
31 0.7865
32 0.7933
33 0.8012
34 0.8104
35 0.8189
36 0.8244
37 0.8300
38 0.8340
39 0.8423
40 0.8526
41 0.8584
42 0.8682
43 0.8741
44 0.8833
45 0.8903
46 0.8983
47 0.9042
48 0.9122
49 0.9222
50 0.9271
51 0.9319
52 0.9355
53 0.9407
54 0.9482
55 0.9540
56 0.9603
57 0.9631
58 0.9703
59 0.9784
60 0.9829
61 0.9859
62 0.9901
63 0.9921
64 1.0000
65 0.0000
66 0.0000
67 0.0000
68 0.0000
69 0.0000
70 0.0000
71 0.0000
72 0.0000
73 0.0000
74 0.0000
75 0.0000
76 0.0000
77 0.0000
78 0.0000
79 0.0000
80 0.0000
81 0.0000
82 0.0000
83 0.0000
84 0.0000
85 0.0000
86 0.0000
87 0.0000
88 0.0000
89 0.0000
90 0.0000
91 0.0000
92 0.0000
93 0.0000
94 0.0000
95 0.0000
96 0.0000
97 0.0000
98 0.0000
99 0.0000
100 0.0000

=========== Final average value of S-precision@r: =============
0.4000 0.4114
0.4500 0.3989
0.5000 0.3830
0.5500 0.3261
0.6000 0.3006
0.6500 0.2877
0.7000 0.2600
0.7500 0.2435
0.8000 0.2149
0.8500 0.1985
0.9000 0.1998
0.9500 0.1955
1.0000 0.1563

=========== Final average value of F1: =====================
average F1 = 0.611875

=========== Final average value of Rand Index: =============
average Rand Index = 0.5580853174603171

=========== Final average value of Adjusted Rand Index: ====
average Adj Rand Index = 0.027579298899486807

=========== Final average value of Jaccard Index: ==========
average Jaccard Index = 0.193552724213112

================ Statistics: ====================================
============ average number of created clusters: 8.83
============ average cluster size: 8.06053324453324
Simulation started at: 15:09 and completed at 15:09
Execution time: 4.722 sec