

=========== Final average value of S-recall@K: =============
1 0.1807
2 0.2559
3 0.3056
4 0.3602
5 0.4121
6 0.4457
7 0.4899
8 0.5190
9 0.5415
10 0.5627
11 0.5832
12 0.6037
13 0.6182
14 0.6322
15 0.6469
16 0.6571
17 0.6705
18 0.6799
19 0.6935
20 0.7132
21 0.7251
22 0.7394
23 0.7556
24 0.7648
25 0.7725
26 0.7804
27 0.7923
28 0.8025
29 0.8083
30 0.8180
31 0.8258
32 0.8331
33 0.8374
34 0.8400
35 0.8476
36 0.8520
37 0.8600
38 0.8672
39 0.8735
40 0.8800
41 0.8869
42 0.8931
43 0.8988
44 0.9036
45 0.9103
46 0.9139
47 0.9194
48 0.9234
49 0.9278
50 0.9304
51 0.9341
52 0.9363
53 0.9405
54 0.9476
55 0.9543
56 0.9581
57 0.9658
58 0.9682
59 0.9737
60 0.9757
61 0.9812
62 0.9888
63 0.9916
64 1.0000
65 0.0000
66 0.0000
67 0.0000
68 0.0000
69 0.0000
70 0.0000
71 0.0000
72 0.0000
73 0.0000
74 0.0000
75 0.0000
76 0.0000
77 0.0000
78 0.0000
79 0.0000
80 0.0000
81 0.0000
82 0.0000
83 0.0000
84 0.0000
85 0.0000
86 0.0000
87 0.0000
88 0.0000
89 0.0000
90 0.0000
91 0.0000
92 0.0000
93 0.0000
94 0.0000
95 0.0000
96 0.0000
97 0.0000
98 0.0000
99 0.0000
100 0.0000

=========== Final average value of S-precision@r: =============
0.4000 0.4375
0.4500 0.4344
0.5000 0.4268
0.5500 0.3850
0.6000 0.3459
0.6500 0.3196
0.7000 0.2830
0.7500 0.2650
0.8000 0.2342
0.8500 0.2178
0.9000 0.2079
0.9500 0.2036
1.0000 0.1493

=========== Final average value of F1: =====================
average F1 = 0.6328125

=========== Final average value of Rand Index: =============
average Rand Index = 0.5366121031746032

=========== Final average value of Adjusted Rand Index: ====
average Adj Rand Index = 0.040602447405169544

=========== Final average value of Jaccard Index: ==========
average Jaccard Index = 0.27475981176639663

================ Statistics: ====================================
============ average number of created clusters: 11.25
============ average cluster size: 7.646222323943682
Simulation started at: 15:03 and completed at 15:03
Execution time: 3.689 sec