

=========== Final average value of S-recall@K: =============
1 0.1807
2 0.2428
3 0.3028
4 0.3622
5 0.4032
6 0.4359
7 0.4609
8 0.4898
9 0.5098
10 0.5299
11 0.5616
12 0.5835
13 0.6050
14 0.6210
15 0.6349
16 0.6469
17 0.6657
18 0.6809
19 0.6834
20 0.6921
21 0.7090
22 0.7163
23 0.7218
24 0.7275
25 0.7415
26 0.7510
27 0.7629
28 0.7718
29 0.7791
30 0.7891
31 0.7953
32 0.8020
33 0.8129
34 0.8195
35 0.8245
36 0.8287
37 0.8350
38 0.8418
39 0.8474
40 0.8524
41 0.8595
42 0.8709
43 0.8750
44 0.8834
45 0.8947
46 0.8979
47 0.9011
48 0.9059
49 0.9111
50 0.9190
51 0.9255
52 0.9270
53 0.9373
54 0.9387
55 0.9406
56 0.9534
57 0.9610
58 0.9701
59 0.9764
60 0.9789
61 0.9855
62 0.9913
63 0.9940
64 1.0000
65 0.0000
66 0.0000
67 0.0000
68 0.0000
69 0.0000
70 0.0000
71 0.0000
72 0.0000
73 0.0000
74 0.0000
75 0.0000
76 0.0000
77 0.0000
78 0.0000
79 0.0000
80 0.0000
81 0.0000
82 0.0000
83 0.0000
84 0.0000
85 0.0000
86 0.0000
87 0.0000
88 0.0000
89 0.0000
90 0.0000
91 0.0000
92 0.0000
93 0.0000
94 0.0000
95 0.0000
96 0.0000
97 0.0000
98 0.0000
99 0.0000
100 0.0000

=========== Final average value of S-precision@r: =============
0.4000 0.4169
0.4500 0.3966
0.5000 0.3901
0.5500 0.3446
0.6000 0.3066
0.6500 0.2755
0.7000 0.2624
0.7500 0.2333
0.8000 0.2208
0.8500 0.2028
0.9000 0.1941
0.9500 0.1787
1.0000 0.1563

=========== Final average value of F1: =====================
average F1 = 0.61359375

=========== Final average value of Rand Index: =============
average Rand Index = 0.5581200396825395

=========== Final average value of Adjusted Rand Index: ====
average Adj Rand Index = 0.032044109450702705

=========== Final average value of Jaccard Index: ==========
average Jaccard Index = 0.2017310708166089

================ Statistics: ====================================
============ average number of created clusters: 8.49
============ average cluster size: 8.4976678608629
Simulation started at: 15:10 and completed at 15:10
Execution time: 3.376 sec