

=========== Final average value of S-recall@K: =============
1 0.1807
2 0.2582
3 0.3063
4 0.3651
5 0.4149
6 0.4504
7 0.4899
8 0.5129
9 0.5430
10 0.5595
11 0.5773
12 0.6003
13 0.6146
14 0.6249
15 0.6355
16 0.6582
17 0.6684
18 0.6831
19 0.6985
20 0.7039
21 0.7168
22 0.7296
23 0.7439
24 0.7577
25 0.7721
26 0.7824
27 0.7877
28 0.7951
29 0.8032
30 0.8173
31 0.8232
32 0.8328
33 0.8350
34 0.8414
35 0.8460
36 0.8472
37 0.8519
38 0.8621
39 0.8670
40 0.8735
41 0.8821
42 0.8896
43 0.8923
44 0.9007
45 0.9054
46 0.9147
47 0.9257
48 0.9301
49 0.9320
50 0.9332
51 0.9374
52 0.9440
53 0.9463
54 0.9515
55 0.9551
56 0.9656
57 0.9670
58 0.9774
59 0.9841
60 0.9856
61 0.9883
62 0.9911
63 0.9925
64 1.0000
65 0.0000
66 0.0000
67 0.0000
68 0.0000
69 0.0000
70 0.0000
71 0.0000
72 0.0000
73 0.0000
74 0.0000
75 0.0000
76 0.0000
77 0.0000
78 0.0000
79 0.0000
80 0.0000
81 0.0000
82 0.0000
83 0.0000
84 0.0000
85 0.0000
86 0.0000
87 0.0000
88 0.0000
89 0.0000
90 0.0000
91 0.0000
92 0.0000
93 0.0000
94 0.0000
95 0.0000
96 0.0000
97 0.0000
98 0.0000
99 0.0000
100 0.0000

=========== Final average value of S-precision@r: =============
0.4000 0.4499
0.4500 0.4536
0.5000 0.4216
0.5500 0.3874
0.6000 0.3311
0.6500 0.3127
0.7000 0.2832
0.7500 0.2338
0.8000 0.2281
0.8500 0.2227
0.9000 0.2056
0.9500 0.1995
1.0000 0.1493

=========== Final average value of F1: =====================
average F1 = 0.64359375

=========== Final average value of Rand Index: =============
average Rand Index = 0.5506051587301587

=========== Final average value of Adjusted Rand Index: ====
average Adj Rand Index = 0.04617753029773535

=========== Final average value of Jaccard Index: ==========
average Jaccard Index = 0.2481732253984522

================ Statistics: ====================================
============ average number of created clusters: 12.35
============ average cluster size: 6.28355014782259
Simulation started at: 15:03 and completed at 15:03
Execution time: 3.666 sec