

=========== Final average value of S-recall@K: =============
1 0.1807
2 0.2420
3 0.2959
4 0.3476
5 0.3905
6 0.4242
7 0.4643
8 0.4929
9 0.5193
10 0.5327
11 0.5556
12 0.5855
13 0.6011
14 0.6156
15 0.6278
16 0.6483
17 0.6582
18 0.6681
19 0.6867
20 0.6933
21 0.7004
22 0.7112
23 0.7180
24 0.7247
25 0.7300
26 0.7385
27 0.7415
28 0.7510
29 0.7615
30 0.7711
31 0.7859
32 0.7911
33 0.7997
34 0.8109
35 0.8154
36 0.8197
37 0.8248
38 0.8359
39 0.8409
40 0.8564
41 0.8630
42 0.8692
43 0.8763
44 0.8852
45 0.8946
46 0.8987
47 0.9037
48 0.9130
49 0.9186
50 0.9248
51 0.9272
52 0.9299
53 0.9341
54 0.9419
55 0.9483
56 0.9534
57 0.9586
58 0.9699
59 0.9750
60 0.9796
61 0.9851
62 0.9882
63 0.9902
64 1.0000
65 0.0000
66 0.0000
67 0.0000
68 0.0000
69 0.0000
70 0.0000
71 0.0000
72 0.0000
73 0.0000
74 0.0000
75 0.0000
76 0.0000
77 0.0000
78 0.0000
79 0.0000
80 0.0000
81 0.0000
82 0.0000
83 0.0000
84 0.0000
85 0.0000
86 0.0000
87 0.0000
88 0.0000
89 0.0000
90 0.0000
91 0.0000
92 0.0000
93 0.0000
94 0.0000
95 0.0000
96 0.0000
97 0.0000
98 0.0000
99 0.0000
100 0.0000

=========== Final average value of S-precision@r: =============
0.4000 0.4314
0.4500 0.3929
0.5000 0.3738
0.5500 0.3227
0.6000 0.2855
0.6500 0.2720
0.7000 0.2615
0.7500 0.2393
0.8000 0.2145
0.8500 0.2041
0.9000 0.2027
0.9500 0.1858
1.0000 0.1493

=========== Final average value of F1: =====================
average F1 = 0.61234375

=========== Final average value of Rand Index: =============
average Rand Index = 0.5599156746031746

=========== Final average value of Adjusted Rand Index: ====
average Adj Rand Index = 0.03146533012192276

=========== Final average value of Jaccard Index: ==========
average Jaccard Index = 0.20490801551898666

================ Statistics: ====================================
============ average number of created clusters: 8.56
============ average cluster size: 8.245561222403323
Simulation started at: 15:08 and completed at 15:08
Execution time: 3.249 sec