

=========== Final average value of S-recall@K: =============
1 0.1807
2 0.2598
3 0.3085
4 0.3642
5 0.4134
6 0.4485
7 0.4740
8 0.5097
9 0.5509
10 0.5698
11 0.5915
12 0.6002
13 0.6132
14 0.6303
15 0.6466
16 0.6593
17 0.6676
18 0.6818
19 0.6892
20 0.6946
21 0.7074
22 0.7125
23 0.7236
24 0.7387
25 0.7464
26 0.7615
27 0.7790
28 0.7857
29 0.7939
30 0.7955
31 0.7983
32 0.8058
33 0.8202
34 0.8329
35 0.8382
36 0.8469
37 0.8523
38 0.8591
39 0.8611
40 0.8692
41 0.8755
42 0.8832
43 0.8881
44 0.9013
45 0.9034
46 0.9099
47 0.9165
48 0.9190
49 0.9236
50 0.9296
51 0.9336
52 0.9367
53 0.9382
54 0.9428
55 0.9512
56 0.9556
57 0.9627
58 0.9741
59 0.9806
60 0.9834
61 0.9853
62 0.9903
63 0.9917
64 1.0000
65 0.0000
66 0.0000
67 0.0000
68 0.0000
69 0.0000
70 0.0000
71 0.0000
72 0.0000
73 0.0000
74 0.0000
75 0.0000
76 0.0000
77 0.0000
78 0.0000
79 0.0000
80 0.0000
81 0.0000
82 0.0000
83 0.0000
84 0.0000
85 0.0000
86 0.0000
87 0.0000
88 0.0000
89 0.0000
90 0.0000
91 0.0000
92 0.0000
93 0.0000
94 0.0000
95 0.0000
96 0.0000
97 0.0000
98 0.0000
99 0.0000
100 0.0000

=========== Final average value of S-precision@r: =============
0.4000 0.4122
0.4500 0.4129
0.5000 0.4128
0.5500 0.3735
0.6000 0.3039
0.6500 0.3047
0.7000 0.2804
0.7500 0.2479
0.8000 0.2264
0.8500 0.2166
0.9000 0.1954
0.9500 0.1928
1.0000 0.1425

=========== Final average value of F1: =====================
average F1 = 0.636875

=========== Final average value of Rand Index: =============
average Rand Index = 0.5537599206349206

=========== Final average value of Adjusted Rand Index: ====
average Adj Rand Index = 0.03993832263663769

=========== Final average value of Jaccard Index: ==========
average Jaccard Index = 0.21926814234215378

================ Statistics: ====================================
============ average number of created clusters: 11.51
============ average cluster size: 6.3154819806955995
Simulation started at: 15:04 and completed at 15:04
Execution time: 3.594 sec