

=========== Final average value of S-recall@K: =============
1 0.1807
2 0.2497
3 0.2972
4 0.3396
5 0.3778
6 0.4135
7 0.4415
8 0.4688
9 0.4967
10 0.5173
11 0.5292
12 0.5532
13 0.5605
14 0.5875
15 0.6024
16 0.6141
17 0.6250
18 0.6444
19 0.6539
20 0.6719
21 0.6867
22 0.7015
23 0.7179
24 0.7285
25 0.7384
26 0.7472
27 0.7540
28 0.7548
29 0.7607
30 0.7728
31 0.7761
32 0.7834
33 0.7904
34 0.7967
35 0.8015
36 0.8067
37 0.8182
38 0.8239
39 0.8304
40 0.8388
41 0.8420
42 0.8501
43 0.8579
44 0.8680
45 0.8772
46 0.8806
47 0.8862
48 0.8945
49 0.8994
50 0.9076
51 0.9124
52 0.9193
53 0.9268
54 0.9296
55 0.9373
56 0.9422
57 0.9496
58 0.9559
59 0.9642
60 0.9739
61 0.9783
62 0.9831
63 0.9931
64 1.0000
65 0.0000
66 0.0000
67 0.0000
68 0.0000
69 0.0000
70 0.0000
71 0.0000
72 0.0000
73 0.0000
74 0.0000
75 0.0000
76 0.0000
77 0.0000
78 0.0000
79 0.0000
80 0.0000
81 0.0000
82 0.0000
83 0.0000
84 0.0000
85 0.0000
86 0.0000
87 0.0000
88 0.0000
89 0.0000
90 0.0000
91 0.0000
92 0.0000
93 0.0000
94 0.0000
95 0.0000
96 0.0000
97 0.0000
98 0.0000
99 0.0000
100 0.0000

=========== Final average value of S-precision@r: =============
0.4000 0.4476
0.4500 0.4227
0.5000 0.4046
0.5500 0.3394
0.6000 0.2877
0.6500 0.2780
0.7000 0.2527
0.7500 0.2282
0.8000 0.2084
0.8500 0.1964
0.9000 0.1759
0.9500 0.1763
1.0000 0.1563

=========== Final average value of F1: =====================
average F1 = 0.58234375

=========== Final average value of Rand Index: =============
average Rand Index = 0.47780257936507914

=========== Final average value of Adjusted Rand Index: ====
average Adj Rand Index = 0.005339967356066763

=========== Final average value of Jaccard Index: ==========
average Jaccard Index = 0.31165238152325775

================ Statistics: ====================================
============ average number of created clusters: 5.62
============ average cluster size: 16.005352242528705
Simulation started at: 15:02 and completed at 15:02
Execution time: 4.777 sec