

=========== Final average value of S-recall@K: =============
1 0.1807
2 0.2490
3 0.3048
4 0.3509
5 0.3971
6 0.4321
7 0.4692
8 0.4953
9 0.5162
10 0.5412
11 0.5534
12 0.5781
13 0.5974
14 0.6106
15 0.6305
16 0.6481
17 0.6544
18 0.6687
19 0.6756
20 0.6929
21 0.7054
22 0.7137
23 0.7196
24 0.7282
25 0.7349
26 0.7467
27 0.7554
28 0.7637
29 0.7697
30 0.7839
31 0.7970
32 0.8027
33 0.8042
34 0.8099
35 0.8146
36 0.8225
37 0.8333
38 0.8380
39 0.8487
40 0.8603
41 0.8636
42 0.8733
43 0.8785
44 0.8842
45 0.8874
46 0.8919
47 0.9000
48 0.9022
49 0.9109
50 0.9212
51 0.9305
52 0.9333
53 0.9360
54 0.9388
55 0.9457
56 0.9533
57 0.9630
58 0.9736
59 0.9823
60 0.9865
61 0.9905
62 0.9930
63 0.9946
64 1.0000
65 0.0000
66 0.0000
67 0.0000
68 0.0000
69 0.0000
70 0.0000
71 0.0000
72 0.0000
73 0.0000
74 0.0000
75 0.0000
76 0.0000
77 0.0000
78 0.0000
79 0.0000
80 0.0000
81 0.0000
82 0.0000
83 0.0000
84 0.0000
85 0.0000
86 0.0000
87 0.0000
88 0.0000
89 0.0000
90 0.0000
91 0.0000
92 0.0000
93 0.0000
94 0.0000
95 0.0000
96 0.0000
97 0.0000
98 0.0000
99 0.0000
100 0.0000

=========== Final average value of S-precision@r: =============
0.4000 0.4329
0.4500 0.4086
0.5000 0.3663
0.5500 0.3299
0.6000 0.2934
0.6500 0.2734
0.7000 0.2416
0.7500 0.2274
0.8000 0.2099
0.8500 0.1996
0.9000 0.1857
0.9500 0.1818
1.0000 0.1563

=========== Final average value of F1: =====================
average F1 = 0.61078125

=========== Final average value of Rand Index: =============
average Rand Index = 0.5242113095238093

=========== Final average value of Adjusted Rand Index: ====
average Adj Rand Index = 0.025572569644922646

=========== Final average value of Jaccard Index: ==========
average Jaccard Index = 0.2376420948108274

================ Statistics: ====================================
============ average number of created clusters: 8.29
============ average cluster size: 10.527834999537777
Simulation started at: 14:54 and completed at 14:54
Execution time: 3.273 sec