

=========== Final average value of S-recall@K: =============
1 0.1807
2 0.2496
3 0.3070
4 0.3604
5 0.4069
6 0.4517
7 0.4833
8 0.5059
9 0.5315
10 0.5525
11 0.5726
12 0.5929
13 0.6093
14 0.6297
15 0.6388
16 0.6661
17 0.6787
18 0.6873
19 0.6989
20 0.7085
21 0.7150
22 0.7187
23 0.7268
24 0.7384
25 0.7499
26 0.7588
27 0.7768
28 0.7881
29 0.8006
30 0.8053
31 0.8083
32 0.8128
33 0.8307
34 0.8393
35 0.8451
36 0.8519
37 0.8540
38 0.8548
39 0.8608
40 0.8652
41 0.8763
42 0.8812
43 0.8847
44 0.8920
45 0.8953
46 0.9039
47 0.9103
48 0.9135
49 0.9200
50 0.9285
51 0.9309
52 0.9340
53 0.9369
54 0.9398
55 0.9470
56 0.9571
57 0.9644
58 0.9702
59 0.9797
60 0.9815
61 0.9859
62 0.9901
63 0.9917
64 1.0000
65 0.0000
66 0.0000
67 0.0000
68 0.0000
69 0.0000
70 0.0000
71 0.0000
72 0.0000
73 0.0000
74 0.0000
75 0.0000
76 0.0000
77 0.0000
78 0.0000
79 0.0000
80 0.0000
81 0.0000
82 0.0000
83 0.0000
84 0.0000
85 0.0000
86 0.0000
87 0.0000
88 0.0000
89 0.0000
90 0.0000
91 0.0000
92 0.0000
93 0.0000
94 0.0000
95 0.0000
96 0.0000
97 0.0000
98 0.0000
99 0.0000
100 0.0000

=========== Final average value of S-precision@r: =============
0.4000 0.4610
0.4500 0.4443
0.5000 0.4057
0.5500 0.3713
0.6000 0.3311
0.6500 0.3100
0.7000 0.2783
0.7500 0.2427
0.8000 0.2265
0.8500 0.2092
0.9000 0.2014
0.9500 0.1988
1.0000 0.1425

=========== Final average value of F1: =====================
average F1 = 0.6378125

=========== Final average value of Rand Index: =============
average Rand Index = 0.5624553571428571

=========== Final average value of Adjusted Rand Index: ====
average Adj Rand Index = 0.04150886786731934

=========== Final average value of Jaccard Index: ==========
average Jaccard Index = 0.20960808535619194

================ Statistics: ====================================
============ average number of created clusters: 11.98
============ average cluster size: 5.914853798420357
Simulation started at: 15:04 and completed at 15:04
Execution time: 3.439 sec