

=========== Final average value of S-recall@K: =============
1 0.1807
2 0.2597
3 0.3142
4 0.3613
5 0.4029
6 0.4335
7 0.4804
8 0.5090
9 0.5234
10 0.5509
11 0.5694
12 0.5935
13 0.6051
14 0.6221
15 0.6429
16 0.6655
17 0.6756
18 0.6891
19 0.7068
20 0.7166
21 0.7287
22 0.7410
23 0.7498
24 0.7540
25 0.7639
26 0.7699
27 0.7777
28 0.7853
29 0.7948
30 0.7991
31 0.8049
32 0.8169
33 0.8224
34 0.8251
35 0.8283
36 0.8306
37 0.8338
38 0.8401
39 0.8434
40 0.8530
41 0.8580
42 0.8638
43 0.8756
44 0.8813
45 0.8872
46 0.8907
47 0.8954
48 0.8995
49 0.9050
50 0.9112
51 0.9199
52 0.9265
53 0.9300
54 0.9408
55 0.9452
56 0.9497
57 0.9539
58 0.9630
59 0.9704
60 0.9763
61 0.9839
62 0.9879
63 0.9914
64 1.0000
65 0.0000
66 0.0000
67 0.0000
68 0.0000
69 0.0000
70 0.0000
71 0.0000
72 0.0000
73 0.0000
74 0.0000
75 0.0000
76 0.0000
77 0.0000
78 0.0000
79 0.0000
80 0.0000
81 0.0000
82 0.0000
83 0.0000
84 0.0000
85 0.0000
86 0.0000
87 0.0000
88 0.0000
89 0.0000
90 0.0000
91 0.0000
92 0.0000
93 0.0000
94 0.0000
95 0.0000
96 0.0000
97 0.0000
98 0.0000
99 0.0000
100 0.0000

=========== Final average value of S-precision@r: =============
0.4000 0.4464
0.4500 0.4295
0.5000 0.4132
0.5500 0.3629
0.6000 0.3156
0.6500 0.2924
0.7000 0.2669
0.7500 0.2448
0.8000 0.2219
0.8500 0.2092
0.9000 0.1924
0.9500 0.1891
1.0000 0.1563

=========== Final average value of F1: =====================
average F1 = 0.60109375

=========== Final average value of Rand Index: =============
average Rand Index = 0.481547619047619

=========== Final average value of Adjusted Rand Index: ====
average Adj Rand Index = 0.023709756761136878

=========== Final average value of Jaccard Index: ==========
average Jaccard Index = 0.3041065988052485

================ Statistics: ====================================
============ average number of created clusters: 8.06
============ average cluster size: 12.115644325402837
Simulation started at: 15:02 and completed at 15:02
Execution time: 4.601 sec