

=========== Final average value of S-recall@K: =============
1 0.1807
2 0.2476
3 0.3068
4 0.3497
5 0.3917
6 0.4256
7 0.4572
8 0.4925
9 0.5116
10 0.5480
11 0.5682
12 0.5887
13 0.6006
14 0.6164
15 0.6289
16 0.6460
17 0.6529
18 0.6726
19 0.6870
20 0.6979
21 0.7118
22 0.7182
23 0.7260
24 0.7297
25 0.7394
26 0.7475
27 0.7573
28 0.7686
29 0.7795
30 0.7857
31 0.7975
32 0.8053
33 0.8081
34 0.8131
35 0.8186
36 0.8260
37 0.8285
38 0.8347
39 0.8429
40 0.8490
41 0.8538
42 0.8641
43 0.8761
44 0.8828
45 0.8897
46 0.8953
47 0.9029
48 0.9044
49 0.9124
50 0.9175
51 0.9201
52 0.9213
53 0.9317
54 0.9404
55 0.9443
56 0.9475
57 0.9558
58 0.9597
59 0.9679
60 0.9765
61 0.9815
62 0.9881
63 0.9916
64 1.0000
65 0.0000
66 0.0000
67 0.0000
68 0.0000
69 0.0000
70 0.0000
71 0.0000
72 0.0000
73 0.0000
74 0.0000
75 0.0000
76 0.0000
77 0.0000
78 0.0000
79 0.0000
80 0.0000
81 0.0000
82 0.0000
83 0.0000
84 0.0000
85 0.0000
86 0.0000
87 0.0000
88 0.0000
89 0.0000
90 0.0000
91 0.0000
92 0.0000
93 0.0000
94 0.0000
95 0.0000
96 0.0000
97 0.0000
98 0.0000
99 0.0000
100 0.0000

=========== Final average value of S-precision@r: =============
0.4000 0.4460
0.4500 0.4357
0.5000 0.3742
0.5500 0.3348
0.6000 0.2836
0.6500 0.2757
0.7000 0.2537
0.7500 0.2371
0.8000 0.2125
0.8500 0.2068
0.9000 0.1923
0.9500 0.1849
1.0000 0.1563

=========== Final average value of F1: =====================
average F1 = 0.6096875

=========== Final average value of Rand Index: =============
average Rand Index = 0.5538541666666668

=========== Final average value of Adjusted Rand Index: ====
average Adj Rand Index = 0.028397884224904028

=========== Final average value of Jaccard Index: ==========
average Jaccard Index = 0.19909515368648317

================ Statistics: ====================================
============ average number of created clusters: 8.23
============ average cluster size: 8.710886969239906
Simulation started at: 15:03 and completed at 15:03
Execution time: 3.352 sec