

=========== Final average value of S-recall@K: =============
1 0.1807
2 0.2482
3 0.3089
4 0.3641
5 0.4030
6 0.4376
7 0.4709
8 0.5015
9 0.5360
10 0.5603
11 0.5830
12 0.6044
13 0.6193
14 0.6316
15 0.6435
16 0.6620
17 0.6777
18 0.6827
19 0.6916
20 0.6996
21 0.7093
22 0.7215
23 0.7293
24 0.7367
25 0.7479
26 0.7575
27 0.7675
28 0.7774
29 0.7854
30 0.7982
31 0.8054
32 0.8115
33 0.8163
34 0.8270
35 0.8300
36 0.8379
37 0.8454
38 0.8530
39 0.8593
40 0.8617
41 0.8677
42 0.8746
43 0.8884
44 0.8908
45 0.8968
46 0.9020
47 0.9061
48 0.9126
49 0.9153
50 0.9243
51 0.9300
52 0.9354
53 0.9401
54 0.9514
55 0.9555
56 0.9616
57 0.9641
58 0.9705
59 0.9748
60 0.9786
61 0.9885
62 0.9906
63 0.9943
64 1.0000
65 0.0000
66 0.0000
67 0.0000
68 0.0000
69 0.0000
70 0.0000
71 0.0000
72 0.0000
73 0.0000
74 0.0000
75 0.0000
76 0.0000
77 0.0000
78 0.0000
79 0.0000
80 0.0000
81 0.0000
82 0.0000
83 0.0000
84 0.0000
85 0.0000
86 0.0000
87 0.0000
88 0.0000
89 0.0000
90 0.0000
91 0.0000
92 0.0000
93 0.0000
94 0.0000
95 0.0000
96 0.0000
97 0.0000
98 0.0000
99 0.0000
100 0.0000

=========== Final average value of S-precision@r: =============
0.4000 0.4302
0.4500 0.4043
0.5000 0.3954
0.5500 0.3480
0.6000 0.3304
0.6500 0.3039
0.7000 0.2730
0.7500 0.2537
0.8000 0.2307
0.8500 0.2119
0.9000 0.1918
0.9500 0.1881
1.0000 0.1493

=========== Final average value of F1: =====================
average F1 = 0.6165625

=========== Final average value of Rand Index: =============
average Rand Index = 0.5593452380952384

=========== Final average value of Adjusted Rand Index: ====
average Adj Rand Index = 0.03651525234376549

=========== Final average value of Jaccard Index: ==========
average Jaccard Index = 0.202803637348105

================ Statistics: ====================================
============ average number of created clusters: 9.69
============ average cluster size: 7.493929443105907
Simulation started at: 15:06 and completed at 15:06
Execution time: 3.317 sec