

=========== Final average value of S-recall@K: =============
1 0.1807
2 0.2423
3 0.3017
4 0.3538
5 0.3868
6 0.4293
7 0.4534
8 0.4916
9 0.5163
10 0.5358
11 0.5613
12 0.5843
13 0.6034
14 0.6259
15 0.6445
16 0.6605
17 0.6692
18 0.6851
19 0.6917
20 0.6989
21 0.7070
22 0.7181
23 0.7246
24 0.7333
25 0.7393
26 0.7501
27 0.7639
28 0.7765
29 0.7873
30 0.7932
31 0.8006
32 0.8067
33 0.8215
34 0.8300
35 0.8331
36 0.8383
37 0.8427
38 0.8516
39 0.8572
40 0.8657
41 0.8725
42 0.8751
43 0.8831
44 0.8886
45 0.8967
46 0.9064
47 0.9121
48 0.9183
49 0.9222
50 0.9243
51 0.9311
52 0.9332
53 0.9365
54 0.9412
55 0.9500
56 0.9574
57 0.9647
58 0.9791
59 0.9810
60 0.9844
61 0.9885
62 0.9929
63 0.9951
64 1.0000
65 0.0000
66 0.0000
67 0.0000
68 0.0000
69 0.0000
70 0.0000
71 0.0000
72 0.0000
73 0.0000
74 0.0000
75 0.0000
76 0.0000
77 0.0000
78 0.0000
79 0.0000
80 0.0000
81 0.0000
82 0.0000
83 0.0000
84 0.0000
85 0.0000
86 0.0000
87 0.0000
88 0.0000
89 0.0000
90 0.0000
91 0.0000
92 0.0000
93 0.0000
94 0.0000
95 0.0000
96 0.0000
97 0.0000
98 0.0000
99 0.0000
100 0.0000

=========== Final average value of S-precision@r: =============
0.4000 0.4208
0.4500 0.4001
0.5000 0.3707
0.5500 0.3315
0.6000 0.3116
0.6500 0.2988
0.7000 0.2568
0.7500 0.2393
0.8000 0.2192
0.8500 0.2091
0.9000 0.1997
0.9500 0.1917
1.0000 0.1493

=========== Final average value of F1: =====================
average F1 = 0.6171875

=========== Final average value of Rand Index: =============
average Rand Index = 0.5686458333333335

=========== Final average value of Adjusted Rand Index: ====
average Adj Rand Index = 0.03594730603865743

=========== Final average value of Jaccard Index: ==========
average Jaccard Index = 0.20627425498705057

================ Statistics: ====================================
============ average number of created clusters: 9.01
============ average cluster size: 7.828457698476268
Simulation started at: 15:07 and completed at 15:07
Execution time: 3.644 sec