

=========== Final average value of S-recall@K: =============
1 0.1807
2 0.2449
3 0.2949
4 0.3525
5 0.3934
6 0.4247
7 0.4516
8 0.4797
9 0.5185
10 0.5404
11 0.5548
12 0.5681
13 0.5850
14 0.6042
15 0.6209
16 0.6333
17 0.6584
18 0.6711
19 0.6835
20 0.6977
21 0.7158
22 0.7283
23 0.7317
24 0.7422
25 0.7473
26 0.7569
27 0.7662
28 0.7754
29 0.7825
30 0.7888
31 0.7945
32 0.8013
33 0.8062
34 0.8070
35 0.8155
36 0.8194
37 0.8247
38 0.8339
39 0.8416
40 0.8529
41 0.8676
42 0.8728
43 0.8793
44 0.8872
45 0.8920
46 0.8982
47 0.9034
48 0.9073
49 0.9151
50 0.9182
51 0.9308
52 0.9341
53 0.9385
54 0.9462
55 0.9543
56 0.9596
57 0.9665
58 0.9709
59 0.9794
60 0.9811
61 0.9871
62 0.9918
63 0.9954
64 1.0000
65 0.0000
66 0.0000
67 0.0000
68 0.0000
69 0.0000
70 0.0000
71 0.0000
72 0.0000
73 0.0000
74 0.0000
75 0.0000
76 0.0000
77 0.0000
78 0.0000
79 0.0000
80 0.0000
81 0.0000
82 0.0000
83 0.0000
84 0.0000
85 0.0000
86 0.0000
87 0.0000
88 0.0000
89 0.0000
90 0.0000
91 0.0000
92 0.0000
93 0.0000
94 0.0000
95 0.0000
96 0.0000
97 0.0000
98 0.0000
99 0.0000
100 0.0000

=========== Final average value of S-precision@r: =============
0.4000 0.4188
0.4500 0.3901
0.5000 0.3870
0.5500 0.3477
0.6000 0.3022
0.6500 0.2835
0.7000 0.2535
0.7500 0.2409
0.8000 0.2108
0.8500 0.2078
0.9000 0.1906
0.9500 0.1889
1.0000 0.1563

=========== Final average value of F1: =====================
average F1 = 0.610625

=========== Final average value of Rand Index: =============
average Rand Index = 0.5127083333333333

=========== Final average value of Adjusted Rand Index: ====
average Adj Rand Index = 0.02457088975472312

=========== Final average value of Jaccard Index: ==========
average Jaccard Index = 0.23589935205303939

================ Statistics: ====================================
============ average number of created clusters: 8.46
============ average cluster size: 10.313385344617538
Simulation started at: 14:53 and completed at 14:54
Execution time: 3.227 sec