

=========== Final average value of S-recall@K: =============
1 0.1807
2 0.2515
3 0.2934
4 0.3500
5 0.4083
6 0.4470
7 0.4737
8 0.4998
9 0.5339
10 0.5561
11 0.5773
12 0.5862
13 0.5967
14 0.6128
15 0.6339
16 0.6408
17 0.6553
18 0.6701
19 0.6873
20 0.6931
21 0.6992
22 0.7123
23 0.7255
24 0.7507
25 0.7590
26 0.7626
27 0.7691
28 0.7751
29 0.7824
30 0.7871
31 0.7964
32 0.8051
33 0.8090
34 0.8189
35 0.8251
36 0.8311
37 0.8349
38 0.8428
39 0.8480
40 0.8594
41 0.8657
42 0.8773
43 0.8810
44 0.8851
45 0.8943
46 0.9002
47 0.9054
48 0.9104
49 0.9149
50 0.9164
51 0.9190
52 0.9227
53 0.9275
54 0.9377
55 0.9434
56 0.9534
57 0.9608
58 0.9647
59 0.9724
60 0.9803
61 0.9847
62 0.9890
63 0.9930
64 1.0000
65 0.0000
66 0.0000
67 0.0000
68 0.0000
69 0.0000
70 0.0000
71 0.0000
72 0.0000
73 0.0000
74 0.0000
75 0.0000
76 0.0000
77 0.0000
78 0.0000
79 0.0000
80 0.0000
81 0.0000
82 0.0000
83 0.0000
84 0.0000
85 0.0000
86 0.0000
87 0.0000
88 0.0000
89 0.0000
90 0.0000
91 0.0000
92 0.0000
93 0.0000
94 0.0000
95 0.0000
96 0.0000
97 0.0000
98 0.0000
99 0.0000
100 0.0000

=========== Final average value of S-precision@r: =============
0.4000 0.4515
0.4500 0.4082
0.5000 0.4181
0.5500 0.3627
0.6000 0.3188
0.6500 0.2969
0.7000 0.2606
0.7500 0.2385
0.8000 0.2222
0.8500 0.2058
0.9000 0.2019
0.9500 0.1840
1.0000 0.1563

=========== Final average value of F1: =====================
average F1 = 0.62078125

=========== Final average value of Rand Index: =============
average Rand Index = 0.49388888888888893

=========== Final average value of Adjusted Rand Index: ====
average Adj Rand Index = 0.027158859845752094

=========== Final average value of Jaccard Index: ==========
average Jaccard Index = 0.29906460846950744

================ Statistics: ====================================
============ average number of created clusters: 10.06
============ average cluster size: 9.780552489134529
Simulation started at: 14:48 and completed at 14:49
Execution time: 3.4 sec