

=========== Final average value of S-recall@K: =============
1 0.1807
2 0.2517
3 0.3078
4 0.3574
5 0.4008
6 0.4464
7 0.4786
8 0.5042
9 0.5223
10 0.5489
11 0.5617
12 0.5837
13 0.6013
14 0.6133
15 0.6342
16 0.6534
17 0.6653
18 0.6756
19 0.6869
20 0.6995
21 0.7094
22 0.7116
23 0.7282
24 0.7402
25 0.7485
26 0.7564
27 0.7661
28 0.7759
29 0.7868
30 0.8006
31 0.8051
32 0.8130
33 0.8150
34 0.8212
35 0.8283
36 0.8352
37 0.8414
38 0.8493
39 0.8642
40 0.8703
41 0.8792
42 0.8847
43 0.8902
44 0.8962
45 0.9019
46 0.9048
47 0.9062
48 0.9131
49 0.9193
50 0.9230
51 0.9279
52 0.9321
53 0.9438
54 0.9514
55 0.9586
56 0.9620
57 0.9685
58 0.9743
59 0.9807
60 0.9885
61 0.9919
62 0.9932
63 0.9956
64 1.0000
65 0.0000
66 0.0000
67 0.0000
68 0.0000
69 0.0000
70 0.0000
71 0.0000
72 0.0000
73 0.0000
74 0.0000
75 0.0000
76 0.0000
77 0.0000
78 0.0000
79 0.0000
80 0.0000
81 0.0000
82 0.0000
83 0.0000
84 0.0000
85 0.0000
86 0.0000
87 0.0000
88 0.0000
89 0.0000
90 0.0000
91 0.0000
92 0.0000
93 0.0000
94 0.0000
95 0.0000
96 0.0000
97 0.0000
98 0.0000
99 0.0000
100 0.0000

=========== Final average value of S-precision@r: =============
0.4000 0.4253
0.4500 0.4261
0.5000 0.4089
0.5500 0.3310
0.6000 0.3109
0.6500 0.3039
0.7000 0.2562
0.7500 0.2424
0.8000 0.2276
0.8500 0.2105
0.9000 0.1952
0.9500 0.1927
1.0000 0.1563

=========== Final average value of F1: =====================
average F1 = 0.61734375

=========== Final average value of Rand Index: =============
average Rand Index = 0.5204017857142857

=========== Final average value of Adjusted Rand Index: ====
average Adj Rand Index = 0.03371930985094987

=========== Final average value of Jaccard Index: ==========
average Jaccard Index = 0.24736198644591842

================ Statistics: ====================================
============ average number of created clusters: 9.3
============ average cluster size: 9.192972817344332
Simulation started at: 14:51 and completed at 14:51
Execution time: 3.601 sec