

=========== Final average value of S-recall@K: =============
1 0.1807
2 0.2512
3 0.2971
4 0.3473
5 0.3845
6 0.4229
7 0.4586
8 0.4884
9 0.5134
10 0.5424
11 0.5629
12 0.5806
13 0.5979
14 0.6137
15 0.6292
16 0.6391
17 0.6552
18 0.6675
19 0.6803
20 0.6854
21 0.6927
22 0.7125
23 0.7245
24 0.7330
25 0.7417
26 0.7514
27 0.7616
28 0.7699
29 0.7740
30 0.7809
31 0.7842
32 0.7878
33 0.7978
34 0.8109
35 0.8214
36 0.8228
37 0.8277
38 0.8341
39 0.8379
40 0.8488
41 0.8538
42 0.8610
43 0.8708
44 0.8879
45 0.8972
46 0.9014
47 0.9092
48 0.9152
49 0.9206
50 0.9266
51 0.9338
52 0.9347
53 0.9352
54 0.9395
55 0.9439
56 0.9499
57 0.9602
58 0.9691
59 0.9747
60 0.9803
61 0.9848
62 0.9906
63 0.9950
64 1.0000
65 0.0000
66 0.0000
67 0.0000
68 0.0000
69 0.0000
70 0.0000
71 0.0000
72 0.0000
73 0.0000
74 0.0000
75 0.0000
76 0.0000
77 0.0000
78 0.0000
79 0.0000
80 0.0000
81 0.0000
82 0.0000
83 0.0000
84 0.0000
85 0.0000
86 0.0000
87 0.0000
88 0.0000
89 0.0000
90 0.0000
91 0.0000
92 0.0000
93 0.0000
94 0.0000
95 0.0000
96 0.0000
97 0.0000
98 0.0000
99 0.0000
100 0.0000

=========== Final average value of S-precision@r: =============
0.4000 0.4062
0.4500 0.4064
0.5000 0.3773
0.5500 0.3284
0.6000 0.3048
0.6500 0.2687
0.7000 0.2533
0.7500 0.2198
0.8000 0.2139
0.8500 0.1969
0.9000 0.1885
0.9500 0.1748
1.0000 0.1563

=========== Final average value of F1: =====================
average F1 = 0.61234375

=========== Final average value of Rand Index: =============
average Rand Index = 0.5320386904761903

=========== Final average value of Adjusted Rand Index: ====
average Adj Rand Index = 0.025996665019993256

=========== Final average value of Jaccard Index: ==========
average Jaccard Index = 0.24016863429104152

================ Statistics: ====================================
============ average number of created clusters: 8.08
============ average cluster size: 10.960233973113224
Simulation started at: 14:56 and completed at 14:56
Execution time: 3.643 sec