

=========== Final average value of S-recall@K: =============
1 0.1807
2 0.2540
3 0.3040
4 0.3646
5 0.4176
6 0.4453
7 0.4670
8 0.4929
9 0.5264
10 0.5464
11 0.5657
12 0.5819
13 0.5950
14 0.6118
15 0.6206
16 0.6363
17 0.6491
18 0.6648
19 0.6789
20 0.6913
21 0.6990
22 0.7140
23 0.7238
24 0.7345
25 0.7460
26 0.7518
27 0.7611
28 0.7758
29 0.7870
30 0.7999
31 0.8067
32 0.8140
33 0.8190
34 0.8327
35 0.8384
36 0.8433
37 0.8516
38 0.8562
39 0.8634
40 0.8714
41 0.8772
42 0.8870
43 0.8931
44 0.9026
45 0.9064
46 0.9135
47 0.9178
48 0.9226
49 0.9262
50 0.9306
51 0.9317
52 0.9343
53 0.9369
54 0.9434
55 0.9490
56 0.9636
57 0.9670
58 0.9731
59 0.9761
60 0.9838
61 0.9870
62 0.9912
63 0.9947
64 1.0000
65 0.0000
66 0.0000
67 0.0000
68 0.0000
69 0.0000
70 0.0000
71 0.0000
72 0.0000
73 0.0000
74 0.0000
75 0.0000
76 0.0000
77 0.0000
78 0.0000
79 0.0000
80 0.0000
81 0.0000
82 0.0000
83 0.0000
84 0.0000
85 0.0000
86 0.0000
87 0.0000
88 0.0000
89 0.0000
90 0.0000
91 0.0000
92 0.0000
93 0.0000
94 0.0000
95 0.0000
96 0.0000
97 0.0000
98 0.0000
99 0.0000
100 0.0000

=========== Final average value of S-precision@r: =============
0.4000 0.4162
0.4500 0.4035
0.5000 0.3901
0.5500 0.3760
0.6000 0.3168
0.6500 0.2945
0.7000 0.2646
0.7500 0.2366
0.8000 0.2368
0.8500 0.2133
0.9000 0.2008
0.9500 0.1953
1.0000 0.1563

=========== Final average value of F1: =====================
average F1 = 0.62578125

=========== Final average value of Rand Index: =============
average Rand Index = 0.49313988095238104

=========== Final average value of Adjusted Rand Index: ====
average Adj Rand Index = 0.0325928081059281

=========== Final average value of Jaccard Index: ==========
average Jaccard Index = 0.2858720155474327

================ Statistics: ====================================
============ average number of created clusters: 10.6
============ average cluster size: 9.01251078058508
Simulation started at: 14:49 and completed at 14:49
Execution time: 4.527 sec