

=========== Final average value of S-recall@K: =============
1 0.1807
2 0.2441
3 0.3061
4 0.3604
5 0.4015
6 0.4407
7 0.4613
8 0.4839
9 0.5053
10 0.5317
11 0.5527
12 0.5764
13 0.6014
14 0.6210
15 0.6414
16 0.6493
17 0.6672
18 0.6820
19 0.6935
20 0.7010
21 0.7095
22 0.7199
23 0.7273
24 0.7364
25 0.7417
26 0.7552
27 0.7681
28 0.7725
29 0.7776
30 0.7819
31 0.7915
32 0.7985
33 0.8072
34 0.8207
35 0.8242
36 0.8302
37 0.8337
38 0.8399
39 0.8496
40 0.8587
41 0.8638
42 0.8734
43 0.8792
44 0.8888
45 0.8936
46 0.8974
47 0.9011
48 0.9069
49 0.9161
50 0.9178
51 0.9245
52 0.9365
53 0.9413
54 0.9494
55 0.9535
56 0.9647
57 0.9726
58 0.9816
59 0.9836
60 0.9870
61 0.9913
62 0.9933
63 0.9947
64 1.0000
65 0.0000
66 0.0000
67 0.0000
68 0.0000
69 0.0000
70 0.0000
71 0.0000
72 0.0000
73 0.0000
74 0.0000
75 0.0000
76 0.0000
77 0.0000
78 0.0000
79 0.0000
80 0.0000
81 0.0000
82 0.0000
83 0.0000
84 0.0000
85 0.0000
86 0.0000
87 0.0000
88 0.0000
89 0.0000
90 0.0000
91 0.0000
92 0.0000
93 0.0000
94 0.0000
95 0.0000
96 0.0000
97 0.0000
98 0.0000
99 0.0000
100 0.0000

=========== Final average value of S-precision@r: =============
0.4000 0.4053
0.4500 0.3904
0.5000 0.3810
0.5500 0.3398
0.6000 0.3060
0.6500 0.2742
0.7000 0.2511
0.7500 0.2501
0.8000 0.2305
0.8500 0.2051
0.9000 0.1941
0.9500 0.1933
1.0000 0.1563

=========== Final average value of F1: =====================
average F1 = 0.61328125

=========== Final average value of Rand Index: =============
average Rand Index = 0.5653621031746031

=========== Final average value of Adjusted Rand Index: ====
average Adj Rand Index = 0.03579957615046826

=========== Final average value of Jaccard Index: ==========
average Jaccard Index = 0.20637091529972235

================ Statistics: ====================================
============ average number of created clusters: 8.8
============ average cluster size: 8.068621090639661
Simulation started at: 15:08 and completed at 15:08
Execution time: 3.655 sec