

=========== Final average value of S-recall@K: =============
1 0.1807
2 0.2508
3 0.3139
4 0.3570
5 0.3983
6 0.4309
7 0.4577
8 0.4782
9 0.5084
10 0.5323
11 0.5572
12 0.5830
13 0.5982
14 0.6169
15 0.6337
16 0.6481
17 0.6626
18 0.6791
19 0.6916
20 0.6975
21 0.7047
22 0.7172
23 0.7239
24 0.7323
25 0.7386
26 0.7460
27 0.7556
28 0.7646
29 0.7742
30 0.7797
31 0.7930
32 0.8029
33 0.8141
34 0.8277
35 0.8350
36 0.8432
37 0.8467
38 0.8545
39 0.8604
40 0.8662
41 0.8714
42 0.8799
43 0.8864
44 0.8900
45 0.8941
46 0.8983
47 0.9030
48 0.9087
49 0.9141
50 0.9172
51 0.9221
52 0.9236
53 0.9298
54 0.9360
55 0.9419
56 0.9507
57 0.9567
58 0.9695
59 0.9723
60 0.9810
61 0.9894
62 0.9915
63 0.9934
64 1.0000
65 0.0000
66 0.0000
67 0.0000
68 0.0000
69 0.0000
70 0.0000
71 0.0000
72 0.0000
73 0.0000
74 0.0000
75 0.0000
76 0.0000
77 0.0000
78 0.0000
79 0.0000
80 0.0000
81 0.0000
82 0.0000
83 0.0000
84 0.0000
85 0.0000
86 0.0000
87 0.0000
88 0.0000
89 0.0000
90 0.0000
91 0.0000
92 0.0000
93 0.0000
94 0.0000
95 0.0000
96 0.0000
97 0.0000
98 0.0000
99 0.0000
100 0.0000

=========== Final average value of S-precision@r: =============
0.4000 0.4234
0.4500 0.4147
0.5000 0.3978
0.5500 0.3432
0.6000 0.2948
0.6500 0.2868
0.7000 0.2616
0.7500 0.2365
0.8000 0.2113
0.8500 0.2081
0.9000 0.2025
0.9500 0.1796
1.0000 0.1493

=========== Final average value of F1: =====================
average F1 = 0.615

=========== Final average value of Rand Index: =============
average Rand Index = 0.563799603174603

=========== Final average value of Adjusted Rand Index: ====
average Adj Rand Index = 0.03164528325934258

=========== Final average value of Jaccard Index: ==========
average Jaccard Index = 0.2016122961100828

================ Statistics: ====================================
============ average number of created clusters: 8.74
============ average cluster size: 7.97228105228105
Simulation started at: 15:08 and completed at 15:08
Execution time: 3.28 sec