

=========== Final average value of S-recall@K: =============
1 0.1807
2 0.2577
3 0.3085
4 0.3527
5 0.3979
6 0.4426
7 0.4715
8 0.5029
9 0.5402
10 0.5607
11 0.5796
12 0.6091
13 0.6289
14 0.6412
15 0.6617
16 0.6736
17 0.6869
18 0.7012
19 0.7062
20 0.7210
21 0.7419
22 0.7614
23 0.7705
24 0.7830
25 0.7895
26 0.7924
27 0.7951
28 0.8039
29 0.8077
30 0.8135
31 0.8199
32 0.8259
33 0.8313
34 0.8367
35 0.8395
36 0.8456
37 0.8524
38 0.8564
39 0.8620
40 0.8660
41 0.8695
42 0.8766
43 0.8859
44 0.8913
45 0.8962
46 0.8996
47 0.9057
48 0.9101
49 0.9144
50 0.9177
51 0.9241
52 0.9273
53 0.9334
54 0.9442
55 0.9505
56 0.9546
57 0.9573
58 0.9661
59 0.9735
60 0.9785
61 0.9859
62 0.9912
63 0.9947
64 1.0000
65 0.0000
66 0.0000
67 0.0000
68 0.0000
69 0.0000
70 0.0000
71 0.0000
72 0.0000
73 0.0000
74 0.0000
75 0.0000
76 0.0000
77 0.0000
78 0.0000
79 0.0000
80 0.0000
81 0.0000
82 0.0000
83 0.0000
84 0.0000
85 0.0000
86 0.0000
87 0.0000
88 0.0000
89 0.0000
90 0.0000
91 0.0000
92 0.0000
93 0.0000
94 0.0000
95 0.0000
96 0.0000
97 0.0000
98 0.0000
99 0.0000
100 0.0000

=========== Final average value of S-precision@r: =============
0.4000 0.4413
0.4500 0.4437
0.5000 0.4319
0.5500 0.3880
0.6000 0.3421
0.6500 0.3193
0.7000 0.2834
0.7500 0.2575
0.8000 0.2396
0.8500 0.2166
0.9000 0.2065
0.9500 0.1963
1.0000 0.1563

=========== Final average value of F1: =====================
average F1 = 0.61640625

=========== Final average value of Rand Index: =============
average Rand Index = 0.5144246031746033

=========== Final average value of Adjusted Rand Index: ====
average Adj Rand Index = 0.03915813729943985

=========== Final average value of Jaccard Index: ==========
average Jaccard Index = 0.3012594427242229

================ Statistics: ====================================
============ average number of created clusters: 9.11
============ average cluster size: 10.500533019096483
Simulation started at: 15:02 and completed at 15:03
Execution time: 3.662 sec