

=========== Final average value of S-recall@K: =============
1 0.1807
2 0.2530
3 0.3178
4 0.3639
5 0.4077
6 0.4439
7 0.4909
8 0.5116
9 0.5305
10 0.5550
11 0.5686
12 0.5787
13 0.6018
14 0.6137
15 0.6328
16 0.6502
17 0.6725
18 0.6841
19 0.6965
20 0.7070
21 0.7138
22 0.7193
23 0.7305
24 0.7452
25 0.7524
26 0.7628
27 0.7664
28 0.7729
29 0.7787
30 0.7904
31 0.7970
32 0.8044
33 0.8098
34 0.8169
35 0.8295
36 0.8354
37 0.8435
38 0.8467
39 0.8553
40 0.8581
41 0.8630
42 0.8658
43 0.8757
44 0.8789
45 0.8823
46 0.8906
47 0.8970
48 0.8994
49 0.9049
50 0.9112
51 0.9165
52 0.9225
53 0.9339
54 0.9483
55 0.9570
56 0.9631
57 0.9673
58 0.9756
59 0.9796
60 0.9817
61 0.9849
62 0.9873
63 0.9917
64 1.0000
65 0.0000
66 0.0000
67 0.0000
68 0.0000
69 0.0000
70 0.0000
71 0.0000
72 0.0000
73 0.0000
74 0.0000
75 0.0000
76 0.0000
77 0.0000
78 0.0000
79 0.0000
80 0.0000
81 0.0000
82 0.0000
83 0.0000
84 0.0000
85 0.0000
86 0.0000
87 0.0000
88 0.0000
89 0.0000
90 0.0000
91 0.0000
92 0.0000
93 0.0000
94 0.0000
95 0.0000
96 0.0000
97 0.0000
98 0.0000
99 0.0000
100 0.0000

=========== Final average value of S-precision@r: =============
0.4000 0.4424
0.4500 0.4036
0.5000 0.3840
0.5500 0.3728
0.6000 0.3292
0.6500 0.3092
0.7000 0.2697
0.7500 0.2462
0.8000 0.2305
0.8500 0.2033
0.9000 0.1895
0.9500 0.1832
1.0000 0.1502

=========== Final average value of F1: =====================
average F1 = 0.61703125

=========== Final average value of Rand Index: =============
average Rand Index = 0.5610813492063492

=========== Final average value of Adjusted Rand Index: ====
average Adj Rand Index = 0.03902757568382387

=========== Final average value of Jaccard Index: ==========
average Jaccard Index = 0.20498842151121383

================ Statistics: ====================================
============ average number of created clusters: 9.58
============ average cluster size: 7.506126995811202
Simulation started at: 15:06 and completed at 15:06
Execution time: 4.454 sec