

=========== Final average value of S-recall@K: =============
1 0.1807
2 0.2560
3 0.3033
4 0.3617
5 0.4093
6 0.4408
7 0.4689
8 0.4917
9 0.5197
10 0.5436
11 0.5636
12 0.5798
13 0.5915
14 0.6144
15 0.6287
16 0.6424
17 0.6514
18 0.6676
19 0.6749
20 0.6854
21 0.7018
22 0.7146
23 0.7278
24 0.7434
25 0.7495
26 0.7584
27 0.7685
28 0.7777
29 0.7876
30 0.7990
31 0.8022
32 0.8057
33 0.8124
34 0.8189
35 0.8284
36 0.8327
37 0.8423
38 0.8495
39 0.8528
40 0.8635
41 0.8681
42 0.8765
43 0.8816
44 0.8856
45 0.8910
46 0.8948
47 0.8984
48 0.9039
49 0.9085
50 0.9151
51 0.9171
52 0.9197
53 0.9234
54 0.9299
55 0.9353
56 0.9463
57 0.9521
58 0.9624
59 0.9704
60 0.9793
61 0.9825
62 0.9873
63 0.9914
64 1.0000
65 0.0000
66 0.0000
67 0.0000
68 0.0000
69 0.0000
70 0.0000
71 0.0000
72 0.0000
73 0.0000
74 0.0000
75 0.0000
76 0.0000
77 0.0000
78 0.0000
79 0.0000
80 0.0000
81 0.0000
82 0.0000
83 0.0000
84 0.0000
85 0.0000
86 0.0000
87 0.0000
88 0.0000
89 0.0000
90 0.0000
91 0.0000
92 0.0000
93 0.0000
94 0.0000
95 0.0000
96 0.0000
97 0.0000
98 0.0000
99 0.0000
100 0.0000

=========== Final average value of S-precision@r: =============
0.4000 0.4326
0.4500 0.3868
0.5000 0.4167
0.5500 0.3446
0.6000 0.3210
0.6500 0.3018
0.7000 0.2697
0.7500 0.2414
0.8000 0.2332
0.8500 0.2198
0.9000 0.2090
0.9500 0.1846
1.0000 0.1563

=========== Final average value of F1: =====================
average F1 = 0.6209375

=========== Final average value of Rand Index: =============
average Rand Index = 0.4947867063492064

=========== Final average value of Adjusted Rand Index: ====
average Adj Rand Index = 0.0282725040713578

=========== Final average value of Jaccard Index: ==========
average Jaccard Index = 0.28775002259202376

================ Statistics: ====================================
============ average number of created clusters: 10.11
============ average cluster size: 9.359913440532631
Simulation started at: 14:49 and completed at 14:49
Execution time: 3.462 sec