

=========== Final average value of S-recall@K: =============
1 0.1807
2 0.2518
3 0.3180
4 0.3664
5 0.4153
6 0.4464
7 0.4665
8 0.4919
9 0.5134
10 0.5321
11 0.5550
12 0.5733
13 0.5918
14 0.6072
15 0.6253
16 0.6315
17 0.6405
18 0.6589
19 0.6766
20 0.6834
21 0.6940
22 0.7091
23 0.7201
24 0.7379
25 0.7440
26 0.7552
27 0.7686
28 0.7754
29 0.7811
30 0.7846
31 0.7909
32 0.7972
33 0.7993
34 0.8098
35 0.8192
36 0.8269
37 0.8346
38 0.8446
39 0.8469
40 0.8554
41 0.8605
42 0.8690
43 0.8771
44 0.8838
45 0.8922
46 0.8952
47 0.9006
48 0.9051
49 0.9088
50 0.9128
51 0.9179
52 0.9213
53 0.9278
54 0.9372
55 0.9435
56 0.9503
57 0.9583
58 0.9651
59 0.9688
60 0.9776
61 0.9807
62 0.9866
63 0.9913
64 1.0000
65 0.0000
66 0.0000
67 0.0000
68 0.0000
69 0.0000
70 0.0000
71 0.0000
72 0.0000
73 0.0000
74 0.0000
75 0.0000
76 0.0000
77 0.0000
78 0.0000
79 0.0000
80 0.0000
81 0.0000
82 0.0000
83 0.0000
84 0.0000
85 0.0000
86 0.0000
87 0.0000
88 0.0000
89 0.0000
90 0.0000
91 0.0000
92 0.0000
93 0.0000
94 0.0000
95 0.0000
96 0.0000
97 0.0000
98 0.0000
99 0.0000
100 0.0000

=========== Final average value of S-precision@r: =============
0.4000 0.4151
0.4500 0.4000
0.5000 0.3968
0.5500 0.3355
0.6000 0.3051
0.6500 0.2798
0.7000 0.2603
0.7500 0.2300
0.8000 0.2291
0.8500 0.2055
0.9000 0.2051
0.9500 0.1918
1.0000 0.1563

=========== Final average value of F1: =====================
average F1 = 0.623125

=========== Final average value of Rand Index: =============
average Rand Index = 0.4875396825396827

=========== Final average value of Adjusted Rand Index: ====
average Adj Rand Index = 0.02806367232675304

=========== Final average value of Jaccard Index: ==========
average Jaccard Index = 0.3069047942977482

================ Statistics: ====================================
============ average number of created clusters: 9.68
============ average cluster size: 9.804884235819216
Simulation started at: 14:48 and completed at 14:48
Execution time: 3.423 sec