

=========== Final average value of S-recall@K: =============
1 0.1807
2 0.2610
3 0.3112
4 0.3715
5 0.4086
6 0.4505
7 0.4840
8 0.5120
9 0.5330
10 0.5555
11 0.5765
12 0.5949
13 0.6038
14 0.6191
15 0.6334
16 0.6455
17 0.6557
18 0.6684
19 0.6823
20 0.6929
21 0.7077
22 0.7152
23 0.7303
24 0.7351
25 0.7469
26 0.7578
27 0.7805
28 0.7895
29 0.8073
30 0.8185
31 0.8264
32 0.8282
33 0.8340
34 0.8420
35 0.8496
36 0.8530
37 0.8568
38 0.8603
39 0.8629
40 0.8719
41 0.8793
42 0.8891
43 0.8940
44 0.9018
45 0.9100
46 0.9174
47 0.9234
48 0.9291
49 0.9377
50 0.9439
51 0.9456
52 0.9491
53 0.9524
54 0.9558
55 0.9585
56 0.9637
57 0.9681
58 0.9714
59 0.9760
60 0.9845
61 0.9852
62 0.9916
63 0.9916
64 1.0000
65 0.0000
66 0.0000
67 0.0000
68 0.0000
69 0.0000
70 0.0000
71 0.0000
72 0.0000
73 0.0000
74 0.0000
75 0.0000
76 0.0000
77 0.0000
78 0.0000
79 0.0000
80 0.0000
81 0.0000
82 0.0000
83 0.0000
84 0.0000
85 0.0000
86 0.0000
87 0.0000
88 0.0000
89 0.0000
90 0.0000
91 0.0000
92 0.0000
93 0.0000
94 0.0000
95 0.0000
96 0.0000
97 0.0000
98 0.0000
99 0.0000
100 0.0000

=========== Final average value of S-precision@r: =============
0.4000 0.4164
0.4500 0.4207
0.5000 0.4041
0.5500 0.3481
0.6000 0.3244
0.6500 0.3002
0.7000 0.2711
0.7500 0.2356
0.8000 0.2264
0.8500 0.2219
0.9000 0.1954
0.9500 0.1894
1.0000 0.1493

=========== Final average value of F1: =====================
average F1 = 0.6440625

=========== Final average value of Rand Index: =============
average Rand Index = 0.5523115079365077

=========== Final average value of Adjusted Rand Index: ====
average Adj Rand Index = 0.0467393665173578

=========== Final average value of Jaccard Index: ==========
average Jaccard Index = 0.23203504707003805

================ Statistics: ====================================
============ average number of created clusters: 12.38
============ average cluster size: 6.25046088139586
Simulation started at: 15:04 and completed at 15:04
Execution time: 3.483 sec