

=========== Final average value of S-recall@K: =============
1 0.1807
2 0.2584
3 0.3124
4 0.3617
5 0.4142
6 0.4485
7 0.4756
8 0.5061
9 0.5350
10 0.5553
11 0.5752
12 0.5905
13 0.6049
14 0.6233
15 0.6362
16 0.6487
17 0.6589
18 0.6677
19 0.6790
20 0.6926
21 0.7080
22 0.7153
23 0.7298
24 0.7392
25 0.7558
26 0.7669
27 0.7721
28 0.7820
29 0.7895
30 0.8013
31 0.8130
32 0.8222
33 0.8267
34 0.8308
35 0.8393
36 0.8399
37 0.8481
38 0.8549
39 0.8658
40 0.8725
41 0.8822
42 0.8889
43 0.8943
44 0.8976
45 0.9032
46 0.9099
47 0.9117
48 0.9153
49 0.9182
50 0.9226
51 0.9252
52 0.9284
53 0.9327
54 0.9418
55 0.9461
56 0.9604
57 0.9664
58 0.9724
59 0.9778
60 0.9845
61 0.9884
62 0.9928
63 0.9946
64 1.0000
65 0.0000
66 0.0000
67 0.0000
68 0.0000
69 0.0000
70 0.0000
71 0.0000
72 0.0000
73 0.0000
74 0.0000
75 0.0000
76 0.0000
77 0.0000
78 0.0000
79 0.0000
80 0.0000
81 0.0000
82 0.0000
83 0.0000
84 0.0000
85 0.0000
86 0.0000
87 0.0000
88 0.0000
89 0.0000
90 0.0000
91 0.0000
92 0.0000
93 0.0000
94 0.0000
95 0.0000
96 0.0000
97 0.0000
98 0.0000
99 0.0000
100 0.0000

=========== Final average value of S-precision@r: =============
0.4000 0.4391
0.4500 0.4068
0.5000 0.3807
0.5500 0.3519
0.6000 0.3164
0.6500 0.3023
0.7000 0.2702
0.7500 0.2538
0.8000 0.2282
0.8500 0.2154
0.9000 0.2033
0.9500 0.1891
1.0000 0.1563

=========== Final average value of F1: =====================
average F1 = 0.6246875

=========== Final average value of Rand Index: =============
average Rand Index = 0.5243849206349206

=========== Final average value of Adjusted Rand Index: ====
average Adj Rand Index = 0.034522611388366

=========== Final average value of Jaccard Index: ==========
average Jaccard Index = 0.2587592287702646

================ Statistics: ====================================
============ average number of created clusters: 10.3
============ average cluster size: 8.346490999196876
Simulation started at: 14:50 and completed at 14:50
Execution time: 3.362 sec