

=========== Final average value of S-recall@K: =============
1 0.1807
2 0.2566
3 0.3005
4 0.3498
5 0.3866
6 0.4265
7 0.4545
8 0.4812
9 0.5058
10 0.5285
11 0.5472
12 0.5702
13 0.5879
14 0.6060
15 0.6222
16 0.6315
17 0.6453
18 0.6540
19 0.6726
20 0.6856
21 0.6942
22 0.7127
23 0.7198
24 0.7261
25 0.7382
26 0.7448
27 0.7591
28 0.7687
29 0.7746
30 0.7820
31 0.7890
32 0.7998
33 0.8073
34 0.8162
35 0.8205
36 0.8262
37 0.8424
38 0.8463
39 0.8593
40 0.8651
41 0.8695
42 0.8733
43 0.8831
44 0.8924
45 0.8960
46 0.9021
47 0.9052
48 0.9119
49 0.9166
50 0.9219
51 0.9381
52 0.9400
53 0.9434
54 0.9439
55 0.9487
56 0.9536
57 0.9596
58 0.9681
59 0.9778
60 0.9816
61 0.9849
62 0.9890
63 0.9941
64 1.0000
65 0.0000
66 0.0000
67 0.0000
68 0.0000
69 0.0000
70 0.0000
71 0.0000
72 0.0000
73 0.0000
74 0.0000
75 0.0000
76 0.0000
77 0.0000
78 0.0000
79 0.0000
80 0.0000
81 0.0000
82 0.0000
83 0.0000
84 0.0000
85 0.0000
86 0.0000
87 0.0000
88 0.0000
89 0.0000
90 0.0000
91 0.0000
92 0.0000
93 0.0000
94 0.0000
95 0.0000
96 0.0000
97 0.0000
98 0.0000
99 0.0000
100 0.0000

=========== Final average value of S-precision@r: =============
0.4000 0.4206
0.4500 0.4111
0.5000 0.3620
0.5500 0.3219
0.6000 0.2859
0.6500 0.2785
0.7000 0.2453
0.7500 0.2252
0.8000 0.2095
0.8500 0.1961
0.9000 0.1922
0.9500 0.1803
1.0000 0.1563

=========== Final average value of F1: =====================
average F1 = 0.6071875

=========== Final average value of Rand Index: =============
average Rand Index = 0.5275595238095235

=========== Final average value of Adjusted Rand Index: ====
average Adj Rand Index = 0.02333756052651633

=========== Final average value of Jaccard Index: ==========
average Jaccard Index = 0.24908905852485075

================ Statistics: ====================================
============ average number of created clusters: 7.7
============ average cluster size: 11.137055206231674
Simulation started at: 14:57 and completed at 14:57
Execution time: 4.729 sec