

=========== Final average value of S-recall@K: =============
1 0.1807
2 0.2472
3 0.3003
4 0.3385
5 0.3851
6 0.4156
7 0.4596
8 0.4865
9 0.5138
10 0.5410
11 0.5608
12 0.5787
13 0.5943
14 0.6060
15 0.6202
16 0.6296
17 0.6450
18 0.6545
19 0.6645
20 0.6762
21 0.6902
22 0.7102
23 0.7229
24 0.7365
25 0.7463
26 0.7513
27 0.7626
28 0.7681
29 0.7773
30 0.7861
31 0.7900
32 0.8000
33 0.8085
34 0.8104
35 0.8133
36 0.8162
37 0.8287
38 0.8423
39 0.8474
40 0.8571
41 0.8628
42 0.8688
43 0.8789
44 0.8891
45 0.8940
46 0.9034
47 0.9079
48 0.9108
49 0.9153
50 0.9192
51 0.9272
52 0.9332
53 0.9365
54 0.9401
55 0.9507
56 0.9544
57 0.9606
58 0.9656
59 0.9732
60 0.9795
61 0.9834
62 0.9875
63 0.9914
64 1.0000
65 0.0000
66 0.0000
67 0.0000
68 0.0000
69 0.0000
70 0.0000
71 0.0000
72 0.0000
73 0.0000
74 0.0000
75 0.0000
76 0.0000
77 0.0000
78 0.0000
79 0.0000
80 0.0000
81 0.0000
82 0.0000
83 0.0000
84 0.0000
85 0.0000
86 0.0000
87 0.0000
88 0.0000
89 0.0000
90 0.0000
91 0.0000
92 0.0000
93 0.0000
94 0.0000
95 0.0000
96 0.0000
97 0.0000
98 0.0000
99 0.0000
100 0.0000

=========== Final average value of S-precision@r: =============
0.4000 0.3905
0.4500 0.3758
0.5000 0.3530
0.5500 0.3203
0.6000 0.2931
0.6500 0.2761
0.7000 0.2523
0.7500 0.2278
0.8000 0.2196
0.8500 0.2021
0.9000 0.1880
0.9500 0.1814
1.0000 0.1563

=========== Final average value of F1: =====================
average F1 = 0.60578125

=========== Final average value of Rand Index: =============
average Rand Index = 0.5223611111111112

=========== Final average value of Adjusted Rand Index: ====
average Adj Rand Index = 0.020239242830911143

=========== Final average value of Jaccard Index: ==========
average Jaccard Index = 0.24464926864866346

================ Statistics: ====================================
============ average number of created clusters: 7.84
============ average cluster size: 11.061987330866582
Simulation started at: 14:56 and completed at 14:56
Execution time: 3.152 sec