

=========== Final average value of S-recall@K: =============
1 0.1807
2 0.2461
3 0.2992
4 0.3590
5 0.4097
6 0.4362
7 0.4603
8 0.4938
9 0.5255
10 0.5549
11 0.5718
12 0.5895
13 0.6042
14 0.6236
15 0.6363
16 0.6514
17 0.6633
18 0.6771
19 0.6871
20 0.6970
21 0.7082
22 0.7172
23 0.7263
24 0.7319
25 0.7423
26 0.7500
27 0.7559
28 0.7736
29 0.7807
30 0.7951
31 0.8041
32 0.8118
33 0.8171
34 0.8224
35 0.8318
36 0.8360
37 0.8453
38 0.8481
39 0.8603
40 0.8695
41 0.8744
42 0.8795
43 0.8842
44 0.8864
45 0.8930
46 0.9006
47 0.9049
48 0.9134
49 0.9191
50 0.9225
51 0.9326
52 0.9360
53 0.9401
54 0.9438
55 0.9515
56 0.9584
57 0.9645
58 0.9705
59 0.9747
60 0.9784
61 0.9850
62 0.9886
63 0.9930
64 1.0000
65 0.0000
66 0.0000
67 0.0000
68 0.0000
69 0.0000
70 0.0000
71 0.0000
72 0.0000
73 0.0000
74 0.0000
75 0.0000
76 0.0000
77 0.0000
78 0.0000
79 0.0000
80 0.0000
81 0.0000
82 0.0000
83 0.0000
84 0.0000
85 0.0000
86 0.0000
87 0.0000
88 0.0000
89 0.0000
90 0.0000
91 0.0000
92 0.0000
93 0.0000
94 0.0000
95 0.0000
96 0.0000
97 0.0000
98 0.0000
99 0.0000
100 0.0000

=========== Final average value of S-precision@r: =============
0.4000 0.4421
0.4500 0.4338
0.5000 0.3926
0.5500 0.3408
0.6000 0.3078
0.6500 0.2931
0.7000 0.2485
0.7500 0.2373
0.8000 0.2193
0.8500 0.2020
0.9000 0.1937
0.9500 0.1852
1.0000 0.1493

=========== Final average value of F1: =====================
average F1 = 0.6159375

=========== Final average value of Rand Index: =============
average Rand Index = 0.5234126984126983

=========== Final average value of Adjusted Rand Index: ====
average Adj Rand Index = 0.038494878428382666

=========== Final average value of Jaccard Index: ==========
average Jaccard Index = 0.24256179743793915

================ Statistics: ====================================
============ average number of created clusters: 9.14
============ average cluster size: 9.333120408315452
Simulation started at: 14:52 and completed at 14:52
Execution time: 4.646 sec