

=========== Final average value of S-recall@K: =============
1 0.1807
2 0.2513
3 0.2962
4 0.3389
5 0.3710
6 0.3966
7 0.4257
8 0.4513
9 0.4662
10 0.4890
11 0.5172
12 0.5355
13 0.5541
14 0.5711
15 0.5931
16 0.6121
17 0.6293
18 0.6366
19 0.6484
20 0.6565
21 0.6756
22 0.6845
23 0.6951
24 0.7055
25 0.7134
26 0.7260
27 0.7378
28 0.7477
29 0.7543
30 0.7657
31 0.7709
32 0.7811
33 0.7861
34 0.7926
35 0.8011
36 0.8049
37 0.8101
38 0.8217
39 0.8285
40 0.8334
41 0.8420
42 0.8507
43 0.8574
44 0.8590
45 0.8712
46 0.8769
47 0.8836
48 0.8877
49 0.8924
50 0.9036
51 0.9098
52 0.9158
53 0.9183
54 0.9188
55 0.9237
56 0.9299
57 0.9380
58 0.9471
59 0.9565
60 0.9625
61 0.9715
62 0.9778
63 0.9914
64 1.0000
65 0.0000
66 0.0000
67 0.0000
68 0.0000
69 0.0000
70 0.0000
71 0.0000
72 0.0000
73 0.0000
74 0.0000
75 0.0000
76 0.0000
77 0.0000
78 0.0000
79 0.0000
80 0.0000
81 0.0000
82 0.0000
83 0.0000
84 0.0000
85 0.0000
86 0.0000
87 0.0000
88 0.0000
89 0.0000
90 0.0000
91 0.0000
92 0.0000
93 0.0000
94 0.0000
95 0.0000
96 0.0000
97 0.0000
98 0.0000
99 0.0000
100 0.0000

=========== Final average value of S-precision@r: =============
0.4000 0.3883
0.4500 0.3932
0.5000 0.3528
0.5500 0.3072
0.6000 0.2773
0.6500 0.2683
0.7000 0.2380
0.7500 0.2212
0.8000 0.2169
0.8500 0.1967
0.9000 0.1899
0.9500 0.1828
1.0000 0.1563

=========== Final average value of F1: =====================
average F1 = 0.58640625

=========== Final average value of Rand Index: =============
average Rand Index = 0.45390376984126973

=========== Final average value of Adjusted Rand Index: ====
average Adj Rand Index = -0.013297203281242271

=========== Final average value of Jaccard Index: ==========
average Jaccard Index = 0.3217504350202588

================ Statistics: ====================================
============ average number of created clusters: 7.07
============ average cluster size: 14.07782877184734
Simulation started at: 15:01 and completed at 15:02
Execution time: 4.907 sec