

=========== Final average value of S-recall@K: =============
1 0.1807
2 0.2402
3 0.2984
4 0.3482
5 0.3761
6 0.4210
7 0.4618
8 0.4898
9 0.5086
10 0.5269
11 0.5529
12 0.5785
13 0.6014
14 0.6139
15 0.6383
16 0.6518
17 0.6637
18 0.6703
19 0.6905
20 0.6982
21 0.7091
22 0.7202
23 0.7247
24 0.7315
25 0.7347
26 0.7458
27 0.7585
28 0.7671
29 0.7824
30 0.7905
31 0.8020
32 0.8079
33 0.8162
34 0.8231
35 0.8272
36 0.8321
37 0.8351
38 0.8426
39 0.8492
40 0.8503
41 0.8546
42 0.8632
43 0.8669
44 0.8760
45 0.8862
46 0.8915
47 0.8990
48 0.9011
49 0.9108
50 0.9181
51 0.9234
52 0.9305
53 0.9348
54 0.9388
55 0.9489
56 0.9536
57 0.9583
58 0.9705
59 0.9743
60 0.9805
61 0.9857
62 0.9919
63 0.9961
64 1.0000
65 0.0000
66 0.0000
67 0.0000
68 0.0000
69 0.0000
70 0.0000
71 0.0000
72 0.0000
73 0.0000
74 0.0000
75 0.0000
76 0.0000
77 0.0000
78 0.0000
79 0.0000
80 0.0000
81 0.0000
82 0.0000
83 0.0000
84 0.0000
85 0.0000
86 0.0000
87 0.0000
88 0.0000
89 0.0000
90 0.0000
91 0.0000
92 0.0000
93 0.0000
94 0.0000
95 0.0000
96 0.0000
97 0.0000
98 0.0000
99 0.0000
100 0.0000

=========== Final average value of S-precision@r: =============
0.4000 0.4270
0.4500 0.4039
0.5000 0.3956
0.5500 0.3368
0.6000 0.2891
0.6500 0.2906
0.7000 0.2503
0.7500 0.2323
0.8000 0.2237
0.8500 0.2035
0.9000 0.1982
0.9500 0.1784
1.0000 0.1563

=========== Final average value of F1: =====================
average F1 = 0.613125

=========== Final average value of Rand Index: =============
average Rand Index = 0.5580009920634921

=========== Final average value of Adjusted Rand Index: ====
average Adj Rand Index = 0.030326982250463517

=========== Final average value of Jaccard Index: ==========
average Jaccard Index = 0.19611799863252868

================ Statistics: ====================================
============ average number of created clusters: 8.56
============ average cluster size: 8.365134289171438
Simulation started at: 15:11 and completed at 15:11
Execution time: 3.342 sec