

=========== Final average value of S-recall@K: =============
1 0.1807
2 0.2416
3 0.2953
4 0.3384
5 0.3846
6 0.4275
7 0.4743
8 0.5035
9 0.5262
10 0.5467
11 0.5690
12 0.5891
13 0.6005
14 0.6198
15 0.6371
16 0.6551
17 0.6693
18 0.6887
19 0.7031
20 0.7159
21 0.7261
22 0.7383
23 0.7411
24 0.7477
25 0.7534
26 0.7622
27 0.7704
28 0.7769
29 0.7845
30 0.7859
31 0.7958
32 0.8055
33 0.8135
34 0.8228
35 0.8275
36 0.8288
37 0.8346
38 0.8439
39 0.8493
40 0.8587
41 0.8663
42 0.8728
43 0.8748
44 0.8816
45 0.8881
46 0.8984
47 0.9028
48 0.9106
49 0.9177
50 0.9232
51 0.9342
52 0.9377
53 0.9377
54 0.9400
55 0.9500
56 0.9557
57 0.9622
58 0.9696
59 0.9748
60 0.9794
61 0.9848
62 0.9911
63 0.9948
64 1.0000
65 0.0000
66 0.0000
67 0.0000
68 0.0000
69 0.0000
70 0.0000
71 0.0000
72 0.0000
73 0.0000
74 0.0000
75 0.0000
76 0.0000
77 0.0000
78 0.0000
79 0.0000
80 0.0000
81 0.0000
82 0.0000
83 0.0000
84 0.0000
85 0.0000
86 0.0000
87 0.0000
88 0.0000
89 0.0000
90 0.0000
91 0.0000
92 0.0000
93 0.0000
94 0.0000
95 0.0000
96 0.0000
97 0.0000
98 0.0000
99 0.0000
100 0.0000

=========== Final average value of S-precision@r: =============
0.4000 0.4174
0.4500 0.3988
0.5000 0.3906
0.5500 0.3373
0.6000 0.3094
0.6500 0.2921
0.7000 0.2732
0.7500 0.2359
0.8000 0.2189
0.8500 0.2033
0.9000 0.1871
0.9500 0.1904
1.0000 0.1563

=========== Final average value of F1: =====================
average F1 = 0.60953125

=========== Final average value of Rand Index: =============
average Rand Index = 0.5249801587301587

=========== Final average value of Adjusted Rand Index: ====
average Adj Rand Index = 0.025659430937402413

=========== Final average value of Jaccard Index: ==========
average Jaccard Index = 0.24410341058980453

================ Statistics: ====================================
============ average number of created clusters: 8.18
============ average cluster size: 10.497762876957918
Simulation started at: 14:54 and completed at 14:54
Execution time: 4.28 sec