

=========== Final average value of S-recall@K: =============
1 0.1807
2 0.2452
3 0.3032
4 0.3491
5 0.3818
6 0.4312
7 0.4653
8 0.4914
9 0.5062
10 0.5294
11 0.5592
12 0.5838
13 0.6072
14 0.6185
15 0.6391
16 0.6547
17 0.6732
18 0.6848
19 0.6929
20 0.6986
21 0.7090
22 0.7162
23 0.7212
24 0.7249
25 0.7369
26 0.7423
27 0.7496
28 0.7558
29 0.7649
30 0.7719
31 0.7862
32 0.7933
33 0.7987
34 0.8055
35 0.8129
36 0.8243
37 0.8314
38 0.8343
39 0.8431
40 0.8480
41 0.8550
42 0.8701
43 0.8756
44 0.8794
45 0.8892
46 0.8953
47 0.8962
48 0.9010
49 0.9083
50 0.9128
51 0.9174
52 0.9207
53 0.9297
54 0.9373
55 0.9399
56 0.9446
57 0.9568
58 0.9719
59 0.9752
60 0.9783
61 0.9870
62 0.9916
63 0.9947
64 1.0000
65 0.0000
66 0.0000
67 0.0000
68 0.0000
69 0.0000
70 0.0000
71 0.0000
72 0.0000
73 0.0000
74 0.0000
75 0.0000
76 0.0000
77 0.0000
78 0.0000
79 0.0000
80 0.0000
81 0.0000
82 0.0000
83 0.0000
84 0.0000
85 0.0000
86 0.0000
87 0.0000
88 0.0000
89 0.0000
90 0.0000
91 0.0000
92 0.0000
93 0.0000
94 0.0000
95 0.0000
96 0.0000
97 0.0000
98 0.0000
99 0.0000
100 0.0000

=========== Final average value of S-precision@r: =============
0.4000 0.4525
0.4500 0.4055
0.5000 0.3854
0.5500 0.3342
0.6000 0.2994
0.6500 0.2860
0.7000 0.2580
0.7500 0.2300
0.8000 0.2086
0.8500 0.2041
0.9000 0.1995
0.9500 0.1830
1.0000 0.1563

=========== Final average value of F1: =====================
average F1 = 0.61453125

=========== Final average value of Rand Index: =============
average Rand Index = 0.5624801587301587

=========== Final average value of Adjusted Rand Index: ====
average Adj Rand Index = 0.03249796907463199

=========== Final average value of Jaccard Index: ==========
average Jaccard Index = 0.20064030249444098

================ Statistics: ====================================
============ average number of created clusters: 8.53
============ average cluster size: 8.300297036297032
Simulation started at: 15:09 and completed at 15:10
Execution time: 4.659 sec