

=========== Final average value of S-recall@K: =============
1 0.1807
2 0.2466
3 0.3020
4 0.3545
5 0.3968
6 0.4345
7 0.4682
8 0.4947
9 0.5222
10 0.5437
11 0.5695
12 0.5815
13 0.6065
14 0.6201
15 0.6442
16 0.6649
17 0.6823
18 0.6950
19 0.7018
20 0.7116
21 0.7149
22 0.7246
23 0.7293
24 0.7385
25 0.7477
26 0.7585
27 0.7718
28 0.7819
29 0.7926
30 0.7998
31 0.8117
32 0.8234
33 0.8277
34 0.8325
35 0.8416
36 0.8441
37 0.8506
38 0.8603
39 0.8672
40 0.8712
41 0.8767
42 0.8820
43 0.8856
44 0.8864
45 0.8920
46 0.8960
47 0.9021
48 0.9043
49 0.9148
50 0.9209
51 0.9307
52 0.9384
53 0.9435
54 0.9543
55 0.9625
56 0.9679
57 0.9721
58 0.9784
59 0.9805
60 0.9836
61 0.9879
62 0.9905
63 0.9928
64 1.0000
65 0.0000
66 0.0000
67 0.0000
68 0.0000
69 0.0000
70 0.0000
71 0.0000
72 0.0000
73 0.0000
74 0.0000
75 0.0000
76 0.0000
77 0.0000
78 0.0000
79 0.0000
80 0.0000
81 0.0000
82 0.0000
83 0.0000
84 0.0000
85 0.0000
86 0.0000
87 0.0000
88 0.0000
89 0.0000
90 0.0000
91 0.0000
92 0.0000
93 0.0000
94 0.0000
95 0.0000
96 0.0000
97 0.0000
98 0.0000
99 0.0000
100 0.0000

=========== Final average value of S-precision@r: =============
0.4000 0.4320
0.4500 0.4385
0.5000 0.3935
0.5500 0.3525
0.6000 0.3247
0.6500 0.2916
0.7000 0.2726
0.7500 0.2478
0.8000 0.2200
0.8500 0.2110
0.9000 0.1961
0.9500 0.1879
1.0000 0.1425

=========== Final average value of F1: =====================
average F1 = 0.61859375

=========== Final average value of Rand Index: =============
average Rand Index = 0.5626289682539681

=========== Final average value of Adjusted Rand Index: ====
average Adj Rand Index = 0.03644006981455501

=========== Final average value of Jaccard Index: ==========
average Jaccard Index = 0.1980298229231634

================ Statistics: ====================================
============ average number of created clusters: 9.67
============ average cluster size: 7.321934626776723
Simulation started at: 15:06 and completed at 15:07
Execution time: 3.279 sec