

=========== Final average value of S-recall@K: =============
1 0.1807
2 0.2547
3 0.3095
4 0.3659
5 0.4122
6 0.4475
7 0.4662
8 0.4916
9 0.5279
10 0.5440
11 0.5653
12 0.5877
13 0.6067
14 0.6256
15 0.6396
16 0.6583
17 0.6723
18 0.6774
19 0.6903
20 0.6929
21 0.7035
22 0.7172
23 0.7338
24 0.7517
25 0.7630
26 0.7722
27 0.7794
28 0.7909
29 0.7966
30 0.8074
31 0.8114
32 0.8170
33 0.8228
34 0.8291
35 0.8359
36 0.8381
37 0.8468
38 0.8565
39 0.8586
40 0.8731
41 0.8773
42 0.8879
43 0.8940
44 0.8971
45 0.8994
46 0.9028
47 0.9083
48 0.9115
49 0.9147
50 0.9200
51 0.9207
52 0.9236
53 0.9236
54 0.9362
55 0.9445
56 0.9527
57 0.9602
58 0.9636
59 0.9720
60 0.9798
61 0.9847
62 0.9890
63 0.9930
64 1.0000
65 0.0000
66 0.0000
67 0.0000
68 0.0000
69 0.0000
70 0.0000
71 0.0000
72 0.0000
73 0.0000
74 0.0000
75 0.0000
76 0.0000
77 0.0000
78 0.0000
79 0.0000
80 0.0000
81 0.0000
82 0.0000
83 0.0000
84 0.0000
85 0.0000
86 0.0000
87 0.0000
88 0.0000
89 0.0000
90 0.0000
91 0.0000
92 0.0000
93 0.0000
94 0.0000
95 0.0000
96 0.0000
97 0.0000
98 0.0000
99 0.0000
100 0.0000

=========== Final average value of S-precision@r: =============
0.4000 0.4648
0.4500 0.4171
0.5000 0.3915
0.5500 0.3611
0.6000 0.3261
0.6500 0.3136
0.7000 0.2641
0.7500 0.2405
0.8000 0.2357
0.8500 0.2178
0.9000 0.2036
0.9500 0.1849
1.0000 0.1563

=========== Final average value of F1: =====================
average F1 = 0.625625

=========== Final average value of Rand Index: =============
average Rand Index = 0.5028174603174604

=========== Final average value of Adjusted Rand Index: ====
average Adj Rand Index = 0.034568967067022595

=========== Final average value of Jaccard Index: ==========
average Jaccard Index = 0.29453285712576494

================ Statistics: ====================================
============ average number of created clusters: 10.52
============ average cluster size: 8.993231497776389
Simulation started at: 14:49 and completed at 14:49
Execution time: 3.719 sec