

=========== Final average value of S-recall@K: =============
1 0.1807
2 0.2492
3 0.3024
4 0.3431
5 0.3875
6 0.4205
7 0.4531
8 0.4782
9 0.5029
10 0.5262
11 0.5457
12 0.5670
13 0.5912
14 0.6078
15 0.6254
16 0.6440
17 0.6558
18 0.6654
19 0.6733
20 0.6905
21 0.7032
22 0.7232
23 0.7303
24 0.7387
25 0.7467
26 0.7517
27 0.7612
28 0.7707
29 0.7776
30 0.7813
31 0.7932
32 0.8010
33 0.8065
34 0.8155
35 0.8224
36 0.8263
37 0.8297
38 0.8334
39 0.8447
40 0.8520
41 0.8586
42 0.8661
43 0.8782
44 0.8874
45 0.8939
46 0.8997
47 0.9047
48 0.9093
49 0.9141
50 0.9190
51 0.9312
52 0.9323
53 0.9396
54 0.9432
55 0.9491
56 0.9541
57 0.9611
58 0.9681
59 0.9742
60 0.9813
61 0.9859
62 0.9902
63 0.9933
64 1.0000
65 0.0000
66 0.0000
67 0.0000
68 0.0000
69 0.0000
70 0.0000
71 0.0000
72 0.0000
73 0.0000
74 0.0000
75 0.0000
76 0.0000
77 0.0000
78 0.0000
79 0.0000
80 0.0000
81 0.0000
82 0.0000
83 0.0000
84 0.0000
85 0.0000
86 0.0000
87 0.0000
88 0.0000
89 0.0000
90 0.0000
91 0.0000
92 0.0000
93 0.0000
94 0.0000
95 0.0000
96 0.0000
97 0.0000
98 0.0000
99 0.0000
100 0.0000

=========== Final average value of S-precision@r: =============
0.4000 0.4083
0.4500 0.4115
0.5000 0.3692
0.5500 0.3259
0.6000 0.2912
0.6500 0.2849
0.7000 0.2612
0.7500 0.2259
0.8000 0.2185
0.8500 0.2032
0.9000 0.1924
0.9500 0.1864
1.0000 0.1563

=========== Final average value of F1: =====================
average F1 = 0.60515625

=========== Final average value of Rand Index: =============
average Rand Index = 0.5258978174603174

=========== Final average value of Adjusted Rand Index: ====
average Adj Rand Index = 0.020441859981970324

=========== Final average value of Jaccard Index: ==========
average Jaccard Index = 0.2484281974636438

================ Statistics: ====================================
============ average number of created clusters: 7.43
============ average cluster size: 11.114390693585731
Simulation started at: 14:56 and completed at 14:56
Execution time: 3.58 sec