

=========== Final average value of S-recall@K: =============
1 0.1807
2 0.2549
3 0.3101
4 0.3675
5 0.4171
6 0.4595
7 0.4915
8 0.5227
9 0.5403
10 0.5589
11 0.5820
12 0.5932
13 0.6075
14 0.6215
15 0.6360
16 0.6564
17 0.6656
18 0.6832
19 0.6942
20 0.7087
21 0.7197
22 0.7315
23 0.7411
24 0.7523
25 0.7612
26 0.7754
27 0.7920
28 0.7999
29 0.8115
30 0.8215
31 0.8271
32 0.8322
33 0.8345
34 0.8451
35 0.8541
36 0.8618
37 0.8636
38 0.8676
39 0.8725
40 0.8810
41 0.8881
42 0.8958
43 0.9004
44 0.9034
45 0.9051
46 0.9109
47 0.9133
48 0.9205
49 0.9275
50 0.9329
51 0.9341
52 0.9366
53 0.9428
54 0.9475
55 0.9528
56 0.9575
57 0.9644
58 0.9749
59 0.9801
60 0.9847
61 0.9869
62 0.9912
63 0.9930
64 1.0000
65 0.0000
66 0.0000
67 0.0000
68 0.0000
69 0.0000
70 0.0000
71 0.0000
72 0.0000
73 0.0000
74 0.0000
75 0.0000
76 0.0000
77 0.0000
78 0.0000
79 0.0000
80 0.0000
81 0.0000
82 0.0000
83 0.0000
84 0.0000
85 0.0000
86 0.0000
87 0.0000
88 0.0000
89 0.0000
90 0.0000
91 0.0000
92 0.0000
93 0.0000
94 0.0000
95 0.0000
96 0.0000
97 0.0000
98 0.0000
99 0.0000
100 0.0000

=========== Final average value of S-precision@r: =============
0.4000 0.4456
0.4500 0.4281
0.5000 0.3993
0.5500 0.3549
0.6000 0.3223
0.6500 0.3111
0.7000 0.2781
0.7500 0.2494
0.8000 0.2263
0.8500 0.2169
0.9000 0.1995
0.9500 0.1960
1.0000 0.1563

=========== Final average value of F1: =====================
average F1 = 0.6403125

=========== Final average value of Rand Index: =============
average Rand Index = 0.5506994047619048

=========== Final average value of Adjusted Rand Index: ====
average Adj Rand Index = 0.04453563107946143

=========== Final average value of Jaccard Index: ==========
average Jaccard Index = 0.22958398550705028

================ Statistics: ====================================
============ average number of created clusters: 12.38
============ average cluster size: 5.949512668274273
Simulation started at: 15:04 and completed at 15:04
Execution time: 4.126 sec