

=========== Final average value of S-recall@K: =============
1 0.1807
2 0.2514
3 0.3128
4 0.3618
5 0.4088
6 0.4448
7 0.4773
8 0.5092
9 0.5336
10 0.5608
11 0.5733
12 0.5948
13 0.6202
14 0.6352
15 0.6502
16 0.6649
17 0.6805
18 0.6936
19 0.7003
20 0.7107
21 0.7174
22 0.7270
23 0.7405
24 0.7489
25 0.7598
26 0.7682
27 0.7782
28 0.7865
29 0.7890
30 0.7998
31 0.8058
32 0.8101
33 0.8134
34 0.8255
35 0.8349
36 0.8498
37 0.8554
38 0.8573
39 0.8636
40 0.8729
41 0.8804
42 0.8872
43 0.8926
44 0.8966
45 0.9034
46 0.9112
47 0.9133
48 0.9169
49 0.9262
50 0.9322
51 0.9396
52 0.9437
53 0.9459
54 0.9493
55 0.9536
56 0.9558
57 0.9601
58 0.9674
59 0.9784
60 0.9815
61 0.9863
62 0.9893
63 0.9917
64 1.0000
65 0.0000
66 0.0000
67 0.0000
68 0.0000
69 0.0000
70 0.0000
71 0.0000
72 0.0000
73 0.0000
74 0.0000
75 0.0000
76 0.0000
77 0.0000
78 0.0000
79 0.0000
80 0.0000
81 0.0000
82 0.0000
83 0.0000
84 0.0000
85 0.0000
86 0.0000
87 0.0000
88 0.0000
89 0.0000
90 0.0000
91 0.0000
92 0.0000
93 0.0000
94 0.0000
95 0.0000
96 0.0000
97 0.0000
98 0.0000
99 0.0000
100 0.0000

=========== Final average value of S-precision@r: =============
0.4000 0.4306
0.4500 0.4195
0.5000 0.4107
0.5500 0.3582
0.6000 0.3290
0.6500 0.3139
0.7000 0.2737
0.7500 0.2543
0.8000 0.2276
0.8500 0.2202
0.9000 0.2008
0.9500 0.1972
1.0000 0.1425

=========== Final average value of F1: =====================
average F1 = 0.63375

=========== Final average value of Rand Index: =============
average Rand Index = 0.5559275793650794

=========== Final average value of Adjusted Rand Index: ====
average Adj Rand Index = 0.04173626711034231

=========== Final average value of Jaccard Index: ==========
average Jaccard Index = 0.20900897451839767

================ Statistics: ====================================
============ average number of created clusters: 11.28
============ average cluster size: 6.3379887288494015
Simulation started at: 15:05 and completed at 15:05
Execution time: 3.436 sec