

=========== Final average value of S-recall@K: =============
1 0.1807
2 0.2465
3 0.2955
4 0.3561
5 0.4043
6 0.4385
7 0.4710
8 0.4952
9 0.5201
10 0.5328
11 0.5582
12 0.5802
13 0.6011
14 0.6223
15 0.6383
16 0.6527
17 0.6667
18 0.6746
19 0.6905
20 0.7037
21 0.7144
22 0.7226
23 0.7369
24 0.7433
25 0.7562
26 0.7650
27 0.7733
28 0.7842
29 0.7912
30 0.8020
31 0.8124
32 0.8174
33 0.8240
34 0.8317
35 0.8359
36 0.8383
37 0.8455
38 0.8572
39 0.8634
40 0.8712
41 0.8794
42 0.8850
43 0.8924
44 0.8984
45 0.9014
46 0.9073
47 0.9098
48 0.9139
49 0.9200
50 0.9283
51 0.9315
52 0.9330
53 0.9388
54 0.9507
55 0.9538
56 0.9623
57 0.9678
58 0.9711
59 0.9787
60 0.9832
61 0.9860
62 0.9909
63 0.9958
64 1.0000
65 0.0000
66 0.0000
67 0.0000
68 0.0000
69 0.0000
70 0.0000
71 0.0000
72 0.0000
73 0.0000
74 0.0000
75 0.0000
76 0.0000
77 0.0000
78 0.0000
79 0.0000
80 0.0000
81 0.0000
82 0.0000
83 0.0000
84 0.0000
85 0.0000
86 0.0000
87 0.0000
88 0.0000
89 0.0000
90 0.0000
91 0.0000
92 0.0000
93 0.0000
94 0.0000
95 0.0000
96 0.0000
97 0.0000
98 0.0000
99 0.0000
100 0.0000

=========== Final average value of S-precision@r: =============
0.4000 0.4271
0.4500 0.4098
0.5000 0.3870
0.5500 0.3419
0.6000 0.3263
0.6500 0.2997
0.7000 0.2723
0.7500 0.2451
0.8000 0.2320
0.8500 0.2116
0.9000 0.2010
0.9500 0.1857
1.0000 0.1493

=========== Final average value of F1: =====================
average F1 = 0.61859375

=========== Final average value of Rand Index: =============
average Rand Index = 0.5167857142857144

=========== Final average value of Adjusted Rand Index: ====
average Adj Rand Index = 0.029538291045099675

=========== Final average value of Jaccard Index: ==========
average Jaccard Index = 0.2546127428863986

================ Statistics: ====================================
============ average number of created clusters: 9.87
============ average cluster size: 8.858764176312155
Simulation started at: 14:50 and completed at 14:50
Execution time: 3.956 sec