

=========== Final average value of S-recall@K: =============
1 0.1807
2 0.2513
3 0.3003
4 0.3474
5 0.3862
6 0.4286
7 0.4559
8 0.4811
9 0.5113
10 0.5371
11 0.5613
12 0.5803
13 0.5938
14 0.6101
15 0.6332
16 0.6413
17 0.6593
18 0.6725
19 0.6808
20 0.6963
21 0.7066
22 0.7165
23 0.7239
24 0.7327
25 0.7409
26 0.7486
27 0.7562
28 0.7643
29 0.7695
30 0.7830
31 0.7951
32 0.8016
33 0.8103
34 0.8170
35 0.8220
36 0.8255
37 0.8294
38 0.8330
39 0.8433
40 0.8554
41 0.8658
42 0.8716
43 0.8750
44 0.8832
45 0.8874
46 0.8914
47 0.8987
48 0.9025
49 0.9106
50 0.9143
51 0.9247
52 0.9293
53 0.9353
54 0.9444
55 0.9523
56 0.9557
57 0.9654
58 0.9752
59 0.9805
60 0.9832
61 0.9891
62 0.9911
63 0.9950
64 1.0000
65 0.0000
66 0.0000
67 0.0000
68 0.0000
69 0.0000
70 0.0000
71 0.0000
72 0.0000
73 0.0000
74 0.0000
75 0.0000
76 0.0000
77 0.0000
78 0.0000
79 0.0000
80 0.0000
81 0.0000
82 0.0000
83 0.0000
84 0.0000
85 0.0000
86 0.0000
87 0.0000
88 0.0000
89 0.0000
90 0.0000
91 0.0000
92 0.0000
93 0.0000
94 0.0000
95 0.0000
96 0.0000
97 0.0000
98 0.0000
99 0.0000
100 0.0000

=========== Final average value of S-precision@r: =============
0.4000 0.4187
0.4500 0.4099
0.5000 0.3716
0.5500 0.3126
0.6000 0.3059
0.6500 0.2825
0.7000 0.2643
0.7500 0.2403
0.8000 0.2223
0.8500 0.2129
0.9000 0.1911
0.9500 0.1814
1.0000 0.1563

=========== Final average value of F1: =====================
average F1 = 0.6078125

=========== Final average value of Rand Index: =============
average Rand Index = 0.5287896825396825

=========== Final average value of Adjusted Rand Index: ====
average Adj Rand Index = 0.0208489004312907

=========== Final average value of Jaccard Index: ==========
average Jaccard Index = 0.2488370662862524

================ Statistics: ====================================
============ average number of created clusters: 7.78
============ average cluster size: 11.12720402404612
Simulation started at: 14:55 and completed at 14:55
Execution time: 4.579 sec