

=========== Final average value of S-recall@K: =============
1 0.1807
2 0.2498
3 0.2960
4 0.3530
5 0.4025
6 0.4225
7 0.4513
8 0.4826
9 0.5064
10 0.5260
11 0.5588
12 0.5795
13 0.5992
14 0.6185
15 0.6341
16 0.6476
17 0.6619
18 0.6747
19 0.6844
20 0.6953
21 0.7086
22 0.7168
23 0.7247
24 0.7356
25 0.7406
26 0.7513
27 0.7571
28 0.7734
29 0.7811
30 0.7851
31 0.7930
32 0.7995
33 0.8015
34 0.8082
35 0.8128
36 0.8238
37 0.8336
38 0.8481
39 0.8544
40 0.8632
41 0.8691
42 0.8712
43 0.8780
44 0.8819
45 0.8872
46 0.8943
47 0.9014
48 0.9058
49 0.9139
50 0.9215
51 0.9322
52 0.9362
53 0.9400
54 0.9452
55 0.9526
56 0.9609
57 0.9683
58 0.9732
59 0.9775
60 0.9823
61 0.9880
62 0.9900
63 0.9940
64 1.0000
65 0.0000
66 0.0000
67 0.0000
68 0.0000
69 0.0000
70 0.0000
71 0.0000
72 0.0000
73 0.0000
74 0.0000
75 0.0000
76 0.0000
77 0.0000
78 0.0000
79 0.0000
80 0.0000
81 0.0000
82 0.0000
83 0.0000
84 0.0000
85 0.0000
86 0.0000
87 0.0000
88 0.0000
89 0.0000
90 0.0000
91 0.0000
92 0.0000
93 0.0000
94 0.0000
95 0.0000
96 0.0000
97 0.0000
98 0.0000
99 0.0000
100 0.0000

=========== Final average value of S-precision@r: =============
0.4000 0.4216
0.4500 0.4261
0.5000 0.3942
0.5500 0.3263
0.6000 0.3050
0.6500 0.2738
0.7000 0.2498
0.7500 0.2371
0.8000 0.2196
0.8500 0.2044
0.9000 0.1896
0.9500 0.1846
1.0000 0.1563

=========== Final average value of F1: =====================
average F1 = 0.61

=========== Final average value of Rand Index: =============
average Rand Index = 0.5146130952380954

=========== Final average value of Adjusted Rand Index: ====
average Adj Rand Index = 0.024742850429610587

=========== Final average value of Jaccard Index: ==========
average Jaccard Index = 0.23967434857764774

================ Statistics: ====================================
============ average number of created clusters: 8.57
============ average cluster size: 9.976821502542856
Simulation started at: 14:53 and completed at 14:53
Execution time: 3.253 sec