

=========== Final average value of S-recall@K: =============
1 0.1807
2 0.2557
3 0.3102
4 0.3608
5 0.4059
6 0.4315
7 0.4620
8 0.4917
9 0.5175
10 0.5340
11 0.5649
12 0.5816
13 0.6015
14 0.6198
15 0.6334
16 0.6554
17 0.6719
18 0.6811
19 0.6937
20 0.7026
21 0.7155
22 0.7228
23 0.7353
24 0.7448
25 0.7558
26 0.7628
27 0.7723
28 0.7779
29 0.7889
30 0.8002
31 0.8021
32 0.8107
33 0.8159
34 0.8213
35 0.8232
36 0.8253
37 0.8365
38 0.8438
39 0.8546
40 0.8605
41 0.8657
42 0.8741
43 0.8819
44 0.8907
45 0.8955
46 0.8991
47 0.9027
48 0.9074
49 0.9153
50 0.9186
51 0.9207
52 0.9252
53 0.9267
54 0.9383
55 0.9492
56 0.9539
57 0.9582
58 0.9647
59 0.9732
60 0.9776
61 0.9840
62 0.9870
63 0.9914
64 1.0000
65 0.0000
66 0.0000
67 0.0000
68 0.0000
69 0.0000
70 0.0000
71 0.0000
72 0.0000
73 0.0000
74 0.0000
75 0.0000
76 0.0000
77 0.0000
78 0.0000
79 0.0000
80 0.0000
81 0.0000
82 0.0000
83 0.0000
84 0.0000
85 0.0000
86 0.0000
87 0.0000
88 0.0000
89 0.0000
90 0.0000
91 0.0000
92 0.0000
93 0.0000
94 0.0000
95 0.0000
96 0.0000
97 0.0000
98 0.0000
99 0.0000
100 0.0000

=========== Final average value of S-precision@r: =============
0.4000 0.4326
0.4500 0.4205
0.5000 0.3983
0.5500 0.3539
0.6000 0.3059
0.6500 0.2952
0.7000 0.2518
0.7500 0.2304
0.8000 0.2296
0.8500 0.2036
0.9000 0.1991
0.9500 0.1943
1.0000 0.1563

=========== Final average value of F1: =====================
average F1 = 0.611875

=========== Final average value of Rand Index: =============
average Rand Index = 0.4853025793650792

=========== Final average value of Adjusted Rand Index: ====
average Adj Rand Index = 0.025421050832613673

=========== Final average value of Jaccard Index: ==========
average Jaccard Index = 0.3133985556080212

================ Statistics: ====================================
============ average number of created clusters: 8.83
============ average cluster size: 11.143459908512536
Simulation started at: 14:48 and completed at 14:48
Execution time: 4.181 sec