

=========== Final average value of S-recall@K: =============
1 0.1807
2 0.2550
3 0.3185
4 0.3731
5 0.4254
6 0.4508
7 0.4751
8 0.5005
9 0.5242
10 0.5417
11 0.5605
12 0.5870
13 0.6043
14 0.6236
15 0.6372
16 0.6570
17 0.6700
18 0.6805
19 0.6916
20 0.7029
21 0.7132
22 0.7206
23 0.7327
24 0.7431
25 0.7504
26 0.7645
27 0.7738
28 0.7782
29 0.7864
30 0.7921
31 0.8009
32 0.8108
33 0.8194
34 0.8277
35 0.8312
36 0.8418
37 0.8478
38 0.8502
39 0.8549
40 0.8603
41 0.8667
42 0.8792
43 0.8844
44 0.8894
45 0.8954
46 0.8988
47 0.9000
48 0.9055
49 0.9106
50 0.9180
51 0.9257
52 0.9314
53 0.9359
54 0.9414
55 0.9473
56 0.9614
57 0.9670
58 0.9738
59 0.9774
60 0.9811
61 0.9870
62 0.9890
63 0.9921
64 1.0000
65 0.0000
66 0.0000
67 0.0000
68 0.0000
69 0.0000
70 0.0000
71 0.0000
72 0.0000
73 0.0000
74 0.0000
75 0.0000
76 0.0000
77 0.0000
78 0.0000
79 0.0000
80 0.0000
81 0.0000
82 0.0000
83 0.0000
84 0.0000
85 0.0000
86 0.0000
87 0.0000
88 0.0000
89 0.0000
90 0.0000
91 0.0000
92 0.0000
93 0.0000
94 0.0000
95 0.0000
96 0.0000
97 0.0000
98 0.0000
99 0.0000
100 0.0000

=========== Final average value of S-precision@r: =============
0.4000 0.4308
0.4500 0.4292
0.5000 0.4288
0.5500 0.3801
0.6000 0.3327
0.6500 0.3191
0.7000 0.2656
0.7500 0.2490
0.8000 0.2243
0.8500 0.2166
0.9000 0.1973
0.9500 0.1898
1.0000 0.1563

=========== Final average value of F1: =====================
average F1 = 0.625625

=========== Final average value of Rand Index: =============
average Rand Index = 0.5516815476190478

=========== Final average value of Adjusted Rand Index: ====
average Adj Rand Index = 0.04067872639033632

=========== Final average value of Jaccard Index: ==========
average Jaccard Index = 0.20345952729189412

================ Statistics: ====================================
============ average number of created clusters: 10.57
============ average cluster size: 6.738174387016489
Simulation started at: 15:05 and completed at 15:05
Execution time: 3.379 sec