

=========== Final average value of S-recall@K: =============
1 0.1807
2 0.2511
3 0.3043
4 0.3550
5 0.4160
6 0.4484
7 0.4796
8 0.4971
9 0.5295
10 0.5505
11 0.5659
12 0.5802
13 0.5967
14 0.6139
15 0.6360
16 0.6500
17 0.6628
18 0.6740
19 0.6832
20 0.7015
21 0.7171
22 0.7227
23 0.7395
24 0.7537
25 0.7597
26 0.7698
27 0.7898
28 0.7972
29 0.8006
30 0.8056
31 0.8107
32 0.8184
33 0.8220
34 0.8314
35 0.8359
36 0.8397
37 0.8468
38 0.8530
39 0.8580
40 0.8686
41 0.8751
42 0.8834
43 0.8903
44 0.8987
45 0.9049
46 0.9058
47 0.9119
48 0.9158
49 0.9223
50 0.9266
51 0.9288
52 0.9307
53 0.9376
54 0.9487
55 0.9531
56 0.9591
57 0.9627
58 0.9746
59 0.9792
60 0.9856
61 0.9889
62 0.9924
63 0.9954
64 1.0000
65 0.0000
66 0.0000
67 0.0000
68 0.0000
69 0.0000
70 0.0000
71 0.0000
72 0.0000
73 0.0000
74 0.0000
75 0.0000
76 0.0000
77 0.0000
78 0.0000
79 0.0000
80 0.0000
81 0.0000
82 0.0000
83 0.0000
84 0.0000
85 0.0000
86 0.0000
87 0.0000
88 0.0000
89 0.0000
90 0.0000
91 0.0000
92 0.0000
93 0.0000
94 0.0000
95 0.0000
96 0.0000
97 0.0000
98 0.0000
99 0.0000
100 0.0000

=========== Final average value of S-precision@r: =============
0.4000 0.4464
0.4500 0.4064
0.5000 0.4220
0.5500 0.3590
0.6000 0.3261
0.6500 0.3027
0.7000 0.2675
0.7500 0.2461
0.8000 0.2280
0.8500 0.2104
0.9000 0.2022
0.9500 0.1912
1.0000 0.1563

=========== Final average value of F1: =====================
average F1 = 0.62015625

=========== Final average value of Rand Index: =============
average Rand Index = 0.5160912698412699

=========== Final average value of Adjusted Rand Index: ====
average Adj Rand Index = 0.031626327525876984

=========== Final average value of Jaccard Index: ==========
average Jaccard Index = 0.2559035377883058

================ Statistics: ====================================
============ average number of created clusters: 9.95
============ average cluster size: 8.56810846532208
Simulation started at: 14:50 and completed at 14:50
Execution time: 3.341 sec