

=========== Final average value of S-recall@K: =============
1 0.1807
2 0.2539
3 0.3063
4 0.3454
5 0.3927
6 0.4385
7 0.4693
8 0.4881
9 0.5189
10 0.5317
11 0.5602
12 0.5775
13 0.5938
14 0.6080
15 0.6195
16 0.6344
17 0.6491
18 0.6711
19 0.6813
20 0.6955
21 0.7078
22 0.7270
23 0.7395
24 0.7422
25 0.7458
26 0.7580
27 0.7639
28 0.7684
29 0.7756
30 0.7823
31 0.7873
32 0.7967
33 0.8016
34 0.8049
35 0.8119
36 0.8147
37 0.8244
38 0.8349
39 0.8450
40 0.8547
41 0.8636
42 0.8700
43 0.8811
44 0.8875
45 0.8905
46 0.8957
47 0.9003
48 0.9068
49 0.9111
50 0.9201
51 0.9324
52 0.9346
53 0.9355
54 0.9374
55 0.9446
56 0.9456
57 0.9595
58 0.9691
59 0.9756
60 0.9787
61 0.9845
62 0.9926
63 0.9963
64 1.0000
65 0.0000
66 0.0000
67 0.0000
68 0.0000
69 0.0000
70 0.0000
71 0.0000
72 0.0000
73 0.0000
74 0.0000
75 0.0000
76 0.0000
77 0.0000
78 0.0000
79 0.0000
80 0.0000
81 0.0000
82 0.0000
83 0.0000
84 0.0000
85 0.0000
86 0.0000
87 0.0000
88 0.0000
89 0.0000
90 0.0000
91 0.0000
92 0.0000
93 0.0000
94 0.0000
95 0.0000
96 0.0000
97 0.0000
98 0.0000
99 0.0000
100 0.0000

=========== Final average value of S-precision@r: =============
0.4000 0.4195
0.4500 0.4111
0.5000 0.3589
0.5500 0.3265
0.6000 0.2890
0.6500 0.2871
0.7000 0.2476
0.7500 0.2398
0.8000 0.2232
0.8500 0.2008
0.9000 0.1938
0.9500 0.1869
1.0000 0.1563

=========== Final average value of F1: =====================
average F1 = 0.6121875

=========== Final average value of Rand Index: =============
average Rand Index = 0.5153521825396827

=========== Final average value of Adjusted Rand Index: ====
average Adj Rand Index = 0.028404389947975478

=========== Final average value of Jaccard Index: ==========
average Jaccard Index = 0.23507223761817236

================ Statistics: ====================================
============ average number of created clusters: 8.97
============ average cluster size: 9.883308177202904
Simulation started at: 14:53 and completed at 14:53
Execution time: 3.281 sec