

=========== Final average value of S-recall@K: =============
1 0.1807
2 0.2436
3 0.2862
4 0.3428
5 0.3894
6 0.4282
7 0.4599
8 0.4939
9 0.5179
10 0.5355
11 0.5520
12 0.5732
13 0.5919
14 0.6098
15 0.6295
16 0.6446
17 0.6593
18 0.6729
19 0.6837
20 0.6976
21 0.7093
22 0.7215
23 0.7312
24 0.7468
25 0.7530
26 0.7592
27 0.7701
28 0.7770
29 0.7869
30 0.7908
31 0.8022
32 0.8091
33 0.8138
34 0.8174
35 0.8253
36 0.8282
37 0.8337
38 0.8400
39 0.8462
40 0.8559
41 0.8595
42 0.8702
43 0.8774
44 0.8914
45 0.8939
46 0.9008
47 0.9050
48 0.9101
49 0.9151
50 0.9202
51 0.9313
52 0.9342
53 0.9395
54 0.9411
55 0.9473
56 0.9569
57 0.9633
58 0.9708
59 0.9791
60 0.9826
61 0.9863
62 0.9905
63 0.9955
64 1.0000
65 0.0000
66 0.0000
67 0.0000
68 0.0000
69 0.0000
70 0.0000
71 0.0000
72 0.0000
73 0.0000
74 0.0000
75 0.0000
76 0.0000
77 0.0000
78 0.0000
79 0.0000
80 0.0000
81 0.0000
82 0.0000
83 0.0000
84 0.0000
85 0.0000
86 0.0000
87 0.0000
88 0.0000
89 0.0000
90 0.0000
91 0.0000
92 0.0000
93 0.0000
94 0.0000
95 0.0000
96 0.0000
97 0.0000
98 0.0000
99 0.0000
100 0.0000

=========== Final average value of S-precision@r: =============
0.4000 0.4308
0.4500 0.4019
0.5000 0.3595
0.5500 0.3365
0.6000 0.2956
0.6500 0.2881
0.7000 0.2555
0.7500 0.2333
0.8000 0.2235
0.8500 0.2046
0.9000 0.1888
0.9500 0.1789
1.0000 0.1563

=========== Final average value of F1: =====================
average F1 = 0.6084375

=========== Final average value of Rand Index: =============
average Rand Index = 0.5284523809523809

=========== Final average value of Adjusted Rand Index: ====
average Adj Rand Index = 0.02558219251489564

=========== Final average value of Jaccard Index: ==========
average Jaccard Index = 0.2536306589010559

================ Statistics: ====================================
============ average number of created clusters: 7.49
============ average cluster size: 11.179113265131834
Simulation started at: 14:56 and completed at 14:56
Execution time: 4.911 sec