

=========== Final average value of S-recall@K: =============
1 0.1807
2 0.2417
3 0.3041
4 0.3488
5 0.3885
6 0.4380
7 0.4711
8 0.4950
9 0.5232
10 0.5424
11 0.5677
12 0.5876
13 0.6110
14 0.6248
15 0.6397
16 0.6477
17 0.6662
18 0.6802
19 0.6918
20 0.7015
21 0.7112
22 0.7209
23 0.7324
24 0.7413
25 0.7439
26 0.7555
27 0.7569
28 0.7651
29 0.7703
30 0.7810
31 0.7855
32 0.7987
33 0.8062
34 0.8109
35 0.8195
36 0.8261
37 0.8297
38 0.8373
39 0.8496
40 0.8598
41 0.8653
42 0.8699
43 0.8770
44 0.8834
45 0.8905
46 0.8972
47 0.9043
48 0.9106
49 0.9166
50 0.9201
51 0.9230
52 0.9267
53 0.9376
54 0.9423
55 0.9452
56 0.9570
57 0.9644
58 0.9706
59 0.9776
60 0.9823
61 0.9876
62 0.9923
63 0.9952
64 1.0000
65 0.0000
66 0.0000
67 0.0000
68 0.0000
69 0.0000
70 0.0000
71 0.0000
72 0.0000
73 0.0000
74 0.0000
75 0.0000
76 0.0000
77 0.0000
78 0.0000
79 0.0000
80 0.0000
81 0.0000
82 0.0000
83 0.0000
84 0.0000
85 0.0000
86 0.0000
87 0.0000
88 0.0000
89 0.0000
90 0.0000
91 0.0000
92 0.0000
93 0.0000
94 0.0000
95 0.0000
96 0.0000
97 0.0000
98 0.0000
99 0.0000
100 0.0000

=========== Final average value of S-precision@r: =============
0.4000 0.4265
0.4500 0.4201
0.5000 0.4026
0.5500 0.3400
0.6000 0.3091
0.6500 0.2673
0.7000 0.2579
0.7500 0.2337
0.8000 0.2182
0.8500 0.2004
0.9000 0.1930
0.9500 0.1775
1.0000 0.1563

=========== Final average value of F1: =====================
average F1 = 0.61609375

=========== Final average value of Rand Index: =============
average Rand Index = 0.5679811507936506

=========== Final average value of Adjusted Rand Index: ====
average Adj Rand Index = 0.03383567192346926

=========== Final average value of Jaccard Index: ==========
average Jaccard Index = 0.20500475575769353

================ Statistics: ====================================
============ average number of created clusters: 8.72
============ average cluster size: 8.0903481355246
Simulation started at: 15:09 and completed at 15:09
Execution time: 3.341 sec