

=========== Final average value of S-recall@K: =============
1 0.1807
2 0.2519
3 0.2983
4 0.3418
5 0.3937
6 0.4259
7 0.4691
8 0.4944
9 0.5169
10 0.5377
11 0.5515
12 0.5815
13 0.6055
14 0.6189
15 0.6308
16 0.6438
17 0.6537
18 0.6792
19 0.6933
20 0.7011
21 0.7065
22 0.7166
23 0.7207
24 0.7302
25 0.7367
26 0.7501
27 0.7597
28 0.7707
29 0.7772
30 0.7830
31 0.7910
32 0.8016
33 0.8052
34 0.8157
35 0.8231
36 0.8292
37 0.8359
38 0.8386
39 0.8438
40 0.8539
41 0.8594
42 0.8653
43 0.8764
44 0.8850
45 0.8885
46 0.8965
47 0.9038
48 0.9082
49 0.9157
50 0.9192
51 0.9301
52 0.9338
53 0.9364
54 0.9389
55 0.9469
56 0.9575
57 0.9626
58 0.9730
59 0.9787
60 0.9815
61 0.9867
62 0.9923
63 0.9940
64 1.0000
65 0.0000
66 0.0000
67 0.0000
68 0.0000
69 0.0000
70 0.0000
71 0.0000
72 0.0000
73 0.0000
74 0.0000
75 0.0000
76 0.0000
77 0.0000
78 0.0000
79 0.0000
80 0.0000
81 0.0000
82 0.0000
83 0.0000
84 0.0000
85 0.0000
86 0.0000
87 0.0000
88 0.0000
89 0.0000
90 0.0000
91 0.0000
92 0.0000
93 0.0000
94 0.0000
95 0.0000
96 0.0000
97 0.0000
98 0.0000
99 0.0000
100 0.0000

=========== Final average value of S-precision@r: =============
0.4000 0.3983
0.4500 0.3908
0.5000 0.3763
0.5500 0.3481
0.6000 0.2902
0.6500 0.2672
0.7000 0.2545
0.7500 0.2389
0.8000 0.2180
0.8500 0.2029
0.9000 0.1847
0.9500 0.1808
1.0000 0.1563

=========== Final average value of F1: =====================
average F1 = 0.60515625

=========== Final average value of Rand Index: =============
average Rand Index = 0.5199603174603173

=========== Final average value of Adjusted Rand Index: ====
average Adj Rand Index = 0.02157168647014773

=========== Final average value of Jaccard Index: ==========
average Jaccard Index = 0.25189028635715943

================ Statistics: ====================================
============ average number of created clusters: 7.58
============ average cluster size: 11.068909102593306
Simulation started at: 14:54 and completed at 14:54
Execution time: 3.366 sec