

=========== Final average value of S-recall@K: =============
1 0.1807
2 0.2440
3 0.3141
4 0.3641
5 0.4130
6 0.4479
7 0.4754
8 0.5123
9 0.5348
10 0.5466
11 0.5699
12 0.5938
13 0.6074
14 0.6226
15 0.6378
16 0.6579
17 0.6757
18 0.6876
19 0.6945
20 0.7040
21 0.7148
22 0.7254
23 0.7354
24 0.7459
25 0.7584
26 0.7658
27 0.7769
28 0.7836
29 0.7893
30 0.7945
31 0.7994
32 0.8146
33 0.8194
34 0.8272
35 0.8325
36 0.8369
37 0.8463
38 0.8505
39 0.8572
40 0.8631
41 0.8700
42 0.8811
43 0.8873
44 0.8909
45 0.8965
46 0.9016
47 0.9058
48 0.9115
49 0.9166
50 0.9196
51 0.9247
52 0.9302
53 0.9344
54 0.9400
55 0.9433
56 0.9507
57 0.9602
58 0.9712
59 0.9764
60 0.9802
61 0.9889
62 0.9913
63 0.9926
64 1.0000
65 0.0000
66 0.0000
67 0.0000
68 0.0000
69 0.0000
70 0.0000
71 0.0000
72 0.0000
73 0.0000
74 0.0000
75 0.0000
76 0.0000
77 0.0000
78 0.0000
79 0.0000
80 0.0000
81 0.0000
82 0.0000
83 0.0000
84 0.0000
85 0.0000
86 0.0000
87 0.0000
88 0.0000
89 0.0000
90 0.0000
91 0.0000
92 0.0000
93 0.0000
94 0.0000
95 0.0000
96 0.0000
97 0.0000
98 0.0000
99 0.0000
100 0.0000

=========== Final average value of S-precision@r: =============
0.4000 0.4193
0.4500 0.4558
0.5000 0.3840
0.5500 0.3557
0.6000 0.3396
0.6500 0.3317
0.7000 0.2723
0.7500 0.2542
0.8000 0.2233
0.8500 0.2103
0.9000 0.1924
0.9500 0.1922
1.0000 0.1425

=========== Final average value of F1: =====================
average F1 = 0.62796875

=========== Final average value of Rand Index: =============
average Rand Index = 0.558923611111111

=========== Final average value of Adjusted Rand Index: ====
average Adj Rand Index = 0.037126467755751194

=========== Final average value of Jaccard Index: ==========
average Jaccard Index = 0.20902686733604395

================ Statistics: ====================================
============ average number of created clusters: 10.69
============ average cluster size: 6.6417139709275865
Simulation started at: 15:05 and completed at 15:05
Execution time: 3.367 sec