

=========== Final average value of S-recall@K: =============
1 0.1807
2 0.2440
3 0.2913
4 0.3422
5 0.3788
6 0.4116
7 0.4490
8 0.4848
9 0.5054
10 0.5271
11 0.5461
12 0.5702
13 0.5859
14 0.5958
15 0.6151
16 0.6289
17 0.6487
18 0.6650
19 0.6795
20 0.7022
21 0.7114
22 0.7260
23 0.7304
24 0.7433
25 0.7507
26 0.7590
27 0.7669
28 0.7718
29 0.7762
30 0.7829
31 0.7898
32 0.8007
33 0.8040
34 0.8100
35 0.8150
36 0.8194
37 0.8246
38 0.8290
39 0.8384
40 0.8502
41 0.8594
42 0.8689
43 0.8764
44 0.8884
45 0.8935
46 0.8989
47 0.9027
48 0.9111
49 0.9176
50 0.9223
51 0.9323
52 0.9334
53 0.9373
54 0.9398
55 0.9468
56 0.9543
57 0.9623
58 0.9725
59 0.9758
60 0.9806
61 0.9849
62 0.9915
63 0.9950
64 1.0000
65 0.0000
66 0.0000
67 0.0000
68 0.0000
69 0.0000
70 0.0000
71 0.0000
72 0.0000
73 0.0000
74 0.0000
75 0.0000
76 0.0000
77 0.0000
78 0.0000
79 0.0000
80 0.0000
81 0.0000
82 0.0000
83 0.0000
84 0.0000
85 0.0000
86 0.0000
87 0.0000
88 0.0000
89 0.0000
90 0.0000
91 0.0000
92 0.0000
93 0.0000
94 0.0000
95 0.0000
96 0.0000
97 0.0000
98 0.0000
99 0.0000
100 0.0000

=========== Final average value of S-precision@r: =============
0.4000 0.4029
0.4500 0.4017
0.5000 0.3736
0.5500 0.3356
0.6000 0.3071
0.6500 0.2825
0.7000 0.2658
0.7500 0.2337
0.8000 0.2148
0.8500 0.2061
0.9000 0.1969
0.9500 0.1840
1.0000 0.1563

=========== Final average value of F1: =====================
average F1 = 0.60890625

=========== Final average value of Rand Index: =============
average Rand Index = 0.5229166666666667

=========== Final average value of Adjusted Rand Index: ====
average Adj Rand Index = 0.024553533777433047

=========== Final average value of Jaccard Index: ==========
average Jaccard Index = 0.24878253091829053

================ Statistics: ====================================
============ average number of created clusters: 7.79
============ average cluster size: 11.197637785674933
Simulation started at: 14:55 and completed at 14:55
Execution time: 3.202 sec