

=========== Final average value of S-recall@K: =============
1 0.1807
2 0.2405
3 0.2917
4 0.3454
5 0.3914
6 0.4263
7 0.4611
8 0.4920
9 0.5189
10 0.5369
11 0.5604
12 0.5731
13 0.5908
14 0.6016
15 0.6202
16 0.6335
17 0.6497
18 0.6678
19 0.6763
20 0.6837
21 0.6975
22 0.7089
23 0.7173
24 0.7311
25 0.7339
26 0.7453
27 0.7628
28 0.7713
29 0.7751
30 0.7864
31 0.7915
32 0.8017
33 0.8059
34 0.8127
35 0.8184
36 0.8243
37 0.8336
38 0.8437
39 0.8493
40 0.8540
41 0.8625
42 0.8661
43 0.8737
44 0.8812
45 0.8865
46 0.8944
47 0.9012
48 0.9065
49 0.9119
50 0.9177
51 0.9267
52 0.9289
53 0.9331
54 0.9357
55 0.9473
56 0.9546
57 0.9638
58 0.9697
59 0.9752
60 0.9808
61 0.9883
62 0.9911
63 0.9957
64 1.0000
65 0.0000
66 0.0000
67 0.0000
68 0.0000
69 0.0000
70 0.0000
71 0.0000
72 0.0000
73 0.0000
74 0.0000
75 0.0000
76 0.0000
77 0.0000
78 0.0000
79 0.0000
80 0.0000
81 0.0000
82 0.0000
83 0.0000
84 0.0000
85 0.0000
86 0.0000
87 0.0000
88 0.0000
89 0.0000
90 0.0000
91 0.0000
92 0.0000
93 0.0000
94 0.0000
95 0.0000
96 0.0000
97 0.0000
98 0.0000
99 0.0000
100 0.0000

=========== Final average value of S-precision@r: =============
0.4000 0.3930
0.4500 0.3963
0.5000 0.3585
0.5500 0.3149
0.6000 0.2872
0.6500 0.2727
0.7000 0.2435
0.7500 0.2278
0.8000 0.2089
0.8500 0.2018
0.9000 0.1981
0.9500 0.1796
1.0000 0.1563

=========== Final average value of F1: =====================
average F1 = 0.6065625

=========== Final average value of Rand Index: =============
average Rand Index = 0.5150347222222222

=========== Final average value of Adjusted Rand Index: ====
average Adj Rand Index = 0.02484688576652005

=========== Final average value of Jaccard Index: ==========
average Jaccard Index = 0.24847602072483566

================ Statistics: ====================================
============ average number of created clusters: 8.19
============ average cluster size: 10.5908061611591
Simulation started at: 14:53 and completed at 14:53
Execution time: 3.18 sec