

=========== Final average value of S-recall@K: =============
1 0.1807
2 0.2514
3 0.3129
4 0.3556
5 0.4005
6 0.4342
7 0.4679
8 0.5052
9 0.5241
10 0.5384
11 0.5606
12 0.5848
13 0.6017
14 0.6175
15 0.6326
16 0.6419
17 0.6554
18 0.6711
19 0.6800
20 0.6934
21 0.7053
22 0.7097
23 0.7217
24 0.7319
25 0.7433
26 0.7529
27 0.7661
28 0.7699
29 0.7757
30 0.7821
31 0.7899
32 0.8035
33 0.8063
34 0.8126
35 0.8210
36 0.8270
37 0.8317
38 0.8414
39 0.8477
40 0.8545
41 0.8615
42 0.8676
43 0.8758
44 0.8772
45 0.8870
46 0.8913
47 0.8976
48 0.9063
49 0.9116
50 0.9184
51 0.9235
52 0.9310
53 0.9387
54 0.9426
55 0.9539
56 0.9572
57 0.9647
58 0.9764
59 0.9776
60 0.9804
61 0.9865
62 0.9890
63 0.9921
64 1.0000
65 0.0000
66 0.0000
67 0.0000
68 0.0000
69 0.0000
70 0.0000
71 0.0000
72 0.0000
73 0.0000
74 0.0000
75 0.0000
76 0.0000
77 0.0000
78 0.0000
79 0.0000
80 0.0000
81 0.0000
82 0.0000
83 0.0000
84 0.0000
85 0.0000
86 0.0000
87 0.0000
88 0.0000
89 0.0000
90 0.0000
91 0.0000
92 0.0000
93 0.0000
94 0.0000
95 0.0000
96 0.0000
97 0.0000
98 0.0000
99 0.0000
100 0.0000

=========== Final average value of S-precision@r: =============
0.4000 0.4273
0.4500 0.4299
0.5000 0.4239
0.5500 0.3640
0.6000 0.3203
0.6500 0.2942
0.7000 0.2636
0.7500 0.2455
0.8000 0.2220
0.8500 0.2068
0.9000 0.1954
0.9500 0.1869
1.0000 0.1563

=========== Final average value of F1: =====================
average F1 = 0.62890625

=========== Final average value of Rand Index: =============
average Rand Index = 0.5673710317460318

=========== Final average value of Adjusted Rand Index: ====
average Adj Rand Index = 0.04033275716320348

=========== Final average value of Jaccard Index: ==========
average Jaccard Index = 0.20860776055389502

================ Statistics: ====================================
============ average number of created clusters: 10.39
============ average cluster size: 6.925454557826072
Simulation started at: 15:05 and completed at 15:05
Execution time: 4.334 sec