

=========== Final average value of S-recall@K: =============
1 0.1807
2 0.2554
3 0.3130
4 0.3681
5 0.4195
6 0.4596
7 0.4866
8 0.5124
9 0.5315
10 0.5455
11 0.5670
12 0.5832
13 0.5978
14 0.6152
15 0.6312
16 0.6499
17 0.6628
18 0.6783
19 0.6846
20 0.6991
21 0.7143
22 0.7214
23 0.7346
24 0.7461
25 0.7556
26 0.7712
27 0.7806
28 0.7875
29 0.7891
30 0.7947
31 0.7990
32 0.8085
33 0.8225
34 0.8330
35 0.8387
36 0.8416
37 0.8494
38 0.8514
39 0.8604
40 0.8683
41 0.8752
42 0.8781
43 0.8845
44 0.8876
45 0.8912
46 0.8980
47 0.9014
48 0.9060
49 0.9102
50 0.9167
51 0.9226
52 0.9287
53 0.9392
54 0.9405
55 0.9465
56 0.9527
57 0.9572
58 0.9740
59 0.9765
60 0.9831
61 0.9898
62 0.9917
63 0.9932
64 1.0000
65 0.0000
66 0.0000
67 0.0000
68 0.0000
69 0.0000
70 0.0000
71 0.0000
72 0.0000
73 0.0000
74 0.0000
75 0.0000
76 0.0000
77 0.0000
78 0.0000
79 0.0000
80 0.0000
81 0.0000
82 0.0000
83 0.0000
84 0.0000
85 0.0000
86 0.0000
87 0.0000
88 0.0000
89 0.0000
90 0.0000
91 0.0000
92 0.0000
93 0.0000
94 0.0000
95 0.0000
96 0.0000
97 0.0000
98 0.0000
99 0.0000
100 0.0000

=========== Final average value of S-precision@r: =============
0.4000 0.4328
0.4500 0.4200
0.5000 0.4205
0.5500 0.3655
0.6000 0.3437
0.6500 0.3130
0.7000 0.2800
0.7500 0.2576
0.8000 0.2257
0.8500 0.2173
0.9000 0.1973
0.9500 0.1855
1.0000 0.1502

=========== Final average value of F1: =====================
average F1 = 0.62875

=========== Final average value of Rand Index: =============
average Rand Index = 0.5629166666666667

=========== Final average value of Adjusted Rand Index: ====
average Adj Rand Index = 0.04513187488222216

=========== Final average value of Jaccard Index: ==========
average Jaccard Index = 0.20526406151574197

================ Statistics: ====================================
============ average number of created clusters: 10.53
============ average cluster size: 6.685573877103283
Simulation started at: 15:05 and completed at 15:05
Execution time: 3.363 sec