

=========== Final average value of S-recall@K: =============
1 0.1807
2 0.2609
3 0.3115
4 0.3638
5 0.4202
6 0.4577
7 0.5073
8 0.5272
9 0.5491
10 0.5612
11 0.5863
12 0.6039
13 0.6205
14 0.6320
15 0.6527
16 0.6668
17 0.6781
18 0.6873
19 0.6944
20 0.7090
21 0.7141
22 0.7235
23 0.7350
24 0.7420
25 0.7554
26 0.7630
27 0.7760
28 0.7867
29 0.7985
30 0.8091
31 0.8177
32 0.8258
33 0.8314
34 0.8401
35 0.8502
36 0.8567
37 0.8606
38 0.8638
39 0.8694
40 0.8744
41 0.8797
42 0.8869
43 0.8900
44 0.8950
45 0.8992
46 0.9130
47 0.9206
48 0.9242
49 0.9297
50 0.9381
51 0.9410
52 0.9432
53 0.9485
54 0.9530
55 0.9554
56 0.9652
57 0.9715
58 0.9765
59 0.9817
60 0.9840
61 0.9868
62 0.9903
63 0.9917
64 1.0000
65 0.0000
66 0.0000
67 0.0000
68 0.0000
69 0.0000
70 0.0000
71 0.0000
72 0.0000
73 0.0000
74 0.0000
75 0.0000
76 0.0000
77 0.0000
78 0.0000
79 0.0000
80 0.0000
81 0.0000
82 0.0000
83 0.0000
84 0.0000
85 0.0000
86 0.0000
87 0.0000
88 0.0000
89 0.0000
90 0.0000
91 0.0000
92 0.0000
93 0.0000
94 0.0000
95 0.0000
96 0.0000
97 0.0000
98 0.0000
99 0.0000
100 0.0000

=========== Final average value of S-precision@r: =============
0.4000 0.4885
0.4500 0.4231
0.5000 0.4278
0.5500 0.3816
0.6000 0.3368
0.6500 0.3118
0.7000 0.2641
0.7500 0.2476
0.8000 0.2269
0.8500 0.2189
0.9000 0.2007
0.9500 0.1865
1.0000 0.1493

=========== Final average value of F1: =====================
average F1 = 0.6359375

=========== Final average value of Rand Index: =============
average Rand Index = 0.5623115079365079

=========== Final average value of Adjusted Rand Index: ====
average Adj Rand Index = 0.04597049845534272

=========== Final average value of Jaccard Index: ==========
average Jaccard Index = 0.21942395986559654

================ Statistics: ====================================
============ average number of created clusters: 11.97
============ average cluster size: 5.973320964553158
Simulation started at: 15:04 and completed at 15:04
Execution time: 3.811 sec