

=========== Final average value of S-recall@K: =============
1 0.1807
2 0.2498
3 0.2987
4 0.3442
5 0.3868
6 0.4271
7 0.4659
8 0.4995
9 0.5216
10 0.5467
11 0.5650
12 0.5891
13 0.6024
14 0.6276
15 0.6401
16 0.6560
17 0.6742
18 0.6841
19 0.6917
20 0.7015
21 0.7064
22 0.7186
23 0.7266
24 0.7377
25 0.7530
26 0.7695
27 0.7752
28 0.7852
29 0.7913
30 0.7939
31 0.8059
32 0.8100
33 0.8136
34 0.8186
35 0.8242
36 0.8300
37 0.8375
38 0.8441
39 0.8579
40 0.8682
41 0.8758
42 0.8831
43 0.8862
44 0.8917
45 0.8922
46 0.8993
47 0.9024
48 0.9096
49 0.9166
50 0.9224
51 0.9337
52 0.9348
53 0.9395
54 0.9466
55 0.9509
56 0.9514
57 0.9583
58 0.9671
59 0.9768
60 0.9843
61 0.9879
62 0.9892
63 0.9941
64 1.0000
65 0.0000
66 0.0000
67 0.0000
68 0.0000
69 0.0000
70 0.0000
71 0.0000
72 0.0000
73 0.0000
74 0.0000
75 0.0000
76 0.0000
77 0.0000
78 0.0000
79 0.0000
80 0.0000
81 0.0000
82 0.0000
83 0.0000
84 0.0000
85 0.0000
86 0.0000
87 0.0000
88 0.0000
89 0.0000
90 0.0000
91 0.0000
92 0.0000
93 0.0000
94 0.0000
95 0.0000
96 0.0000
97 0.0000
98 0.0000
99 0.0000
100 0.0000

=========== Final average value of S-precision@r: =============
0.4000 0.4218
0.4500 0.4565
0.5000 0.3990
0.5500 0.3486
0.6000 0.3159
0.6500 0.2965
0.7000 0.2562
0.7500 0.2380
0.8000 0.2228
0.8500 0.2078
0.9000 0.1997
0.9500 0.1907
1.0000 0.1493

=========== Final average value of F1: =====================
average F1 = 0.61640625

=========== Final average value of Rand Index: =============
average Rand Index = 0.5211507936507935

=========== Final average value of Adjusted Rand Index: ====
average Adj Rand Index = 0.032351196312259

=========== Final average value of Jaccard Index: ==========
average Jaccard Index = 0.24872897784625603

================ Statistics: ====================================
============ average number of created clusters: 9.09
============ average cluster size: 9.48096331051129
Simulation started at: 14:52 and completed at 14:52
Execution time: 3.686 sec