

=========== Final average value of S-recall@K: =============
1 0.1807
2 0.2424
3 0.3003
4 0.3445
5 0.3814
6 0.4154
7 0.4398
8 0.4719
9 0.5023
10 0.5293
11 0.5548
12 0.5707
13 0.5887
14 0.6003
15 0.6181
16 0.6387
17 0.6598
18 0.6734
19 0.6854
20 0.6961
21 0.7080
22 0.7138
23 0.7226
24 0.7277
25 0.7358
26 0.7480
27 0.7565
28 0.7661
29 0.7799
30 0.7884
31 0.7906
32 0.7938
33 0.8010
34 0.8086
35 0.8184
36 0.8277
37 0.8305
38 0.8389
39 0.8417
40 0.8499
41 0.8531
42 0.8597
43 0.8651
44 0.8703
45 0.8747
46 0.8793
47 0.8863
48 0.8957
49 0.9032
50 0.9055
51 0.9133
52 0.9167
53 0.9244
54 0.9303
55 0.9405
56 0.9484
57 0.9552
58 0.9634
59 0.9703
60 0.9747
61 0.9816
62 0.9850
63 0.9914
64 1.0000
65 0.0000
66 0.0000
67 0.0000
68 0.0000
69 0.0000
70 0.0000
71 0.0000
72 0.0000
73 0.0000
74 0.0000
75 0.0000
76 0.0000
77 0.0000
78 0.0000
79 0.0000
80 0.0000
81 0.0000
82 0.0000
83 0.0000
84 0.0000
85 0.0000
86 0.0000
87 0.0000
88 0.0000
89 0.0000
90 0.0000
91 0.0000
92 0.0000
93 0.0000
94 0.0000
95 0.0000
96 0.0000
97 0.0000
98 0.0000
99 0.0000
100 0.0000

=========== Final average value of S-precision@r: =============
0.4000 0.4332
0.4500 0.4156
0.5000 0.3798
0.5500 0.3330
0.6000 0.2958
0.6500 0.2869
0.7000 0.2467
0.7500 0.2387
0.8000 0.2191
0.8500 0.2010
0.9000 0.2009
0.9500 0.1898
1.0000 0.1563

=========== Final average value of F1: =====================
average F1 = 0.59046875

=========== Final average value of Rand Index: =============
average Rand Index = 0.4829960317460316

=========== Final average value of Adjusted Rand Index: ====
average Adj Rand Index = 0.014356224055419732

=========== Final average value of Jaccard Index: ==========
average Jaccard Index = 0.3128483641310048

================ Statistics: ====================================
============ average number of created clusters: 6.18
============ average cluster size: 14.512816633658726
Simulation started at: 15:02 and completed at 15:02
Execution time: 3.503 sec