

=========== Final average value of S-recall@K: =============
1 0.1807
2 0.2512
3 0.2933
4 0.3329
5 0.3796
6 0.4101
7 0.4409
8 0.4783
9 0.5065
10 0.5286
11 0.5481
12 0.5646
13 0.5822
14 0.6055
15 0.6257
16 0.6359
17 0.6483
18 0.6669
19 0.6762
20 0.6938
21 0.7017
22 0.7174
23 0.7306
24 0.7344
25 0.7420
26 0.7495
27 0.7605
28 0.7710
29 0.7770
30 0.7831
31 0.7915
32 0.8014
33 0.8095
34 0.8130
35 0.8228
36 0.8297
37 0.8334
38 0.8398
39 0.8487
40 0.8551
41 0.8606
42 0.8650
43 0.8670
44 0.8760
45 0.8809
46 0.8891
47 0.8985
48 0.9070
49 0.9138
50 0.9159
51 0.9272
52 0.9323
53 0.9382
54 0.9402
55 0.9459
56 0.9548
57 0.9588
58 0.9690
59 0.9754
60 0.9819
61 0.9854
62 0.9889
63 0.9948
64 1.0000
65 0.0000
66 0.0000
67 0.0000
68 0.0000
69 0.0000
70 0.0000
71 0.0000
72 0.0000
73 0.0000
74 0.0000
75 0.0000
76 0.0000
77 0.0000
78 0.0000
79 0.0000
80 0.0000
81 0.0000
82 0.0000
83 0.0000
84 0.0000
85 0.0000
86 0.0000
87 0.0000
88 0.0000
89 0.0000
90 0.0000
91 0.0000
92 0.0000
93 0.0000
94 0.0000
95 0.0000
96 0.0000
97 0.0000
98 0.0000
99 0.0000
100 0.0000

=========== Final average value of S-precision@r: =============
0.4000 0.3969
0.4500 0.4056
0.5000 0.3813
0.5500 0.3288
0.6000 0.2904
0.6500 0.2663
0.7000 0.2476
0.7500 0.2270
0.8000 0.2142
0.8500 0.1998
0.9000 0.1878
0.9500 0.1823
1.0000 0.1563

=========== Final average value of F1: =====================
average F1 = 0.6034375

=========== Final average value of Rand Index: =============
average Rand Index = 0.511889880952381

=========== Final average value of Adjusted Rand Index: ====
average Adj Rand Index = 0.019704370404990793

=========== Final average value of Jaccard Index: ==========
average Jaccard Index = 0.25550110057166925

================ Statistics: ====================================
============ average number of created clusters: 7.23
============ average cluster size: 11.844862692862687
Simulation started at: 14:49 and completed at 14:49
Execution time: 3.403 sec