

=========== Final average value of S-recall@K: =============
1 0.1807
2 0.2493
3 0.3019
4 0.3562
5 0.3971
6 0.4323
7 0.4646
8 0.4902
9 0.5068
10 0.5401
11 0.5575
12 0.5843
13 0.6004
14 0.6173
15 0.6282
16 0.6495
17 0.6565
18 0.6670
19 0.6842
20 0.6916
21 0.6970
22 0.7026
23 0.7089
24 0.7281
25 0.7429
26 0.7568
27 0.7640
28 0.7771
29 0.7841
30 0.7884
31 0.8001
32 0.8149
33 0.8226
34 0.8303
35 0.8339
36 0.8399
37 0.8453
38 0.8532
39 0.8630
40 0.8740
41 0.8799
42 0.8811
43 0.8883
44 0.8938
45 0.8971
46 0.9072
47 0.9080
48 0.9119
49 0.9170
50 0.9190
51 0.9287
52 0.9311
53 0.9360
54 0.9514
55 0.9600
56 0.9623
57 0.9677
58 0.9735
59 0.9799
60 0.9852
61 0.9899
62 0.9913
63 0.9953
64 1.0000
65 0.0000
66 0.0000
67 0.0000
68 0.0000
69 0.0000
70 0.0000
71 0.0000
72 0.0000
73 0.0000
74 0.0000
75 0.0000
76 0.0000
77 0.0000
78 0.0000
79 0.0000
80 0.0000
81 0.0000
82 0.0000
83 0.0000
84 0.0000
85 0.0000
86 0.0000
87 0.0000
88 0.0000
89 0.0000
90 0.0000
91 0.0000
92 0.0000
93 0.0000
94 0.0000
95 0.0000
96 0.0000
97 0.0000
98 0.0000
99 0.0000
100 0.0000

=========== Final average value of S-precision@r: =============
0.4000 0.4085
0.4500 0.4175
0.5000 0.3896
0.5500 0.3467
0.6000 0.3206
0.6500 0.3123
0.7000 0.2519
0.7500 0.2457
0.8000 0.2213
0.8500 0.2104
0.9000 0.1925
0.9500 0.1888
1.0000 0.1563

=========== Final average value of F1: =====================
average F1 = 0.6153125

=========== Final average value of Rand Index: =============
average Rand Index = 0.5118253968253968

=========== Final average value of Adjusted Rand Index: ====
average Adj Rand Index = 0.029459996652567034

=========== Final average value of Jaccard Index: ==========
average Jaccard Index = 0.2551254431375083

================ Statistics: ====================================
============ average number of created clusters: 9.17
============ average cluster size: 9.280462843657888
Simulation started at: 14:51 and completed at 14:51
Execution time: 3.648 sec