

=========== Final average value of S-recall@K: =============
1 0.1807
2 0.2512
3 0.2992
4 0.3624
5 0.4096
6 0.4412
7 0.4667
8 0.4941
9 0.5214
10 0.5376
11 0.5558
12 0.5713
13 0.5847
14 0.6052
15 0.6260
16 0.6429
17 0.6541
18 0.6687
19 0.6861
20 0.7014
21 0.7147
22 0.7311
23 0.7484
24 0.7552
25 0.7673
26 0.7721
27 0.7806
28 0.7860
29 0.7959
30 0.8083
31 0.8172
32 0.8194
33 0.8245
34 0.8325
35 0.8397
36 0.8430
37 0.8481
38 0.8563
39 0.8642
40 0.8697
41 0.8742
42 0.8836
43 0.8907
44 0.9022
45 0.9064
46 0.9106
47 0.9192
48 0.9226
49 0.9264
50 0.9325
51 0.9356
52 0.9381
53 0.9397
54 0.9471
55 0.9513
56 0.9592
57 0.9644
58 0.9740
59 0.9787
60 0.9830
61 0.9871
62 0.9896
63 0.9939
64 1.0000
65 0.0000
66 0.0000
67 0.0000
68 0.0000
69 0.0000
70 0.0000
71 0.0000
72 0.0000
73 0.0000
74 0.0000
75 0.0000
76 0.0000
77 0.0000
78 0.0000
79 0.0000
80 0.0000
81 0.0000
82 0.0000
83 0.0000
84 0.0000
85 0.0000
86 0.0000
87 0.0000
88 0.0000
89 0.0000
90 0.0000
91 0.0000
92 0.0000
93 0.0000
94 0.0000
95 0.0000
96 0.0000
97 0.0000
98 0.0000
99 0.0000
100 0.0000

=========== Final average value of S-precision@r: =============
0.4000 0.4222
0.4500 0.3868
0.5000 0.3986
0.5500 0.3682
0.6000 0.3246
0.6500 0.3068
0.7000 0.2651
0.7500 0.2344
0.8000 0.2318
0.8500 0.2104
0.9000 0.2031
0.9500 0.1907
1.0000 0.1563

=========== Final average value of F1: =====================
average F1 = 0.62109375

=========== Final average value of Rand Index: =============
average Rand Index = 0.5061061507936507

=========== Final average value of Adjusted Rand Index: ====
average Adj Rand Index = 0.03078236490888879

=========== Final average value of Jaccard Index: ==========
average Jaccard Index = 0.27092403897208983

================ Statistics: ====================================
============ average number of created clusters: 10.2
============ average cluster size: 8.834275720839184
Simulation started at: 14:50 and completed at 14:50
Execution time: 4.149 sec