

=========== Final average value of S-recall@K: =============
1 0.1807
2 0.2508
3 0.2971
4 0.3508
5 0.3945
6 0.4297
7 0.4607
8 0.4883
9 0.5136
10 0.5324
11 0.5472
12 0.5670
13 0.5846
14 0.6058
15 0.6271
16 0.6433
17 0.6577
18 0.6712
19 0.6843
20 0.6932
21 0.7062
22 0.7217
23 0.7275
24 0.7301
25 0.7453
26 0.7548
27 0.7619
28 0.7767
29 0.7821
30 0.7903
31 0.7941
32 0.8091
33 0.8111
34 0.8151
35 0.8234
36 0.8328
37 0.8427
38 0.8497
39 0.8611
40 0.8718
41 0.8763
42 0.8808
43 0.8856
44 0.8918
45 0.8940
46 0.8996
47 0.9048
48 0.9111
49 0.9186
50 0.9240
51 0.9327
52 0.9357
53 0.9402
54 0.9494
55 0.9552
56 0.9588
57 0.9637
58 0.9665
59 0.9782
60 0.9837
61 0.9874
62 0.9910
63 0.9934
64 1.0000
65 0.0000
66 0.0000
67 0.0000
68 0.0000
69 0.0000
70 0.0000
71 0.0000
72 0.0000
73 0.0000
74 0.0000
75 0.0000
76 0.0000
77 0.0000
78 0.0000
79 0.0000
80 0.0000
81 0.0000
82 0.0000
83 0.0000
84 0.0000
85 0.0000
86 0.0000
87 0.0000
88 0.0000
89 0.0000
90 0.0000
91 0.0000
92 0.0000
93 0.0000
94 0.0000
95 0.0000
96 0.0000
97 0.0000
98 0.0000
99 0.0000
100 0.0000

=========== Final average value of S-precision@r: =============
0.4000 0.3990
0.4500 0.4178
0.5000 0.3639
0.5500 0.3435
0.6000 0.3189
0.6500 0.2948
0.7000 0.2495
0.7500 0.2412
0.8000 0.2215
0.8500 0.2137
0.9000 0.1898
0.9500 0.1856
1.0000 0.1493

=========== Final average value of F1: =====================
average F1 = 0.6146875

=========== Final average value of Rand Index: =============
average Rand Index = 0.5206398809523808

=========== Final average value of Adjusted Rand Index: ====
average Adj Rand Index = 0.03336025781694241

=========== Final average value of Jaccard Index: ==========
average Jaccard Index = 0.23946433546645676

================ Statistics: ====================================
============ average number of created clusters: 8.96
============ average cluster size: 9.419363027065804
Simulation started at: 14:52 and completed at 14:52
Execution time: 4.134 sec