

=========== Final average value of S-recall@K: =============
1 0.1807
2 0.2443
3 0.3045
4 0.3583
5 0.4012
6 0.4434
7 0.4706
8 0.4994
9 0.5175
10 0.5374
11 0.5596
12 0.5888
13 0.6027
14 0.6107
15 0.6255
16 0.6451
17 0.6633
18 0.6748
19 0.6877
20 0.6984
21 0.7085
22 0.7134
23 0.7241
24 0.7299
25 0.7405
26 0.7476
27 0.7515
28 0.7584
29 0.7645
30 0.7722
31 0.7843
32 0.7978
33 0.8052
34 0.8155
35 0.8218
36 0.8285
37 0.8345
38 0.8377
39 0.8450
40 0.8488
41 0.8513
42 0.8640
43 0.8705
44 0.8765
45 0.8810
46 0.8955
47 0.9025
48 0.9082
49 0.9132
50 0.9215
51 0.9264
52 0.9304
53 0.9401
54 0.9443
55 0.9504
56 0.9631
57 0.9681
58 0.9736
59 0.9782
60 0.9821
61 0.9901
62 0.9926
63 0.9950
64 1.0000
65 0.0000
66 0.0000
67 0.0000
68 0.0000
69 0.0000
70 0.0000
71 0.0000
72 0.0000
73 0.0000
74 0.0000
75 0.0000
76 0.0000
77 0.0000
78 0.0000
79 0.0000
80 0.0000
81 0.0000
82 0.0000
83 0.0000
84 0.0000
85 0.0000
86 0.0000
87 0.0000
88 0.0000
89 0.0000
90 0.0000
91 0.0000
92 0.0000
93 0.0000
94 0.0000
95 0.0000
96 0.0000
97 0.0000
98 0.0000
99 0.0000
100 0.0000

=========== Final average value of S-precision@r: =============
0.4000 0.4376
0.4500 0.4120
0.5000 0.3905
0.5500 0.3289
0.6000 0.2874
0.6500 0.2789
0.7000 0.2479
0.7500 0.2325
0.8000 0.2089
0.8500 0.2005
0.9000 0.1906
0.9500 0.1805
1.0000 0.1493

=========== Final average value of F1: =====================
average F1 = 0.61078125

=========== Final average value of Rand Index: =============
average Rand Index = 0.5629464285714287

=========== Final average value of Adjusted Rand Index: ====
average Adj Rand Index = 0.03227243595198244

=========== Final average value of Jaccard Index: ==========
average Jaccard Index = 0.20632439855532272

================ Statistics: ====================================
============ average number of created clusters: 8.4
============ average cluster size: 8.552563253739718
Simulation started at: 15:09 and completed at 15:09
Execution time: 3.311 sec