

=========== Final average value of S-recall@K: =============
1 0.1807
2 0.2466
3 0.2999
4 0.3346
5 0.3754
6 0.4120
7 0.4470
8 0.4831
9 0.5086
10 0.5366
11 0.5550
12 0.5816
13 0.6007
14 0.6223
15 0.6354
16 0.6449
17 0.6561
18 0.6685
19 0.6841
20 0.6986
21 0.7041
22 0.7140
23 0.7292
24 0.7410
25 0.7507
26 0.7576
27 0.7656
28 0.7728
29 0.7786
30 0.7832
31 0.7932
32 0.8038
33 0.8084
34 0.8207
35 0.8265
36 0.8320
37 0.8382
38 0.8433
39 0.8483
40 0.8572
41 0.8609
42 0.8678
43 0.8725
44 0.8891
45 0.8937
46 0.9006
47 0.9037
48 0.9066
49 0.9154
50 0.9220
51 0.9278
52 0.9292
53 0.9375
54 0.9423
55 0.9493
56 0.9553
57 0.9610
58 0.9677
59 0.9756
60 0.9806
61 0.9856
62 0.9902
63 0.9937
64 1.0000
65 0.0000
66 0.0000
67 0.0000
68 0.0000
69 0.0000
70 0.0000
71 0.0000
72 0.0000
73 0.0000
74 0.0000
75 0.0000
76 0.0000
77 0.0000
78 0.0000
79 0.0000
80 0.0000
81 0.0000
82 0.0000
83 0.0000
84 0.0000
85 0.0000
86 0.0000
87 0.0000
88 0.0000
89 0.0000
90 0.0000
91 0.0000
92 0.0000
93 0.0000
94 0.0000
95 0.0000
96 0.0000
97 0.0000
98 0.0000
99 0.0000
100 0.0000

=========== Final average value of S-precision@r: =============
0.4000 0.4043
0.4500 0.4104
0.5000 0.3637
0.5500 0.3270
0.6000 0.2742
0.6500 0.2830
0.7000 0.2461
0.7500 0.2359
0.8000 0.2221
0.8500 0.2085
0.9000 0.1914
0.9500 0.1820
1.0000 0.1563

=========== Final average value of F1: =====================
average F1 = 0.61171875

=========== Final average value of Rand Index: =============
average Rand Index = 0.5273958333333334

=========== Final average value of Adjusted Rand Index: ====
average Adj Rand Index = 0.021126198378851564

=========== Final average value of Jaccard Index: ==========
average Jaccard Index = 0.2511459273828122

================ Statistics: ====================================
============ average number of created clusters: 7.8
============ average cluster size: 11.201053820620377
Simulation started at: 14:56 and completed at 14:56
Execution time: 3.612 sec