

=========== Final average value of S-recall@K: =============
1 0.1807
2 0.2422
3 0.3048
4 0.3555
5 0.3970
6 0.4317
7 0.4633
8 0.4941
9 0.5180
10 0.5398
11 0.5499
12 0.5703
13 0.5904
14 0.6074
15 0.6274
16 0.6514
17 0.6750
18 0.6867
19 0.6947
20 0.7068
21 0.7147
22 0.7256
23 0.7349
24 0.7431
25 0.7530
26 0.7628
27 0.7688
28 0.7771
29 0.7858
30 0.7933
31 0.8004
32 0.8093
33 0.8150
34 0.8232
35 0.8292
36 0.8330
37 0.8445
38 0.8585
39 0.8600
40 0.8640
41 0.8664
42 0.8720
43 0.8788
44 0.8844
45 0.8914
46 0.8975
47 0.9013
48 0.9035
49 0.9131
50 0.9209
51 0.9229
52 0.9277
53 0.9344
54 0.9432
55 0.9557
56 0.9632
57 0.9707
58 0.9767
59 0.9805
60 0.9836
61 0.9880
62 0.9911
63 0.9936
64 1.0000
65 0.0000
66 0.0000
67 0.0000
68 0.0000
69 0.0000
70 0.0000
71 0.0000
72 0.0000
73 0.0000
74 0.0000
75 0.0000
76 0.0000
77 0.0000
78 0.0000
79 0.0000
80 0.0000
81 0.0000
82 0.0000
83 0.0000
84 0.0000
85 0.0000
86 0.0000
87 0.0000
88 0.0000
89 0.0000
90 0.0000
91 0.0000
92 0.0000
93 0.0000
94 0.0000
95 0.0000
96 0.0000
97 0.0000
98 0.0000
99 0.0000
100 0.0000

=========== Final average value of S-precision@r: =============
0.4000 0.3952
0.4500 0.4008
0.5000 0.3802
0.5500 0.3525
0.6000 0.3073
0.6500 0.2906
0.7000 0.2599
0.7500 0.2470
0.8000 0.2226
0.8500 0.2066
0.9000 0.1947
0.9500 0.1865
1.0000 0.1425

=========== Final average value of F1: =====================
average F1 = 0.6134375

=========== Final average value of Rand Index: =============
average Rand Index = 0.5603571428571429

=========== Final average value of Adjusted Rand Index: ====
average Adj Rand Index = 0.037348500355755904

=========== Final average value of Jaccard Index: ==========
average Jaccard Index = 0.2049054216479823

================ Statistics: ====================================
============ average number of created clusters: 9.08
============ average cluster size: 7.732298485140586
Simulation started at: 15:07 and completed at 15:07
Execution time: 3.674 sec