

=========== Final average value of S-recall@K: =============
1 0.1807
2 0.2547
3 0.3123
4 0.3660
5 0.4100
6 0.4498
7 0.4725
8 0.5055
9 0.5447
10 0.5641
11 0.5872
12 0.6075
13 0.6140
14 0.6351
15 0.6505
16 0.6618
17 0.6802
18 0.6915
19 0.7011
20 0.7117
21 0.7218
22 0.7257
23 0.7357
24 0.7500
25 0.7589
26 0.7700
27 0.7773
28 0.7816
29 0.7851
30 0.7883
31 0.7977
32 0.8087
33 0.8207
34 0.8247
35 0.8310
36 0.8368
37 0.8416
38 0.8441
39 0.8550
40 0.8607
41 0.8706
42 0.8770
43 0.8846
44 0.8852
45 0.8915
46 0.9017
47 0.9033
48 0.9073
49 0.9160
50 0.9197
51 0.9280
52 0.9346
53 0.9362
54 0.9400
55 0.9480
56 0.9526
57 0.9598
58 0.9691
59 0.9721
60 0.9793
61 0.9868
62 0.9905
63 0.9919
64 1.0000
65 0.0000
66 0.0000
67 0.0000
68 0.0000
69 0.0000
70 0.0000
71 0.0000
72 0.0000
73 0.0000
74 0.0000
75 0.0000
76 0.0000
77 0.0000
78 0.0000
79 0.0000
80 0.0000
81 0.0000
82 0.0000
83 0.0000
84 0.0000
85 0.0000
86 0.0000
87 0.0000
88 0.0000
89 0.0000
90 0.0000
91 0.0000
92 0.0000
93 0.0000
94 0.0000
95 0.0000
96 0.0000
97 0.0000
98 0.0000
99 0.0000
100 0.0000

=========== Final average value of S-precision@r: =============
0.4000 0.4386
0.4500 0.4359
0.5000 0.4217
0.5500 0.3536
0.6000 0.3214
0.6500 0.3034
0.7000 0.2472
0.7500 0.2404
0.8000 0.2278
0.8500 0.2112
0.9000 0.1971
0.9500 0.1893
1.0000 0.1425

=========== Final average value of F1: =====================
average F1 = 0.6334375

=========== Final average value of Rand Index: =============
average Rand Index = 0.5568551587301588

=========== Final average value of Adjusted Rand Index: ====
average Adj Rand Index = 0.0376499305353089

=========== Final average value of Jaccard Index: ==========
average Jaccard Index = 0.20158562582809528

================ Statistics: ====================================
============ average number of created clusters: 11.22
============ average cluster size: 6.399817267012307
Simulation started at: 15:05 and completed at 15:05
Execution time: 3.465 sec