

=========== Final average value of S-recall@K: =============
1 0.1807
2 0.2417
3 0.3079
4 0.3527
5 0.3888
6 0.4332
7 0.4622
8 0.4896
9 0.5139
10 0.5301
11 0.5606
12 0.5803
13 0.5899
14 0.6149
15 0.6285
16 0.6408
17 0.6556
18 0.6666
19 0.6768
20 0.6861
21 0.6912
22 0.7031
23 0.7176
24 0.7276
25 0.7393
26 0.7483
27 0.7568
28 0.7639
29 0.7760
30 0.7804
31 0.7885
32 0.8014
33 0.8150
34 0.8220
35 0.8267
36 0.8300
37 0.8366
38 0.8404
39 0.8446
40 0.8518
41 0.8598
42 0.8619
43 0.8700
44 0.8778
45 0.8918
46 0.8959
47 0.9054
48 0.9069
49 0.9137
50 0.9183
51 0.9247
52 0.9260
53 0.9320
54 0.9370
55 0.9428
56 0.9504
57 0.9583
58 0.9687
59 0.9717
60 0.9750
61 0.9839
62 0.9927
63 0.9949
64 1.0000
65 0.0000
66 0.0000
67 0.0000
68 0.0000
69 0.0000
70 0.0000
71 0.0000
72 0.0000
73 0.0000
74 0.0000
75 0.0000
76 0.0000
77 0.0000
78 0.0000
79 0.0000
80 0.0000
81 0.0000
82 0.0000
83 0.0000
84 0.0000
85 0.0000
86 0.0000
87 0.0000
88 0.0000
89 0.0000
90 0.0000
91 0.0000
92 0.0000
93 0.0000
94 0.0000
95 0.0000
96 0.0000
97 0.0000
98 0.0000
99 0.0000
100 0.0000

=========== Final average value of S-precision@r: =============
0.4000 0.3983
0.4500 0.4061
0.5000 0.4013
0.5500 0.3513
0.6000 0.2959
0.6500 0.2723
0.7000 0.2591
0.7500 0.2480
0.8000 0.2187
0.8500 0.2062
0.9000 0.1933
0.9500 0.1815
1.0000 0.1563

=========== Final average value of F1: =====================
average F1 = 0.6128125

=========== Final average value of Rand Index: =============
average Rand Index = 0.5595882936507937

=========== Final average value of Adjusted Rand Index: ====
average Adj Rand Index = 0.03100947418852465

=========== Final average value of Jaccard Index: ==========
average Jaccard Index = 0.20383708704526485

================ Statistics: ====================================
============ average number of created clusters: 8.18
============ average cluster size: 8.667581307581301
Simulation started at: 15:10 and completed at 15:10
Execution time: 3.186 sec