

=========== Final average value of S-recall@K: =============
1 0.1807
2 0.2483
3 0.3045
4 0.3581
5 0.4004
6 0.4345
7 0.4638
8 0.4849
9 0.5079
10 0.5368
11 0.5625
12 0.5834
13 0.5999
14 0.6183
15 0.6326
16 0.6608
17 0.6703
18 0.6787
19 0.6886
20 0.7004
21 0.7139
22 0.7271
23 0.7370
24 0.7452
25 0.7557
26 0.7635
27 0.7667
28 0.7704
29 0.7809
30 0.7897
31 0.8094
32 0.8156
33 0.8189
34 0.8283
35 0.8332
36 0.8382
37 0.8413
38 0.8539
39 0.8598
40 0.8662
41 0.8758
42 0.8775
43 0.8832
44 0.8887
45 0.8901
46 0.8947
47 0.9024
48 0.9051
49 0.9137
50 0.9203
51 0.9283
52 0.9322
53 0.9377
54 0.9498
55 0.9512
56 0.9601
57 0.9643
58 0.9716
59 0.9744
60 0.9768
61 0.9849
62 0.9892
63 0.9921
64 1.0000
65 0.0000
66 0.0000
67 0.0000
68 0.0000
69 0.0000
70 0.0000
71 0.0000
72 0.0000
73 0.0000
74 0.0000
75 0.0000
76 0.0000
77 0.0000
78 0.0000
79 0.0000
80 0.0000
81 0.0000
82 0.0000
83 0.0000
84 0.0000
85 0.0000
86 0.0000
87 0.0000
88 0.0000
89 0.0000
90 0.0000
91 0.0000
92 0.0000
93 0.0000
94 0.0000
95 0.0000
96 0.0000
97 0.0000
98 0.0000
99 0.0000
100 0.0000

=========== Final average value of S-precision@r: =============
0.4000 0.4339
0.4500 0.4312
0.5000 0.4075
0.5500 0.3571
0.6000 0.3035
0.6500 0.2880
0.7000 0.2768
0.7500 0.2541
0.8000 0.2250
0.8500 0.2137
0.9000 0.1914
0.9500 0.1811
1.0000 0.1425

=========== Final average value of F1: =====================
average F1 = 0.6215625

=========== Final average value of Rand Index: =============
average Rand Index = 0.5679712301587303

=========== Final average value of Adjusted Rand Index: ====
average Adj Rand Index = 0.040762483873739194

=========== Final average value of Jaccard Index: ==========
average Jaccard Index = 0.20304403276697158

================ Statistics: ====================================
============ average number of created clusters: 9.79
============ average cluster size: 7.1802410262595995
Simulation started at: 15:06 and completed at 15:06
Execution time: 3.344 sec