

=========== Final average value of S-recall@K: =============
1 0.1807
2 0.2502
3 0.3054
4 0.3563
5 0.4175
6 0.4476
7 0.4835
8 0.4947
9 0.5272
10 0.5542
11 0.5733
12 0.5983
13 0.6127
14 0.6331
15 0.6448
16 0.6523
17 0.6686
18 0.6758
19 0.6881
20 0.7048
21 0.7138
22 0.7243
23 0.7407
24 0.7452
25 0.7555
26 0.7697
27 0.7754
28 0.7838
29 0.7967
30 0.8025
31 0.8030
32 0.8118
33 0.8195
34 0.8330
35 0.8403
36 0.8449
37 0.8493
38 0.8548
39 0.8597
40 0.8751
41 0.8823
42 0.8848
43 0.8924
44 0.8994
45 0.9025
46 0.9090
47 0.9111
48 0.9143
49 0.9201
50 0.9257
51 0.9294
52 0.9333
53 0.9366
54 0.9411
55 0.9480
56 0.9527
57 0.9595
58 0.9651
59 0.9801
60 0.9851
61 0.9881
62 0.9928
63 0.9939
64 1.0000
65 0.0000
66 0.0000
67 0.0000
68 0.0000
69 0.0000
70 0.0000
71 0.0000
72 0.0000
73 0.0000
74 0.0000
75 0.0000
76 0.0000
77 0.0000
78 0.0000
79 0.0000
80 0.0000
81 0.0000
82 0.0000
83 0.0000
84 0.0000
85 0.0000
86 0.0000
87 0.0000
88 0.0000
89 0.0000
90 0.0000
91 0.0000
92 0.0000
93 0.0000
94 0.0000
95 0.0000
96 0.0000
97 0.0000
98 0.0000
99 0.0000
100 0.0000

=========== Final average value of S-precision@r: =============
0.4000 0.4516
0.4500 0.4136
0.5000 0.4086
0.5500 0.3389
0.6000 0.3314
0.6500 0.2991
0.7000 0.2725
0.7500 0.2417
0.8000 0.2292
0.8500 0.2170
0.9000 0.2136
0.9500 0.1929
1.0000 0.1563

=========== Final average value of F1: =====================
average F1 = 0.62265625

=========== Final average value of Rand Index: =============
average Rand Index = 0.511984126984127

=========== Final average value of Adjusted Rand Index: ====
average Adj Rand Index = 0.030926221169909902

=========== Final average value of Jaccard Index: ==========
average Jaccard Index = 0.2591842116008161

================ Statistics: ====================================
============ average number of created clusters: 10.31
============ average cluster size: 8.280428302347799
Simulation started at: 14:50 and completed at 14:50
Execution time: 4.682 sec