

=========== Final average value of S-recall@K: =============
1 0.1807
2 0.2473
3 0.2953
4 0.3456
5 0.3952
6 0.4289
7 0.4643
8 0.4967
9 0.5246
10 0.5402
11 0.5503
12 0.5622
13 0.5851
14 0.6020
15 0.6250
16 0.6407
17 0.6558
18 0.6697
19 0.6819
20 0.6925
21 0.7051
22 0.7163
23 0.7240
24 0.7294
25 0.7361
26 0.7561
27 0.7669
28 0.7784
29 0.7814
30 0.7904
31 0.7990
32 0.8135
33 0.8169
34 0.8240
35 0.8272
36 0.8371
37 0.8441
38 0.8510
39 0.8599
40 0.8677
41 0.8720
42 0.8776
43 0.8837
44 0.8901
45 0.8992
46 0.9041
47 0.9071
48 0.9098
49 0.9151
50 0.9225
51 0.9306
52 0.9338
53 0.9407
54 0.9488
55 0.9551
56 0.9573
57 0.9613
58 0.9716
59 0.9764
60 0.9860
61 0.9889
62 0.9908
63 0.9950
64 1.0000
65 0.0000
66 0.0000
67 0.0000
68 0.0000
69 0.0000
70 0.0000
71 0.0000
72 0.0000
73 0.0000
74 0.0000
75 0.0000
76 0.0000
77 0.0000
78 0.0000
79 0.0000
80 0.0000
81 0.0000
82 0.0000
83 0.0000
84 0.0000
85 0.0000
86 0.0000
87 0.0000
88 0.0000
89 0.0000
90 0.0000
91 0.0000
92 0.0000
93 0.0000
94 0.0000
95 0.0000
96 0.0000
97 0.0000
98 0.0000
99 0.0000
100 0.0000

=========== Final average value of S-precision@r: =============
0.4000 0.4034
0.4500 0.4064
0.5000 0.3677
0.5500 0.3358
0.6000 0.3147
0.6500 0.2854
0.7000 0.2580
0.7500 0.2318
0.8000 0.2270
0.8500 0.2072
0.9000 0.1921
0.9500 0.1848
1.0000 0.1493

=========== Final average value of F1: =====================
average F1 = 0.60875

=========== Final average value of Rand Index: =============
average Rand Index = 0.5145287698412697

=========== Final average value of Adjusted Rand Index: ====
average Adj Rand Index = 0.029809114816009542

=========== Final average value of Jaccard Index: ==========
average Jaccard Index = 0.24735496653920439

================ Statistics: ====================================
============ average number of created clusters: 8.67
============ average cluster size: 10.05476587396092
Simulation started at: 14:52 and completed at 14:52
Execution time: 3.54 sec