

=========== Final average value of S-recall@K: =============
1 0.1807
2 0.2468
3 0.2989
4 0.3497
5 0.3949
6 0.4297
7 0.4622
8 0.4919
9 0.5135
10 0.5358
11 0.5543
12 0.5724
13 0.5930
14 0.6130
15 0.6404
16 0.6466
17 0.6632
18 0.6713
19 0.6803
20 0.6983
21 0.7082
22 0.7219
23 0.7249
24 0.7316
25 0.7443
26 0.7523
27 0.7568
28 0.7651
29 0.7743
30 0.7833
31 0.7880
32 0.8001
33 0.8077
34 0.8169
35 0.8202
36 0.8246
37 0.8341
38 0.8384
39 0.8449
40 0.8522
41 0.8604
42 0.8662
43 0.8753
44 0.8870
45 0.8910
46 0.8989
47 0.9059
48 0.9074
49 0.9114
50 0.9159
51 0.9266
52 0.9283
53 0.9328
54 0.9359
55 0.9475
56 0.9529
57 0.9570
58 0.9643
59 0.9718
60 0.9798
61 0.9842
62 0.9875
63 0.9940
64 1.0000
65 0.0000
66 0.0000
67 0.0000
68 0.0000
69 0.0000
70 0.0000
71 0.0000
72 0.0000
73 0.0000
74 0.0000
75 0.0000
76 0.0000
77 0.0000
78 0.0000
79 0.0000
80 0.0000
81 0.0000
82 0.0000
83 0.0000
84 0.0000
85 0.0000
86 0.0000
87 0.0000
88 0.0000
89 0.0000
90 0.0000
91 0.0000
92 0.0000
93 0.0000
94 0.0000
95 0.0000
96 0.0000
97 0.0000
98 0.0000
99 0.0000
100 0.0000

=========== Final average value of S-precision@r: =============
0.4000 0.4314
0.4500 0.4188
0.5000 0.3800
0.5500 0.3420
0.6000 0.3110
0.6500 0.2978
0.7000 0.2614
0.7500 0.2254
0.8000 0.2049
0.8500 0.1982
0.9000 0.1899
0.9500 0.1778
1.0000 0.1563

=========== Final average value of F1: =====================
average F1 = 0.60765625

=========== Final average value of Rand Index: =============
average Rand Index = 0.528422619047619

=========== Final average value of Adjusted Rand Index: ====
average Adj Rand Index = 0.02334781021209479

=========== Final average value of Jaccard Index: ==========
average Jaccard Index = 0.24580160566442802

================ Statistics: ====================================
============ average number of created clusters: 7.74
============ average cluster size: 11.003353913372484
Simulation started at: 14:55 and completed at 14:55
Execution time: 3.24 sec