

=========== Final average value of S-recall@K: =============
1 0.1807
2 0.2571
3 0.3212
4 0.3662
5 0.4074
6 0.4444
7 0.4747
8 0.4938
9 0.5273
10 0.5552
11 0.5710
12 0.5861
13 0.6072
14 0.6242
15 0.6418
16 0.6625
17 0.6744
18 0.6846
19 0.7030
20 0.7254
21 0.7385
22 0.7479
23 0.7571
24 0.7667
25 0.7748
26 0.7834
27 0.7891
28 0.7957
29 0.8000
30 0.8037
31 0.8103
32 0.8127
33 0.8206
34 0.8246
35 0.8293
36 0.8331
37 0.8356
38 0.8383
39 0.8424
40 0.8560
41 0.8614
42 0.8689
43 0.8748
44 0.8818
45 0.8854
46 0.8886
47 0.8921
48 0.9021
49 0.9040
50 0.9079
51 0.9130
52 0.9238
53 0.9298
54 0.9416
55 0.9489
56 0.9534
57 0.9594
58 0.9647
59 0.9719
60 0.9768
61 0.9834
62 0.9873
63 0.9914
64 1.0000
65 0.0000
66 0.0000
67 0.0000
68 0.0000
69 0.0000
70 0.0000
71 0.0000
72 0.0000
73 0.0000
74 0.0000
75 0.0000
76 0.0000
77 0.0000
78 0.0000
79 0.0000
80 0.0000
81 0.0000
82 0.0000
83 0.0000
84 0.0000
85 0.0000
86 0.0000
87 0.0000
88 0.0000
89 0.0000
90 0.0000
91 0.0000
92 0.0000
93 0.0000
94 0.0000
95 0.0000
96 0.0000
97 0.0000
98 0.0000
99 0.0000
100 0.0000

=========== Final average value of S-precision@r: =============
0.4000 0.4846
0.4500 0.4560
0.5000 0.4269
0.5500 0.3662
0.6000 0.3285
0.6500 0.2983
0.7000 0.2694
0.7500 0.2436
0.8000 0.2301
0.8500 0.2138
0.9000 0.1977
0.9500 0.1887
1.0000 0.1563

=========== Final average value of F1: =====================
average F1 = 0.5915625

=========== Final average value of Rand Index: =============
average Rand Index = 0.49209821428571454

=========== Final average value of Adjusted Rand Index: ====
average Adj Rand Index = 0.03637373209696896

=========== Final average value of Jaccard Index: ==========
average Jaccard Index = 0.3265340900476006

================ Statistics: ====================================
============ average number of created clusters: 6.44
============ average cluster size: 12.446760350760348
Simulation started at: 15:02 and completed at 15:02
Execution time: 3.235 sec