

=========== Final average value of S-recall@K: =============
1 0.1807
2 0.2605
3 0.3158
4 0.3656
5 0.4154
6 0.4542
7 0.4866
8 0.5140
9 0.5468
10 0.5680
11 0.5896
12 0.6055
13 0.6226
14 0.6356
15 0.6507
16 0.6668
17 0.6721
18 0.6836
19 0.6917
20 0.7028
21 0.7119
22 0.7196
23 0.7374
24 0.7452
25 0.7570
26 0.7671
27 0.7771
28 0.7870
29 0.8032
30 0.8105
31 0.8184
32 0.8216
33 0.8286
34 0.8364
35 0.8410
36 0.8451
37 0.8496
38 0.8570
39 0.8596
40 0.8680
41 0.8728
42 0.8800
43 0.8869
44 0.8983
45 0.9012
46 0.9101
47 0.9153
48 0.9223
49 0.9250
50 0.9293
51 0.9310
52 0.9333
53 0.9374
54 0.9422
55 0.9472
56 0.9509
57 0.9610
58 0.9737
59 0.9791
60 0.9807
61 0.9851
62 0.9900
63 0.9916
64 1.0000
65 0.0000
66 0.0000
67 0.0000
68 0.0000
69 0.0000
70 0.0000
71 0.0000
72 0.0000
73 0.0000
74 0.0000
75 0.0000
76 0.0000
77 0.0000
78 0.0000
79 0.0000
80 0.0000
81 0.0000
82 0.0000
83 0.0000
84 0.0000
85 0.0000
86 0.0000
87 0.0000
88 0.0000
89 0.0000
90 0.0000
91 0.0000
92 0.0000
93 0.0000
94 0.0000
95 0.0000
96 0.0000
97 0.0000
98 0.0000
99 0.0000
100 0.0000

=========== Final average value of S-precision@r: =============
0.4000 0.4338
0.4500 0.4359
0.5000 0.4192
0.5500 0.3628
0.6000 0.3306
0.6500 0.3037
0.7000 0.2837
0.7500 0.2442
0.8000 0.2269
0.8500 0.2153
0.9000 0.2009
0.9500 0.1936
1.0000 0.1493

=========== Final average value of F1: =====================
average F1 = 0.6390625

=========== Final average value of Rand Index: =============
average Rand Index = 0.563665674603175

=========== Final average value of Adjusted Rand Index: ====
average Adj Rand Index = 0.044425362097503376

=========== Final average value of Jaccard Index: ==========
average Jaccard Index = 0.21954516936220347

================ Statistics: ====================================
============ average number of created clusters: 11.99
============ average cluster size: 6.011669412115228
Simulation started at: 15:04 and completed at 15:04
Execution time: 3.506 sec