

=========== Final average value of S-recall@K: =============
1 0.1807
2 0.2480
3 0.3059
4 0.3597
5 0.4053
6 0.4462
7 0.4865
8 0.5229
9 0.5448
10 0.5615
11 0.5768
12 0.5916
13 0.6108
14 0.6298
15 0.6415
16 0.6517
17 0.6613
18 0.6753
19 0.6863
20 0.6956
21 0.7087
22 0.7207
23 0.7381
24 0.7470
25 0.7555
26 0.7653
27 0.7725
28 0.7797
29 0.7876
30 0.8003
31 0.8033
32 0.8141
33 0.8188
34 0.8262
35 0.8326
36 0.8490
37 0.8534
38 0.8578
39 0.8630
40 0.8726
41 0.8752
42 0.8809
43 0.8856
44 0.8915
45 0.8948
46 0.8987
47 0.9019
48 0.9060
49 0.9132
50 0.9161
51 0.9226
52 0.9294
53 0.9366
54 0.9419
55 0.9470
56 0.9499
57 0.9548
58 0.9720
59 0.9737
60 0.9769
61 0.9862
62 0.9879
63 0.9906
64 1.0000
65 0.0000
66 0.0000
67 0.0000
68 0.0000
69 0.0000
70 0.0000
71 0.0000
72 0.0000
73 0.0000
74 0.0000
75 0.0000
76 0.0000
77 0.0000
78 0.0000
79 0.0000
80 0.0000
81 0.0000
82 0.0000
83 0.0000
84 0.0000
85 0.0000
86 0.0000
87 0.0000
88 0.0000
89 0.0000
90 0.0000
91 0.0000
92 0.0000
93 0.0000
94 0.0000
95 0.0000
96 0.0000
97 0.0000
98 0.0000
99 0.0000
100 0.0000

=========== Final average value of S-precision@r: =============
0.4000 0.4320
0.4500 0.4297
0.5000 0.4149
0.5500 0.3610
0.6000 0.3280
0.6500 0.3058
0.7000 0.2660
0.7500 0.2436
0.8000 0.2232
0.8500 0.2096
0.9000 0.1974
0.9500 0.1915
1.0000 0.1563

=========== Final average value of F1: =====================
average F1 = 0.62765625

=========== Final average value of Rand Index: =============
average Rand Index = 0.5670833333333333

=========== Final average value of Adjusted Rand Index: ====
average Adj Rand Index = 0.04368290660622164

=========== Final average value of Jaccard Index: ==========
average Jaccard Index = 0.19827811027861528

================ Statistics: ====================================
============ average number of created clusters: 10.46
============ average cluster size: 6.76698583700441
Simulation started at: 15:06 and completed at 15:06
Execution time: 3.395 sec