

=========== Final average value of S-recall@K: =============
1 0.1807
2 0.2452
3 0.2999
4 0.3540
5 0.4025
6 0.4354
7 0.4591
8 0.4893
9 0.5080
10 0.5359
11 0.5522
12 0.5743
13 0.5946
14 0.6174
15 0.6337
16 0.6509
17 0.6641
18 0.6753
19 0.6862
20 0.6955
21 0.7049
22 0.7182
23 0.7252
24 0.7309
25 0.7392
26 0.7547
27 0.7643
28 0.7730
29 0.7782
30 0.7825
31 0.7903
32 0.8032
33 0.8108
34 0.8217
35 0.8307
36 0.8352
37 0.8451
38 0.8512
39 0.8615
40 0.8707
41 0.8728
42 0.8768
43 0.8824
44 0.8919
45 0.8941
46 0.8986
47 0.9043
48 0.9105
49 0.9216
50 0.9225
51 0.9239
52 0.9303
53 0.9399
54 0.9474
55 0.9547
56 0.9644
57 0.9696
58 0.9742
59 0.9781
60 0.9795
61 0.9855
62 0.9874
63 0.9925
64 1.0000
65 0.0000
66 0.0000
67 0.0000
68 0.0000
69 0.0000
70 0.0000
71 0.0000
72 0.0000
73 0.0000
74 0.0000
75 0.0000
76 0.0000
77 0.0000
78 0.0000
79 0.0000
80 0.0000
81 0.0000
82 0.0000
83 0.0000
84 0.0000
85 0.0000
86 0.0000
87 0.0000
88 0.0000
89 0.0000
90 0.0000
91 0.0000
92 0.0000
93 0.0000
94 0.0000
95 0.0000
96 0.0000
97 0.0000
98 0.0000
99 0.0000
100 0.0000

=========== Final average value of S-precision@r: =============
0.4000 0.4130
0.4500 0.4035
0.5000 0.3813
0.5500 0.3403
0.6000 0.3149
0.6500 0.2966
0.7000 0.2535
0.7500 0.2562
0.8000 0.2241
0.8500 0.2077
0.9000 0.1901
0.9500 0.1890
1.0000 0.1493

=========== Final average value of F1: =====================
average F1 = 0.6146875

=========== Final average value of Rand Index: =============
average Rand Index = 0.5621527777777778

=========== Final average value of Adjusted Rand Index: ====
average Adj Rand Index = 0.03630927129912605

=========== Final average value of Jaccard Index: ==========
average Jaccard Index = 0.20650015324107232

================ Statistics: ====================================
============ average number of created clusters: 9.28
============ average cluster size: 7.592398058082264
Simulation started at: 15:07 and completed at 15:07
Execution time: 3.292 sec