

=========== Final average value of S-recall@K: =============
1 0.1807
2 0.2442
3 0.3032
4 0.3561
5 0.3918
6 0.4341
7 0.4694
8 0.4925
9 0.5031
10 0.5375
11 0.5520
12 0.5786
13 0.5954
14 0.6122
15 0.6321
16 0.6455
17 0.6562
18 0.6666
19 0.6729
20 0.6873
21 0.6964
22 0.7047
23 0.7177
24 0.7263
25 0.7404
26 0.7438
27 0.7569
28 0.7756
29 0.7853
30 0.7903
31 0.7952
32 0.7995
33 0.8096
34 0.8163
35 0.8196
36 0.8232
37 0.8291
38 0.8374
39 0.8419
40 0.8446
41 0.8460
42 0.8560
43 0.8676
44 0.8751
45 0.8827
46 0.8855
47 0.8909
48 0.8990
49 0.9075
50 0.9131
51 0.9206
52 0.9216
53 0.9302
54 0.9360
55 0.9385
56 0.9501
57 0.9542
58 0.9682
59 0.9691
60 0.9749
61 0.9817
62 0.9883
63 0.9924
64 1.0000
65 0.0000
66 0.0000
67 0.0000
68 0.0000
69 0.0000
70 0.0000
71 0.0000
72 0.0000
73 0.0000
74 0.0000
75 0.0000
76 0.0000
77 0.0000
78 0.0000
79 0.0000
80 0.0000
81 0.0000
82 0.0000
83 0.0000
84 0.0000
85 0.0000
86 0.0000
87 0.0000
88 0.0000
89 0.0000
90 0.0000
91 0.0000
92 0.0000
93 0.0000
94 0.0000
95 0.0000
96 0.0000
97 0.0000
98 0.0000
99 0.0000
100 0.0000

=========== Final average value of S-precision@r: =============
0.4000 0.4268
0.4500 0.4260
0.5000 0.3794
0.5500 0.3331
0.6000 0.2800
0.6500 0.2752
0.7000 0.2497
0.7500 0.2323
0.8000 0.2118
0.8500 0.1929
0.9000 0.1922
0.9500 0.1815
1.0000 0.1563

=========== Final average value of F1: =====================
average F1 = 0.6109375

=========== Final average value of Rand Index: =============
average Rand Index = 0.5560119047619047

=========== Final average value of Adjusted Rand Index: ====
average Adj Rand Index = 0.02920668354913346

=========== Final average value of Jaccard Index: ==========
average Jaccard Index = 0.20473883949797725

================ Statistics: ====================================
============ average number of created clusters: 8.09
============ average cluster size: 8.929280431299002
Simulation started at: 15:11 and completed at 15:11
Execution time: 3.417 sec