

=========== Final average value of S-recall@K: =============
1 0.1807
2 0.2433
3 0.3035
4 0.3518
5 0.3959
6 0.4362
7 0.4698
8 0.4935
9 0.5163
10 0.5367
11 0.5621
12 0.5878
13 0.6154
14 0.6292
15 0.6438
16 0.6605
17 0.6713
18 0.6800
19 0.6898
20 0.7018
21 0.7146
22 0.7257
23 0.7359
24 0.7474
25 0.7505
26 0.7643
27 0.7690
28 0.7733
29 0.7824
30 0.7874
31 0.7967
32 0.8009
33 0.8142
34 0.8220
35 0.8282
36 0.8405
37 0.8464
38 0.8537
39 0.8578
40 0.8658
41 0.8721
42 0.8767
43 0.8831
44 0.8853
45 0.8893
46 0.8983
47 0.9065
48 0.9121
49 0.9134
50 0.9183
51 0.9241
52 0.9255
53 0.9311
54 0.9384
55 0.9432
56 0.9519
57 0.9604
58 0.9757
59 0.9776
60 0.9838
61 0.9893
62 0.9921
63 0.9951
64 1.0000
65 0.0000
66 0.0000
67 0.0000
68 0.0000
69 0.0000
70 0.0000
71 0.0000
72 0.0000
73 0.0000
74 0.0000
75 0.0000
76 0.0000
77 0.0000
78 0.0000
79 0.0000
80 0.0000
81 0.0000
82 0.0000
83 0.0000
84 0.0000
85 0.0000
86 0.0000
87 0.0000
88 0.0000
89 0.0000
90 0.0000
91 0.0000
92 0.0000
93 0.0000
94 0.0000
95 0.0000
96 0.0000
97 0.0000
98 0.0000
99 0.0000
100 0.0000

=========== Final average value of S-precision@r: =============
0.4000 0.4390
0.4500 0.4221
0.5000 0.3884
0.5500 0.3425
0.6000 0.3079
0.6500 0.3016
0.7000 0.2663
0.7500 0.2408
0.8000 0.2173
0.8500 0.2088
0.9000 0.1971
0.9500 0.1860
1.0000 0.1493

=========== Final average value of F1: =====================
average F1 = 0.61453125

=========== Final average value of Rand Index: =============
average Rand Index = 0.5650099206349208

=========== Final average value of Adjusted Rand Index: ====
average Adj Rand Index = 0.03385489228075207

=========== Final average value of Jaccard Index: ==========
average Jaccard Index = 0.20388415352184064

================ Statistics: ====================================
============ average number of created clusters: 8.84
============ average cluster size: 8.045267816462859
Simulation started at: 15:08 and completed at 15:08
Execution time: 3.309 sec