

=========== Final average value of S-recall@K: =============
1 0.1807
2 0.2431
3 0.3014
4 0.3486
5 0.3924
6 0.4307
7 0.4610
8 0.4865
9 0.5231
10 0.5443
11 0.5599
12 0.5756
13 0.5995
14 0.6154
15 0.6340
16 0.6467
17 0.6536
18 0.6747
19 0.6860
20 0.6970
21 0.7110
22 0.7197
23 0.7258
24 0.7349
25 0.7415
26 0.7489
27 0.7576
28 0.7628
29 0.7713
30 0.7778
31 0.7876
32 0.7919
33 0.8062
34 0.8145
35 0.8211
36 0.8298
37 0.8353
38 0.8434
39 0.8502
40 0.8575
41 0.8626
42 0.8701
43 0.8760
44 0.8824
45 0.8860
46 0.8971
47 0.9006
48 0.9057
49 0.9166
50 0.9229
51 0.9254
52 0.9321
53 0.9360
54 0.9437
55 0.9486
56 0.9575
57 0.9614
58 0.9761
59 0.9774
60 0.9808
61 0.9835
62 0.9887
63 0.9910
64 1.0000
65 0.0000
66 0.0000
67 0.0000
68 0.0000
69 0.0000
70 0.0000
71 0.0000
72 0.0000
73 0.0000
74 0.0000
75 0.0000
76 0.0000
77 0.0000
78 0.0000
79 0.0000
80 0.0000
81 0.0000
82 0.0000
83 0.0000
84 0.0000
85 0.0000
86 0.0000
87 0.0000
88 0.0000
89 0.0000
90 0.0000
91 0.0000
92 0.0000
93 0.0000
94 0.0000
95 0.0000
96 0.0000
97 0.0000
98 0.0000
99 0.0000
100 0.0000

=========== Final average value of S-precision@r: =============
0.4000 0.4284
0.4500 0.3987
0.5000 0.3721
0.5500 0.3495
0.6000 0.3078
0.6500 0.2968
0.7000 0.2701
0.7500 0.2512
0.8000 0.2164
0.8500 0.2076
0.9000 0.1933
0.9500 0.1894
1.0000 0.1493

=========== Final average value of F1: =====================
average F1 = 0.61328125

=========== Final average value of Rand Index: =============
average Rand Index = 0.5625000000000001

=========== Final average value of Adjusted Rand Index: ====
average Adj Rand Index = 0.03145117097110318

=========== Final average value of Jaccard Index: ==========
average Jaccard Index = 0.19902275426767452

================ Statistics: ====================================
============ average number of created clusters: 8.92
============ average cluster size: 7.9335437895437835
Simulation started at: 15:07 and completed at 15:07
Execution time: 3.344 sec