

=========== Final average value of S-recall@K: =============
1 0.1807
2 0.2461
3 0.2969
4 0.3409
5 0.3864
6 0.4308
7 0.4671
8 0.5016
9 0.5219
10 0.5415
11 0.5595
12 0.5774
13 0.5961
14 0.6116
15 0.6307
16 0.6422
17 0.6589
18 0.6672
19 0.6833
20 0.6947
21 0.7041
22 0.7176
23 0.7281
24 0.7356
25 0.7452
26 0.7586
27 0.7660
28 0.7755
29 0.7815
30 0.7840
31 0.7947
32 0.8068
33 0.8101
34 0.8119
35 0.8183
36 0.8234
37 0.8307
38 0.8387
39 0.8482
40 0.8537
41 0.8671
42 0.8746
43 0.8827
44 0.8879
45 0.8975
46 0.9059
47 0.9090
48 0.9164
49 0.9185
50 0.9202
51 0.9282
52 0.9309
53 0.9369
54 0.9415
55 0.9506
56 0.9587
57 0.9645
58 0.9752
59 0.9816
60 0.9827
61 0.9876
62 0.9911
63 0.9955
64 1.0000
65 0.0000
66 0.0000
67 0.0000
68 0.0000
69 0.0000
70 0.0000
71 0.0000
72 0.0000
73 0.0000
74 0.0000
75 0.0000
76 0.0000
77 0.0000
78 0.0000
79 0.0000
80 0.0000
81 0.0000
82 0.0000
83 0.0000
84 0.0000
85 0.0000
86 0.0000
87 0.0000
88 0.0000
89 0.0000
90 0.0000
91 0.0000
92 0.0000
93 0.0000
94 0.0000
95 0.0000
96 0.0000
97 0.0000
98 0.0000
99 0.0000
100 0.0000

=========== Final average value of S-precision@r: =============
0.4000 0.4160
0.4500 0.4059
0.5000 0.3602
0.5500 0.3326
0.6000 0.3097
0.6500 0.2989
0.7000 0.2407
0.7500 0.2396
0.8000 0.2140
0.8500 0.1955
0.9000 0.1848
0.9500 0.1823
1.0000 0.1563

=========== Final average value of F1: =====================
average F1 = 0.61203125

=========== Final average value of Rand Index: =============
average Rand Index = 0.5343253968253968

=========== Final average value of Adjusted Rand Index: ====
average Adj Rand Index = 0.027755388251253628

=========== Final average value of Jaccard Index: ==========
average Jaccard Index = 0.24773543422996616

================ Statistics: ====================================
============ average number of created clusters: 8.17
============ average cluster size: 10.398585843465094
Simulation started at: 14:54 and completed at 14:54
Execution time: 3.163 sec