

=========== Final average value of S-recall@K: =============
1 0.1807
2 0.2469
3 0.3124
4 0.3678
5 0.4130
6 0.4494
7 0.4761
8 0.4981
9 0.5149
10 0.5431
11 0.5643
12 0.5883
13 0.6053
14 0.6203
15 0.6398
16 0.6529
17 0.6662
18 0.6706
19 0.6891
20 0.6954
21 0.7045
22 0.7187
23 0.7293
24 0.7349
25 0.7449
26 0.7556
27 0.7658
28 0.7718
29 0.7839
30 0.7929
31 0.8022
32 0.8078
33 0.8146
34 0.8234
35 0.8307
36 0.8363
37 0.8479
38 0.8559
39 0.8576
40 0.8593
41 0.8606
42 0.8631
43 0.8740
44 0.8811
45 0.8860
46 0.8962
47 0.9038
48 0.9063
49 0.9135
50 0.9182
51 0.9220
52 0.9296
53 0.9352
54 0.9440
55 0.9482
56 0.9559
57 0.9578
58 0.9738
59 0.9803
60 0.9824
61 0.9875
62 0.9900
63 0.9919
64 1.0000
65 0.0000
66 0.0000
67 0.0000
68 0.0000
69 0.0000
70 0.0000
71 0.0000
72 0.0000
73 0.0000
74 0.0000
75 0.0000
76 0.0000
77 0.0000
78 0.0000
79 0.0000
80 0.0000
81 0.0000
82 0.0000
83 0.0000
84 0.0000
85 0.0000
86 0.0000
87 0.0000
88 0.0000
89 0.0000
90 0.0000
91 0.0000
92 0.0000
93 0.0000
94 0.0000
95 0.0000
96 0.0000
97 0.0000
98 0.0000
99 0.0000
100 0.0000

=========== Final average value of S-precision@r: =============
0.4000 0.4483
0.4500 0.4014
0.5000 0.4042
0.5500 0.3612
0.6000 0.3226
0.6500 0.2968
0.7000 0.2585
0.7500 0.2474
0.8000 0.2224
0.8500 0.2107
0.9000 0.1982
0.9500 0.1961
1.0000 0.1425

=========== Final average value of F1: =====================
average F1 = 0.62015625

=========== Final average value of Rand Index: =============
average Rand Index = 0.5622420634920637

=========== Final average value of Adjusted Rand Index: ====
average Adj Rand Index = 0.041883024769533296

=========== Final average value of Jaccard Index: ==========
average Jaccard Index = 0.21021594573425376

================ Statistics: ====================================
============ average number of created clusters: 9.47
============ average cluster size: 7.56305617189827
Simulation started at: 15:06 and completed at 15:06
Execution time: 3.383 sec