

=========== Final average value of S-recall@K: =============
1 0.1807
2 0.2630
3 0.3157
4 0.3687
5 0.4088
6 0.4501
7 0.4842
8 0.5089
9 0.5319
10 0.5426
11 0.5646
12 0.5849
13 0.6019
14 0.6100
15 0.6295
16 0.6440
17 0.6540
18 0.6693
19 0.6954
20 0.6998
21 0.7135
22 0.7287
23 0.7384
24 0.7495
25 0.7587
26 0.7657
27 0.7766
28 0.7863
29 0.7924
30 0.7970
31 0.8000
32 0.8031
33 0.8110
34 0.8158
35 0.8173
36 0.8209
37 0.8263
38 0.8283
39 0.8346
40 0.8402
41 0.8505
42 0.8568
43 0.8659
44 0.8751
45 0.8825
46 0.8857
47 0.8894
48 0.8927
49 0.8959
50 0.9025
51 0.9063
52 0.9084
53 0.9172
54 0.9224
55 0.9417
56 0.9464
57 0.9536
58 0.9673
59 0.9740
60 0.9788
61 0.9831
62 0.9860
63 0.9908
64 1.0000
65 0.0000
66 0.0000
67 0.0000
68 0.0000
69 0.0000
70 0.0000
71 0.0000
72 0.0000
73 0.0000
74 0.0000
75 0.0000
76 0.0000
77 0.0000
78 0.0000
79 0.0000
80 0.0000
81 0.0000
82 0.0000
83 0.0000
84 0.0000
85 0.0000
86 0.0000
87 0.0000
88 0.0000
89 0.0000
90 0.0000
91 0.0000
92 0.0000
93 0.0000
94 0.0000
95 0.0000
96 0.0000
97 0.0000
98 0.0000
99 0.0000
100 0.0000

=========== Final average value of S-precision@r: =============
0.4000 0.4354
0.4500 0.4299
0.5000 0.3889
0.5500 0.3425
0.6000 0.3076
0.6500 0.2844
0.7000 0.2547
0.7500 0.2436
0.8000 0.2283
0.8500 0.1992
0.9000 0.1957
0.9500 0.1810
1.0000 0.1563

=========== Final average value of F1: =====================
average F1 = 0.61328125

=========== Final average value of Rand Index: =============
average Rand Index = 0.49671130952380943

=========== Final average value of Adjusted Rand Index: ====
average Adj Rand Index = 0.03804518375078703

=========== Final average value of Jaccard Index: ==========
average Jaccard Index = 0.3208044152011017

================ Statistics: ====================================
============ average number of created clusters: 8.48
============ average cluster size: 11.582061661764442
Simulation started at: 14:48 and completed at 14:48
Execution time: 3.654 sec