

=========== Final average value of S-recall@K: =============
1 0.1807
2 0.2525
3 0.3082
4 0.3608
5 0.4155
6 0.4558
7 0.4813
8 0.5183
9 0.5360
10 0.5523
11 0.5741
12 0.5925
13 0.6054
14 0.6251
15 0.6399
16 0.6557
17 0.6650
18 0.6854
19 0.6923
20 0.7020
21 0.7114
22 0.7225
23 0.7295
24 0.7358
25 0.7372
26 0.7492
27 0.7647
28 0.7755
29 0.7831
30 0.7874
31 0.7927
32 0.8036
33 0.8128
34 0.8196
35 0.8291
36 0.8363
37 0.8428
38 0.8511
39 0.8540
40 0.8641
41 0.8697
42 0.8785
43 0.8860
44 0.8883
45 0.8928
46 0.8972
47 0.9007
48 0.9090
49 0.9157
50 0.9203
51 0.9243
52 0.9266
53 0.9322
54 0.9418
55 0.9449
56 0.9559
57 0.9617
58 0.9699
59 0.9760
60 0.9797
61 0.9866
62 0.9880
63 0.9914
64 1.0000
65 0.0000
66 0.0000
67 0.0000
68 0.0000
69 0.0000
70 0.0000
71 0.0000
72 0.0000
73 0.0000
74 0.0000
75 0.0000
76 0.0000
77 0.0000
78 0.0000
79 0.0000
80 0.0000
81 0.0000
82 0.0000
83 0.0000
84 0.0000
85 0.0000
86 0.0000
87 0.0000
88 0.0000
89 0.0000
90 0.0000
91 0.0000
92 0.0000
93 0.0000
94 0.0000
95 0.0000
96 0.0000
97 0.0000
98 0.0000
99 0.0000
100 0.0000

=========== Final average value of S-precision@r: =============
0.4000 0.4399
0.4500 0.4146
0.5000 0.4143
0.5500 0.3641
0.6000 0.3556
0.6500 0.3272
0.7000 0.2797
0.7500 0.2470
0.8000 0.2304
0.8500 0.2103
0.9000 0.1993
0.9500 0.1860
1.0000 0.1563

=========== Final average value of F1: =====================
average F1 = 0.62640625

=========== Final average value of Rand Index: =============
average Rand Index = 0.5623065476190474

=========== Final average value of Adjusted Rand Index: ====
average Adj Rand Index = 0.04532121689167557

=========== Final average value of Jaccard Index: ==========
average Jaccard Index = 0.20920527592085544

================ Statistics: ====================================
============ average number of created clusters: 10.19
============ average cluster size: 7.070166445869229
Simulation started at: 15:06 and completed at 15:06
Execution time: 3.382 sec