

=========== Final average value of S-recall@K: =============
1 0.1807
2 0.2548
3 0.3288
4 0.3714
5 0.4049
6 0.4313
7 0.4595
8 0.4911
9 0.5182
10 0.5422
11 0.5737
12 0.5901
13 0.6067
14 0.6203
15 0.6328
16 0.6460
17 0.6589
18 0.6631
19 0.6712
20 0.6894
21 0.6976
22 0.7117
23 0.7277
24 0.7403
25 0.7495
26 0.7532
27 0.7599
28 0.7668
29 0.7776
30 0.7826
31 0.7872
32 0.7916
33 0.8033
34 0.8112
35 0.8185
36 0.8220
37 0.8293
38 0.8354
39 0.8401
40 0.8463
41 0.8529
42 0.8590
43 0.8657
44 0.8725
45 0.8792
46 0.8842
47 0.8911
48 0.9000
49 0.9032
50 0.9112
51 0.9192
52 0.9214
53 0.9234
54 0.9350
55 0.9419
56 0.9497
57 0.9533
58 0.9646
59 0.9741
60 0.9801
61 0.9845
62 0.9894
63 0.9931
64 1.0000
65 0.0000
66 0.0000
67 0.0000
68 0.0000
69 0.0000
70 0.0000
71 0.0000
72 0.0000
73 0.0000
74 0.0000
75 0.0000
76 0.0000
77 0.0000
78 0.0000
79 0.0000
80 0.0000
81 0.0000
82 0.0000
83 0.0000
84 0.0000
85 0.0000
86 0.0000
87 0.0000
88 0.0000
89 0.0000
90 0.0000
91 0.0000
92 0.0000
93 0.0000
94 0.0000
95 0.0000
96 0.0000
97 0.0000
98 0.0000
99 0.0000
100 0.0000

=========== Final average value of S-precision@r: =============
0.4000 0.4525
0.4500 0.4305
0.5000 0.3929
0.5500 0.3497
0.6000 0.3038
0.6500 0.2907
0.7000 0.2563
0.7500 0.2356
0.8000 0.2246
0.8500 0.2081
0.9000 0.1945
0.9500 0.1866
1.0000 0.1563

=========== Final average value of F1: =====================
average F1 = 0.59046875

=========== Final average value of Rand Index: =============
average Rand Index = 0.48992063492063487

=========== Final average value of Adjusted Rand Index: ====
average Adj Rand Index = 0.02305997852228632

=========== Final average value of Jaccard Index: ==========
average Jaccard Index = 0.3118963242084563

================ Statistics: ====================================
============ average number of created clusters: 6.21
============ average cluster size: 14.109142973985074
Simulation started at: 15:02 and completed at 15:02
Execution time: 3.374 sec