

=========== Final average value of S-recall@K: =============
1 0.1807
2 0.2484
3 0.3058
4 0.3483
5 0.3827
6 0.4099
7 0.4506
8 0.4873
9 0.5125
10 0.5319
11 0.5571
12 0.5804
13 0.5983
14 0.6056
15 0.6248
16 0.6442
17 0.6608
18 0.6710
19 0.6756
20 0.6918
21 0.7039
22 0.7188
23 0.7327
24 0.7443
25 0.7516
26 0.7637
27 0.7716
28 0.7759
29 0.7835
30 0.7884
31 0.7951
32 0.8019
33 0.8122
34 0.8165
35 0.8205
36 0.8264
37 0.8333
38 0.8394
39 0.8437
40 0.8521
41 0.8590
42 0.8659
43 0.8792
44 0.8852
45 0.8923
46 0.8963
47 0.9054
48 0.9117
49 0.9171
50 0.9200
51 0.9279
52 0.9325
53 0.9349
54 0.9387
55 0.9449
56 0.9525
57 0.9629
58 0.9713
59 0.9748
60 0.9806
61 0.9842
62 0.9914
63 0.9957
64 1.0000
65 0.0000
66 0.0000
67 0.0000
68 0.0000
69 0.0000
70 0.0000
71 0.0000
72 0.0000
73 0.0000
74 0.0000
75 0.0000
76 0.0000
77 0.0000
78 0.0000
79 0.0000
80 0.0000
81 0.0000
82 0.0000
83 0.0000
84 0.0000
85 0.0000
86 0.0000
87 0.0000
88 0.0000
89 0.0000
90 0.0000
91 0.0000
92 0.0000
93 0.0000
94 0.0000
95 0.0000
96 0.0000
97 0.0000
98 0.0000
99 0.0000
100 0.0000

=========== Final average value of S-precision@r: =============
0.4000 0.4087
0.4500 0.3886
0.5000 0.3623
0.5500 0.3343
0.6000 0.2935
0.6500 0.2795
0.7000 0.2491
0.7500 0.2310
0.8000 0.2175
0.8500 0.2069
0.9000 0.1906
0.9500 0.1873
1.0000 0.1563

=========== Final average value of F1: =====================
average F1 = 0.6103125

=========== Final average value of Rand Index: =============
average Rand Index = 0.5282738095238095

=========== Final average value of Adjusted Rand Index: ====
average Adj Rand Index = 0.030130121539124234

=========== Final average value of Jaccard Index: ==========
average Jaccard Index = 0.24437463434413867

================ Statistics: ====================================
============ average number of created clusters: 8.1
============ average cluster size: 10.62671064607906
Simulation started at: 14:55 and completed at 14:55
Execution time: 4.546 sec