

=========== Final average value of S-recall@K: =============
1 0.1807
2 0.2537
3 0.3053
4 0.3712
5 0.4119
6 0.4508
7 0.4747
8 0.4925
9 0.5162
10 0.5449
11 0.5644
12 0.5872
13 0.6076
14 0.6249
15 0.6478
16 0.6591
17 0.6682
18 0.6822
19 0.6952
20 0.7069
21 0.7138
22 0.7230
23 0.7411
24 0.7524
25 0.7590
26 0.7693
27 0.7786
28 0.7878
29 0.7905
30 0.8012
31 0.8100
32 0.8198
33 0.8241
34 0.8296
35 0.8338
36 0.8372
37 0.8427
38 0.8541
39 0.8590
40 0.8696
41 0.8782
42 0.8847
43 0.8926
44 0.8990
45 0.9026
46 0.9085
47 0.9091
48 0.9127
49 0.9180
50 0.9223
51 0.9278
52 0.9278
53 0.9362
54 0.9433
55 0.9487
56 0.9550
57 0.9644
58 0.9684
59 0.9750
60 0.9831
61 0.9857
62 0.9906
63 0.9943
64 1.0000
65 0.0000
66 0.0000
67 0.0000
68 0.0000
69 0.0000
70 0.0000
71 0.0000
72 0.0000
73 0.0000
74 0.0000
75 0.0000
76 0.0000
77 0.0000
78 0.0000
79 0.0000
80 0.0000
81 0.0000
82 0.0000
83 0.0000
84 0.0000
85 0.0000
86 0.0000
87 0.0000
88 0.0000
89 0.0000
90 0.0000
91 0.0000
92 0.0000
93 0.0000
94 0.0000
95 0.0000
96 0.0000
97 0.0000
98 0.0000
99 0.0000
100 0.0000

=========== Final average value of S-precision@r: =============
0.4000 0.4240
0.4500 0.4258
0.5000 0.3848
0.5500 0.3583
0.6000 0.3199
0.6500 0.2934
0.7000 0.2632
0.7500 0.2465
0.8000 0.2328
0.8500 0.2137
0.9000 0.2016
0.9500 0.1900
1.0000 0.1493

=========== Final average value of F1: =====================
average F1 = 0.6153125

=========== Final average value of Rand Index: =============
average Rand Index = 0.5107837301587302

=========== Final average value of Adjusted Rand Index: ====
average Adj Rand Index = 0.02634138634980457

=========== Final average value of Jaccard Index: ==========
average Jaccard Index = 0.2570193658799606

================ Statistics: ====================================
============ average number of created clusters: 9.54
============ average cluster size: 9.08723270125127
Simulation started at: 14:50 and completed at 14:50
Execution time: 3.442 sec