

=========== Final average value of S-recall@K: =============
1 0.1807
2 0.2434
3 0.2891
4 0.3394
5 0.3855
6 0.4065
7 0.4565
8 0.4907
9 0.5090
10 0.5415
11 0.5581
12 0.5855
13 0.5938
14 0.6060
15 0.6283
16 0.6484
17 0.6641
18 0.6813
19 0.6882
20 0.7029
21 0.7155
22 0.7270
23 0.7352
24 0.7430
25 0.7496
26 0.7564
27 0.7621
28 0.7747
29 0.7834
30 0.7885
31 0.7972
32 0.8081
33 0.8121
34 0.8157
35 0.8236
36 0.8275
37 0.8387
38 0.8450
39 0.8530
40 0.8669
41 0.8789
42 0.8822
43 0.8914
44 0.8945
45 0.8967
46 0.9009
47 0.9056
48 0.9097
49 0.9130
50 0.9202
51 0.9295
52 0.9317
53 0.9351
54 0.9440
55 0.9547
56 0.9571
57 0.9619
58 0.9689
59 0.9764
60 0.9815
61 0.9866
62 0.9901
63 0.9937
64 1.0000
65 0.0000
66 0.0000
67 0.0000
68 0.0000
69 0.0000
70 0.0000
71 0.0000
72 0.0000
73 0.0000
74 0.0000
75 0.0000
76 0.0000
77 0.0000
78 0.0000
79 0.0000
80 0.0000
81 0.0000
82 0.0000
83 0.0000
84 0.0000
85 0.0000
86 0.0000
87 0.0000
88 0.0000
89 0.0000
90 0.0000
91 0.0000
92 0.0000
93 0.0000
94 0.0000
95 0.0000
96 0.0000
97 0.0000
98 0.0000
99 0.0000
100 0.0000

=========== Final average value of S-precision@r: =============
0.4000 0.4194
0.4500 0.4057
0.5000 0.3600
0.5500 0.3377
0.6000 0.3005
0.6500 0.2849
0.7000 0.2571
0.7500 0.2395
0.8000 0.2138
0.8500 0.2074
0.9000 0.1966
0.9500 0.1866
1.0000 0.1563

=========== Final average value of F1: =====================
average F1 = 0.6090625

=========== Final average value of Rand Index: =============
average Rand Index = 0.5149603174603175

=========== Final average value of Adjusted Rand Index: ====
average Adj Rand Index = 0.02190754891453472

=========== Final average value of Jaccard Index: ==========
average Jaccard Index = 0.23714634459416886

================ Statistics: ====================================
============ average number of created clusters: 8.49
============ average cluster size: 10.29033418868712
Simulation started at: 14:53 and completed at 14:53
Execution time: 3.169 sec