

=========== Final average value of S-recall@K: =============
1 0.1807
2 0.2375
3 0.2823
4 0.3213
5 0.3645
6 0.4065
7 0.4261
8 0.4476
9 0.4662
10 0.4858
11 0.4979
12 0.5293
13 0.5448
14 0.5644
15 0.5797
16 0.5934
17 0.6036
18 0.6173
19 0.6263
20 0.6353
21 0.6487
22 0.6724
23 0.6841
24 0.6919
25 0.7008
26 0.7112
27 0.7216
28 0.7327
29 0.7392
30 0.7430
31 0.7496
32 0.7614
33 0.7730
34 0.7795
35 0.7908
36 0.7978
37 0.8052
38 0.8124
39 0.8283
40 0.8354
41 0.8428
42 0.8485
43 0.8557
44 0.8606
45 0.8701
46 0.8748
47 0.8819
48 0.8886
49 0.8968
50 0.9012
51 0.9106
52 0.9175
53 0.9258
54 0.9318
55 0.9398
56 0.9463
57 0.9516
58 0.9567
59 0.9637
60 0.9722
61 0.9778
62 0.9860
63 0.9931
64 1.0000
65 0.0000
66 0.0000
67 0.0000
68 0.0000
69 0.0000
70 0.0000
71 0.0000
72 0.0000
73 0.0000
74 0.0000
75 0.0000
76 0.0000
77 0.0000
78 0.0000
79 0.0000
80 0.0000
81 0.0000
82 0.0000
83 0.0000
84 0.0000
85 0.0000
86 0.0000
87 0.0000
88 0.0000
89 0.0000
90 0.0000
91 0.0000
92 0.0000
93 0.0000
94 0.0000
95 0.0000
96 0.0000
97 0.0000
98 0.0000
99 0.0000
100 0.0000

=========== Final average value of S-precision@r: =============
0.4000 0.4014
0.4500 0.3553
0.5000 0.3420
0.5500 0.2982
0.6000 0.2741
0.6500 0.2513
0.7000 0.2198
0.7500 0.2062
0.8000 0.2072
0.8500 0.1875
0.9000 0.1810
0.9500 0.1774
1.0000 0.1563

=========== Final average value of F1: =====================
average F1 = 0.5946875

=========== Final average value of Rand Index: =============
average Rand Index = 0.4608234126984128

=========== Final average value of Adjusted Rand Index: ====
average Adj Rand Index = -0.011668400011880962

=========== Final average value of Jaccard Index: ==========
average Jaccard Index = 0.3037462584131224

================ Statistics: ====================================
============ average number of created clusters: 8.25
============ average cluster size: 12.35920152774642
Simulation started at: 14:47 and completed at 14:47
Execution time: 3.586 sec