

=========== Final average value of S-recall@K: =============
1 0.1807
2 0.2508
3 0.2917
4 0.3445
5 0.3866
6 0.4442
7 0.4721
8 0.5048
9 0.5287
10 0.5472
11 0.5577
12 0.5728
13 0.5916
14 0.6088
15 0.6246
16 0.6359
17 0.6474
18 0.6717
19 0.6838
20 0.6906
21 0.6964
22 0.7078
23 0.7236
24 0.7288
25 0.7342
26 0.7482
27 0.7620
28 0.7680
29 0.7813
30 0.7952
31 0.8019
32 0.8094
33 0.8166
34 0.8246
35 0.8340
36 0.8440
37 0.8488
38 0.8525
39 0.8619
40 0.8700
41 0.8754
42 0.8782
43 0.8820
44 0.8873
45 0.8913
46 0.8987
47 0.9063
48 0.9087
49 0.9167
50 0.9218
51 0.9321
52 0.9344
53 0.9401
54 0.9425
55 0.9511
56 0.9566
57 0.9608
58 0.9715
59 0.9779
60 0.9823
61 0.9886
62 0.9899
63 0.9941
64 1.0000
65 0.0000
66 0.0000
67 0.0000
68 0.0000
69 0.0000
70 0.0000
71 0.0000
72 0.0000
73 0.0000
74 0.0000
75 0.0000
76 0.0000
77 0.0000
78 0.0000
79 0.0000
80 0.0000
81 0.0000
82 0.0000
83 0.0000
84 0.0000
85 0.0000
86 0.0000
87 0.0000
88 0.0000
89 0.0000
90 0.0000
91 0.0000
92 0.0000
93 0.0000
94 0.0000
95 0.0000
96 0.0000
97 0.0000
98 0.0000
99 0.0000
100 0.0000

=========== Final average value of S-precision@r: =============
0.4000 0.4316
0.4500 0.4151
0.5000 0.3926
0.5500 0.3382
0.6000 0.3052
0.6500 0.2806
0.7000 0.2590
0.7500 0.2344
0.8000 0.2194
0.8500 0.2068
0.9000 0.1931
0.9500 0.1851
1.0000 0.1493

=========== Final average value of F1: =====================
average F1 = 0.61625

=========== Final average value of Rand Index: =============
average Rand Index = 0.5278373015873015

=========== Final average value of Adjusted Rand Index: ====
average Adj Rand Index = 0.028190514539675346

=========== Final average value of Jaccard Index: ==========
average Jaccard Index = 0.23416104643450233

================ Statistics: ====================================
============ average number of created clusters: 9.26
============ average cluster size: 9.340538729244605
Simulation started at: 14:52 and completed at 14:52
Execution time: 3.638 sec