

=========== Final average value of S-recall@K: =============
1 0.1807
2 0.2459
3 0.3051
4 0.3548
5 0.3880
6 0.4256
7 0.4585
8 0.4967
9 0.5158
10 0.5382
11 0.5584
12 0.5857
13 0.6123
14 0.6283
15 0.6366
16 0.6470
17 0.6697
18 0.6812
19 0.6909
20 0.6978
21 0.7069
22 0.7243
23 0.7313
24 0.7371
25 0.7427
26 0.7539
27 0.7562
28 0.7658
29 0.7750
30 0.7780
31 0.7830
32 0.7944
33 0.7989
34 0.8082
35 0.8177
36 0.8221
37 0.8294
38 0.8381
39 0.8478
40 0.8531
41 0.8560
42 0.8619
43 0.8706
44 0.8760
45 0.8829
46 0.8867
47 0.8939
48 0.8963
49 0.9087
50 0.9124
51 0.9174
52 0.9259
53 0.9344
54 0.9385
55 0.9457
56 0.9530
57 0.9579
58 0.9735
59 0.9780
60 0.9812
61 0.9858
62 0.9892
63 0.9938
64 1.0000
65 0.0000
66 0.0000
67 0.0000
68 0.0000
69 0.0000
70 0.0000
71 0.0000
72 0.0000
73 0.0000
74 0.0000
75 0.0000
76 0.0000
77 0.0000
78 0.0000
79 0.0000
80 0.0000
81 0.0000
82 0.0000
83 0.0000
84 0.0000
85 0.0000
86 0.0000
87 0.0000
88 0.0000
89 0.0000
90 0.0000
91 0.0000
92 0.0000
93 0.0000
94 0.0000
95 0.0000
96 0.0000
97 0.0000
98 0.0000
99 0.0000
100 0.0000

=========== Final average value of S-precision@r: =============
0.4000 0.4242
0.4500 0.4020
0.5000 0.3862
0.5500 0.3243
0.6000 0.2901
0.6500 0.2879
0.7000 0.2575
0.7500 0.2458
0.8000 0.2190
0.8500 0.2088
0.9000 0.1995
0.9500 0.1847
1.0000 0.1563

=========== Final average value of F1: =====================
average F1 = 0.61234375

=========== Final average value of Rand Index: =============
average Rand Index = 0.5594444444444444

=========== Final average value of Adjusted Rand Index: ====
average Adj Rand Index = 0.028603941815068142

=========== Final average value of Jaccard Index: ==========
average Jaccard Index = 0.19618013221479547

================ Statistics: ====================================
============ average number of created clusters: 8.82
============ average cluster size: 8.029506754683222
Simulation started at: 15:08 and completed at 15:09
Execution time: 4.659 sec