

=========== Final average value of S-recall@K: =============
1 0.1807
2 0.2606
3 0.3179
4 0.3677
5 0.4063
6 0.4335
7 0.4683
8 0.4963
9 0.5186
10 0.5489
11 0.5696
12 0.5885
13 0.6065
14 0.6262
15 0.6434
16 0.6565
17 0.6785
18 0.6857
19 0.6915
20 0.7010
21 0.7092
22 0.7256
23 0.7356
24 0.7416
25 0.7521
26 0.7637
27 0.7779
28 0.7832
29 0.7878
30 0.7947
31 0.8008
32 0.8110
33 0.8128
34 0.8232
35 0.8256
36 0.8288
37 0.8368
38 0.8431
39 0.8496
40 0.8527
41 0.8598
42 0.8681
43 0.8729
44 0.8839
45 0.8915
46 0.8978
47 0.9023
48 0.9074
49 0.9085
50 0.9140
51 0.9162
52 0.9209
53 0.9285
54 0.9380
55 0.9440
56 0.9508
57 0.9541
58 0.9598
59 0.9661
60 0.9753
61 0.9800
62 0.9830
63 0.9914
64 1.0000
65 0.0000
66 0.0000
67 0.0000
68 0.0000
69 0.0000
70 0.0000
71 0.0000
72 0.0000
73 0.0000
74 0.0000
75 0.0000
76 0.0000
77 0.0000
78 0.0000
79 0.0000
80 0.0000
81 0.0000
82 0.0000
83 0.0000
84 0.0000
85 0.0000
86 0.0000
87 0.0000
88 0.0000
89 0.0000
90 0.0000
91 0.0000
92 0.0000
93 0.0000
94 0.0000
95 0.0000
96 0.0000
97 0.0000
98 0.0000
99 0.0000
100 0.0000

=========== Final average value of S-precision@r: =============
0.4000 0.4270
0.4500 0.4017
0.5000 0.3920
0.5500 0.3758
0.6000 0.3185
0.6500 0.2953
0.7000 0.2654
0.7500 0.2483
0.8000 0.2318
0.8500 0.2086
0.9000 0.1999
0.9500 0.1915
1.0000 0.1563

=========== Final average value of F1: =====================
average F1 = 0.6009375

=========== Final average value of Rand Index: =============
average Rand Index = 0.5033680555555553

=========== Final average value of Adjusted Rand Index: ====
average Adj Rand Index = 0.03347524690980864

=========== Final average value of Jaccard Index: ==========
average Jaccard Index = 0.31443001443846286

================ Statistics: ====================================
============ average number of created clusters: 7.53
============ average cluster size: 11.696470508507659
Simulation started at: 15:02 and completed at 15:02
Execution time: 3.402 sec