

=========== Final average value of S-recall@K: =============
1 0.1807
2 0.2473
3 0.2908
4 0.3447
5 0.3826
6 0.4140
7 0.4619
8 0.4898
9 0.5076
10 0.5273
11 0.5543
12 0.5846
13 0.6000
14 0.6119
15 0.6319
16 0.6448
17 0.6610
18 0.6730
19 0.6882
20 0.6946
21 0.7014
22 0.7141
23 0.7176
24 0.7252
25 0.7341
26 0.7475
27 0.7544
28 0.7685
29 0.7757
30 0.7830
31 0.7865
32 0.7973
33 0.8023
34 0.8123
35 0.8173
36 0.8246
37 0.8312
38 0.8412
39 0.8470
40 0.8558
41 0.8630
42 0.8702
43 0.8753
44 0.8843
45 0.8899
46 0.8991
47 0.9065
48 0.9126
49 0.9194
50 0.9194
51 0.9316
52 0.9328
53 0.9342
54 0.9412
55 0.9469
56 0.9569
57 0.9631
58 0.9675
59 0.9725
60 0.9761
61 0.9816
62 0.9887
63 0.9923
64 1.0000
65 0.0000
66 0.0000
67 0.0000
68 0.0000
69 0.0000
70 0.0000
71 0.0000
72 0.0000
73 0.0000
74 0.0000
75 0.0000
76 0.0000
77 0.0000
78 0.0000
79 0.0000
80 0.0000
81 0.0000
82 0.0000
83 0.0000
84 0.0000
85 0.0000
86 0.0000
87 0.0000
88 0.0000
89 0.0000
90 0.0000
91 0.0000
92 0.0000
93 0.0000
94 0.0000
95 0.0000
96 0.0000
97 0.0000
98 0.0000
99 0.0000
100 0.0000

=========== Final average value of S-precision@r: =============
0.4000 0.4053
0.4500 0.4052
0.5000 0.3712
0.5500 0.3285
0.6000 0.3116
0.6500 0.2992
0.7000 0.2636
0.7500 0.2324
0.8000 0.2291
0.8500 0.2010
0.9000 0.1892
0.9500 0.1840
1.0000 0.1563

=========== Final average value of F1: =====================
average F1 = 0.6134375

=========== Final average value of Rand Index: =============
average Rand Index = 0.5236160714285715

=========== Final average value of Adjusted Rand Index: ====
average Adj Rand Index = 0.026935359440595653

=========== Final average value of Jaccard Index: ==========
average Jaccard Index = 0.23803853178383638

================ Statistics: ====================================
============ average number of created clusters: 8.6
============ average cluster size: 10.032358686377258
Simulation started at: 14:54 and completed at 14:54
Execution time: 3.271 sec