

=========== Final average value of S-recall@K: =============
1 0.1807
2 0.2449
3 0.2982
4 0.3490
5 0.3954
6 0.4295
7 0.4619
8 0.5005
9 0.5269
10 0.5566
11 0.5678
12 0.5844
13 0.5987
14 0.6210
15 0.6402
16 0.6497
17 0.6660
18 0.6759
19 0.6909
20 0.7041
21 0.7108
22 0.7202
23 0.7376
24 0.7459
25 0.7523
26 0.7639
27 0.7737
28 0.7838
29 0.7850
30 0.7931
31 0.8051
32 0.8135
33 0.8166
34 0.8226
35 0.8287
36 0.8351
37 0.8410
38 0.8485
39 0.8576
40 0.8672
41 0.8743
42 0.8803
43 0.8839
44 0.8890
45 0.8937
46 0.9027
47 0.9036
48 0.9130
49 0.9170
50 0.9190
51 0.9247
52 0.9307
53 0.9402
54 0.9480
55 0.9538
56 0.9566
57 0.9610
58 0.9680
59 0.9736
60 0.9822
61 0.9869
62 0.9910
63 0.9956
64 1.0000
65 0.0000
66 0.0000
67 0.0000
68 0.0000
69 0.0000
70 0.0000
71 0.0000
72 0.0000
73 0.0000
74 0.0000
75 0.0000
76 0.0000
77 0.0000
78 0.0000
79 0.0000
80 0.0000
81 0.0000
82 0.0000
83 0.0000
84 0.0000
85 0.0000
86 0.0000
87 0.0000
88 0.0000
89 0.0000
90 0.0000
91 0.0000
92 0.0000
93 0.0000
94 0.0000
95 0.0000
96 0.0000
97 0.0000
98 0.0000
99 0.0000
100 0.0000

=========== Final average value of S-precision@r: =============
0.4000 0.4337
0.4500 0.4310
0.5000 0.4272
0.5500 0.3480
0.6000 0.3320
0.6500 0.3000
0.7000 0.2668
0.7500 0.2488
0.8000 0.2237
0.8500 0.2132
0.9000 0.1926
0.9500 0.1914
1.0000 0.1563

=========== Final average value of F1: =====================
average F1 = 0.6171875

=========== Final average value of Rand Index: =============
average Rand Index = 0.5195238095238094

=========== Final average value of Adjusted Rand Index: ====
average Adj Rand Index = 0.03295155152171913

=========== Final average value of Jaccard Index: ==========
average Jaccard Index = 0.24781780050290217

================ Statistics: ====================================
============ average number of created clusters: 9.51
============ average cluster size: 9.078555912611632
Simulation started at: 14:51 and completed at 14:51
Execution time: 3.415 sec