

=========== Final average value of S-recall@K: =============
1 0.1807
2 0.2498
3 0.2985
4 0.3531
5 0.4007
6 0.4407
7 0.4755
8 0.5009
9 0.5278
10 0.5426
11 0.5570
12 0.5710
13 0.6000
14 0.6192
15 0.6324
16 0.6408
17 0.6511
18 0.6673
19 0.6772
20 0.6906
21 0.7043
22 0.7209
23 0.7284
24 0.7327
25 0.7412
26 0.7538
27 0.7598
28 0.7676
29 0.7780
30 0.7870
31 0.8016
32 0.8082
33 0.8122
34 0.8204
35 0.8287
36 0.8307
37 0.8355
38 0.8455
39 0.8556
40 0.8646
41 0.8691
42 0.8704
43 0.8758
44 0.8851
45 0.8894
46 0.9024
47 0.9081
48 0.9156
49 0.9206
50 0.9276
51 0.9360
52 0.9371
53 0.9378
54 0.9434
55 0.9483
56 0.9566
57 0.9620
58 0.9692
59 0.9745
60 0.9844
61 0.9892
62 0.9904
63 0.9933
64 1.0000
65 0.0000
66 0.0000
67 0.0000
68 0.0000
69 0.0000
70 0.0000
71 0.0000
72 0.0000
73 0.0000
74 0.0000
75 0.0000
76 0.0000
77 0.0000
78 0.0000
79 0.0000
80 0.0000
81 0.0000
82 0.0000
83 0.0000
84 0.0000
85 0.0000
86 0.0000
87 0.0000
88 0.0000
89 0.0000
90 0.0000
91 0.0000
92 0.0000
93 0.0000
94 0.0000
95 0.0000
96 0.0000
97 0.0000
98 0.0000
99 0.0000
100 0.0000

=========== Final average value of S-precision@r: =============
0.4000 0.4151
0.4500 0.4031
0.5000 0.3772
0.5500 0.3278
0.6000 0.3001
0.6500 0.2904
0.7000 0.2562
0.7500 0.2407
0.8000 0.2336
0.8500 0.2017
0.9000 0.1982
0.9500 0.1788
1.0000 0.1493

=========== Final average value of F1: =====================
average F1 = 0.6146875

=========== Final average value of Rand Index: =============
average Rand Index = 0.5235515873015872

=========== Final average value of Adjusted Rand Index: ====
average Adj Rand Index = 0.03307854518583016

=========== Final average value of Jaccard Index: ==========
average Jaccard Index = 0.23881731746047172

================ Statistics: ====================================
============ average number of created clusters: 9.06
============ average cluster size: 9.758681813542488
Simulation started at: 14:53 and completed at 14:53
Execution time: 3.255 sec