

=========== Final average value of S-recall@K: =============
1 0.1807
2 0.2519
3 0.2996
4 0.3534
5 0.4005
6 0.4371
7 0.4647
8 0.4841
9 0.5130
10 0.5305
11 0.5504
12 0.5706
13 0.5865
14 0.6108
15 0.6319
16 0.6403
17 0.6493
18 0.6643
19 0.6755
20 0.6908
21 0.7008
22 0.7143
23 0.7312
24 0.7430
25 0.7540
26 0.7652
27 0.7798
28 0.7888
29 0.7980
30 0.8112
31 0.8171
32 0.8246
33 0.8300
34 0.8411
35 0.8466
36 0.8480
37 0.8509
38 0.8566
39 0.8626
40 0.8723
41 0.8797
42 0.8885
43 0.8932
44 0.8998
45 0.9027
46 0.9099
47 0.9107
48 0.9213
49 0.9254
50 0.9276
51 0.9276
52 0.9290
53 0.9348
54 0.9446
55 0.9483
56 0.9569
57 0.9635
58 0.9664
59 0.9789
60 0.9843
61 0.9875
62 0.9897
63 0.9940
64 1.0000
65 0.0000
66 0.0000
67 0.0000
68 0.0000
69 0.0000
70 0.0000
71 0.0000
72 0.0000
73 0.0000
74 0.0000
75 0.0000
76 0.0000
77 0.0000
78 0.0000
79 0.0000
80 0.0000
81 0.0000
82 0.0000
83 0.0000
84 0.0000
85 0.0000
86 0.0000
87 0.0000
88 0.0000
89 0.0000
90 0.0000
91 0.0000
92 0.0000
93 0.0000
94 0.0000
95 0.0000
96 0.0000
97 0.0000
98 0.0000
99 0.0000
100 0.0000

=========== Final average value of S-precision@r: =============
0.4000 0.4218
0.4500 0.3973
0.5000 0.3850
0.5500 0.3478
0.6000 0.3113
0.6500 0.2905
0.7000 0.2627
0.7500 0.2445
0.8000 0.2238
0.8500 0.2126
0.9000 0.2043
0.9500 0.1932
1.0000 0.1519

=========== Final average value of F1: =====================
average F1 = 0.626875

=========== Final average value of Rand Index: =============
average Rand Index = 0.5142708333333331

=========== Final average value of Adjusted Rand Index: ====
average Adj Rand Index = 0.033342012913139533

=========== Final average value of Jaccard Index: ==========
average Jaccard Index = 0.2801830254360828

================ Statistics: ====================================
============ average number of created clusters: 10.51
============ average cluster size: 8.364446583344408
Simulation started at: 14:49 and completed at 14:50
Execution time: 3.831 sec