

=========== Final average value of S-recall@K: =============
1 0.1807
2 0.2548
3 0.3047
4 0.3629
5 0.4157
6 0.4489
7 0.4761
8 0.5025
9 0.5196
10 0.5442
11 0.5613
12 0.5779
13 0.5969
14 0.6089
15 0.6178
16 0.6369
17 0.6531
18 0.6649
19 0.6743
20 0.6779
21 0.6918
22 0.7044
23 0.7182
24 0.7367
25 0.7471
26 0.7577
27 0.7636
28 0.7789
29 0.7880
30 0.7988
31 0.8023
32 0.8076
33 0.8150
34 0.8253
35 0.8325
36 0.8411
37 0.8474
38 0.8551
39 0.8564
40 0.8690
41 0.8723
42 0.8830
43 0.8874
44 0.8939
45 0.9002
46 0.9085
47 0.9119
48 0.9185
49 0.9213
50 0.9233
51 0.9275
52 0.9314
53 0.9363
54 0.9434
55 0.9465
56 0.9557
57 0.9605
58 0.9687
59 0.9775
60 0.9843
61 0.9865
62 0.9895
63 0.9930
64 1.0000
65 0.0000
66 0.0000
67 0.0000
68 0.0000
69 0.0000
70 0.0000
71 0.0000
72 0.0000
73 0.0000
74 0.0000
75 0.0000
76 0.0000
77 0.0000
78 0.0000
79 0.0000
80 0.0000
81 0.0000
82 0.0000
83 0.0000
84 0.0000
85 0.0000
86 0.0000
87 0.0000
88 0.0000
89 0.0000
90 0.0000
91 0.0000
92 0.0000
93 0.0000
94 0.0000
95 0.0000
96 0.0000
97 0.0000
98 0.0000
99 0.0000
100 0.0000

=========== Final average value of S-precision@r: =============
0.4000 0.4529
0.4500 0.3979
0.5000 0.3971
0.5500 0.3348
0.6000 0.3096
0.6500 0.2963
0.7000 0.2540
0.7500 0.2357
0.8000 0.2237
0.8500 0.2070
0.9000 0.1948
0.9500 0.1814
1.0000 0.1563

=========== Final average value of F1: =====================
average F1 = 0.6240625

=========== Final average value of Rand Index: =============
average Rand Index = 0.5105059523809524

=========== Final average value of Adjusted Rand Index: ====
average Adj Rand Index = 0.030538459700979806

=========== Final average value of Jaccard Index: ==========
average Jaccard Index = 0.2854646147332861

================ Statistics: ====================================
============ average number of created clusters: 10.31
============ average cluster size: 9.10152786876006
Simulation started at: 14:49 and completed at 14:49
Execution time: 3.705 sec