

=========== Final average value of S-recall@K: =============
1 0.1807
2 0.2558
3 0.3113
4 0.3732
5 0.4123
6 0.4454
7 0.4808
8 0.5069
9 0.5441
10 0.5644
11 0.5835
12 0.6024
13 0.6178
14 0.6354
15 0.6541
16 0.6604
17 0.6747
18 0.6845
19 0.6960
20 0.7132
21 0.7267
22 0.7327
23 0.7433
24 0.7634
25 0.7773
26 0.7855
27 0.7956
28 0.8069
29 0.8209
30 0.8270
31 0.8327
32 0.8400
33 0.8451
34 0.8541
35 0.8586
36 0.8647
37 0.8677
38 0.8769
39 0.8821
40 0.8886
41 0.8929
42 0.8955
43 0.8988
44 0.9061
45 0.9101
46 0.9178
47 0.9267
48 0.9305
49 0.9354
50 0.9399
51 0.9419
52 0.9480
53 0.9503
54 0.9577
55 0.9601
56 0.9629
57 0.9669
58 0.9744
59 0.9790
60 0.9825
61 0.9884
62 0.9920
63 0.9934
64 1.0000
65 0.0000
66 0.0000
67 0.0000
68 0.0000
69 0.0000
70 0.0000
71 0.0000
72 0.0000
73 0.0000
74 0.0000
75 0.0000
76 0.0000
77 0.0000
78 0.0000
79 0.0000
80 0.0000
81 0.0000
82 0.0000
83 0.0000
84 0.0000
85 0.0000
86 0.0000
87 0.0000
88 0.0000
89 0.0000
90 0.0000
91 0.0000
92 0.0000
93 0.0000
94 0.0000
95 0.0000
96 0.0000
97 0.0000
98 0.0000
99 0.0000
100 0.0000

=========== Final average value of S-precision@r: =============
0.4000 0.4488
0.4500 0.4128
0.5000 0.4060
0.5500 0.4070
0.6000 0.3423
0.6500 0.3353
0.7000 0.2860
0.7500 0.2558
0.8000 0.2220
0.8500 0.2135
0.9000 0.2062
0.9500 0.1999
1.0000 0.1493

=========== Final average value of F1: =====================
average F1 = 0.6440625

=========== Final average value of Rand Index: =============
average Rand Index = 0.549578373015873

=========== Final average value of Adjusted Rand Index: ====
average Adj Rand Index = 0.04836227604625769

=========== Final average value of Jaccard Index: ==========
average Jaccard Index = 0.23848591685833853

================ Statistics: ====================================
============ average number of created clusters: 13.03
============ average cluster size: 6.025200247293121
Simulation started at: 15:03 and completed at 15:03
Execution time: 3.725 sec