

=========== Final average value of S-recall@K: =============
1 0.1807
2 0.2592
3 0.3108
4 0.3595
5 0.4104
6 0.4577
7 0.4885
8 0.5191
9 0.5511
10 0.5717
11 0.5879
12 0.6049
13 0.6220
14 0.6321
15 0.6490
16 0.6564
17 0.6726
18 0.6810
19 0.6901
20 0.7065
21 0.7187
22 0.7301
23 0.7418
24 0.7565
25 0.7621
26 0.7674
27 0.7730
28 0.7832
29 0.7965
30 0.8036
31 0.8115
32 0.8204
33 0.8282
34 0.8339
35 0.8435
36 0.8461
37 0.8501
38 0.8581
39 0.8678
40 0.8745
41 0.8779
42 0.8848
43 0.8892
44 0.8962
45 0.9014
46 0.9074
47 0.9141
48 0.9177
49 0.9194
50 0.9194
51 0.9223
52 0.9281
53 0.9311
54 0.9387
55 0.9464
56 0.9511
57 0.9553
58 0.9644
59 0.9755
60 0.9804
61 0.9877
62 0.9911
63 0.9925
64 1.0000
65 0.0000
66 0.0000
67 0.0000
68 0.0000
69 0.0000
70 0.0000
71 0.0000
72 0.0000
73 0.0000
74 0.0000
75 0.0000
76 0.0000
77 0.0000
78 0.0000
79 0.0000
80 0.0000
81 0.0000
82 0.0000
83 0.0000
84 0.0000
85 0.0000
86 0.0000
87 0.0000
88 0.0000
89 0.0000
90 0.0000
91 0.0000
92 0.0000
93 0.0000
94 0.0000
95 0.0000
96 0.0000
97 0.0000
98 0.0000
99 0.0000
100 0.0000

=========== Final average value of S-precision@r: =============
0.4000 0.4369
0.4500 0.4559
0.5000 0.4266
0.5500 0.3850
0.6000 0.3312
0.6500 0.3207
0.7000 0.2805
0.7500 0.2522
0.8000 0.2325
0.8500 0.2217
0.9000 0.2091
0.9500 0.2009
1.0000 0.1493

=========== Final average value of F1: =====================
average F1 = 0.63421875

=========== Final average value of Rand Index: =============
average Rand Index = 0.5329662698412697

=========== Final average value of Adjusted Rand Index: ====
average Adj Rand Index = 0.0380340550697928

=========== Final average value of Jaccard Index: ==========
average Jaccard Index = 0.2574532514047319

================ Statistics: ====================================
============ average number of created clusters: 11.93
============ average cluster size: 7.258949999432968
Simulation started at: 15:03 and completed at 15:03
Execution time: 3.651 sec