

=========== Final average value of S-recall@K: =============
1 0.1807
2 0.2468
3 0.2887
4 0.3381
5 0.3787
6 0.4182
7 0.4470
8 0.4805
9 0.5062
10 0.5238
11 0.5445
12 0.5704
13 0.5939
14 0.6146
15 0.6323
16 0.6417
17 0.6524
18 0.6719
19 0.6899
20 0.7004
21 0.7103
22 0.7246
23 0.7335
24 0.7486
25 0.7598
26 0.7656
27 0.7705
28 0.7747
29 0.7793
30 0.7810
31 0.7880
32 0.7957
33 0.8027
34 0.8107
35 0.8173
36 0.8205
37 0.8254
38 0.8291
39 0.8376
40 0.8428
41 0.8476
42 0.8535
43 0.8642
44 0.8731
45 0.8830
46 0.8917
47 0.9024
48 0.9052
49 0.9159
50 0.9177
51 0.9313
52 0.9352
53 0.9366
54 0.9432
55 0.9480
56 0.9522
57 0.9611
58 0.9683
59 0.9755
60 0.9825
61 0.9859
62 0.9892
63 0.9942
64 1.0000
65 0.0000
66 0.0000
67 0.0000
68 0.0000
69 0.0000
70 0.0000
71 0.0000
72 0.0000
73 0.0000
74 0.0000
75 0.0000
76 0.0000
77 0.0000
78 0.0000
79 0.0000
80 0.0000
81 0.0000
82 0.0000
83 0.0000
84 0.0000
85 0.0000
86 0.0000
87 0.0000
88 0.0000
89 0.0000
90 0.0000
91 0.0000
92 0.0000
93 0.0000
94 0.0000
95 0.0000
96 0.0000
97 0.0000
98 0.0000
99 0.0000
100 0.0000

=========== Final average value of S-precision@r: =============
0.4000 0.4290
0.4500 0.3941
0.5000 0.3648
0.5500 0.3162
0.6000 0.2847
0.6500 0.2900
0.7000 0.2476
0.7500 0.2333
0.8000 0.2090
0.8500 0.2001
0.9000 0.1879
0.9500 0.1782
1.0000 0.1563

=========== Final average value of F1: =====================
average F1 = 0.60921875

=========== Final average value of Rand Index: =============
average Rand Index = 0.5273809523809524

=========== Final average value of Adjusted Rand Index: ====
average Adj Rand Index = 0.026489862137499043

=========== Final average value of Jaccard Index: ==========
average Jaccard Index = 0.25753974322071604

================ Statistics: ====================================
============ average number of created clusters: 7.51
============ average cluster size: 11.249614215162193
Simulation started at: 14:56 and completed at 14:56
Execution time: 3.206 sec