

=========== Final average value of S-recall@K: =============
1 0.1807
2 0.2426
3 0.3060
4 0.3501
5 0.3888
6 0.4273
7 0.4493
8 0.4947
9 0.5196
10 0.5342
11 0.5650
12 0.5865
13 0.6034
14 0.6200
15 0.6327
16 0.6504
17 0.6600
18 0.6679
19 0.6806
20 0.6906
21 0.7095
22 0.7170
23 0.7239
24 0.7325
25 0.7382
26 0.7508
27 0.7575
28 0.7690
29 0.7727
30 0.7858
31 0.7939
32 0.8056
33 0.8112
34 0.8171
35 0.8220
36 0.8280
37 0.8312
38 0.8388
39 0.8475
40 0.8529
41 0.8595
42 0.8712
43 0.8724
44 0.8786
45 0.8863
46 0.8910
47 0.8994
48 0.9028
49 0.9113
50 0.9163
51 0.9208
52 0.9258
53 0.9385
54 0.9514
55 0.9547
56 0.9609
57 0.9679
58 0.9733
59 0.9765
60 0.9832
61 0.9890
62 0.9929
63 0.9956
64 1.0000
65 0.0000
66 0.0000
67 0.0000
68 0.0000
69 0.0000
70 0.0000
71 0.0000
72 0.0000
73 0.0000
74 0.0000
75 0.0000
76 0.0000
77 0.0000
78 0.0000
79 0.0000
80 0.0000
81 0.0000
82 0.0000
83 0.0000
84 0.0000
85 0.0000
86 0.0000
87 0.0000
88 0.0000
89 0.0000
90 0.0000
91 0.0000
92 0.0000
93 0.0000
94 0.0000
95 0.0000
96 0.0000
97 0.0000
98 0.0000
99 0.0000
100 0.0000

=========== Final average value of S-precision@r: =============
0.4000 0.4030
0.4500 0.4215
0.5000 0.3759
0.5500 0.3513
0.6000 0.2906
0.6500 0.2765
0.7000 0.2578
0.7500 0.2285
0.8000 0.2215
0.8500 0.2029
0.9000 0.1950
0.9500 0.1827
1.0000 0.1563

=========== Final average value of F1: =====================
average F1 = 0.61390625

=========== Final average value of Rand Index: =============
average Rand Index = 0.5563640873015874

=========== Final average value of Adjusted Rand Index: ====
average Adj Rand Index = 0.026193852001770265

=========== Final average value of Jaccard Index: ==========
average Jaccard Index = 0.19697632485386196

================ Statistics: ====================================
============ average number of created clusters: 8.57
============ average cluster size: 8.53090125560713
Simulation started at: 15:11 and completed at 15:11
Execution time: 4.913 sec