

=========== Final average value of S-recall@K: =============
1 0.1807
2 0.2612
3 0.3032
4 0.3599
5 0.4164
6 0.4434
7 0.4767
8 0.4970
9 0.5200
10 0.5385
11 0.5629
12 0.5740
13 0.5833
14 0.5999
15 0.6168
16 0.6383
17 0.6500
18 0.6672
19 0.6823
20 0.6993
21 0.7104
22 0.7227
23 0.7356
24 0.7468
25 0.7550
26 0.7636
27 0.7772
28 0.7812
29 0.7908
30 0.7966
31 0.8031
32 0.8082
33 0.8148
34 0.8252
35 0.8330
36 0.8368
37 0.8452
38 0.8503
39 0.8567
40 0.8695
41 0.8766
42 0.8852
43 0.8900
44 0.8949
45 0.8994
46 0.9051
47 0.9087
48 0.9139
49 0.9193
50 0.9230
51 0.9270
52 0.9270
53 0.9344
54 0.9412
55 0.9442
56 0.9530
57 0.9582
58 0.9681
59 0.9763
60 0.9811
61 0.9840
62 0.9889
63 0.9916
64 1.0000
65 0.0000
66 0.0000
67 0.0000
68 0.0000
69 0.0000
70 0.0000
71 0.0000
72 0.0000
73 0.0000
74 0.0000
75 0.0000
76 0.0000
77 0.0000
78 0.0000
79 0.0000
80 0.0000
81 0.0000
82 0.0000
83 0.0000
84 0.0000
85 0.0000
86 0.0000
87 0.0000
88 0.0000
89 0.0000
90 0.0000
91 0.0000
92 0.0000
93 0.0000
94 0.0000
95 0.0000
96 0.0000
97 0.0000
98 0.0000
99 0.0000
100 0.0000

=========== Final average value of S-precision@r: =============
0.4000 0.3990
0.4500 0.3908
0.5000 0.3807
0.5500 0.3424
0.6000 0.3141
0.6500 0.3054
0.7000 0.2615
0.7500 0.2447
0.8000 0.2293
0.8500 0.2166
0.9000 0.1995
0.9500 0.1942
1.0000 0.1519

=========== Final average value of F1: =====================
average F1 = 0.62421875

=========== Final average value of Rand Index: =============
average Rand Index = 0.5114583333333333

=========== Final average value of Adjusted Rand Index: ====
average Adj Rand Index = 0.028812543171863114

=========== Final average value of Jaccard Index: ==========
average Jaccard Index = 0.2753877260955486

================ Statistics: ====================================
============ average number of created clusters: 10.05
============ average cluster size: 9.138889356945079
Simulation started at: 14:50 and completed at 14:50
Execution time: 3.361 sec