

=========== Final average value of S-recall@K: =============
1 0.1807
2 0.2394
3 0.3031
4 0.3545
5 0.3892
6 0.4285
7 0.4549
8 0.4833
9 0.5011
10 0.5300
11 0.5489
12 0.5736
13 0.5944
14 0.6068
15 0.6315
16 0.6484
17 0.6656
18 0.6819
19 0.6953
20 0.7003
21 0.7092
22 0.7219
23 0.7336
24 0.7448
25 0.7504
26 0.7588
27 0.7670
28 0.7768
29 0.7833
30 0.7906
31 0.8034
32 0.8068
33 0.8125
34 0.8212
35 0.8269
36 0.8339
37 0.8393
38 0.8418
39 0.8497
40 0.8542
41 0.8605
42 0.8712
43 0.8752
44 0.8816
45 0.8910
46 0.8954
47 0.9038
48 0.9077
49 0.9145
50 0.9168
51 0.9218
52 0.9226
53 0.9301
54 0.9368
55 0.9463
56 0.9554
57 0.9591
58 0.9714
59 0.9768
60 0.9810
61 0.9866
62 0.9956
63 0.9976
64 1.0000
65 0.0000
66 0.0000
67 0.0000
68 0.0000
69 0.0000
70 0.0000
71 0.0000
72 0.0000
73 0.0000
74 0.0000
75 0.0000
76 0.0000
77 0.0000
78 0.0000
79 0.0000
80 0.0000
81 0.0000
82 0.0000
83 0.0000
84 0.0000
85 0.0000
86 0.0000
87 0.0000
88 0.0000
89 0.0000
90 0.0000
91 0.0000
92 0.0000
93 0.0000
94 0.0000
95 0.0000
96 0.0000
97 0.0000
98 0.0000
99 0.0000
100 0.0000

=========== Final average value of S-precision@r: =============
0.4000 0.4166
0.4500 0.3966
0.5000 0.3836
0.5500 0.3393
0.6000 0.2753
0.6500 0.2780
0.7000 0.2556
0.7500 0.2357
0.8000 0.2264
0.8500 0.2060
0.9000 0.1907
0.9500 0.1851
1.0000 0.1563

=========== Final average value of F1: =====================
average F1 = 0.61140625

=========== Final average value of Rand Index: =============
average Rand Index = 0.5554563492063493

=========== Final average value of Adjusted Rand Index: ====
average Adj Rand Index = 0.029997381592504826

=========== Final average value of Jaccard Index: ==========
average Jaccard Index = 0.19657503113375202

================ Statistics: ====================================
============ average number of created clusters: 8.55
============ average cluster size: 8.266679098679095
Simulation started at: 15:10 and completed at 15:10
Execution time: 3.369 sec