

=========== Final average value of S-recall@K: =============
1 0.1807
2 0.2503
3 0.3128
4 0.3710
5 0.4158
6 0.4536
7 0.4874
8 0.5209
9 0.5350
10 0.5485
11 0.5659
12 0.5906
13 0.6021
14 0.6148
15 0.6343
16 0.6566
17 0.6714
18 0.6828
19 0.6961
20 0.7161
21 0.7253
22 0.7311
23 0.7331
24 0.7431
25 0.7503
26 0.7649
27 0.7749
28 0.7813
29 0.7853
30 0.7914
31 0.8008
32 0.8129
33 0.8176
34 0.8338
35 0.8391
36 0.8478
37 0.8520
38 0.8547
39 0.8606
40 0.8671
41 0.8743
42 0.8839
43 0.8906
44 0.8944
45 0.8973
46 0.9024
47 0.9048
48 0.9075
49 0.9113
50 0.9161
51 0.9235
52 0.9324
53 0.9380
54 0.9432
55 0.9525
56 0.9570
57 0.9625
58 0.9725
59 0.9781
60 0.9795
61 0.9880
62 0.9904
63 0.9924
64 1.0000
65 0.0000
66 0.0000
67 0.0000
68 0.0000
69 0.0000
70 0.0000
71 0.0000
72 0.0000
73 0.0000
74 0.0000
75 0.0000
76 0.0000
77 0.0000
78 0.0000
79 0.0000
80 0.0000
81 0.0000
82 0.0000
83 0.0000
84 0.0000
85 0.0000
86 0.0000
87 0.0000
88 0.0000
89 0.0000
90 0.0000
91 0.0000
92 0.0000
93 0.0000
94 0.0000
95 0.0000
96 0.0000
97 0.0000
98 0.0000
99 0.0000
100 0.0000

=========== Final average value of S-precision@r: =============
0.4000 0.4111
0.4500 0.4166
0.5000 0.4006
0.5500 0.3883
0.6000 0.3327
0.6500 0.3120
0.7000 0.2742
0.7500 0.2497
0.8000 0.2236
0.8500 0.2123
0.9000 0.1967
0.9500 0.1873
1.0000 0.1502

=========== Final average value of F1: =====================
average F1 = 0.63375

=========== Final average value of Rand Index: =============
average Rand Index = 0.5549801587301587

=========== Final average value of Adjusted Rand Index: ====
average Adj Rand Index = 0.03812722647369298

=========== Final average value of Jaccard Index: ==========
average Jaccard Index = 0.1971747687130711

================ Statistics: ====================================
============ average number of created clusters: 11.25
============ average cluster size: 6.308847426395408
Simulation started at: 15:05 and completed at 15:05
Execution time: 3.549 sec