

=========== Final average value of S-recall@K: =============
1 0.1807
2 0.2471
3 0.3004
4 0.3546
5 0.4104
6 0.4464
7 0.4750
8 0.4964
9 0.5221
10 0.5460
11 0.5725
12 0.5932
13 0.6118
14 0.6289
15 0.6465
16 0.6584
17 0.6719
18 0.6855
19 0.6935
20 0.7043
21 0.7173
22 0.7256
23 0.7381
24 0.7470
25 0.7561
26 0.7668
27 0.7757
28 0.7799
29 0.7865
30 0.7974
31 0.8106
32 0.8198
33 0.8256
34 0.8351
35 0.8383
36 0.8433
37 0.8510
38 0.8555
39 0.8592
40 0.8722
41 0.8760
42 0.8802
43 0.8867
44 0.8913
45 0.8987
46 0.9015
47 0.9027
48 0.9063
49 0.9160
50 0.9208
51 0.9249
52 0.9276
53 0.9369
54 0.9446
55 0.9530
56 0.9580
57 0.9663
58 0.9685
59 0.9789
60 0.9800
61 0.9859
62 0.9887
63 0.9934
64 1.0000
65 0.0000
66 0.0000
67 0.0000
68 0.0000
69 0.0000
70 0.0000
71 0.0000
72 0.0000
73 0.0000
74 0.0000
75 0.0000
76 0.0000
77 0.0000
78 0.0000
79 0.0000
80 0.0000
81 0.0000
82 0.0000
83 0.0000
84 0.0000
85 0.0000
86 0.0000
87 0.0000
88 0.0000
89 0.0000
90 0.0000
91 0.0000
92 0.0000
93 0.0000
94 0.0000
95 0.0000
96 0.0000
97 0.0000
98 0.0000
99 0.0000
100 0.0000

=========== Final average value of S-precision@r: =============
0.4000 0.4162
0.4500 0.3957
0.5000 0.3911
0.5500 0.3358
0.6000 0.3252
0.6500 0.2984
0.7000 0.2509
0.7500 0.2556
0.8000 0.2327
0.8500 0.2135
0.9000 0.1994
0.9500 0.1972
1.0000 0.1493

=========== Final average value of F1: =====================
average F1 = 0.61640625

=========== Final average value of Rand Index: =============
average Rand Index = 0.5046230158730161

=========== Final average value of Adjusted Rand Index: ====
average Adj Rand Index = 0.03133430692755758

=========== Final average value of Jaccard Index: ==========
average Jaccard Index = 0.2508502707143541

================ Statistics: ====================================
============ average number of created clusters: 9.74
============ average cluster size: 8.700490461035347
Simulation started at: 14:51 and completed at 14:51
Execution time: 4.17 sec