

=========== Final average value of S-recall@K: =============
1 0.1807
2 0.2493
3 0.3085
4 0.3480
5 0.3976
6 0.4348
7 0.4596
8 0.4835
9 0.5182
10 0.5391
11 0.5622
12 0.5780
13 0.6012
14 0.6133
15 0.6263
16 0.6457
17 0.6580
18 0.6674
19 0.6813
20 0.6913
21 0.7046
22 0.7134
23 0.7284
24 0.7362
25 0.7451
26 0.7585
27 0.7699
28 0.7787
29 0.7889
30 0.7943
31 0.7988
32 0.8033
33 0.8086
34 0.8182
35 0.8294
36 0.8352
37 0.8440
38 0.8477
39 0.8576
40 0.8657
41 0.8713
42 0.8780
43 0.8813
44 0.8892
45 0.8966
46 0.8992
47 0.9026
48 0.9110
49 0.9157
50 0.9184
51 0.9243
52 0.9270
53 0.9412
54 0.9487
55 0.9533
56 0.9602
57 0.9647
58 0.9668
59 0.9773
60 0.9810
61 0.9862
62 0.9893
63 0.9943
64 1.0000
65 0.0000
66 0.0000
67 0.0000
68 0.0000
69 0.0000
70 0.0000
71 0.0000
72 0.0000
73 0.0000
74 0.0000
75 0.0000
76 0.0000
77 0.0000
78 0.0000
79 0.0000
80 0.0000
81 0.0000
82 0.0000
83 0.0000
84 0.0000
85 0.0000
86 0.0000
87 0.0000
88 0.0000
89 0.0000
90 0.0000
91 0.0000
92 0.0000
93 0.0000
94 0.0000
95 0.0000
96 0.0000
97 0.0000
98 0.0000
99 0.0000
100 0.0000

=========== Final average value of S-precision@r: =============
0.4000 0.4207
0.4500 0.4357
0.5000 0.3952
0.5500 0.3408
0.6000 0.3203
0.6500 0.3016
0.7000 0.2568
0.7500 0.2392
0.8000 0.2225
0.8500 0.2076
0.9000 0.1955
0.9500 0.1877
1.0000 0.1493

=========== Final average value of F1: =====================
average F1 = 0.621875

=========== Final average value of Rand Index: =============
average Rand Index = 0.5149255952380949

=========== Final average value of Adjusted Rand Index: ====
average Adj Rand Index = 0.02595346897692587

=========== Final average value of Jaccard Index: ==========
average Jaccard Index = 0.2396942468813642

================ Statistics: ====================================
============ average number of created clusters: 9.89
============ average cluster size: 8.621010857048002
Simulation started at: 14:51 and completed at 14:51
Execution time: 3.464 sec