

=========== Final average value of S-recall@K: =============
1 0.1807
2 0.2482
3 0.2932
4 0.3350
5 0.3917
6 0.4244
7 0.4491
8 0.4875
9 0.5077
10 0.5389
11 0.5554
12 0.5763
13 0.5989
14 0.6157
15 0.6320
16 0.6431
17 0.6513
18 0.6613
19 0.6786
20 0.6897
21 0.7011
22 0.7191
23 0.7373
24 0.7441
25 0.7509
26 0.7543
27 0.7619
28 0.7723
29 0.7794
30 0.7827
31 0.7911
32 0.7956
33 0.8020
34 0.8091
35 0.8136
36 0.8188
37 0.8268
38 0.8335
39 0.8426
40 0.8490
41 0.8536
42 0.8644
43 0.8710
44 0.8877
45 0.8981
46 0.9037
47 0.9095
48 0.9139
49 0.9198
50 0.9241
51 0.9367
52 0.9402
53 0.9437
54 0.9437
55 0.9509
56 0.9517
57 0.9585
58 0.9641
59 0.9708
60 0.9790
61 0.9848
62 0.9891
63 0.9956
64 1.0000
65 0.0000
66 0.0000
67 0.0000
68 0.0000
69 0.0000
70 0.0000
71 0.0000
72 0.0000
73 0.0000
74 0.0000
75 0.0000
76 0.0000
77 0.0000
78 0.0000
79 0.0000
80 0.0000
81 0.0000
82 0.0000
83 0.0000
84 0.0000
85 0.0000
86 0.0000
87 0.0000
88 0.0000
89 0.0000
90 0.0000
91 0.0000
92 0.0000
93 0.0000
94 0.0000
95 0.0000
96 0.0000
97 0.0000
98 0.0000
99 0.0000
100 0.0000

=========== Final average value of S-precision@r: =============
0.4000 0.4078
0.4500 0.3815
0.5000 0.3778
0.5500 0.3370
0.6000 0.2943
0.6500 0.2743
0.7000 0.2571
0.7500 0.2319
0.8000 0.2162
0.8500 0.2012
0.9000 0.1865
0.9500 0.1871
1.0000 0.1563

=========== Final average value of F1: =====================
average F1 = 0.6090625

=========== Final average value of Rand Index: =============
average Rand Index = 0.5300297619047619

=========== Final average value of Adjusted Rand Index: ====
average Adj Rand Index = 0.02669651027427476

=========== Final average value of Jaccard Index: ==========
average Jaccard Index = 0.2481240021836255

================ Statistics: ====================================
============ average number of created clusters: 7.83
============ average cluster size: 11.43688499460635
Simulation started at: 14:57 and completed at 14:57
Execution time: 3.681 sec