

=========== Final average value of S-recall@K: =============
1 0.1807
2 0.2480
3 0.3163
4 0.3711
5 0.4167
6 0.4544
7 0.4796
8 0.5019
9 0.5364
10 0.5529
11 0.5791
12 0.5921
13 0.6045
14 0.6215
15 0.6413
16 0.6505
17 0.6701
18 0.6813
19 0.7036
20 0.7099
21 0.7265
22 0.7447
23 0.7515
24 0.7587
25 0.7661
26 0.7734
27 0.7815
28 0.7841
29 0.7964
30 0.8070
31 0.8096
32 0.8184
33 0.8241
34 0.8278
35 0.8307
36 0.8355
37 0.8379
38 0.8414
39 0.8519
40 0.8534
41 0.8584
42 0.8688
43 0.8761
44 0.8847
45 0.8860
46 0.8908
47 0.8963
48 0.9002
49 0.9094
50 0.9188
51 0.9208
52 0.9298
53 0.9369
54 0.9396
55 0.9471
56 0.9538
57 0.9595
58 0.9629
59 0.9723
60 0.9805
61 0.9859
62 0.9879
63 0.9914
64 1.0000
65 0.0000
66 0.0000
67 0.0000
68 0.0000
69 0.0000
70 0.0000
71 0.0000
72 0.0000
73 0.0000
74 0.0000
75 0.0000
76 0.0000
77 0.0000
78 0.0000
79 0.0000
80 0.0000
81 0.0000
82 0.0000
83 0.0000
84 0.0000
85 0.0000
86 0.0000
87 0.0000
88 0.0000
89 0.0000
90 0.0000
91 0.0000
92 0.0000
93 0.0000
94 0.0000
95 0.0000
96 0.0000
97 0.0000
98 0.0000
99 0.0000
100 0.0000

=========== Final average value of S-precision@r: =============
0.4000 0.4456
0.4500 0.4226
0.5000 0.4153
0.5500 0.3673
0.6000 0.3280
0.6500 0.3030
0.7000 0.2594
0.7500 0.2396
0.8000 0.2290
0.8500 0.2127
0.9000 0.1973
0.9500 0.1913
1.0000 0.1563

=========== Final average value of F1: =====================
average F1 = 0.588125

=========== Final average value of Rand Index: =============
average Rand Index = 0.484518849206349

=========== Final average value of Adjusted Rand Index: ====
average Adj Rand Index = 0.026204329133176007

=========== Final average value of Jaccard Index: ==========
average Jaccard Index = 0.3203875930249882

================ Statistics: ====================================
============ average number of created clusters: 6.27
============ average cluster size: 13.234305184323755
Simulation started at: 15:02 and completed at 15:02
Execution time: 3.238 sec