

=========== Final average value of S-recall@K: =============
1 0.1807
2 0.2441
3 0.3083
4 0.3565
5 0.3951
6 0.4336
7 0.4595
8 0.4880
9 0.5048
10 0.5305
11 0.5446
12 0.5701
13 0.5893
14 0.6032
15 0.6209
16 0.6458
17 0.6680
18 0.6749
19 0.6814
20 0.6934
21 0.7050
22 0.7125
23 0.7190
24 0.7306
25 0.7403
26 0.7456
27 0.7523
28 0.7649
29 0.7730
30 0.7864
31 0.7944
32 0.8036
33 0.8086
34 0.8187
35 0.8262
36 0.8320
37 0.8379
38 0.8441
39 0.8488
40 0.8540
41 0.8584
42 0.8663
43 0.8758
44 0.8824
45 0.8877
46 0.8937
47 0.9062
48 0.9134
49 0.9191
50 0.9229
51 0.9299
52 0.9335
53 0.9419
54 0.9464
55 0.9497
56 0.9577
57 0.9634
58 0.9702
59 0.9750
60 0.9800
61 0.9850
62 0.9884
63 0.9924
64 1.0000
65 0.0000
66 0.0000
67 0.0000
68 0.0000
69 0.0000
70 0.0000
71 0.0000
72 0.0000
73 0.0000
74 0.0000
75 0.0000
76 0.0000
77 0.0000
78 0.0000
79 0.0000
80 0.0000
81 0.0000
82 0.0000
83 0.0000
84 0.0000
85 0.0000
86 0.0000
87 0.0000
88 0.0000
89 0.0000
90 0.0000
91 0.0000
92 0.0000
93 0.0000
94 0.0000
95 0.0000
96 0.0000
97 0.0000
98 0.0000
99 0.0000
100 0.0000

=========== Final average value of S-precision@r: =============
0.4000 0.4087
0.4500 0.4185
0.5000 0.3895
0.5500 0.3285
0.6000 0.2867
0.6500 0.2762
0.7000 0.2495
0.7500 0.2385
0.8000 0.2232
0.8500 0.2038
0.9000 0.1941
0.9500 0.1822
1.0000 0.1563

=========== Final average value of F1: =====================
average F1 = 0.61109375

=========== Final average value of Rand Index: =============
average Rand Index = 0.5577232142857141

=========== Final average value of Adjusted Rand Index: ====
average Adj Rand Index = 0.02769859137608789

=========== Final average value of Jaccard Index: ==========
average Jaccard Index = 0.19705977932859317

================ Statistics: ====================================
============ average number of created clusters: 8.28
============ average cluster size: 8.516244017420483
Simulation started at: 15:10 and completed at 15:10
Execution time: 3.466 sec