

=========== Final average value of S-recall@K: =============
1 0.1807
2 0.2491
3 0.2938
4 0.3378
5 0.3831
6 0.4188
7 0.4570
8 0.4801
9 0.5108
10 0.5397
11 0.5554
12 0.5793
13 0.5949
14 0.6096
15 0.6264
16 0.6365
17 0.6562
18 0.6663
19 0.6782
20 0.6916
21 0.7087
22 0.7223
23 0.7284
24 0.7311
25 0.7434
26 0.7555
27 0.7620
28 0.7714
29 0.7795
30 0.7865
31 0.7941
32 0.8024
33 0.8101
34 0.8186
35 0.8220
36 0.8265
37 0.8320
38 0.8360
39 0.8447
40 0.8546
41 0.8614
42 0.8690
43 0.8780
44 0.8892
45 0.8944
46 0.8977
47 0.9002
48 0.9049
49 0.9083
50 0.9127
51 0.9241
52 0.9280
53 0.9332
54 0.9359
55 0.9464
56 0.9493
57 0.9551
58 0.9638
59 0.9732
60 0.9785
61 0.9839
62 0.9883
63 0.9933
64 1.0000
65 0.0000
66 0.0000
67 0.0000
68 0.0000
69 0.0000
70 0.0000
71 0.0000
72 0.0000
73 0.0000
74 0.0000
75 0.0000
76 0.0000
77 0.0000
78 0.0000
79 0.0000
80 0.0000
81 0.0000
82 0.0000
83 0.0000
84 0.0000
85 0.0000
86 0.0000
87 0.0000
88 0.0000
89 0.0000
90 0.0000
91 0.0000
92 0.0000
93 0.0000
94 0.0000
95 0.0000
96 0.0000
97 0.0000
98 0.0000
99 0.0000
100 0.0000

=========== Final average value of S-precision@r: =============
0.4000 0.4096
0.4500 0.4055
0.5000 0.3670
0.5500 0.3460
0.6000 0.2946
0.6500 0.2778
0.7000 0.2543
0.7500 0.2309
0.8000 0.2183
0.8500 0.2051
0.9000 0.1906
0.9500 0.1864
1.0000 0.1563

=========== Final average value of F1: =====================
average F1 = 0.611875

=========== Final average value of Rand Index: =============
average Rand Index = 0.5319593253968253

=========== Final average value of Adjusted Rand Index: ====
average Adj Rand Index = 0.02473986996607575

=========== Final average value of Jaccard Index: ==========
average Jaccard Index = 0.24411343289329904

================ Statistics: ====================================
============ average number of created clusters: 8.16
============ average cluster size: 10.459344967382108
Simulation started at: 14:55 and completed at 14:55
Execution time: 3.262 sec