

=========== Final average value of S-recall@K: =============
1 0.1807
2 0.2434
3 0.3035
4 0.3430
5 0.3918
6 0.4311
7 0.4731
8 0.4997
9 0.5257
10 0.5410
11 0.5580
12 0.5791
13 0.5937
14 0.6134
15 0.6298
16 0.6370
17 0.6570
18 0.6759
19 0.6871
20 0.6995
21 0.7090
22 0.7232
23 0.7312
24 0.7398
25 0.7512
26 0.7653
27 0.7729
28 0.7821
29 0.7946
30 0.7977
31 0.8074
32 0.8132
33 0.8204
34 0.8260
35 0.8334
36 0.8382
37 0.8452
38 0.8478
39 0.8535
40 0.8603
41 0.8685
42 0.8783
43 0.8823
44 0.8860
45 0.8898
46 0.8957
47 0.8996
48 0.9048
49 0.9124
50 0.9161
51 0.9255
52 0.9286
53 0.9330
54 0.9370
55 0.9432
56 0.9512
57 0.9595
58 0.9646
59 0.9779
60 0.9821
61 0.9864
62 0.9920
63 0.9948
64 1.0000
65 0.0000
66 0.0000
67 0.0000
68 0.0000
69 0.0000
70 0.0000
71 0.0000
72 0.0000
73 0.0000
74 0.0000
75 0.0000
76 0.0000
77 0.0000
78 0.0000
79 0.0000
80 0.0000
81 0.0000
82 0.0000
83 0.0000
84 0.0000
85 0.0000
86 0.0000
87 0.0000
88 0.0000
89 0.0000
90 0.0000
91 0.0000
92 0.0000
93 0.0000
94 0.0000
95 0.0000
96 0.0000
97 0.0000
98 0.0000
99 0.0000
100 0.0000

=========== Final average value of S-precision@r: =============
0.4000 0.4160
0.4500 0.3746
0.5000 0.3587
0.5500 0.3340
0.6000 0.2877
0.6500 0.2922
0.7000 0.2535
0.7500 0.2360
0.8000 0.2204
0.8500 0.2002
0.9000 0.1926
0.9500 0.1852
1.0000 0.1563

=========== Final average value of F1: =====================
average F1 = 0.61328125

=========== Final average value of Rand Index: =============
average Rand Index = 0.5305208333333331

=========== Final average value of Adjusted Rand Index: ====
average Adj Rand Index = 0.02720759752562264

=========== Final average value of Jaccard Index: ==========
average Jaccard Index = 0.23526860398039193

================ Statistics: ====================================
============ average number of created clusters: 8.65
============ average cluster size: 10.001298686177936
Simulation started at: 14:54 and completed at 14:54
Execution time: 4.64 sec