

=========== Final average value of S-recall@K: =============
1 0.1807
2 0.2456
3 0.3036
4 0.3546
5 0.3966
6 0.4272
7 0.4633
8 0.4881
9 0.5139
10 0.5407
11 0.5588
12 0.5755
13 0.6009
14 0.6205
15 0.6387
16 0.6539
17 0.6753
18 0.6815
19 0.6958
20 0.7072
21 0.7117
22 0.7224
23 0.7367
24 0.7437
25 0.7536
26 0.7658
27 0.7729
28 0.7796
29 0.7844
30 0.7959
31 0.8079
32 0.8120
33 0.8205
34 0.8296
35 0.8367
36 0.8484
37 0.8537
38 0.8586
39 0.8634
40 0.8692
41 0.8742
42 0.8795
43 0.8831
44 0.8848
45 0.8894
46 0.8968
47 0.9032
48 0.9080
49 0.9171
50 0.9214
51 0.9243
52 0.9283
53 0.9309
54 0.9407
55 0.9529
56 0.9591
57 0.9616
58 0.9735
59 0.9755
60 0.9798
61 0.9863
62 0.9911
63 0.9934
64 1.0000
65 0.0000
66 0.0000
67 0.0000
68 0.0000
69 0.0000
70 0.0000
71 0.0000
72 0.0000
73 0.0000
74 0.0000
75 0.0000
76 0.0000
77 0.0000
78 0.0000
79 0.0000
80 0.0000
81 0.0000
82 0.0000
83 0.0000
84 0.0000
85 0.0000
86 0.0000
87 0.0000
88 0.0000
89 0.0000
90 0.0000
91 0.0000
92 0.0000
93 0.0000
94 0.0000
95 0.0000
96 0.0000
97 0.0000
98 0.0000
99 0.0000
100 0.0000

=========== Final average value of S-precision@r: =============
0.4000 0.4110
0.4500 0.4030
0.5000 0.3815
0.5500 0.3468
0.6000 0.3066
0.6500 0.3029
0.7000 0.2657
0.7500 0.2405
0.8000 0.2270
0.8500 0.2022
0.9000 0.1909
0.9500 0.1856
1.0000 0.1493

=========== Final average value of F1: =====================
average F1 = 0.6165625

=========== Final average value of Rand Index: =============
average Rand Index = 0.5633730158730159

=========== Final average value of Adjusted Rand Index: ====
average Adj Rand Index = 0.03662534280365022

=========== Final average value of Jaccard Index: ==========
average Jaccard Index = 0.19966051807359608

================ Statistics: ====================================
============ average number of created clusters: 9.49
============ average cluster size: 7.5392361089203135
Simulation started at: 15:07 and completed at 15:07
Execution time: 3.4 sec