

=========== Final average value of S-recall@K: =============
1 0.1807
2 0.2424
3 0.3017
4 0.3574
5 0.3999
6 0.4279
7 0.4686
8 0.4889
9 0.5066
10 0.5288
11 0.5524
12 0.5769
13 0.5954
14 0.6043
15 0.6187
16 0.6330
17 0.6540
18 0.6673
19 0.6797
20 0.6868
21 0.6987
22 0.7058
23 0.7188
24 0.7228
25 0.7311
26 0.7387
27 0.7475
28 0.7569
29 0.7661
30 0.7740
31 0.7991
32 0.8051
33 0.8140
34 0.8189
35 0.8253
36 0.8326
37 0.8430
38 0.8467
39 0.8538
40 0.8589
41 0.8664
42 0.8730
43 0.8773
44 0.8852
45 0.8896
46 0.8942
47 0.8977
48 0.9024
49 0.9115
50 0.9153
51 0.9226
52 0.9263
53 0.9360
54 0.9385
55 0.9462
56 0.9510
57 0.9554
58 0.9715
59 0.9777
60 0.9796
61 0.9835
62 0.9897
63 0.9932
64 1.0000
65 0.0000
66 0.0000
67 0.0000
68 0.0000
69 0.0000
70 0.0000
71 0.0000
72 0.0000
73 0.0000
74 0.0000
75 0.0000
76 0.0000
77 0.0000
78 0.0000
79 0.0000
80 0.0000
81 0.0000
82 0.0000
83 0.0000
84 0.0000
85 0.0000
86 0.0000
87 0.0000
88 0.0000
89 0.0000
90 0.0000
91 0.0000
92 0.0000
93 0.0000
94 0.0000
95 0.0000
96 0.0000
97 0.0000
98 0.0000
99 0.0000
100 0.0000

=========== Final average value of S-precision@r: =============
0.4000 0.4284
0.4500 0.4026
0.5000 0.3869
0.5500 0.3280
0.6000 0.3093
0.6500 0.2838
0.7000 0.2439
0.7500 0.2437
0.8000 0.2156
0.8500 0.2044
0.9000 0.1898
0.9500 0.1794
1.0000 0.1563

=========== Final average value of F1: =====================
average F1 = 0.6109375

=========== Final average value of Rand Index: =============
average Rand Index = 0.5603968253968256

=========== Final average value of Adjusted Rand Index: ====
average Adj Rand Index = 0.03053800221335329

=========== Final average value of Jaccard Index: ==========
average Jaccard Index = 0.2005497617394151

================ Statistics: ====================================
============ average number of created clusters: 8.42
============ average cluster size: 8.470587451763919
Simulation started at: 15:10 and completed at 15:10
Execution time: 3.169 sec