

=========== Final average value of S-recall@K: =============
1 0.1807
2 0.2385
3 0.2994
4 0.3505
5 0.3946
6 0.4333
7 0.4587
8 0.4994
9 0.5211
10 0.5347
11 0.5512
12 0.5764
13 0.5968
14 0.6264
15 0.6352
16 0.6569
17 0.6703
18 0.6836
19 0.6940
20 0.7005
21 0.7106
22 0.7203
23 0.7272
24 0.7362
25 0.7462
26 0.7487
27 0.7564
28 0.7663
29 0.7777
30 0.7853
31 0.8003
32 0.8065
33 0.8120
34 0.8266
35 0.8348
36 0.8473
37 0.8515
38 0.8569
39 0.8608
40 0.8695
41 0.8741
42 0.8808
43 0.8845
44 0.8866
45 0.8934
46 0.9011
47 0.9084
48 0.9104
49 0.9162
50 0.9202
51 0.9243
52 0.9282
53 0.9329
54 0.9415
55 0.9471
56 0.9572
57 0.9611
58 0.9723
59 0.9734
60 0.9817
61 0.9884
62 0.9915
63 0.9934
64 1.0000
65 0.0000
66 0.0000
67 0.0000
68 0.0000
69 0.0000
70 0.0000
71 0.0000
72 0.0000
73 0.0000
74 0.0000
75 0.0000
76 0.0000
77 0.0000
78 0.0000
79 0.0000
80 0.0000
81 0.0000
82 0.0000
83 0.0000
84 0.0000
85 0.0000
86 0.0000
87 0.0000
88 0.0000
89 0.0000
90 0.0000
91 0.0000
92 0.0000
93 0.0000
94 0.0000
95 0.0000
96 0.0000
97 0.0000
98 0.0000
99 0.0000
100 0.0000

=========== Final average value of S-precision@r: =============
0.4000 0.4200
0.4500 0.4104
0.5000 0.3734
0.5500 0.3359
0.6000 0.2930
0.6500 0.2968
0.7000 0.2584
0.7500 0.2431
0.8000 0.2217
0.8500 0.2132
0.9000 0.2026
0.9500 0.1841
1.0000 0.1493

=========== Final average value of F1: =====================
average F1 = 0.61375

=========== Final average value of Rand Index: =============
average Rand Index = 0.5572321428571427

=========== Final average value of Adjusted Rand Index: ====
average Adj Rand Index = 0.030791643879846186

=========== Final average value of Jaccard Index: ==========
average Jaccard Index = 0.20122678425836915

================ Statistics: ====================================
============ average number of created clusters: 8.97
============ average cluster size: 7.923874020716121
Simulation started at: 15:08 and completed at 15:08
Execution time: 3.25 sec