

=========== Final average value of S-recall@K: =============
1 0.1807
2 0.2560
3 0.3035
4 0.3545
5 0.3972
6 0.4278
7 0.4612
8 0.4882
9 0.5114
10 0.5371
11 0.5540
12 0.5760
13 0.5952
14 0.6111
15 0.6315
16 0.6471
17 0.6624
18 0.6753
19 0.6837
20 0.6977
21 0.7096
22 0.7159
23 0.7333
24 0.7410
25 0.7475
26 0.7573
27 0.7661
28 0.7732
29 0.7774
30 0.7865
31 0.7944
32 0.8032
33 0.8142
34 0.8183
35 0.8309
36 0.8393
37 0.8497
38 0.8580
39 0.8648
40 0.8725
41 0.8841
42 0.8869
43 0.8959
44 0.9008
45 0.9069
46 0.9107
47 0.9125
48 0.9166
49 0.9222
50 0.9229
51 0.9294
52 0.9307
53 0.9400
54 0.9525
55 0.9590
56 0.9648
57 0.9674
58 0.9730
59 0.9793
60 0.9839
61 0.9891
62 0.9913
63 0.9939
64 1.0000
65 0.0000
66 0.0000
67 0.0000
68 0.0000
69 0.0000
70 0.0000
71 0.0000
72 0.0000
73 0.0000
74 0.0000
75 0.0000
76 0.0000
77 0.0000
78 0.0000
79 0.0000
80 0.0000
81 0.0000
82 0.0000
83 0.0000
84 0.0000
85 0.0000
86 0.0000
87 0.0000
88 0.0000
89 0.0000
90 0.0000
91 0.0000
92 0.0000
93 0.0000
94 0.0000
95 0.0000
96 0.0000
97 0.0000
98 0.0000
99 0.0000
100 0.0000

=========== Final average value of S-precision@r: =============
0.4000 0.3911
0.4500 0.3963
0.5000 0.3894
0.5500 0.3494
0.6000 0.3136
0.6500 0.2991
0.7000 0.2546
0.7500 0.2546
0.8000 0.2236
0.8500 0.2059
0.9000 0.1965
0.9500 0.1920
1.0000 0.1563

=========== Final average value of F1: =====================
average F1 = 0.61734375

=========== Final average value of Rand Index: =============
average Rand Index = 0.5166914682539683

=========== Final average value of Adjusted Rand Index: ====
average Adj Rand Index = 0.029496948481628843

=========== Final average value of Jaccard Index: ==========
average Jaccard Index = 0.25500609854846007

================ Statistics: ====================================
============ average number of created clusters: 9.57
============ average cluster size: 8.86191869362147
Simulation started at: 14:51 and completed at 14:51
Execution time: 3.655 sec