

=========== Final average value of S-recall@K: =============
1 0.1807
2 0.2507
3 0.2942
4 0.3353
5 0.3754
6 0.4057
7 0.4369
8 0.4766
9 0.5055
10 0.5353
11 0.5562
12 0.5705
13 0.5833
14 0.6069
15 0.6224
16 0.6350
17 0.6470
18 0.6614
19 0.6739
20 0.6886
21 0.6960
22 0.7152
23 0.7279
24 0.7402
25 0.7519
26 0.7624
27 0.7690
28 0.7750
29 0.7833
30 0.7874
31 0.7950
32 0.8044
33 0.8087
34 0.8183
35 0.8224
36 0.8269
37 0.8375
38 0.8440
39 0.8515
40 0.8594
41 0.8663
42 0.8678
43 0.8735
44 0.8862
45 0.8912
46 0.8988
47 0.9029
48 0.9068
49 0.9125
50 0.9162
51 0.9258
52 0.9324
53 0.9346
54 0.9380
55 0.9504
56 0.9531
57 0.9591
58 0.9647
59 0.9717
60 0.9789
61 0.9837
62 0.9880
63 0.9946
64 1.0000
65 0.0000
66 0.0000
67 0.0000
68 0.0000
69 0.0000
70 0.0000
71 0.0000
72 0.0000
73 0.0000
74 0.0000
75 0.0000
76 0.0000
77 0.0000
78 0.0000
79 0.0000
80 0.0000
81 0.0000
82 0.0000
83 0.0000
84 0.0000
85 0.0000
86 0.0000
87 0.0000
88 0.0000
89 0.0000
90 0.0000
91 0.0000
92 0.0000
93 0.0000
94 0.0000
95 0.0000
96 0.0000
97 0.0000
98 0.0000
99 0.0000
100 0.0000

=========== Final average value of S-precision@r: =============
0.4000 0.4241
0.4500 0.3957
0.5000 0.3504
0.5500 0.3377
0.6000 0.2955
0.6500 0.2831
0.7000 0.2543
0.7500 0.2288
0.8000 0.2124
0.8500 0.2054
0.9000 0.1914
0.9500 0.1885
1.0000 0.1563

=========== Final average value of F1: =====================
average F1 = 0.6109375

=========== Final average value of Rand Index: =============
average Rand Index = 0.5300595238095239

=========== Final average value of Adjusted Rand Index: ====
average Adj Rand Index = 0.02016115559473596

=========== Final average value of Jaccard Index: ==========
average Jaccard Index = 0.24932970177612682

================ Statistics: ====================================
============ average number of created clusters: 7.99
============ average cluster size: 11.091178061704372
Simulation started at: 14:56 and completed at 14:56
Execution time: 3.581 sec