

=========== Final average value of S-recall@K: =============
1 0.1807
2 0.2408
3 0.2982
4 0.3460
5 0.3932
6 0.4290
7 0.4538
8 0.4854
9 0.5134
10 0.5342
11 0.5520
12 0.5747
13 0.5920
14 0.6163
15 0.6353
16 0.6542
17 0.6605
18 0.6710
19 0.6826
20 0.6879
21 0.6992
22 0.7121
23 0.7182
24 0.7337
25 0.7363
26 0.7447
27 0.7500
28 0.7588
29 0.7696
30 0.7839
31 0.7916
32 0.7972
33 0.8138
34 0.8268
35 0.8375
36 0.8402
37 0.8442
38 0.8497
39 0.8531
40 0.8657
41 0.8683
42 0.8752
43 0.8824
44 0.8893
45 0.8907
46 0.8955
47 0.9023
48 0.9113
49 0.9186
50 0.9218
51 0.9234
52 0.9277
53 0.9277
54 0.9391
55 0.9462
56 0.9567
57 0.9639
58 0.9719
59 0.9748
60 0.9808
61 0.9832
62 0.9877
63 0.9896
64 1.0000
65 0.0000
66 0.0000
67 0.0000
68 0.0000
69 0.0000
70 0.0000
71 0.0000
72 0.0000
73 0.0000
74 0.0000
75 0.0000
76 0.0000
77 0.0000
78 0.0000
79 0.0000
80 0.0000
81 0.0000
82 0.0000
83 0.0000
84 0.0000
85 0.0000
86 0.0000
87 0.0000
88 0.0000
89 0.0000
90 0.0000
91 0.0000
92 0.0000
93 0.0000
94 0.0000
95 0.0000
96 0.0000
97 0.0000
98 0.0000
99 0.0000
100 0.0000

=========== Final average value of S-precision@r: =============
0.4000 0.4231
0.4500 0.4101
0.5000 0.3798
0.5500 0.3425
0.6000 0.3075
0.6500 0.2950
0.7000 0.2593
0.7500 0.2388
0.8000 0.2212
0.8500 0.2047
0.9000 0.2037
0.9500 0.1830
1.0000 0.1425

=========== Final average value of F1: =====================
average F1 = 0.61078125

=========== Final average value of Rand Index: =============
average Rand Index = 0.5545535714285713

=========== Final average value of Adjusted Rand Index: ====
average Adj Rand Index = 0.02575484718150399

=========== Final average value of Jaccard Index: ==========
average Jaccard Index = 0.2056714395596285

================ Statistics: ====================================
============ average number of created clusters: 8.6
============ average cluster size: 8.234858147700244
Simulation started at: 15:08 and completed at 15:08
Execution time: 3.218 sec