

=========== Final average value of S-recall@K: =============
1 0.1807
2 0.2367
3 0.2958
4 0.3454
5 0.3801
6 0.4171
7 0.4532
8 0.4771
9 0.5036
10 0.5300
11 0.5558
12 0.5852
13 0.5968
14 0.6102
15 0.6217
16 0.6333
17 0.6497
18 0.6583
19 0.6717
20 0.6845
21 0.6961
22 0.7059
23 0.7168
24 0.7282
25 0.7364
26 0.7397
27 0.7486
28 0.7600
29 0.7652
30 0.7748
31 0.7833
32 0.7929
33 0.7978
34 0.8022
35 0.8093
36 0.8197
37 0.8285
38 0.8355
39 0.8462
40 0.8560
41 0.8651
42 0.8702
43 0.8759
44 0.8813
45 0.8854
46 0.8908
47 0.8960
48 0.9000
49 0.9093
50 0.9210
51 0.9301
52 0.9330
53 0.9376
54 0.9395
55 0.9491
56 0.9521
57 0.9587
58 0.9688
59 0.9766
60 0.9833
61 0.9862
62 0.9899
63 0.9946
64 1.0000
65 0.0000
66 0.0000
67 0.0000
68 0.0000
69 0.0000
70 0.0000
71 0.0000
72 0.0000
73 0.0000
74 0.0000
75 0.0000
76 0.0000
77 0.0000
78 0.0000
79 0.0000
80 0.0000
81 0.0000
82 0.0000
83 0.0000
84 0.0000
85 0.0000
86 0.0000
87 0.0000
88 0.0000
89 0.0000
90 0.0000
91 0.0000
92 0.0000
93 0.0000
94 0.0000
95 0.0000
96 0.0000
97 0.0000
98 0.0000
99 0.0000
100 0.0000

=========== Final average value of S-precision@r: =============
0.4000 0.3907
0.4500 0.3954
0.5000 0.3597
0.5500 0.3333
0.6000 0.2879
0.6500 0.2710
0.7000 0.2531
0.7500 0.2348
0.8000 0.2120
0.8500 0.2014
0.9000 0.1933
0.9500 0.1844
1.0000 0.1563

=========== Final average value of F1: =====================
average F1 = 0.61015625

=========== Final average value of Rand Index: =============
average Rand Index = 0.5256001984126987

=========== Final average value of Adjusted Rand Index: ====
average Adj Rand Index = 0.027209007521237373

=========== Final average value of Jaccard Index: ==========
average Jaccard Index = 0.2353741222102155

================ Statistics: ====================================
============ average number of created clusters: 8.21
============ average cluster size: 10.638794850831998
Simulation started at: 14:56 and completed at 14:56
Execution time: 3.3 sec