

=========== Final average value of S-recall@K: =============
1 0.1807
2 0.2641
3 0.3193
4 0.3709
5 0.4192
6 0.4524
7 0.4893
8 0.5200
9 0.5381
10 0.5618
11 0.5831
12 0.6021
13 0.6222
14 0.6375
15 0.6560
16 0.6656
17 0.6811
18 0.6977
19 0.7134
20 0.7281
21 0.7421
22 0.7590
23 0.7655
24 0.7815
25 0.7842
26 0.7888
27 0.7997
28 0.8042
29 0.8112
30 0.8189
31 0.8249
32 0.8298
33 0.8357
34 0.8423
35 0.8476
36 0.8534
37 0.8564
38 0.8624
39 0.8661
40 0.8727
41 0.8773
42 0.8873
43 0.8895
44 0.8977
45 0.9043
46 0.9072
47 0.9171
48 0.9198
49 0.9243
50 0.9294
51 0.9304
52 0.9329
53 0.9374
54 0.9464
55 0.9511
56 0.9525
57 0.9596
58 0.9633
59 0.9725
60 0.9785
61 0.9829
62 0.9872
63 0.9911
64 1.0000
65 0.0000
66 0.0000
67 0.0000
68 0.0000
69 0.0000
70 0.0000
71 0.0000
72 0.0000
73 0.0000
74 0.0000
75 0.0000
76 0.0000
77 0.0000
78 0.0000
79 0.0000
80 0.0000
81 0.0000
82 0.0000
83 0.0000
84 0.0000
85 0.0000
86 0.0000
87 0.0000
88 0.0000
89 0.0000
90 0.0000
91 0.0000
92 0.0000
93 0.0000
94 0.0000
95 0.0000
96 0.0000
97 0.0000
98 0.0000
99 0.0000
100 0.0000

=========== Final average value of S-precision@r: =============
0.4000 0.4686
0.4500 0.4382
0.5000 0.4172
0.5500 0.3819
0.6000 0.3431
0.6500 0.3072
0.7000 0.2762
0.7500 0.2564
0.8000 0.2377
0.8500 0.2218
0.9000 0.2117
0.9500 0.2043
1.0000 0.1493

=========== Final average value of F1: =====================
average F1 = 0.631875

=========== Final average value of Rand Index: =============
average Rand Index = 0.5356597222222222

=========== Final average value of Adjusted Rand Index: ====
average Adj Rand Index = 0.04511337693049588

=========== Final average value of Jaccard Index: ==========
average Jaccard Index = 0.28561739439407685

================ Statistics: ====================================
============ average number of created clusters: 10.97
============ average cluster size: 8.441214557028793
Simulation started at: 15:03 and completed at 15:03
Execution time: 3.806 sec