

=========== Final average value of S-recall@K: =============
1 0.1807
2 0.2551
3 0.3069
4 0.3626
5 0.4132
6 0.4444
7 0.4684
8 0.4878
9 0.5078
10 0.5285
11 0.5534
12 0.5755
13 0.5891
14 0.6087
15 0.6215
16 0.6388
17 0.6588
18 0.6811
19 0.6919
20 0.7001
21 0.7057
22 0.7190
23 0.7311
24 0.7366
25 0.7511
26 0.7608
27 0.7706
28 0.7755
29 0.7854
30 0.7924
31 0.7984
32 0.8101
33 0.8130
34 0.8187
35 0.8260
36 0.8283
37 0.8319
38 0.8398
39 0.8447
40 0.8578
41 0.8625
42 0.8663
43 0.8750
44 0.8797
45 0.8876
46 0.8918
47 0.8985
48 0.9020
49 0.9075
50 0.9185
51 0.9223
52 0.9285
53 0.9301
54 0.9371
55 0.9455
56 0.9460
57 0.9537
58 0.9641
59 0.9701
60 0.9758
61 0.9835
62 0.9865
63 0.9914
64 1.0000
65 0.0000
66 0.0000
67 0.0000
68 0.0000
69 0.0000
70 0.0000
71 0.0000
72 0.0000
73 0.0000
74 0.0000
75 0.0000
76 0.0000
77 0.0000
78 0.0000
79 0.0000
80 0.0000
81 0.0000
82 0.0000
83 0.0000
84 0.0000
85 0.0000
86 0.0000
87 0.0000
88 0.0000
89 0.0000
90 0.0000
91 0.0000
92 0.0000
93 0.0000
94 0.0000
95 0.0000
96 0.0000
97 0.0000
98 0.0000
99 0.0000
100 0.0000

=========== Final average value of S-precision@r: =============
0.4000 0.4369
0.4500 0.4185
0.5000 0.4105
0.5500 0.3407
0.6000 0.3091
0.6500 0.2936
0.7000 0.2587
0.7500 0.2306
0.8000 0.2292
0.8500 0.2112
0.9000 0.1967
0.9500 0.1894
1.0000 0.1563

=========== Final average value of F1: =====================
average F1 = 0.61359375

=========== Final average value of Rand Index: =============
average Rand Index = 0.48718749999999994

=========== Final average value of Adjusted Rand Index: ====
average Adj Rand Index = 0.02469572095122551

=========== Final average value of Jaccard Index: ==========
average Jaccard Index = 0.3124101544437235

================ Statistics: ====================================
============ average number of created clusters: 9.43
============ average cluster size: 10.800390640663082
Simulation started at: 14:48 and completed at 14:48
Execution time: 3.794 sec