

=========== Final average value of S-recall@K: =============
1 0.1807
2 0.2635
3 0.3095
4 0.3622
5 0.4027
6 0.4431
7 0.4687
8 0.4870
9 0.5150
10 0.5336
11 0.5450
12 0.5720
13 0.5925
14 0.6081
15 0.6304
16 0.6415
17 0.6563
18 0.6661
19 0.6803
20 0.6947
21 0.7076
22 0.7222
23 0.7299
24 0.7370
25 0.7492
26 0.7609
27 0.7647
28 0.7750
29 0.7798
30 0.7859
31 0.7938
32 0.7996
33 0.8056
34 0.8144
35 0.8188
36 0.8216
37 0.8286
38 0.8363
39 0.8415
40 0.8490
41 0.8552
42 0.8595
43 0.8706
44 0.8778
45 0.8860
46 0.8915
47 0.8993
48 0.9061
49 0.9099
50 0.9148
51 0.9206
52 0.9237
53 0.9264
54 0.9339
55 0.9472
56 0.9529
57 0.9607
58 0.9711
59 0.9756
60 0.9794
61 0.9854
62 0.9897
63 0.9930
64 1.0000
65 0.0000
66 0.0000
67 0.0000
68 0.0000
69 0.0000
70 0.0000
71 0.0000
72 0.0000
73 0.0000
74 0.0000
75 0.0000
76 0.0000
77 0.0000
78 0.0000
79 0.0000
80 0.0000
81 0.0000
82 0.0000
83 0.0000
84 0.0000
85 0.0000
86 0.0000
87 0.0000
88 0.0000
89 0.0000
90 0.0000
91 0.0000
92 0.0000
93 0.0000
94 0.0000
95 0.0000
96 0.0000
97 0.0000
98 0.0000
99 0.0000
100 0.0000

=========== Final average value of S-precision@r: =============
0.4000 0.4471
0.4500 0.4153
0.5000 0.3797
0.5500 0.3632
0.6000 0.3185
0.6500 0.2855
0.7000 0.2494
0.7500 0.2440
0.8000 0.2306
0.8500 0.2022
0.9000 0.1951
0.9500 0.1873
1.0000 0.1563

=========== Final average value of F1: =====================
average F1 = 0.6165625

=========== Final average value of Rand Index: =============
average Rand Index = 0.4887698412698414

=========== Final average value of Adjusted Rand Index: ====
average Adj Rand Index = 0.03137548636019778

=========== Final average value of Jaccard Index: ==========
average Jaccard Index = 0.3205945601831938

================ Statistics: ====================================
============ average number of created clusters: 8.9
============ average cluster size: 11.065441288673483
Simulation started at: 14:48 and completed at 14:48
Execution time: 3.571 sec