

=========== Final average value of S-recall@K: =============
1 0.1807
2 0.2476
3 0.2952
4 0.3461
5 0.3911
6 0.4200
7 0.4616
8 0.4936
9 0.5187
10 0.5417
11 0.5526
12 0.5723
13 0.5876
14 0.6026
15 0.6253
16 0.6415
17 0.6531
18 0.6740
19 0.6813
20 0.6965
21 0.7077
22 0.7170
23 0.7267
24 0.7340
25 0.7403
26 0.7553
27 0.7633
28 0.7709
29 0.7772
30 0.7873
31 0.7992
32 0.8046
33 0.8051
34 0.8155
35 0.8212
36 0.8260
37 0.8379
38 0.8415
39 0.8491
40 0.8586
41 0.8638
42 0.8788
43 0.8882
44 0.8982
45 0.8993
46 0.9033
47 0.9090
48 0.9128
49 0.9173
50 0.9195
51 0.9282
52 0.9344
53 0.9428
54 0.9465
55 0.9528
56 0.9528
57 0.9621
58 0.9715
59 0.9740
60 0.9791
61 0.9856
62 0.9900
63 0.9923
64 1.0000
65 0.0000
66 0.0000
67 0.0000
68 0.0000
69 0.0000
70 0.0000
71 0.0000
72 0.0000
73 0.0000
74 0.0000
75 0.0000
76 0.0000
77 0.0000
78 0.0000
79 0.0000
80 0.0000
81 0.0000
82 0.0000
83 0.0000
84 0.0000
85 0.0000
86 0.0000
87 0.0000
88 0.0000
89 0.0000
90 0.0000
91 0.0000
92 0.0000
93 0.0000
94 0.0000
95 0.0000
96 0.0000
97 0.0000
98 0.0000
99 0.0000
100 0.0000

=========== Final average value of S-precision@r: =============
0.4000 0.4253
0.4500 0.4006
0.5000 0.3802
0.5500 0.3535
0.6000 0.2962
0.6500 0.2874
0.7000 0.2615
0.7500 0.2428
0.8000 0.2275
0.8500 0.2090
0.9000 0.1982
0.9500 0.1882
1.0000 0.1563

=========== Final average value of F1: =====================
average F1 = 0.60578125

=========== Final average value of Rand Index: =============
average Rand Index = 0.518700396825397

=========== Final average value of Adjusted Rand Index: ====
average Adj Rand Index = 0.026021473346603156

=========== Final average value of Jaccard Index: ==========
average Jaccard Index = 0.24528633798652544

================ Statistics: ====================================
============ average number of created clusters: 8.02
============ average cluster size: 10.719070430773211
Simulation started at: 14:55 and completed at 14:55
Execution time: 3.198 sec