

=========== Final average value of S-recall@K: =============
1 0.1807
2 0.2489
3 0.2978
4 0.3597
5 0.4097
6 0.4569
7 0.4858
8 0.4997
9 0.5236
10 0.5358
11 0.5549
12 0.5802
13 0.5948
14 0.6069
15 0.6174
16 0.6454
17 0.6635
18 0.6762
19 0.6883
20 0.6970
21 0.7097
22 0.7233
23 0.7314
24 0.7362
25 0.7416
26 0.7539
27 0.7592
28 0.7669
29 0.7769
30 0.7846
31 0.7940
32 0.8021
33 0.8113
34 0.8174
35 0.8250
36 0.8328
37 0.8382
38 0.8441
39 0.8557
40 0.8670
41 0.8745
42 0.8811
43 0.8848
44 0.8937
45 0.8993
46 0.9025
47 0.9042
48 0.9106
49 0.9210
50 0.9235
51 0.9318
52 0.9353
53 0.9378
54 0.9378
55 0.9480
56 0.9553
57 0.9624
58 0.9688
59 0.9746
60 0.9848
61 0.9883
62 0.9930
63 0.9955
64 1.0000
65 0.0000
66 0.0000
67 0.0000
68 0.0000
69 0.0000
70 0.0000
71 0.0000
72 0.0000
73 0.0000
74 0.0000
75 0.0000
76 0.0000
77 0.0000
78 0.0000
79 0.0000
80 0.0000
81 0.0000
82 0.0000
83 0.0000
84 0.0000
85 0.0000
86 0.0000
87 0.0000
88 0.0000
89 0.0000
90 0.0000
91 0.0000
92 0.0000
93 0.0000
94 0.0000
95 0.0000
96 0.0000
97 0.0000
98 0.0000
99 0.0000
100 0.0000

=========== Final average value of S-precision@r: =============
0.4000 0.4511
0.4500 0.3914
0.5000 0.4037
0.5500 0.3499
0.6000 0.3222
0.6500 0.2859
0.7000 0.2593
0.7500 0.2324
0.8000 0.2221
0.8500 0.2092
0.9000 0.1985
0.9500 0.1856
1.0000 0.1563

=========== Final average value of F1: =====================
average F1 = 0.613125

=========== Final average value of Rand Index: =============
average Rand Index = 0.5211210317460317

=========== Final average value of Adjusted Rand Index: ====
average Adj Rand Index = 0.03500056729195193

=========== Final average value of Jaccard Index: ==========
average Jaccard Index = 0.24557047724177183

================ Statistics: ====================================
============ average number of created clusters: 8.62
============ average cluster size: 9.961039455900128
Simulation started at: 14:53 and completed at 14:53
Execution time: 3.339 sec