

=========== Final average value of S-recall@K: =============
1 0.1807
2 0.2444
3 0.3056
4 0.3666
5 0.4004
6 0.4345
7 0.4740
8 0.5095
9 0.5403
10 0.5591
11 0.5805
12 0.6000
13 0.6174
14 0.6376
15 0.6509
16 0.6644
17 0.6771
18 0.6887
19 0.6964
20 0.7079
21 0.7156
22 0.7248
23 0.7341
24 0.7492
25 0.7609
26 0.7761
27 0.7839
28 0.7924
29 0.7948
30 0.8007
31 0.8028
32 0.8094
33 0.8224
34 0.8319
35 0.8368
36 0.8503
37 0.8531
38 0.8560
39 0.8621
40 0.8687
41 0.8750
42 0.8794
43 0.8847
44 0.8925
45 0.8958
46 0.9037
47 0.9082
48 0.9110
49 0.9177
50 0.9304
51 0.9359
52 0.9394
53 0.9405
54 0.9426
55 0.9466
56 0.9532
57 0.9602
58 0.9674
59 0.9760
60 0.9765
61 0.9863
62 0.9909
63 0.9917
64 1.0000
65 0.0000
66 0.0000
67 0.0000
68 0.0000
69 0.0000
70 0.0000
71 0.0000
72 0.0000
73 0.0000
74 0.0000
75 0.0000
76 0.0000
77 0.0000
78 0.0000
79 0.0000
80 0.0000
81 0.0000
82 0.0000
83 0.0000
84 0.0000
85 0.0000
86 0.0000
87 0.0000
88 0.0000
89 0.0000
90 0.0000
91 0.0000
92 0.0000
93 0.0000
94 0.0000
95 0.0000
96 0.0000
97 0.0000
98 0.0000
99 0.0000
100 0.0000

=========== Final average value of S-precision@r: =============
0.4000 0.4370
0.4500 0.4385
0.5000 0.4055
0.5500 0.3725
0.6000 0.3212
0.6500 0.3250
0.7000 0.2747
0.7500 0.2450
0.8000 0.2212
0.8500 0.2137
0.9000 0.2012
0.9500 0.1970
1.0000 0.1425

=========== Final average value of F1: =====================
average F1 = 0.6328125

=========== Final average value of Rand Index: =============
average Rand Index = 0.5592857142857145

=========== Final average value of Adjusted Rand Index: ====
average Adj Rand Index = 0.03840410772029113

=========== Final average value of Jaccard Index: ==========
average Jaccard Index = 0.21109535684598854

================ Statistics: ====================================
============ average number of created clusters: 11.52
============ average cluster size: 6.286001629605339
Simulation started at: 15:04 and completed at 15:05
Execution time: 3.769 sec