

=========== Final average value of S-recall@K: =============
1 0.1807
2 0.2437
3 0.3012
4 0.3583
5 0.4115
6 0.4539
7 0.4731
8 0.4989
9 0.5295
10 0.5450
11 0.5575
12 0.5834
13 0.5980
14 0.6229
15 0.6335
16 0.6450
17 0.6571
18 0.6737
19 0.6905
20 0.6981
21 0.7122
22 0.7259
23 0.7357
24 0.7434
25 0.7513
26 0.7622
27 0.7712
28 0.7818
29 0.7877
30 0.7915
31 0.8004
32 0.8081
33 0.8177
34 0.8242
35 0.8275
36 0.8325
37 0.8403
38 0.8443
39 0.8541
40 0.8620
41 0.8641
42 0.8697
43 0.8766
44 0.8812
45 0.8844
46 0.8917
47 0.8959
48 0.9052
49 0.9119
50 0.9174
51 0.9230
52 0.9289
53 0.9381
54 0.9511
55 0.9561
56 0.9582
57 0.9611
58 0.9643
59 0.9733
60 0.9816
61 0.9866
62 0.9891
63 0.9947
64 1.0000
65 0.0000
66 0.0000
67 0.0000
68 0.0000
69 0.0000
70 0.0000
71 0.0000
72 0.0000
73 0.0000
74 0.0000
75 0.0000
76 0.0000
77 0.0000
78 0.0000
79 0.0000
80 0.0000
81 0.0000
82 0.0000
83 0.0000
84 0.0000
85 0.0000
86 0.0000
87 0.0000
88 0.0000
89 0.0000
90 0.0000
91 0.0000
92 0.0000
93 0.0000
94 0.0000
95 0.0000
96 0.0000
97 0.0000
98 0.0000
99 0.0000
100 0.0000

=========== Final average value of S-precision@r: =============
0.4000 0.4170
0.4500 0.4220
0.5000 0.3909
0.5500 0.3441
0.6000 0.3273
0.6500 0.3088
0.7000 0.2725
0.7500 0.2496
0.8000 0.2292
0.8500 0.2124
0.9000 0.1962
0.9500 0.1889
1.0000 0.1563

=========== Final average value of F1: =====================
average F1 = 0.6128125

=========== Final average value of Rand Index: =============
average Rand Index = 0.5177083333333331

=========== Final average value of Adjusted Rand Index: ====
average Adj Rand Index = 0.023523739585255513

=========== Final average value of Jaccard Index: ==========
average Jaccard Index = 0.23757849410742385

================ Statistics: ====================================
============ average number of created clusters: 9.55
============ average cluster size: 9.052317982670917
Simulation started at: 14:51 and completed at 14:51
Execution time: 3.383 sec