

=========== Final average value of S-recall@K: =============
1 0.1807
2 0.2499
3 0.2954
4 0.3389
5 0.3836
6 0.4143
7 0.4434
8 0.4696
9 0.5010
10 0.5348
11 0.5571
12 0.5742
13 0.5846
14 0.6025
15 0.6142
16 0.6245
17 0.6349
18 0.6535
19 0.6682
20 0.6853
21 0.6954
22 0.7051
23 0.7218
24 0.7312
25 0.7385
26 0.7484
27 0.7530
28 0.7628
29 0.7706
30 0.7779
31 0.7856
32 0.7961
33 0.7982
34 0.8032
35 0.8114
36 0.8154
37 0.8271
38 0.8348
39 0.8453
40 0.8544
41 0.8591
42 0.8664
43 0.8722
44 0.8854
45 0.8900
46 0.8941
47 0.9031
48 0.9085
49 0.9142
50 0.9213
51 0.9299
52 0.9347
53 0.9426
54 0.9448
55 0.9512
56 0.9539
57 0.9593
58 0.9669
59 0.9775
60 0.9814
61 0.9876
62 0.9917
63 0.9963
64 1.0000
65 0.0000
66 0.0000
67 0.0000
68 0.0000
69 0.0000
70 0.0000
71 0.0000
72 0.0000
73 0.0000
74 0.0000
75 0.0000
76 0.0000
77 0.0000
78 0.0000
79 0.0000
80 0.0000
81 0.0000
82 0.0000
83 0.0000
84 0.0000
85 0.0000
86 0.0000
87 0.0000
88 0.0000
89 0.0000
90 0.0000
91 0.0000
92 0.0000
93 0.0000
94 0.0000
95 0.0000
96 0.0000
97 0.0000
98 0.0000
99 0.0000
100 0.0000

=========== Final average value of S-precision@r: =============
0.4000 0.4018
0.4500 0.3941
0.5000 0.3795
0.5500 0.3515
0.6000 0.2960
0.6500 0.2913
0.7000 0.2450
0.7500 0.2254
0.8000 0.2138
0.8500 0.2009
0.9000 0.1831
0.9500 0.1799
1.0000 0.1563

=========== Final average value of F1: =====================
average F1 = 0.60671875

=========== Final average value of Rand Index: =============
average Rand Index = 0.5260515873015875

=========== Final average value of Adjusted Rand Index: ====
average Adj Rand Index = 0.024520629967277777

=========== Final average value of Jaccard Index: ==========
average Jaccard Index = 0.2518259993710385

================ Statistics: ====================================
============ average number of created clusters: 7.73
============ average cluster size: 11.36228679748184
Simulation started at: 14:57 and completed at 14:57
Execution time: 3.277 sec