

=========== Final average value of S-recall@K: =============
1 0.1807
2 0.2593
3 0.3157
4 0.3705
5 0.4189
6 0.4559
7 0.4881
8 0.5175
9 0.5409
10 0.5566
11 0.5723
12 0.5894
13 0.6046
14 0.6260
15 0.6395
16 0.6456
17 0.6621
18 0.6760
19 0.6898
20 0.7021
21 0.7107
22 0.7276
23 0.7386
24 0.7461
25 0.7589
26 0.7670
27 0.7766
28 0.7825
29 0.7970
30 0.8100
31 0.8172
32 0.8270
33 0.8297
34 0.8376
35 0.8472
36 0.8518
37 0.8578
38 0.8627
39 0.8706
40 0.8720
41 0.8777
42 0.8859
43 0.8911
44 0.8975
45 0.9023
46 0.9073
47 0.9102
48 0.9158
49 0.9302
50 0.9346
51 0.9359
52 0.9373
53 0.9428
54 0.9461
55 0.9513
56 0.9585
57 0.9642
58 0.9731
59 0.9790
60 0.9826
61 0.9839
62 0.9894
63 0.9917
64 1.0000
65 0.0000
66 0.0000
67 0.0000
68 0.0000
69 0.0000
70 0.0000
71 0.0000
72 0.0000
73 0.0000
74 0.0000
75 0.0000
76 0.0000
77 0.0000
78 0.0000
79 0.0000
80 0.0000
81 0.0000
82 0.0000
83 0.0000
84 0.0000
85 0.0000
86 0.0000
87 0.0000
88 0.0000
89 0.0000
90 0.0000
91 0.0000
92 0.0000
93 0.0000
94 0.0000
95 0.0000
96 0.0000
97 0.0000
98 0.0000
99 0.0000
100 0.0000

=========== Final average value of S-precision@r: =============
0.4000 0.4547
0.4500 0.4139
0.5000 0.3971
0.5500 0.4053
0.6000 0.3466
0.6500 0.3191
0.7000 0.2833
0.7500 0.2398
0.8000 0.2239
0.8500 0.2171
0.9000 0.2025
0.9500 0.1927
1.0000 0.1493

=========== Final average value of F1: =====================
average F1 = 0.6365625

=========== Final average value of Rand Index: =============
average Rand Index = 0.5489335317460319

=========== Final average value of Adjusted Rand Index: ====
average Adj Rand Index = 0.04203916398694187

=========== Final average value of Jaccard Index: ==========
average Jaccard Index = 0.22178748138341778

================ Statistics: ====================================
============ average number of created clusters: 12.13
============ average cluster size: 6.1074185284959235
Simulation started at: 15:04 and completed at 15:04
Execution time: 5.766 sec