

=========== Final average value of S-recall@K: =============
1 0.1807
2 0.2448
3 0.3018
4 0.3459
5 0.3916
6 0.4273
7 0.4560
8 0.4747
9 0.4954
10 0.5192
11 0.5445
12 0.5571
13 0.5742
14 0.5867
15 0.6039
16 0.6177
17 0.6316
18 0.6474
19 0.6531
20 0.6684
21 0.6770
22 0.6906
23 0.7039
24 0.7170
25 0.7296
26 0.7353
27 0.7381
28 0.7458
29 0.7553
30 0.7634
31 0.7694
32 0.7866
33 0.7926
34 0.8020
35 0.8104
36 0.8193
37 0.8243
38 0.8270
39 0.8355
40 0.8398
41 0.8458
42 0.8568
43 0.8596
44 0.8757
45 0.8780
46 0.8855
47 0.8915
48 0.8956
49 0.9034
50 0.9080
51 0.9201
52 0.9245
53 0.9326
54 0.9400
55 0.9457
56 0.9503
57 0.9542
58 0.9605
59 0.9662
60 0.9724
61 0.9789
62 0.9868
63 0.9931
64 1.0000
65 0.0000
66 0.0000
67 0.0000
68 0.0000
69 0.0000
70 0.0000
71 0.0000
72 0.0000
73 0.0000
74 0.0000
75 0.0000
76 0.0000
77 0.0000
78 0.0000
79 0.0000
80 0.0000
81 0.0000
82 0.0000
83 0.0000
84 0.0000
85 0.0000
86 0.0000
87 0.0000
88 0.0000
89 0.0000
90 0.0000
91 0.0000
92 0.0000
93 0.0000
94 0.0000
95 0.0000
96 0.0000
97 0.0000
98 0.0000
99 0.0000
100 0.0000

=========== Final average value of S-precision@r: =============
0.4000 0.3993
0.4500 0.4249
0.5000 0.3924
0.5500 0.3331
0.6000 0.2905
0.6500 0.2830
0.7000 0.2351
0.7500 0.2235
0.8000 0.2173
0.8500 0.1968
0.9000 0.1909
0.9500 0.1797
1.0000 0.1563

=========== Final average value of F1: =====================
average F1 = 0.57953125

=========== Final average value of Rand Index: =============
average Rand Index = 0.463075396825397

=========== Final average value of Adjusted Rand Index: ====
average Adj Rand Index = -0.011552102026712495

=========== Final average value of Jaccard Index: ==========
average Jaccard Index = 0.3159904542536889

================ Statistics: ====================================
============ average number of created clusters: 6.17
============ average cluster size: 15.372644805486908
Simulation started at: 14:30 and completed at 14:30
Execution time: 4.485 sec