

=========== Final average value of S-recall@K: =============
1 0.1807
2 0.2493
3 0.3011
4 0.3445
5 0.3885
6 0.4381
7 0.4784
8 0.5054
9 0.5314
10 0.5567
11 0.5740
12 0.5986
13 0.6103
14 0.6248
15 0.6388
16 0.6506
17 0.6676
18 0.6822
19 0.6946
20 0.7063
21 0.7163
22 0.7277
23 0.7394
24 0.7509
25 0.7568
26 0.7661
27 0.7700
28 0.7783
29 0.7849
30 0.7894
31 0.7979
32 0.8073
33 0.8138
34 0.8146
35 0.8215
36 0.8249
37 0.8344
38 0.8380
39 0.8448
40 0.8553
41 0.8653
42 0.8708
43 0.8730
44 0.8853
45 0.8937
46 0.8998
47 0.9038
48 0.9119
49 0.9180
50 0.9228
51 0.9324
52 0.9352
53 0.9375
54 0.9409
55 0.9481
56 0.9563
57 0.9651
58 0.9679
59 0.9745
60 0.9801
61 0.9855
62 0.9909
63 0.9940
64 1.0000
65 0.0000
66 0.0000
67 0.0000
68 0.0000
69 0.0000
70 0.0000
71 0.0000
72 0.0000
73 0.0000
74 0.0000
75 0.0000
76 0.0000
77 0.0000
78 0.0000
79 0.0000
80 0.0000
81 0.0000
82 0.0000
83 0.0000
84 0.0000
85 0.0000
86 0.0000
87 0.0000
88 0.0000
89 0.0000
90 0.0000
91 0.0000
92 0.0000
93 0.0000
94 0.0000
95 0.0000
96 0.0000
97 0.0000
98 0.0000
99 0.0000
100 0.0000

=========== Final average value of S-precision@r: =============
0.4000 0.4162
0.4500 0.3875
0.5000 0.4047
0.5500 0.3490
0.6000 0.2993
0.6500 0.2958
0.7000 0.2621
0.7500 0.2430
0.8000 0.2216
0.8500 0.2038
0.9000 0.1957
0.9500 0.1825
1.0000 0.1563

=========== Final average value of F1: =====================
average F1 = 0.615

=========== Final average value of Rand Index: =============
average Rand Index = 0.5245734126984124

=========== Final average value of Adjusted Rand Index: ====
average Adj Rand Index = 0.029383962593125732

=========== Final average value of Jaccard Index: ==========
average Jaccard Index = 0.2412889584634547

================ Statistics: ====================================
============ average number of created clusters: 8.47
============ average cluster size: 10.10542096912375
Simulation started at: 14:54 and completed at 14:54
Execution time: 3.284 sec