

=========== Final average value of S-recall@K: =============
1 0.1807
2 0.2458
3 0.2982
4 0.3456
5 0.3999
6 0.4355
7 0.4629
8 0.4937
9 0.5294
10 0.5470
11 0.5582
12 0.5734
13 0.5938
14 0.6111
15 0.6276
16 0.6399
17 0.6500
18 0.6655
19 0.6738
20 0.6865
21 0.6967
22 0.7124
23 0.7252
24 0.7325
25 0.7440
26 0.7536
27 0.7644
28 0.7744
29 0.7851
30 0.8009
31 0.8055
32 0.8132
33 0.8184
34 0.8222
35 0.8345
36 0.8421
37 0.8468
38 0.8568
39 0.8644
40 0.8713
41 0.8767
42 0.8835
43 0.8842
44 0.8896
45 0.8937
46 0.9028
47 0.9070
48 0.9120
49 0.9163
50 0.9200
51 0.9274
52 0.9297
53 0.9365
54 0.9406
55 0.9453
56 0.9509
57 0.9581
58 0.9656
59 0.9745
60 0.9818
61 0.9885
62 0.9897
63 0.9956
64 1.0000
65 0.0000
66 0.0000
67 0.0000
68 0.0000
69 0.0000
70 0.0000
71 0.0000
72 0.0000
73 0.0000
74 0.0000
75 0.0000
76 0.0000
77 0.0000
78 0.0000
79 0.0000
80 0.0000
81 0.0000
82 0.0000
83 0.0000
84 0.0000
85 0.0000
86 0.0000
87 0.0000
88 0.0000
89 0.0000
90 0.0000
91 0.0000
92 0.0000
93 0.0000
94 0.0000
95 0.0000
96 0.0000
97 0.0000
98 0.0000
99 0.0000
100 0.0000

=========== Final average value of S-precision@r: =============
0.4000 0.4237
0.4500 0.4085
0.5000 0.3889
0.5500 0.3518
0.6000 0.3214
0.6500 0.2885
0.7000 0.2586
0.7500 0.2406
0.8000 0.2230
0.8500 0.2101
0.9000 0.1923
0.9500 0.1877
1.0000 0.1563

=========== Final average value of F1: =====================
average F1 = 0.61828125

=========== Final average value of Rand Index: =============
average Rand Index = 0.5306299603174603

=========== Final average value of Adjusted Rand Index: ====
average Adj Rand Index = 0.03468611735452999

=========== Final average value of Jaccard Index: ==========
average Jaccard Index = 0.2415867256854647

================ Statistics: ====================================
============ average number of created clusters: 9.08
============ average cluster size: 9.350782484801055
Simulation started at: 14:52 and completed at 14:52
Execution time: 3.563 sec