

=========== Final average value of S-recall@K: =============
1 0.1807
2 0.2510
3 0.3036
4 0.3457
5 0.4008
6 0.4344
7 0.4737
8 0.4911
9 0.5177
10 0.5285
11 0.5552
12 0.5834
13 0.6000
14 0.6127
15 0.6297
16 0.6462
17 0.6520
18 0.6654
19 0.6778
20 0.6960
21 0.6990
22 0.7102
23 0.7202
24 0.7291
25 0.7393
26 0.7508
27 0.7607
28 0.7720
29 0.7766
30 0.7813
31 0.7882
32 0.7945
33 0.7986
34 0.8096
35 0.8176
36 0.8268
37 0.8376
38 0.8482
39 0.8589
40 0.8665
41 0.8729
42 0.8828
43 0.8843
44 0.8946
45 0.8961
46 0.9023
47 0.9040
48 0.9079
49 0.9134
50 0.9163
51 0.9239
52 0.9294
53 0.9401
54 0.9487
55 0.9535
56 0.9551
57 0.9594
58 0.9652
59 0.9789
60 0.9852
61 0.9879
62 0.9917
63 0.9948
64 1.0000
65 0.0000
66 0.0000
67 0.0000
68 0.0000
69 0.0000
70 0.0000
71 0.0000
72 0.0000
73 0.0000
74 0.0000
75 0.0000
76 0.0000
77 0.0000
78 0.0000
79 0.0000
80 0.0000
81 0.0000
82 0.0000
83 0.0000
84 0.0000
85 0.0000
86 0.0000
87 0.0000
88 0.0000
89 0.0000
90 0.0000
91 0.0000
92 0.0000
93 0.0000
94 0.0000
95 0.0000
96 0.0000
97 0.0000
98 0.0000
99 0.0000
100 0.0000

=========== Final average value of S-precision@r: =============
0.4000 0.4225
0.4500 0.4332
0.5000 0.3853
0.5500 0.3513
0.6000 0.3191
0.6500 0.3086
0.7000 0.2487
0.7500 0.2351
0.8000 0.2114
0.8500 0.2020
0.9000 0.1867
0.9500 0.1855
1.0000 0.1563

=========== Final average value of F1: =====================
average F1 = 0.61546875

=========== Final average value of Rand Index: =============
average Rand Index = 0.50859623015873

=========== Final average value of Adjusted Rand Index: ====
average Adj Rand Index = 0.026039939768963904

=========== Final average value of Jaccard Index: ==========
average Jaccard Index = 0.24618505516157704

================ Statistics: ====================================
============ average number of created clusters: 9.28
============ average cluster size: 9.351140937493879
Simulation started at: 14:51 and completed at 14:51
Execution time: 3.347 sec