

=========== Final average value of S-recall@K: =============
1 0.1807
2 0.2510
3 0.3093
4 0.3559
5 0.3824
6 0.4197
7 0.4543
8 0.4880
9 0.5117
10 0.5448
11 0.5594
12 0.5761
13 0.5871
14 0.6016
15 0.6259
16 0.6348
17 0.6472
18 0.6560
19 0.6667
20 0.6832
21 0.6974
22 0.7094
23 0.7237
24 0.7291
25 0.7384
26 0.7454
27 0.7536
28 0.7644
29 0.7701
30 0.7758
31 0.7860
32 0.7986
33 0.8083
34 0.8147
35 0.8189
36 0.8231
37 0.8325
38 0.8382
39 0.8451
40 0.8540
41 0.8609
42 0.8718
43 0.8764
44 0.8887
45 0.8953
46 0.9012
47 0.9084
48 0.9118
49 0.9185
50 0.9228
51 0.9345
52 0.9397
53 0.9435
54 0.9435
55 0.9506
56 0.9574
57 0.9674
58 0.9717
59 0.9778
60 0.9821
61 0.9868
62 0.9885
63 0.9946
64 1.0000
65 0.0000
66 0.0000
67 0.0000
68 0.0000
69 0.0000
70 0.0000
71 0.0000
72 0.0000
73 0.0000
74 0.0000
75 0.0000
76 0.0000
77 0.0000
78 0.0000
79 0.0000
80 0.0000
81 0.0000
82 0.0000
83 0.0000
84 0.0000
85 0.0000
86 0.0000
87 0.0000
88 0.0000
89 0.0000
90 0.0000
91 0.0000
92 0.0000
93 0.0000
94 0.0000
95 0.0000
96 0.0000
97 0.0000
98 0.0000
99 0.0000
100 0.0000

=========== Final average value of S-precision@r: =============
0.4000 0.4312
0.4500 0.4244
0.5000 0.3803
0.5500 0.3263
0.6000 0.2930
0.6500 0.2986
0.7000 0.2535
0.7500 0.2357
0.8000 0.2180
0.8500 0.2063
0.9000 0.1870
0.9500 0.1873
1.0000 0.1563

=========== Final average value of F1: =====================
average F1 = 0.6053125

=========== Final average value of Rand Index: =============
average Rand Index = 0.5263144841269839

=========== Final average value of Adjusted Rand Index: ====
average Adj Rand Index = 0.023059553156238564

=========== Final average value of Jaccard Index: ==========
average Jaccard Index = 0.2587391776730528

================ Statistics: ====================================
============ average number of created clusters: 7.11
============ average cluster size: 11.554680481541155
Simulation started at: 14:56 and completed at 14:56
Execution time: 3.328 sec