

=========== Final average value of S-recall@K: =============
1 0.1807
2 0.2640
3 0.3150
4 0.3634
5 0.4129
6 0.4555
7 0.4912
8 0.5206
9 0.5508
10 0.5674
11 0.5798
12 0.5988
13 0.6070
14 0.6273
15 0.6478
16 0.6585
17 0.6703
18 0.6901
19 0.7015
20 0.7084
21 0.7200
22 0.7265
23 0.7363
24 0.7432
25 0.7533
26 0.7695
27 0.7832
28 0.7908
29 0.8004
30 0.8083
31 0.8167
32 0.8222
33 0.8270
34 0.8385
35 0.8459
36 0.8493
37 0.8553
38 0.8594
39 0.8628
40 0.8700
41 0.8756
42 0.8816
43 0.8934
44 0.9041
45 0.9083
46 0.9161
47 0.9204
48 0.9249
49 0.9298
50 0.9346
51 0.9365
52 0.9384
53 0.9423
54 0.9490
55 0.9517
56 0.9568
57 0.9628
58 0.9727
59 0.9779
60 0.9828
61 0.9865
62 0.9902
63 0.9916
64 1.0000
65 0.0000
66 0.0000
67 0.0000
68 0.0000
69 0.0000
70 0.0000
71 0.0000
72 0.0000
73 0.0000
74 0.0000
75 0.0000
76 0.0000
77 0.0000
78 0.0000
79 0.0000
80 0.0000
81 0.0000
82 0.0000
83 0.0000
84 0.0000
85 0.0000
86 0.0000
87 0.0000
88 0.0000
89 0.0000
90 0.0000
91 0.0000
92 0.0000
93 0.0000
94 0.0000
95 0.0000
96 0.0000
97 0.0000
98 0.0000
99 0.0000
100 0.0000

=========== Final average value of S-precision@r: =============
0.4000 0.4397
0.4500 0.4311
0.5000 0.4018
0.5500 0.3787
0.6000 0.3340
0.6500 0.3145
0.7000 0.2601
0.7500 0.2445
0.8000 0.2250
0.8500 0.2132
0.9000 0.2042
0.9500 0.1914
1.0000 0.1493

=========== Final average value of F1: =====================
average F1 = 0.6396875

=========== Final average value of Rand Index: =============
average Rand Index = 0.5604265873015875

=========== Final average value of Adjusted Rand Index: ====
average Adj Rand Index = 0.04200078338265235

=========== Final average value of Jaccard Index: ==========
average Jaccard Index = 0.22216999090983902

================ Statistics: ====================================
============ average number of created clusters: 11.79
============ average cluster size: 6.054338874747539
Simulation started at: 15:04 and completed at 15:04
Execution time: 3.875 sec