

=========== Final average value of S-recall@K: =============
1 0.1807
2 0.2481
3 0.3040
4 0.3604
5 0.4041
6 0.4344
7 0.4676
8 0.4954
9 0.5352
10 0.5482
11 0.5605
12 0.5745
13 0.5994
14 0.6252
15 0.6364
16 0.6439
17 0.6545
18 0.6668
19 0.6769
20 0.6866
21 0.6989
22 0.7082
23 0.7149
24 0.7253
25 0.7397
26 0.7566
27 0.7655
28 0.7766
29 0.7827
30 0.7895
31 0.7997
32 0.8038
33 0.8105
34 0.8190
35 0.8298
36 0.8327
37 0.8394
38 0.8457
39 0.8559
40 0.8624
41 0.8669
42 0.8776
43 0.8813
44 0.8862
45 0.8884
46 0.8973
47 0.9045
48 0.9120
49 0.9194
50 0.9256
51 0.9358
52 0.9369
53 0.9421
54 0.9497
55 0.9543
56 0.9569
57 0.9627
58 0.9675
59 0.9758
60 0.9821
61 0.9892
62 0.9905
63 0.9947
64 1.0000
65 0.0000
66 0.0000
67 0.0000
68 0.0000
69 0.0000
70 0.0000
71 0.0000
72 0.0000
73 0.0000
74 0.0000
75 0.0000
76 0.0000
77 0.0000
78 0.0000
79 0.0000
80 0.0000
81 0.0000
82 0.0000
83 0.0000
84 0.0000
85 0.0000
86 0.0000
87 0.0000
88 0.0000
89 0.0000
90 0.0000
91 0.0000
92 0.0000
93 0.0000
94 0.0000
95 0.0000
96 0.0000
97 0.0000
98 0.0000
99 0.0000
100 0.0000

=========== Final average value of S-precision@r: =============
0.4000 0.4152
0.4500 0.4228
0.5000 0.3851
0.5500 0.3579
0.6000 0.3311
0.6500 0.3005
0.7000 0.2607
0.7500 0.2449
0.8000 0.2209
0.8500 0.2087
0.9000 0.1890
0.9500 0.1850
1.0000 0.1563

=========== Final average value of F1: =====================
average F1 = 0.62046875

=========== Final average value of Rand Index: =============
average Rand Index = 0.5248908730158729

=========== Final average value of Adjusted Rand Index: ====
average Adj Rand Index = 0.033523230035907604

=========== Final average value of Jaccard Index: ==========
average Jaccard Index = 0.24059795402051676

================ Statistics: ====================================
============ average number of created clusters: 9.47
============ average cluster size: 9.028265890284464
Simulation started at: 14:51 and completed at 14:52
Execution time: 3.343 sec