

=========== Final average value of S-recall@K: =============
1 0.1807
2 0.2446
3 0.2902
4 0.3418
5 0.3848
6 0.4301
7 0.4663
8 0.4942
9 0.5189
10 0.5371
11 0.5569
12 0.5769
13 0.5931
14 0.6078
15 0.6206
16 0.6360
17 0.6568
18 0.6723
19 0.6852
20 0.6962
21 0.7079
22 0.7186
23 0.7282
24 0.7352
25 0.7409
26 0.7508
27 0.7574
28 0.7640
29 0.7786
30 0.7835
31 0.7923
32 0.7993
33 0.8048
34 0.8094
35 0.8141
36 0.8169
37 0.8218
38 0.8310
39 0.8427
40 0.8496
41 0.8622
42 0.8662
43 0.8760
44 0.8801
45 0.8861
46 0.8954
47 0.8997
48 0.9067
49 0.9123
50 0.9158
51 0.9251
52 0.9281
53 0.9320
54 0.9347
55 0.9454
56 0.9502
57 0.9583
58 0.9678
59 0.9738
60 0.9798
61 0.9865
62 0.9887
63 0.9929
64 1.0000
65 0.0000
66 0.0000
67 0.0000
68 0.0000
69 0.0000
70 0.0000
71 0.0000
72 0.0000
73 0.0000
74 0.0000
75 0.0000
76 0.0000
77 0.0000
78 0.0000
79 0.0000
80 0.0000
81 0.0000
82 0.0000
83 0.0000
84 0.0000
85 0.0000
86 0.0000
87 0.0000
88 0.0000
89 0.0000
90 0.0000
91 0.0000
92 0.0000
93 0.0000
94 0.0000
95 0.0000
96 0.0000
97 0.0000
98 0.0000
99 0.0000
100 0.0000

=========== Final average value of S-precision@r: =============
0.4000 0.3959
0.4500 0.4236
0.5000 0.3576
0.5500 0.3297
0.6000 0.3028
0.6500 0.2890
0.7000 0.2605
0.7500 0.2391
0.8000 0.2105
0.8500 0.2065
0.9000 0.1889
0.9500 0.1811
1.0000 0.1502

=========== Final average value of F1: =====================
average F1 = 0.6109375

=========== Final average value of Rand Index: =============
average Rand Index = 0.5142460317460317

=========== Final average value of Adjusted Rand Index: ====
average Adj Rand Index = 0.02752283690145788

=========== Final average value of Jaccard Index: ==========
average Jaccard Index = 0.23814269770529106

================ Statistics: ====================================
============ average number of created clusters: 8.55
============ average cluster size: 10.225245472106149
Simulation started at: 14:53 and completed at 14:53
Execution time: 3.296 sec