

=========== Final average value of S-recall@K: =============
1 0.1807
2 0.2466
3 0.2982
4 0.3490
5 0.3937
6 0.4332
7 0.4715
8 0.4975
9 0.5218
10 0.5439
11 0.5703
12 0.5815
13 0.6100
14 0.6287
15 0.6385
16 0.6496
17 0.6688
18 0.6835
19 0.7018
20 0.7067
21 0.7119
22 0.7177
23 0.7259
24 0.7339
25 0.7411
26 0.7528
27 0.7541
28 0.7701
29 0.7842
30 0.7895
31 0.8003
32 0.8043
33 0.8125
34 0.8183
35 0.8271
36 0.8338
37 0.8372
38 0.8446
39 0.8543
40 0.8634
41 0.8640
42 0.8705
43 0.8761
44 0.8831
45 0.8850
46 0.8920
47 0.8941
48 0.9024
49 0.9082
50 0.9122
51 0.9151
52 0.9250
53 0.9264
54 0.9362
55 0.9420
56 0.9582
57 0.9657
58 0.9721
59 0.9750
60 0.9789
61 0.9876
62 0.9915
63 0.9945
64 1.0000
65 0.0000
66 0.0000
67 0.0000
68 0.0000
69 0.0000
70 0.0000
71 0.0000
72 0.0000
73 0.0000
74 0.0000
75 0.0000
76 0.0000
77 0.0000
78 0.0000
79 0.0000
80 0.0000
81 0.0000
82 0.0000
83 0.0000
84 0.0000
85 0.0000
86 0.0000
87 0.0000
88 0.0000
89 0.0000
90 0.0000
91 0.0000
92 0.0000
93 0.0000
94 0.0000
95 0.0000
96 0.0000
97 0.0000
98 0.0000
99 0.0000
100 0.0000

=========== Final average value of S-precision@r: =============
0.4000 0.4049
0.4500 0.4206
0.5000 0.4002
0.5500 0.3596
0.6000 0.3145
0.6500 0.3024
0.7000 0.2604
0.7500 0.2515
0.8000 0.2215
0.8500 0.2003
0.9000 0.1907
0.9500 0.1856
1.0000 0.1425

=========== Final average value of F1: =====================
average F1 = 0.61359375

=========== Final average value of Rand Index: =============
average Rand Index = 0.5642460317460317

=========== Final average value of Adjusted Rand Index: ====
average Adj Rand Index = 0.037147341508278406

=========== Final average value of Jaccard Index: ==========
average Jaccard Index = 0.20613630094289612

================ Statistics: ====================================
============ average number of created clusters: 9.11
============ average cluster size: 7.722225003067101
Simulation started at: 15:07 and completed at 15:07
Execution time: 5.408 sec