

=========== Final average value of S-recall@K: =============
1 0.1807
2 0.2482
3 0.3068
4 0.3597
5 0.4048
6 0.4411
7 0.4663
8 0.4879
9 0.5181
10 0.5463
11 0.5670
12 0.5935
13 0.6120
14 0.6248
15 0.6416
16 0.6575
17 0.6700
18 0.6777
19 0.6915
20 0.6981
21 0.7027
22 0.7151
23 0.7218
24 0.7289
25 0.7386
26 0.7433
27 0.7522
28 0.7640
29 0.7774
30 0.7815
31 0.7948
32 0.8068
33 0.8163
34 0.8262
35 0.8329
36 0.8370
37 0.8422
38 0.8470
39 0.8531
40 0.8632
41 0.8664
42 0.8751
43 0.8780
44 0.8857
45 0.8921
46 0.8978
47 0.9005
48 0.9053
49 0.9146
50 0.9185
51 0.9227
52 0.9247
53 0.9283
54 0.9354
55 0.9416
56 0.9484
57 0.9562
58 0.9710
59 0.9761
60 0.9793
61 0.9838
62 0.9898
63 0.9934
64 1.0000
65 0.0000
66 0.0000
67 0.0000
68 0.0000
69 0.0000
70 0.0000
71 0.0000
72 0.0000
73 0.0000
74 0.0000
75 0.0000
76 0.0000
77 0.0000
78 0.0000
79 0.0000
80 0.0000
81 0.0000
82 0.0000
83 0.0000
84 0.0000
85 0.0000
86 0.0000
87 0.0000
88 0.0000
89 0.0000
90 0.0000
91 0.0000
92 0.0000
93 0.0000
94 0.0000
95 0.0000
96 0.0000
97 0.0000
98 0.0000
99 0.0000
100 0.0000

=========== Final average value of S-precision@r: =============
0.4000 0.4665
0.4500 0.4366
0.5000 0.4125
0.5500 0.3370
0.6000 0.3060
0.6500 0.2857
0.7000 0.2635
0.7500 0.2446
0.8000 0.2223
0.8500 0.2020
0.9000 0.2013
0.9500 0.1796
1.0000 0.1493

=========== Final average value of F1: =====================
average F1 = 0.61546875

=========== Final average value of Rand Index: =============
average Rand Index = 0.5662748015873017

=========== Final average value of Adjusted Rand Index: ====
average Adj Rand Index = 0.031097372013114463

=========== Final average value of Jaccard Index: ==========
average Jaccard Index = 0.20340465032965127

================ Statistics: ====================================
============ average number of created clusters: 8.74
============ average cluster size: 8.109811338987804
Simulation started at: 15:08 and completed at 15:08
Execution time: 3.244 sec