

=========== Final average value of S-recall@K: =============
1 0.1807
2 0.2468
3 0.3062
4 0.3546
5 0.4001
6 0.4348
7 0.4621
8 0.4919
9 0.5182
10 0.5420
11 0.5581
12 0.5719
13 0.5952
14 0.6198
15 0.6334
16 0.6532
17 0.6685
18 0.6829
19 0.6874
20 0.6947
21 0.7027
22 0.7160
23 0.7190
24 0.7287
25 0.7340
26 0.7466
27 0.7533
28 0.7629
29 0.7718
30 0.7777
31 0.7851
32 0.7997
33 0.8061
34 0.8119
35 0.8221
36 0.8328
37 0.8385
38 0.8526
39 0.8571
40 0.8603
41 0.8640
42 0.8698
43 0.8738
44 0.8815
45 0.8857
46 0.8955
47 0.8992
48 0.9054
49 0.9152
50 0.9181
51 0.9220
52 0.9315
53 0.9343
54 0.9415
55 0.9467
56 0.9558
57 0.9663
58 0.9723
59 0.9736
60 0.9784
61 0.9845
62 0.9890
63 0.9899
64 1.0000
65 0.0000
66 0.0000
67 0.0000
68 0.0000
69 0.0000
70 0.0000
71 0.0000
72 0.0000
73 0.0000
74 0.0000
75 0.0000
76 0.0000
77 0.0000
78 0.0000
79 0.0000
80 0.0000
81 0.0000
82 0.0000
83 0.0000
84 0.0000
85 0.0000
86 0.0000
87 0.0000
88 0.0000
89 0.0000
90 0.0000
91 0.0000
92 0.0000
93 0.0000
94 0.0000
95 0.0000
96 0.0000
97 0.0000
98 0.0000
99 0.0000
100 0.0000

=========== Final average value of S-precision@r: =============
0.4000 0.4180
0.4500 0.4098
0.5000 0.3768
0.5500 0.3482
0.6000 0.3177
0.6500 0.2793
0.7000 0.2638
0.7500 0.2436
0.8000 0.2236
0.8500 0.2071
0.9000 0.1975
0.9500 0.1858
1.0000 0.1425

=========== Final average value of F1: =====================
average F1 = 0.61421875

=========== Final average value of Rand Index: =============
average Rand Index = 0.5629513888888888

=========== Final average value of Adjusted Rand Index: ====
average Adj Rand Index = 0.03542492160587274

=========== Final average value of Jaccard Index: ==========
average Jaccard Index = 0.2008829027752731

================ Statistics: ====================================
============ average number of created clusters: 9.11
============ average cluster size: 7.66357432041642
Simulation started at: 15:07 and completed at 15:07
Execution time: 3.998 sec