

=========== Final average value of S-recall@K: =============
1 0.1807
2 0.2566
3 0.3236
4 0.3816
5 0.4286
6 0.4582
7 0.4790
8 0.5077
9 0.5373
10 0.5638
11 0.5827
12 0.5969
13 0.6102
14 0.6217
15 0.6380
16 0.6558
17 0.6672
18 0.6874
19 0.7070
20 0.7142
21 0.7272
22 0.7365
23 0.7391
24 0.7429
25 0.7514
26 0.7630
27 0.7722
28 0.7800
29 0.7878
30 0.7926
31 0.7993
32 0.8025
33 0.8111
34 0.8181
35 0.8237
36 0.8271
37 0.8349
38 0.8409
39 0.8455
40 0.8542
41 0.8628
42 0.8661
43 0.8739
44 0.8799
45 0.8864
46 0.8886
47 0.8961
48 0.9022
49 0.9093
50 0.9115
51 0.9216
52 0.9289
53 0.9325
54 0.9374
55 0.9481
56 0.9555
57 0.9589
58 0.9697
59 0.9753
60 0.9818
61 0.9842
62 0.9883
63 0.9908
64 1.0000
65 0.0000
66 0.0000
67 0.0000
68 0.0000
69 0.0000
70 0.0000
71 0.0000
72 0.0000
73 0.0000
74 0.0000
75 0.0000
76 0.0000
77 0.0000
78 0.0000
79 0.0000
80 0.0000
81 0.0000
82 0.0000
83 0.0000
84 0.0000
85 0.0000
86 0.0000
87 0.0000
88 0.0000
89 0.0000
90 0.0000
91 0.0000
92 0.0000
93 0.0000
94 0.0000
95 0.0000
96 0.0000
97 0.0000
98 0.0000
99 0.0000
100 0.0000

=========== Final average value of S-precision@r: =============
0.4000 0.4524
0.4500 0.4272
0.5000 0.4049
0.5500 0.3505
0.6000 0.3387
0.6500 0.3120
0.7000 0.2558
0.7500 0.2501
0.8000 0.2352
0.8500 0.2077
0.9000 0.2006
0.9500 0.1843
1.0000 0.1563

=========== Final average value of F1: =====================
average F1 = 0.58984375

=========== Final average value of Rand Index: =============
average Rand Index = 0.4863492063492062

=========== Final average value of Adjusted Rand Index: ====
average Adj Rand Index = 0.03897562141076493

=========== Final average value of Jaccard Index: ==========
average Jaccard Index = 0.3210687222564326

================ Statistics: ====================================
============ average number of created clusters: 6.09
============ average cluster size: 14.306948424124892
Simulation started at: 15:02 and completed at 15:02
Execution time: 3.127 sec