

=========== Final average value of S-recall@K: =============
1 0.1807
2 0.2499
3 0.2995
4 0.3712
5 0.4248
6 0.4583
7 0.4881
8 0.5062
9 0.5306
10 0.5519
11 0.5705
12 0.5919
13 0.6184
14 0.6315
15 0.6394
16 0.6545
17 0.6665
18 0.6828
19 0.6907
20 0.7013
21 0.7137
22 0.7190
23 0.7262
24 0.7380
25 0.7438
26 0.7529
27 0.7619
28 0.7734
29 0.7817
30 0.7897
31 0.7960
32 0.8040
33 0.8124
34 0.8202
35 0.8343
36 0.8397
37 0.8450
38 0.8497
39 0.8558
40 0.8659
41 0.8737
42 0.8811
43 0.8840
44 0.8869
45 0.8931
46 0.8963
47 0.8989
48 0.9087
49 0.9152
50 0.9191
51 0.9229
52 0.9292
53 0.9400
54 0.9459
55 0.9495
56 0.9533
57 0.9607
58 0.9724
59 0.9797
60 0.9828
61 0.9859
62 0.9897
63 0.9919
64 1.0000
65 0.0000
66 0.0000
67 0.0000
68 0.0000
69 0.0000
70 0.0000
71 0.0000
72 0.0000
73 0.0000
74 0.0000
75 0.0000
76 0.0000
77 0.0000
78 0.0000
79 0.0000
80 0.0000
81 0.0000
82 0.0000
83 0.0000
84 0.0000
85 0.0000
86 0.0000
87 0.0000
88 0.0000
89 0.0000
90 0.0000
91 0.0000
92 0.0000
93 0.0000
94 0.0000
95 0.0000
96 0.0000
97 0.0000
98 0.0000
99 0.0000
100 0.0000

=========== Final average value of S-precision@r: =============
0.4000 0.4303
0.4500 0.4209
0.5000 0.4156
0.5500 0.3673
0.6000 0.3432
0.6500 0.3050
0.7000 0.2717
0.7500 0.2511
0.8000 0.2287
0.8500 0.2164
0.9000 0.1911
0.9500 0.1839
1.0000 0.1425

=========== Final average value of F1: =====================
average F1 = 0.626875

=========== Final average value of Rand Index: =============
average Rand Index = 0.5621478174603176

=========== Final average value of Adjusted Rand Index: ====
average Adj Rand Index = 0.04551607907223734

=========== Final average value of Jaccard Index: ==========
average Jaccard Index = 0.20555539433062125

================ Statistics: ====================================
============ average number of created clusters: 10.54
============ average cluster size: 6.82680183799688
Simulation started at: 15:05 and completed at 15:05
Execution time: 3.364 sec