

=========== Final average value of S-recall@K: =============
1 0.1807
2 0.2498
3 0.3027
4 0.3494
5 0.3917
6 0.4312
7 0.4598
8 0.4833
9 0.5118
10 0.5354
11 0.5577
12 0.5757
13 0.5998
14 0.6219
15 0.6395
16 0.6533
17 0.6630
18 0.6792
19 0.6922
20 0.7080
21 0.7182
22 0.7249
23 0.7353
24 0.7438
25 0.7510
26 0.7600
27 0.7674
28 0.7802
29 0.7843
30 0.7990
31 0.8050
32 0.8133
33 0.8211
34 0.8276
35 0.8354
36 0.8381
37 0.8424
38 0.8486
39 0.8606
40 0.8723
41 0.8774
42 0.8863
43 0.8920
44 0.8988
45 0.9057
46 0.9118
47 0.9136
48 0.9194
49 0.9240
50 0.9254
51 0.9298
52 0.9310
53 0.9411
54 0.9517
55 0.9548
56 0.9606
57 0.9632
58 0.9674
59 0.9756
60 0.9802
61 0.9863
62 0.9895
63 0.9941
64 1.0000
65 0.0000
66 0.0000
67 0.0000
68 0.0000
69 0.0000
70 0.0000
71 0.0000
72 0.0000
73 0.0000
74 0.0000
75 0.0000
76 0.0000
77 0.0000
78 0.0000
79 0.0000
80 0.0000
81 0.0000
82 0.0000
83 0.0000
84 0.0000
85 0.0000
86 0.0000
87 0.0000
88 0.0000
89 0.0000
90 0.0000
91 0.0000
92 0.0000
93 0.0000
94 0.0000
95 0.0000
96 0.0000
97 0.0000
98 0.0000
99 0.0000
100 0.0000

=========== Final average value of S-precision@r: =============
0.4000 0.4158
0.4500 0.4378
0.5000 0.4111
0.5500 0.3385
0.6000 0.3062
0.6500 0.2944
0.7000 0.2571
0.7500 0.2381
0.8000 0.2308
0.8500 0.2111
0.9000 0.1998
0.9500 0.1960
1.0000 0.1493

=========== Final average value of F1: =====================
average F1 = 0.61859375

=========== Final average value of Rand Index: =============
average Rand Index = 0.5125148809523808

=========== Final average value of Adjusted Rand Index: ====
average Adj Rand Index = 0.03271993097690602

=========== Final average value of Jaccard Index: ==========
average Jaccard Index = 0.2512215201577506

================ Statistics: ====================================
============ average number of created clusters: 9.38
============ average cluster size: 9.04830609638039
Simulation started at: 14:51 and completed at 14:51
Execution time: 4.618 sec