

=========== Final average value of S-recall@K: =============
1 0.1807
2 0.2512
3 0.3199
4 0.3594
5 0.4004
6 0.4274
7 0.4705
8 0.4949
9 0.5144
10 0.5357
11 0.5598
12 0.5842
13 0.6035
14 0.6252
15 0.6499
16 0.6701
17 0.6873
18 0.6977
19 0.7070
20 0.7160
21 0.7214
22 0.7349
23 0.7484
24 0.7547
25 0.7635
26 0.7708
27 0.7843
28 0.7931
29 0.7980
30 0.8028
31 0.8085
32 0.8127
33 0.8164
34 0.8230
35 0.8266
36 0.8280
37 0.8312
38 0.8364
39 0.8443
40 0.8516
41 0.8626
42 0.8701
43 0.8761
44 0.8841
45 0.8932
46 0.8964
47 0.8986
48 0.9067
49 0.9134
50 0.9141
51 0.9157
52 0.9202
53 0.9250
54 0.9397
55 0.9485
56 0.9537
57 0.9599
58 0.9618
59 0.9721
60 0.9759
61 0.9830
62 0.9850
63 0.9914
64 1.0000
65 0.0000
66 0.0000
67 0.0000
68 0.0000
69 0.0000
70 0.0000
71 0.0000
72 0.0000
73 0.0000
74 0.0000
75 0.0000
76 0.0000
77 0.0000
78 0.0000
79 0.0000
80 0.0000
81 0.0000
82 0.0000
83 0.0000
84 0.0000
85 0.0000
86 0.0000
87 0.0000
88 0.0000
89 0.0000
90 0.0000
91 0.0000
92 0.0000
93 0.0000
94 0.0000
95 0.0000
96 0.0000
97 0.0000
98 0.0000
99 0.0000
100 0.0000

=========== Final average value of S-precision@r: =============
0.4000 0.4228
0.4500 0.4186
0.5000 0.3706
0.5500 0.3494
0.6000 0.3108
0.6500 0.3003
0.7000 0.2722
0.7500 0.2427
0.8000 0.2188
0.8500 0.2052
0.9000 0.1950
0.9500 0.1923
1.0000 0.1563

=========== Final average value of F1: =====================
average F1 = 0.62109375

=========== Final average value of Rand Index: =============
average Rand Index = 0.49323412698412705

=========== Final average value of Adjusted Rand Index: ====
average Adj Rand Index = 0.04051211965295813

=========== Final average value of Jaccard Index: ==========
average Jaccard Index = 0.31496088599535654

================ Statistics: ====================================
============ average number of created clusters: 9.69
============ average cluster size: 10.775757245850123
Simulation started at: 14:48 and completed at 14:48
Execution time: 4.069 sec