

=========== Final average value of S-recall@K: =============
1 0.1807
2 0.2468
3 0.3007
4 0.3462
5 0.3812
6 0.4254
7 0.4560
8 0.4977
9 0.5184
10 0.5311
11 0.5570
12 0.5760
13 0.6012
14 0.6148
15 0.6342
16 0.6493
17 0.6600
18 0.6743
19 0.6896
20 0.6972
21 0.7044
22 0.7150
23 0.7236
24 0.7341
25 0.7464
26 0.7498
27 0.7646
28 0.7679
29 0.7717
30 0.7773
31 0.7887
32 0.8036
33 0.8069
34 0.8131
35 0.8190
36 0.8213
37 0.8270
38 0.8331
39 0.8402
40 0.8498
41 0.8578
42 0.8659
43 0.8727
44 0.8883
45 0.8931
46 0.8986
47 0.9031
48 0.9124
49 0.9171
50 0.9213
51 0.9304
52 0.9320
53 0.9403
54 0.9428
55 0.9502
56 0.9572
57 0.9646
58 0.9689
59 0.9767
60 0.9797
61 0.9867
62 0.9904
63 0.9927
64 1.0000
65 0.0000
66 0.0000
67 0.0000
68 0.0000
69 0.0000
70 0.0000
71 0.0000
72 0.0000
73 0.0000
74 0.0000
75 0.0000
76 0.0000
77 0.0000
78 0.0000
79 0.0000
80 0.0000
81 0.0000
82 0.0000
83 0.0000
84 0.0000
85 0.0000
86 0.0000
87 0.0000
88 0.0000
89 0.0000
90 0.0000
91 0.0000
92 0.0000
93 0.0000
94 0.0000
95 0.0000
96 0.0000
97 0.0000
98 0.0000
99 0.0000
100 0.0000

=========== Final average value of S-precision@r: =============
0.4000 0.3960
0.4500 0.4071
0.5000 0.3841
0.5500 0.3448
0.6000 0.2841
0.6500 0.2767
0.7000 0.2535
0.7500 0.2284
0.8000 0.2243
0.8500 0.2038
0.9000 0.1902
0.9500 0.1850
1.0000 0.1493

=========== Final average value of F1: =====================
average F1 = 0.61265625

=========== Final average value of Rand Index: =============
average Rand Index = 0.5292509920634918

=========== Final average value of Adjusted Rand Index: ====
average Adj Rand Index = 0.024659270209571323

=========== Final average value of Jaccard Index: ==========
average Jaccard Index = 0.24102798949835338

================ Statistics: ====================================
============ average number of created clusters: 8.41
============ average cluster size: 10.204797736834882
Simulation started at: 14:54 and completed at 14:54
Execution time: 3.201 sec