

=========== Final average value of S-recall@K: =============
1 0.1807
2 0.2426
3 0.2996
4 0.3512
5 0.3897
6 0.4403
7 0.4662
8 0.4919
9 0.5119
10 0.5268
11 0.5542
12 0.5694
13 0.5877
14 0.5986
15 0.6156
16 0.6321
17 0.6468
18 0.6571
19 0.6694
20 0.6774
21 0.6878
22 0.6998
23 0.7051
24 0.7142
25 0.7247
26 0.7372
27 0.7453
28 0.7547
29 0.7662
30 0.7741
31 0.7848
32 0.7894
33 0.7949
34 0.8030
35 0.8069
36 0.8127
37 0.8230
38 0.8278
39 0.8356
40 0.8443
41 0.8488
42 0.8595
43 0.8690
44 0.8771
45 0.8865
46 0.8958
47 0.9014
48 0.9037
49 0.9119
50 0.9189
51 0.9215
52 0.9215
53 0.9316
54 0.9355
55 0.9394
56 0.9570
57 0.9628
58 0.9708
59 0.9770
60 0.9805
61 0.9876
62 0.9932
63 0.9959
64 1.0000
65 0.0000
66 0.0000
67 0.0000
68 0.0000
69 0.0000
70 0.0000
71 0.0000
72 0.0000
73 0.0000
74 0.0000
75 0.0000
76 0.0000
77 0.0000
78 0.0000
79 0.0000
80 0.0000
81 0.0000
82 0.0000
83 0.0000
84 0.0000
85 0.0000
86 0.0000
87 0.0000
88 0.0000
89 0.0000
90 0.0000
91 0.0000
92 0.0000
93 0.0000
94 0.0000
95 0.0000
96 0.0000
97 0.0000
98 0.0000
99 0.0000
100 0.0000

=========== Final average value of S-precision@r: =============
0.4000 0.4111
0.4500 0.3735
0.5000 0.3643
0.5500 0.3308
0.6000 0.2829
0.6500 0.2708
0.7000 0.2400
0.7500 0.2278
0.8000 0.2137
0.8500 0.1992
0.9000 0.1848
0.9500 0.1734
1.0000 0.1563

=========== Final average value of F1: =====================
average F1 = 0.61296875

=========== Final average value of Rand Index: =============
average Rand Index = 0.5647123015873017

=========== Final average value of Adjusted Rand Index: ====
average Adj Rand Index = 0.03064996824154076

=========== Final average value of Jaccard Index: ==========
average Jaccard Index = 0.20484686386230383

================ Statistics: ====================================
============ average number of created clusters: 8.28
============ average cluster size: 8.538918858918855
Simulation started at: 15:10 and completed at 15:10
Execution time: 3.668 sec