

=========== Final average value of S-recall@K: =============
1 0.1807
2 0.2428
3 0.3017
4 0.3519
5 0.3800
6 0.4225
7 0.4574
8 0.4768
9 0.5023
10 0.5283
11 0.5525
12 0.5797
13 0.5933
14 0.6173
15 0.6307
16 0.6425
17 0.6538
18 0.6687
19 0.6771
20 0.6854
21 0.7012
22 0.7091
23 0.7154
24 0.7198
25 0.7247
26 0.7433
27 0.7508
28 0.7654
29 0.7729
30 0.7832
31 0.7912
32 0.8043
33 0.8090
34 0.8124
35 0.8249
36 0.8294
37 0.8330
38 0.8383
39 0.8436
40 0.8460
41 0.8527
42 0.8592
43 0.8699
44 0.8762
45 0.8806
46 0.8914
47 0.8968
48 0.9013
49 0.9142
50 0.9182
51 0.9264
52 0.9272
53 0.9304
54 0.9405
55 0.9437
56 0.9458
57 0.9524
58 0.9652
59 0.9726
60 0.9752
61 0.9840
62 0.9877
63 0.9923
64 1.0000
65 0.0000
66 0.0000
67 0.0000
68 0.0000
69 0.0000
70 0.0000
71 0.0000
72 0.0000
73 0.0000
74 0.0000
75 0.0000
76 0.0000
77 0.0000
78 0.0000
79 0.0000
80 0.0000
81 0.0000
82 0.0000
83 0.0000
84 0.0000
85 0.0000
86 0.0000
87 0.0000
88 0.0000
89 0.0000
90 0.0000
91 0.0000
92 0.0000
93 0.0000
94 0.0000
95 0.0000
96 0.0000
97 0.0000
98 0.0000
99 0.0000
100 0.0000

=========== Final average value of S-precision@r: =============
0.4000 0.4213
0.4500 0.3998
0.5000 0.3935
0.5500 0.3237
0.6000 0.2879
0.6500 0.2730
0.7000 0.2523
0.7500 0.2356
0.8000 0.2132
0.8500 0.2045
0.9000 0.1893
0.9500 0.1809
1.0000 0.1563

=========== Final average value of F1: =====================
average F1 = 0.61390625

=========== Final average value of Rand Index: =============
average Rand Index = 0.5583531746031745

=========== Final average value of Adjusted Rand Index: ====
average Adj Rand Index = 0.030367244596921215

=========== Final average value of Jaccard Index: ==========
average Jaccard Index = 0.19831341883751374

================ Statistics: ====================================
============ average number of created clusters: 8.4
============ average cluster size: 8.370962005314942
Simulation started at: 15:10 and completed at 15:10
Execution time: 3.178 sec