

=========== Final average value of S-recall@K: =============
1 0.1807
2 0.2454
3 0.2897
4 0.3344
5 0.3828
6 0.4141
7 0.4562
8 0.4882
9 0.5244
10 0.5367
11 0.5629
12 0.5881
13 0.5944
14 0.6085
15 0.6269
16 0.6413
17 0.6566
18 0.6670
19 0.6805
20 0.6911
21 0.7024
22 0.7153
23 0.7296
24 0.7343
25 0.7406
26 0.7557
27 0.7684
28 0.7838
29 0.7922
30 0.7958
31 0.7977
32 0.8036
33 0.8067
34 0.8122
35 0.8182
36 0.8225
37 0.8275
38 0.8368
39 0.8477
40 0.8653
41 0.8747
42 0.8822
43 0.8867
44 0.8903
45 0.8948
46 0.9005
47 0.9078
48 0.9134
49 0.9153
50 0.9196
51 0.9271
52 0.9287
53 0.9366
54 0.9407
55 0.9494
56 0.9536
57 0.9578
58 0.9661
59 0.9742
60 0.9785
61 0.9860
62 0.9885
63 0.9935
64 1.0000
65 0.0000
66 0.0000
67 0.0000
68 0.0000
69 0.0000
70 0.0000
71 0.0000
72 0.0000
73 0.0000
74 0.0000
75 0.0000
76 0.0000
77 0.0000
78 0.0000
79 0.0000
80 0.0000
81 0.0000
82 0.0000
83 0.0000
84 0.0000
85 0.0000
86 0.0000
87 0.0000
88 0.0000
89 0.0000
90 0.0000
91 0.0000
92 0.0000
93 0.0000
94 0.0000
95 0.0000
96 0.0000
97 0.0000
98 0.0000
99 0.0000
100 0.0000

=========== Final average value of S-precision@r: =============
0.4000 0.4288
0.4500 0.3983
0.5000 0.3762
0.5500 0.3368
0.6000 0.3123
0.6500 0.3003
0.7000 0.2596
0.7500 0.2468
0.8000 0.2249
0.8500 0.2055
0.9000 0.1953
0.9500 0.1906
1.0000 0.1493

=========== Final average value of F1: =====================
average F1 = 0.6140625

=========== Final average value of Rand Index: =============
average Rand Index = 0.5107291666666667

=========== Final average value of Adjusted Rand Index: ====
average Adj Rand Index = 0.02775899395964451

=========== Final average value of Jaccard Index: ==========
average Jaccard Index = 0.24318135423228113

================ Statistics: ====================================
============ average number of created clusters: 9.11
============ average cluster size: 9.471398820649586
Simulation started at: 14:52 and completed at 14:52
Execution time: 3.547 sec