

=========== Final average value of S-recall@K: =============
1 0.1807
2 0.2624
3 0.3150
4 0.3655
5 0.4089
6 0.4371
7 0.4637
8 0.4916
9 0.5177
10 0.5418
11 0.5548
12 0.5751
13 0.5905
14 0.6110
15 0.6194
16 0.6360
17 0.6536
18 0.6676
19 0.6822
20 0.6921
21 0.7057
22 0.7120
23 0.7185
24 0.7325
25 0.7454
26 0.7509
27 0.7624
28 0.7704
29 0.7785
30 0.7873
31 0.7972
32 0.8044
33 0.8134
34 0.8212
35 0.8232
36 0.8253
37 0.8295
38 0.8368
39 0.8448
40 0.8519
41 0.8591
42 0.8684
43 0.8763
44 0.8853
45 0.8912
46 0.8952
47 0.8965
48 0.9007
49 0.9061
50 0.9104
51 0.9155
52 0.9206
53 0.9253
54 0.9355
55 0.9449
56 0.9484
57 0.9532
58 0.9593
59 0.9636
60 0.9736
61 0.9808
62 0.9838
63 0.9914
64 1.0000
65 0.0000
66 0.0000
67 0.0000
68 0.0000
69 0.0000
70 0.0000
71 0.0000
72 0.0000
73 0.0000
74 0.0000
75 0.0000
76 0.0000
77 0.0000
78 0.0000
79 0.0000
80 0.0000
81 0.0000
82 0.0000
83 0.0000
84 0.0000
85 0.0000
86 0.0000
87 0.0000
88 0.0000
89 0.0000
90 0.0000
91 0.0000
92 0.0000
93 0.0000
94 0.0000
95 0.0000
96 0.0000
97 0.0000
98 0.0000
99 0.0000
100 0.0000

=========== Final average value of S-precision@r: =============
0.4000 0.4259
0.4500 0.4098
0.5000 0.3844
0.5500 0.3361
0.6000 0.3079
0.6500 0.2971
0.7000 0.2566
0.7500 0.2444
0.8000 0.2303
0.8500 0.2090
0.9000 0.1987
0.9500 0.1883
1.0000 0.1563

=========== Final average value of F1: =====================
average F1 = 0.61296875

=========== Final average value of Rand Index: =============
average Rand Index = 0.49846230158730154

=========== Final average value of Adjusted Rand Index: ====
average Adj Rand Index = 0.028528875971486435

=========== Final average value of Jaccard Index: ==========
average Jaccard Index = 0.3229719327407367

================ Statistics: ====================================
============ average number of created clusters: 8.54
============ average cluster size: 11.670332919918058
Simulation started at: 14:48 and completed at 14:48
Execution time: 3.32 sec