

=========== Final average value of S-recall@K: =============
1 0.1807
2 0.2527
3 0.3062
4 0.3572
5 0.4034
6 0.4420
7 0.4821
8 0.5142
9 0.5432
10 0.5646
11 0.5885
12 0.5974
13 0.6109
14 0.6193
15 0.6275
16 0.6410
17 0.6619
18 0.6730
19 0.6881
20 0.7067
21 0.7129
22 0.7256
23 0.7367
24 0.7475
25 0.7572
26 0.7704
27 0.7741
28 0.7866
29 0.8101
30 0.8241
31 0.8296
32 0.8329
33 0.8372
34 0.8435
35 0.8490
36 0.8530
37 0.8546
38 0.8614
39 0.8709
40 0.8764
41 0.8798
42 0.8893
43 0.8932
44 0.8972
45 0.8989
46 0.9043
47 0.9115
48 0.9208
49 0.9249
50 0.9300
51 0.9300
52 0.9328
53 0.9389
54 0.9502
55 0.9553
56 0.9591
57 0.9645
58 0.9770
59 0.9791
60 0.9839
61 0.9898
62 0.9936
63 0.9941
64 1.0000
65 0.0000
66 0.0000
67 0.0000
68 0.0000
69 0.0000
70 0.0000
71 0.0000
72 0.0000
73 0.0000
74 0.0000
75 0.0000
76 0.0000
77 0.0000
78 0.0000
79 0.0000
80 0.0000
81 0.0000
82 0.0000
83 0.0000
84 0.0000
85 0.0000
86 0.0000
87 0.0000
88 0.0000
89 0.0000
90 0.0000
91 0.0000
92 0.0000
93 0.0000
94 0.0000
95 0.0000
96 0.0000
97 0.0000
98 0.0000
99 0.0000
100 0.0000

=========== Final average value of S-precision@r: =============
0.4000 0.4459
0.4500 0.4245
0.5000 0.4166
0.5500 0.3851
0.6000 0.3350
0.6500 0.3251
0.7000 0.2885
0.7500 0.2514
0.8000 0.2227
0.8500 0.2138
0.9000 0.2003
0.9500 0.1905
1.0000 0.1493

=========== Final average value of F1: =====================
average F1 = 0.63765625

=========== Final average value of Rand Index: =============
average Rand Index = 0.5453869047619048

=========== Final average value of Adjusted Rand Index: ====
average Adj Rand Index = 0.038783917198970556

=========== Final average value of Jaccard Index: ==========
average Jaccard Index = 0.2494212706285829

================ Statistics: ====================================
============ average number of created clusters: 12.17
============ average cluster size: 6.596854736594668
Simulation started at: 15:03 and completed at 15:03
Execution time: 3.645 sec