

=========== Final average value of S-recall@K: =============
1 0.1807
2 0.2486
3 0.2982
4 0.3433
5 0.3961
6 0.4289
7 0.4658
8 0.4933
9 0.5167
10 0.5359
11 0.5593
12 0.5782
13 0.5889
14 0.6049
15 0.6245
16 0.6412
17 0.6565
18 0.6704
19 0.6818
20 0.6961
21 0.7104
22 0.7206
23 0.7268
24 0.7346
25 0.7402
26 0.7504
27 0.7614
28 0.7708
29 0.7780
30 0.7827
31 0.7869
32 0.7950
33 0.8013
34 0.8091
35 0.8148
36 0.8155
37 0.8260
38 0.8334
39 0.8406
40 0.8491
41 0.8532
42 0.8606
43 0.8680
44 0.8799
45 0.8845
46 0.8938
47 0.8952
48 0.9003
49 0.9048
50 0.9108
51 0.9205
52 0.9205
53 0.9253
54 0.9338
55 0.9451
56 0.9485
57 0.9564
58 0.9647
59 0.9717
60 0.9800
61 0.9837
62 0.9891
63 0.9942
64 1.0000
65 0.0000
66 0.0000
67 0.0000
68 0.0000
69 0.0000
70 0.0000
71 0.0000
72 0.0000
73 0.0000
74 0.0000
75 0.0000
76 0.0000
77 0.0000
78 0.0000
79 0.0000
80 0.0000
81 0.0000
82 0.0000
83 0.0000
84 0.0000
85 0.0000
86 0.0000
87 0.0000
88 0.0000
89 0.0000
90 0.0000
91 0.0000
92 0.0000
93 0.0000
94 0.0000
95 0.0000
96 0.0000
97 0.0000
98 0.0000
99 0.0000
100 0.0000

=========== Final average value of S-precision@r: =============
0.4000 0.4119
0.4500 0.4084
0.5000 0.3998
0.5500 0.3296
0.6000 0.2805
0.6500 0.2815
0.7000 0.2492
0.7500 0.2266
0.8000 0.2078
0.8500 0.1964
0.9000 0.1887
0.9500 0.1792
1.0000 0.1563

=========== Final average value of F1: =====================
average F1 = 0.60671875

=========== Final average value of Rand Index: =============
average Rand Index = 0.5204761904761905

=========== Final average value of Adjusted Rand Index: ====
average Adj Rand Index = 0.025172078758117396

=========== Final average value of Jaccard Index: ==========
average Jaccard Index = 0.24249920228276228

================ Statistics: ====================================
============ average number of created clusters: 7.85
============ average cluster size: 10.80675229277086
Simulation started at: 14:55 and completed at 14:55
Execution time: 3.204 sec