

=========== Final average value of S-recall@K: =============
1 0.1807
2 0.2500
3 0.3012
4 0.3409
5 0.3838
6 0.4134
7 0.4541
8 0.4891
9 0.5079
10 0.5269
11 0.5482
12 0.5719
13 0.5950
14 0.6114
15 0.6304
16 0.6391
17 0.6546
18 0.6629
19 0.6821
20 0.6926
21 0.7024
22 0.7209
23 0.7285
24 0.7354
25 0.7484
26 0.7551
27 0.7589
28 0.7673
29 0.7735
30 0.7780
31 0.7846
32 0.7983
33 0.8066
34 0.8149
35 0.8192
36 0.8197
37 0.8290
38 0.8327
39 0.8393
40 0.8484
41 0.8547
42 0.8607
43 0.8734
44 0.8865
45 0.8912
46 0.8970
47 0.9027
48 0.9093
49 0.9155
50 0.9182
51 0.9283
52 0.9323
53 0.9371
54 0.9428
55 0.9479
56 0.9534
57 0.9605
58 0.9730
59 0.9798
60 0.9863
61 0.9893
62 0.9925
63 0.9957
64 1.0000
65 0.0000
66 0.0000
67 0.0000
68 0.0000
69 0.0000
70 0.0000
71 0.0000
72 0.0000
73 0.0000
74 0.0000
75 0.0000
76 0.0000
77 0.0000
78 0.0000
79 0.0000
80 0.0000
81 0.0000
82 0.0000
83 0.0000
84 0.0000
85 0.0000
86 0.0000
87 0.0000
88 0.0000
89 0.0000
90 0.0000
91 0.0000
92 0.0000
93 0.0000
94 0.0000
95 0.0000
96 0.0000
97 0.0000
98 0.0000
99 0.0000
100 0.0000

=========== Final average value of S-precision@r: =============
0.4000 0.4095
0.4500 0.4100
0.5000 0.3581
0.5500 0.3301
0.6000 0.2915
0.6500 0.2923
0.7000 0.2500
0.7500 0.2335
0.8000 0.2117
0.8500 0.1998
0.9000 0.1846
0.9500 0.1836
1.0000 0.1563

=========== Final average value of F1: =====================
average F1 = 0.60796875

=========== Final average value of Rand Index: =============
average Rand Index = 0.5286507936507937

=========== Final average value of Adjusted Rand Index: ====
average Adj Rand Index = 0.02420903748517503

=========== Final average value of Jaccard Index: ==========
average Jaccard Index = 0.25354699167314576

================ Statistics: ====================================
============ average number of created clusters: 7.61
============ average cluster size: 11.322986542181582
Simulation started at: 14:56 and completed at 14:56
Execution time: 3.121 sec