

=========== Final average value of S-recall@K: =============
1 0.1807
2 0.2589
3 0.3138
4 0.3687
5 0.4158
6 0.4486
7 0.4747
8 0.4938
9 0.5247
10 0.5489
11 0.5647
12 0.5843
13 0.5986
14 0.6195
15 0.6377
16 0.6481
17 0.6638
18 0.6742
19 0.6884
20 0.7006
21 0.7069
22 0.7182
23 0.7289
24 0.7446
25 0.7526
26 0.7587
27 0.7698
28 0.7802
29 0.7898
30 0.7983
31 0.8022
32 0.8130
33 0.8174
34 0.8221
35 0.8334
36 0.8372
37 0.8400
38 0.8489
39 0.8497
40 0.8615
41 0.8676
42 0.8751
43 0.8791
44 0.8841
45 0.8901
46 0.8953
47 0.9008
48 0.9063
49 0.9077
50 0.9135
51 0.9168
52 0.9201
53 0.9233
54 0.9305
55 0.9376
56 0.9529
57 0.9610
58 0.9666
59 0.9726
60 0.9832
61 0.9860
62 0.9912
63 0.9947
64 1.0000
65 0.0000
66 0.0000
67 0.0000
68 0.0000
69 0.0000
70 0.0000
71 0.0000
72 0.0000
73 0.0000
74 0.0000
75 0.0000
76 0.0000
77 0.0000
78 0.0000
79 0.0000
80 0.0000
81 0.0000
82 0.0000
83 0.0000
84 0.0000
85 0.0000
86 0.0000
87 0.0000
88 0.0000
89 0.0000
90 0.0000
91 0.0000
92 0.0000
93 0.0000
94 0.0000
95 0.0000
96 0.0000
97 0.0000
98 0.0000
99 0.0000
100 0.0000

=========== Final average value of S-precision@r: =============
0.4000 0.4597
0.4500 0.3925
0.5000 0.3844
0.5500 0.3556
0.6000 0.3174
0.6500 0.2988
0.7000 0.2650
0.7500 0.2449
0.8000 0.2260
0.8500 0.2171
0.9000 0.2003
0.9500 0.1903
1.0000 0.1563

=========== Final average value of F1: =====================
average F1 = 0.6225

=========== Final average value of Rand Index: =============
average Rand Index = 0.49327876984126967

=========== Final average value of Adjusted Rand Index: ====
average Adj Rand Index = 0.031973040588242324

=========== Final average value of Jaccard Index: ==========
average Jaccard Index = 0.2855344653546911

================ Statistics: ====================================
============ average number of created clusters: 10.23
============ average cluster size: 9.127420264633884
Simulation started at: 14:49 and completed at 14:49
Execution time: 3.472 sec