

=========== Final average value of S-recall@K: =============
1 0.1807
2 0.2484
3 0.3134
4 0.3619
5 0.4048
6 0.4437
7 0.4678
8 0.4957
9 0.5145
10 0.5312
11 0.5549
12 0.5838
13 0.6025
14 0.6264
15 0.6463
16 0.6579
17 0.6682
18 0.6827
19 0.6947
20 0.7017
21 0.7069
22 0.7131
23 0.7191
24 0.7322
25 0.7408
26 0.7518
27 0.7564
28 0.7656
29 0.7759
30 0.7796
31 0.7897
32 0.8042
33 0.8105
34 0.8124
35 0.8229
36 0.8273
37 0.8318
38 0.8371
39 0.8410
40 0.8507
41 0.8557
42 0.8651
43 0.8717
44 0.8764
45 0.8845
46 0.8904
47 0.8991
48 0.9050
49 0.9111
50 0.9162
51 0.9177
52 0.9243
53 0.9301
54 0.9404
55 0.9484
56 0.9588
57 0.9648
58 0.9688
59 0.9726
60 0.9781
61 0.9832
62 0.9901
63 0.9930
64 1.0000
65 0.0000
66 0.0000
67 0.0000
68 0.0000
69 0.0000
70 0.0000
71 0.0000
72 0.0000
73 0.0000
74 0.0000
75 0.0000
76 0.0000
77 0.0000
78 0.0000
79 0.0000
80 0.0000
81 0.0000
82 0.0000
83 0.0000
84 0.0000
85 0.0000
86 0.0000
87 0.0000
88 0.0000
89 0.0000
90 0.0000
91 0.0000
92 0.0000
93 0.0000
94 0.0000
95 0.0000
96 0.0000
97 0.0000
98 0.0000
99 0.0000
100 0.0000

=========== Final average value of S-precision@r: =============
0.4000 0.4392
0.4500 0.3956
0.5000 0.4079
0.5500 0.3473
0.6000 0.2994
0.6500 0.2751
0.7000 0.2567
0.7500 0.2493
0.8000 0.2225
0.8500 0.2034
0.9000 0.1962
0.9500 0.1824
1.0000 0.1563

=========== Final average value of F1: =====================
average F1 = 0.61515625

=========== Final average value of Rand Index: =============
average Rand Index = 0.5664632936507937

=========== Final average value of Adjusted Rand Index: ====
average Adj Rand Index = 0.028960397695300722

=========== Final average value of Jaccard Index: ==========
average Jaccard Index = 0.2079016770372367

================ Statistics: ====================================
============ average number of created clusters: 8.5
============ average cluster size: 8.28198073684141
Simulation started at: 15:09 and completed at 15:09
Execution time: 3.362 sec