

=========== Final average value of S-recall@K: =============
1 0.1807
2 0.2448
3 0.3036
4 0.3567
5 0.3997
6 0.4380
7 0.4690
8 0.4998
9 0.5172
10 0.5423
11 0.5610
12 0.5960
13 0.6193
14 0.6373
15 0.6448
16 0.6490
17 0.6607
18 0.6706
19 0.6838
20 0.6897
21 0.7006
22 0.7077
23 0.7202
24 0.7261
25 0.7331
26 0.7416
27 0.7492
28 0.7575
29 0.7681
30 0.7802
31 0.7924
32 0.7995
33 0.8060
34 0.8135
35 0.8217
36 0.8259
37 0.8333
38 0.8356
39 0.8432
40 0.8530
41 0.8546
42 0.8618
43 0.8686
44 0.8740
45 0.8837
46 0.8975
47 0.9022
48 0.9118
49 0.9232
50 0.9286
51 0.9314
52 0.9328
53 0.9414
54 0.9458
55 0.9531
56 0.9598
57 0.9651
58 0.9717
59 0.9775
60 0.9801
61 0.9848
62 0.9894
63 0.9925
64 1.0000
65 0.0000
66 0.0000
67 0.0000
68 0.0000
69 0.0000
70 0.0000
71 0.0000
72 0.0000
73 0.0000
74 0.0000
75 0.0000
76 0.0000
77 0.0000
78 0.0000
79 0.0000
80 0.0000
81 0.0000
82 0.0000
83 0.0000
84 0.0000
85 0.0000
86 0.0000
87 0.0000
88 0.0000
89 0.0000
90 0.0000
91 0.0000
92 0.0000
93 0.0000
94 0.0000
95 0.0000
96 0.0000
97 0.0000
98 0.0000
99 0.0000
100 0.0000

=========== Final average value of S-precision@r: =============
0.4000 0.4217
0.4500 0.4144
0.5000 0.4024
0.5500 0.3416
0.6000 0.2798
0.6500 0.2784
0.7000 0.2457
0.7500 0.2363
0.8000 0.2152
0.8500 0.2075
0.9000 0.1968
0.9500 0.1836
1.0000 0.1493

=========== Final average value of F1: =====================
average F1 = 0.61546875

=========== Final average value of Rand Index: =============
average Rand Index = 0.565128968253968

=========== Final average value of Adjusted Rand Index: ====
average Adj Rand Index = 0.03333897794410028

=========== Final average value of Jaccard Index: ==========
average Jaccard Index = 0.20183849583587832

================ Statistics: ====================================
============ average number of created clusters: 8.66
============ average cluster size: 8.16981711099358
Simulation started at: 15:09 and completed at 15:09
Execution time: 3.363 sec