

=========== Final average value of S-recall@K: =============
1 0.1807
2 0.2430
3 0.3040
4 0.3534
5 0.3979
6 0.4346
7 0.4733
8 0.4953
9 0.5189
10 0.5422
11 0.5682
12 0.5873
13 0.6072
14 0.6284
15 0.6350
16 0.6477
17 0.6616
18 0.6744
19 0.6827
20 0.6917
21 0.7070
22 0.7132
23 0.7211
24 0.7310
25 0.7348
26 0.7465
27 0.7548
28 0.7640
29 0.7692
30 0.7747
31 0.7935
32 0.8011
33 0.8093
34 0.8169
35 0.8202
36 0.8248
37 0.8329
38 0.8397
39 0.8438
40 0.8580
41 0.8615
42 0.8710
43 0.8745
44 0.8823
45 0.8878
46 0.8964
47 0.9019
48 0.9099
49 0.9158
50 0.9200
51 0.9225
52 0.9288
53 0.9352
54 0.9443
55 0.9508
56 0.9552
57 0.9613
58 0.9689
59 0.9742
60 0.9786
61 0.9862
62 0.9901
63 0.9932
64 1.0000
65 0.0000
66 0.0000
67 0.0000
68 0.0000
69 0.0000
70 0.0000
71 0.0000
72 0.0000
73 0.0000
74 0.0000
75 0.0000
76 0.0000
77 0.0000
78 0.0000
79 0.0000
80 0.0000
81 0.0000
82 0.0000
83 0.0000
84 0.0000
85 0.0000
86 0.0000
87 0.0000
88 0.0000
89 0.0000
90 0.0000
91 0.0000
92 0.0000
93 0.0000
94 0.0000
95 0.0000
96 0.0000
97 0.0000
98 0.0000
99 0.0000
100 0.0000

=========== Final average value of S-precision@r: =============
0.4000 0.4153
0.4500 0.3814
0.5000 0.3766
0.5500 0.3222
0.6000 0.3049
0.6500 0.2883
0.7000 0.2567
0.7500 0.2347
0.8000 0.2225
0.8500 0.2076
0.9000 0.1949
0.9500 0.1859
1.0000 0.1493

=========== Final average value of F1: =====================
average F1 = 0.61625

=========== Final average value of Rand Index: =============
average Rand Index = 0.5699503968253972

=========== Final average value of Adjusted Rand Index: ====
average Adj Rand Index = 0.03516543159696587

=========== Final average value of Jaccard Index: ==========
average Jaccard Index = 0.20574593502734229

================ Statistics: ====================================
============ average number of created clusters: 8.94
============ average cluster size: 7.930625191801662
Simulation started at: 15:08 and completed at 15:08
Execution time: 3.207 sec