

=========== Final average value of S-recall@K: =============
1 0.1807
2 0.2518
3 0.3070
4 0.3547
5 0.3934
6 0.4252
7 0.4556
8 0.4810
9 0.5150
10 0.5358
11 0.5764
12 0.5949
13 0.6167
14 0.6260
15 0.6359
16 0.6472
17 0.6638
18 0.6870
19 0.7010
20 0.7060
21 0.7181
22 0.7245
23 0.7393
24 0.7458
25 0.7517
26 0.7673
27 0.7765
28 0.7847
29 0.7859
30 0.7935
31 0.7985
32 0.8047
33 0.8100
34 0.8143
35 0.8180
36 0.8256
37 0.8303
38 0.8428
39 0.8505
40 0.8572
41 0.8662
42 0.8684
43 0.8791
44 0.8876
45 0.8950
46 0.9011
47 0.9057
48 0.9128
49 0.9168
50 0.9231
51 0.9325
52 0.9341
53 0.9416
54 0.9442
55 0.9492
56 0.9513
57 0.9615
58 0.9687
59 0.9777
60 0.9817
61 0.9868
62 0.9893
63 0.9940
64 1.0000
65 0.0000
66 0.0000
67 0.0000
68 0.0000
69 0.0000
70 0.0000
71 0.0000
72 0.0000
73 0.0000
74 0.0000
75 0.0000
76 0.0000
77 0.0000
78 0.0000
79 0.0000
80 0.0000
81 0.0000
82 0.0000
83 0.0000
84 0.0000
85 0.0000
86 0.0000
87 0.0000
88 0.0000
89 0.0000
90 0.0000
91 0.0000
92 0.0000
93 0.0000
94 0.0000
95 0.0000
96 0.0000
97 0.0000
98 0.0000
99 0.0000
100 0.0000

=========== Final average value of S-precision@r: =============
0.4000 0.4189
0.4500 0.4283
0.5000 0.3923
0.5500 0.3553
0.6000 0.3045
0.6500 0.2798
0.7000 0.2619
0.7500 0.2333
0.8000 0.2226
0.8500 0.2077
0.9000 0.1962
0.9500 0.1867
1.0000 0.1563

=========== Final average value of F1: =====================
average F1 = 0.60765625

=========== Final average value of Rand Index: =============
average Rand Index = 0.516875

=========== Final average value of Adjusted Rand Index: ====
average Adj Rand Index = 0.02570062432361337

=========== Final average value of Jaccard Index: ==========
average Jaccard Index = 0.24261392124447387

================ Statistics: ====================================
============ average number of created clusters: 8.36
============ average cluster size: 10.156785200351758
Simulation started at: 14:53 and completed at 14:53
Execution time: 3.233 sec