

=========== Final average value of S-recall@K: =============
1 0.1807
2 0.2560
3 0.3213
4 0.3661
5 0.4084
6 0.4412
7 0.4747
8 0.5070
9 0.5449
10 0.5716
11 0.5909
12 0.6036
13 0.6201
14 0.6406
15 0.6480
16 0.6575
17 0.6665
18 0.6868
19 0.6972
20 0.7197
21 0.7277
22 0.7378
23 0.7496
24 0.7713
25 0.7789
26 0.7862
27 0.7981
28 0.8056
29 0.8132
30 0.8177
31 0.8225
32 0.8273
33 0.8347
34 0.8398
35 0.8452
36 0.8486
37 0.8544
38 0.8587
39 0.8614
40 0.8760
41 0.8781
42 0.8850
43 0.8941
44 0.8993
45 0.9055
46 0.9072
47 0.9123
48 0.9163
49 0.9201
50 0.9290
51 0.9312
52 0.9334
53 0.9375
54 0.9478
55 0.9531
56 0.9567
57 0.9612
58 0.9686
59 0.9782
60 0.9847
61 0.9877
62 0.9914
63 0.9942
64 1.0000
65 0.0000
66 0.0000
67 0.0000
68 0.0000
69 0.0000
70 0.0000
71 0.0000
72 0.0000
73 0.0000
74 0.0000
75 0.0000
76 0.0000
77 0.0000
78 0.0000
79 0.0000
80 0.0000
81 0.0000
82 0.0000
83 0.0000
84 0.0000
85 0.0000
86 0.0000
87 0.0000
88 0.0000
89 0.0000
90 0.0000
91 0.0000
92 0.0000
93 0.0000
94 0.0000
95 0.0000
96 0.0000
97 0.0000
98 0.0000
99 0.0000
100 0.0000

=========== Final average value of S-precision@r: =============
0.4000 0.4601
0.4500 0.4622
0.5000 0.4127
0.5500 0.3695
0.6000 0.3200
0.6500 0.3033
0.7000 0.2712
0.7500 0.2548
0.8000 0.2291
0.8500 0.2132
0.9000 0.2082
0.9500 0.1922
1.0000 0.1563

=========== Final average value of F1: =====================
average F1 = 0.6246875

=========== Final average value of Rand Index: =============
average Rand Index = 0.5182688492063494

=========== Final average value of Adjusted Rand Index: ====
average Adj Rand Index = 0.03735591785982204

=========== Final average value of Jaccard Index: ==========
average Jaccard Index = 0.28699960864705976

================ Statistics: ====================================
============ average number of created clusters: 10.49
============ average cluster size: 9.095621970049208
Simulation started at: 15:03 and completed at 15:03
Execution time: 3.743 sec