

=========== Final average value of S-recall@K: =============
1 0.1807
2 0.2497
3 0.3123
4 0.3498
5 0.3917
6 0.4311
7 0.4639
8 0.4898
9 0.5091
10 0.5266
11 0.5509
12 0.5712
13 0.5846
14 0.5928
15 0.6017
16 0.6145
17 0.6314
18 0.6472
19 0.6639
20 0.6710
21 0.6830
22 0.6915
23 0.7075
24 0.7130
25 0.7298
26 0.7334
27 0.7505
28 0.7596
29 0.7676
30 0.7728
31 0.7832
32 0.7897
33 0.7964
34 0.8028
35 0.8073
36 0.8158
37 0.8185
38 0.8308
39 0.8367
40 0.8432
41 0.8509
42 0.8642
43 0.8699
44 0.8800
45 0.8830
46 0.8869
47 0.8931
48 0.8999
49 0.9042
50 0.9057
51 0.9096
52 0.9157
53 0.9199
54 0.9367
55 0.9417
56 0.9526
57 0.9576
58 0.9617
59 0.9713
60 0.9728
61 0.9800
62 0.9855
63 0.9931
64 1.0000
65 0.0000
66 0.0000
67 0.0000
68 0.0000
69 0.0000
70 0.0000
71 0.0000
72 0.0000
73 0.0000
74 0.0000
75 0.0000
76 0.0000
77 0.0000
78 0.0000
79 0.0000
80 0.0000
81 0.0000
82 0.0000
83 0.0000
84 0.0000
85 0.0000
86 0.0000
87 0.0000
88 0.0000
89 0.0000
90 0.0000
91 0.0000
92 0.0000
93 0.0000
94 0.0000
95 0.0000
96 0.0000
97 0.0000
98 0.0000
99 0.0000
100 0.0000

=========== Final average value of S-precision@r: =============
0.4000 0.4188
0.4500 0.4047
0.5000 0.3697
0.5500 0.3229
0.6000 0.2905
0.6500 0.2777
0.7000 0.2536
0.7500 0.2377
0.8000 0.2197
0.8500 0.2015
0.9000 0.1845
0.9500 0.1846
1.0000 0.1563

=========== Final average value of F1: =====================
average F1 = 0.611875

=========== Final average value of Rand Index: =============
average Rand Index = 0.49291666666666695

=========== Final average value of Adjusted Rand Index: ====
average Adj Rand Index = 0.015371973767979863

=========== Final average value of Jaccard Index: ==========
average Jaccard Index = 0.30465198233870844

================ Statistics: ====================================
============ average number of created clusters: 9.04
============ average cluster size: 12.287527215130922
Simulation started at: 14:47 and completed at 14:47
Execution time: 3.448 sec