

=========== Final average value of S-recall@K: =============
1 0.1807
2 0.2494
3 0.3133
4 0.3646
5 0.4162
6 0.4448
7 0.4872
8 0.5161
9 0.5393
10 0.5627
11 0.5822
12 0.5968
13 0.6139
14 0.6362
15 0.6492
16 0.6593
17 0.6670
18 0.6750
19 0.6895
20 0.6999
21 0.7075
22 0.7128
23 0.7261
24 0.7381
25 0.7459
26 0.7527
27 0.7698
28 0.7749
29 0.7787
30 0.7847
31 0.7952
32 0.8095
33 0.8145
34 0.8145
35 0.8294
36 0.8319
37 0.8355
38 0.8460
39 0.8549
40 0.8609
41 0.8636
42 0.8717
43 0.8750
44 0.8783
45 0.8836
46 0.8893
47 0.8954
48 0.9007
49 0.9074
50 0.9113
51 0.9203
52 0.9261
53 0.9318
54 0.9390
55 0.9434
56 0.9531
57 0.9602
58 0.9762
59 0.9799
60 0.9824
61 0.9862
62 0.9889
63 0.9912
64 1.0000
65 0.0000
66 0.0000
67 0.0000
68 0.0000
69 0.0000
70 0.0000
71 0.0000
72 0.0000
73 0.0000
74 0.0000
75 0.0000
76 0.0000
77 0.0000
78 0.0000
79 0.0000
80 0.0000
81 0.0000
82 0.0000
83 0.0000
84 0.0000
85 0.0000
86 0.0000
87 0.0000
88 0.0000
89 0.0000
90 0.0000
91 0.0000
92 0.0000
93 0.0000
94 0.0000
95 0.0000
96 0.0000
97 0.0000
98 0.0000
99 0.0000
100 0.0000

=========== Final average value of S-precision@r: =============
0.4000 0.4327
0.4500 0.4160
0.5000 0.3952
0.5500 0.3859
0.6000 0.3267
0.6500 0.3042
0.7000 0.2576
0.7500 0.2517
0.8000 0.2200
0.8500 0.2099
0.9000 0.1928
0.9500 0.1878
1.0000 0.1425

=========== Final average value of F1: =====================
average F1 = 0.62

=========== Final average value of Rand Index: =============
average Rand Index = 0.5629017857142856

=========== Final average value of Adjusted Rand Index: ====
average Adj Rand Index = 0.03988672781254572

=========== Final average value of Jaccard Index: ==========
average Jaccard Index = 0.2134455149139695

================ Statistics: ====================================
============ average number of created clusters: 10.02
============ average cluster size: 7.121077040606448
Simulation started at: 15:06 and completed at 15:06
Execution time: 3.305 sec