

=========== Final average value of S-recall@K: =============
1 0.1807
2 0.2431
3 0.2964
4 0.3434
5 0.3924
6 0.4295
7 0.4614
8 0.4902
9 0.5186
10 0.5384
11 0.5548
12 0.5806
13 0.5970
14 0.6099
15 0.6280
16 0.6473
17 0.6648
18 0.6808
19 0.6894
20 0.7002
21 0.7098
22 0.7208
23 0.7274
24 0.7377
25 0.7459
26 0.7513
27 0.7632
28 0.7747
29 0.7848
30 0.7928
31 0.8047
32 0.8088
33 0.8120
34 0.8236
35 0.8270
36 0.8342
37 0.8388
38 0.8464
39 0.8533
40 0.8565
41 0.8601
42 0.8722
43 0.8795
44 0.8849
45 0.8901
46 0.8976
47 0.9050
48 0.9105
49 0.9174
50 0.9182
51 0.9228
52 0.9255
53 0.9347
54 0.9482
55 0.9555
56 0.9618
57 0.9675
58 0.9730
59 0.9782
60 0.9820
61 0.9881
62 0.9915
63 0.9949
64 1.0000
65 0.0000
66 0.0000
67 0.0000
68 0.0000
69 0.0000
70 0.0000
71 0.0000
72 0.0000
73 0.0000
74 0.0000
75 0.0000
76 0.0000
77 0.0000
78 0.0000
79 0.0000
80 0.0000
81 0.0000
82 0.0000
83 0.0000
84 0.0000
85 0.0000
86 0.0000
87 0.0000
88 0.0000
89 0.0000
90 0.0000
91 0.0000
92 0.0000
93 0.0000
94 0.0000
95 0.0000
96 0.0000
97 0.0000
98 0.0000
99 0.0000
100 0.0000

=========== Final average value of S-precision@r: =============
0.4000 0.4371
0.4500 0.4086
0.5000 0.3873
0.5500 0.3500
0.6000 0.3012
0.6500 0.2950
0.7000 0.2532
0.7500 0.2382
0.8000 0.2146
0.8500 0.2101
0.9000 0.1979
0.9500 0.1833
1.0000 0.1563

=========== Final average value of F1: =====================
average F1 = 0.61578125

=========== Final average value of Rand Index: =============
average Rand Index = 0.5646974206349209

=========== Final average value of Adjusted Rand Index: ====
average Adj Rand Index = 0.031825223996259776

=========== Final average value of Jaccard Index: ==========
average Jaccard Index = 0.20178094866051716

================ Statistics: ====================================
============ average number of created clusters: 9.01
============ average cluster size: 7.888977062153528
Simulation started at: 15:08 and completed at 15:08
Execution time: 3.246 sec