

=========== Final average value of S-recall@K: =============
1 0.1807
2 0.2447
3 0.2984
4 0.3528
5 0.3920
6 0.4315
7 0.4669
8 0.4872
9 0.5140
10 0.5336
11 0.5588
12 0.5880
13 0.6086
14 0.6263
15 0.6425
16 0.6513
17 0.6707
18 0.6785
19 0.6871
20 0.6931
21 0.7048
22 0.7119
23 0.7180
24 0.7306
25 0.7357
26 0.7447
27 0.7498
28 0.7633
29 0.7791
30 0.7812
31 0.7888
32 0.7979
33 0.8104
34 0.8163
35 0.8235
36 0.8322
37 0.8372
38 0.8413
39 0.8467
40 0.8557
41 0.8601
42 0.8634
43 0.8727
44 0.8780
45 0.8870
46 0.8934
47 0.9009
48 0.9040
49 0.9085
50 0.9176
51 0.9204
52 0.9260
53 0.9435
54 0.9489
55 0.9547
56 0.9616
57 0.9642
58 0.9714
59 0.9769
60 0.9809
61 0.9866
62 0.9925
63 0.9938
64 1.0000
65 0.0000
66 0.0000
67 0.0000
68 0.0000
69 0.0000
70 0.0000
71 0.0000
72 0.0000
73 0.0000
74 0.0000
75 0.0000
76 0.0000
77 0.0000
78 0.0000
79 0.0000
80 0.0000
81 0.0000
82 0.0000
83 0.0000
84 0.0000
85 0.0000
86 0.0000
87 0.0000
88 0.0000
89 0.0000
90 0.0000
91 0.0000
92 0.0000
93 0.0000
94 0.0000
95 0.0000
96 0.0000
97 0.0000
98 0.0000
99 0.0000
100 0.0000

=========== Final average value of S-precision@r: =============
0.4000 0.4274
0.4500 0.4211
0.5000 0.3936
0.5500 0.3198
0.6000 0.2972
0.6500 0.2691
0.7000 0.2507
0.7500 0.2404
0.8000 0.2208
0.8500 0.2064
0.9000 0.1984
0.9500 0.1811
1.0000 0.1563

=========== Final average value of F1: =====================
average F1 = 0.61328125

=========== Final average value of Rand Index: =============
average Rand Index = 0.561349206349206

=========== Final average value of Adjusted Rand Index: ====
average Adj Rand Index = 0.028657400806040737

=========== Final average value of Jaccard Index: ==========
average Jaccard Index = 0.2005488644582191

================ Statistics: ====================================
============ average number of created clusters: 8.71
============ average cluster size: 8.24584393384393
Simulation started at: 15:09 and completed at 15:09
Execution time: 3.734 sec