

=========== Final average value of S-recall@K: =============
1 0.1807
2 0.2594
3 0.3147
4 0.3675
5 0.4245
6 0.4609
7 0.4870
8 0.5039
9 0.5282
10 0.5416
11 0.5718
12 0.5960
13 0.6064
14 0.6213
15 0.6383
16 0.6433
17 0.6600
18 0.6711
19 0.6836
20 0.6953
21 0.7088
22 0.7166
23 0.7323
24 0.7510
25 0.7580
26 0.7675
27 0.7801
28 0.7878
29 0.7913
30 0.7947
31 0.8050
32 0.8120
33 0.8151
34 0.8212
35 0.8276
36 0.8373
37 0.8440
38 0.8491
39 0.8577
40 0.8710
41 0.8755
42 0.8828
43 0.8881
44 0.8966
45 0.8996
46 0.9032
47 0.9078
48 0.9131
49 0.9176
50 0.9240
51 0.9298
52 0.9319
53 0.9356
54 0.9441
55 0.9493
56 0.9546
57 0.9628
58 0.9740
59 0.9811
60 0.9822
61 0.9871
62 0.9906
63 0.9939
64 1.0000
65 0.0000
66 0.0000
67 0.0000
68 0.0000
69 0.0000
70 0.0000
71 0.0000
72 0.0000
73 0.0000
74 0.0000
75 0.0000
76 0.0000
77 0.0000
78 0.0000
79 0.0000
80 0.0000
81 0.0000
82 0.0000
83 0.0000
84 0.0000
85 0.0000
86 0.0000
87 0.0000
88 0.0000
89 0.0000
90 0.0000
91 0.0000
92 0.0000
93 0.0000
94 0.0000
95 0.0000
96 0.0000
97 0.0000
98 0.0000
99 0.0000
100 0.0000

=========== Final average value of S-precision@r: =============
0.4000 0.4733
0.4500 0.4160
0.5000 0.4117
0.5500 0.3491
0.6000 0.3241
0.6500 0.3001
0.7000 0.2615
0.7500 0.2235
0.8000 0.2295
0.8500 0.2072
0.9000 0.1998
0.9500 0.1910
1.0000 0.1563

=========== Final average value of F1: =====================
average F1 = 0.6259375

=========== Final average value of Rand Index: =============
average Rand Index = 0.5142757936507938

=========== Final average value of Adjusted Rand Index: ====
average Adj Rand Index = 0.0304614195175214

=========== Final average value of Jaccard Index: ==========
average Jaccard Index = 0.2617668163282833

================ Statistics: ====================================
============ average number of created clusters: 10.48
============ average cluster size: 8.466374709569752
Simulation started at: 14:50 and completed at 14:50
Execution time: 3.479 sec