

=========== Final average value of S-recall@K: =============
1 0.1807
2 0.2507
3 0.2996
4 0.3380
5 0.3812
6 0.4204
7 0.4621
8 0.4835
9 0.5113
10 0.5296
11 0.5539
12 0.5827
13 0.5966
14 0.6095
15 0.6297
16 0.6383
17 0.6513
18 0.6609
19 0.6717
20 0.6853
21 0.7043
22 0.7176
23 0.7264
24 0.7316
25 0.7473
26 0.7521
27 0.7603
28 0.7683
29 0.7790
30 0.7873
31 0.7938
32 0.8032
33 0.8103
34 0.8141
35 0.8203
36 0.8278
37 0.8391
38 0.8454
39 0.8525
40 0.8613
41 0.8680
42 0.8778
43 0.8896
44 0.8937
45 0.8975
46 0.9025
47 0.9055
48 0.9078
49 0.9140
50 0.9207
51 0.9317
52 0.9385
53 0.9404
54 0.9422
55 0.9480
56 0.9538
57 0.9624
58 0.9717
59 0.9783
60 0.9852
61 0.9893
62 0.9925
63 0.9956
64 1.0000
65 0.0000
66 0.0000
67 0.0000
68 0.0000
69 0.0000
70 0.0000
71 0.0000
72 0.0000
73 0.0000
74 0.0000
75 0.0000
76 0.0000
77 0.0000
78 0.0000
79 0.0000
80 0.0000
81 0.0000
82 0.0000
83 0.0000
84 0.0000
85 0.0000
86 0.0000
87 0.0000
88 0.0000
89 0.0000
90 0.0000
91 0.0000
92 0.0000
93 0.0000
94 0.0000
95 0.0000
96 0.0000
97 0.0000
98 0.0000
99 0.0000
100 0.0000

=========== Final average value of S-precision@r: =============
0.4000 0.4383
0.4500 0.4118
0.5000 0.3525
0.5500 0.3151
0.6000 0.3014
0.6500 0.2739
0.7000 0.2497
0.7500 0.2240
0.8000 0.2129
0.8500 0.2008
0.9000 0.1876
0.9500 0.1821
1.0000 0.1563

=========== Final average value of F1: =====================
average F1 = 0.61078125

=========== Final average value of Rand Index: =============
average Rand Index = 0.5200446428571428

=========== Final average value of Adjusted Rand Index: ====
average Adj Rand Index = 0.025376378544006026

=========== Final average value of Jaccard Index: ==========
average Jaccard Index = 0.23546797987379361

================ Statistics: ====================================
============ average number of created clusters: 8.22
============ average cluster size: 10.679157782018454
Simulation started at: 14:55 and completed at 14:56
Execution time: 3.224 sec