

=========== Final average value of S-recall@K: =============
1 0.1807
2 0.2428
3 0.2893
4 0.3358
5 0.3634
6 0.3961
7 0.4323
8 0.4489
9 0.4686
10 0.4901
11 0.5134
12 0.5240
13 0.5358
14 0.5570
15 0.5716
16 0.5868
17 0.6019
18 0.6113
19 0.6246
20 0.6380
21 0.6561
22 0.6676
23 0.6793
24 0.7003
25 0.7060
26 0.7184
27 0.7290
28 0.7331
29 0.7392
30 0.7537
31 0.7636
32 0.7689
33 0.7833
34 0.7896
35 0.7944
36 0.8006
37 0.8078
38 0.8156
39 0.8244
40 0.8320
41 0.8379
42 0.8457
43 0.8526
44 0.8595
45 0.8658
46 0.8710
47 0.8762
48 0.8848
49 0.8924
50 0.9005
51 0.9069
52 0.9106
53 0.9173
54 0.9208
55 0.9262
56 0.9311
57 0.9401
58 0.9440
59 0.9556
60 0.9635
61 0.9706
62 0.9772
63 0.9906
64 1.0000
65 0.0000
66 0.0000
67 0.0000
68 0.0000
69 0.0000
70 0.0000
71 0.0000
72 0.0000
73 0.0000
74 0.0000
75 0.0000
76 0.0000
77 0.0000
78 0.0000
79 0.0000
80 0.0000
81 0.0000
82 0.0000
83 0.0000
84 0.0000
85 0.0000
86 0.0000
87 0.0000
88 0.0000
89 0.0000
90 0.0000
91 0.0000
92 0.0000
93 0.0000
94 0.0000
95 0.0000
96 0.0000
97 0.0000
98 0.0000
99 0.0000
100 0.0000

=========== Final average value of S-precision@r: =============
0.4000 0.4068
0.4500 0.3562
0.5000 0.3357
0.5500 0.3010
0.6000 0.2730
0.6500 0.2537
0.7000 0.2358
0.7500 0.2084
0.8000 0.2065
0.8500 0.1864
0.9000 0.1758
0.9500 0.1733
1.0000 0.1563

=========== Final average value of F1: =====================
average F1 = 0.6096875

=========== Final average value of Rand Index: =============
average Rand Index = 0.46065972222222223

=========== Final average value of Adjusted Rand Index: ====
average Adj Rand Index = -0.024625074952236807

=========== Final average value of Jaccard Index: ==========
average Jaccard Index = 0.2942040898069813

================ Statistics: ====================================
============ average number of created clusters: 10.86
============ average cluster size: 8.952697011966357
Simulation started at: 14:47 and completed at 14:47
Execution time: 4.737 sec