

=========== Final average value of S-recall@K: =============
1 0.1807
2 0.2443
3 0.3052
4 0.3517
5 0.3984
6 0.4282
7 0.4600
8 0.4947
9 0.5218
10 0.5390
11 0.5632
12 0.5807
13 0.5951
14 0.6198
15 0.6349
16 0.6460
17 0.6644
18 0.6769
19 0.6880
20 0.6956
21 0.7055
22 0.7125
23 0.7212
24 0.7326
25 0.7392
26 0.7425
27 0.7511
28 0.7665
29 0.7776
30 0.7900
31 0.8016
32 0.8066
33 0.8134
34 0.8206
35 0.8264
36 0.8306
37 0.8330
38 0.8376
39 0.8443
40 0.8495
41 0.8514
42 0.8642
43 0.8678
44 0.8733
45 0.8828
46 0.8943
47 0.9056
48 0.9116
49 0.9162
50 0.9189
51 0.9228
52 0.9256
53 0.9305
54 0.9384
55 0.9460
56 0.9511
57 0.9589
58 0.9707
59 0.9738
60 0.9769
61 0.9857
62 0.9923
63 0.9951
64 1.0000
65 0.0000
66 0.0000
67 0.0000
68 0.0000
69 0.0000
70 0.0000
71 0.0000
72 0.0000
73 0.0000
74 0.0000
75 0.0000
76 0.0000
77 0.0000
78 0.0000
79 0.0000
80 0.0000
81 0.0000
82 0.0000
83 0.0000
84 0.0000
85 0.0000
86 0.0000
87 0.0000
88 0.0000
89 0.0000
90 0.0000
91 0.0000
92 0.0000
93 0.0000
94 0.0000
95 0.0000
96 0.0000
97 0.0000
98 0.0000
99 0.0000
100 0.0000

=========== Final average value of S-precision@r: =============
0.4000 0.4403
0.4500 0.3902
0.5000 0.3929
0.5500 0.3444
0.6000 0.3093
0.6500 0.2731
0.7000 0.2602
0.7500 0.2353
0.8000 0.2167
0.8500 0.2086
0.9000 0.1950
0.9500 0.1849
1.0000 0.1493

=========== Final average value of F1: =====================
average F1 = 0.6165625

=========== Final average value of Rand Index: =============
average Rand Index = 0.5640575396825396

=========== Final average value of Adjusted Rand Index: ====
average Adj Rand Index = 0.03188956796176148

=========== Final average value of Jaccard Index: ==========
average Jaccard Index = 0.19808294434190443

================ Statistics: ====================================
============ average number of created clusters: 8.89
============ average cluster size: 8.107024792201255
Simulation started at: 15:08 and completed at 15:08
Execution time: 3.248 sec