

=========== Final average value of S-recall@K: =============
1 0.1807
2 0.2497
3 0.2944
4 0.3475
5 0.3946
6 0.4289
7 0.4668
8 0.4922
9 0.5146
10 0.5360
11 0.5506
12 0.5641
13 0.5828
14 0.5977
15 0.6154
16 0.6326
17 0.6559
18 0.6709
19 0.6866
20 0.6913
21 0.6993
22 0.7206
23 0.7294
24 0.7370
25 0.7436
26 0.7546
27 0.7617
28 0.7692
29 0.7732
30 0.7784
31 0.7885
32 0.8014
33 0.8119
34 0.8155
35 0.8204
36 0.8204
37 0.8282
38 0.8336
39 0.8460
40 0.8574
41 0.8672
42 0.8715
43 0.8786
44 0.8879
45 0.8918
46 0.8960
47 0.9007
48 0.9052
49 0.9146
50 0.9186
51 0.9269
52 0.9336
53 0.9367
54 0.9378
55 0.9428
56 0.9529
57 0.9637
58 0.9699
59 0.9781
60 0.9825
61 0.9882
62 0.9917
63 0.9946
64 1.0000
65 0.0000
66 0.0000
67 0.0000
68 0.0000
69 0.0000
70 0.0000
71 0.0000
72 0.0000
73 0.0000
74 0.0000
75 0.0000
76 0.0000
77 0.0000
78 0.0000
79 0.0000
80 0.0000
81 0.0000
82 0.0000
83 0.0000
84 0.0000
85 0.0000
86 0.0000
87 0.0000
88 0.0000
89 0.0000
90 0.0000
91 0.0000
92 0.0000
93 0.0000
94 0.0000
95 0.0000
96 0.0000
97 0.0000
98 0.0000
99 0.0000
100 0.0000

=========== Final average value of S-precision@r: =============
0.4000 0.4275
0.4500 0.3847
0.5000 0.3913
0.5500 0.3309
0.6000 0.3058
0.6500 0.2911
0.7000 0.2740
0.7500 0.2385
0.8000 0.2171
0.8500 0.2021
0.9000 0.1852
0.9500 0.1774
1.0000 0.1563

=========== Final average value of F1: =====================
average F1 = 0.608125

=========== Final average value of Rand Index: =============
average Rand Index = 0.5149652777777778

=========== Final average value of Adjusted Rand Index: ====
average Adj Rand Index = 0.02677032028341895

=========== Final average value of Jaccard Index: ==========
average Jaccard Index = 0.24358312699610385

================ Statistics: ====================================
============ average number of created clusters: 8.14
============ average cluster size: 10.619103392651377
Simulation started at: 14:54 and completed at 14:54
Execution time: 3.244 sec