

=========== Final average value of S-recall@K: =============
1 0.1807
2 0.2447
3 0.3091
4 0.3544
5 0.4057
6 0.4354
7 0.4816
8 0.5147
9 0.5336
10 0.5546
11 0.5686
12 0.5920
13 0.6038
14 0.6238
15 0.6368
16 0.6555
17 0.6764
18 0.6877
19 0.6996
20 0.7126
21 0.7199
22 0.7279
23 0.7390
24 0.7471
25 0.7585
26 0.7699
27 0.7787
28 0.7833
29 0.7923
30 0.7957
31 0.8049
32 0.8085
33 0.8184
34 0.8248
35 0.8344
36 0.8403
37 0.8462
38 0.8547
39 0.8609
40 0.8684
41 0.8797
42 0.8864
43 0.8921
44 0.8937
45 0.9005
46 0.9071
47 0.9126
48 0.9185
49 0.9214
50 0.9228
51 0.9298
52 0.9366
53 0.9398
54 0.9418
55 0.9491
56 0.9560
57 0.9631
58 0.9731
59 0.9778
60 0.9818
61 0.9878
62 0.9909
63 0.9940
64 1.0000
65 0.0000
66 0.0000
67 0.0000
68 0.0000
69 0.0000
70 0.0000
71 0.0000
72 0.0000
73 0.0000
74 0.0000
75 0.0000
76 0.0000
77 0.0000
78 0.0000
79 0.0000
80 0.0000
81 0.0000
82 0.0000
83 0.0000
84 0.0000
85 0.0000
86 0.0000
87 0.0000
88 0.0000
89 0.0000
90 0.0000
91 0.0000
92 0.0000
93 0.0000
94 0.0000
95 0.0000
96 0.0000
97 0.0000
98 0.0000
99 0.0000
100 0.0000

=========== Final average value of S-precision@r: =============
0.4000 0.4098
0.4500 0.4152
0.5000 0.3999
0.5500 0.3651
0.6000 0.3242
0.6500 0.3161
0.7000 0.2826
0.7500 0.2530
0.8000 0.2289
0.8500 0.2111
0.9000 0.1999
0.9500 0.1923
1.0000 0.1493

=========== Final average value of F1: =====================
average F1 = 0.63171875

=========== Final average value of Rand Index: =============
average Rand Index = 0.5703075396825397

=========== Final average value of Adjusted Rand Index: ====
average Adj Rand Index = 0.043654464114304944

=========== Final average value of Jaccard Index: ==========
average Jaccard Index = 0.21143518776903886

================ Statistics: ====================================
============ average number of created clusters: 11.08
============ average cluster size: 6.468180875883658
Simulation started at: 15:05 and completed at 15:05
Execution time: 4.168 sec