

=========== Final average value of S-recall@K: =============
1 0.1807
2 0.2569
3 0.3168
4 0.3714
5 0.4266
6 0.4528
7 0.4765
8 0.5006
9 0.5276
10 0.5518
11 0.5680
12 0.5820
13 0.5981
14 0.6130
15 0.6344
16 0.6414
17 0.6558
18 0.6630
19 0.6786
20 0.6897
21 0.7008
22 0.7124
23 0.7291
24 0.7447
25 0.7515
26 0.7556
27 0.7676
28 0.7741
29 0.7806
30 0.7867
31 0.7941
32 0.8058
33 0.8078
34 0.8138
35 0.8207
36 0.8274
37 0.8370
38 0.8437
39 0.8489
40 0.8589
41 0.8662
42 0.8759
43 0.8806
44 0.8866
45 0.8933
46 0.8973
47 0.9031
48 0.9077
49 0.9096
50 0.9137
51 0.9170
52 0.9219
53 0.9256
54 0.9303
55 0.9362
56 0.9418
57 0.9556
58 0.9634
59 0.9670
60 0.9757
61 0.9812
62 0.9874
63 0.9914
64 1.0000
65 0.0000
66 0.0000
67 0.0000
68 0.0000
69 0.0000
70 0.0000
71 0.0000
72 0.0000
73 0.0000
74 0.0000
75 0.0000
76 0.0000
77 0.0000
78 0.0000
79 0.0000
80 0.0000
81 0.0000
82 0.0000
83 0.0000
84 0.0000
85 0.0000
86 0.0000
87 0.0000
88 0.0000
89 0.0000
90 0.0000
91 0.0000
92 0.0000
93 0.0000
94 0.0000
95 0.0000
96 0.0000
97 0.0000
98 0.0000
99 0.0000
100 0.0000

=========== Final average value of S-precision@r: =============
0.4000 0.4343
0.4500 0.4120
0.5000 0.4025
0.5500 0.3646
0.6000 0.3186
0.6500 0.3005
0.7000 0.2525
0.7500 0.2328
0.8000 0.2232
0.8500 0.2032
0.9000 0.2004
0.9500 0.1902
1.0000 0.1563

=========== Final average value of F1: =====================
average F1 = 0.61953125

=========== Final average value of Rand Index: =============
average Rand Index = 0.4978571428571426

=========== Final average value of Adjusted Rand Index: ====
average Adj Rand Index = 0.03279262710398092

=========== Final average value of Jaccard Index: ==========
average Jaccard Index = 0.3178704125857196

================ Statistics: ====================================
============ average number of created clusters: 9.2
============ average cluster size: 10.45423307067889
Simulation started at: 14:48 and completed at 14:48
Execution time: 5.087 sec