

=========== Final average value of S-recall@K: =============
1 0.1807
2 0.2536
3 0.3049
4 0.3606
5 0.4119
6 0.4496
7 0.4870
8 0.5161
9 0.5315
10 0.5511
11 0.5582
12 0.5850
13 0.5962
14 0.6141
15 0.6321
16 0.6414
17 0.6592
18 0.6714
19 0.6827
20 0.6943
21 0.7078
22 0.7155
23 0.7282
24 0.7360
25 0.7443
26 0.7570
27 0.7657
28 0.7714
29 0.7762
30 0.7911
31 0.7944
32 0.8040
33 0.8091
34 0.8162
35 0.8276
36 0.8291
37 0.8361
38 0.8433
39 0.8503
40 0.8583
41 0.8652
42 0.8714
43 0.8779
44 0.8870
45 0.8942
46 0.8998
47 0.8998
48 0.9076
49 0.9155
50 0.9168
51 0.9224
52 0.9277
53 0.9335
54 0.9477
55 0.9547
56 0.9611
57 0.9629
58 0.9702
59 0.9779
60 0.9843
61 0.9899
62 0.9930
63 0.9963
64 1.0000
65 0.0000
66 0.0000
67 0.0000
68 0.0000
69 0.0000
70 0.0000
71 0.0000
72 0.0000
73 0.0000
74 0.0000
75 0.0000
76 0.0000
77 0.0000
78 0.0000
79 0.0000
80 0.0000
81 0.0000
82 0.0000
83 0.0000
84 0.0000
85 0.0000
86 0.0000
87 0.0000
88 0.0000
89 0.0000
90 0.0000
91 0.0000
92 0.0000
93 0.0000
94 0.0000
95 0.0000
96 0.0000
97 0.0000
98 0.0000
99 0.0000
100 0.0000

=========== Final average value of S-precision@r: =============
0.4000 0.4343
0.4500 0.4087
0.5000 0.4001
0.5500 0.3582
0.6000 0.3103
0.6500 0.2883
0.7000 0.2473
0.7500 0.2334
0.8000 0.2224
0.8500 0.2071
0.9000 0.1952
0.9500 0.1919
1.0000 0.1563

=========== Final average value of F1: =====================
average F1 = 0.6196875

=========== Final average value of Rand Index: =============
average Rand Index = 0.5101240079365079

=========== Final average value of Adjusted Rand Index: ====
average Adj Rand Index = 0.030348905677684286

=========== Final average value of Jaccard Index: ==========
average Jaccard Index = 0.243828671665992

================ Statistics: ====================================
============ average number of created clusters: 9.71
============ average cluster size: 8.762731751908216
Simulation started at: 14:51 and completed at 14:51
Execution time: 3.627 sec