

=========== Final average value of S-recall@K: =============
1 0.1807
2 0.2497
3 0.2908
4 0.3455
5 0.3853
6 0.4182
7 0.4691
8 0.4934
9 0.5142
10 0.5411
11 0.5494
12 0.5750
13 0.5883
14 0.6095
15 0.6282
16 0.6360
17 0.6478
18 0.6623
19 0.6840
20 0.6974
21 0.7149
22 0.7243
23 0.7301
24 0.7406
25 0.7471
26 0.7507
27 0.7586
28 0.7682
29 0.7773
30 0.7844
31 0.7930
32 0.7992
33 0.8077
34 0.8097
35 0.8173
36 0.8262
37 0.8339
38 0.8388
39 0.8479
40 0.8543
41 0.8604
42 0.8675
43 0.8763
44 0.8850
45 0.8907
46 0.8946
47 0.8981
48 0.9049
49 0.9124
50 0.9161
51 0.9279
52 0.9292
53 0.9346
54 0.9406
55 0.9460
56 0.9545
57 0.9592
58 0.9701
59 0.9754
60 0.9819
61 0.9885
62 0.9932
63 0.9954
64 1.0000
65 0.0000
66 0.0000
67 0.0000
68 0.0000
69 0.0000
70 0.0000
71 0.0000
72 0.0000
73 0.0000
74 0.0000
75 0.0000
76 0.0000
77 0.0000
78 0.0000
79 0.0000
80 0.0000
81 0.0000
82 0.0000
83 0.0000
84 0.0000
85 0.0000
86 0.0000
87 0.0000
88 0.0000
89 0.0000
90 0.0000
91 0.0000
92 0.0000
93 0.0000
94 0.0000
95 0.0000
96 0.0000
97 0.0000
98 0.0000
99 0.0000
100 0.0000

=========== Final average value of S-precision@r: =============
0.4000 0.4085
0.4500 0.4009
0.5000 0.3801
0.5500 0.3296
0.6000 0.2886
0.6500 0.2735
0.7000 0.2622
0.7500 0.2260
0.8000 0.2227
0.8500 0.1964
0.9000 0.1946
0.9500 0.1819
1.0000 0.1563

=========== Final average value of F1: =====================
average F1 = 0.6121875

=========== Final average value of Rand Index: =============
average Rand Index = 0.5365476190476189

=========== Final average value of Adjusted Rand Index: ====
average Adj Rand Index = 0.024722062729878157

=========== Final average value of Jaccard Index: ==========
average Jaccard Index = 0.24391428952186597

================ Statistics: ====================================
============ average number of created clusters: 8.1
============ average cluster size: 10.923947161197932
Simulation started at: 14:49 and completed at 14:49
Execution time: 4.535 sec