

=========== Final average value of S-recall@K: =============
1 0.1807
2 0.2455
3 0.3060
4 0.3478
5 0.3906
6 0.4231
7 0.4561
8 0.4799
9 0.5076
10 0.5278
11 0.5449
12 0.5709
13 0.5956
14 0.6144
15 0.6282
16 0.6455
17 0.6600
18 0.6707
19 0.6839
20 0.7005
21 0.7111
22 0.7161
23 0.7220
24 0.7291
25 0.7406
26 0.7515
27 0.7640
28 0.7718
29 0.7801
30 0.7873
31 0.7952
32 0.8000
33 0.8062
34 0.8130
35 0.8172
36 0.8264
37 0.8290
38 0.8365
39 0.8416
40 0.8495
41 0.8569
42 0.8639
43 0.8695
44 0.8815
45 0.8899
46 0.8952
47 0.9006
48 0.9019
49 0.9109
50 0.9181
51 0.9239
52 0.9299
53 0.9387
54 0.9452
55 0.9555
56 0.9586
57 0.9620
58 0.9683
59 0.9749
60 0.9761
61 0.9812
62 0.9900
63 0.9949
64 1.0000
65 0.0000
66 0.0000
67 0.0000
68 0.0000
69 0.0000
70 0.0000
71 0.0000
72 0.0000
73 0.0000
74 0.0000
75 0.0000
76 0.0000
77 0.0000
78 0.0000
79 0.0000
80 0.0000
81 0.0000
82 0.0000
83 0.0000
84 0.0000
85 0.0000
86 0.0000
87 0.0000
88 0.0000
89 0.0000
90 0.0000
91 0.0000
92 0.0000
93 0.0000
94 0.0000
95 0.0000
96 0.0000
97 0.0000
98 0.0000
99 0.0000
100 0.0000

=========== Final average value of S-precision@r: =============
0.4000 0.4110
0.4500 0.4093
0.5000 0.3878
0.5500 0.3369
0.6000 0.2875
0.6500 0.2857
0.7000 0.2556
0.7500 0.2355
0.8000 0.2174
0.8500 0.1890
0.9000 0.1916
0.9500 0.1801
1.0000 0.1563

=========== Final average value of F1: =====================
average F1 = 0.61421875

=========== Final average value of Rand Index: =============
average Rand Index = 0.5576587301587302

=========== Final average value of Adjusted Rand Index: ====
average Adj Rand Index = 0.030538920913370373

=========== Final average value of Jaccard Index: ==========
average Jaccard Index = 0.1956931368844527

================ Statistics: ====================================
============ average number of created clusters: 8.6
============ average cluster size: 8.305751137751136
Simulation started at: 15:11 and completed at 15:11
Execution time: 3.317 sec