

=========== Final average value of S-recall@K: =============
1 0.1807
2 0.2438
3 0.3053
4 0.3526
5 0.3889
6 0.4271
7 0.4602
8 0.4876
9 0.5165
10 0.5284
11 0.5568
12 0.5776
13 0.5948
14 0.6118
15 0.6296
16 0.6455
17 0.6573
18 0.6621
19 0.6776
20 0.6847
21 0.7003
22 0.7128
23 0.7215
24 0.7327
25 0.7402
26 0.7500
27 0.7582
28 0.7678
29 0.7721
30 0.7782
31 0.7883
32 0.7987
33 0.8037
34 0.8062
35 0.8145
36 0.8220
37 0.8255
38 0.8337
39 0.8416
40 0.8502
41 0.8543
42 0.8594
43 0.8607
44 0.8673
45 0.8752
46 0.8822
47 0.8900
48 0.8961
49 0.9056
50 0.9102
51 0.9132
52 0.9178
53 0.9337
54 0.9380
55 0.9444
56 0.9517
57 0.9595
58 0.9671
59 0.9733
60 0.9778
61 0.9829
62 0.9881
63 0.9932
64 1.0000
65 0.0000
66 0.0000
67 0.0000
68 0.0000
69 0.0000
70 0.0000
71 0.0000
72 0.0000
73 0.0000
74 0.0000
75 0.0000
76 0.0000
77 0.0000
78 0.0000
79 0.0000
80 0.0000
81 0.0000
82 0.0000
83 0.0000
84 0.0000
85 0.0000
86 0.0000
87 0.0000
88 0.0000
89 0.0000
90 0.0000
91 0.0000
92 0.0000
93 0.0000
94 0.0000
95 0.0000
96 0.0000
97 0.0000
98 0.0000
99 0.0000
100 0.0000

=========== Final average value of S-precision@r: =============
0.4000 0.4138
0.4500 0.4029
0.5000 0.3984
0.5500 0.3459
0.6000 0.2817
0.6500 0.2897
0.7000 0.2482
0.7500 0.2347
0.8000 0.2080
0.8500 0.2016
0.9000 0.1889
0.9500 0.1754
1.0000 0.1563

=========== Final average value of F1: =====================
average F1 = 0.60890625

=========== Final average value of Rand Index: =============
average Rand Index = 0.5488492063492062

=========== Final average value of Adjusted Rand Index: ====
average Adj Rand Index = 0.02621206404088051

=========== Final average value of Jaccard Index: ==========
average Jaccard Index = 0.19925168676665003

================ Statistics: ====================================
============ average number of created clusters: 8.33
============ average cluster size: 8.70084775355363
Simulation started at: 15:03 and completed at 15:03
Execution time: 3.844 sec