

=========== Final average value of S-recall@K: =============
1 0.1807
2 0.2547
3 0.3101
4 0.3687
5 0.4116
6 0.4456
7 0.4846
8 0.5085
9 0.5389
10 0.5602
11 0.5817
12 0.5974
13 0.6129
14 0.6252
15 0.6384
16 0.6453
17 0.6645
18 0.6766
19 0.6877
20 0.6964
21 0.7101
22 0.7240
23 0.7363
24 0.7528
25 0.7659
26 0.7746
27 0.7784
28 0.7841
29 0.7995
30 0.8101
31 0.8166
32 0.8227
33 0.8300
34 0.8363
35 0.8468
36 0.8511
37 0.8527
38 0.8595
39 0.8660
40 0.8736
41 0.8782
42 0.8866
43 0.8883
44 0.8939
45 0.9027
46 0.9101
47 0.9139
48 0.9206
49 0.9250
50 0.9309
51 0.9333
52 0.9371
53 0.9425
54 0.9465
55 0.9500
56 0.9587
57 0.9700
58 0.9732
59 0.9792
60 0.9839
61 0.9859
62 0.9903
63 0.9925
64 1.0000
65 0.0000
66 0.0000
67 0.0000
68 0.0000
69 0.0000
70 0.0000
71 0.0000
72 0.0000
73 0.0000
74 0.0000
75 0.0000
76 0.0000
77 0.0000
78 0.0000
79 0.0000
80 0.0000
81 0.0000
82 0.0000
83 0.0000
84 0.0000
85 0.0000
86 0.0000
87 0.0000
88 0.0000
89 0.0000
90 0.0000
91 0.0000
92 0.0000
93 0.0000
94 0.0000
95 0.0000
96 0.0000
97 0.0000
98 0.0000
99 0.0000
100 0.0000

=========== Final average value of S-precision@r: =============
0.4000 0.4374
0.4500 0.4388
0.5000 0.4229
0.5500 0.3780
0.6000 0.3197
0.6500 0.2911
0.7000 0.2689
0.7500 0.2252
0.8000 0.2172
0.8500 0.2151
0.9000 0.2060
0.9500 0.1945
1.0000 0.1493

=========== Final average value of F1: =====================
average F1 = 0.6415625

=========== Final average value of Rand Index: =============
average Rand Index = 0.5518601190476192

=========== Final average value of Adjusted Rand Index: ====
average Adj Rand Index = 0.04318079452212254

=========== Final average value of Jaccard Index: ==========
average Jaccard Index = 0.23907447931027231

================ Statistics: ====================================
============ average number of created clusters: 12.27
============ average cluster size: 6.461025128294474
Simulation started at: 15:04 and completed at 15:04
Execution time: 3.774 sec