

=========== Final average value of S-recall@K: =============
1 0.1807
2 0.2506
3 0.3013
4 0.3421
5 0.3863
6 0.4244
7 0.4581
8 0.4915
9 0.5180
10 0.5459
11 0.5641
12 0.5859
13 0.5980
14 0.6140
15 0.6254
16 0.6317
17 0.6481
18 0.6595
19 0.6738
20 0.6896
21 0.7037
22 0.7167
23 0.7335
24 0.7378
25 0.7501
26 0.7592
27 0.7664
28 0.7772
29 0.7816
30 0.7842
31 0.7905
32 0.7992
33 0.8067
34 0.8108
35 0.8185
36 0.8199
37 0.8275
38 0.8409
39 0.8472
40 0.8612
41 0.8643
42 0.8744
43 0.8781
44 0.8889
45 0.8953
46 0.9005
47 0.9081
48 0.9116
49 0.9219
50 0.9266
51 0.9379
52 0.9410
53 0.9432
54 0.9454
55 0.9506
56 0.9571
57 0.9638
58 0.9714
59 0.9765
60 0.9814
61 0.9860
62 0.9916
63 0.9963
64 1.0000
65 0.0000
66 0.0000
67 0.0000
68 0.0000
69 0.0000
70 0.0000
71 0.0000
72 0.0000
73 0.0000
74 0.0000
75 0.0000
76 0.0000
77 0.0000
78 0.0000
79 0.0000
80 0.0000
81 0.0000
82 0.0000
83 0.0000
84 0.0000
85 0.0000
86 0.0000
87 0.0000
88 0.0000
89 0.0000
90 0.0000
91 0.0000
92 0.0000
93 0.0000
94 0.0000
95 0.0000
96 0.0000
97 0.0000
98 0.0000
99 0.0000
100 0.0000

=========== Final average value of S-precision@r: =============
0.4000 0.4407
0.4500 0.4165
0.5000 0.3927
0.5500 0.3196
0.6000 0.2961
0.6500 0.2774
0.7000 0.2530
0.7500 0.2377
0.8000 0.2192
0.8500 0.2007
0.9000 0.1920
0.9500 0.1874
1.0000 0.1563

=========== Final average value of F1: =====================
average F1 = 0.608125

=========== Final average value of Rand Index: =============
average Rand Index = 0.5295287698412701

=========== Final average value of Adjusted Rand Index: ====
average Adj Rand Index = 0.027960585891049283

=========== Final average value of Jaccard Index: ==========
average Jaccard Index = 0.24960299857868726

================ Statistics: ====================================
============ average number of created clusters: 7.75
============ average cluster size: 11.190891642928786
Simulation started at: 14:57 and completed at 14:57
Execution time: 3.726 sec