

=========== Final average value of S-recall@K: =============
1 0.1807
2 0.2513
3 0.2988
4 0.3415
5 0.3964
6 0.4425
7 0.4667
8 0.4992
9 0.5314
10 0.5509
11 0.5636
12 0.5790
13 0.5984
14 0.6123
15 0.6282
16 0.6485
17 0.6700
18 0.6830
19 0.6932
20 0.6999
21 0.7099
22 0.7216
23 0.7283
24 0.7314
25 0.7399
26 0.7536
27 0.7651
28 0.7773
29 0.7831
30 0.7837
31 0.7931
32 0.8010
33 0.8107
34 0.8209
35 0.8279
36 0.8365
37 0.8436
38 0.8563
39 0.8608
40 0.8658
41 0.8684
42 0.8746
43 0.8824
44 0.8863
45 0.8926
46 0.8993
47 0.9076
48 0.9141
49 0.9234
50 0.9285
51 0.9365
52 0.9376
53 0.9426
54 0.9460
55 0.9509
56 0.9598
57 0.9656
58 0.9733
59 0.9767
60 0.9819
61 0.9859
62 0.9880
63 0.9930
64 1.0000
65 0.0000
66 0.0000
67 0.0000
68 0.0000
69 0.0000
70 0.0000
71 0.0000
72 0.0000
73 0.0000
74 0.0000
75 0.0000
76 0.0000
77 0.0000
78 0.0000
79 0.0000
80 0.0000
81 0.0000
82 0.0000
83 0.0000
84 0.0000
85 0.0000
86 0.0000
87 0.0000
88 0.0000
89 0.0000
90 0.0000
91 0.0000
92 0.0000
93 0.0000
94 0.0000
95 0.0000
96 0.0000
97 0.0000
98 0.0000
99 0.0000
100 0.0000

=========== Final average value of S-precision@r: =============
0.4000 0.4300
0.4500 0.4250
0.5000 0.3849
0.5500 0.3456
0.6000 0.3132
0.6500 0.2912
0.7000 0.2514
0.7500 0.2366
0.8000 0.2327
0.8500 0.2069
0.9000 0.1995
0.9500 0.1881
1.0000 0.1502

=========== Final average value of F1: =====================
average F1 = 0.6125

=========== Final average value of Rand Index: =============
average Rand Index = 0.5219543650793651

=========== Final average value of Adjusted Rand Index: ====
average Adj Rand Index = 0.03166776041514788

=========== Final average value of Jaccard Index: ==========
average Jaccard Index = 0.2398413883891247

================ Statistics: ====================================
============ average number of created clusters: 8.7
============ average cluster size: 9.723743979446756
Simulation started at: 14:52 and completed at 14:52
Execution time: 3.978 sec