

=========== Final average value of S-recall@K: =============
1 0.1807
2 0.2478
3 0.2998
4 0.3450
5 0.3781
6 0.4133
7 0.4547
8 0.4834
9 0.5083
10 0.5343
11 0.5624
12 0.5795
13 0.6063
14 0.6199
15 0.6294
16 0.6368
17 0.6626
18 0.6796
19 0.6877
20 0.7022
21 0.7130
22 0.7297
23 0.7385
24 0.7457
25 0.7555
26 0.7607
27 0.7665
28 0.7768
29 0.7858
30 0.7926
31 0.7967
32 0.8045
33 0.8092
34 0.8132
35 0.8220
36 0.8265
37 0.8324
38 0.8415
39 0.8501
40 0.8579
41 0.8650
42 0.8711
43 0.8822
44 0.8852
45 0.8924
46 0.9005
47 0.9047
48 0.9122
49 0.9171
50 0.9244
51 0.9327
52 0.9380
53 0.9411
54 0.9454
55 0.9520
56 0.9589
57 0.9642
58 0.9698
59 0.9773
60 0.9836
61 0.9870
62 0.9917
63 0.9963
64 1.0000
65 0.0000
66 0.0000
67 0.0000
68 0.0000
69 0.0000
70 0.0000
71 0.0000
72 0.0000
73 0.0000
74 0.0000
75 0.0000
76 0.0000
77 0.0000
78 0.0000
79 0.0000
80 0.0000
81 0.0000
82 0.0000
83 0.0000
84 0.0000
85 0.0000
86 0.0000
87 0.0000
88 0.0000
89 0.0000
90 0.0000
91 0.0000
92 0.0000
93 0.0000
94 0.0000
95 0.0000
96 0.0000
97 0.0000
98 0.0000
99 0.0000
100 0.0000

=========== Final average value of S-precision@r: =============
0.4000 0.4096
0.4500 0.4305
0.5000 0.3709
0.5500 0.3255
0.6000 0.2945
0.6500 0.2880
0.7000 0.2428
0.7500 0.2462
0.8000 0.2280
0.8500 0.2058
0.9000 0.1896
0.9500 0.1866
1.0000 0.1563

=========== Final average value of F1: =====================
average F1 = 0.6125

=========== Final average value of Rand Index: =============
average Rand Index = 0.5206795634920635

=========== Final average value of Adjusted Rand Index: ====
average Adj Rand Index = 0.027806505506724255

=========== Final average value of Jaccard Index: ==========
average Jaccard Index = 0.24683624435915713

================ Statistics: ====================================
============ average number of created clusters: 8.51
============ average cluster size: 10.50345749468969
Simulation started at: 14:53 and completed at 14:53
Execution time: 3.343 sec