

=========== Final average value of S-recall@K: =============
1 0.1807
2 0.2440
3 0.3155
4 0.3608
5 0.3880
6 0.4229
7 0.4594
8 0.4839
9 0.5026
10 0.5212
11 0.5461
12 0.5661
13 0.5921
14 0.6074
15 0.6155
16 0.6244
17 0.6362
18 0.6553
19 0.6674
20 0.6827
21 0.6898
22 0.6962
23 0.7017
24 0.7118
25 0.7228
26 0.7437
27 0.7515
28 0.7580
29 0.7656
30 0.7728
31 0.7769
32 0.7855
33 0.7910
34 0.7938
35 0.8022
36 0.8045
37 0.8078
38 0.8122
39 0.8178
40 0.8247
41 0.8407
42 0.8524
43 0.8595
44 0.8674
45 0.8756
46 0.8807
47 0.8876
48 0.8913
49 0.8963
50 0.9025
51 0.9061
52 0.9121
53 0.9188
54 0.9255
55 0.9355
56 0.9472
57 0.9561
58 0.9622
59 0.9701
60 0.9755
61 0.9809
62 0.9840
63 0.9914
64 1.0000
65 0.0000
66 0.0000
67 0.0000
68 0.0000
69 0.0000
70 0.0000
71 0.0000
72 0.0000
73 0.0000
74 0.0000
75 0.0000
76 0.0000
77 0.0000
78 0.0000
79 0.0000
80 0.0000
81 0.0000
82 0.0000
83 0.0000
84 0.0000
85 0.0000
86 0.0000
87 0.0000
88 0.0000
89 0.0000
90 0.0000
91 0.0000
92 0.0000
93 0.0000
94 0.0000
95 0.0000
96 0.0000
97 0.0000
98 0.0000
99 0.0000
100 0.0000

=========== Final average value of S-precision@r: =============
0.4000 0.4262
0.4500 0.3933
0.5000 0.3772
0.5500 0.3031
0.6000 0.2847
0.6500 0.2481
0.7000 0.2493
0.7500 0.2289
0.8000 0.2187
0.8500 0.2063
0.9000 0.1948
0.9500 0.1831
1.0000 0.1563

=========== Final average value of F1: =====================
average F1 = 0.60484375

=========== Final average value of Rand Index: =============
average Rand Index = 0.472108134920635

=========== Final average value of Adjusted Rand Index: ====
average Adj Rand Index = 0.021276289665206

=========== Final average value of Jaccard Index: ==========
average Jaccard Index = 0.3178342453044117

================ Statistics: ====================================
============ average number of created clusters: 7.93
============ average cluster size: 12.367923527452934
Simulation started at: 14:47 and completed at 14:47
Execution time: 3.367 sec