subTopicID	resultID
1.8	1.1
1.1	1.2
1.6	1.3
1.6	1.4
1.9	1.5
1.6	1.6
1.1	1.7
1.6	1.8
1.1	1.9
1.6	1.10
1.6	1.11
1.1	1.12
1.1	1.13
1.1	1.14
1.1	1.15
1.10	1.16
1.1	1.17
1.6	1.18
1.8	1.19
1.7	1.20
1.1	1.21
1.9	1.22
1.1	1.23
1.6	1.24
1.6	1.25
1.8	1.26
1.6	1.27
1.1	1.28
1.8	1.29
1.7	1.30
1.1	1.31
1.1	1.32
1.8	1.33
1.8	1.34
1.6	1.35
1.6	1.36
1.9	1.37
1.10	1.38
1.5	1.39
1.8	1.40
1.6	1.41
1.1	1.42
1.6	1.43
1.1	1.44
1.6	1.45
1.8	1.46
1.6	1.47
1.9	1.48
1.3	1.49
1.3	1.50
1.8	1.51
1.8	1.52
1.1	1.53
1.8	1.54
1.4	1.55
1.1	1.56
1.6	1.57
1.8	1.58
1.9	1.59
1.6	1.60
1.2	1.61
1.6	1.62
1.6	1.63
1.6	1.64
2.7	2.1
2.8	2.2
2.8	2.3
2.7	2.4
2.1	2.5
2.8	2.6
2.7	2.7
2.7	2.8
2.7	2.9
2.8	2.10
2.7	2.11
2.5	2.12
2.7	2.13
2.7	2.14
2.7	2.15
2.7	2.16
2.1	2.17
2.7	2.18
2.7	2.19
2.7	2.20
2.1	2.21
2.3	2.22
2.4	2.23
2.7	2.24
2.8	2.25
2.7	2.26
2.8	2.27
2.6	2.28
2.1	2.29
2.7	2.30
2.7	2.31
2.8	2.32
2.7	2.33
2.8	2.34
2.8	2.35
2.6	2.36
2.8	2.37
2.6	2.38
2.1	2.39
2.2	2.40
2.8	2.41
2.9	2.42
2.7	2.43
2.8	2.44
2.7	2.45
2.9	2.46
2.8	2.47
2.10	2.48
2.8	2.49
2.1	2.50
2.7	2.51
2.8	2.52
2.6	2.53
2.8	2.54
2.8	2.55
2.8	2.56
2.1	2.57
2.6	2.58
2.8	2.59
2.6	2.60
2.8	2.61
2.1	2.62
2.6	2.63
2.1	2.64
3.1	3.1
3.1	3.2
3.1	3.3
3.8	3.4
3.1	3.5
3.1	3.6
3.8	3.7
3.1	3.8
3.1	3.9
3.1	3.10
3.1	3.11
3.1	3.12
3.1	3.13
3.8	3.14
3.1	3.15
3.8	3.16
3.8	3.17
3.1	3.18
3.8	3.19
3.8	3.20
3.1	3.21
3.1	3.22
3.5	3.23
3.8	3.24
3.1	3.25
3.1	3.26
3.5	3.27
3.1	3.28
3.8	3.29
3.8	3.30
3.1	3.31
3.8	3.32
3.1	3.33
3.1	3.34
3.1	3.35
3.1	3.36
3.1	3.37
3.7	3.38
3.4	3.39
3.8	3.40
3.1	3.41
3.1	3.42
3.1	3.43
3.8	3.44
3.1	3.45
3.1	3.46
3.6	3.47
3.1	3.48
3.1	3.49
3.1	3.50
3.3	3.51
3.1	3.52
3.1	3.53
3.1	3.54
3.1	3.55
3.8	3.56
3.8	3.57
3.2	3.58
3.1	3.59
3.8	3.60
3.1	3.61
3.1	3.62
3.1	3.63
3.1	3.64
4.1	4.1
4.5	4.2
4.7	4.3
4.7	4.4
4.7	4.5
4.6	4.6
4.7	4.7
4.7	4.8
4.1	4.9
4.6	4.10
4.1	4.11
4.7	4.12
4.7	4.13
4.7	4.14
4.1	4.15
4.7	4.16
4.1	4.17
4.1	4.18
4.1	4.19
4.7	4.20
4.7	4.21
4.1	4.22
4.3	4.23
4.1	4.24
4.6	4.25
4.7	4.26
4.6	4.27
4.7	4.28
4.7	4.29
4.7	4.30
4.6	4.31
4.1	4.32
4.7	4.33
4.1	4.34
4.1	4.35
4.1	4.36
4.6	4.37
4.7	4.38
4.7	4.39
4.1	4.40
4.1	4.41
4.7	4.42
4.7	4.43
4.6	4.44
4.7	4.45
4.2	4.46
4.7	4.47
4.7	4.48
4.6	4.49
4.1	4.50
4.1	4.51
4.7	4.52
4.7	4.53
4.1	4.54
4.4	4.55
4.1	4.56
4.6	4.57
4.1	4.58
4.6	4.59
4.7	4.60
4.1	4.61
4.7	4.62
4.1	4.63
4.6	4.64
5.4	5.1
5.4	5.2
5.4	5.3
5.4	5.4
5.6	5.5
5.4	5.6
5.7	5.7
5.4	5.8
5.4	5.9
5.4	5.10
5.1	5.11
5.1	5.12
5.1	5.13
5.1	5.14
5.1	5.15
5.4	5.16
5.7	5.17
5.4	5.18
5.7	5.19
5.4	5.20
5.4	5.21
5.1	5.22
5.7	5.23
5.1	5.24
5.6	5.25
5.7	5.26
5.4	5.27
5.1	5.28
5.4	5.29
5.1	5.30
5.4	5.31
5.1	5.32
5.5	5.33
5.4	5.34
5.1	5.35
5.1	5.36
5.4	5.37
5.2	5.38
5.4	5.39
5.4	5.40
5.4	5.41
5.4	5.42
5.4	5.43
5.3	5.44
5.4	5.45
5.4	5.46
5.7	5.47
5.7	5.48
5.4	5.49
5.7	5.50
5.4	5.51
5.4	5.52
5.7	5.53
5.6	5.54
5.7	5.55
5.1	5.56
5.4	5.57
5.4	5.58
5.4	5.59
5.1	5.60
5.1	5.61
5.4	5.62
5.7	5.63
5.4	5.64
6.7	6.1
6.1	6.2
6.1	6.3
6.6	6.4
6.3	6.5
6.1	6.6
6.7	6.7
6.1	6.8
6.7	6.9
6.7	6.10
6.1	6.11
6.1	6.12
6.1	6.13
6.1	6.14
6.1	6.15
6.7	6.16
6.1	6.17
6.1	6.18
6.7	6.19
6.2	6.20
6.1	6.21
6.1	6.22
6.1	6.23
6.1	6.24
6.1	6.25
6.1	6.26
6.1	6.27
6.7	6.28
6.1	6.29
6.1	6.30
6.4	6.31
6.1	6.32
6.7	6.33
6.1	6.34
6.7	6.35
6.1	6.36
6.5	6.37
6.7	6.38
6.7	6.39
6.1	6.40
6.1	6.41
6.1	6.42
6.1	6.43
6.1	6.44
6.1	6.45
6.1	6.46
6.7	6.47
6.7	6.48
6.7	6.49
6.7	6.50
6.7	6.51
6.7	6.52
6.1	6.53
6.1	6.54
6.6	6.55
6.1	6.56
6.7	6.57
6.7	6.58
6.7	6.59
6.7	6.60
6.7	6.61
6.7	6.62
6.7	6.63
6.1	6.64
7.7	7.1
7.7	7.2
7.7	7.3
7.7	7.4
7.1	7.5
7.1	7.6
7.7	7.7
7.6	7.8
7.1	7.9
7.1	7.10
7.7	7.11
7.7	7.12
7.7	7.13
7.1	7.14
7.7	7.15
7.7	7.16
7.7	7.17
7.7	7.18
7.1	7.19
7.7	7.20
7.7	7.21
7.1	7.22
7.7	7.23
7.7	7.24
7.7	7.25
7.7	7.26
7.6	7.27
7.6	7.28
7.1	7.29
7.7	7.30
7.1	7.31
7.1	7.32
7.1	7.33
7.4	7.34
7.7	7.35
7.2	7.36
7.7	7.37
7.1	7.38
7.1	7.39
7.7	7.40
7.6	7.41
7.1	7.42
7.7	7.43
7.7	7.44
7.1	7.45
7.1	7.46
7.1	7.47
7.1	7.48
7.3	7.49
7.7	7.50
7.4	7.51
7.7	7.52
7.7	7.53
7.6	7.54
7.7	7.55
7.1	7.56
7.7	7.57
7.7	7.58
7.5	7.59
7.6	7.60
7.4	7.61
7.1	7.62
7.1	7.63
7.1	7.64
8.9	8.1
8.9	8.2
8.16	8.3
8.10	8.4
8.12	8.5
8.6	8.6
8.15	8.7
8.17	8.8
8.6	8.9
8.7	8.10
8.6	8.11
8.11	8.12
8.6	8.13
8.17	8.14
8.1	8.15
8.17	8.16
8.3	8.17
8.15	8.18
8.6	8.19
8.6	8.20
8.2	8.21
8.4	8.22
8.17	8.23
8.6	8.24
8.5	8.25
8.5	8.26
8.8	8.27
8.11	8.28
8.14	8.29
8.5	8.30
8.15	8.31
8.7	8.32
8.6	8.33
8.19	8.34
8.17	8.35
8.16	8.36
8.5	8.37
8.5	8.38
8.13	8.39
8.15	8.40
8.5	8.41
8.5	8.42
8.14	8.43
8.17	8.44
8.15	8.45
8.6	8.46
8.6	8.47
8.1	8.48
8.5	8.49
8.5	8.50
8.5	8.51
8.15	8.52
8.5	8.53
8.19	8.54
8.5	8.55
8.4	8.56
8.18	8.57
8.14	8.58
8.14	8.59
8.1	8.60
8.15	8.61
8.5	8.62
8.12	8.63
8.6	8.64
9.7	9.1
9.8	9.2
9.1	9.3
9.1	9.4
9.6	9.5
9.8	9.6
9.8	9.7
9.6	9.8
9.8	9.9
9.8	9.10
9.8	9.11
9.8	9.12
9.6	9.13
9.7	9.14
9.6	9.15
9.1	9.16
9.3	9.17
9.1	9.18
9.1	9.19
9.1	9.20
9.1	9.21
9.8	9.22
9.7	9.23
9.8	9.24
9.7	9.25
9.2	9.26
9.6	9.27
9.6	9.28
9.1	9.29
9.8	9.30
9.1	9.31
9.6	9.32
9.9	9.33
9.1	9.34
9.8	9.35
9.8	9.36
9.6	9.37
9.4	9.38
9.3	9.39
9.5	9.40
9.1	9.41
9.9	9.42
9.7	9.43
9.3	9.44
9.7	9.45
9.5	9.46
9.6	9.47
9.8	9.48
9.6	9.49
9.1	9.50
9.8	9.51
9.8	9.52
9.8	9.53
9.8	9.54
9.6	9.55
9.6	9.56
9.1	9.57
9.6	9.58
9.1	9.59
9.6	9.60
9.8	9.61
9.6	9.62
9.8	9.63
9.6	9.64
10.1	10.1
10.1	10.2
10.7	10.3
10.1	10.4
10.1	10.5
10.1	10.6
10.1	10.7
10.7	10.8
10.7	10.9
10.1	10.10
10.1	10.11
10.7	10.12
10.5	10.13
10.1	10.14
10.1	10.15
10.1	10.16
10.1	10.17
10.1	10.18
10.1	10.19
10.1	10.20
10.6	10.21
10.1	10.22
10.6	10.23
10.1	10.24
10.7	10.25
10.7	10.26
10.7	10.27
10.1	10.28
10.1	10.29
10.1	10.30
10.6	10.31
10.7	10.32
10.3	10.33
10.5	10.34
10.1	10.35
10.6	10.36
10.1	10.37
10.1	10.38
10.7	10.39
10.7	10.40
10.1	10.41
10.2	10.42
10.2	10.43
10.1	10.44
10.7	10.45
10.1	10.46
10.7	10.47
10.6	10.48
10.1	10.49
10.7	10.50
10.7	10.51
10.1	10.52
10.6	10.53
10.1	10.54
10.6	10.55
10.1	10.56
10.7	10.57
10.1	10.58
10.1	10.59
10.5	10.60
10.7	10.61
10.4	10.62
10.1	10.63
10.2	10.64
11.7	11.1
11.4	11.2
11.7	11.3
11.7	11.4
11.1	11.5
11.1	11.6
11.7	11.7
11.1	11.8
11.1	11.9
11.7	11.10
11.1	11.11
11.7	11.12
11.7	11.13
11.7	11.14
11.6	11.15
11.7	11.16
11.5	11.17
11.6	11.18
11.1	11.19
11.7	11.20
11.5	11.21
11.3	11.22
11.1	11.23
11.6	11.24
11.7	11.25
11.7	11.26
11.6	11.27
11.7	11.28
11.7	11.29
11.7	11.30
11.1	11.31
11.7	11.32
11.7	11.33
11.1	11.34
11.1	11.35
11.1	11.36
11.7	11.37
11.7	11.38
11.1	11.39
11.6	11.40
11.1	11.41
11.7	11.42
11.1	11.43
11.1	11.44
11.1	11.45
11.1	11.46
11.1	11.47
11.5	11.48
11.1	11.49
11.7	11.50
11.7	11.51
11.7	11.52
11.7	11.53
11.7	11.54
11.7	11.55
11.6	11.56
11.1	11.57
11.6	11.58
11.2	11.59
11.7	11.60
11.1	11.61
11.1	11.62
11.1	11.63
11.7	11.64
12.1	12.1
12.4	12.2
12.7	12.3
12.2	12.4
12.1	12.5
12.1	12.6
12.8	12.7
12.5	12.8
12.1	12.9
12.6	12.10
12.5	12.11
12.5	12.12
12.5	12.13
12.1	12.14
12.9	12.15
12.1	12.16
12.1	12.17
12.10	12.18
12.1	12.19
12.1	12.20
12.10	12.21
12.5	12.22
12.6	12.23
12.1	12.24
12.1	12.25
12.10	12.26
12.8	12.27
12.1	12.28
12.1	12.29
12.1	12.30
12.1	12.31
12.1	12.32
12.1	12.33
12.5	12.34
12.3	12.35
12.1	12.36
12.1	12.37
12.5	12.38
12.9	12.39
12.1	12.40
12.1	12.41
12.10	12.42
12.1	12.43
12.10	12.44
12.1	12.45
12.1	12.46
12.1	12.47
12.1	12.48
12.10	12.49
12.1	12.50
12.1	12.51
12.1	12.52
12.10	12.53
12.1	12.54
12.7	12.55
12.1	12.56
12.8	12.57
12.1	12.58
12.10	12.59
12.5	12.60
12.1	12.61
12.1	12.62
12.10	12.63
12.1	12.64
13.2	13.1
13.2	13.2
13.2	13.3
13.4	13.4
13.2	13.5
13.2	13.6
13.1	13.7
13.2	13.8
13.5	13.9
13.4	13.10
13.2	13.11
13.2	13.12
13.4	13.13
13.4	13.14
13.4	13.15
13.2	13.16
13.4	13.17
13.4	13.18
13.4	13.19
13.2	13.20
13.2	13.21
13.4	13.22
13.2	13.23
13.2	13.24
13.2	13.25
13.4	13.26
13.2	13.27
13.2	13.28
13.2	13.29
13.2	13.30
13.4	13.31
13.4	13.32
13.4	13.33
13.2	13.34
13.4	13.35
13.2	13.36
13.4	13.37
13.3	13.38
13.2	13.39
13.2	13.40
13.2	13.41
13.6	13.42
13.4	13.43
13.4	13.44
13.2	13.45
13.2	13.46
13.4	13.47
13.2	13.48
13.4	13.49
13.6	13.50
13.2	13.51
13.3	13.52
13.4	13.53
13.2	13.54
13.2	13.55
13.4	13.56
13.4	13.57
13.3	13.58
13.2	13.59
13.4	13.60
13.2	13.61
13.2	13.62
13.2	13.63
13.2	13.64
14.1	14.1
14.1	14.2
14.6	14.3
14.1	14.4
14.4	14.5
14.4	14.6
14.5	14.7
14.4	14.8
14.4	14.9
14.4	14.10
14.1	14.11
14.2	14.12
14.1	14.13
14.1	14.14
14.4	14.15
14.1	14.16
14.6	14.17
14.4	14.18
14.3	14.19
14.6	14.20
14.4	14.21
14.7	14.22
14.6	14.23
14.4	14.24
14.7	14.25
14.4	14.26
14.1	14.27
14.7	14.28
14.7	14.29
14.4	14.30
14.6	14.31
14.4	14.32
14.4	14.33
14.7	14.34
14.6	14.35
14.4	14.36
14.1	14.37
14.1	14.38
14.6	14.39
14.1	14.40
14.1	14.41
14.6	14.42
14.4	14.43
14.4	14.44
14.4	14.45
14.7	14.46
14.4	14.47
14.1	14.48
14.6	14.49
14.1	14.50
14.7	14.51
14.1	14.52
14.1	14.53
14.6	14.54
14.6	14.55
14.1	14.56
14.1	14.57
14.1	14.58
14.7	14.59
14.1	14.60
14.6	14.61
14.4	14.62
14.6	14.63
14.1	14.64
15.13	15.1
15.7	15.2
15.12	15.3
15.7	15.4
15.7	15.5
15.10	15.6
15.7	15.7
15.16	15.8
15.7	15.9
15.7	15.10
15.14	15.11
15.7	15.12
15.14	15.13
15.16	15.14
15.16	15.15
15.7	15.16
15.8	15.17
15.7	15.18
15.7	15.19
15.7	15.20
15.7	15.21
15.16	15.22
15.7	15.23
15.14	15.24
15.7	15.25
15.7	15.26
15.7	15.27
15.8	15.28
15.16	15.29
15.16	15.30
15.16	15.31
15.10	15.32
15.7	15.33
15.10	15.34
15.7	15.35
15.16	15.36
15.9	15.37
15.7	15.38
15.10	15.39
15.16	15.40
15.14	15.41
15.16	15.42
15.7	15.43
15.15	15.44
15.16	15.45
15.14	15.46
15.13	15.47
15.6	15.48
15.16	15.49
15.5	15.50
15.8	15.51
15.8	15.52
15.4	15.53
15.2	15.54
15.7	15.55
15.1	15.56
15.8	15.57
15.1	15.58
15.15	15.59
15.11	15.60
15.3	15.61
15.1	15.62
15.1	15.63
15.10	15.64
16.12	16.1
16.5	16.2
16.12	16.3
16.1	16.4
16.1	16.5
16.1	16.6
16.1	16.7
16.8	16.8
16.1	16.9
16.12	16.10
16.12	16.11
16.8	16.12
16.12	16.13
16.1	16.14
16.1	16.15
16.12	16.16
16.12	16.17
16.1	16.18
16.12	16.19
16.1	16.20
16.1	16.21
16.2	16.22
16.8	16.23
16.12	16.24
16.12	16.25
16.12	16.26
16.1	16.27
16.1	16.28
16.9	16.29
16.1	16.30
16.1	16.31
16.12	16.32
16.8	16.33
16.12	16.34
16.10	16.35
16.1	16.36
16.1	16.37
16.12	16.38
16.1	16.39
16.1	16.40
16.1	16.41
16.4	16.42
16.12	16.43
16.1	16.44
16.11	16.45
16.8	16.46
16.1	16.47
16.3	16.48
16.11	16.49
16.7	16.50
16.1	16.51
16.12	16.52
16.1	16.53
16.12	16.54
16.1	16.55
16.6	16.56
16.1	16.57
16.1	16.58
16.8	16.59
16.1	16.60
16.1	16.61
16.8	16.62
16.12	16.63
16.1	16.64
17.8	17.1
17.8	17.2
17.8	17.3
17.8	17.4
17.1	17.5
17.4	17.6
17.8	17.7
17.1	17.8
17.1	17.9
17.6	17.10
17.8	17.11
17.6	17.12
17.8	17.13
17.6	17.14
17.1	17.15
17.8	17.16
17.1	17.17
17.1	17.18
17.8	17.19
17.8	17.20
17.5	17.21
17.3	17.22
17.1	17.23
17.8	17.24
17.1	17.25
17.8	17.26
17.8	17.27
17.1	17.28
17.8	17.29
17.1	17.30
17.7	17.31
17.1	17.32
17.8	17.33
17.1	17.34
17.6	17.35
17.5	17.36
17.8	17.37
17.3	17.38
17.1	17.39
17.6	17.40
17.8	17.41
17.8	17.42
17.8	17.43
17.8	17.44
17.8	17.45
17.8	17.46
17.3	17.47
17.1	17.48
17.6	17.49
17.6	17.50
17.5	17.51
17.6	17.52
17.8	17.53
17.8	17.54
17.1	17.55
17.2	17.56
17.6	17.57
17.8	17.58
17.8	17.59
17.1	17.60
17.1	17.61
17.6	17.62
17.1	17.63
17.1	17.64
18.4	18.1
18.11	18.2
18.8	18.3
18.9	18.4
18.8	18.5
18.9	18.6
18.8	18.7
18.9	18.8
18.12	18.9
18.10	18.10
18.12	18.11
18.8	18.12
18.8	18.13
18.9	18.14
18.10	18.15
18.10	18.16
18.1	18.17
18.8	18.18
18.8	18.19
18.9	18.20
18.10	18.21
18.9	18.22
18.12	18.23
18.12	18.24
18.9	18.25
18.12	18.26
18.1	18.27
18.10	18.28
18.2	18.29
18.12	18.30
18.12	18.31
18.10	18.32
18.12	18.33
18.12	18.34
18.7	18.35
18.9	18.36
18.12	18.37
18.1	18.38
18.8	18.39
18.10	18.40
18.12	18.41
18.11	18.42
18.5	18.43
18.10	18.44
18.9	18.45
18.1	18.46
18.9	18.47
18.10	18.48
18.9	18.49
18.6	18.50
18.7	18.51
18.9	18.52
18.10	18.53
18.1	18.54
18.11	18.55
18.3	18.56
18.8	18.57
18.1	18.58
18.1	18.59
18.1	18.60
18.12	18.61
18.8	18.62
18.1	18.63
18.12	18.64
19.10	19.1
19.6	19.2
19.1	19.3
19.1	19.4
19.7	19.5
19.6	19.6
19.4	19.7
19.1	19.8
19.6	19.9
19.10	19.10
19.10	19.11
19.3	19.12
19.6	19.13
19.7	19.14
19.10	19.15
19.10	19.16
19.1	19.17
19.6	19.18
19.10	19.19
19.1	19.20
19.4	19.21
19.5	19.22
19.10	19.23
19.1	19.24
19.1	19.25
19.7	19.26
19.9	19.27
19.10	19.28
19.6	19.29
19.10	19.30
19.1	19.31
19.10	19.32
19.1	19.33
19.2	19.34
19.1	19.35
19.1	19.36
19.1	19.37
19.1	19.38
19.10	19.39
19.6	19.40
19.1	19.41
19.6	19.42
19.1	19.43
19.10	19.44
19.1	19.45
19.1	19.46
19.10	19.47
19.1	19.48
19.10	19.49
19.10	19.50
19.10	19.51
19.7	19.52
19.10	19.53
19.6	19.54
19.7	19.55
19.7	19.56
19.10	19.57
19.8	19.58
19.10	19.59
19.10	19.60
19.7	19.61
19.1	19.62
19.1	19.63
19.1	19.64
20.8	20.1
20.1	20.2
20.1	20.3
20.1	20.4
20.1	20.5
20.8	20.6
20.8	20.7
20.8	20.8
20.4	20.9
20.5	20.10
20.1	20.11
20.8	20.12
20.8	20.13
20.1	20.14
20.1	20.15
20.8	20.16
20.1	20.17
20.2	20.18
20.1	20.19
20.7	20.20
20.5	20.21
20.5	20.22
20.8	20.23
20.5	20.24
20.1	20.25
20.5	20.26
20.1	20.27
20.5	20.28
20.8	20.29
20.7	20.30
20.7	20.31
20.6	20.32
20.5	20.33
20.8	20.34
20.1	20.35
20.7	20.36
20.1	20.37
20.1	20.38
20.8	20.39
20.1	20.40
20.5	20.41
20.3	20.42
20.8	20.43
20.8	20.44
20.5	20.45
20.8	20.46
20.8	20.47
20.1	20.48
20.7	20.49
20.8	20.50
20.1	20.51
20.1	20.52
20.5	20.53
20.1	20.54
20.4	20.55
20.4	20.56
20.5	20.57
20.1	20.58
20.8	20.59
20.8	20.60
20.4	20.61
20.4	20.62
20.1	20.63
20.8	20.64
21.1	21.1
21.1	21.2
21.6	21.3
21.1	21.4
21.1	21.5
21.5	21.6
21.5	21.7
21.3	21.8
21.1	21.9
21.1	21.10
21.1	21.11
21.2	21.12
21.5	21.13
21.5	21.14
21.1	21.15
21.5	21.16
21.1	21.17
21.1	21.18
21.5	21.19
21.1	21.20
21.8	21.21
21.7	21.22
21.7	21.23
21.5	21.24
21.1	21.25
21.1	21.26
21.5	21.27
21.5	21.28
21.1	21.29
21.5	21.30
21.1	21.31
21.1	21.32
21.5	21.33
21.6	21.34
21.5	21.35
21.6	21.36
21.5	21.37
21.5	21.38
21.5	21.39
21.1	21.40
21.7	21.41
21.1	21.42
21.1	21.43
21.1	21.44
21.1	21.45
21.5	21.46
21.1	21.47
21.5	21.48
21.1	21.49
21.1	21.50
21.1	21.51
21.1	21.52
21.1	21.53
21.5	21.54
21.1	21.55
21.5	21.56
21.5	21.57
21.8	21.58
21.1	21.59
21.4	21.60
21.7	21.61
21.5	21.62
21.5	21.63
21.6	21.64
22.8	22.1
22.10	22.2
22.1	22.3
22.11	22.4
22.1	22.5
22.1	22.6
22.9	22.7
22.1	22.8
22.8	22.9
22.10	22.10
22.10	22.11
22.10	22.12
22.10	22.13
22.10	22.14
22.7	22.15
22.10	22.16
22.1	22.17
22.10	22.18
22.10	22.19
22.11	22.20
22.9	22.21
22.10	22.22
22.6	22.23
22.11	22.24
22.11	22.25
22.7	22.26
22.8	22.27
22.10	22.28
22.10	22.29
22.10	22.30
22.1	22.31
22.11	22.32
22.9	22.33
22.2	22.34
22.8	22.35
22.10	22.36
22.8	22.37
22.1	22.38
22.1	22.39
22.1	22.40
22.8	22.41
22.8	22.42
22.10	22.43
22.1	22.44
22.10	22.45
22.6	22.46
22.1	22.47
22.1	22.48
22.10	22.49
22.8	22.50
22.10	22.51
22.1	22.52
22.10	22.53
22.10	22.54
22.10	22.55
22.5	22.56
22.1	22.57
22.1	22.58
22.10	22.59
22.10	22.60
22.11	22.61
22.1	22.62
22.3	22.63
22.4	22.64
23.8	23.1
23.9	23.2
23.7	23.3
23.8	23.4
23.1	23.5
23.7	23.6
23.1	23.7
23.8	23.8
23.5	23.9
23.1	23.10
23.7	23.11
23.8	23.12
23.7	23.13
23.1	23.14
23.8	23.15
23.1	23.16
23.7	23.17
23.8	23.18
23.1	23.19
23.7	23.20
23.6	23.21
23.1	23.22
23.7	23.23
23.8	23.24
23.6	23.25
23.1	23.26
23.7	23.27
23.7	23.28
23.7	23.29
23.6	23.30
23.9	23.31
23.7	23.32
23.1	23.33
23.7	23.34
23.1	23.35
23.1	23.36
23.7	23.37
23.1	23.38
23.7	23.39
23.1	23.40
23.8	23.41
23.1	23.42
23.7	23.43
23.2	23.44
23.1	23.45
23.7	23.46
23.5	23.47
23.7	23.48
23.1	23.49
23.4	23.50
23.4	23.51
23.7	23.52
23.8	23.53
23.1	23.54
23.7	23.55
23.3	23.56
23.7	23.57
23.9	23.58
23.1	23.59
23.7	23.60
23.6	23.61
23.8	23.62
23.7	23.63
23.7	23.64
24.3	24.1
24.13	24.2
24.10	24.3
24.1	24.4
24.1	24.5
24.14	24.6
24.10	24.7
24.6	24.8
24.10	24.9
24.4	24.10
24.11	24.11
24.1	24.12
24.10	24.13
24.10	24.14
24.14	24.15
24.10	24.16
24.10	24.17
24.14	24.18
24.14	24.19
24.10	24.20
24.14	24.21
24.10	24.22
24.6	24.23
24.10	24.24
24.5	24.25
24.7	24.26
24.10	24.27
24.10	24.28
24.10	24.29
24.8	24.30
24.4	24.31
24.10	24.32
24.14	24.33
24.10	24.34
24.12	24.35
24.12	24.36
24.10	24.37
24.14	24.38
24.11	24.39
24.14	24.40
24.2	24.41
24.12	24.42
24.14	24.43
24.14	24.44
24.14	24.45
24.1	24.46
24.1	24.47
24.11	24.48
24.10	24.49
24.14	24.50
24.10	24.51
24.10	24.52
24.14	24.53
24.10	24.54
24.14	24.55
24.1	24.56
24.10	24.57
24.10	24.58
24.14	24.59
24.9	24.60
24.14	24.61
24.10	24.62
24.14	24.63
24.14	24.64
25.7	25.1
25.4	25.2
25.1	25.3
25.5	25.4
25.1	25.5
25.7	25.6
25.1	25.7
25.1	25.8
25.7	25.9
25.1	25.10
25.1	25.11
25.1	25.12
25.1	25.13
25.1	25.14
25.1	25.15
25.5	25.16
25.6	25.17
25.1	25.18
25.4	25.19
25.1	25.20
25.7	25.21
25.7	25.22
25.1	25.23
25.1	25.24
25.2	25.25
25.7	25.26
25.4	25.27
25.7	25.28
25.1	25.29
25.7	25.30
25.7	25.31
25.7	25.32
25.5	25.33
25.6	25.34
25.7	25.35
25.1	25.36
25.7	25.37
25.7	25.38
25.1	25.39
25.7	25.40
25.1	25.41
25.1	25.42
25.7	25.43
25.7	25.44
25.1	25.45
25.5	25.46
25.7	25.47
25.1	25.48
25.7	25.49
25.3	25.50
25.7	25.51
25.1	25.52
25.7	25.53
25.1	25.54
25.6	25.55
25.7	25.56
25.1	25.57
25.7	25.58
25.4	25.59
25.1	25.60
25.7	25.61
25.7	25.62
25.7	25.63
25.5	25.64
26.9	26.1
26.6	26.2
26.4	26.3
26.4	26.4
26.4	26.5
26.4	26.6
26.6	26.7
26.1	26.8
26.1	26.9
26.6	26.10
26.4	26.11
26.6	26.12
26.1	26.13
26.1	26.14
26.6	26.15
26.6	26.16
26.3	26.17
26.6	26.18
26.6	26.19
26.6	26.20
26.5	26.21
26.4	26.22
26.1	26.23
26.6	26.24
26.8	26.25
26.7	26.26
26.9	26.27
26.1	26.28
26.4	26.29
26.2	26.30
26.6	26.31
26.9	26.32
26.9	26.33
26.6	26.34
26.6	26.35
26.4	26.36
26.7	26.37
26.6	26.38
26.4	26.39
26.6	26.40
26.4	26.41
26.9	26.42
26.4	26.43
26.4	26.44
26.4	26.45
26.4	26.46
26.4	26.47
26.4	26.48
26.1	26.49
26.9	26.50
26.1	26.51
26.4	26.52
26.9	26.53
26.1	26.54
26.9	26.55
26.5	26.56
26.9	26.57
26.4	26.58
26.6	26.59
26.1	26.60
26.1	26.61
26.7	26.62
26.6	26.63
26.6	26.64
27.5	27.1
27.5	27.2
27.1	27.3
27.1	27.4
27.6	27.5
27.6	27.6
27.1	27.7
27.1	27.8
27.1	27.9
27.1	27.10
27.3	27.11
27.5	27.12
27.3	27.13
27.5	27.14
27.1	27.15
27.1	27.16
27.5	27.17
27.6	27.18
27.4	27.19
27.6	27.20
27.5	27.21
27.5	27.22
27.2	27.23
27.3	27.24
27.1	27.25
27.1	27.26
27.6	27.27
27.3	27.28
27.1	27.29
27.5	27.30
27.6	27.31
27.3	27.32
27.1	27.33
27.5	27.34
27.1	27.35
27.5	27.36
27.5	27.37
27.5	27.38
27.3	27.39
27.1	27.40
27.6	27.41
27.1	27.42
27.1	27.43
27.1	27.44
27.4	27.45
27.1	27.46
27.3	27.47
27.1	27.48
27.6	27.49
27.1	27.50
27.5	27.51
27.5	27.52
27.5	27.53
27.1	27.54
27.1	27.55
27.1	27.56
27.1	27.57
27.1	27.58
27.5	27.59
27.6	27.60
27.3	27.61
27.3	27.62
27.4	27.63
27.5	27.64
28.1	28.1
28.10	28.2
28.6	28.3
28.10	28.4
28.7	28.5
28.10	28.6
28.1	28.7
28.7	28.8
28.10	28.9
28.1	28.10
28.10	28.11
28.10	28.12
28.10	28.13
28.10	28.14
28.10	28.15
28.6	28.16
28.10	28.17
28.10	28.18
28.9	28.19
28.10	28.20
28.10	28.21
28.1	28.22
28.5	28.23
28.10	28.24
28.10	28.25
28.1	28.26
28.7	28.27
28.10	28.28
28.9	28.29
28.10	28.30
28.4	28.31
28.7	28.32
28.10	28.33
28.10	28.34
28.8	28.35
28.8	28.36
28.3	28.37
28.1	28.38
28.8	28.39
28.1	28.40
28.8	28.41
28.5	28.42
28.10	28.43
28.7	28.44
28.2	28.45
28.4	28.46
28.7	28.47
28.1	28.48
28.10	28.49
28.10	28.50
28.10	28.51
28.1	28.52
28.1	28.53
28.9	28.54
28.1	28.55
28.10	28.56
28.8	28.57
28.7	28.58
28.10	28.59
28.7	28.60
28.9	28.61
28.5	28.62
28.1	28.63
28.1	28.64
29.6	29.1
29.6	29.2
29.6	29.3
29.6	29.4
29.6	29.5
29.6	29.6
29.6	29.7
29.6	29.8
29.5	29.9
29.6	29.10
29.1	29.11
29.6	29.12
29.6	29.13
29.6	29.14
29.6	29.15
29.5	29.16
29.5	29.17
29.1	29.18
29.5	29.19
29.6	29.20
29.1	29.21
29.1	29.22
29.6	29.23
29.6	29.24
29.4	29.25
29.1	29.26
29.6	29.27
29.6	29.28
29.6	29.29
29.6	29.30
29.6	29.31
29.2	29.32
29.6	29.33
29.6	29.34
29.6	29.35
29.6	29.36
29.1	29.37
29.6	29.38
29.1	29.39
29.1	29.40
29.6	29.41
29.1	29.42
29.6	29.43
29.6	29.44
29.6	29.45
29.6	29.46
29.3	29.47
29.6	29.48
29.6	29.49
29.6	29.50
29.6	29.51
29.1	29.52
29.1	29.53
29.1	29.54
29.6	29.55
29.6	29.56
29.6	29.57
29.6	29.58
29.6	29.59
29.6	29.60
29.6	29.61
29.6	29.62
29.6	29.63
29.6	29.64
30.17	30.1
30.14	30.2
30.1	30.3
30.6	30.4
30.19	30.5
30.19	30.6
30.7	30.7
30.19	30.8
30.1	30.9
30.19	30.10
30.1	30.11
30.19	30.12
30.19	30.13
30.19	30.14
30.1	30.15
30.19	30.16
30.4	30.17
30.19	30.18
30.1	30.19
30.19	30.20
30.19	30.21
30.10	30.22
30.19	30.23
30.19	30.24
30.19	30.25
30.13	30.26
30.5	30.27
30.12	30.28
30.1	30.29
30.2	30.30
30.17	30.31
30.19	30.32
30.18	30.33
30.11	30.34
30.1	30.35
30.3	30.36
30.17	30.37
30.19	30.38
30.19	30.39
30.1	30.40
30.1	30.41
30.1	30.42
30.1	30.43
30.9	30.44
30.19	30.45
30.19	30.46
30.19	30.47
30.1	30.48
30.19	30.49
30.16	30.50
30.15	30.51
30.19	30.52
30.19	30.53
30.19	30.54
30.19	30.55
30.19	30.56
30.19	30.57
30.1	30.58
30.19	30.59
30.17	30.60
30.8	30.61
30.1	30.62
30.19	30.63
30.19	30.64
31.1	31.1
31.1	31.2
31.1	31.3
31.8	31.4
31.5	31.5
31.11	31.6
31.1	31.7
31.11	31.8
31.1	31.9
31.11	31.10
31.1	31.11
31.1	31.12
31.1	31.13
31.1	31.14
31.1	31.15
31.11	31.16
31.11	31.17
31.1	31.18
31.1	31.19
31.1	31.20
31.1	31.21
31.1	31.22
31.1	31.23
31.11	31.24
31.11	31.25
31.8	31.26
31.9	31.27
31.1	31.28
31.10	31.29
31.1	31.30
31.7	31.31
31.1	31.32
31.1	31.33
31.1	31.34
31.12	31.35
31.3	31.36
31.9	31.37
31.4	31.38
31.1	31.39
31.1	31.40
31.11	31.41
31.1	31.42
31.11	31.43
31.11	31.44
31.5	31.45
31.2	31.46
31.1	31.47
31.8	31.48
31.1	31.49
31.1	31.50
31.6	31.51
31.1	31.52
31.1	31.53
31.1	31.54
31.1	31.55
31.1	31.56
31.11	31.57
31.12	31.58
31.1	31.59
31.1	31.60
31.8	31.61
31.1	31.62
31.1	31.63
31.1	31.64
32.6	32.1
32.6	32.2
32.5	32.3
32.8	32.4
32.1	32.5
32.5	32.6
32.5	32.7
32.5	32.8
32.6	32.9
32.5	32.10
32.5	32.11
32.8	32.12
32.5	32.13
32.6	32.14
32.5	32.15
32.4	32.16
32.5	32.17
32.5	32.18
32.5	32.19
32.1	32.20
32.6	32.21
32.5	32.22
32.1	32.23
32.8	32.24
32.3	32.25
32.5	32.26
32.3	32.27
32.5	32.28
32.3	32.29
32.3	32.30
32.3	32.31
32.6	32.32
32.3	32.33
32.6	32.34
32.3	32.35
32.5	32.36
32.7	32.37
32.3	32.38
32.3	32.39
32.7	32.40
32.3	32.41
32.6	32.42
32.5	32.43
32.2	32.44
32.4	32.45
32.5	32.46
32.5	32.47
32.1	32.48
32.6	32.49
32.1	32.50
32.8	32.51
32.6	32.52
32.3	32.53
32.6	32.54
32.6	32.55
32.3	32.56
32.3	32.57
32.3	32.58
32.3	32.59
32.3	32.60
32.3	32.61
32.3	32.62
32.3	32.63
32.5	32.64
33.6	33.1
33.4	33.2
33.1	33.3
33.1	33.4
33.6	33.5
33.6	33.6
33.1	33.7
33.1	33.8
33.1	33.9
33.1	33.10
33.1	33.11
33.1	33.12
33.1	33.13
33.1	33.14
33.6	33.15
33.6	33.16
33.1	33.17
33.1	33.18
33.2	33.19
33.5	33.20
33.4	33.21
33.1	33.22
33.4	33.23
33.1	33.24
33.4	33.25
33.1	33.26
33.1	33.27
33.1	33.28
33.1	33.29
33.1	33.30
33.1	33.31
33.6	33.32
33.1	33.33
33.1	33.34
33.6	33.35
33.1	33.36
33.1	33.37
33.1	33.38
33.1	33.39
33.1	33.40
33.1	33.41
33.6	33.42
33.1	33.43
33.6	33.44
33.1	33.45
33.6	33.46
33.1	33.47
33.1	33.48
33.1	33.49
33.1	33.50
33.1	33.51
33.1	33.52
33.1	33.53
33.6	33.54
33.6	33.55
33.3	33.56
33.1	33.57
33.1	33.58
33.1	33.59
33.6	33.60
33.6	33.61
33.7	33.62
33.1	33.63
33.1	33.64
34.9	34.1
34.1	34.2
34.10	34.3
34.10	34.4
34.5	34.5
34.10	34.6
34.5	34.7
34.9	34.8
34.5	34.9
34.1	34.10
34.1	34.11
34.10	34.12
34.9	34.13
34.5	34.14
34.5	34.15
34.5	34.16
34.10	34.17
34.10	34.18
34.5	34.19
34.10	34.20
34.9	34.21
34.5	34.22
34.5	34.23
34.5	34.24
34.10	34.25
34.1	34.26
34.9	34.27
34.1	34.28
34.5	34.29
34.8	34.30
34.7	34.31
34.5	34.32
34.10	34.33
34.3	34.34
34.10	34.35
34.9	34.36
34.1	34.37
34.10	34.38
34.9	34.39
34.5	34.40
34.1	34.41
34.8	34.42
34.2	34.43
34.5	34.44
34.6	34.45
34.9	34.46
34.9	34.47
34.5	34.48
34.1	34.49
34.7	34.50
34.9	34.51
34.5	34.52
34.1	34.53
34.1	34.54
34.5	34.55
34.5	34.56
34.8	34.57
34.8	34.58
34.4	34.59
34.5	34.60
34.10	34.61
34.9	34.62
34.9	34.63
34.5	34.64
35.6	35.1
35.1	35.2
35.6	35.3
35.1	35.4
35.1	35.5
35.3	35.6
35.1	35.7
35.1	35.8
35.7	35.9
35.6	35.10
35.6	35.11
35.4	35.12
35.6	35.13
35.1	35.14
35.1	35.15
35.1	35.16
35.7	35.17
35.7	35.18
35.1	35.19
35.6	35.20
35.1	35.21
35.6	35.22
35.5	35.23
35.6	35.24
35.1	35.25
35.1	35.26
35.6	35.27
35.6	35.28
35.1	35.29
35.5	35.30
35.5	35.31
35.6	35.32
35.6	35.33
35.6	35.34
35.6	35.35
35.6	35.36
35.1	35.37
35.7	35.38
35.6	35.39
35.1	35.40
35.1	35.41
35.1	35.42
35.6	35.43
35.5	35.44
35.6	35.45
35.1	35.46
35.1	35.47
35.1	35.48
35.2	35.49
35.1	35.50
35.1	35.51
35.7	35.52
35.1	35.53
35.1	35.54
35.1	35.55
35.1	35.56
35.6	35.57
35.8	35.58
35.6	35.59
35.5	35.60
35.5	35.61
35.7	35.62
35.5	35.63
35.4	35.64
36.6	36.1
36.1	36.2
36.9	36.3
36.5	36.4
36.9	36.5
36.1	36.6
36.8	36.7
36.8	36.8
36.8	36.9
36.1	36.10
36.1	36.11
36.7	36.12
36.7	36.13
36.8	36.14
36.1	36.15
36.1	36.16
36.2	36.17
36.1	36.18
36.1	36.19
36.1	36.20
36.8	36.21
36.1	36.22
36.4	36.23
36.8	36.24
36.1	36.25
36.1	36.26
36.8	36.27
36.8	36.28
36.1	36.29
36.8	36.30
36.1	36.31
36.8	36.32
36.8	36.33
36.1	36.34
36.1	36.35
36.8	36.36
36.5	36.37
36.7	36.38
36.8	36.39
36.5	36.40
36.1	36.41
36.8	36.42
36.8	36.43
36.4	36.44
36.1	36.45
36.7	36.46
36.8	36.47
36.8	36.48
36.8	36.49
36.8	36.50
36.8	36.51
36.8	36.52
36.1	36.53
36.3	36.54
36.1	36.55
36.1	36.56
36.7	36.57
36.1	36.58
36.8	36.59
36.7	36.60
36.8	36.61
36.8	36.62
36.8	36.63
36.8	36.64
37.1	37.1
37.9	37.2
37.1	37.3
37.3	37.4
37.9	37.5
37.1	37.6
37.9	37.7
37.1	37.8
37.9	37.9
37.9	37.10
37.5	37.11
37.5	37.12
37.9	37.13
37.1	37.14
37.9	37.15
37.2	37.16
37.1	37.17
37.1	37.18
37.9	37.19
37.9	37.20
37.5	37.21
37.9	37.22
37.5	37.23
37.9	37.24
37.9	37.25
37.1	37.26
37.7	37.27
37.1	37.28
37.9	37.29
37.9	37.30
37.8	37.31
37.9	37.32
37.9	37.33
37.3	37.34
37.9	37.35
37.5	37.36
37.1	37.37
37.1	37.38
37.9	37.39
37.1	37.40
37.9	37.41
37.1	37.42
37.9	37.43
37.9	37.44
37.1	37.45
37.1	37.46
37.1	37.47
37.1	37.48
37.1	37.49
37.9	37.50
37.6	37.51
37.9	37.52
37.1	37.53
37.3	37.54
37.5	37.55
37.9	37.56
37.1	37.57
37.1	37.58
37.1	37.59
37.1	37.60
37.1	37.61
37.9	37.62
37.1	37.63
37.4	37.64
38.7	38.1
38.6	38.2
38.6	38.3
38.1	38.4
38.1	38.5
38.6	38.6
38.7	38.7
38.1	38.8
38.6	38.9
38.6	38.10
38.6	38.11
38.2	38.12
38.4	38.13
38.9	38.14
38.6	38.15
38.1	38.16
38.7	38.17
38.6	38.18
38.1	38.19
38.6	38.20
38.6	38.21
38.8	38.22
38.6	38.23
38.1	38.24
38.7	38.25
38.1	38.26
38.8	38.27
38.7	38.28
38.8	38.29
38.6	38.30
38.7	38.31
38.7	38.32
38.7	38.33
38.8	38.34
38.1	38.35
38.6	38.36
38.4	38.37
38.1	38.38
38.1	38.39
38.6	38.40
38.7	38.41
38.1	38.42
38.6	38.43
38.4	38.44
38.1	38.45
38.3	38.46
38.1	38.47
38.1	38.48
38.1	38.49
38.1	38.50
38.5	38.51
38.1	38.52
38.6	38.53
38.1	38.54
38.9	38.55
38.6	38.56
38.6	38.57
38.6	38.58
38.7	38.59
38.6	38.60
38.7	38.61
38.7	38.62
38.1	38.63
38.1	38.64
39.9	39.1
39.1	39.2
39.1	39.3
39.9	39.4
39.9	39.5
39.9	39.6
39.1	39.7
39.10	39.8
39.9	39.9
39.1	39.10
39.2	39.11
39.1	39.12
39.12	39.13
39.3	39.14
39.1	39.15
39.7	39.16
39.9	39.17
39.9	39.18
39.5	39.19
39.1	39.20
39.9	39.21
39.1	39.22
39.9	39.23
39.4	39.24
39.9	39.25
39.1	39.26
39.9	39.27
39.11	39.28
39.1	39.29
39.1	39.30
39.9	39.31
39.9	39.32
39.8	39.33
39.9	39.34
39.9	39.35
39.8	39.36
39.1	39.37
39.9	39.38
39.9	39.39
39.9	39.40
39.8	39.41
39.9	39.42
39.6	39.43
39.5	39.44
39.9	39.45
39.9	39.46
39.10	39.47
39.9	39.48
39.9	39.49
39.1	39.50
39.1	39.51
39.11	39.52
39.9	39.53
39.1	39.54
39.1	39.55
39.1	39.56
39.1	39.57
39.9	39.58
39.9	39.59
39.1	39.60
39.11	39.61
39.9	39.62
39.9	39.63
39.1	39.64
40.6	40.1
40.6	40.2
40.10	40.3
40.4	40.4
40.4	40.5
40.10	40.6
40.6	40.7
40.4	40.8
40.10	40.9
40.10	40.10
40.10	40.11
40.6	40.12
40.10	40.13
40.10	40.14
40.10	40.15
40.6	40.16
40.10	40.17
40.3	40.18
40.9	40.19
40.1	40.20
40.10	40.21
40.10	40.22
40.10	40.23
40.6	40.24
40.1	40.25
40.4	40.26
40.1	40.27
40.10	40.28
40.10	40.29
40.8	40.30
40.4	40.31
40.6	40.32
40.10	40.33
40.4	40.34
40.6	40.35
40.10	40.36
40.4	40.37
40.10	40.38
40.6	40.39
40.6	40.40
40.10	40.41
40.10	40.42
40.2	40.43
40.4	40.44
40.6	40.45
40.6	40.46
40.10	40.47
40.7	40.48
40.5	40.49
40.4	40.50
40.6	40.51
40.6	40.52
40.6	40.53
40.4	40.54
40.10	40.55
40.6	40.56
40.10	40.57
40.4	40.58
40.10	40.59
40.4	40.60
40.7	40.61
40.7	40.62
40.7	40.63
40.10	40.64
41.1	41.1
41.10	41.2
41.1	41.3
41.10	41.4
41.10	41.5
41.9	41.6
41.10	41.7
41.10	41.8
41.2	41.9
41.1	41.10
41.6	41.11
41.10	41.12
41.1	41.13
41.1	41.14
41.10	41.15
41.10	41.16
41.10	41.17
41.5	41.18
41.9	41.19
41.6	41.20
41.6	41.21
41.10	41.22
41.10	41.23
41.10	41.24
41.5	41.25
41.10	41.26
41.1	41.27
41.10	41.28
41.1	41.29
41.1	41.30
41.6	41.31
41.1	41.32
41.4	41.33
41.6	41.34
41.10	41.35
41.10	41.36
41.1	41.37
41.1	41.38
41.1	41.39
41.8	41.40
41.9	41.41
41.1	41.42
41.10	41.43
41.1	41.44
41.4	41.45
41.1	41.46
41.6	41.47
41.10	41.48
41.3	41.49
41.1	41.50
41.1	41.51
41.1	41.52
41.1	41.53
41.10	41.54
41.9	41.55
41.6	41.56
41.10	41.57
41.10	41.58
41.1	41.59
41.10	41.60
41.9	41.61
41.1	41.62
41.7	41.63
41.6	41.64
42.9	42.1
42.7	42.2
42.7	42.3
42.9	42.4
42.9	42.5
42.1	42.6
42.1	42.7
42.1	42.8
42.1	42.9
42.5	42.10
42.7	42.11
42.9	42.12
42.7	42.13
42.5	42.14
42.7	42.15
42.5	42.16
42.8	42.17
42.1	42.18
42.1	42.19
42.7	42.20
42.9	42.21
42.5	42.22
42.7	42.23
42.9	42.24
42.7	42.25
42.1	42.26
42.9	42.27
42.1	42.28
42.5	42.29
42.9	42.30
42.1	42.31
42.1	42.32
42.7	42.33
42.9	42.34
42.5	42.35
42.9	42.36
42.5	42.37
42.9	42.38
42.7	42.39
42.6	42.40
42.7	42.41
42.9	42.42
42.5	42.43
42.9	42.44
42.1	42.45
42.9	42.46
42.9	42.47
42.3	42.48
42.5	42.49
42.1	42.50
42.3	42.51
42.1	42.52
42.3	42.53
42.3	42.54
42.2	42.55
42.7	42.56
42.4	42.57
42.1	42.58
42.9	42.59
42.7	42.60
42.1	42.61
42.9	42.62
42.7	42.63
42.7	42.64
43.11	43.1
43.1	43.2
43.1	43.3
43.1	43.4
43.1	43.5
43.4	43.6
43.1	43.7
43.2	43.8
43.8	43.9
43.11	43.10
43.9	43.11
43.10	43.12
43.9	43.13
43.7	43.14
43.1	43.15
43.1	43.16
43.11	43.17
43.1	43.18
43.1	43.19
43.6	43.20
43.8	43.21
43.8	43.22
43.1	43.23
43.8	43.24
43.11	43.25
43.8	43.26
43.11	43.27
43.1	43.28
43.1	43.29
43.11	43.30
43.1	43.31
43.8	43.32
43.11	43.33
43.10	43.34
43.9	43.35
43.4	43.36
43.1	43.37
43.11	43.38
43.11	43.39
43.8	43.40
43.1	43.41
43.1	43.42
43.6	43.43
43.4	43.44
43.6	43.45
43.3	43.46
43.11	43.47
43.11	43.48
43.8	43.49
43.5	43.50
43.6	43.51
43.8	43.52
43.11	43.53
43.8	43.54
43.11	43.55
43.1	43.56
43.6	43.57
43.8	43.58
43.8	43.59
43.8	43.60
43.8	43.61
43.8	43.62
43.8	43.63
43.8	43.64
44.7	44.1
44.7	44.2
44.8	44.3
44.8	44.4
44.5	44.5
44.1	44.6
44.1	44.7
44.4	44.8
44.5	44.9
44.7	44.10
44.7	44.11
44.8	44.12
44.7	44.13
44.8	44.14
44.7	44.15
44.7	44.16
44.3	44.17
44.7	44.18
44.7	44.19
44.1	44.20
44.7	44.21
44.7	44.22
44.1	44.23
44.1	44.24
44.1	44.25
44.7	44.26
44.7	44.27
44.7	44.28
44.1	44.29
44.1	44.30
44.8	44.31
44.5	44.32
44.1	44.33
44.7	44.34
44.7	44.35
44.8	44.36
44.7	44.37
44.7	44.38
44.7	44.39
44.5	44.40
44.7	44.41
44.7	44.42
44.7	44.43
44.7	44.44
44.7	44.45
44.2	44.46
44.1	44.47
44.1	44.48
44.5	44.49
44.9	44.50
44.6	44.51
44.7	44.52
44.9	44.53
44.7	44.54
44.9	44.55
44.8	44.56
44.8	44.57
44.6	44.58
44.8	44.59
44.7	44.60
44.5	44.61
44.7	44.62
44.5	44.63
44.8	44.64
45.1	45.1
45.1	45.2
45.11	45.3
45.10	45.4
45.10	45.5
45.10	45.6
45.1	45.7
45.12	45.8
45.3	45.9
45.13	45.10
45.10	45.11
45.11	45.12
45.13	45.13
45.1	45.14
45.10	45.15
45.10	45.16
45.4	45.17
45.10	45.18
45.10	45.19
45.11	45.20
45.1	45.21
45.6	45.22
45.10	45.23
45.10	45.24
45.10	45.25
45.7	45.26
45.1	45.27
45.10	45.28
45.12	45.29
45.10	45.30
45.10	45.31
45.1	45.32
45.3	45.33
45.12	45.34
45.5	45.35
45.10	45.36
45.9	45.37
45.10	45.38
45.8	45.39
45.5	45.40
45.12	45.41
45.10	45.42
45.12	45.43
45.10	45.44
45.1	45.45
45.1	45.46
45.10	45.47
45.8	45.48
45.10	45.49
45.12	45.50
45.10	45.51
45.1	45.52
45.1	45.53
45.10	45.54
45.10	45.55
45.2	45.56
45.12	45.57
45.12	45.58
45.10	45.59
45.12	45.60
45.1	45.61
45.1	45.62
45.8	45.63
45.1	45.64
46.6	46.1
46.6	46.2
46.1	46.3
46.6	46.4
46.6	46.5
46.6	46.6
46.6	46.7
46.6	46.8
46.6	46.9
46.6	46.10
46.4	46.11
46.4	46.12
46.6	46.13
46.6	46.14
46.6	46.15
46.6	46.16
46.4	46.17
46.4	46.18
46.6	46.19
46.4	46.20
46.4	46.21
46.6	46.22
46.6	46.23
46.4	46.24
46.4	46.25
46.5	46.26
46.6	46.27
46.6	46.28
46.6	46.29
46.6	46.30
46.6	46.31
46.6	46.32
46.6	46.33
46.4	46.34
46.6	46.35
46.6	46.36
46.6	46.37
46.4	46.38
46.6	46.39
46.6	46.40
46.4	46.41
46.2	46.42
46.1	46.43
46.6	46.44
46.6	46.45
46.1	46.46
46.6	46.47
46.6	46.48
46.4	46.49
46.6	46.50
46.1	46.51
46.4	46.52
46.6	46.53
46.3	46.54
46.4	46.55
46.6	46.56
46.4	46.57
46.6	46.58
46.1	46.59
46.6	46.60
46.1	46.61
46.6	46.62
46.6	46.63
46.6	46.64
47.1	47.1
47.11	47.2
47.9	47.3
47.11	47.4
47.10	47.5
47.10	47.6
47.9	47.7
47.1	47.8
47.8	47.9
47.9	47.10
47.1	47.11
47.11	47.12
47.1	47.13
47.1	47.14
47.10	47.15
47.10	47.16
47.11	47.17
47.10	47.18
47.1	47.19
47.11	47.20
47.9	47.21
47.1	47.22
47.10	47.23
47.7	47.24
47.1	47.25
47.11	47.26
47.10	47.27
47.1	47.28
47.1	47.29
47.10	47.30
47.1	47.31
47.10	47.32
47.9	47.33
47.11	47.34
47.10	47.35
47.6	47.36
47.9	47.37
47.1	47.38
47.10	47.39
47.1	47.40
47.1	47.41
47.10	47.42
47.5	47.43
47.10	47.44
47.1	47.45
47.10	47.46
47.10	47.47
47.1	47.48
47.9	47.49
47.1	47.50
47.1	47.51
47.2	47.52
47.10	47.53
47.11	47.54
47.4	47.55
47.10	47.56
47.10	47.57
47.8	47.58
47.10	47.59
47.3	47.60
47.8	47.61
47.1	47.62
47.9	47.63
47.1	47.64
48.1	48.1
48.6	48.2
48.1	48.3
48.6	48.4
48.6	48.5
48.4	48.6
48.6	48.7
48.6	48.8
48.4	48.9
48.4	48.10
48.5	48.11
48.1	48.12
48.1	48.13
48.4	48.14
48.6	48.15
48.6	48.16
48.4	48.17
48.5	48.18
48.6	48.19
48.4	48.20
48.6	48.21
48.4	48.22
48.4	48.23
48.4	48.24
48.4	48.25
48.4	48.26
48.4	48.27
48.6	48.28
48.6	48.29
48.2	48.30
48.1	48.31
48.6	48.32
48.4	48.33
48.1	48.34
48.6	48.35
48.6	48.36
48.4	48.37
48.4	48.38
48.6	48.39
48.4	48.40
48.4	48.41
48.1	48.42
48.6	48.43
48.6	48.44
48.1	48.45
48.4	48.46
48.4	48.47
48.4	48.48
48.4	48.49
48.3	48.50
48.6	48.51
48.4	48.52
48.6	48.53
48.1	48.54
48.1	48.55
48.1	48.56
48.6	48.57
48.1	48.58
48.1	48.59
48.6	48.60
48.1	48.61
48.1	48.62
48.6	48.63
48.4	48.64
49.6	49.1
49.6	49.2
49.4	49.3
49.4	49.4
49.10	49.5
49.4	49.6
49.6	49.7
49.4	49.8
49.4	49.9
49.9	49.10
49.2	49.11
49.8	49.12
49.4	49.13
49.10	49.14
49.4	49.15
49.5	49.16
49.6	49.17
49.1	49.18
49.9	49.19
49.4	49.20
49.6	49.21
49.5	49.22
49.8	49.23
49.4	49.24
49.8	49.25
49.4	49.26
49.8	49.27
49.8	49.28
49.6	49.29
49.6	49.30
49.8	49.31
49.6	49.32
49.5	49.33
49.8	49.34
49.8	49.35
49.6	49.36
49.6	49.37
49.6	49.38
49.8	49.39
49.9	49.40
49.1	49.41
49.9	49.42
49.6	49.43
49.4	49.44
49.6	49.45
49.5	49.46
49.8	49.47
49.8	49.48
49.6	49.49
49.8	49.50
49.3	49.51
49.4	49.52
49.6	49.53
49.1	49.54
49.8	49.55
49.4	49.56
49.10	49.57
49.9	49.58
49.8	49.59
49.8	49.60
49.4	49.61
49.5	49.62
49.10	49.63
49.7	49.64
50.6	50.1
50.6	50.2
50.1	50.3
50.6	50.4
50.1	50.5
50.6	50.6
50.6	50.7
50.6	50.8
50.6	50.9
50.6	50.10
50.1	50.11
50.1	50.12
50.6	50.13
50.6	50.14
50.6	50.15
50.1	50.16
50.1	50.17
50.1	50.18
50.6	50.19
50.1	50.20
50.6	50.21
50.1	50.22
50.1	50.23
50.6	50.24
50.6	50.25
50.1	50.26
50.1	50.27
50.6	50.28
50.6	50.29
50.4	50.30
50.1	50.31
50.6	50.32
50.1	50.33
50.1	50.34
50.6	50.35
50.6	50.36
50.6	50.37
50.6	50.38
50.5	50.39
50.6	50.40
50.6	50.41
50.3	50.42
50.3	50.43
50.1	50.44
50.6	50.45
50.6	50.46
50.6	50.47
50.3	50.48
50.1	50.49
50.6	50.50
50.3	50.51
50.6	50.52
50.1	50.53
50.6	50.54
50.6	50.55
50.6	50.56
50.1	50.57
50.2	50.58
50.6	50.59
50.6	50.60
50.3	50.61
50.6	50.62
50.6	50.63
50.6	50.64
51.5	51.1
51.1	51.2
51.1	51.3
51.6	51.4
51.5	51.5
51.1	51.6
51.1	51.7
51.5	51.8
51.4	51.9
51.1	51.10
51.4	51.11
51.6	51.12
51.1	51.13
51.5	51.14
51.5	51.15
51.1	51.16
51.1	51.17
51.1	51.18
51.1	51.19
51.4	51.20
51.3	51.21
51.1	51.22
51.6	51.23
51.1	51.24
51.6	51.25
51.1	51.26
51.1	51.27
51.3	51.28
51.5	51.29
51.6	51.30
51.1	51.31
51.1	51.32
51.4	51.33
51.2	51.34
51.1	51.35
51.1	51.36
51.5	51.37
51.1	51.38
51.1	51.39
51.1	51.40
51.1	51.41
51.1	51.42
51.4	51.43
51.1	51.44
51.6	51.45
51.1	51.46
51.5	51.47
51.1	51.48
51.1	51.49
51.1	51.50
51.5	51.51
51.4	51.52
51.4	51.53
51.1	51.54
51.1	51.55
51.1	51.56
51.1	51.57
51.6	51.58
51.1	51.59
51.4	51.60
51.1	51.61
51.1	51.62
51.5	51.63
51.4	51.64
52.1	52.1
52.1	52.2
52.6	52.3
52.1	52.4
52.1	52.5
52.1	52.6
52.5	52.7
52.1	52.8
52.1	52.9
52.7	52.10
52.5	52.11
52.1	52.12
52.6	52.13
52.1	52.14
52.6	52.15
52.6	52.16
52.1	52.17
52.6	52.18
52.6	52.19
52.1	52.20
52.5	52.21
52.1	52.22
52.7	52.23
52.6	52.24
52.1	52.25
52.1	52.26
52.1	52.27
52.6	52.28
52.1	52.29
52.6	52.30
52.1	52.31
52.5	52.32
52.5	52.33
52.1	52.34
52.6	52.35
52.6	52.36
52.6	52.37
52.5	52.38
52.6	52.39
52.6	52.40
52.1	52.41
52.5	52.42
52.1	52.43
52.6	52.44
52.6	52.45
52.6	52.46
52.3	52.47
52.6	52.48
52.6	52.49
52.1	52.50
52.5	52.51
52.1	52.52
52.2	52.53
52.4	52.54
52.1	52.55
52.6	52.56
52.4	52.57
52.7	52.58
52.1	52.59
52.5	52.60
52.5	52.61
52.5	52.62
52.1	52.63
52.6	52.64
53.7	53.1
53.1	53.2
53.1	53.3
53.1	53.4
53.7	53.5
53.1	53.6
53.6	53.7
53.8	53.8
53.1	53.9
53.6	53.10
53.1	53.11
53.4	53.12
53.4	53.13
53.4	53.14
53.8	53.15
53.1	53.16
53.7	53.17
53.8	53.18
53.4	53.19
53.7	53.20
53.1	53.21
53.1	53.22
53.1	53.23
53.5	53.24
53.6	53.25
53.7	53.26
53.7	53.27
53.8	53.28
53.6	53.29
53.6	53.30
53.3	53.31
53.1	53.32
53.8	53.33
53.1	53.34
53.6	53.35
53.6	53.36
53.1	53.37
53.6	53.38
53.3	53.39
53.7	53.40
53.4	53.41
53.1	53.42
53.3	53.43
53.1	53.44
53.8	53.45
53.7	53.46
53.1	53.47
53.4	53.48
53.1	53.49
53.6	53.50
53.7	53.51
53.2	53.52
53.6	53.53
53.6	53.54
53.7	53.55
53.1	53.56
53.4	53.57
53.7	53.58
53.7	53.59
53.1	53.60
53.7	53.61
53.1	53.62
53.6	53.63
53.4	53.64
54.5	54.1
54.5	54.2
54.5	54.3
54.5	54.4
54.5	54.5
54.5	54.6
54.5	54.7
54.5	54.8
54.5	54.9
54.5	54.10
54.5	54.11
54.5	54.12
54.7	54.13
54.4	54.14
54.5	54.15
54.5	54.16
54.5	54.17
54.5	54.18
54.5	54.19
54.5	54.20
54.5	54.21
54.1	54.22
54.5	54.23
54.2	54.24
54.6	54.25
54.6	54.26
54.1	54.27
54.1	54.28
54.5	54.29
54.5	54.30
54.5	54.31
54.1	54.32
54.1	54.33
54.1	54.34
54.5	54.35
54.1	54.36
54.1	54.37
54.5	54.38
54.5	54.39
54.5	54.40
54.1	54.41
54.5	54.42
54.7	54.43
54.3	54.44
54.4	54.45
54.1	54.46
54.1	54.47
54.1	54.48
54.5	54.49
54.5	54.50
54.5	54.51
54.1	54.52
54.5	54.53
54.1	54.54
54.1	54.55
54.5	54.56
54.1	54.57
54.5	54.58
54.6	54.59
54.5	54.60
54.5	54.61
54.5	54.62
54.5	54.63
54.5	54.64
55.1	55.1
55.1	55.2
55.6	55.3
55.4	55.4
55.1	55.5
55.6	55.6
55.1	55.7
55.1	55.8
55.3	55.9
55.1	55.10
55.4	55.11
55.6	55.12
55.1	55.13
55.5	55.14
55.1	55.15
55.1	55.16
55.6	55.17
55.1	55.18
55.4	55.19
55.3	55.20
55.1	55.21
55.4	55.22
55.2	55.23
55.1	55.24
55.1	55.25
55.4	55.26
55.1	55.27
55.4	55.28
55.1	55.29
55.6	55.30
55.6	55.31
55.4	55.32
55.1	55.33
55.1	55.34
55.1	55.35
55.4	55.36
55.4	55.37
55.3	55.38
55.1	55.39
55.4	55.40
55.4	55.41
55.1	55.42
55.1	55.43
55.1	55.44
55.1	55.45
55.1	55.46
55.4	55.47
55.4	55.48
55.6	55.49
55.5	55.50
55.4	55.51
55.1	55.52
55.4	55.53
55.1	55.54
55.1	55.55
55.1	55.56
55.5	55.57
55.4	55.58
55.1	55.59
55.4	55.60
55.4	55.61
55.4	55.62
55.1	55.63
55.1	55.64
56.6	56.1
56.6	56.2
56.6	56.3
56.7	56.4
56.3	56.5
56.2	56.6
56.4	56.7
56.7	56.8
56.7	56.9
56.6	56.10
56.7	56.11
56.6	56.12
56.7	56.13
56.7	56.14
56.4	56.15
56.7	56.16
56.6	56.17
56.7	56.18
56.1	56.19
56.7	56.20
56.7	56.21
56.3	56.22
56.7	56.23
56.7	56.24
56.7	56.25
56.7	56.26
56.6	56.27
56.7	56.28
56.6	56.29
56.6	56.30
56.3	56.31
56.1	56.32
56.6	56.33
56.6	56.34
56.6	56.35
56.7	56.36
56.4	56.37
56.4	56.38
56.6	56.39
56.7	56.40
56.1	56.41
56.7	56.42
56.6	56.43
56.6	56.44
56.7	56.45
56.7	56.46
56.6	56.47
56.7	56.48
56.1	56.49
56.6	56.50
56.6	56.51
56.7	56.52
56.3	56.53
56.4	56.54
56.3	56.55
56.7	56.56
56.6	56.57
56.8	56.58
56.5	56.59
56.1	56.60
56.7	56.61
56.6	56.62
56.6	56.63
56.7	56.64
57.1	57.1
57.1	57.2
57.1	57.3
57.8	57.4
57.8	57.5
57.1	57.6
57.1	57.7
57.1	57.8
57.1	57.9
57.1	57.10
57.1	57.11
57.1	57.12
57.1	57.13
57.1	57.14
57.8	57.15
57.1	57.16
57.8	57.17
57.1	57.18
57.1	57.19
57.8	57.20
57.1	57.21
57.4	57.22
57.1	57.23
57.1	57.24
57.1	57.25
57.8	57.26
57.1	57.27
57.8	57.28
57.2	57.29
57.1	57.30
57.8	57.31
57.1	57.32
57.1	57.33
57.1	57.34
57.8	57.35
57.8	57.36
57.3	57.37
57.1	57.38
57.1	57.39
57.8	57.40
57.8	57.41
57.6	57.42
57.1	57.43
57.1	57.44
57.1	57.45
57.1	57.46
57.6	57.47
57.1	57.48
57.6	57.49
57.1	57.50
57.1	57.51
57.6	57.52
57.8	57.53
57.8	57.54
57.1	57.55
57.1	57.56
57.5	57.57
57.6	57.58
57.8	57.59
57.8	57.60
57.7	57.61
57.1	57.62
57.1	57.63
57.6	57.64
58.8	58.1
58.8	58.2
58.1	58.3
58.8	58.4
58.6	58.5
58.8	58.6
58.6	58.7
58.6	58.8
58.8	58.9
58.6	58.10
58.8	58.11
58.6	58.12
58.6	58.13
58.5	58.14
58.8	58.15
58.9	58.16
58.6	58.17
58.6	58.18
58.3	58.19
58.5	58.20
58.6	58.21
58.7	58.22
58.6	58.23
58.8	58.24
58.1	58.25
58.1	58.26
58.6	58.27
58.6	58.28
58.6	58.29
58.8	58.30
58.1	58.31
58.6	58.32
58.6	58.33
58.8	58.34
58.8	58.35
58.1	58.36
58.8	58.37
58.1	58.38
58.1	58.39
58.6	58.40
58.8	58.41
58.6	58.42
58.3	58.43
58.5	58.44
58.6	58.45
58.7	58.46
58.6	58.47
58.8	58.48
58.9	58.49
58.8	58.50
58.5	58.51
58.9	58.52
58.6	58.53
58.4	58.54
58.8	58.55
58.8	58.56
58.6	58.57
58.6	58.58
58.1	58.59
58.9	58.60
58.1	58.61
58.6	58.62
58.6	58.63
58.2	58.64
59.4	59.1
59.4	59.2
59.1	59.3
59.4	59.4
59.7	59.5
59.4	59.6
59.5	59.7
59.4	59.8
59.4	59.9
59.5	59.10
59.4	59.11
59.4	59.12
59.7	59.13
59.4	59.14
59.4	59.15
59.7	59.16
59.1	59.17
59.4	59.18
59.4	59.19
59.1	59.20
59.4	59.21
59.4	59.22
59.4	59.23
59.3	59.24
59.4	59.25
59.4	59.26
59.4	59.27
59.5	59.28
59.7	59.29
59.4	59.30
59.7	59.31
59.3	59.32
59.7	59.33
59.1	59.34
59.7	59.35
59.7	59.36
59.3	59.37
59.6	59.38
59.4	59.39
59.7	59.40
59.5	59.41
59.7	59.42
59.7	59.43
59.7	59.44
59.4	59.45
59.4	59.46
59.7	59.47
59.4	59.48
59.7	59.49
59.7	59.50
59.4	59.51
59.4	59.52
59.5	59.53
59.4	59.54
59.4	59.55
59.4	59.56
59.5	59.57
59.6	59.58
59.4	59.59
59.1	59.60
59.1	59.61
59.4	59.62
59.2	59.63
59.4	59.64
60.8	60.1
60.8	60.2
60.8	60.3
60.8	60.4
60.9	60.5
60.8	60.6
60.1	60.7
60.9	60.8
60.9	60.9
60.9	60.10
60.8	60.11
60.8	60.12
60.9	60.13
60.9	60.14
60.8	60.15
60.9	60.16
60.3	60.17
60.8	60.18
60.7	60.19
60.9	60.20
60.8	60.21
60.8	60.22
60.8	60.23
60.9	60.24
60.9	60.25
60.9	60.26
60.9	60.27
60.1	60.28
60.9	60.29
60.6	60.30
60.9	60.31
60.1	60.32
60.10	60.33
60.9	60.34
60.8	60.35
60.2	60.36
60.5	60.37
60.8	60.38
60.10	60.39
60.6	60.40
60.8	60.41
60.10	60.42
60.9	60.43
60.9	60.44
60.6	60.45
60.8	60.46
60.9	60.47
60.8	60.48
60.10	60.49
60.9	60.50
60.8	60.51
60.8	60.52
60.7	60.53
60.8	60.54
60.8	60.55
60.9	60.56
60.9	60.57
60.4	60.58
60.7	60.59
60.8	60.60
60.7	60.61
60.7	60.62
60.7	60.63
60.1	60.64
61.1	61.1
61.3	61.2
61.3	61.3
61.1	61.4
61.3	61.5
61.3	61.6
61.1	61.7
61.1	61.8
61.3	61.9
61.3	61.10
61.1	61.11
61.3	61.12
61.1	61.13
61.3	61.14
61.1	61.15
61.3	61.16
61.3	61.17
61.1	61.18
61.1	61.19
61.1	61.20
61.3	61.21
61.3	61.22
61.1	61.23
61.4	61.24
61.1	61.25
61.3	61.26
61.1	61.27
61.3	61.28
61.4	61.29
61.3	61.30
61.1	61.31
61.1	61.32
61.1	61.33
61.1	61.34
61.3	61.35
61.1	61.36
61.1	61.37
61.3	61.38
61.1	61.39
61.1	61.40
61.1	61.41
61.1	61.42
61.2	61.43
61.4	61.44
61.1	61.45
61.1	61.46
61.1	61.47
61.4	61.48
61.1	61.49
61.3	61.50
61.3	61.51
61.1	61.52
61.3	61.53
61.1	61.54
61.1	61.55
61.1	61.56
61.1	61.57
61.1	61.58
61.1	61.59
61.1	61.60
61.1	61.61
61.1	61.62
61.1	61.63
61.3	61.64
62.3	62.1
62.3	62.2
62.3	62.3
62.3	62.4
62.1	62.5
62.3	62.6
62.5	62.7
62.1	62.8
62.1	62.9
62.3	62.10
62.3	62.11
62.3	62.12
62.5	62.13
62.1	62.14
62.1	62.15
62.1	62.16
62.3	62.17
62.3	62.18
62.1	62.19
62.3	62.20
62.1	62.21
62.3	62.22
62.2	62.23
62.6	62.24
62.1	62.25
62.1	62.26
62.3	62.27
62.1	62.28
62.1	62.29
62.1	62.30
62.4	62.31
62.1	62.32
62.1	62.33
62.1	62.34
62.1	62.35
62.6	62.36
62.3	62.37
62.6	62.38
62.3	62.39
62.1	62.40
62.3	62.41
62.1	62.42
62.1	62.43
62.5	62.44
62.1	62.45
62.3	62.46
62.3	62.47
62.6	62.48
62.6	62.49
62.3	62.50
62.1	62.51
62.1	62.52
62.4	62.53
62.1	62.54
62.3	62.55
62.6	62.56
62.3	62.57
62.1	62.58
62.1	62.59
62.3	62.60
62.1	62.61
62.1	62.62
62.3	62.63
62.1	62.64
63.1	63.1
63.1	63.2
63.8	63.3
63.8	63.4
63.8	63.5
63.8	63.6
63.8	63.7
63.1	63.8
63.1	63.9
63.8	63.10
63.8	63.11
63.1	63.12
63.8	63.13
63.1	63.14
63.8	63.15
63.8	63.16
63.8	63.17
63.1	63.18
63.1	63.19
63.6	63.20
63.1	63.21
63.1	63.22
63.1	63.23
63.6	63.24
63.8	63.25
63.6	63.26
63.8	63.27
63.8	63.28
63.8	63.29
63.8	63.30
63.8	63.31
63.1	63.32
63.8	63.33
63.1	63.34
63.1	63.35
63.8	63.36
63.7	63.37
63.8	63.38
63.8	63.39
63.8	63.40
63.8	63.41
63.8	63.42
63.2	63.43
63.5	63.44
63.7	63.45
63.6	63.46
63.1	63.47
63.6	63.48
63.6	63.49
63.8	63.50
63.3	63.51
63.4	63.52
63.1	63.53
63.8	63.54
63.8	63.55
63.1	63.56
63.1	63.57
63.1	63.58
63.8	63.59
63.1	63.60
63.8	63.61
63.8	63.62
63.8	63.63
63.1	63.64
64.6	64.1
64.8	64.2
64.1	64.3
64.5	64.4
64.5	64.5
64.7	64.6
64.1	64.7
64.1	64.8
64.10	64.9
64.9	64.10
64.7	64.11
64.10	64.12
64.9	64.13
64.9	64.14
64.1	64.15
64.1	64.16
64.1	64.17
64.1	64.18
64.1	64.19
64.1	64.20
64.1	64.21
64.1	64.22
64.1	64.23
64.9	64.24
64.9	64.25
64.8	64.26
64.9	64.27
64.9	64.28
64.4	64.29
64.1	64.30
64.10	64.31
64.9	64.32
64.1	64.33
64.9	64.34
64.5	64.35
64.9	64.36
64.10	64.37
64.1	64.38
64.3	64.39
64.1	64.40
64.9	64.41
64.1	64.42
64.9	64.43
64.1	64.44
64.9	64.45
64.1	64.46
64.2	64.47
64.10	64.48
64.1	64.49
64.8	64.50
64.5	64.51
64.1	64.52
64.9	64.53
64.9	64.54
64.1	64.55
64.5	64.56
64.1	64.57
64.1	64.58
64.1	64.59
64.1	64.60
64.5	64.61
64.9	64.62
64.1	64.63
64.7	64.64
65.1	65.1
65.6	65.2
65.4	65.3
65.6	65.4
65.1	65.5
65.1	65.6
65.1	65.7
65.6	65.8
65.1	65.9
65.6	65.10
65.6	65.11
65.1	65.12
65.6	65.13
65.6	65.14
65.5	65.15
65.6	65.16
65.6	65.17
65.6	65.18
65.1	65.19
65.1	65.20
65.6	65.21
65.6	65.22
65.1	65.23
65.1	65.24
65.6	65.25
65.1	65.26
65.6	65.27
65.5	65.28
65.2	65.29
65.1	65.30
65.6	65.31
65.1	65.32
65.5	65.33
65.6	65.34
65.6	65.35
65.6	65.36
65.5	65.37
65.6	65.38
65.6	65.39
65.6	65.40
65.6	65.41
65.1	65.42
65.1	65.43
65.1	65.44
65.1	65.45
65.1	65.46
65.1	65.47
65.6	65.48
65.6	65.49
65.1	65.50
65.5	65.51
65.6	65.52
65.1	65.53
65.6	65.54
65.6	65.55
65.3	65.56
65.1	65.57
65.1	65.58
65.1	65.59
65.1	65.60
65.1	65.61
65.6	65.62
65.1	65.63
65.1	65.64
66.5	66.1
66.7	66.2
66.5	66.3
66.5	66.4
66.5	66.5
66.7	66.6
66.5	66.7
66.5	66.8
66.7	66.9
66.5	66.10
66.7	66.11
66.5	66.12
66.3	66.13
66.7	66.14
66.7	66.15
66.5	66.16
66.5	66.17
66.5	66.18
66.8	66.19
66.5	66.20
66.5	66.21
66.7	66.22
66.1	66.23
66.8	66.24
66.5	66.25
66.5	66.26
66.5	66.27
66.5	66.28
66.7	66.29
66.7	66.30
66.1	66.31
66.7	66.32
66.1	66.33
66.1	66.34
66.1	66.35
66.4	66.36
66.1	66.37
66.8	66.38
66.7	66.39
66.5	66.40
66.7	66.41
66.5	66.42
66.7	66.43
66.1	66.44
66.8	66.45
66.7	66.46
66.1	66.47
66.5	66.48
66.8	66.49
66.1	66.50
66.8	66.51
66.1	66.52
66.8	66.53
66.6	66.54
66.7	66.55
66.8	66.56
66.7	66.57
66.8	66.58
66.1	66.59
66.6	66.60
66.1	66.61
66.5	66.62
66.2	66.63
66.1	66.64
67.1	67.1
67.4	67.2
67.4	67.3
67.4	67.4
67.1	67.5
67.4	67.6
67.4	67.7
67.4	67.8
67.1	67.9
67.4	67.10
67.1	67.11
67.4	67.12
67.4	67.13
67.5	67.14
67.4	67.15
67.1	67.16
67.1	67.17
67.4	67.18
67.4	67.19
67.1	67.20
67.4	67.21
67.1	67.22
67.5	67.23
67.5	67.24
67.1	67.25
67.4	67.26
67.4	67.27
67.4	67.28
67.4	67.29
67.4	67.30
67.2	67.31
67.4	67.32
67.1	67.33
67.4	67.34
67.4	67.35
67.1	67.36
67.4	67.37
67.4	67.38
67.4	67.39
67.1	67.40
67.4	67.41
67.4	67.42
67.1	67.43
67.1	67.44
67.3	67.45
67.4	67.46
67.4	67.47
67.4	67.48
67.1	67.49
67.1	67.50
67.4	67.51
67.1	67.52
67.1	67.53
67.4	67.54
67.4	67.55
67.4	67.56
67.4	67.57
67.4	67.58
67.1	67.59
67.1	67.60
67.1	67.61
67.1	67.62
67.1	67.63
67.1	67.64
68.1	68.1
68.1	68.2
68.5	68.3
68.1	68.4
68.1	68.5
68.6	68.6
68.1	68.7
68.5	68.8
68.3	68.9
68.5	68.10
68.1	68.11
68.3	68.12
68.5	68.13
68.1	68.14
68.1	68.15
68.6	68.16
68.5	68.17
68.5	68.18
68.1	68.19
68.6	68.20
68.5	68.21
68.6	68.22
68.1	68.23
68.6	68.24
68.1	68.25
68.1	68.26
68.5	68.27
68.3	68.28
68.3	68.29
68.1	68.30
68.1	68.31
68.1	68.32
68.3	68.33
68.1	68.34
68.1	68.35
68.3	68.36
68.4	68.37
68.1	68.38
68.1	68.39
68.1	68.40
68.1	68.41
68.5	68.42
68.5	68.43
68.5	68.44
68.5	68.45
68.3	68.46
68.6	68.47
68.5	68.48
68.5	68.49
68.5	68.50
68.2	68.51
68.1	68.52
68.1	68.53
68.5	68.54
68.1	68.55
68.5	68.56
68.5	68.57
68.5	68.58
68.5	68.59
68.1	68.60
68.1	68.61
68.5	68.62
68.1	68.63
68.5	68.64
69.11	69.1
69.6	69.2
69.11	69.3
69.1	69.4
69.1	69.5
69.9	69.6
69.5	69.7
69.9	69.8
69.1	69.9
69.1	69.10
69.10	69.11
69.10	69.12
69.6	69.13
69.10	69.14
69.2	69.15
69.7	69.16
69.11	69.17
69.11	69.18
69.5	69.19
69.11	69.20
69.3	69.21
69.7	69.22
69.5	69.23
69.6	69.24
69.3	69.25
69.5	69.26
69.6	69.27
69.7	69.28
69.11	69.29
69.9	69.30
69.1	69.31
69.7	69.32
69.1	69.33
69.6	69.34
69.1	69.35
69.6	69.36
69.6	69.37
69.7	69.38
69.1	69.39
69.10	69.40
69.1	69.41
69.10	69.42
69.8	69.43
69.5	69.44
69.9	69.45
69.10	69.46
69.1	69.47
69.1	69.48
69.1	69.49
69.6	69.50
69.1	69.51
69.6	69.52
69.11	69.53
69.10	69.54
69.7	69.55
69.5	69.56
69.6	69.57
69.1	69.58
69.11	69.59
69.4	69.60
69.11	69.61
69.11	69.62
69.7	69.63
69.7	69.64
70.7	70.1
70.8	70.2
70.7	70.3
70.7	70.4
70.8	70.5
70.5	70.6
70.1	70.7
70.7	70.8
70.7	70.9
70.8	70.10
70.8	70.11
70.7	70.12
70.8	70.13
70.8	70.14
70.7	70.15
70.8	70.16
70.1	70.17
70.7	70.18
70.7	70.19
70.8	70.20
70.8	70.21
70.7	70.22
70.8	70.23
70.7	70.24
70.4	70.25
70.4	70.26
70.7	70.27
70.7	70.28
70.7	70.29
70.8	70.30
70.7	70.31
70.6	70.32
70.2	70.33
70.3	70.34
70.8	70.35
70.8	70.36
70.7	70.37
70.7	70.38
70.8	70.39
70.7	70.40
70.8	70.41
70.7	70.42
70.8	70.43
70.8	70.44
70.4	70.45
70.8	70.46
70.7	70.47
70.7	70.48
70.7	70.49
70.7	70.50
70.7	70.51
70.7	70.52
70.4	70.53
70.1	70.54
70.7	70.55
70.4	70.56
70.8	70.57
70.7	70.58
70.8	70.59
70.7	70.60
70.8	70.61
70.7	70.62
70.8	70.63
70.7	70.64
71.6	71.1
71.5	71.2
71.1	71.3
71.1	71.4
71.5	71.5
71.5	71.6
71.1	71.7
71.5	71.8
71.1	71.9
71.5	71.10
71.1	71.11
71.5	71.12
71.5	71.13
71.1	71.14
71.5	71.15
71.5	71.16
71.1	71.17
71.1	71.18
71.5	71.19
71.5	71.20
71.5	71.21
71.6	71.22
71.1	71.23
71.5	71.24
71.6	71.25
71.4	71.26
71.4	71.27
71.5	71.28
71.5	71.29
71.5	71.30
71.1	71.31
71.5	71.32
71.6	71.33
71.4	71.34
71.5	71.35
71.2	71.36
71.1	71.37
71.1	71.38
71.1	71.39
71.4	71.40
71.4	71.41
71.4	71.42
71.1	71.43
71.3	71.44
71.1	71.45
71.5	71.46
71.5	71.47
71.1	71.48
71.4	71.49
71.4	71.50
71.1	71.51
71.4	71.52
71.4	71.53
71.1	71.54
71.1	71.55
71.5	71.56
71.4	71.57
71.6	71.58
71.4	71.59
71.3	71.60
71.1	71.61
71.1	71.62
71.5	71.63
71.1	71.64
72.1	72.1
72.5	72.2
72.1	72.3
72.12	72.4
72.13	72.5
72.7	72.6
72.1	72.7
72.1	72.8
72.14	72.9
72.1	72.10
72.14	72.11
72.2	72.12
72.14	72.13
72.11	72.14
72.14	72.15
72.14	72.16
72.12	72.17
72.8	72.18
72.1	72.19
72.4	72.20
72.14	72.21
72.13	72.22
72.13	72.23
72.14	72.24
72.13	72.25
72.14	72.26
72.7	72.27
72.11	72.28
72.9	72.29
72.3	72.30
72.1	72.31
72.14	72.32
72.9	72.33
72.14	72.34
72.13	72.35
72.1	72.36
72.12	72.37
72.12	72.38
72.4	72.39
72.13	72.40
72.11	72.41
72.14	72.42
72.13	72.43
72.9	72.44
72.9	72.45
72.13	72.46
72.14	72.47
72.10	72.48
72.4	72.49
72.6	72.50
72.1	72.51
72.12	72.52
72.1	72.53
72.14	72.54
72.13	72.55
72.5	72.56
72.12	72.57
72.13	72.58
72.12	72.59
72.5	72.60
72.1	72.61
72.13	72.62
72.6	72.63
72.9	72.64
73.5	73.1
73.1	73.2
73.5	73.3
73.1	73.4
73.2	73.5
73.5	73.6
73.1	73.7
73.5	73.8
73.5	73.9
73.1	73.10
73.1	73.11
73.1	73.12
73.3	73.13
73.1	73.14
73.1	73.15
73.5	73.16
73.1	73.17
73.5	73.18
73.1	73.19
73.5	73.20
73.5	73.21
73.1	73.22
73.1	73.23
73.3	73.24
73.5	73.25
73.1	73.26
73.5	73.27
73.4	73.28
73.3	73.29
73.1	73.30
73.3	73.31
73.5	73.32
73.5	73.33
73.1	73.34
73.5	73.35
73.5	73.36
73.3	73.37
73.5	73.38
73.3	73.39
73.1	73.40
73.1	73.41
73.1	73.42
73.1	73.43
73.3	73.44
73.1	73.45
73.3	73.46
73.1	73.47
73.3	73.48
73.5	73.49
73.1	73.50
73.1	73.51
73.5	73.52
73.5	73.53
73.3	73.54
73.3	73.55
73.3	73.56
73.5	73.57
73.5	73.58
73.3	73.59
73.5	73.60
73.5	73.61
73.5	73.62
73.4	73.63
73.1	73.64
74.3	74.1
74.8	74.2
74.3	74.3
74.6	74.4
74.3	74.5
74.8	74.6
74.6	74.7
74.5	74.8
74.3	74.9
74.8	74.10
74.3	74.11
74.3	74.12
74.3	74.13
74.3	74.14
74.3	74.15
74.8	74.16
74.3	74.17
74.3	74.18
74.8	74.19
74.3	74.20
74.8	74.21
74.6	74.22
74.8	74.23
74.3	74.24
74.8	74.25
74.6	74.26
74.6	74.27
74.8	74.28
74.3	74.29
74.3	74.30
74.3	74.31
74.8	74.32
74.3	74.33
74.8	74.34
74.8	74.35
74.3	74.36
74.6	74.37
74.8	74.38
74.8	74.39
74.8	74.40
74.5	74.41
74.8	74.42
74.3	74.43
74.3	74.44
74.3	74.45
74.6	74.46
74.8	74.47
74.8	74.48
74.5	74.49
74.1	74.50
74.4	74.51
74.6	74.52
74.3	74.53
74.8	74.54
74.6	74.55
74.6	74.56
74.8	74.57
74.3	74.58
74.8	74.59
74.2	74.60
74.8	74.61
74.6	74.62
74.8	74.63
74.7	74.64
75.1	75.1
75.11	75.2
75.11	75.3
75.8	75.4
75.8	75.5
75.1	75.6
75.10	75.7
75.8	75.8
75.8	75.9
75.8	75.10
75.8	75.11
75.1	75.12
75.8	75.13
75.8	75.14
75.8	75.15
75.10	75.16
75.7	75.17
75.8	75.18
75.11	75.19
75.2	75.20
75.1	75.21
75.8	75.22
75.8	75.23
75.4	75.24
75.6	75.25
75.1	75.26
75.1	75.27
75.8	75.28
75.6	75.29
75.10	75.30
75.8	75.31
75.1	75.32
75.8	75.33
75.11	75.34
75.8	75.35
75.1	75.36
75.8	75.37
75.11	75.38
75.9	75.39
75.8	75.40
75.11	75.41
75.8	75.42
75.8	75.43
75.10	75.44
75.5	75.45
75.5	75.46
75.9	75.47
75.11	75.48
75.11	75.49
75.1	75.50
75.10	75.51
75.7	75.52
75.8	75.53
75.8	75.54
75.11	75.55
75.10	75.56
75.3	75.57
75.8	75.58
75.1	75.59
75.1	75.60
75.7	75.61
75.10	75.62
75.7	75.63
75.11	75.64
76.6	76.1
76.6	76.2
76.1	76.3
76.6	76.4
76.6	76.5
76.6	76.6
76.6	76.7
76.6	76.8
76.6	76.9
76.5	76.10
76.6	76.11
76.6	76.12
76.1	76.13
76.6	76.14
76.6	76.15
76.1	76.16
76.1	76.17
76.6	76.18
76.6	76.19
76.6	76.20
76.4	76.21
76.6	76.22
76.1	76.23
76.1	76.24
76.6	76.25
76.6	76.26
76.6	76.27
76.6	76.28
76.6	76.29
76.6	76.30
76.1	76.31
76.1	76.32
76.6	76.33
76.6	76.34
76.6	76.35
76.5	76.36
76.6	76.37
76.6	76.38
76.7	76.39
76.1	76.40
76.1	76.41
76.7	76.42
76.1	76.43
76.5	76.44
76.7	76.45
76.1	76.46
76.6	76.47
76.1	76.48
76.1	76.49
76.5	76.50
76.6	76.51
76.1	76.52
76.6	76.53
76.5	76.54
76.2	76.55
76.6	76.56
76.6	76.57
76.6	76.58
76.6	76.59
76.6	76.60
76.6	76.61
76.3	76.62
76.1	76.63
76.6	76.64
77.6	77.1
77.1	77.2
77.6	77.3
77.1	77.4
77.6	77.5
77.6	77.6
77.6	77.7
77.6	77.8
77.6	77.9
77.1	77.10
77.6	77.11
77.1	77.12
77.6	77.13
77.6	77.14
77.6	77.15
77.6	77.16
77.2	77.17
77.6	77.18
77.6	77.19
77.6	77.20
77.1	77.21
77.6	77.22
77.1	77.23
77.6	77.24
77.6	77.25
77.1	77.26
77.7	77.27
77.6	77.28
77.4	77.29
77.1	77.30
77.6	77.31
77.6	77.32
77.1	77.33
77.4	77.34
77.7	77.35
77.6	77.36
77.6	77.37
77.1	77.38
77.7	77.39
77.7	77.40
77.1	77.41
77.6	77.42
77.6	77.43
77.6	77.44
77.5	77.45
77.1	77.46
77.5	77.47
77.7	77.48
77.6	77.49
77.6	77.50
77.1	77.51
77.1	77.52
77.4	77.53
77.3	77.54
77.6	77.55
77.6	77.56
77.7	77.57
77.6	77.58
77.6	77.59
77.6	77.60
77.6	77.61
77.6	77.62
77.6	77.63
77.1	77.64
78.6	78.1
78.8	78.2
78.7	78.3
78.7	78.4
78.1	78.5
78.8	78.6
78.1	78.7
78.2	78.8
78.8	78.9
78.1	78.10
78.1	78.11
78.8	78.12
78.6	78.13
78.7	78.14
78.7	78.15
78.1	78.16
78.1	78.17
78.6	78.18
78.7	78.19
78.8	78.20
78.8	78.21
78.7	78.22
78.1	78.23
78.1	78.24
78.7	78.25
78.8	78.26
78.1	78.27
78.7	78.28
78.7	78.29
78.7	78.30
78.1	78.31
78.7	78.32
78.7	78.33
78.1	78.34
78.1	78.35
78.7	78.36
78.4	78.37
78.7	78.38
78.1	78.39
78.8	78.40
78.1	78.41
78.1	78.42
78.5	78.43
78.1	78.44
78.1	78.45
78.1	78.46
78.3	78.47
78.1	78.48
78.1	78.49
78.8	78.50
78.8	78.51
78.7	78.52
78.6	78.53
78.7	78.54
78.7	78.55
78.6	78.56
78.7	78.57
78.1	78.58
78.7	78.59
78.1	78.60
78.1	78.61
78.7	78.62
78.7	78.63
78.1	78.64
79.4	79.1
79.4	79.2
79.4	79.3
79.1	79.4
79.1	79.5
79.1	79.6
79.1	79.7
79.1	79.8
79.1	79.9
79.1	79.10
79.1	79.11
79.4	79.12
79.1	79.13
79.3	79.14
79.1	79.15
79.1	79.16
79.4	79.17
79.1	79.18
79.1	79.19
79.1	79.20
79.1	79.21
79.1	79.22
79.1	79.23
79.1	79.24
79.1	79.25
79.4	79.26
79.4	79.27
79.4	79.28
79.1	79.29
79.1	79.30
79.1	79.31
79.1	79.32
79.5	79.33
79.5	79.34
79.1	79.35
79.4	79.36
79.4	79.37
79.2	79.38
79.4	79.39
79.1	79.40
79.1	79.41
79.5	79.42
79.4	79.43
79.4	79.44
79.4	79.45
79.1	79.46
79.1	79.47
79.1	79.48
79.4	79.49
79.6	79.50
79.1	79.51
79.1	79.52
79.1	79.53
79.1	79.54
79.1	79.55
79.1	79.56
79.5	79.57
79.4	79.58
79.1	79.59
79.1	79.60
79.1	79.61
79.1	79.62
79.1	79.63
79.1	79.64
80.3	80.1
80.3	80.2
80.6	80.3
80.3	80.4
80.3	80.5
80.4	80.6
80.3	80.7
80.2	80.8
80.4	80.9
80.4	80.10
80.4	80.11
80.3	80.12
80.4	80.13
80.4	80.14
80.6	80.15
80.3	80.16
80.3	80.17
80.4	80.18
80.3	80.19
80.3	80.20
80.6	80.21
80.4	80.22
80.3	80.23
80.4	80.24
80.4	80.25
80.4	80.26
80.3	80.27
80.4	80.28
80.3	80.29
80.3	80.30
80.4	80.31
80.6	80.32
80.3	80.33
80.4	80.34
80.3	80.35
80.3	80.36
80.3	80.37
80.4	80.38
80.3	80.39
80.3	80.40
80.4	80.41
80.3	80.42
80.3	80.43
80.6	80.44
80.4	80.45
80.4	80.46
80.4	80.47
80.3	80.48
80.4	80.49
80.6	80.50
80.3	80.51
80.4	80.52
80.3	80.53
80.5	80.54
80.3	80.55
80.3	80.56
80.3	80.57
80.3	80.58
80.4	80.59
80.3	80.60
80.4	80.61
80.1	80.62
80.3	80.63
80.3	80.64
81.4	81.1
81.1	81.2
81.1	81.3
81.5	81.4
81.1	81.5
81.5	81.6
81.5	81.7
81.1	81.8
81.1	81.9
81.1	81.10
81.5	81.11
81.5	81.12
81.4	81.13
81.1	81.14
81.5	81.15
81.1	81.16
81.5	81.17
81.1	81.18
81.3	81.19
81.4	81.20
81.5	81.21
81.5	81.22
81.1	81.23
81.1	81.24
81.5	81.25
81.5	81.26
81.4	81.27
81.4	81.28
81.4	81.29
81.4	81.30
81.1	81.31
81.5	81.32
81.5	81.33
81.5	81.34
81.1	81.35
81.5	81.36
81.1	81.37
81.5	81.38
81.5	81.39
81.3	81.40
81.3	81.41
81.1	81.42
81.1	81.43
81.1	81.44
81.1	81.45
81.5	81.46
81.5	81.47
81.1	81.48
81.5	81.49
81.1	81.50
81.4	81.51
81.1	81.52
81.4	81.53
81.5	81.54
81.1	81.55
81.4	81.56
81.1	81.57
81.1	81.58
81.3	81.59
81.5	81.60
81.4	81.61
81.2	81.62
81.1	81.63
81.4	81.64
82.1	82.1
82.1	82.2
82.1	82.3
82.1	82.4
82.1	82.5
82.7	82.6
82.6	82.7
82.1	82.8
82.6	82.9
82.7	82.10
82.1	82.11
82.6	82.12
82.6	82.13
82.5	82.14
82.1	82.15
82.6	82.16
82.5	82.17
82.1	82.18
82.1	82.19
82.6	82.20
82.7	82.21
82.6	82.22
82.2	82.23
82.7	82.24
82.6	82.25
82.1	82.26
82.1	82.27
82.6	82.28
82.1	82.29
82.6	82.30
82.1	82.31
82.6	82.32
82.1	82.33
82.1	82.34
82.6	82.35
82.6	82.36
82.1	82.37
82.6	82.38
82.6	82.39
82.6	82.40
82.5	82.41
82.1	82.42
82.1	82.43
82.6	82.44
82.6	82.45
82.1	82.46
82.1	82.47
82.6	82.48
82.6	82.49
82.5	82.50
82.1	82.51
82.1	82.52
82.1	82.53
82.1	82.54
82.1	82.55
82.5	82.56
82.3	82.57
82.1	82.58
82.5	82.59
82.6	82.60
82.1	82.61
82.4	82.62
82.1	82.63
82.6	82.64
83.8	83.1
83.1	83.2
83.8	83.3
83.8	83.4
83.6	83.5
83.9	83.6
83.7	83.7
83.7	83.8
83.8	83.9
83.7	83.10
83.3	83.11
83.8	83.12
83.8	83.13
83.4	83.14
83.8	83.15
83.8	83.16
83.9	83.17
83.8	83.18
83.1	83.19
83.8	83.20
83.1	83.21
83.4	83.22
83.8	83.23
83.9	83.24
83.4	83.25
83.8	83.26
83.8	83.27
83.9	83.28
83.3	83.29
83.1	83.30
83.8	83.31
83.2	83.32
83.9	83.33
83.4	83.34
83.8	83.35
83.9	83.36
83.8	83.37
83.8	83.38
83.5	83.39
83.1	83.40
83.9	83.41
83.8	83.42
83.7	83.43
83.8	83.44
83.8	83.45
83.1	83.46
83.1	83.47
83.8	83.48
83.8	83.49
83.1	83.50
83.1	83.51
83.1	83.52
83.1	83.53
83.1	83.54
83.8	83.55
83.1	83.56
83.7	83.57
83.1	83.58
83.1	83.59
83.8	83.60
83.1	83.61
83.8	83.62
83.8	83.63
83.7	83.64
84.12	84.1
84.7	84.2
84.12	84.3
84.1	84.4
84.11	84.5
84.1	84.6
84.4	84.7
84.4	84.8
84.12	84.9
84.12	84.10
84.11	84.11
84.12	84.12
84.11	84.13
84.8	84.14
84.11	84.15
84.12	84.16
84.11	84.17
84.9	84.18
84.6	84.19
84.12	84.20
84.11	84.21
84.8	84.22
84.11	84.23
84.12	84.24
84.1	84.25
84.1	84.26
84.6	84.27
84.11	84.28
84.1	84.29
84.11	84.30
84.11	84.31
84.11	84.32
84.4	84.33
84.1	84.34
84.1	84.35
84.8	84.36
84.6	84.37
84.12	84.38
84.12	84.39
84.1	84.40
84.11	84.41
84.11	84.42
84.5	84.43
84.8	84.44
84.8	84.45
84.1	84.46
84.1	84.47
84.6	84.48
84.11	84.49
84.11	84.50
84.2	84.51
84.1	84.52
84.1	84.53
84.3	84.54
84.11	84.55
84.11	84.56
84.11	84.57
84.12	84.58
84.1	84.59
84.10	84.60
84.11	84.61
84.12	84.62
84.8	84.63
84.11	84.64
85.1	85.1
85.1	85.2
85.1	85.3
85.1	85.4
85.1	85.5
85.1	85.6
85.1	85.7
85.1	85.8
85.1	85.9
85.1	85.10
85.1	85.11
85.2	85.12
85.4	85.13
85.3	85.14
85.3	85.15
85.1	85.16
85.1	85.17
85.1	85.18
85.3	85.19
85.1	85.20
85.1	85.21
85.3	85.22
85.1	85.23
85.1	85.24
85.3	85.25
85.1	85.26
85.1	85.27
85.1	85.28
85.5	85.29
85.1	85.30
85.3	85.31
85.1	85.32
85.1	85.33
85.1	85.34
85.1	85.35
85.3	85.36
85.1	85.37
85.1	85.38
85.3	85.39
85.3	85.40
85.1	85.41
85.3	85.42
85.1	85.43
85.1	85.44
85.3	85.45
85.1	85.46
85.1	85.47
85.1	85.48
85.1	85.49
85.1	85.50
85.1	85.51
85.1	85.52
85.1	85.53
85.1	85.54
85.1	85.55
85.1	85.56
85.1	85.57
85.3	85.58
85.3	85.59
85.1	85.60
85.1	85.61
85.3	85.62
85.3	85.63
85.1	85.64
86.1	86.1
86.4	86.2
86.4	86.3
86.4	86.4
86.4	86.5
86.5	86.6
86.4	86.7
86.4	86.8
86.5	86.9
86.1	86.10
86.1	86.11
86.3	86.12
86.4	86.13
86.5	86.14
86.3	86.15
86.5	86.16
86.5	86.17
86.4	86.18
86.5	86.19
86.4	86.20
86.4	86.21
86.5	86.22
86.5	86.23
86.4	86.24
86.4	86.25
86.4	86.26
86.3	86.27
86.5	86.28
86.4	86.29
86.1	86.30
86.1	86.31
86.4	86.32
86.4	86.33
86.5	86.34
86.2	86.35
86.5	86.36
86.5	86.37
86.5	86.38
86.4	86.39
86.3	86.40
86.5	86.41
86.5	86.42
86.1	86.43
86.1	86.44
86.4	86.45
86.4	86.46
86.1	86.47
86.1	86.48
86.5	86.49
86.3	86.50
86.4	86.51
86.5	86.52
86.5	86.53
86.1	86.54
86.1	86.55
86.5	86.56
86.5	86.57
86.5	86.58
86.5	86.59
86.1	86.60
86.1	86.61
86.4	86.62
86.4	86.63
86.4	86.64
87.5	87.1
87.3	87.2
87.3	87.3
87.3	87.4
87.5	87.5
87.3	87.6
87.3	87.7
87.3	87.8
87.5	87.9
87.3	87.10
87.5	87.11
87.3	87.12
87.3	87.13
87.4	87.14
87.3	87.15
87.3	87.16
87.3	87.17
87.3	87.18
87.3	87.19
87.3	87.20
87.3	87.21
87.3	87.22
87.3	87.23
87.3	87.24
87.5	87.25
87.4	87.26
87.3	87.27
87.3	87.28
87.1	87.29
87.5	87.30
87.5	87.31
87.3	87.32
87.3	87.33
87.3	87.34
87.2	87.35
87.3	87.36
87.5	87.37
87.5	87.38
87.5	87.39
87.3	87.40
87.3	87.41
87.3	87.42
87.5	87.43
87.5	87.44
87.3	87.45
87.5	87.46
87.5	87.47
87.3	87.48
87.5	87.49
87.4	87.50
87.5	87.51
87.5	87.52
87.3	87.53
87.5	87.54
87.3	87.55
87.3	87.56
87.5	87.57
87.5	87.58
87.3	87.59
87.5	87.60
87.5	87.61
87.4	87.62
87.3	87.63
87.5	87.64
88.4	88.1
88.4	88.2
88.3	88.3
88.3	88.4
88.6	88.5
88.4	88.6
88.6	88.7
88.6	88.8
88.6	88.9
88.5	88.10
88.6	88.11
88.1	88.12
88.4	88.13
88.1	88.14
88.6	88.15
88.6	88.16
88.3	88.17
88.6	88.18
88.1	88.19
88.1	88.20
88.4	88.21
88.1	88.22
88.3	88.23
88.3	88.24
88.3	88.25
88.3	88.26
88.6	88.27
88.4	88.28
88.5	88.29
88.6	88.30
88.1	88.31
88.5	88.32
88.3	88.33
88.6	88.34
88.4	88.35
88.6	88.36
88.6	88.37
88.6	88.38
88.1	88.39
88.6	88.40
88.3	88.41
88.4	88.42
88.1	88.43
88.5	88.44
88.3	88.45
88.6	88.46
88.6	88.47
88.2	88.48
88.3	88.49
88.6	88.50
88.4	88.51
88.6	88.52
88.6	88.53
88.3	88.54
88.4	88.55
88.4	88.56
88.4	88.57
88.3	88.58
88.6	88.59
88.1	88.60
88.6	88.61
88.3	88.62
88.6	88.63
88.4	88.64
89.7	89.1
89.5	89.2
89.7	89.3
89.4	89.4
89.4	89.5
89.7	89.6
89.5	89.7
89.5	89.8
89.1	89.9
89.1	89.10
89.5	89.11
89.5	89.12
89.5	89.13
89.4	89.14
89.4	89.15
89.4	89.16
89.5	89.17
89.4	89.18
89.4	89.19
89.4	89.20
89.8	89.21
89.7	89.22
89.2	89.23
89.5	89.24
89.4	89.25
89.5	89.26
89.1	89.27
89.7	89.28
89.4	89.29
89.5	89.30
89.8	89.31
89.5	89.32
89.7	89.33
89.3	89.34
89.5	89.35
89.5	89.36
89.8	89.37
89.4	89.38
89.4	89.39
89.4	89.40
89.7	89.41
89.5	89.42
89.1	89.43
89.4	89.44
89.8	89.45
89.5	89.46
89.5	89.47
89.4	89.48
89.5	89.49
89.5	89.50
89.1	89.51
89.5	89.52
89.6	89.53
89.4	89.54
89.5	89.55
89.8	89.56
89.4	89.57
89.1	89.58
89.1	89.59
89.5	89.60
89.4	89.61
89.1	89.62
89.7	89.63
89.5	89.64
90.7	90.1
90.7	90.2
90.1	90.3
90.7	90.4
90.7	90.5
90.1	90.6
90.1	90.7
90.10	90.8
90.1	90.9
90.7	90.10
90.1	90.11
90.7	90.12
90.7	90.13
90.10	90.14
90.7	90.15
90.1	90.16
90.7	90.17
90.1	90.18
90.1	90.19
90.1	90.20
90.1	90.21
90.1	90.22
90.1	90.23
90.7	90.24
90.3	90.25
90.9	90.26
90.7	90.27
90.5	90.28
90.1	90.29
90.1	90.30
90.1	90.31
90.7	90.32
90.10	90.33
90.3	90.34
90.1	90.35
90.1	90.36
90.7	90.37
90.6	90.38
90.1	90.39
90.1	90.40
90.1	90.41
90.10	90.42
90.4	90.43
90.4	90.44
90.1	90.45
90.7	90.46
90.7	90.47
90.7	90.48
90.5	90.49
90.4	90.50
90.1	90.51
90.8	90.52
90.10	90.53
90.7	90.54
90.7	90.55
90.5	90.56
90.10	90.57
90.7	90.58
90.7	90.59
90.10	90.60
90.9	90.61
90.1	90.62
90.10	90.63
90.2	90.64
91.4	91.1
91.4	91.2
91.1	91.3
91.1	91.4
91.4	91.5
91.4	91.6
91.4	91.7
91.4	91.8
91.1	91.9
91.4	91.10
91.4	91.11
91.1	91.12
91.1	91.13
91.4	91.14
91.4	91.15
91.4	91.16
91.4	91.17
91.4	91.18
91.1	91.19
91.4	91.20
91.5	91.21
91.4	91.22
91.1	91.23
91.4	91.24
91.4	91.25
91.4	91.26
91.4	91.27
91.1	91.28
91.5	91.29
91.1	91.30
91.1	91.31
91.1	91.32
91.4	91.33
91.1	91.34
91.1	91.35
91.4	91.36
91.4	91.37
91.5	91.38
91.3	91.39
91.4	91.40
91.4	91.41
91.2	91.42
91.1	91.43
91.5	91.44
91.4	91.45
91.1	91.46
91.1	91.47
91.4	91.48
91.4	91.49
91.1	91.50
91.4	91.51
91.4	91.52
91.1	91.53
91.1	91.54
91.1	91.55
91.1	91.56
91.4	91.57
91.4	91.58
91.1	91.59
91.1	91.60
91.4	91.61
91.4	91.62
91.4	91.63
91.4	91.64
92.6	92.1
92.1	92.2
92.4	92.3
92.1	92.4
92.1	92.5
92.1	92.6
92.4	92.7
92.1	92.8
92.4	92.9
92.4	92.10
92.6	92.11
92.1	92.12
92.1	92.13
92.5	92.14
92.1	92.15
92.6	92.16
92.1	92.17
92.1	92.18
92.6	92.19
92.1	92.20
92.1	92.21
92.1	92.22
92.3	92.23
92.1	92.24
92.6	92.25
92.1	92.26
92.1	92.27
92.4	92.28
92.1	92.29
92.1	92.30
92.4	92.31
92.4	92.32
92.6	92.33
92.4	92.34
92.6	92.35
92.5	92.36
92.1	92.37
92.5	92.38
92.4	92.39
92.1	92.40
92.1	92.41
92.6	92.42
92.6	92.43
92.6	92.44
92.1	92.45
92.6	92.46
92.1	92.47
92.1	92.48
92.1	92.49
92.6	92.50
92.2	92.51
92.1	92.52
92.1	92.53
92.4	92.54
92.6	92.55
92.4	92.56
92.5	92.57
92.1	92.58
92.1	92.59
92.1	92.60
92.6	92.61
92.6	92.62
92.1	92.63
92.6	92.64
93.3	93.1
93.15	93.2
93.14	93.3
93.14	93.4
93.3	93.5
93.14	93.6
93.3	93.7
93.15	93.8
93.3	93.9
93.3	93.10
93.3	93.11
93.3	93.12
93.14	93.13
93.10	93.14
93.3	93.15
93.14	93.16
93.14	93.17
93.3	93.18
93.3	93.19
93.3	93.20
93.13	93.21
93.13	93.22
93.11	93.23
93.3	93.24
93.10	93.25
93.3	93.26
93.3	93.27
93.3	93.28
93.3	93.29
93.13	93.30
93.14	93.31
93.3	93.32
93.4	93.33
93.3	93.34
93.11	93.35
93.9	93.36
93.11	93.37
93.3	93.38
93.14	93.39
93.15	93.40
93.13	93.41
93.17	93.42
93.8	93.43
93.2	93.44
93.16	93.45
93.15	93.46
93.15	93.47
93.14	93.48
93.3	93.49
93.14	93.50
93.11	93.51
93.7	93.52
93.13	93.53
93.1	93.54
93.7	93.55
93.15	93.56
93.3	93.57
93.5	93.58
93.6	93.59
93.3	93.60
93.16	93.61
93.12	93.62
93.11	93.63
93.17	93.64
94.1	94.1
94.1	94.2
94.7	94.3
94.1	94.4
94.1	94.5
94.1	94.6
94.1	94.7
94.7	94.8
94.1	94.9
94.1	94.10
94.1	94.11
94.7	94.12
94.1	94.13
94.7	94.14
94.7	94.15
94.6	94.16
94.1	94.17
94.7	94.18
94.7	94.19
94.7	94.20
94.1	94.21
94.7	94.22
94.7	94.23
94.7	94.24
94.1	94.25
94.1	94.26
94.1	94.27
94.1	94.28
94.7	94.29
94.1	94.30
94.7	94.31
94.4	94.32
94.1	94.33
94.1	94.34
94.1	94.35
94.3	94.36
94.1	94.37
94.5	94.38
94.1	94.39
94.1	94.40
94.7	94.41
94.7	94.42
94.2	94.43
94.1	94.44
94.7	94.45
94.1	94.46
94.1	94.47
94.1	94.48
94.7	94.49
94.1	94.50
94.1	94.51
94.1	94.52
94.4	94.53
94.1	94.54
94.1	94.55
94.1	94.56
94.1	94.57
94.1	94.58
94.1	94.59
94.7	94.60
94.1	94.61
94.1	94.62
94.1	94.63
94.7	94.64
95.1	95.1
95.6	95.2
95.6	95.3
95.3	95.4
95.6	95.5
95.2	95.6
95.6	95.7
95.4	95.8
95.5	95.9
95.6	95.10
95.6	95.11
95.1	95.12
95.7	95.13
95.6	95.14
95.7	95.15
95.4	95.16
95.6	95.17
95.6	95.18
95.1	95.19
95.6	95.20
95.6	95.21
95.1	95.22
95.1	95.23
95.6	95.24
95.1	95.25
95.4	95.26
95.6	95.27
95.1	95.28
95.6	95.29
95.6	95.30
95.1	95.31
95.1	95.32
95.6	95.33
95.1	95.34
95.6	95.35
95.7	95.36
95.1	95.37
95.6	95.38
95.4	95.39
95.4	95.40
95.4	95.41
95.6	95.42
95.1	95.43
95.1	95.44
95.6	95.45
95.1	95.46
95.6	95.47
95.4	95.48
95.6	95.49
95.1	95.50
95.6	95.51
95.1	95.52
95.1	95.53
95.1	95.54
95.4	95.55
95.3	95.56
95.6	95.57
95.4	95.58
95.6	95.59
95.1	95.60
95.1	95.61
95.6	95.62
95.3	95.63
95.6	95.64
96.6	96.1
96.8	96.2
96.10	96.3
96.10	96.4
96.9	96.5
96.1	96.6
96.6	96.7
96.6	96.8
96.3	96.9
96.5	96.10
96.3	96.11
96.6	96.12
96.5	96.13
96.10	96.14
96.4	96.15
96.6	96.16
96.10	96.17
96.6	96.18
96.1	96.19
96.9	96.20
96.8	96.21
96.10	96.22
96.1	96.23
96.1	96.24
96.6	96.25
96.6	96.26
96.8	96.27
96.3	96.28
96.10	96.29
96.1	96.30
96.1	96.31
96.10	96.32
96.1	96.33
96.1	96.34
96.1	96.35
96.1	96.36
96.4	96.37
96.6	96.38
96.10	96.39
96.3	96.40
96.6	96.41
96.3	96.42
96.1	96.43
96.1	96.44
96.10	96.45
96.1	96.46
96.6	96.47
96.6	96.48
96.1	96.49
96.6	96.50
96.3	96.51
96.6	96.52
96.8	96.53
96.2	96.54
96.10	96.55
96.6	96.56
96.6	96.57
96.7	96.58
96.3	96.59
96.4	96.60
96.10	96.61
96.6	96.62
96.5	96.63
96.8	96.64
97.5	97.1
97.5	97.2
97.5	97.3
97.5	97.4
97.1	97.5
97.6	97.6
97.6	97.7
97.5	97.8
97.1	97.9
97.1	97.10
97.5	97.11
97.5	97.12
97.1	97.13
97.5	97.14
97.5	97.15
97.5	97.16
97.1	97.17
97.5	97.18
97.3	97.19
97.5	97.20
97.5	97.21
97.1	97.22
97.1	97.23
97.5	97.24
97.3	97.25
97.3	97.26
97.5	97.27
97.5	97.28
97.1	97.29
97.6	97.30
97.6	97.31
97.1	97.32
97.1	97.33
97.1	97.34
97.6	97.35
97.5	97.36
97.5	97.37
97.1	97.38
97.5	97.39
97.1	97.40
97.2	97.41
97.5	97.42
97.4	97.43
97.1	97.44
97.1	97.45
97.5	97.46
97.6	97.47
97.5	97.48
97.6	97.49
97.5	97.50
97.6	97.51
97.1	97.52
97.5	97.53
97.5	97.54
97.5	97.55
97.5	97.56
97.1	97.57
97.4	97.58
97.5	97.59
97.5	97.60
97.1	97.61
97.5	97.62
97.5	97.63
97.5	97.64
98.1	98.1
98.1	98.2
98.1	98.3
98.1	98.4
98.1	98.5
98.1	98.6
98.7	98.7
98.1	98.8
98.1	98.9
98.1	98.10
98.1	98.11
98.7	98.12
98.1	98.13
98.7	98.14
98.4	98.15
98.1	98.16
98.7	98.17
98.1	98.18
98.1	98.19
98.5	98.20
98.8	98.21
98.1	98.22
98.1	98.23
98.1	98.24
98.1	98.25
98.1	98.26
98.7	98.27
98.4	98.28
98.8	98.29
98.1	98.30
98.8	98.31
98.5	98.32
98.1	98.33
98.1	98.34
98.1	98.35
98.1	98.36
98.8	98.37
98.7	98.38
98.5	98.39
98.7	98.40
98.8	98.41
98.4	98.42
98.7	98.43
98.7	98.44
98.7	98.45
98.1	98.46
98.1	98.47
98.7	98.48
98.7	98.49
98.8	98.50
98.1	98.51
98.7	98.52
98.7	98.53
98.2	98.54
98.1	98.55
98.1	98.56
98.1	98.57
98.6	98.58
98.1	98.59
98.7	98.60
98.3	98.61
98.1	98.62
98.1	98.63
98.7	98.64
99.3	99.1
99.5	99.2
99.3	99.3
99.4	99.4
99.5	99.5
99.5	99.6
99.3	99.7
99.5	99.8
99.3	99.9
99.5	99.10
99.5	99.11
99.5	99.12
99.3	99.13
99.5	99.14
99.4	99.15
99.5	99.16
99.1	99.17
99.5	99.18
99.5	99.19
99.5	99.20
99.3	99.21
99.3	99.22
99.3	99.23
99.2	99.24
99.5	99.25
99.4	99.26
99.4	99.27
99.3	99.28
99.5	99.29
99.3	99.30
99.5	99.31
99.3	99.32
99.5	99.33
99.3	99.34
99.1	99.35
99.5	99.36
99.3	99.37
99.5	99.38
99.5	99.39
99.5	99.40
99.5	99.41
99.5	99.42
99.5	99.43
99.5	99.44
99.5	99.45
99.1	99.46
99.4	99.47
99.5	99.48
99.5	99.49
99.5	99.50
99.5	99.51
99.3	99.52
99.5	99.53
99.5	99.54
99.5	99.55
99.3	99.56
99.5	99.57
99.3	99.58
99.5	99.59
99.5	99.60
99.5	99.61
99.5	99.62
99.3	99.63
99.5	99.64
100.1	100.1
100.4	100.2
100.7	100.3
100.8	100.4
100.1	100.5
100.9	100.6
100.9	100.7
100.7	100.8
100.9	100.9
100.1	100.10
100.7	100.11
100.1	100.12
100.9	100.13
100.4	100.14
100.9	100.15
100.7	100.16
100.1	100.17
100.1	100.18
100.7	100.19
100.9	100.20
100.4	100.21
100.7	100.22
100.6	100.23
100.9	100.24
100.7	100.25
100.9	100.26
100.1	100.27
100.1	100.28
100.7	100.29
100.7	100.30
100.6	100.31
100.1	100.32
100.9	100.33
100.10	100.34
100.10	100.35
100.7	100.36
100.9	100.37
100.9	100.38
100.7	100.39
100.7	100.40
100.7	100.41
100.7	100.42
100.7	100.43
100.9	100.44
100.9	100.45
100.1	100.46
100.7	100.47
100.7	100.48
100.9	100.49
100.7	100.50
100.6	100.51
100.7	100.52
100.5	100.53
100.1	100.54
100.2	100.55
100.1	100.56
100.10	100.57
100.7	100.58
100.3	100.59
100.1	100.60
100.1	100.61
100.7	100.62
100.9	100.63
100.4	100.64