subTopicID	resultID
1.4	1.1
1.1	1.2
1.1	1.3
1.1	1.4
1.5	1.5
1.1	1.6
1.1	1.7
1.4	1.8
1.1	1.9
1.1	1.10
1.4	1.11
1.1	1.12
1.1	1.13
1.1	1.14
1.1	1.15
1.1	1.16
1.1	1.17
1.4	1.18
1.4	1.19
1.1	1.20
1.1	1.21
1.4	1.22
1.1	1.23
1.1	1.24
1.1	1.25
1.4	1.26
1.4	1.27
1.1	1.28
1.4	1.29
1.1	1.30
1.1	1.31
1.1	1.32
1.4	1.33
1.4	1.34
1.4	1.35
1.4	1.36
1.5	1.37
1.1	1.38
1.3	1.39
1.4	1.40
1.1	1.41
1.1	1.42
1.1	1.43
1.1	1.44
1.4	1.45
1.4	1.46
1.1	1.47
1.4	1.48
1.3	1.49
1.3	1.50
1.4	1.51
1.4	1.52
1.1	1.53
1.4	1.54
1.5	1.55
1.1	1.56
1.1	1.57
1.4	1.58
1.5	1.59
1.1	1.60
1.2	1.61
1.4	1.62
1.1	1.63
1.1	1.64
2.7	2.1
2.10	2.2
2.10	2.3
2.7	2.4
2.1	2.5
2.10	2.6
2.7	2.7
2.7	2.8
2.7	2.9
2.10	2.10
2.7	2.11
2.8	2.12
2.7	2.13
2.7	2.14
2.7	2.15
2.7	2.16
2.9	2.17
2.7	2.18
2.7	2.19
2.7	2.20
2.1	2.21
2.3	2.22
2.4	2.23
2.7	2.24
2.10	2.25
2.7	2.26
2.10	2.27
2.1	2.28
2.9	2.29
2.7	2.30
2.7	2.31
2.10	2.32
2.7	2.33
2.10	2.34
2.10	2.35
2.11	2.36
2.10	2.37
2.11	2.38
2.9	2.39
2.2	2.40
2.10	2.41
2.6	2.42
2.7	2.43
2.10	2.44
2.7	2.45
2.6	2.46
2.10	2.47
2.5	2.48
2.10	2.49
2.9	2.50
2.7	2.51
2.10	2.52
2.1	2.53
2.7	2.54
2.10	2.55
2.10	2.56
2.9	2.57
2.11	2.58
2.10	2.59
2.1	2.60
2.10	2.61
2.9	2.62
2.11	2.63
2.9	2.64
3.6	3.1
3.11	3.2
3.11	3.3
3.1	3.4
3.11	3.5
3.11	3.6
3.13	3.7
3.11	3.8
3.11	3.9
3.11	3.10
3.11	3.11
3.11	3.12
3.11	3.13
3.13	3.14
3.11	3.15
3.13	3.16
3.13	3.17
3.6	3.18
3.1	3.19
3.13	3.20
3.11	3.21
3.11	3.22
3.4	3.23
3.13	3.24
3.11	3.25
3.11	3.26
3.7	3.27
3.11	3.28
3.13	3.29
3.1	3.30
3.11	3.31
3.1	3.32
3.11	3.33
3.11	3.34
3.11	3.35
3.12	3.36
3.11	3.37
3.9	3.38
3.5	3.39
3.13	3.40
3.11	3.41
3.11	3.42
3.6	3.43
3.1	3.44
3.6	3.45
3.11	3.46
3.8	3.47
3.13	3.48
3.6	3.49
3.10	3.50
3.3	3.51
3.11	3.52
3.6	3.53
3.11	3.54
3.11	3.55
3.13	3.56
3.13	3.57
3.2	3.58
3.6	3.59
3.13	3.60
3.6	3.61
3.11	3.62
3.10	3.63
3.11	3.64
4.9	4.1
4.4	4.2
4.1	4.3
4.1	4.4
4.1	4.5
4.6	4.6
4.1	4.7
4.1	4.8
4.9	4.9
4.8	4.10
4.9	4.11
4.1	4.12
4.1	4.13
4.1	4.14
4.9	4.15
4.1	4.16
4.9	4.17
4.9	4.18
4.9	4.19
4.9	4.20
4.1	4.21
4.6	4.22
4.3	4.23
4.6	4.24
4.6	4.25
4.1	4.26
4.8	4.27
4.9	4.28
4.9	4.29
4.1	4.30
4.8	4.31
4.6	4.32
4.1	4.33
4.9	4.34
4.6	4.35
4.9	4.36
4.8	4.37
4.1	4.38
4.1	4.39
4.6	4.40
4.6	4.41
4.1	4.42
4.1	4.43
4.5	4.44
4.1	4.45
4.2	4.46
4.9	4.47
4.1	4.48
4.5	4.49
4.9	4.50
4.9	4.51
4.9	4.52
4.1	4.53
4.9	4.54
4.7	4.55
4.6	4.56
4.5	4.57
4.9	4.58
4.5	4.59
4.9	4.60
4.6	4.61
4.1	4.62
4.9	4.63
4.8	4.64
5.6	5.1
5.11	5.2
5.11	5.3
5.11	5.4
5.4	5.5
5.11	5.6
5.1	5.7
5.6	5.8
5.6	5.9
5.11	5.10
5.11	5.11
5.11	5.12
5.10	5.13
5.10	5.14
5.1	5.15
5.11	5.16
5.1	5.17
5.6	5.18
5.9	5.19
5.6	5.20
5.11	5.21
5.11	5.22
5.1	5.23
5.10	5.24
5.4	5.25
5.7	5.26
5.11	5.27
5.10	5.28
5.11	5.29
5.11	5.30
5.6	5.31
5.10	5.32
5.8	5.33
5.11	5.34
5.11	5.35
5.10	5.36
5.11	5.37
5.2	5.38
5.6	5.39
5.6	5.40
5.11	5.41
5.11	5.42
5.11	5.43
5.3	5.44
5.11	5.45
5.11	5.46
5.9	5.47
5.1	5.48
5.11	5.49
5.1	5.50
5.6	5.51
5.11	5.52
5.1	5.53
5.5	5.54
5.1	5.55
5.11	5.56
5.6	5.57
5.11	5.58
5.11	5.59
5.10	5.60
5.11	5.61
5.6	5.62
5.1	5.63
5.11	5.64
6.9	6.1
6.1	6.2
6.1	6.3
6.7	6.4
6.3	6.5
6.8	6.6
6.9	6.7
6.1	6.8
6.9	6.9
6.5	6.10
6.1	6.11
6.1	6.12
6.1	6.13
6.1	6.14
6.1	6.15
6.9	6.16
6.1	6.17
6.1	6.18
6.5	6.19
6.2	6.20
6.8	6.21
6.1	6.22
6.1	6.23
6.8	6.24
6.1	6.25
6.1	6.26
6.1	6.27
6.9	6.28
6.1	6.29
6.1	6.30
6.4	6.31
6.1	6.32
6.9	6.33
6.1	6.34
6.5	6.35
6.1	6.36
6.6	6.37
6.9	6.38
6.5	6.39
6.9	6.40
6.1	6.41
6.1	6.42
6.1	6.43
6.1	6.44
6.1	6.45
6.1	6.46
6.9	6.47
6.9	6.48
6.9	6.49
6.9	6.50
6.9	6.51
6.5	6.52
6.1	6.53
6.1	6.54
6.7	6.55
6.1	6.56
6.5	6.57
6.9	6.58
6.5	6.59
6.5	6.60
6.9	6.61
6.9	6.62
6.5	6.63
6.1	6.64
7.6	7.1
7.6	7.2
7.6	7.3
7.6	7.4
7.3	7.5
7.3	7.6
7.6	7.7
7.5	7.8
7.3	7.9
7.3	7.10
7.6	7.11
7.6	7.12
7.6	7.13
7.3	7.14
7.6	7.15
7.6	7.16
7.6	7.17
7.6	7.18
7.3	7.19
7.6	7.20
7.6	7.21
7.4	7.22
7.6	7.23
7.6	7.24
7.6	7.25
7.6	7.26
7.5	7.27
7.5	7.28
7.3	7.29
7.6	7.30
7.4	7.31
7.4	7.32
7.4	7.33
7.1	7.34
7.6	7.35
7.2	7.36
7.6	7.37
7.3	7.38
7.3	7.39
7.6	7.40
7.5	7.41
7.3	7.42
7.6	7.43
7.6	7.44
7.3	7.45
7.4	7.46
7.3	7.47
7.3	7.48
7.1	7.49
7.6	7.50
7.1	7.51
7.3	7.52
7.6	7.53
7.5	7.54
7.6	7.55
7.3	7.56
7.6	7.57
7.6	7.58
7.4	7.59
7.6	7.60
7.1	7.61
7.4	7.62
7.4	7.63
7.3	7.64
8.5	8.1
8.5	8.2
8.5	8.3
8.1	8.4
8.4	8.5
8.4	8.6
8.1	8.7
8.4	8.8
8.4	8.9
8.1	8.10
8.4	8.11
8.5	8.12
8.4	8.13
8.4	8.14
8.5	8.15
8.4	8.16
8.3	8.17
8.1	8.18
8.4	8.19
8.4	8.20
8.2	8.21
8.1	8.22
8.4	8.23
8.4	8.24
8.5	8.25
8.5	8.26
8.7	8.27
8.1	8.28
8.1	8.29
8.5	8.30
8.1	8.31
8.1	8.32
8.4	8.33
8.5	8.34
8.4	8.35
8.5	8.36
8.5	8.37
8.5	8.38
8.7	8.39
8.1	8.40
8.5	8.41
8.5	8.42
8.1	8.43
8.4	8.44
8.1	8.45
8.4	8.46
8.4	8.47
8.5	8.48
8.5	8.49
8.5	8.50
8.5	8.51
8.1	8.52
8.5	8.53
8.5	8.54
8.5	8.55
8.1	8.56
8.4	8.57
8.1	8.58
8.1	8.59
8.8	8.60
8.1	8.61
8.6	8.62
8.4	8.63
8.4	8.64
9.5	9.1
9.1	9.2
9.1	9.3
9.1	9.4
9.1	9.5
9.1	9.6
9.1	9.7
9.1	9.8
9.1	9.9
9.1	9.10
9.1	9.11
9.1	9.12
9.1	9.13
9.5	9.14
9.1	9.15
9.1	9.16
9.4	9.17
9.1	9.18
9.1	9.19
9.1	9.20
9.1	9.21
9.1	9.22
9.5	9.23
9.1	9.24
9.4	9.25
9.2	9.26
9.5	9.27
9.5	9.28
9.1	9.29
9.1	9.30
9.1	9.31
9.5	9.32
9.3	9.33
9.1	9.34
9.1	9.35
9.1	9.36
9.5	9.37
9.3	9.38
9.3	9.39
9.4	9.40
9.1	9.41
9.3	9.42
9.5	9.43
9.3	9.44
9.5	9.45
9.4	9.46
9.1	9.47
9.1	9.48
9.5	9.49
9.1	9.50
9.1	9.51
9.1	9.52
9.1	9.53
9.1	9.54
9.5	9.55
9.1	9.56
9.1	9.57
9.5	9.58
9.1	9.59
9.1	9.60
9.1	9.61
9.1	9.62
9.1	9.63
9.1	9.64
10.12	10.1
10.12	10.2
10.4	10.3
10.4	10.4
10.12	10.5
10.12	10.6
10.12	10.7
10.7	10.8
10.4	10.9
10.12	10.10
10.12	10.11
10.4	10.12
10.9	10.13
10.12	10.14
10.12	10.15
10.12	10.16
10.8	10.17
10.8	10.18
10.8	10.19
10.8	10.20
10.7	10.21
10.12	10.22
10.7	10.23
10.8	10.24
10.11	10.25
10.11	10.26
10.11	10.27
10.4	10.28
10.12	10.29
10.4	10.30
10.6	10.31
10.11	10.32
10.3	10.33
10.1	10.34
10.8	10.35
10.11	10.36
10.12	10.37
10.12	10.38
10.4	10.39
10.11	10.40
10.12	10.41
10.2	10.42
10.2	10.43
10.12	10.44
10.4	10.45
10.8	10.46
10.4	10.47
10.9	10.48
10.4	10.49
10.4	10.50
10.4	10.51
10.12	10.52
10.7	10.53
10.12	10.54
10.11	10.55
10.12	10.56
10.4	10.57
10.4	10.58
10.4	10.59
10.10	10.60
10.4	10.61
10.5	10.62
10.8	10.63
10.2	10.64
11.8	11.1
11.1	11.2
11.8	11.3
11.3	11.4
11.3	11.5
11.3	11.6
11.7	11.7
11.3	11.8
11.3	11.9
11.8	11.10
11.3	11.11
11.8	11.12
11.8	11.13
11.8	11.14
11.7	11.15
11.8	11.16
11.4	11.17
11.7	11.18
11.3	11.19
11.8	11.20
11.4	11.21
11.5	11.22
11.3	11.23
11.6	11.24
11.8	11.25
11.8	11.26
11.7	11.27
11.8	11.28
11.8	11.29
11.8	11.30
11.3	11.31
11.8	11.32
11.8	11.33
11.3	11.34
11.3	11.35
11.3	11.36
11.8	11.37
11.8	11.38
11.3	11.39
11.6	11.40
11.3	11.41
11.8	11.42
11.3	11.43
11.3	11.44
11.3	11.45
11.3	11.46
11.3	11.47
11.9	11.48
11.3	11.49
11.7	11.50
11.8	11.51
11.8	11.52
11.8	11.53
11.8	11.54
11.8	11.55
11.6	11.56
11.3	11.57
11.7	11.58
11.2	11.59
11.8	11.60
11.3	11.61
11.3	11.62
11.3	11.63
11.8	11.64
12.1	12.1
12.4	12.2
12.13	12.3
12.2	12.4
12.11	12.5
12.1	12.6
12.8	12.7
12.1	12.8
12.11	12.9
12.5	12.10
12.1	12.11
12.1	12.12
12.1	12.13
12.11	12.14
12.10	12.15
12.1	12.16
12.1	12.17
12.9	12.18
12.1	12.19
12.9	12.20
12.15	12.21
12.1	12.22
12.6	12.23
12.1	12.24
12.1	12.25
12.15	12.26
12.14	12.27
12.11	12.28
12.11	12.29
12.11	12.30
12.11	12.31
12.15	12.32
12.11	12.33
12.1	12.34
12.3	12.35
12.1	12.36
12.11	12.37
12.1	12.38
12.10	12.39
12.1	12.40
12.11	12.41
12.15	12.42
12.11	12.43
12.9	12.44
12.11	12.45
12.1	12.46
12.11	12.47
12.1	12.48
12.9	12.49
12.11	12.50
12.11	12.51
12.11	12.52
12.15	12.53
12.11	12.54
12.7	12.55
12.11	12.56
12.12	12.57
12.11	12.58
12.15	12.59
12.1	12.60
12.1	12.61
12.1	12.62
12.15	12.63
12.11	12.64
13.9	13.1
13.9	13.2
13.6	13.3
13.8	13.4
13.6	13.5
13.6	13.6
13.2	13.7
13.1	13.8
13.4	13.9
13.1	13.10
13.1	13.11
13.6	13.12
13.8	13.13
13.1	13.14
13.1	13.15
13.6	13.16
13.1	13.17
13.1	13.18
13.1	13.19
13.6	13.20
13.6	13.21
13.1	13.22
13.6	13.23
13.1	13.24
13.6	13.25
13.1	13.26
13.6	13.27
13.6	13.28
13.6	13.29
13.1	13.30
13.1	13.31
13.8	13.32
13.8	13.33
13.6	13.34
13.8	13.35
13.1	13.36
13.1	13.37
13.5	13.38
13.6	13.39
13.6	13.40
13.1	13.41
13.7	13.42
13.8	13.43
13.8	13.44
13.6	13.45
13.1	13.46
13.8	13.47
13.1	13.48
13.1	13.49
13.8	13.50
13.6	13.51
13.7	13.52
13.8	13.53
13.6	13.54
13.1	13.55
13.1	13.56
13.8	13.57
13.3	13.58
13.1	13.59
13.8	13.60
13.1	13.61
13.6	13.62
13.6	13.63
13.6	13.64
14.5	14.1
14.5	14.2
14.5	14.3
14.5	14.4
14.6	14.5
14.6	14.6
14.4	14.7
14.6	14.8
14.6	14.9
14.6	14.10
14.5	14.11
14.2	14.12
14.6	14.13
14.5	14.14
14.6	14.15
14.5	14.16
14.1	14.17
14.6	14.18
14.7	14.19
14.1	14.20
14.3	14.21
14.8	14.22
14.1	14.23
14.6	14.24
14.1	14.25
14.6	14.26
14.5	14.27
14.8	14.28
14.1	14.29
14.6	14.30
14.1	14.31
14.6	14.32
14.6	14.33
14.8	14.34
14.1	14.35
14.6	14.36
14.5	14.37
14.5	14.38
14.1	14.39
14.5	14.40
14.5	14.41
14.1	14.42
14.6	14.43
14.6	14.44
14.6	14.45
14.1	14.46
14.6	14.47
14.6	14.48
14.1	14.49
14.5	14.50
14.8	14.51
14.5	14.52
14.5	14.53
14.1	14.54
14.1	14.55
14.5	14.56
14.5	14.57
14.5	14.58
14.1	14.59
14.5	14.60
14.5	14.61
14.3	14.62
14.5	14.63
14.5	14.64
15.13	15.1
15.1	15.2
15.8	15.3
15.1	15.4
15.12	15.5
15.14	15.6
15.12	15.7
15.1	15.8
15.12	15.9
15.12	15.10
15.7	15.11
15.12	15.12
15.13	15.13
15.1	15.14
15.1	15.15
15.12	15.16
15.7	15.17
15.12	15.18
15.12	15.19
15.12	15.20
15.12	15.21
15.1	15.22
15.1	15.23
15.11	15.24
15.12	15.25
15.1	15.26
15.12	15.27
15.7	15.28
15.1	15.29
15.1	15.30
15.1	15.31
15.14	15.32
15.12	15.33
15.14	15.34
15.12	15.35
15.1	15.36
15.10	15.37
15.12	15.38
15.14	15.39
15.1	15.40
15.7	15.41
15.1	15.42
15.1	15.43
15.6	15.44
15.1	15.45
15.13	15.46
15.13	15.47
15.2	15.48
15.1	15.49
15.5	15.50
15.7	15.51
15.7	15.52
15.4	15.53
15.9	15.54
15.12	15.55
15.6	15.56
15.13	15.57
15.13	15.58
15.13	15.59
15.11	15.60
15.3	15.61
15.13	15.62
15.13	15.63
15.14	15.64
16.13	16.1
16.3	16.2
16.13	16.3
16.14	16.4
16.14	16.5
16.14	16.6
16.14	16.7
16.12	16.8
16.14	16.9
16.13	16.10
16.13	16.11
16.9	16.12
16.13	16.13
16.1	16.14
16.13	16.15
16.13	16.16
16.7	16.17
16.13	16.18
16.13	16.19
16.14	16.20
16.14	16.21
16.2	16.22
16.9	16.23
16.13	16.24
16.13	16.25
16.13	16.26
16.14	16.27
16.14	16.28
16.11	16.29
16.14	16.30
16.14	16.31
16.13	16.32
16.9	16.33
16.13	16.34
16.6	16.35
16.1	16.36
16.1	16.37
16.13	16.38
16.1	16.39
16.14	16.40
16.1	16.41
16.8	16.42
16.13	16.43
16.14	16.44
16.12	16.45
16.12	16.46
16.14	16.47
16.4	16.48
16.5	16.49
16.5	16.50
16.14	16.51
16.13	16.52
16.14	16.53
16.13	16.54
16.1	16.55
16.10	16.56
16.1	16.57
16.1	16.58
16.9	16.59
16.14	16.60
16.14	16.61
16.12	16.62
16.7	16.63
16.14	16.64
17.8	17.1
17.5	17.2
17.1	17.3
17.1	17.4
17.1	17.5
17.1	17.6
17.8	17.7
17.1	17.8
17.1	17.9
17.6	17.10
17.8	17.11
17.6	17.12
17.8	17.13
17.6	17.14
17.1	17.15
17.8	17.16
17.5	17.17
17.1	17.18
17.8	17.19
17.8	17.20
17.4	17.21
17.3	17.22
17.5	17.23
17.8	17.24
17.1	17.25
17.8	17.26
17.1	17.27
17.5	17.28
17.1	17.29
17.1	17.30
17.4	17.31
17.8	17.32
17.1	17.33
17.1	17.34
17.9	17.35
17.4	17.36
17.1	17.37
17.2	17.38
17.1	17.39
17.9	17.40
17.1	17.41
17.8	17.42
17.8	17.43
17.5	17.44
17.8	17.45
17.8	17.46
17.3	17.47
17.1	17.48
17.9	17.49
17.6	17.50
17.3	17.51
17.9	17.52
17.1	17.53
17.8	17.54
17.9	17.55
17.7	17.56
17.6	17.57
17.8	17.58
17.1	17.59
17.1	17.60
17.1	17.61
17.9	17.62
17.1	17.63
17.1	17.64
18.4	18.1
18.7	18.2
18.7	18.3
18.1	18.4
18.1	18.5
18.1	18.6
18.1	18.7
18.1	18.8
18.7	18.9
18.7	18.10
18.1	18.11
18.7	18.12
18.7	18.13
18.1	18.14
18.7	18.15
18.7	18.16
18.7	18.17
18.6	18.18
18.7	18.19
18.1	18.20
18.1	18.21
18.1	18.22
18.7	18.23
18.7	18.24
18.1	18.25
18.1	18.26
18.1	18.27
18.1	18.28
18.2	18.29
18.7	18.30
18.1	18.31
18.7	18.32
18.1	18.33
18.1	18.34
18.6	18.35
18.1	18.36
18.6	18.37
18.1	18.38
18.6	18.39
18.7	18.40
18.1	18.41
18.7	18.42
18.5	18.43
18.7	18.44
18.7	18.45
18.1	18.46
18.1	18.47
18.1	18.48
18.7	18.49
18.5	18.50
18.1	18.51
18.7	18.52
18.6	18.53
18.7	18.54
18.7	18.55
18.3	18.56
18.7	18.57
18.7	18.58
18.7	18.59
18.1	18.60
18.1	18.61
18.1	18.62
18.7	18.63
18.1	18.64
19.5	19.1
19.9	19.2
19.1	19.3
19.1	19.4
19.12	19.5
19.10	19.6
19.14	19.7
19.1	19.8
19.3	19.9
19.12	19.10
19.12	19.11
19.6	19.12
19.3	19.13
19.5	19.14
19.12	19.15
19.12	19.16
19.1	19.17
19.3	19.18
19.12	19.19
19.1	19.20
19.8	19.21
19.7	19.22
19.12	19.23
19.1	19.24
19.1	19.25
19.5	19.26
19.4	19.27
19.12	19.28
19.11	19.29
19.12	19.30
19.1	19.31
19.12	19.32
19.1	19.33
19.2	19.34
19.1	19.35
19.1	19.36
19.1	19.37
19.1	19.38
19.12	19.39
19.3	19.40
19.1	19.41
19.11	19.42
19.1	19.43
19.12	19.44
19.1	19.45
19.1	19.46
19.12	19.47
19.1	19.48
19.12	19.49
19.5	19.50
19.5	19.51
19.10	19.52
19.12	19.53
19.13	19.54
19.9	19.55
19.5	19.56
19.10	19.57
19.6	19.58
19.12	19.59
19.12	19.60
19.10	19.61
19.1	19.62
19.1	19.63
19.1	19.64
20.7	20.1
20.7	20.2
20.1	20.3
20.1	20.4
20.1	20.5
20.7	20.6
20.7	20.7
20.7	20.8
20.6	20.9
20.1	20.10
20.1	20.11
20.7	20.12
20.7	20.13
20.7	20.14
20.1	20.15
20.7	20.16
20.7	20.17
20.2	20.18
20.1	20.19
20.3	20.20
20.1	20.21
20.1	20.22
20.7	20.23
20.3	20.24
20.1	20.25
20.1	20.26
20.7	20.27
20.3	20.28
20.7	20.29
20.6	20.30
20.3	20.31
20.4	20.32
20.3	20.33
20.7	20.34
20.1	20.35
20.3	20.36
20.1	20.37
20.7	20.38
20.7	20.39
20.1	20.40
20.1	20.41
20.4	20.42
20.7	20.43
20.7	20.44
20.1	20.45
20.7	20.46
20.7	20.47
20.1	20.48
20.3	20.49
20.7	20.50
20.7	20.51
20.1	20.52
20.1	20.53
20.7	20.54
20.6	20.55
20.5	20.56
20.3	20.57
20.1	20.58
20.7	20.59
20.7	20.60
20.6	20.61
20.6	20.62
20.7	20.63
20.7	20.64
21.4	21.1
21.4	21.2
21.7	21.3
21.4	21.4
21.4	21.5
21.5	21.6
21.5	21.7
21.3	21.8
21.4	21.9
21.4	21.10
21.4	21.11
21.2	21.12
21.5	21.13
21.5	21.14
21.4	21.15
21.5	21.16
21.4	21.17
21.4	21.18
21.7	21.19
21.4	21.20
21.1	21.21
21.6	21.22
21.6	21.23
21.7	21.24
21.4	21.25
21.4	21.26
21.5	21.27
21.5	21.28
21.4	21.29
21.5	21.30
21.4	21.31
21.4	21.32
21.7	21.33
21.7	21.34
21.7	21.35
21.7	21.36
21.5	21.37
21.7	21.38
21.7	21.39
21.4	21.40
21.6	21.41
21.4	21.42
21.4	21.43
21.5	21.44
21.4	21.45
21.5	21.46
21.5	21.47
21.5	21.48
21.4	21.49
21.4	21.50
21.4	21.51
21.5	21.52
21.4	21.53
21.5	21.54
21.4	21.55
21.7	21.56
21.5	21.57
21.1	21.58
21.4	21.59
21.1	21.60
21.6	21.61
21.5	21.62
21.7	21.63
21.1	21.64
22.6	22.1
22.1	22.2
22.13	22.3
22.9	22.4
22.13	22.5
22.13	22.6
22.12	22.7
22.13	22.8
22.6	22.9
22.1	22.10
22.1	22.11
22.1	22.12
22.1	22.13
22.1	22.14
22.10	22.15
22.1	22.16
22.13	22.17
22.1	22.18
22.1	22.19
22.9	22.20
22.11	22.21
22.1	22.22
22.11	22.23
22.9	22.24
22.9	22.25
22.7	22.26
22.6	22.27
22.1	22.28
22.1	22.29
22.1	22.30
22.1	22.31
22.9	22.32
22.11	22.33
22.2	22.34
22.6	22.35
22.1	22.36
22.6	22.37
22.1	22.38
22.1	22.39
22.13	22.40
22.6	22.41
22.6	22.42
22.1	22.43
22.13	22.44
22.1	22.45
22.8	22.46
22.13	22.47
22.13	22.48
22.1	22.49
22.6	22.50
22.1	22.51
22.13	22.52
22.1	22.53
22.1	22.54
22.1	22.55
22.5	22.56
22.1	22.57
22.13	22.58
22.1	22.59
22.1	22.60
22.9	22.61
22.13	22.62
22.3	22.63
22.4	22.64
23.1	23.1
23.9	23.2
23.10	23.3
23.10	23.4
23.7	23.5
23.7	23.6
23.7	23.7
23.1	23.8
23.5	23.9
23.7	23.10
23.10	23.11
23.1	23.12
23.10	23.13
23.7	23.14
23.1	23.15
23.7	23.16
23.10	23.17
23.10	23.18
23.7	23.19
23.7	23.20
23.4	23.21
23.7	23.22
23.10	23.23
23.1	23.24
23.1	23.25
23.7	23.26
23.10	23.27
23.10	23.28
23.10	23.29
23.1	23.30
23.11	23.31
23.10	23.32
23.7	23.33
23.10	23.34
23.7	23.35
23.7	23.36
23.10	23.37
23.7	23.38
23.10	23.39
23.7	23.40
23.1	23.41
23.7	23.42
23.10	23.43
23.2	23.44
23.7	23.45
23.10	23.46
23.6	23.47
23.7	23.48
23.7	23.49
23.9	23.50
23.9	23.51
23.10	23.52
23.1	23.53
23.7	23.54
23.10	23.55
23.3	23.56
23.10	23.57
23.8	23.58
23.7	23.59
23.7	23.60
23.1	23.61
23.1	23.62
23.10	23.63
23.7	23.64
24.3	24.1
24.9	24.2
24.10	24.3
24.13	24.4
24.1	24.5
24.12	24.6
24.10	24.7
24.9	24.8
24.10	24.9
24.5	24.10
24.11	24.11
24.13	24.12
24.10	24.13
24.10	24.14
24.12	24.15
24.10	24.16
24.10	24.17
24.12	24.18
24.12	24.19
24.10	24.20
24.12	24.21
24.10	24.22
24.6	24.23
24.10	24.24
24.6	24.25
24.4	24.26
24.10	24.27
24.10	24.28
24.10	24.29
24.10	24.30
24.8	24.31
24.10	24.32
24.12	24.33
24.10	24.34
24.13	24.35
24.13	24.36
24.10	24.37
24.12	24.38
24.7	24.39
24.10	24.40
24.2	24.41
24.13	24.42
24.12	24.43
24.12	24.44
24.10	24.45
24.1	24.46
24.1	24.47
24.11	24.48
24.10	24.49
24.10	24.50
24.10	24.51
24.10	24.52
24.12	24.53
24.10	24.54
24.12	24.55
24.1	24.56
24.10	24.57
24.10	24.58
24.12	24.59
24.9	24.60
24.10	24.61
24.10	24.62
24.12	24.63
24.10	24.64
25.1	25.1
25.6	25.2
25.1	25.3
25.5	25.4
25.1	25.5
25.1	25.6
25.1	25.7
25.1	25.8
25.6	25.9
25.1	25.10
25.1	25.11
25.1	25.12
25.1	25.13
25.1	25.14
25.1	25.15
25.5	25.16
25.4	25.17
25.1	25.18
25.4	25.19
25.1	25.20
25.6	25.21
25.6	25.22
25.1	25.23
25.1	25.24
25.2	25.25
25.6	25.26
25.4	25.27
25.6	25.28
25.1	25.29
25.6	25.30
25.6	25.31
25.6	25.32
25.5	25.33
25.4	25.34
25.6	25.35
25.1	25.36
25.6	25.37
25.6	25.38
25.1	25.39
25.6	25.40
25.1	25.41
25.1	25.42
25.6	25.43
25.1	25.44
25.1	25.45
25.5	25.46
25.6	25.47
25.1	25.48
25.6	25.49
25.3	25.50
25.6	25.51
25.1	25.52
25.6	25.53
25.1	25.54
25.4	25.55
25.6	25.56
25.1	25.57
25.6	25.58
25.5	25.59
25.1	25.60
25.6	25.61
25.1	25.62
25.6	25.63
25.6	25.64
26.1	26.1
26.1	26.2
26.1	26.3
26.1	26.4
26.1	26.5
26.1	26.6
26.1	26.7
26.6	26.8
26.6	26.9
26.1	26.10
26.1	26.11
26.1	26.12
26.6	26.13
26.6	26.14
26.1	26.15
26.1	26.16
26.4	26.17
26.1	26.18
26.1	26.19
26.1	26.20
26.5	26.21
26.1	26.22
26.6	26.23
26.1	26.24
26.3	26.25
26.4	26.26
26.6	26.27
26.6	26.28
26.1	26.29
26.2	26.30
26.1	26.31
26.1	26.32
26.6	26.33
26.1	26.34
26.1	26.35
26.1	26.36
26.6	26.37
26.1	26.38
26.1	26.39
26.1	26.40
26.1	26.41
26.1	26.42
26.1	26.43
26.1	26.44
26.1	26.45
26.1	26.46
26.1	26.47
26.1	26.48
26.6	26.49
26.1	26.50
26.6	26.51
26.1	26.52
26.1	26.53
26.6	26.54
26.1	26.55
26.3	26.56
26.6	26.57
26.1	26.58
26.1	26.59
26.6	26.60
26.6	26.61
26.4	26.62
26.1	26.63
26.1	26.64
27.8	27.1
27.8	27.2
27.3	27.3
27.3	27.4
27.6	27.5
27.5	27.6
27.3	27.7
27.3	27.8
27.3	27.9
27.3	27.10
27.6	27.11
27.8	27.12
27.6	27.13
27.8	27.14
27.3	27.15
27.3	27.16
27.8	27.17
27.5	27.18
27.7	27.19
27.5	27.20
27.8	27.21
27.8	27.22
27.2	27.23
27.1	27.24
27.3	27.25
27.3	27.26
27.5	27.27
27.1	27.28
27.3	27.29
27.8	27.30
27.5	27.31
27.6	27.32
27.3	27.33
27.8	27.34
27.3	27.35
27.8	27.36
27.8	27.37
27.8	27.38
27.6	27.39
27.3	27.40
27.6	27.41
27.3	27.42
27.3	27.43
27.3	27.44
27.7	27.45
27.3	27.46
27.6	27.47
27.3	27.48
27.5	27.49
27.3	27.50
27.8	27.51
27.8	27.52
27.8	27.53
27.3	27.54
27.3	27.55
27.3	27.56
27.3	27.57
27.3	27.58
27.8	27.59
27.5	27.60
27.6	27.61
27.1	27.62
27.4	27.63
27.8	27.64
28.9	28.1
28.9	28.2
28.13	28.3
28.14	28.4
28.4	28.5
28.14	28.6
28.9	28.7
28.4	28.8
28.9	28.9
28.4	28.10
28.9	28.11
28.9	28.12
28.14	28.13
28.14	28.14
28.14	28.15
28.5	28.16
28.14	28.17
28.9	28.18
28.1	28.19
28.14	28.20
28.14	28.21
28.9	28.22
28.6	28.23
28.14	28.24
28.14	28.25
28.4	28.26
28.4	28.27
28.9	28.28
28.1	28.29
28.14	28.30
28.7	28.31
28.4	28.32
28.14	28.33
28.14	28.34
28.13	28.35
28.7	28.36
28.3	28.37
28.9	28.38
28.11	28.39
28.9	28.40
28.7	28.41
28.6	28.42
28.14	28.43
28.4	28.44
28.2	28.45
28.12	28.46
28.4	28.47
28.8	28.48
28.14	28.49
28.14	28.50
28.9	28.51
28.9	28.52
28.9	28.53
28.1	28.54
28.9	28.55
28.9	28.56
28.10	28.57
28.4	28.58
28.9	28.59
28.6	28.60
28.1	28.61
28.6	28.62
28.9	28.63
28.4	28.64
29.1	29.1
29.1	29.2
29.1	29.3
29.1	29.4
29.1	29.5
29.1	29.6
29.1	29.7
29.1	29.8
29.8	29.9
29.1	29.10
29.8	29.11
29.1	29.12
29.1	29.13
29.8	29.14
29.1	29.15
29.7	29.16
29.6	29.17
29.8	29.18
29.4	29.19
29.1	29.20
29.7	29.21
29.8	29.22
29.1	29.23
29.1	29.24
29.3	29.25
29.8	29.26
29.1	29.27
29.1	29.28
29.1	29.29
29.1	29.30
29.1	29.31
29.2	29.32
29.1	29.33
29.1	29.34
29.1	29.35
29.1	29.36
29.7	29.37
29.1	29.38
29.8	29.39
29.8	29.40
29.1	29.41
29.8	29.42
29.1	29.43
29.1	29.44
29.1	29.45
29.1	29.46
29.5	29.47
29.1	29.48
29.1	29.49
29.1	29.50
29.1	29.51
29.8	29.52
29.8	29.53
29.8	29.54
29.1	29.55
29.1	29.56
29.1	29.57
29.1	29.58
29.1	29.59
29.1	29.60
29.1	29.61
29.1	29.62
29.1	29.63
29.1	29.64
30.17	30.1
30.15	30.2
30.18	30.3
30.5	30.4
30.12	30.5
30.12	30.6
30.9	30.7
30.12	30.8
30.17	30.9
30.12	30.10
30.18	30.11
30.12	30.12
30.12	30.13
30.12	30.14
30.18	30.15
30.12	30.16
30.3	30.17
30.12	30.18
30.18	30.19
30.12	30.20
30.12	30.21
30.1	30.22
30.12	30.23
30.12	30.24
30.12	30.25
30.6	30.26
30.7	30.27
30.8	30.28
30.18	30.29
30.2	30.30
30.17	30.31
30.12	30.32
30.14	30.33
30.14	30.34
30.12	30.35
30.4	30.36
30.16	30.37
30.12	30.38
30.12	30.39
30.18	30.40
30.18	30.41
30.18	30.42
30.18	30.43
30.10	30.44
30.12	30.45
30.12	30.46
30.12	30.47
30.18	30.48
30.12	30.49
30.1	30.50
30.13	30.51
30.12	30.52
30.12	30.53
30.12	30.54
30.12	30.55
30.12	30.56
30.12	30.57
30.18	30.58
30.12	30.59
30.16	30.60
30.11	30.61
30.18	30.62
30.12	30.63
30.12	30.64
31.8	31.1
31.8	31.2
31.8	31.3
31.5	31.4
31.6	31.5
31.1	31.6
31.8	31.7
31.1	31.8
31.8	31.9
31.1	31.10
31.8	31.11
31.8	31.12
31.1	31.13
31.8	31.14
31.8	31.15
31.1	31.16
31.1	31.17
31.8	31.18
31.8	31.19
31.8	31.20
31.8	31.21
31.8	31.22
31.8	31.23
31.1	31.24
31.1	31.25
31.5	31.26
31.9	31.27
31.1	31.28
31.8	31.29
31.8	31.30
31.4	31.31
31.8	31.32
31.8	31.33
31.8	31.34
31.7	31.35
31.8	31.36
31.9	31.37
31.8	31.38
31.8	31.39
31.8	31.40
31.1	31.41
31.8	31.42
31.9	31.43
31.1	31.44
31.2	31.45
31.9	31.46
31.8	31.47
31.5	31.48
31.8	31.49
31.8	31.50
31.3	31.51
31.8	31.52
31.8	31.53
31.8	31.54
31.8	31.55
31.8	31.56
31.1	31.57
31.7	31.58
31.1	31.59
31.8	31.60
31.5	31.61
31.8	31.62
31.8	31.63
31.8	31.64
32.6	32.1
32.6	32.2
32.1	32.3
32.4	32.4
32.3	32.5
32.1	32.6
32.1	32.7
32.1	32.8
32.6	32.9
32.1	32.10
32.1	32.11
32.9	32.12
32.6	32.13
32.6	32.14
32.1	32.15
32.3	32.16
32.1	32.17
32.1	32.18
32.1	32.19
32.7	32.20
32.6	32.21
32.1	32.22
32.7	32.23
32.9	32.24
32.5	32.25
32.1	32.26
32.5	32.27
32.1	32.28
32.5	32.29
32.5	32.30
32.6	32.31
32.6	32.32
32.11	32.33
32.6	32.34
32.5	32.35
32.1	32.36
32.10	32.37
32.5	32.38
32.5	32.39
32.8	32.40
32.5	32.41
32.6	32.42
32.9	32.43
32.2	32.44
32.3	32.45
32.1	32.46
32.1	32.47
32.7	32.48
32.6	32.49
32.7	32.50
32.9	32.51
32.9	32.52
32.5	32.53
32.1	32.54
32.6	32.55
32.5	32.56
32.11	32.57
32.5	32.58
32.11	32.59
32.5	32.60
32.5	32.61
32.5	32.62
32.5	32.63
32.4	32.64
33.1	33.1
33.1	33.2
33.5	33.3
33.5	33.4
33.1	33.5
33.5	33.6
33.5	33.7
33.5	33.8
33.5	33.9
33.5	33.10
33.5	33.11
33.5	33.12
33.5	33.13
33.5	33.14
33.1	33.15
33.1	33.16
33.5	33.17
33.5	33.18
33.3	33.19
33.4	33.20
33.6	33.21
33.5	33.22
33.6	33.23
33.5	33.24
33.6	33.25
33.5	33.26
33.5	33.27
33.5	33.28
33.5	33.29
33.5	33.30
33.5	33.31
33.1	33.32
33.5	33.33
33.5	33.34
33.1	33.35
33.5	33.36
33.5	33.37
33.5	33.38
33.5	33.39
33.5	33.40
33.5	33.41
33.1	33.42
33.5	33.43
33.1	33.44
33.5	33.45
33.5	33.46
33.5	33.47
33.5	33.48
33.5	33.49
33.5	33.50
33.5	33.51
33.5	33.52
33.5	33.53
33.1	33.54
33.1	33.55
33.2	33.56
33.5	33.57
33.5	33.58
33.5	33.59
33.1	33.60
33.5	33.61
33.5	33.62
33.5	33.63
33.5	33.64
34.8	34.1
34.11	34.2
34.9	34.3
34.9	34.4
34.1	34.5
34.9	34.6
34.1	34.7
34.8	34.8
34.1	34.9
34.11	34.10
34.11	34.11
34.9	34.12
34.8	34.13
34.1	34.14
34.1	34.15
34.1	34.16
34.9	34.17
34.9	34.18
34.1	34.19
34.9	34.20
34.8	34.21
34.1	34.22
34.1	34.23
34.1	34.24
34.9	34.25
34.11	34.26
34.10	34.27
34.11	34.28
34.1	34.29
34.10	34.30
34.7	34.31
34.1	34.32
34.9	34.33
34.3	34.34
34.9	34.35
34.8	34.36
34.11	34.37
34.9	34.38
34.8	34.39
34.1	34.40
34.11	34.41
34.10	34.42
34.2	34.43
34.1	34.44
34.6	34.45
34.8	34.46
34.11	34.47
34.1	34.48
34.11	34.49
34.5	34.50
34.8	34.51
34.1	34.52
34.11	34.53
34.11	34.54
34.1	34.55
34.1	34.56
34.10	34.57
34.10	34.58
34.4	34.59
34.1	34.60
34.9	34.61
34.8	34.62
34.8	34.63
34.1	34.64
35.1	35.1
35.10	35.2
35.12	35.3
35.1	35.4
35.1	35.5
35.3	35.6
35.1	35.7
35.10	35.8
35.9	35.9
35.1	35.10
35.1	35.11
35.4	35.12
35.1	35.13
35.1	35.14
35.10	35.15
35.10	35.16
35.12	35.17
35.12	35.18
35.10	35.19
35.1	35.20
35.1	35.21
35.1	35.22
35.7	35.23
35.1	35.24
35.10	35.25
35.10	35.26
35.12	35.27
35.1	35.28
35.10	35.29
35.7	35.30
35.11	35.31
35.1	35.32
35.12	35.33
35.12	35.34
35.1	35.35
35.12	35.36
35.10	35.37
35.9	35.38
35.12	35.39
35.10	35.40
35.10	35.41
35.10	35.42
35.12	35.43
35.8	35.44
35.12	35.45
35.10	35.46
35.10	35.47
35.1	35.48
35.2	35.49
35.10	35.50
35.10	35.51
35.9	35.52
35.10	35.53
35.10	35.54
35.10	35.55
35.1	35.56
35.1	35.57
35.6	35.58
35.1	35.59
35.7	35.60
35.7	35.61
35.9	35.62
35.7	35.63
35.5	35.64
36.1	36.1
36.9	36.2
36.12	36.3
36.8	36.4
36.12	36.5
36.9	36.6
36.13	36.7
36.13	36.8
36.13	36.9
36.9	36.10
36.9	36.11
36.7	36.12
36.11	36.13
36.13	36.14
36.15	36.15
36.9	36.16
36.2	36.17
36.9	36.18
36.9	36.19
36.9	36.20
36.13	36.21
36.9	36.22
36.4	36.23
36.6	36.24
36.9	36.25
36.9	36.26
36.13	36.27
36.13	36.28
36.9	36.29
36.6	36.30
36.9	36.31
36.13	36.32
36.13	36.33
36.9	36.34
36.9	36.35
36.9	36.36
36.5	36.37
36.14	36.38
36.6	36.39
36.10	36.40
36.9	36.41
36.13	36.42
36.6	36.43
36.4	36.44
36.9	36.45
36.11	36.46
36.13	36.47
36.6	36.48
36.9	36.49
36.13	36.50
36.13	36.51
36.13	36.52
36.9	36.53
36.3	36.54
36.9	36.55
36.9	36.56
36.7	36.57
36.9	36.58
36.13	36.59
36.11	36.60
36.13	36.61
36.9	36.62
36.13	36.63
36.9	36.64
37.10	37.1
37.11	37.2
37.10	37.3
37.8	37.4
37.17	37.5
37.10	37.6
37.17	37.7
37.13	37.8
37.17	37.9
37.17	37.10
37.5	37.11
37.12	37.12
37.17	37.13
37.15	37.14
37.17	37.15
37.1	37.16
37.13	37.17
37.10	37.18
37.17	37.19
37.17	37.20
37.5	37.21
37.17	37.22
37.18	37.23
37.3	37.24
37.17	37.25
37.10	37.26
37.2	37.27
37.10	37.28
37.3	37.29
37.17	37.30
37.7	37.31
37.17	37.32
37.17	37.33
37.4	37.34
37.17	37.35
37.12	37.36
37.10	37.37
37.15	37.38
37.14	37.39
37.15	37.40
37.17	37.41
37.10	37.42
37.16	37.43
37.17	37.44
37.15	37.45
37.10	37.46
37.10	37.47
37.15	37.48
37.15	37.49
37.17	37.50
37.9	37.51
37.17	37.52
37.13	37.53
37.12	37.54
37.18	37.55
37.5	37.56
37.13	37.57
37.13	37.58
37.10	37.59
37.10	37.60
37.10	37.61
37.17	37.62
37.13	37.63
37.6	37.64
38.8	38.1
38.4	38.2
38.7	38.3
38.4	38.4
38.4	38.5
38.7	38.6
38.8	38.7
38.8	38.8
38.7	38.9
38.7	38.10
38.7	38.11
38.2	38.12
38.1	38.13
38.6	38.14
38.4	38.15
38.4	38.16
38.8	38.17
38.4	38.18
38.4	38.19
38.7	38.20
38.7	38.21
38.1	38.22
38.7	38.23
38.4	38.24
38.8	38.25
38.4	38.26
38.9	38.27
38.8	38.28
38.9	38.29
38.7	38.30
38.8	38.31
38.8	38.32
38.8	38.33
38.9	38.34
38.4	38.35
38.7	38.36
38.1	38.37
38.4	38.38
38.8	38.39
38.7	38.40
38.9	38.41
38.4	38.42
38.7	38.43
38.6	38.44
38.4	38.45
38.3	38.46
38.4	38.47
38.8	38.48
38.4	38.49
38.4	38.50
38.6	38.51
38.4	38.52
38.7	38.53
38.8	38.54
38.5	38.55
38.7	38.56
38.7	38.57
38.7	38.58
38.9	38.59
38.7	38.60
38.8	38.61
38.8	38.62
38.4	38.63
38.4	38.64
39.14	39.1
39.9	39.2
39.9	39.3
39.9	39.4
39.14	39.5
39.14	39.6
39.1	39.7
39.16	39.8
39.14	39.9
39.1	39.10
39.2	39.11
39.1	39.12
39.13	39.13
39.3	39.14
39.9	39.15
39.15	39.16
39.9	39.17
39.14	39.18
39.6	39.19
39.1	39.20
39.9	39.21
39.9	39.22
39.14	39.23
39.5	39.24
39.14	39.25
39.9	39.26
39.14	39.27
39.1	39.28
39.1	39.29
39.1	39.30
39.14	39.31
39.9	39.32
39.10	39.33
39.9	39.34
39.14	39.35
39.11	39.36
39.9	39.37
39.14	39.38
39.14	39.39
39.14	39.40
39.11	39.41
39.9	39.42
39.7	39.43
39.4	39.44
39.14	39.45
39.9	39.46
39.8	39.47
39.14	39.48
39.14	39.49
39.1	39.50
39.1	39.51
39.1	39.52
39.9	39.53
39.9	39.54
39.9	39.55
39.9	39.56
39.9	39.57
39.14	39.58
39.14	39.59
39.1	39.60
39.12	39.61
39.14	39.62
39.14	39.63
39.9	39.64
40.1	40.1
40.1	40.2
40.14	40.3
40.6	40.4
40.6	40.5
40.14	40.6
40.1	40.7
40.13	40.8
40.14	40.9
40.14	40.10
40.14	40.11
40.1	40.12
40.14	40.13
40.14	40.14
40.14	40.15
40.1	40.16
40.14	40.17
40.5	40.18
40.3	40.19
40.12	40.20
40.14	40.21
40.14	40.22
40.14	40.23
40.1	40.24
40.8	40.25
40.6	40.26
40.12	40.27
40.14	40.28
40.14	40.29
40.7	40.30
40.13	40.31
40.1	40.32
40.14	40.33
40.6	40.34
40.1	40.35
40.13	40.36
40.6	40.37
40.14	40.38
40.1	40.39
40.1	40.40
40.14	40.41
40.13	40.42
40.2	40.43
40.13	40.44
40.1	40.45
40.1	40.46
40.14	40.47
40.4	40.48
40.9	40.49
40.13	40.50
40.1	40.51
40.1	40.52
40.1	40.53
40.6	40.54
40.14	40.55
40.1	40.56
40.14	40.57
40.6	40.58
40.14	40.59
40.10	40.60
40.10	40.61
40.4	40.62
40.11	40.63
40.14	40.64
41.1	41.1
41.12	41.2
41.1	41.3
41.12	41.4
41.12	41.5
41.6	41.6
41.12	41.7
41.12	41.8
41.3	41.9
41.1	41.10
41.8	41.11
41.12	41.12
41.1	41.13
41.1	41.14
41.12	41.15
41.12	41.16
41.12	41.17
41.10	41.18
41.13	41.19
41.8	41.20
41.7	41.21
41.12	41.22
41.12	41.23
41.12	41.24
41.10	41.25
41.12	41.26
41.1	41.27
41.12	41.28
41.1	41.29
41.8	41.30
41.8	41.31
41.1	41.32
41.11	41.33
41.7	41.34
41.12	41.35
41.1	41.36
41.1	41.37
41.1	41.38
41.1	41.39
41.5	41.40
41.6	41.41
41.1	41.42
41.12	41.43
41.1	41.44
41.4	41.45
41.1	41.46
41.7	41.47
41.12	41.48
41.2	41.49
41.1	41.50
41.1	41.51
41.1	41.52
41.1	41.53
41.12	41.54
41.6	41.55
41.8	41.56
41.12	41.57
41.12	41.58
41.1	41.59
41.12	41.60
41.6	41.61
41.1	41.62
41.9	41.63
41.8	41.64
42.1	42.1
42.9	42.2
42.9	42.3
42.1	42.4
42.1	42.5
42.8	42.6
42.10	42.7
42.10	42.8
42.10	42.9
42.7	42.10
42.9	42.11
42.1	42.12
42.9	42.13
42.12	42.14
42.9	42.15
42.7	42.16
42.6	42.17
42.8	42.18
42.8	42.19
42.9	42.20
42.1	42.21
42.12	42.22
42.9	42.23
42.1	42.24
42.9	42.25
42.10	42.26
42.1	42.27
42.10	42.28
42.12	42.29
42.1	42.30
42.10	42.31
42.10	42.32
42.9	42.33
42.1	42.34
42.7	42.35
42.1	42.36
42.12	42.37
42.1	42.38
42.9	42.39
42.4	42.40
42.9	42.41
42.1	42.42
42.12	42.43
42.1	42.44
42.10	42.45
42.1	42.46
42.1	42.47
42.5	42.48
42.12	42.49
42.7	42.50
42.11	42.51
42.10	42.52
42.5	42.53
42.5	42.54
42.2	42.55
42.9	42.56
42.3	42.57
42.10	42.58
42.1	42.59
42.9	42.60
42.10	42.61
42.1	42.62
42.9	42.63
42.9	42.64
43.10	43.1
43.6	43.2
43.6	43.3
43.6	43.4
43.6	43.5
43.7	43.6
43.6	43.7
43.2	43.8
43.10	43.9
43.10	43.10
43.7	43.11
43.12	43.12
43.11	43.13
43.8	43.14
43.6	43.15
43.6	43.16
43.10	43.17
43.6	43.18
43.6	43.19
43.11	43.20
43.3	43.21
43.3	43.22
43.6	43.23
43.3	43.24
43.9	43.25
43.3	43.26
43.10	43.27
43.3	43.28
43.6	43.29
43.10	43.30
43.3	43.31
43.10	43.32
43.10	43.33
43.12	43.34
43.11	43.35
43.5	43.36
43.3	43.37
43.9	43.38
43.9	43.39
43.3	43.40
43.6	43.41
43.3	43.42
43.9	43.43
43.5	43.44
43.9	43.45
43.1	43.46
43.10	43.47
43.9	43.48
43.3	43.49
43.4	43.50
43.11	43.51
43.10	43.52
43.10	43.53
43.3	43.54
43.11	43.55
43.6	43.56
43.9	43.57
43.3	43.58
43.10	43.59
43.3	43.60
43.10	43.61
43.10	43.62
43.3	43.63
43.3	43.64
44.7	44.1
44.7	44.2
44.7	44.3
44.7	44.4
44.6	44.5
44.3	44.6
44.7	44.7
44.1	44.8
44.6	44.9
44.7	44.10
44.7	44.11
44.7	44.12
44.7	44.13
44.6	44.14
44.7	44.15
44.7	44.16
44.4	44.17
44.7	44.18
44.7	44.19
44.7	44.20
44.7	44.21
44.7	44.22
44.3	44.23
44.7	44.24
44.7	44.25
44.7	44.26
44.7	44.27
44.7	44.28
44.7	44.29
44.7	44.30
44.6	44.31
44.6	44.32
44.7	44.33
44.7	44.34
44.7	44.35
44.7	44.36
44.7	44.37
44.7	44.38
44.7	44.39
44.6	44.40
44.7	44.41
44.7	44.42
44.7	44.43
44.7	44.44
44.7	44.45
44.2	44.46
44.7	44.47
44.7	44.48
44.6	44.49
44.5	44.50
44.5	44.51
44.7	44.52
44.6	44.53
44.7	44.54
44.5	44.55
44.6	44.56
44.6	44.57
44.5	44.58
44.6	44.59
44.7	44.60
44.6	44.61
44.7	44.62
44.6	44.63
44.6	44.64
45.1	45.1
45.12	45.2
45.11	45.3
45.12	45.4
45.12	45.5
45.12	45.6
45.1	45.7
45.1	45.8
45.5	45.9
45.11	45.10
45.12	45.11
45.11	45.12
45.12	45.13
45.1	45.14
45.12	45.15
45.12	45.16
45.11	45.17
45.12	45.18
45.12	45.19
45.1	45.20
45.1	45.21
45.4	45.22
45.12	45.23
45.12	45.24
45.12	45.25
45.3	45.26
45.1	45.27
45.12	45.28
45.1	45.29
45.12	45.30
45.12	45.31
45.1	45.32
45.10	45.33
45.1	45.34
45.6	45.35
45.12	45.36
45.8	45.37
45.12	45.38
45.7	45.39
45.9	45.40
45.9	45.41
45.12	45.42
45.1	45.43
45.12	45.44
45.12	45.45
45.12	45.46
45.12	45.47
45.7	45.48
45.12	45.49
45.1	45.50
45.12	45.51
45.1	45.52
45.1	45.53
45.12	45.54
45.12	45.55
45.2	45.56
45.9	45.57
45.1	45.58
45.12	45.59
45.1	45.60
45.1	45.61
45.1	45.62
45.7	45.63
45.12	45.64
46.8	46.1
46.1	46.2
46.6	46.3
46.8	46.4
46.1	46.5
46.8	46.6
46.8	46.7
46.1	46.8
46.1	46.9
46.8	46.10
46.5	46.11
46.5	46.12
46.8	46.13
46.8	46.14
46.8	46.15
46.1	46.16
46.5	46.17
46.5	46.18
46.1	46.19
46.5	46.20
46.5	46.21
46.1	46.22
46.8	46.23
46.9	46.24
46.5	46.25
46.4	46.26
46.8	46.27
46.8	46.28
46.8	46.29
46.8	46.30
46.8	46.31
46.1	46.32
46.8	46.33
46.9	46.34
46.1	46.35
46.1	46.36
46.8	46.37
46.5	46.38
46.1	46.39
46.8	46.40
46.5	46.41
46.2	46.42
46.6	46.43
46.1	46.44
46.1	46.45
46.6	46.46
46.1	46.47
46.8	46.48
46.5	46.49
46.1	46.50
46.7	46.51
46.5	46.52
46.1	46.53
46.3	46.54
46.5	46.55
46.1	46.56
46.5	46.57
46.8	46.58
46.6	46.59
46.1	46.60
46.6	46.61
46.1	46.62
46.8	46.63
46.8	46.64
47.7	47.1
47.8	47.2
47.1	47.3
47.1	47.4
47.6	47.5
47.6	47.6
47.1	47.7
47.7	47.8
47.8	47.9
47.1	47.10
47.7	47.11
47.1	47.12
47.7	47.13
47.7	47.14
47.6	47.15
47.6	47.16
47.5	47.17
47.6	47.18
47.7	47.19
47.8	47.20
47.1	47.21
47.6	47.22
47.7	47.23
47.6	47.24
47.7	47.25
47.8	47.26
47.7	47.27
47.7	47.28
47.6	47.29
47.6	47.30
47.7	47.31
47.6	47.32
47.1	47.33
47.1	47.34
47.6	47.35
47.6	47.36
47.1	47.37
47.7	47.38
47.6	47.39
47.7	47.40
47.7	47.41
47.6	47.42
47.4	47.43
47.7	47.44
47.7	47.45
47.6	47.46
47.6	47.47
47.7	47.48
47.6	47.49
47.7	47.50
47.7	47.51
47.3	47.52
47.6	47.53
47.8	47.54
47.5	47.55
47.6	47.56
47.7	47.57
47.1	47.58
47.6	47.59
47.2	47.60
47.5	47.61
47.6	47.62
47.1	47.63
47.7	47.64
48.1	48.1
48.7	48.2
48.8	48.3
48.7	48.4
48.7	48.5
48.8	48.6
48.7	48.7
48.7	48.8
48.6	48.9
48.8	48.10
48.4	48.11
48.1	48.12
48.1	48.13
48.6	48.14
48.7	48.15
48.7	48.16
48.8	48.17
48.4	48.18
48.7	48.19
48.6	48.20
48.7	48.21
48.6	48.22
48.8	48.23
48.6	48.24
48.8	48.25
48.6	48.26
48.8	48.27
48.7	48.28
48.7	48.29
48.2	48.30
48.8	48.31
48.7	48.32
48.5	48.33
48.1	48.34
48.7	48.35
48.7	48.36
48.6	48.37
48.6	48.38
48.7	48.39
48.8	48.40
48.8	48.41
48.1	48.42
48.7	48.43
48.7	48.44
48.1	48.45
48.5	48.46
48.8	48.47
48.6	48.48
48.6	48.49
48.3	48.50
48.7	48.51
48.8	48.52
48.7	48.53
48.8	48.54
48.1	48.55
48.1	48.56
48.7	48.57
48.1	48.58
48.1	48.59
48.7	48.60
48.1	48.61
48.1	48.62
48.7	48.63
48.8	48.64
49.1	49.1
49.1	49.2
49.5	49.3
49.5	49.4
49.7	49.5
49.5	49.6
49.1	49.7
49.5	49.8
49.5	49.9
49.5	49.10
49.2	49.11
49.8	49.12
49.5	49.13
49.6	49.14
49.5	49.15
49.7	49.16
49.1	49.17
49.6	49.18
49.5	49.19
49.5	49.20
49.1	49.21
49.7	49.22
49.8	49.23
49.5	49.24
49.8	49.25
49.5	49.26
49.8	49.27
49.8	49.28
49.1	49.29
49.1	49.30
49.8	49.31
49.1	49.32
49.7	49.33
49.8	49.34
49.8	49.35
49.1	49.36
49.1	49.37
49.1	49.38
49.8	49.39
49.5	49.40
49.6	49.41
49.5	49.42
49.1	49.43
49.5	49.44
49.1	49.45
49.7	49.46
49.8	49.47
49.8	49.48
49.1	49.49
49.8	49.50
49.3	49.51
49.5	49.52
49.1	49.53
49.6	49.54
49.8	49.55
49.5	49.56
49.6	49.57
49.5	49.58
49.8	49.59
49.8	49.60
49.8	49.61
49.7	49.62
49.6	49.63
49.4	49.64
50.1	50.1
50.1	50.2
50.6	50.3
50.1	50.4
50.6	50.5
50.1	50.6
50.1	50.7
50.1	50.8
50.1	50.9
50.1	50.10
50.6	50.11
50.6	50.12
50.1	50.13
50.1	50.14
50.1	50.15
50.6	50.16
50.6	50.17
50.6	50.18
50.1	50.19
50.6	50.20
50.1	50.21
50.6	50.22
50.6	50.23
50.1	50.24
50.1	50.25
50.6	50.26
50.6	50.27
50.1	50.28
50.1	50.29
50.3	50.30
50.6	50.31
50.1	50.32
50.6	50.33
50.6	50.34
50.1	50.35
50.1	50.36
50.1	50.37
50.1	50.38
50.4	50.39
50.1	50.40
50.1	50.41
50.5	50.42
50.5	50.43
50.6	50.44
50.1	50.45
50.6	50.46
50.1	50.47
50.5	50.48
50.6	50.49
50.1	50.50
50.5	50.51
50.1	50.52
50.6	50.53
50.1	50.54
50.1	50.55
50.1	50.56
50.6	50.57
50.2	50.58
50.1	50.59
50.1	50.60
50.5	50.61
50.1	50.62
50.1	50.63
50.1	50.64
51.8	51.1
51.4	51.2
51.9	51.3
51.7	51.4
51.8	51.5
51.9	51.6
51.9	51.7
51.8	51.8
51.4	51.9
51.4	51.10
51.4	51.11
51.1	51.12
51.9	51.13
51.8	51.14
51.8	51.15
51.9	51.16
51.4	51.17
51.10	51.18
51.9	51.19
51.4	51.20
51.5	51.21
51.9	51.22
51.7	51.23
51.9	51.24
51.7	51.25
51.9	51.26
51.4	51.27
51.11	51.28
51.8	51.29
51.1	51.30
51.9	51.31
51.9	51.32
51.4	51.33
51.2	51.34
51.9	51.35
51.9	51.36
51.8	51.37
51.9	51.38
51.9	51.39
51.9	51.40
51.9	51.41
51.9	51.42
51.7	51.43
51.4	51.44
51.1	51.45
51.4	51.46
51.8	51.47
51.9	51.48
51.4	51.49
51.4	51.50
51.3	51.51
51.7	51.52
51.4	51.53
51.9	51.54
51.9	51.55
51.4	51.56
51.4	51.57
51.6	51.58
51.9	51.59
51.10	51.60
51.4	51.61
51.4	51.62
51.8	51.63
51.10	51.64
52.6	52.1
52.6	52.2
52.1	52.3
52.6	52.4
52.6	52.5
52.6	52.6
52.10	52.7
52.6	52.8
52.6	52.9
52.4	52.10
52.8	52.11
52.6	52.12
52.1	52.13
52.6	52.14
52.1	52.15
52.1	52.16
52.6	52.17
52.1	52.18
52.1	52.19
52.6	52.20
52.8	52.21
52.6	52.22
52.7	52.23
52.1	52.24
52.6	52.25
52.6	52.26
52.6	52.27
52.1	52.28
52.6	52.29
52.1	52.30
52.6	52.31
52.10	52.32
52.8	52.33
52.6	52.34
52.1	52.35
52.1	52.36
52.1	52.37
52.10	52.38
52.1	52.39
52.6	52.40
52.6	52.41
52.10	52.42
52.6	52.43
52.1	52.44
52.1	52.45
52.6	52.46
52.3	52.47
52.1	52.48
52.1	52.49
52.6	52.50
52.10	52.51
52.6	52.52
52.2	52.53
52.9	52.54
52.6	52.55
52.1	52.56
52.5	52.57
52.4	52.58
52.6	52.59
52.8	52.60
52.8	52.61
52.10	52.62
52.6	52.63
52.1	52.64
53.1	53.1
53.8	53.2
53.11	53.3
53.11	53.4
53.1	53.5
53.11	53.6
53.7	53.7
53.10	53.8
53.11	53.9
53.1	53.10
53.8	53.11
53.9	53.12
53.9	53.13
53.7	53.14
53.4	53.15
53.11	53.16
53.1	53.17
53.4	53.18
53.7	53.19
53.8	53.20
53.11	53.21
53.11	53.22
53.11	53.23
53.5	53.24
53.9	53.25
53.1	53.26
53.1	53.27
53.10	53.28
53.7	53.29
53.9	53.30
53.6	53.31
53.8	53.32
53.4	53.33
53.11	53.34
53.9	53.35
53.9	53.36
53.11	53.37
53.9	53.38
53.6	53.39
53.1	53.40
53.7	53.41
53.8	53.42
53.3	53.43
53.8	53.44
53.4	53.45
53.1	53.46
53.11	53.47
53.7	53.48
53.8	53.49
53.9	53.50
53.8	53.51
53.2	53.52
53.1	53.53
53.9	53.54
53.8	53.55
53.11	53.56
53.7	53.57
53.1	53.58
53.8	53.59
53.8	53.60
53.1	53.61
53.8	53.62
53.1	53.63
53.9	53.64
54.10	54.1
54.10	54.2
54.10	54.3
54.8	54.4
54.10	54.5
54.10	54.6
54.8	54.7
54.8	54.8
54.8	54.9
54.10	54.10
54.1	54.11
54.8	54.12
54.10	54.13
54.10	54.14
54.10	54.15
54.8	54.16
54.10	54.17
54.9	54.18
54.8	54.19
54.10	54.20
54.8	54.21
54.1	54.22
54.10	54.23
54.2	54.24
54.4	54.25
54.13	54.26
54.1	54.27
54.10	54.28
54.10	54.29
54.10	54.30
54.10	54.31
54.9	54.32
54.1	54.33
54.9	54.34
54.10	54.35
54.11	54.36
54.1	54.37
54.8	54.38
54.10	54.39
54.8	54.40
54.6	54.41
54.8	54.42
54.10	54.43
54.3	54.44
54.10	54.45
54.1	54.46
54.1	54.47
54.12	54.48
54.8	54.49
54.1	54.50
54.10	54.51
54.9	54.52
54.8	54.53
54.6	54.54
54.1	54.55
54.8	54.56
54.1	54.57
54.8	54.58
54.7	54.59
54.5	54.60
54.10	54.61
54.10	54.62
54.8	54.63
54.8	54.64
55.1	55.1
55.5	55.2
55.6	55.3
55.5	55.4
55.1	55.5
55.4	55.6
55.1	55.7
55.1	55.8
55.7	55.9
55.1	55.10
55.5	55.11
55.4	55.12
55.1	55.13
55.1	55.14
55.1	55.15
55.1	55.16
55.4	55.17
55.1	55.18
55.5	55.19
55.3	55.20
55.1	55.21
55.5	55.22
55.2	55.23
55.1	55.24
55.1	55.25
55.5	55.26
55.1	55.27
55.5	55.28
55.1	55.29
55.4	55.30
55.4	55.31
55.5	55.32
55.1	55.33
55.1	55.34
55.1	55.35
55.5	55.36
55.5	55.37
55.7	55.38
55.1	55.39
55.5	55.40
55.3	55.41
55.1	55.42
55.1	55.43
55.1	55.44
55.1	55.45
55.1	55.46
55.5	55.47
55.4	55.48
55.4	55.49
55.1	55.50
55.5	55.51
55.1	55.52
55.5	55.53
55.1	55.54
55.1	55.55
55.1	55.56
55.1	55.57
55.5	55.58
55.1	55.59
55.5	55.60
55.4	55.61
55.5	55.62
55.1	55.63
55.1	55.64
56.9	56.1
56.9	56.2
56.9	56.3
56.9	56.4
56.10	56.5
56.2	56.6
56.8	56.7
56.1	56.8
56.1	56.9
56.9	56.10
56.1	56.11
56.9	56.12
56.1	56.13
56.1	56.14
56.8	56.15
56.9	56.16
56.9	56.17
56.1	56.18
56.4	56.19
56.1	56.20
56.1	56.21
56.10	56.22
56.1	56.23
56.1	56.24
56.9	56.25
56.1	56.26
56.7	56.27
56.1	56.28
56.9	56.29
56.9	56.30
56.5	56.31
56.4	56.32
56.9	56.33
56.9	56.34
56.7	56.35
56.1	56.36
56.1	56.37
56.8	56.38
56.7	56.39
56.1	56.40
56.4	56.41
56.1	56.42
56.9	56.43
56.7	56.44
56.1	56.45
56.1	56.46
56.9	56.47
56.1	56.48
56.4	56.49
56.7	56.50
56.9	56.51
56.1	56.52
56.6	56.53
56.8	56.54
56.5	56.55
56.1	56.56
56.7	56.57
56.3	56.58
56.3	56.59
56.4	56.60
56.1	56.61
56.9	56.62
56.9	56.63
56.9	56.64
57.3	57.1
57.3	57.2
57.3	57.3
57.3	57.4
57.3	57.5
57.3	57.6
57.3	57.7
57.3	57.8
57.3	57.9
57.3	57.10
57.3	57.11
57.3	57.12
57.3	57.13
57.3	57.14
57.5	57.15
57.3	57.16
57.3	57.17
57.3	57.18
57.3	57.19
57.5	57.20
57.3	57.21
57.4	57.22
57.3	57.23
57.3	57.24
57.3	57.25
57.5	57.26
57.3	57.27
57.3	57.28
57.2	57.29
57.3	57.30
57.3	57.31
57.3	57.32
57.3	57.33
57.3	57.34
57.3	57.35
57.3	57.36
57.7	57.37
57.3	57.38
57.3	57.39
57.5	57.40
57.5	57.41
57.5	57.42
57.3	57.43
57.3	57.44
57.3	57.45
57.3	57.46
57.5	57.47
57.3	57.48
57.1	57.49
57.3	57.50
57.3	57.51
57.5	57.52
57.5	57.53
57.5	57.54
57.3	57.55
57.3	57.56
57.1	57.57
57.5	57.58
57.3	57.59
57.5	57.60
57.6	57.61
57.3	57.62
57.3	57.63
57.5	57.64
58.8	58.1
58.8	58.2
58.1	58.3
58.8	58.4
58.6	58.5
58.8	58.6
58.6	58.7
58.6	58.8
58.1	58.9
58.6	58.10
58.8	58.11
58.6	58.12
58.6	58.13
58.9	58.14
58.8	58.15
58.7	58.16
58.6	58.17
58.6	58.18
58.4	58.19
58.10	58.20
58.6	58.21
58.11	58.22
58.6	58.23
58.8	58.24
58.1	58.25
58.1	58.26
58.6	58.27
58.6	58.28
58.6	58.29
58.8	58.30
58.1	58.31
58.6	58.32
58.6	58.33
58.6	58.34
58.8	58.35
58.1	58.36
58.8	58.37
58.1	58.38
58.1	58.39
58.6	58.40
58.8	58.41
58.6	58.42
58.4	58.43
58.10	58.44
58.6	58.45
58.11	58.46
58.6	58.47
58.8	58.48
58.1	58.49
58.8	58.50
58.5	58.51
58.7	58.52
58.6	58.53
58.3	58.54
58.8	58.55
58.8	58.56
58.6	58.57
58.6	58.58
58.1	58.59
58.7	58.60
58.1	58.61
58.6	58.62
58.6	58.63
58.2	58.64
59.5	59.1
59.5	59.2
59.3	59.3
59.5	59.4
59.1	59.5
59.5	59.6
59.1	59.7
59.5	59.8
59.5	59.9
59.1	59.10
59.5	59.11
59.5	59.12
59.1	59.13
59.5	59.14
59.5	59.15
59.1	59.16
59.3	59.17
59.5	59.18
59.5	59.19
59.3	59.20
59.5	59.21
59.5	59.22
59.5	59.23
59.4	59.24
59.5	59.25
59.5	59.26
59.5	59.27
59.1	59.28
59.5	59.29
59.5	59.30
59.5	59.31
59.6	59.32
59.5	59.33
59.7	59.34
59.1	59.35
59.1	59.36
59.4	59.37
59.6	59.38
59.5	59.39
59.5	59.40
59.3	59.41
59.1	59.42
59.5	59.43
59.5	59.44
59.5	59.45
59.5	59.46
59.1	59.47
59.5	59.48
59.1	59.49
59.5	59.50
59.5	59.51
59.5	59.52
59.3	59.53
59.5	59.54
59.5	59.55
59.5	59.56
59.1	59.57
59.6	59.58
59.5	59.59
59.3	59.60
59.3	59.61
59.5	59.62
59.2	59.63
59.5	59.64
60.13	60.1
60.10	60.2
60.10	60.3
60.10	60.4
60.13	60.5
60.10	60.6
60.12	60.7
60.13	60.8
60.4	60.9
60.13	60.10
60.10	60.11
60.10	60.12
60.13	60.13
60.4	60.14
60.10	60.15
60.4	60.16
60.3	60.17
60.10	60.18
60.9	60.19
60.4	60.20
60.10	60.21
60.10	60.22
60.10	60.23
60.4	60.24
60.4	60.25
60.4	60.26
60.13	60.27
60.12	60.28
60.13	60.29
60.6	60.30
60.13	60.31
60.12	60.32
60.8	60.33
60.13	60.34
60.10	60.35
60.2	60.36
60.6	60.37
60.10	60.38
60.6	60.39
60.8	60.40
60.10	60.41
60.1	60.42
60.13	60.43
60.4	60.44
60.11	60.45
60.10	60.46
60.4	60.47
60.10	60.48
60.14	60.49
60.4	60.50
60.10	60.51
60.10	60.52
60.9	60.53
60.13	60.54
60.10	60.55
60.13	60.56
60.13	60.57
60.5	60.58
60.7	60.59
60.10	60.60
60.1	60.61
60.1	60.62
60.9	60.63
60.12	60.64
61.4	61.1
61.1	61.2
61.1	61.3
61.4	61.4
61.1	61.5
61.1	61.6
61.6	61.7
61.6	61.8
61.1	61.9
61.1	61.10
61.4	61.11
61.6	61.12
61.4	61.13
61.6	61.14
61.4	61.15
61.1	61.16
61.1	61.17
61.4	61.18
61.6	61.19
61.6	61.20
61.1	61.21
61.1	61.22
61.4	61.23
61.3	61.24
61.6	61.25
61.1	61.26
61.4	61.27
61.1	61.28
61.5	61.29
61.5	61.30
61.4	61.31
61.6	61.32
61.4	61.33
61.4	61.34
61.5	61.35
61.6	61.36
61.4	61.37
61.1	61.38
61.6	61.39
61.6	61.40
61.6	61.41
61.4	61.42
61.2	61.43
61.5	61.44
61.6	61.45
61.6	61.46
61.4	61.47
61.5	61.48
61.4	61.49
61.1	61.50
61.6	61.51
61.6	61.52
61.1	61.53
61.6	61.54
61.4	61.55
61.4	61.56
61.4	61.57
61.4	61.58
61.4	61.59
61.4	61.60
61.6	61.61
61.6	61.62
61.4	61.63
61.5	61.64
62.6	62.1
62.6	62.2
62.6	62.3
62.6	62.4
62.6	62.5
62.6	62.6
62.5	62.7
62.1	62.8
62.1	62.9
62.6	62.10
62.6	62.11
62.6	62.12
62.5	62.13
62.1	62.14
62.6	62.15
62.1	62.16
62.6	62.17
62.6	62.18
62.1	62.19
62.6	62.20
62.1	62.21
62.6	62.22
62.2	62.23
62.4	62.24
62.1	62.25
62.1	62.26
62.6	62.27
62.1	62.28
62.6	62.29
62.6	62.30
62.3	62.31
62.1	62.32
62.1	62.33
62.1	62.34
62.1	62.35
62.4	62.36
62.6	62.37
62.4	62.38
62.6	62.39
62.1	62.40
62.6	62.41
62.1	62.42
62.4	62.43
62.6	62.44
62.6	62.45
62.6	62.46
62.6	62.47
62.4	62.48
62.4	62.49
62.6	62.50
62.6	62.51
62.1	62.52
62.3	62.53
62.1	62.54
62.6	62.55
62.4	62.56
62.6	62.57
62.1	62.58
62.1	62.59
62.6	62.60
62.6	62.61
62.1	62.62
62.6	62.63
62.1	62.64
63.8	63.1
63.8	63.2
63.1	63.3
63.1	63.4
63.1	63.5
63.1	63.6
63.8	63.7
63.8	63.8
63.9	63.9
63.1	63.10
63.1	63.11
63.8	63.12
63.1	63.13
63.8	63.14
63.1	63.15
63.1	63.16
63.1	63.17
63.8	63.18
63.9	63.19
63.7	63.20
63.8	63.21
63.8	63.22
63.8	63.23
63.9	63.24
63.1	63.25
63.10	63.26
63.1	63.27
63.1	63.28
63.1	63.29
63.8	63.30
63.1	63.31
63.1	63.32
63.1	63.33
63.8	63.34
63.9	63.35
63.1	63.36
63.10	63.37
63.1	63.38
63.1	63.39
63.1	63.40
63.1	63.41
63.1	63.42
63.2	63.43
63.4	63.44
63.6	63.45
63.9	63.46
63.8	63.47
63.9	63.48
63.7	63.49
63.8	63.50
63.3	63.51
63.5	63.52
63.8	63.53
63.1	63.54
63.1	63.55
63.9	63.56
63.8	63.57
63.9	63.58
63.1	63.59
63.8	63.60
63.1	63.61
63.1	63.62
63.1	63.63
63.9	63.64
64.5	64.1
64.5	64.2
64.6	64.3
64.5	64.4
64.1	64.5
64.1	64.6
64.6	64.7
64.6	64.8
64.1	64.9
64.1	64.10
64.4	64.11
64.1	64.12
64.1	64.13
64.6	64.14
64.6	64.15
64.6	64.16
64.6	64.17
64.6	64.18
64.6	64.19
64.6	64.20
64.6	64.21
64.6	64.22
64.6	64.23
64.1	64.24
64.7	64.25
64.7	64.26
64.6	64.27
64.7	64.28
64.2	64.29
64.6	64.30
64.6	64.31
64.6	64.32
64.6	64.33
64.6	64.34
64.1	64.35
64.1	64.36
64.6	64.37
64.6	64.38
64.4	64.39
64.6	64.40
64.1	64.41
64.6	64.42
64.1	64.43
64.6	64.44
64.6	64.45
64.6	64.46
64.3	64.47
64.6	64.48
64.1	64.49
64.7	64.50
64.7	64.51
64.6	64.52
64.1	64.53
64.1	64.54
64.1	64.55
64.6	64.56
64.6	64.57
64.6	64.58
64.1	64.59
64.6	64.60
64.5	64.61
64.1	64.62
64.6	64.63
64.5	64.64
65.1	65.1
65.6	65.2
65.4	65.3
65.6	65.4
65.5	65.5
65.1	65.6
65.5	65.7
65.6	65.8
65.5	65.9
65.6	65.10
65.6	65.11
65.1	65.12
65.6	65.13
65.6	65.14
65.7	65.15
65.6	65.16
65.6	65.17
65.6	65.18
65.5	65.19
65.5	65.20
65.6	65.21
65.5	65.22
65.5	65.23
65.5	65.24
65.6	65.25
65.5	65.26
65.6	65.27
65.1	65.28
65.2	65.29
65.1	65.30
65.6	65.31
65.5	65.32
65.7	65.33
65.6	65.34
65.6	65.35
65.6	65.36
65.7	65.37
65.6	65.38
65.5	65.39
65.6	65.40
65.6	65.41
65.5	65.42
65.1	65.43
65.5	65.44
65.5	65.45
65.1	65.46
65.5	65.47
65.6	65.48
65.6	65.49
65.1	65.50
65.1	65.51
65.6	65.52
65.1	65.53
65.6	65.54
65.6	65.55
65.3	65.56
65.5	65.57
65.5	65.58
65.5	65.59
65.5	65.60
65.5	65.61
65.5	65.62
65.1	65.63
65.5	65.64
66.4	66.1
66.7	66.2
66.4	66.3
66.4	66.4
66.4	66.5
66.7	66.6
66.4	66.7
66.4	66.8
66.7	66.9
66.4	66.10
66.7	66.11
66.4	66.12
66.3	66.13
66.7	66.14
66.7	66.15
66.4	66.16
66.4	66.17
66.4	66.18
66.8	66.19
66.4	66.20
66.4	66.21
66.7	66.22
66.7	66.23
66.8	66.24
66.4	66.25
66.4	66.26
66.4	66.27
66.4	66.28
66.7	66.29
66.7	66.30
66.8	66.31
66.7	66.32
66.7	66.33
66.7	66.34
66.8	66.35
66.6	66.36
66.7	66.37
66.8	66.38
66.7	66.39
66.4	66.40
66.7	66.41
66.4	66.42
66.7	66.43
66.7	66.44
66.5	66.45
66.7	66.46
66.7	66.47
66.4	66.48
66.5	66.49
66.7	66.50
66.8	66.51
66.8	66.52
66.8	66.53
66.1	66.54
66.7	66.55
66.8	66.56
66.7	66.57
66.5	66.58
66.8	66.59
66.1	66.60
66.7	66.61
66.4	66.62
66.2	66.63
66.8	66.64
67.6	67.1
67.1	67.2
67.6	67.3
67.1	67.4
67.7	67.5
67.1	67.6
67.1	67.7
67.1	67.8
67.6	67.9
67.1	67.10
67.7	67.11
67.1	67.12
67.1	67.13
67.4	67.14
67.1	67.15
67.6	67.16
67.6	67.17
67.1	67.18
67.1	67.19
67.6	67.20
67.1	67.21
67.6	67.22
67.5	67.23
67.4	67.24
67.6	67.25
67.1	67.26
67.1	67.27
67.6	67.28
67.1	67.29
67.1	67.30
67.2	67.31
67.6	67.32
67.7	67.33
67.1	67.34
67.1	67.35
67.6	67.36
67.1	67.37
67.6	67.38
67.1	67.39
67.7	67.40
67.1	67.41
67.1	67.42
67.6	67.43
67.6	67.44
67.3	67.45
67.1	67.46
67.1	67.47
67.1	67.48
67.6	67.49
67.7	67.50
67.1	67.51
67.7	67.52
67.7	67.53
67.1	67.54
67.1	67.55
67.1	67.56
67.1	67.57
67.1	67.58
67.6	67.59
67.7	67.60
67.7	67.61
67.7	67.62
67.7	67.63
67.6	67.64
68.7	68.1
68.7	68.2
68.1	68.3
68.7	68.4
68.7	68.5
68.6	68.6
68.7	68.7
68.1	68.8
68.1	68.9
68.4	68.10
68.7	68.11
68.5	68.12
68.4	68.13
68.7	68.14
68.7	68.15
68.1	68.16
68.4	68.17
68.4	68.18
68.4	68.19
68.1	68.20
68.4	68.21
68.6	68.22
68.7	68.23
68.1	68.24
68.7	68.25
68.7	68.26
68.4	68.27
68.5	68.28
68.6	68.29
68.7	68.30
68.7	68.31
68.7	68.32
68.6	68.33
68.7	68.34
68.7	68.35
68.5	68.36
68.3	68.37
68.7	68.38
68.7	68.39
68.7	68.40
68.7	68.41
68.4	68.42
68.1	68.43
68.4	68.44
68.1	68.45
68.6	68.46
68.6	68.47
68.4	68.48
68.4	68.49
68.4	68.50
68.2	68.51
68.7	68.52
68.7	68.53
68.4	68.54
68.4	68.55
68.4	68.56
68.1	68.57
68.1	68.58
68.4	68.59
68.7	68.60
68.7	68.61
68.4	68.62
68.4	68.63
68.4	68.64
69.2	69.1
69.8	69.2
69.2	69.3
69.11	69.4
69.11	69.5
69.6	69.6
69.2	69.7
69.5	69.8
69.11	69.9
69.11	69.10
69.4	69.11
69.4	69.12
69.8	69.13
69.4	69.14
69.1	69.15
69.7	69.16
69.2	69.17
69.2	69.18
69.4	69.19
69.2	69.20
69.6	69.21
69.7	69.22
69.2	69.23
69.9	69.24
69.9	69.25
69.2	69.26
69.8	69.27
69.7	69.28
69.2	69.29
69.6	69.30
69.11	69.31
69.7	69.32
69.11	69.33
69.10	69.34
69.11	69.35
69.10	69.36
69.10	69.37
69.7	69.38
69.11	69.39
69.4	69.40
69.11	69.41
69.4	69.42
69.5	69.43
69.2	69.44
69.12	69.45
69.4	69.46
69.11	69.47
69.11	69.48
69.11	69.49
69.10	69.50
69.11	69.51
69.8	69.52
69.2	69.53
69.4	69.54
69.7	69.55
69.2	69.56
69.8	69.57
69.11	69.58
69.2	69.59
69.3	69.60
69.2	69.61
69.11	69.62
69.7	69.63
69.7	69.64
70.9	70.1
70.4	70.2
70.4	70.3
70.4	70.4
70.4	70.5
70.1	70.6
70.6	70.7
70.9	70.8
70.4	70.9
70.4	70.10
70.4	70.11
70.9	70.12
70.4	70.13
70.8	70.14
70.9	70.15
70.8	70.16
70.9	70.17
70.9	70.18
70.9	70.19
70.4	70.20
70.4	70.21
70.4	70.22
70.4	70.23
70.9	70.24
70.7	70.25
70.7	70.26
70.9	70.27
70.4	70.28
70.9	70.29
70.4	70.30
70.9	70.31
70.5	70.32
70.2	70.33
70.3	70.34
70.4	70.35
70.4	70.36
70.4	70.37
70.4	70.38
70.4	70.39
70.9	70.40
70.4	70.41
70.4	70.42
70.8	70.43
70.8	70.44
70.7	70.45
70.4	70.46
70.4	70.47
70.9	70.48
70.9	70.49
70.9	70.50
70.9	70.51
70.4	70.52
70.7	70.53
70.9	70.54
70.9	70.55
70.10	70.56
70.8	70.57
70.9	70.58
70.4	70.59
70.9	70.60
70.4	70.61
70.4	70.62
70.4	70.63
70.4	70.64
71.7	71.1
71.4	71.2
71.4	71.3
71.5	71.4
71.4	71.5
71.4	71.6
71.4	71.7
71.4	71.8
71.5	71.9
71.4	71.10
71.4	71.11
71.4	71.12
71.4	71.13
71.5	71.14
71.4	71.15
71.4	71.16
71.5	71.17
71.5	71.18
71.4	71.19
71.4	71.20
71.4	71.21
71.6	71.22
71.5	71.23
71.4	71.24
71.1	71.25
71.7	71.26
71.1	71.27
71.4	71.28
71.4	71.29
71.4	71.30
71.5	71.31
71.4	71.32
71.6	71.33
71.5	71.34
71.4	71.35
71.2	71.36
71.5	71.37
71.4	71.38
71.5	71.39
71.1	71.40
71.5	71.41
71.1	71.42
71.4	71.43
71.3	71.44
71.5	71.45
71.4	71.46
71.4	71.47
71.5	71.48
71.1	71.49
71.1	71.50
71.4	71.51
71.1	71.52
71.5	71.53
71.4	71.54
71.5	71.55
71.4	71.56
71.1	71.57
71.7	71.58
71.1	71.59
71.3	71.60
71.5	71.61
71.5	71.62
71.4	71.63
71.5	71.64
72.1	72.1
72.1	72.2
72.1	72.3
72.1	72.4
72.6	72.5
72.6	72.6
72.1	72.7
72.1	72.8
72.6	72.9
72.6	72.10
72.6	72.11
72.2	72.12
72.6	72.13
72.6	72.14
72.6	72.15
72.6	72.16
72.1	72.17
72.4	72.18
72.1	72.19
72.6	72.20
72.6	72.21
72.6	72.22
72.6	72.23
72.6	72.24
72.6	72.25
72.6	72.26
72.6	72.27
72.6	72.28
72.1	72.29
72.3	72.30
72.1	72.31
72.6	72.32
72.1	72.33
72.6	72.34
72.6	72.35
72.1	72.36
72.1	72.37
72.1	72.38
72.6	72.39
72.6	72.40
72.6	72.41
72.6	72.42
72.6	72.43
72.1	72.44
72.1	72.45
72.6	72.46
72.6	72.47
72.3	72.48
72.6	72.49
72.5	72.50
72.1	72.51
72.1	72.52
72.1	72.53
72.6	72.54
72.6	72.55
72.1	72.56
72.1	72.57
72.6	72.58
72.1	72.59
72.5	72.60
72.1	72.61
72.6	72.62
72.5	72.63
72.1	72.64
73.5	73.1
73.3	73.2
73.5	73.3
73.3	73.4
73.2	73.5
73.6	73.6
73.3	73.7
73.6	73.8
73.6	73.9
73.6	73.10
73.3	73.11
73.3	73.12
73.5	73.13
73.3	73.14
73.3	73.15
73.6	73.16
73.3	73.17
73.6	73.18
73.3	73.19
73.6	73.20
73.5	73.21
73.3	73.22
73.3	73.23
73.1	73.24
73.5	73.25
73.3	73.26
73.6	73.27
73.4	73.28
73.1	73.29
73.3	73.30
73.5	73.31
73.5	73.32
73.6	73.33
73.3	73.34
73.5	73.35
73.6	73.36
73.5	73.37
73.6	73.38
73.1	73.39
73.3	73.40
73.3	73.41
73.3	73.42
73.3	73.43
73.7	73.44
73.6	73.45
73.5	73.46
73.3	73.47
73.1	73.48
73.5	73.49
73.3	73.50
73.3	73.51
73.6	73.52
73.6	73.53
73.7	73.54
73.5	73.55
73.7	73.56
73.6	73.57
73.6	73.58
73.5	73.59
73.5	73.60
73.5	73.61
73.6	73.62
73.4	73.63
73.3	73.64
74.6	74.1
74.10	74.2
74.6	74.3
74.1	74.4
74.6	74.5
74.10	74.6
74.1	74.7
74.8	74.8
74.6	74.9
74.10	74.10
74.6	74.11
74.6	74.12
74.6	74.13
74.6	74.14
74.6	74.15
74.10	74.16
74.6	74.17
74.6	74.18
74.10	74.19
74.6	74.20
74.10	74.21
74.1	74.22
74.10	74.23
74.6	74.24
74.10	74.25
74.1	74.26
74.1	74.27
74.10	74.28
74.6	74.29
74.6	74.30
74.6	74.31
74.10	74.32
74.6	74.33
74.10	74.34
74.10	74.35
74.6	74.36
74.1	74.37
74.10	74.38
74.10	74.39
74.10	74.40
74.8	74.41
74.10	74.42
74.6	74.43
74.6	74.44
74.6	74.45
74.9	74.46
74.10	74.47
74.10	74.48
74.5	74.49
74.3	74.50
74.4	74.51
74.1	74.52
74.6	74.53
74.10	74.54
74.9	74.55
74.1	74.56
74.10	74.57
74.6	74.58
74.10	74.59
74.2	74.60
74.10	74.61
74.9	74.62
74.10	74.63
74.7	74.64
75.8	75.1
75.3	75.2
75.3	75.3
75.8	75.4
75.3	75.5
75.8	75.6
75.10	75.7
75.3	75.8
75.3	75.9
75.3	75.10
75.8	75.11
75.8	75.12
75.8	75.13
75.3	75.14
75.8	75.15
75.12	75.16
75.1	75.17
75.8	75.18
75.3	75.19
75.2	75.20
75.12	75.21
75.8	75.22
75.8	75.23
75.5	75.24
75.6	75.25
75.12	75.26
75.12	75.27
75.8	75.28
75.6	75.29
75.10	75.30
75.3	75.31
75.8	75.32
75.8	75.33
75.3	75.34
75.8	75.35
75.8	75.36
75.3	75.37
75.3	75.38
75.9	75.39
75.8	75.40
75.3	75.41
75.3	75.42
75.3	75.43
75.10	75.44
75.4	75.45
75.11	75.46
75.1	75.47
75.3	75.48
75.3	75.49
75.12	75.50
75.10	75.51
75.1	75.52
75.3	75.53
75.3	75.54
75.3	75.55
75.10	75.56
75.7	75.57
75.3	75.58
75.8	75.59
75.12	75.60
75.1	75.61
75.12	75.62
75.1	75.63
75.3	75.64
76.8	76.1
76.1	76.2
76.8	76.3
76.1	76.4
76.1	76.5
76.1	76.6
76.1	76.7
76.1	76.8
76.1	76.9
76.9	76.10
76.1	76.11
76.1	76.12
76.8	76.13
76.8	76.14
76.1	76.15
76.8	76.16
76.5	76.17
76.1	76.18
76.1	76.19
76.1	76.20
76.4	76.21
76.1	76.22
76.8	76.23
76.8	76.24
76.1	76.25
76.1	76.26
76.1	76.27
76.1	76.28
76.1	76.29
76.1	76.30
76.8	76.31
76.8	76.32
76.1	76.33
76.1	76.34
76.1	76.35
76.5	76.36
76.1	76.37
76.1	76.38
76.7	76.39
76.8	76.40
76.6	76.41
76.7	76.42
76.8	76.43
76.5	76.44
76.7	76.45
76.8	76.46
76.1	76.47
76.8	76.48
76.8	76.49
76.9	76.50
76.1	76.51
76.6	76.52
76.8	76.53
76.5	76.54
76.2	76.55
76.1	76.56
76.1	76.57
76.1	76.58
76.1	76.59
76.1	76.60
76.8	76.61
76.3	76.62
76.6	76.63
76.1	76.64
77.14	77.1
77.15	77.2
77.18	77.3
77.1	77.4
77.13	77.5
77.18	77.6
77.18	77.7
77.11	77.8
77.18	77.9
77.15	77.10
77.1	77.11
77.16	77.12
77.18	77.13
77.18	77.14
77.16	77.15
77.1	77.16
77.3	77.17
77.1	77.18
77.18	77.19
77.7	77.20
77.19	77.21
77.18	77.22
77.19	77.23
77.18	77.24
77.18	77.25
77.19	77.26
77.17	77.27
77.1	77.28
77.5	77.29
77.16	77.30
77.18	77.31
77.18	77.32
77.16	77.33
77.4	77.34
77.12	77.35
77.1	77.36
77.18	77.37
77.19	77.38
77.8	77.39
77.8	77.40
77.1	77.41
77.1	77.42
77.18	77.43
77.12	77.44
77.9	77.45
77.17	77.46
77.8	77.47
77.10	77.48
77.18	77.49
77.14	77.50
77.1	77.51
77.15	77.52
77.5	77.53
77.2	77.54
77.1	77.55
77.6	77.56
77.17	77.57
77.1	77.58
77.1	77.59
77.13	77.60
77.18	77.61
77.18	77.62
77.18	77.63
77.1	77.64
78.1	78.1
78.8	78.2
78.5	78.3
78.4	78.4
78.5	78.5
78.8	78.6
78.5	78.7
78.2	78.8
78.4	78.9
78.5	78.10
78.5	78.11
78.8	78.12
78.1	78.13
78.4	78.14
78.4	78.15
78.5	78.16
78.5	78.17
78.1	78.18
78.5	78.19
78.8	78.20
78.8	78.21
78.4	78.22
78.5	78.23
78.5	78.24
78.4	78.25
78.8	78.26
78.5	78.27
78.5	78.28
78.4	78.29
78.5	78.30
78.5	78.31
78.5	78.32
78.4	78.33
78.5	78.34
78.5	78.35
78.5	78.36
78.6	78.37
78.4	78.38
78.5	78.39
78.8	78.40
78.5	78.41
78.5	78.42
78.7	78.43
78.5	78.44
78.5	78.45
78.5	78.46
78.3	78.47
78.5	78.48
78.5	78.49
78.1	78.50
78.1	78.51
78.5	78.52
78.1	78.53
78.4	78.54
78.4	78.55
78.7	78.56
78.5	78.57
78.5	78.58
78.4	78.59
78.5	78.60
78.5	78.61
78.4	78.62
78.4	78.63
78.5	78.64
79.1	79.1
79.1	79.2
79.1	79.3
79.7	79.4
79.7	79.5
79.7	79.6
79.8	79.7
79.8	79.8
79.8	79.9
79.7	79.10
79.8	79.11
79.1	79.12
79.7	79.13
79.3	79.14
79.7	79.15
79.7	79.16
79.1	79.17
79.7	79.18
79.8	79.19
79.7	79.20
79.1	79.21
79.7	79.22
79.8	79.23
79.8	79.24
79.8	79.25
79.1	79.26
79.1	79.27
79.1	79.28
79.8	79.29
79.7	79.30
79.7	79.31
79.8	79.32
79.6	79.33
79.6	79.34
79.7	79.35
79.9	79.36
79.1	79.37
79.2	79.38
79.1	79.39
79.7	79.40
79.8	79.41
79.6	79.42
79.1	79.43
79.4	79.44
79.4	79.45
79.7	79.46
79.8	79.47
79.7	79.48
79.4	79.49
79.5	79.50
79.8	79.51
79.8	79.52
79.7	79.53
79.8	79.54
79.7	79.55
79.8	79.56
79.10	79.57
79.4	79.58
79.7	79.59
79.7	79.60
79.8	79.61
79.7	79.62
79.7	79.63
79.8	79.64
80.1	80.1
80.1	80.2
80.8	80.3
80.1	80.4
80.1	80.5
80.9	80.6
80.1	80.7
80.2	80.8
80.9	80.9
80.9	80.10
80.5	80.11
80.1	80.12
80.1	80.13
80.9	80.14
80.8	80.15
80.1	80.16
80.1	80.17
80.5	80.18
80.1	80.19
80.1	80.20
80.7	80.21
80.9	80.22
80.1	80.23
80.5	80.24
80.9	80.25
80.9	80.26
80.1	80.27
80.9	80.28
80.1	80.29
80.1	80.30
80.5	80.31
80.8	80.32
80.1	80.33
80.9	80.34
80.1	80.35
80.1	80.36
80.1	80.37
80.9	80.38
80.1	80.39
80.1	80.40
80.9	80.41
80.1	80.42
80.1	80.43
80.6	80.44
80.9	80.45
80.9	80.46
80.5	80.47
80.1	80.48
80.9	80.49
80.6	80.50
80.1	80.51
80.9	80.52
80.1	80.53
80.4	80.54
80.1	80.55
80.1	80.56
80.1	80.57
80.1	80.58
80.5	80.59
80.1	80.60
80.9	80.61
80.3	80.62
80.1	80.63
80.1	80.64
81.4	81.1
81.1	81.2
81.1	81.3
81.1	81.4
81.1	81.5
81.4	81.6
81.1	81.7
81.1	81.8
81.1	81.9
81.1	81.10
81.1	81.11
81.4	81.12
81.4	81.13
81.1	81.14
81.1	81.15
81.1	81.16
81.4	81.17
81.1	81.18
81.5	81.19
81.4	81.20
81.4	81.21
81.4	81.22
81.1	81.23
81.1	81.24
81.4	81.25
81.4	81.26
81.5	81.27
81.5	81.28
81.4	81.29
81.4	81.30
81.1	81.31
81.4	81.32
81.4	81.33
81.4	81.34
81.1	81.35
81.1	81.36
81.1	81.37
81.4	81.38
81.4	81.39
81.3	81.40
81.5	81.41
81.1	81.42
81.1	81.43
81.1	81.44
81.1	81.45
81.4	81.46
81.4	81.47
81.1	81.48
81.4	81.49
81.1	81.50
81.4	81.51
81.1	81.52
81.5	81.53
81.1	81.54
81.1	81.55
81.4	81.56
81.1	81.57
81.1	81.58
81.5	81.59
81.1	81.60
81.4	81.61
81.2	81.62
81.1	81.63
81.5	81.64
82.9	82.1
82.9	82.2
82.8	82.3
82.9	82.4
82.5	82.5
82.6	82.6
82.1	82.7
82.8	82.8
82.1	82.9
82.6	82.10
82.9	82.11
82.1	82.12
82.1	82.13
82.9	82.14
82.9	82.15
82.1	82.16
82.5	82.17
82.8	82.18
82.8	82.19
82.9	82.20
82.6	82.21
82.1	82.22
82.2	82.23
82.7	82.24
82.1	82.25
82.5	82.26
82.9	82.27
82.1	82.28
82.5	82.29
82.1	82.30
82.9	82.31
82.9	82.32
82.8	82.33
82.5	82.34
82.9	82.35
82.1	82.36
82.8	82.37
82.9	82.38
82.1	82.39
82.1	82.40
82.8	82.41
82.9	82.42
82.8	82.43
82.1	82.44
82.1	82.45
82.8	82.46
82.8	82.47
82.1	82.48
82.1	82.49
82.6	82.50
82.9	82.51
82.8	82.52
82.9	82.53
82.9	82.54
82.9	82.55
82.6	82.56
82.3	82.57
82.8	82.58
82.5	82.59
82.1	82.60
82.8	82.61
82.4	82.62
82.9	82.63
82.9	82.64
83.10	83.1
83.1	83.2
83.10	83.3
83.10	83.4
83.5	83.5
83.7	83.6
83.4	83.7
83.4	83.8
83.10	83.9
83.4	83.10
83.8	83.11
83.10	83.12
83.10	83.13
83.9	83.14
83.10	83.15
83.10	83.16
83.7	83.17
83.10	83.18
83.1	83.19
83.10	83.20
83.1	83.21
83.9	83.22
83.10	83.23
83.7	83.24
83.9	83.25
83.10	83.26
83.10	83.27
83.7	83.28
83.3	83.29
83.1	83.30
83.10	83.31
83.2	83.32
83.7	83.33
83.9	83.34
83.10	83.35
83.7	83.36
83.10	83.37
83.10	83.38
83.6	83.39
83.1	83.40
83.7	83.41
83.10	83.42
83.4	83.43
83.10	83.44
83.10	83.45
83.1	83.46
83.10	83.47
83.10	83.48
83.10	83.49
83.1	83.50
83.1	83.51
83.1	83.52
83.1	83.53
83.1	83.54
83.10	83.55
83.1	83.56
83.4	83.57
83.1	83.58
83.1	83.59
83.10	83.60
83.1	83.61
83.10	83.62
83.10	83.63
83.9	83.64
84.8	84.1
84.7	84.2
84.8	84.3
84.10	84.4
84.3	84.5
84.3	84.6
84.6	84.7
84.9	84.8
84.7	84.9
84.7	84.10
84.10	84.11
84.7	84.12
84.10	84.13
84.9	84.14
84.10	84.15
84.8	84.16
84.3	84.17
84.4	84.18
84.10	84.19
84.8	84.20
84.3	84.21
84.9	84.22
84.10	84.23
84.8	84.24
84.3	84.25
84.10	84.26
84.10	84.27
84.3	84.28
84.3	84.29
84.3	84.30
84.3	84.31
84.10	84.32
84.6	84.33
84.3	84.34
84.3	84.35
84.9	84.36
84.3	84.37
84.8	84.38
84.10	84.39
84.3	84.40
84.8	84.41
84.10	84.42
84.5	84.43
84.9	84.44
84.9	84.45
84.3	84.46
84.10	84.47
84.10	84.48
84.3	84.49
84.10	84.50
84.1	84.51
84.3	84.52
84.3	84.53
84.2	84.54
84.3	84.55
84.3	84.56
84.10	84.57
84.10	84.58
84.3	84.59
84.6	84.60
84.3	84.61
84.10	84.62
84.6	84.63
84.3	84.64
85.6	85.1
85.6	85.2
85.6	85.3
85.1	85.4
85.1	85.5
85.6	85.6
85.1	85.7
85.1	85.8
85.6	85.9
85.1	85.10
85.6	85.11
85.2	85.12
85.3	85.13
85.5	85.14
85.8	85.15
85.1	85.16
85.1	85.17
85.1	85.18
85.5	85.19
85.6	85.20
85.6	85.21
85.8	85.22
85.1	85.23
85.1	85.24
85.5	85.25
85.6	85.26
85.6	85.27
85.6	85.28
85.4	85.29
85.1	85.30
85.8	85.31
85.1	85.32
85.1	85.33
85.1	85.34
85.1	85.35
85.5	85.36
85.1	85.37
85.1	85.38
85.5	85.39
85.8	85.40
85.1	85.41
85.7	85.42
85.1	85.43
85.1	85.44
85.5	85.45
85.1	85.46
85.1	85.47
85.1	85.48
85.5	85.49
85.5	85.50
85.1	85.51
85.1	85.52
85.1	85.53
85.1	85.54
85.6	85.55
85.6	85.56
85.6	85.57
85.8	85.58
85.8	85.59
85.6	85.60
85.1	85.61
85.5	85.62
85.7	85.63
85.1	85.64
86.7	86.1
86.1	86.2
86.1	86.3
86.1	86.4
86.1	86.5
86.6	86.6
86.6	86.7
86.1	86.8
86.3	86.9
86.3	86.10
86.7	86.11
86.7	86.12
86.1	86.13
86.6	86.14
86.4	86.15
86.6	86.16
86.6	86.17
86.1	86.18
86.6	86.19
86.6	86.20
86.1	86.21
86.6	86.22
86.3	86.23
86.1	86.24
86.1	86.25
86.1	86.26
86.5	86.27
86.6	86.28
86.1	86.29
86.7	86.30
86.3	86.31
86.1	86.32
86.6	86.33
86.6	86.34
86.2	86.35
86.3	86.36
86.6	86.37
86.6	86.38
86.1	86.39
86.7	86.40
86.6	86.41
86.3	86.42
86.3	86.43
86.3	86.44
86.1	86.45
86.1	86.46
86.3	86.47
86.5	86.48
86.3	86.49
86.4	86.50
86.1	86.51
86.6	86.52
86.3	86.53
86.3	86.54
86.3	86.55
86.6	86.56
86.3	86.57
86.3	86.58
86.3	86.59
86.3	86.60
86.3	86.61
86.1	86.62
86.1	86.63
86.1	86.64
87.1	87.1
87.1	87.2
87.1	87.3
87.1	87.4
87.6	87.5
87.1	87.6
87.1	87.7
87.1	87.8
87.6	87.9
87.1	87.10
87.6	87.11
87.1	87.12
87.1	87.13
87.6	87.14
87.1	87.15
87.1	87.16
87.1	87.17
87.1	87.18
87.1	87.19
87.1	87.20
87.1	87.21
87.1	87.22
87.1	87.23
87.1	87.24
87.6	87.25
87.5	87.26
87.1	87.27
87.1	87.28
87.3	87.29
87.1	87.30
87.6	87.31
87.1	87.32
87.1	87.33
87.1	87.34
87.2	87.35
87.1	87.36
87.1	87.37
87.1	87.38
87.1	87.39
87.1	87.40
87.1	87.41
87.1	87.42
87.6	87.43
87.6	87.44
87.1	87.45
87.6	87.46
87.6	87.47
87.1	87.48
87.6	87.49
87.4	87.50
87.6	87.51
87.6	87.52
87.1	87.53
87.6	87.54
87.1	87.55
87.1	87.56
87.6	87.57
87.6	87.58
87.1	87.59
87.1	87.60
87.6	87.61
87.4	87.62
87.1	87.63
87.1	87.64
88.6	88.1
88.9	88.2
88.4	88.3
88.4	88.4
88.4	88.5
88.9	88.6
88.6	88.7
88.4	88.8
88.6	88.9
88.5	88.10
88.6	88.11
88.11	88.12
88.9	88.13
88.1	88.14
88.4	88.15
88.4	88.16
88.4	88.17
88.6	88.18
88.1	88.19
88.1	88.20
88.6	88.21
88.10	88.22
88.4	88.23
88.12	88.24
88.12	88.25
88.12	88.26
88.6	88.27
88.9	88.28
88.8	88.29
88.4	88.30
88.5	88.31
88.7	88.32
88.4	88.33
88.4	88.34
88.1	88.35
88.6	88.36
88.6	88.37
88.4	88.38
88.1	88.39
88.6	88.40
88.12	88.41
88.6	88.42
88.1	88.43
88.3	88.44
88.4	88.45
88.6	88.46
88.6	88.47
88.2	88.48
88.12	88.49
88.4	88.50
88.9	88.51
88.4	88.52
88.4	88.53
88.4	88.54
88.9	88.55
88.9	88.56
88.9	88.57
88.12	88.58
88.6	88.59
88.1	88.60
88.6	88.61
88.12	88.62
88.6	88.63
88.6	88.64
89.1	89.1
89.1	89.2
89.1	89.3
89.1	89.4
89.1	89.5
89.1	89.6
89.1	89.7
89.1	89.8
89.4	89.9
89.4	89.10
89.1	89.11
89.1	89.12
89.1	89.13
89.1	89.14
89.1	89.15
89.1	89.16
89.1	89.17
89.1	89.18
89.1	89.19
89.1	89.20
89.4	89.21
89.1	89.22
89.2	89.23
89.1	89.24
89.1	89.25
89.1	89.26
89.4	89.27
89.1	89.28
89.1	89.29
89.1	89.30
89.4	89.31
89.1	89.32
89.1	89.33
89.3	89.34
89.1	89.35
89.1	89.36
89.4	89.37
89.1	89.38
89.1	89.39
89.1	89.40
89.1	89.41
89.1	89.42
89.4	89.43
89.1	89.44
89.4	89.45
89.1	89.46
89.1	89.47
89.1	89.48
89.1	89.49
89.1	89.50
89.4	89.51
89.1	89.52
89.1	89.53
89.1	89.54
89.1	89.55
89.4	89.56
89.1	89.57
89.4	89.58
89.4	89.59
89.1	89.60
89.1	89.61
89.4	89.62
89.1	89.63
89.1	89.64
90.1	90.1
90.1	90.2
90.1	90.3
90.1	90.4
90.1	90.5
90.11	90.6
90.11	90.7
90.11	90.8
90.11	90.9
90.1	90.10
90.11	90.11
90.1	90.12
90.1	90.13
90.7	90.14
90.1	90.15
90.1	90.16
90.1	90.17
90.11	90.18
90.11	90.19
90.1	90.20
90.11	90.21
90.1	90.22
90.11	90.23
90.1	90.24
90.12	90.25
90.4	90.26
90.1	90.27
90.6	90.28
90.11	90.29
90.1	90.30
90.11	90.31
90.1	90.32
90.7	90.33
90.3	90.34
90.11	90.35
90.1	90.36
90.1	90.37
90.5	90.38
90.11	90.39
90.1	90.40
90.11	90.41
90.7	90.42
90.10	90.43
90.4	90.44
90.11	90.45
90.1	90.46
90.1	90.47
90.1	90.48
90.7	90.49
90.9	90.50
90.11	90.51
90.8	90.52
90.7	90.53
90.1	90.54
90.1	90.55
90.6	90.56
90.7	90.57
90.1	90.58
90.1	90.59
90.7	90.60
90.13	90.61
90.11	90.62
90.7	90.63
90.2	90.64
91.6	91.1
91.7	91.2
91.1	91.3
91.6	91.4
91.7	91.5
91.7	91.6
91.7	91.7
91.7	91.8
91.6	91.9
91.7	91.10
91.7	91.11
91.6	91.12
91.6	91.13
91.7	91.14
91.7	91.15
91.7	91.16
91.6	91.17
91.7	91.18
91.6	91.19
91.7	91.20
91.4	91.21
91.7	91.22
91.1	91.23
91.7	91.24
91.7	91.25
91.7	91.26
91.7	91.27
91.6	91.28
91.4	91.29
91.6	91.30
91.6	91.31
91.6	91.32
91.7	91.33
91.6	91.34
91.6	91.35
91.7	91.36
91.7	91.37
91.1	91.38
91.5	91.39
91.7	91.40
91.7	91.41
91.2	91.42
91.6	91.43
91.1	91.44
91.7	91.45
91.1	91.46
91.6	91.47
91.6	91.48
91.7	91.49
91.1	91.50
91.7	91.51
91.7	91.52
91.6	91.53
91.1	91.54
91.6	91.55
91.6	91.56
91.3	91.57
91.7	91.58
91.6	91.59
91.1	91.60
91.6	91.61
91.7	91.62
91.7	91.63
91.7	91.64
92.6	92.1
92.9	92.2
92.10	92.3
92.6	92.4
92.5	92.5
92.6	92.6
92.11	92.7
92.9	92.8
92.7	92.9
92.10	92.10
92.3	92.11
92.9	92.12
92.6	92.13
92.4	92.14
92.9	92.15
92.3	92.16
92.9	92.17
92.9	92.18
92.6	92.19
92.9	92.20
92.9	92.21
92.9	92.22
92.1	92.23
92.9	92.24
92.3	92.25
92.9	92.26
92.9	92.27
92.7	92.28
92.9	92.29
92.9	92.30
92.7	92.31
92.7	92.32
92.6	92.33
92.7	92.34
92.6	92.35
92.4	92.36
92.6	92.37
92.8	92.38
92.10	92.39
92.9	92.40
92.9	92.41
92.3	92.42
92.3	92.43
92.3	92.44
92.6	92.45
92.6	92.46
92.9	92.47
92.6	92.48
92.6	92.49
92.3	92.50
92.2	92.51
92.9	92.52
92.9	92.53
92.8	92.54
92.3	92.55
92.11	92.56
92.8	92.57
92.9	92.58
92.9	92.59
92.9	92.60
92.6	92.61
92.6	92.62
92.9	92.63
92.3	92.64
93.7	93.1
93.7	93.2
93.10	93.3
93.10	93.4
93.14	93.5
93.14	93.6
93.7	93.7
93.7	93.8
93.7	93.9
93.7	93.10
93.7	93.11
93.7	93.12
93.9	93.13
93.3	93.14
93.14	93.15
93.9	93.16
93.10	93.17
93.7	93.18
93.7	93.19
93.14	93.20
93.14	93.21
93.14	93.22
93.7	93.23
93.7	93.24
93.11	93.25
93.7	93.26
93.14	93.27
93.7	93.28
93.7	93.29
93.10	93.30
93.14	93.31
93.14	93.32
93.6	93.33
93.7	93.34
93.9	93.35
93.1	93.36
93.13	93.37
93.14	93.38
93.10	93.39
93.14	93.40
93.10	93.41
93.10	93.42
93.10	93.43
93.8	93.44
93.4	93.45
93.14	93.46
93.10	93.47
93.7	93.48
93.10	93.49
93.9	93.50
93.10	93.51
93.9	93.52
93.14	93.53
93.12	93.54
93.12	93.55
93.14	93.56
93.14	93.57
93.2	93.58
93.5	93.59
93.7	93.60
93.14	93.61
93.14	93.62
93.13	93.63
93.10	93.64
94.1	94.1
94.8	94.2
94.1	94.3
94.8	94.4
94.8	94.5
94.8	94.6
94.8	94.7
94.5	94.8
94.8	94.9
94.8	94.10
94.8	94.11
94.1	94.12
94.8	94.13
94.1	94.14
94.1	94.15
94.6	94.16
94.8	94.17
94.1	94.18
94.1	94.19
94.5	94.20
94.8	94.21
94.1	94.22
94.1	94.23
94.1	94.24
94.8	94.25
94.8	94.26
94.8	94.27
94.1	94.28
94.1	94.29
94.8	94.30
94.1	94.31
94.4	94.32
94.8	94.33
94.8	94.34
94.8	94.35
94.2	94.36
94.8	94.37
94.2	94.38
94.8	94.39
94.8	94.40
94.1	94.41
94.1	94.42
94.3	94.43
94.8	94.44
94.1	94.45
94.1	94.46
94.8	94.47
94.8	94.48
94.1	94.49
94.8	94.50
94.8	94.51
94.8	94.52
94.7	94.53
94.8	94.54
94.8	94.55
94.8	94.56
94.8	94.57
94.8	94.58
94.8	94.59
94.1	94.60
94.1	94.61
94.8	94.62
94.8	94.63
94.1	94.64
95.9	95.1
95.8	95.2
95.1	95.3
95.4	95.4
95.8	95.5
95.2	95.6
95.1	95.7
95.10	95.8
95.3	95.9
95.1	95.10
95.1	95.11
95.9	95.12
95.6	95.13
95.1	95.14
95.6	95.15
95.11	95.16
95.8	95.17
95.1	95.18
95.9	95.19
95.8	95.20
95.1	95.21
95.9	95.22
95.9	95.23
95.1	95.24
95.9	95.25
95.11	95.26
95.1	95.27
95.9	95.28
95.1	95.29
95.8	95.30
95.9	95.31
95.9	95.32
95.1	95.33
95.9	95.34
95.1	95.35
95.6	95.36
95.1	95.37
95.8	95.38
95.10	95.39
95.5	95.40
95.8	95.41
95.1	95.42
95.9	95.43
95.9	95.44
95.1	95.45
95.9	95.46
95.1	95.47
95.8	95.48
95.1	95.49
95.1	95.50
95.1	95.51
95.9	95.52
95.9	95.53
95.1	95.54
95.5	95.55
95.4	95.56
95.1	95.57
95.11	95.58
95.1	95.59
95.9	95.60
95.9	95.61
95.1	95.62
95.7	95.63
95.1	95.64
96.4	96.1
96.2	96.2
96.7	96.3
96.7	96.4
96.4	96.5
96.4	96.6
96.4	96.7
96.7	96.8
96.7	96.9
96.2	96.10
96.7	96.11
96.4	96.12
96.2	96.13
96.7	96.14
96.3	96.15
96.4	96.16
96.7	96.17
96.4	96.18
96.4	96.19
96.4	96.20
96.2	96.21
96.7	96.22
96.4	96.23
96.4	96.24
96.4	96.25
96.4	96.26
96.2	96.27
96.7	96.28
96.7	96.29
96.4	96.30
96.4	96.31
96.7	96.32
96.4	96.33
96.4	96.34
96.4	96.35
96.4	96.36
96.6	96.37
96.4	96.38
96.7	96.39
96.7	96.40
96.4	96.41
96.7	96.42
96.4	96.43
96.4	96.44
96.7	96.45
96.4	96.46
96.7	96.47
96.4	96.48
96.4	96.49
96.4	96.50
96.7	96.51
96.4	96.52
96.2	96.53
96.1	96.54
96.7	96.55
96.4	96.56
96.7	96.57
96.5	96.58
96.7	96.59
96.3	96.60
96.7	96.61
96.4	96.62
96.2	96.63
96.2	96.64
97.1	97.1
97.1	97.2
97.1	97.3
97.1	97.4
97.1	97.5
97.6	97.6
97.4	97.7
97.1	97.8
97.5	97.9
97.5	97.10
97.1	97.11
97.1	97.12
97.1	97.13
97.1	97.14
97.1	97.15
97.1	97.16
97.5	97.17
97.1	97.18
97.3	97.19
97.1	97.20
97.1	97.21
97.5	97.22
97.5	97.23
97.1	97.24
97.7	97.25
97.7	97.26
97.1	97.27
97.1	97.28
97.5	97.29
97.6	97.30
97.6	97.31
97.5	97.32
97.5	97.33
97.5	97.34
97.6	97.35
97.1	97.36
97.1	97.37
97.5	97.38
97.1	97.39
97.5	97.40
97.2	97.41
97.1	97.42
97.7	97.43
97.5	97.44
97.5	97.45
97.6	97.46
97.6	97.47
97.1	97.48
97.6	97.49
97.1	97.50
97.6	97.51
97.5	97.52
97.1	97.53
97.1	97.54
97.1	97.55
97.1	97.56
97.1	97.57
97.4	97.58
97.1	97.59
97.1	97.60
97.5	97.61
97.1	97.62
97.1	97.63
97.1	97.64
98.6	98.1
98.6	98.2
98.6	98.3
98.6	98.4
98.6	98.5
98.6	98.6
98.1	98.7
98.6	98.8
98.8	98.9
98.6	98.10
98.6	98.11
98.8	98.12
98.6	98.13
98.8	98.14
98.7	98.15
98.6	98.16
98.8	98.17
98.6	98.18
98.6	98.19
98.10	98.20
98.1	98.21
98.6	98.22
98.6	98.23
98.6	98.24
98.6	98.25
98.6	98.26
98.8	98.27
98.5	98.28
98.1	98.29
98.6	98.30
98.1	98.31
98.9	98.32
98.6	98.33
98.6	98.34
98.6	98.35
98.6	98.36
98.9	98.37
98.8	98.38
98.10	98.39
98.8	98.40
98.1	98.41
98.5	98.42
98.8	98.43
98.8	98.44
98.8	98.45
98.6	98.46
98.6	98.47
98.8	98.48
98.8	98.49
98.1	98.50
98.6	98.51
98.8	98.52
98.8	98.53
98.2	98.54
98.6	98.55
98.8	98.56
98.6	98.57
98.3	98.58
98.6	98.59
98.8	98.60
98.4	98.61
98.6	98.62
98.6	98.63
98.8	98.64
99.1	99.1
99.7	99.2
99.4	99.3
99.8	99.4
99.7	99.5
99.7	99.6
99.4	99.7
99.1	99.8
99.1	99.9
99.7	99.10
99.1	99.11
99.7	99.12
99.8	99.13
99.7	99.14
99.6	99.15
99.1	99.16
99.5	99.17
99.7	99.18
99.7	99.19
99.7	99.20
99.4	99.21
99.4	99.22
99.4	99.23
99.2	99.24
99.7	99.25
99.6	99.26
99.6	99.27
99.4	99.28
99.7	99.29
99.4	99.30
99.7	99.31
99.4	99.32
99.7	99.33
99.1	99.34
99.5	99.35
99.7	99.36
99.8	99.37
99.1	99.38
99.1	99.39
99.7	99.40
99.1	99.41
99.1	99.42
99.7	99.43
99.7	99.44
99.7	99.45
99.3	99.46
99.8	99.47
99.1	99.48
99.7	99.49
99.7	99.50
99.1	99.51
99.4	99.52
99.7	99.53
99.7	99.54
99.7	99.55
99.4	99.56
99.7	99.57
99.4	99.58
99.1	99.59
99.7	99.60
99.1	99.61
99.7	99.62
99.4	99.63
99.1	99.64
100.7	100.1
100.1	100.2
100.7	100.3
100.3	100.4
100.5	100.5
100.1	100.6
100.1	100.7
100.7	100.8
100.1	100.9
100.5	100.10
100.7	100.11
100.5	100.12
100.1	100.13
100.1	100.14
100.1	100.15
100.7	100.16
100.5	100.17
100.5	100.18
100.7	100.19
100.1	100.20
100.1	100.21
100.7	100.22
100.5	100.23
100.1	100.24
100.7	100.25
100.1	100.26
100.5	100.27
100.7	100.28
100.1	100.29
100.7	100.30
100.3	100.31
100.7	100.32
100.1	100.33
100.6	100.34
100.6	100.35
100.7	100.36
100.1	100.37
100.1	100.38
100.7	100.39
100.7	100.40
100.7	100.41
100.7	100.42
100.7	100.43
100.1	100.44
100.1	100.45
100.5	100.46
100.7	100.47
100.7	100.48
100.1	100.49
100.7	100.50
100.5	100.51
100.7	100.52
100.4	100.53
100.5	100.54
100.2	100.55
100.7	100.56
100.6	100.57
100.7	100.58
100.4	100.59
100.7	100.60
100.5	100.61
100.7	100.62
100.1	100.63
100.1	100.64