subTopicID	resultID
1.3	1.1
1.5	1.2
1.3	1.3
1.3	1.4
1.1	1.5
1.3	1.6
1.5	1.7
1.3	1.8
1.5	1.9
1.3	1.10
1.3	1.11
1.5	1.12
1.5	1.13
1.5	1.14
1.5	1.15
1.5	1.16
1.5	1.17
1.3	1.18
1.1	1.19
1.5	1.20
1.5	1.21
1.1	1.22
1.5	1.23
1.3	1.24
1.3	1.25
1.3	1.26
1.3	1.27
1.5	1.28
1.3	1.29
1.5	1.30
1.5	1.31
1.5	1.32
1.3	1.33
1.3	1.34
1.3	1.35
1.3	1.36
1.1	1.37
1.5	1.38
1.4	1.39
1.3	1.40
1.3	1.41
1.5	1.42
1.3	1.43
1.5	1.44
1.3	1.45
1.3	1.46
1.3	1.47
1.1	1.48
1.4	1.49
1.4	1.50
1.1	1.51
1.3	1.52
1.5	1.53
1.3	1.54
1.1	1.55
1.5	1.56
1.3	1.57
1.3	1.58
1.1	1.59
1.3	1.60
1.2	1.61
1.3	1.62
1.3	1.63
1.3	1.64
2.4	2.1
2.4	2.2
2.4	2.3
2.9	2.4
2.8	2.5
2.4	2.6
2.4	2.7
2.4	2.8
2.9	2.9
2.4	2.10
2.9	2.11
2.6	2.12
2.9	2.13
2.9	2.14
2.9	2.15
2.9	2.16
2.8	2.17
2.9	2.18
2.9	2.19
2.4	2.20
2.8	2.21
2.5	2.22
2.3	2.23
2.9	2.24
2.4	2.25
2.9	2.26
2.4	2.27
2.1	2.28
2.8	2.29
2.4	2.30
2.4	2.31
2.4	2.32
2.9	2.33
2.4	2.34
2.4	2.35
2.1	2.36
2.4	2.37
2.1	2.38
2.8	2.39
2.2	2.40
2.4	2.41
2.6	2.42
2.9	2.43
2.4	2.44
2.9	2.45
2.6	2.46
2.8	2.47
2.7	2.48
2.4	2.49
2.8	2.50
2.4	2.51
2.4	2.52
2.1	2.53
2.4	2.54
2.4	2.55
2.8	2.56
2.8	2.57
2.1	2.58
2.8	2.59
2.1	2.60
2.4	2.61
2.8	2.62
2.1	2.63
2.8	2.64
3.8	3.1
3.8	3.2
3.8	3.3
3.12	3.4
3.8	3.5
3.1	3.6
3.1	3.7
3.8	3.8
3.8	3.9
3.8	3.10
3.8	3.11
3.8	3.12
3.8	3.13
3.1	3.14
3.8	3.15
3.1	3.16
3.1	3.17
3.8	3.18
3.12	3.19
3.1	3.20
3.8	3.21
3.8	3.22
3.4	3.23
3.1	3.24
3.8	3.25
3.8	3.26
3.7	3.27
3.8	3.28
3.1	3.29
3.12	3.30
3.8	3.31
3.12	3.32
3.8	3.33
3.1	3.34
3.8	3.35
3.10	3.36
3.8	3.37
3.6	3.38
3.5	3.39
3.1	3.40
3.8	3.41
3.1	3.42
3.8	3.43
3.12	3.44
3.10	3.45
3.8	3.46
3.11	3.47
3.1	3.48
3.8	3.49
3.9	3.50
3.3	3.51
3.8	3.52
3.8	3.53
3.1	3.54
3.8	3.55
3.1	3.56
3.1	3.57
3.2	3.58
3.8	3.59
3.1	3.60
3.8	3.61
3.8	3.62
3.9	3.63
3.1	3.64
4.6	4.1
4.4	4.2
4.1	4.3
4.1	4.4
4.1	4.5
4.5	4.6
4.1	4.7
4.1	4.8
4.6	4.9
4.5	4.10
4.6	4.11
4.1	4.12
4.1	4.13
4.1	4.14
4.6	4.15
4.1	4.16
4.6	4.17
4.6	4.18
4.6	4.19
4.1	4.20
4.1	4.21
4.6	4.22
4.3	4.23
4.6	4.24
4.5	4.25
4.1	4.26
4.5	4.27
4.1	4.28
4.1	4.29
4.1	4.30
4.5	4.31
4.6	4.32
4.1	4.33
4.6	4.34
4.6	4.35
4.6	4.36
4.5	4.37
4.1	4.38
4.1	4.39
4.6	4.40
4.6	4.41
4.1	4.42
4.1	4.43
4.5	4.44
4.1	4.45
4.2	4.46
4.1	4.47
4.1	4.48
4.5	4.49
4.6	4.50
4.6	4.51
4.1	4.52
4.1	4.53
4.6	4.54
4.7	4.55
4.6	4.56
4.5	4.57
4.6	4.58
4.5	4.59
4.1	4.60
4.6	4.61
4.1	4.62
4.6	4.63
4.5	4.64
5.5	5.1
5.5	5.2
5.5	5.3
5.5	5.4
5.8	5.5
5.5	5.6
5.3	5.7
5.5	5.8
5.5	5.9
5.5	5.10
5.5	5.11
5.6	5.12
5.6	5.13
5.6	5.14
5.6	5.15
5.5	5.16
5.3	5.17
5.1	5.18
5.8	5.19
5.5	5.20
5.5	5.21
5.6	5.22
5.3	5.23
5.6	5.24
5.4	5.25
5.3	5.26
5.5	5.27
5.6	5.28
5.5	5.29
5.6	5.30
5.5	5.31
5.6	5.32
5.4	5.33
5.5	5.34
5.6	5.35
5.6	5.36
5.5	5.37
5.2	5.38
5.5	5.39
5.1	5.40
5.5	5.41
5.5	5.42
5.5	5.43
5.7	5.44
5.5	5.45
5.5	5.46
5.3	5.47
5.3	5.48
5.5	5.49
5.3	5.50
5.5	5.51
5.5	5.52
5.3	5.53
5.8	5.54
5.3	5.55
5.6	5.56
5.1	5.57
5.5	5.58
5.5	5.59
5.6	5.60
5.6	5.61
5.5	5.62
5.3	5.63
5.5	5.64
6.7	6.1
6.1	6.2
6.1	6.3
6.5	6.4
6.3	6.5
6.1	6.6
6.1	6.7
6.1	6.8
6.7	6.9
6.7	6.10
6.1	6.11
6.1	6.12
6.1	6.13
6.1	6.14
6.1	6.15
6.1	6.16
6.1	6.17
6.1	6.18
6.7	6.19
6.2	6.20
6.6	6.21
6.1	6.22
6.1	6.23
6.6	6.24
6.1	6.25
6.1	6.26
6.1	6.27
6.1	6.28
6.1	6.29
6.1	6.30
6.4	6.31
6.1	6.32
6.7	6.33
6.1	6.34
6.7	6.35
6.1	6.36
6.5	6.37
6.7	6.38
6.7	6.39
6.1	6.40
6.1	6.41
6.1	6.42
6.1	6.43
6.1	6.44
6.1	6.45
6.1	6.46
6.7	6.47
6.7	6.48
6.7	6.49
6.1	6.50
6.1	6.51
6.7	6.52
6.1	6.53
6.1	6.54
6.5	6.55
6.1	6.56
6.7	6.57
6.7	6.58
6.7	6.59
6.7	6.60
6.7	6.61
6.1	6.62
6.7	6.63
6.1	6.64
7.4	7.1
7.4	7.2
7.4	7.3
7.4	7.4
7.1	7.5
7.1	7.6
7.4	7.7
7.4	7.8
7.1	7.9
7.1	7.10
7.1	7.11
7.4	7.12
7.4	7.13
7.1	7.14
7.4	7.15
7.4	7.16
7.4	7.17
7.4	7.18
7.1	7.19
7.4	7.20
7.4	7.21
7.1	7.22
7.4	7.23
7.4	7.24
7.4	7.25
7.4	7.26
7.5	7.27
7.4	7.28
7.1	7.29
7.4	7.30
7.1	7.31
7.1	7.32
7.1	7.33
7.3	7.34
7.4	7.35
7.2	7.36
7.4	7.37
7.1	7.38
7.1	7.39
7.4	7.40
7.4	7.41
7.1	7.42
7.4	7.43
7.4	7.44
7.1	7.45
7.1	7.46
7.1	7.47
7.1	7.48
7.3	7.49
7.4	7.50
7.3	7.51
7.4	7.52
7.4	7.53
7.4	7.54
7.4	7.55
7.1	7.56
7.4	7.57
7.4	7.58
7.5	7.59
7.5	7.60
7.3	7.61
7.1	7.62
7.1	7.63
7.1	7.64
8.3	8.1
8.3	8.2
8.3	8.3
8.5	8.4
8.1	8.5
8.1	8.6
8.5	8.7
8.1	8.8
8.1	8.9
8.5	8.10
8.1	8.11
8.5	8.12
8.1	8.13
8.1	8.14
8.3	8.15
8.1	8.16
8.4	8.17
8.5	8.18
8.1	8.19
8.1	8.20
8.2	8.21
8.1	8.22
8.1	8.23
8.1	8.24
8.3	8.25
8.3	8.26
8.3	8.27
8.5	8.28
8.5	8.29
8.3	8.30
8.5	8.31
8.5	8.32
8.1	8.33
8.3	8.34
8.1	8.35
8.3	8.36
8.3	8.37
8.3	8.38
8.5	8.39
8.5	8.40
8.3	8.41
8.3	8.42
8.5	8.43
8.1	8.44
8.5	8.45
8.1	8.46
8.1	8.47
8.3	8.48
8.3	8.49
8.3	8.50
8.3	8.51
8.5	8.52
8.3	8.53
8.3	8.54
8.3	8.55
8.1	8.56
8.1	8.57
8.5	8.58
8.5	8.59
8.3	8.60
8.5	8.61
8.3	8.62
8.1	8.63
8.1	8.64
9.4	9.1
9.1	9.2
9.1	9.3
9.1	9.4
9.1	9.5
9.1	9.6
9.1	9.7
9.4	9.8
9.1	9.9
9.1	9.10
9.1	9.11
9.1	9.12
9.1	9.13
9.4	9.14
9.1	9.15
9.1	9.16
9.3	9.17
9.1	9.18
9.1	9.19
9.1	9.20
9.1	9.21
9.1	9.22
9.4	9.23
9.1	9.24
9.4	9.25
9.2	9.26
9.4	9.27
9.4	9.28
9.1	9.29
9.1	9.30
9.1	9.31
9.1	9.32
9.3	9.33
9.1	9.34
9.1	9.35
9.1	9.36
9.4	9.37
9.3	9.38
9.3	9.39
9.5	9.40
9.1	9.41
9.3	9.42
9.4	9.43
9.3	9.44
9.4	9.45
9.5	9.46
9.4	9.47
9.1	9.48
9.4	9.49
9.1	9.50
9.1	9.51
9.1	9.52
9.1	9.53
9.1	9.54
9.4	9.55
9.4	9.56
9.1	9.57
9.4	9.58
9.1	9.59
9.1	9.60
9.1	9.61
9.4	9.62
9.1	9.63
9.4	9.64
10.7	10.1
10.7	10.2
10.4	10.3
10.4	10.4
10.7	10.5
10.7	10.6
10.7	10.7
10.1	10.8
10.4	10.9
10.7	10.10
10.7	10.11
10.4	10.12
10.6	10.13
10.7	10.14
10.7	10.15
10.7	10.16
10.7	10.17
10.7	10.18
10.7	10.19
10.7	10.20
10.6	10.21
10.7	10.22
10.1	10.23
10.7	10.24
10.1	10.25
10.4	10.26
10.1	10.27
10.4	10.28
10.7	10.29
10.4	10.30
10.1	10.31
10.1	10.32
10.5	10.33
10.6	10.34
10.7	10.35
10.1	10.36
10.7	10.37
10.7	10.38
10.4	10.39
10.4	10.40
10.4	10.41
10.2	10.42
10.2	10.43
10.7	10.44
10.4	10.45
10.7	10.46
10.4	10.47
10.6	10.48
10.4	10.49
10.4	10.50
10.4	10.51
10.7	10.52
10.1	10.53
10.7	10.54
10.1	10.55
10.4	10.56
10.4	10.57
10.4	10.58
10.4	10.59
10.6	10.60
10.4	10.61
10.3	10.62
10.7	10.63
10.2	10.64
11.1	11.1
11.4	11.2
11.1	11.3
11.1	11.4
11.7	11.5
11.6	11.6
11.8	11.7
11.7	11.8
11.6	11.9
11.1	11.10
11.7	11.11
11.1	11.12
11.1	11.13
11.7	11.14
11.8	11.15
11.1	11.16
11.5	11.17
11.8	11.18
11.6	11.19
11.1	11.20
11.5	11.21
11.3	11.22
11.7	11.23
11.8	11.24
11.1	11.25
11.1	11.26
11.8	11.27
11.1	11.28
11.1	11.29
11.1	11.30
11.6	11.31
11.1	11.32
11.1	11.33
11.7	11.34
11.7	11.35
11.7	11.36
11.1	11.37
11.1	11.38
11.7	11.39
11.8	11.40
11.6	11.41
11.1	11.42
11.7	11.43
11.7	11.44
11.7	11.45
11.7	11.46
11.7	11.47
11.5	11.48
11.7	11.49
11.1	11.50
11.1	11.51
11.1	11.52
11.1	11.53
11.1	11.54
11.1	11.55
11.8	11.56
11.7	11.57
11.8	11.58
11.2	11.59
11.1	11.60
11.7	11.61
11.7	11.62
11.7	11.63
11.1	11.64
12.7	12.1
12.3	12.2
12.8	12.3
12.2	12.4
12.7	12.5
12.7	12.6
12.1	12.7
12.6	12.8
12.7	12.9
12.9	12.10
12.6	12.11
12.6	12.12
12.6	12.13
12.7	12.14
12.5	12.15
12.7	12.16
12.7	12.17
12.5	12.18
12.7	12.19
12.7	12.20
12.5	12.21
12.6	12.22
12.9	12.23
12.7	12.24
12.7	12.25
12.5	12.26
12.10	12.27
12.7	12.28
12.7	12.29
12.7	12.30
12.7	12.31
12.7	12.32
12.7	12.33
12.6	12.34
12.4	12.35
12.7	12.36
12.7	12.37
12.6	12.38
12.5	12.39
12.7	12.40
12.7	12.41
12.5	12.42
12.7	12.43
12.5	12.44
12.7	12.45
12.7	12.46
12.7	12.47
12.7	12.48
12.5	12.49
12.7	12.50
12.7	12.51
12.7	12.52
12.7	12.53
12.7	12.54
12.8	12.55
12.7	12.56
12.1	12.57
12.7	12.58
12.5	12.59
12.6	12.60
12.7	12.61
12.7	12.62
12.5	12.63
12.7	12.64
13.6	13.1
13.6	13.2
13.1	13.3
13.7	13.4
13.1	13.5
13.6	13.6
13.2	13.7
13.1	13.8
13.5	13.9
13.1	13.10
13.1	13.11
13.6	13.12
13.7	13.13
13.1	13.14
13.1	13.15
13.1	13.16
13.1	13.17
13.7	13.18
13.1	13.19
13.6	13.20
13.6	13.21
13.1	13.22
13.1	13.23
13.1	13.24
13.1	13.25
13.1	13.26
13.1	13.27
13.6	13.28
13.6	13.29
13.1	13.30
13.1	13.31
13.7	13.32
13.7	13.33
13.6	13.34
13.7	13.35
13.1	13.36
13.1	13.37
13.3	13.38
13.1	13.39
13.1	13.40
13.1	13.41
13.7	13.42
13.7	13.43
13.7	13.44
13.1	13.45
13.1	13.46
13.7	13.47
13.1	13.48
13.1	13.49
13.4	13.50
13.6	13.51
13.8	13.52
13.7	13.53
13.6	13.54
13.1	13.55
13.7	13.56
13.7	13.57
13.4	13.58
13.1	13.59
13.7	13.60
13.1	13.61
13.1	13.62
13.6	13.63
13.6	13.64
14.1	14.1
14.1	14.2
14.6	14.3
14.1	14.4
14.1	14.5
14.1	14.6
14.3	14.7
14.1	14.8
14.1	14.9
14.1	14.10
14.1	14.11
14.2	14.12
14.1	14.13
14.1	14.14
14.1	14.15
14.1	14.16
14.6	14.17
14.1	14.18
14.4	14.19
14.6	14.20
14.1	14.21
14.5	14.22
14.6	14.23
14.1	14.24
14.5	14.25
14.1	14.26
14.1	14.27
14.5	14.28
14.5	14.29
14.1	14.30
14.6	14.31
14.1	14.32
14.1	14.33
14.5	14.34
14.6	14.35
14.1	14.36
14.1	14.37
14.1	14.38
14.6	14.39
14.1	14.40
14.1	14.41
14.6	14.42
14.1	14.43
14.1	14.44
14.1	14.45
14.5	14.46
14.1	14.47
14.1	14.48
14.6	14.49
14.1	14.50
14.5	14.51
14.1	14.52
14.1	14.53
14.6	14.54
14.6	14.55
14.6	14.56
14.1	14.57
14.6	14.58
14.5	14.59
14.6	14.60
14.6	14.61
14.1	14.62
14.6	14.63
14.6	14.64
15.10	15.1
15.14	15.2
15.9	15.3
15.14	15.4
15.14	15.5
15.1	15.6
15.14	15.7
15.14	15.8
15.14	15.9
15.16	15.10
15.1	15.11
15.16	15.12
15.15	15.13
15.16	15.14
15.14	15.15
15.16	15.16
15.12	15.17
15.14	15.18
15.1	15.19
15.16	15.20
15.16	15.21
15.14	15.22
15.1	15.23
15.1	15.24
15.16	15.25
15.1	15.26
15.14	15.27
15.10	15.28
15.14	15.29
15.14	15.30
15.14	15.31
15.1	15.32
15.16	15.33
15.1	15.34
15.16	15.35
15.14	15.36
15.4	15.37
15.16	15.38
15.1	15.39
15.14	15.40
15.1	15.41
15.14	15.42
15.14	15.43
15.15	15.44
15.16	15.45
15.1	15.46
15.10	15.47
15.7	15.48
15.14	15.49
15.13	15.50
15.10	15.51
15.12	15.52
15.6	15.53
15.3	15.54
15.16	15.55
15.15	15.56
15.12	15.57
15.5	15.58
15.11	15.59
15.8	15.60
15.2	15.61
15.5	15.62
15.5	15.63
15.1	15.64
16.5	16.1
16.4	16.2
16.5	16.3
16.7	16.4
16.7	16.5
16.7	16.6
16.7	16.7
16.7	16.8
16.7	16.9
16.5	16.10
16.5	16.11
16.7	16.12
16.5	16.13
16.7	16.14
16.5	16.15
16.5	16.16
16.5	16.17
16.5	16.18
16.5	16.19
16.7	16.20
16.7	16.21
16.2	16.22
16.1	16.23
16.5	16.24
16.5	16.25
16.5	16.26
16.7	16.27
16.7	16.28
16.3	16.29
16.7	16.30
16.7	16.31
16.5	16.32
16.7	16.33
16.5	16.34
16.3	16.35
16.7	16.36
16.7	16.37
16.5	16.38
16.7	16.39
16.5	16.40
16.7	16.41
16.3	16.42
16.5	16.43
16.7	16.44
16.1	16.45
16.1	16.46
16.7	16.47
16.6	16.48
16.1	16.49
16.1	16.50
16.7	16.51
16.5	16.52
16.7	16.53
16.5	16.54
16.7	16.55
16.3	16.56
16.7	16.57
16.7	16.58
16.1	16.59
16.7	16.60
16.7	16.61
16.1	16.62
16.5	16.63
16.7	16.64
17.10	17.1
17.10	17.2
17.11	17.3
17.11	17.4
17.11	17.5
17.3	17.6
17.11	17.7
17.2	17.8
17.11	17.9
17.7	17.10
17.10	17.11
17.9	17.12
17.10	17.13
17.7	17.14
17.2	17.15
17.10	17.16
17.2	17.17
17.11	17.18
17.10	17.19
17.11	17.20
17.6	17.21
17.5	17.22
17.2	17.23
17.10	17.24
17.2	17.25
17.11	17.26
17.11	17.27
17.2	17.28
17.11	17.29
17.2	17.30
17.4	17.31
17.11	17.32
17.11	17.33
17.11	17.34
17.9	17.35
17.6	17.36
17.11	17.37
17.6	17.38
17.2	17.39
17.9	17.40
17.10	17.41
17.11	17.42
17.10	17.43
17.8	17.44
17.11	17.45
17.11	17.46
17.5	17.47
17.11	17.48
17.9	17.49
17.9	17.50
17.6	17.51
17.9	17.52
17.11	17.53
17.11	17.54
17.2	17.55
17.1	17.56
17.9	17.57
17.8	17.58
17.11	17.59
17.11	17.60
17.11	17.61
17.9	17.62
17.11	17.63
17.11	17.64
18.4	18.1
18.5	18.2
18.9	18.3
18.12	18.4
18.9	18.5
18.12	18.6
18.9	18.7
18.12	18.8
18.10	18.9
18.10	18.10
18.12	18.11
18.9	18.12
18.9	18.13
18.12	18.14
18.10	18.15
18.10	18.16
18.12	18.17
18.9	18.18
18.9	18.19
18.12	18.20
18.10	18.21
18.12	18.22
18.12	18.23
18.10	18.24
18.12	18.25
18.10	18.26
18.1	18.27
18.10	18.28
18.3	18.29
18.10	18.30
18.10	18.31
18.10	18.32
18.10	18.33
18.10	18.34
18.7	18.35
18.12	18.36
18.12	18.37
18.1	18.38
18.9	18.39
18.10	18.40
18.12	18.41
18.13	18.42
18.8	18.43
18.9	18.44
18.12	18.45
18.1	18.46
18.12	18.47
18.10	18.48
18.12	18.49
18.11	18.50
18.6	18.51
18.12	18.52
18.12	18.53
18.1	18.54
18.5	18.55
18.2	18.56
18.6	18.57
18.1	18.58
18.1	18.59
18.1	18.60
18.10	18.61
18.14	18.62
18.1	18.63
18.10	18.64
19.2	19.1
19.10	19.2
19.11	19.3
19.2	19.4
19.10	19.5
19.8	19.6
19.6	19.7
19.11	19.8
19.8	19.9
19.2	19.10
19.10	19.11
19.4	19.12
19.8	19.13
19.10	19.14
19.2	19.15
19.2	19.16
19.11	19.17
19.10	19.18
19.11	19.19
19.11	19.20
19.5	19.21
19.9	19.22
19.2	19.23
19.11	19.24
19.11	19.25
19.10	19.26
19.7	19.27
19.2	19.28
19.8	19.29
19.2	19.30
19.11	19.31
19.2	19.32
19.11	19.33
19.1	19.34
19.11	19.35
19.11	19.36
19.11	19.37
19.11	19.38
19.2	19.39
19.10	19.40
19.11	19.41
19.10	19.42
19.11	19.43
19.2	19.44
19.11	19.45
19.11	19.46
19.2	19.47
19.11	19.48
19.2	19.49
19.2	19.50
19.2	19.51
19.10	19.52
19.2	19.53
19.8	19.54
19.10	19.55
19.2	19.56
19.11	19.57
19.3	19.58
19.11	19.59
19.2	19.60
19.10	19.61
19.11	19.62
19.11	19.63
19.11	19.64
20.8	20.1
20.1	20.2
20.6	20.3
20.6	20.4
20.6	20.5
20.8	20.6
20.8	20.7
20.8	20.8
20.7	20.9
20.6	20.10
20.1	20.11
20.8	20.12
20.8	20.13
20.1	20.14
20.1	20.15
20.1	20.16
20.1	20.17
20.2	20.18
20.6	20.19
20.9	20.20
20.6	20.21
20.6	20.22
20.1	20.23
20.9	20.24
20.6	20.25
20.6	20.26
20.1	20.27
20.9	20.28
20.1	20.29
20.7	20.30
20.9	20.31
20.5	20.32
20.9	20.33
20.8	20.34
20.6	20.35
20.9	20.36
20.1	20.37
20.1	20.38
20.8	20.39
20.6	20.40
20.6	20.41
20.3	20.42
20.8	20.43
20.8	20.44
20.6	20.45
20.8	20.46
20.1	20.47
20.1	20.48
20.9	20.49
20.1	20.50
20.1	20.51
20.6	20.52
20.6	20.53
20.1	20.54
20.7	20.55
20.4	20.56
20.9	20.57
20.1	20.58
20.8	20.59
20.8	20.60
20.7	20.61
20.7	20.62
20.1	20.63
20.8	20.64
21.1	21.1
21.1	21.2
21.5	21.3
21.1	21.4
21.1	21.5
21.5	21.6
21.5	21.7
21.3	21.8
21.1	21.9
21.1	21.10
21.1	21.11
21.2	21.12
21.5	21.13
21.5	21.14
21.1	21.15
21.5	21.16
21.1	21.17
21.1	21.18
21.5	21.19
21.1	21.20
21.4	21.21
21.6	21.22
21.6	21.23
21.5	21.24
21.1	21.25
21.1	21.26
21.5	21.27
21.5	21.28
21.1	21.29
21.5	21.30
21.1	21.31
21.1	21.32
21.5	21.33
21.4	21.34
21.5	21.35
21.4	21.36
21.5	21.37
21.5	21.38
21.5	21.39
21.1	21.40
21.6	21.41
21.1	21.42
21.1	21.43
21.1	21.44
21.1	21.45
21.5	21.46
21.1	21.47
21.5	21.48
21.1	21.49
21.1	21.50
21.1	21.51
21.1	21.52
21.1	21.53
21.5	21.54
21.1	21.55
21.5	21.56
21.5	21.57
21.6	21.58
21.1	21.59
21.4	21.60
21.6	21.61
21.5	21.62
21.5	21.63
21.5	21.64
22.12	22.1
22.13	22.2
22.1	22.3
22.9	22.4
22.1	22.5
22.1	22.6
22.11	22.7
22.1	22.8
22.12	22.9
22.13	22.10
22.13	22.11
22.13	22.12
22.13	22.13
22.13	22.14
22.10	22.15
22.13	22.16
22.1	22.17
22.13	22.18
22.1	22.19
22.9	22.20
22.11	22.21
22.13	22.22
22.7	22.23
22.5	22.24
22.9	22.25
22.8	22.26
22.12	22.27
22.13	22.28
22.13	22.29
22.13	22.30
22.1	22.31
22.9	22.32
22.11	22.33
22.2	22.34
22.5	22.35
22.1	22.36
22.5	22.37
22.1	22.38
22.1	22.39
22.1	22.40
22.12	22.41
22.12	22.42
22.13	22.43
22.1	22.44
22.13	22.45
22.7	22.46
22.1	22.47
22.1	22.48
22.13	22.49
22.12	22.50
22.13	22.51
22.1	22.52
22.13	22.53
22.13	22.54
22.13	22.55
22.6	22.56
22.1	22.57
22.1	22.58
22.13	22.59
22.13	22.60
22.9	22.61
22.1	22.62
22.3	22.63
22.4	22.64
23.5	23.1
23.11	23.2
23.5	23.3
23.5	23.4
23.1	23.5
23.10	23.6
23.1	23.7
23.7	23.8
23.4	23.9
23.10	23.10
23.10	23.11
23.7	23.12
23.10	23.13
23.1	23.14
23.7	23.15
23.10	23.16
23.10	23.17
23.5	23.18
23.1	23.19
23.10	23.20
23.6	23.21
23.1	23.22
23.5	23.23
23.7	23.24
23.6	23.25
23.1	23.26
23.5	23.27
23.10	23.28
23.10	23.29
23.6	23.30
23.9	23.31
23.5	23.32
23.1	23.33
23.10	23.34
23.1	23.35
23.1	23.36
23.10	23.37
23.10	23.38
23.10	23.39
23.1	23.40
23.7	23.41
23.1	23.42
23.5	23.43
23.2	23.44
23.1	23.45
23.10	23.46
23.8	23.47
23.10	23.48
23.1	23.49
23.11	23.50
23.11	23.51
23.5	23.52
23.7	23.53
23.1	23.54
23.10	23.55
23.3	23.56
23.5	23.57
23.9	23.58
23.10	23.59
23.10	23.60
23.6	23.61
23.7	23.62
23.5	23.63
23.10	23.64
24.3	24.1
24.5	24.2
24.1	24.3
24.10	24.4
24.10	24.5
24.1	24.6
24.1	24.7
24.14	24.8
24.15	24.9
24.7	24.10
24.11	24.11
24.10	24.12
24.15	24.13
24.15	24.14
24.1	24.15
24.15	24.16
24.15	24.17
24.1	24.18
24.1	24.19
24.1	24.20
24.1	24.21
24.15	24.22
24.12	24.23
24.1	24.24
24.6	24.25
24.4	24.26
24.15	24.27
24.1	24.28
24.1	24.29
24.15	24.30
24.6	24.31
24.1	24.32
24.1	24.33
24.1	24.34
24.9	24.35
24.10	24.36
24.15	24.37
24.1	24.38
24.9	24.39
24.1	24.40
24.2	24.41
24.10	24.42
24.1	24.43
24.1	24.44
24.1	24.45
24.1	24.46
24.10	24.47
24.8	24.48
24.1	24.49
24.1	24.50
24.1	24.51
24.1	24.52
24.1	24.53
24.15	24.54
24.1	24.55
24.10	24.56
24.15	24.57
24.1	24.58
24.1	24.59
24.13	24.60
24.1	24.61
24.15	24.62
24.1	24.63
24.1	24.64
25.5	25.1
25.7	25.2
25.1	25.3
25.4	25.4
25.1	25.5
25.1	25.6
25.1	25.7
25.6	25.8
25.5	25.9
25.1	25.10
25.1	25.11
25.1	25.12
25.1	25.13
25.1	25.14
25.1	25.15
25.4	25.16
25.7	25.17
25.1	25.18
25.7	25.19
25.1	25.20
25.5	25.21
25.5	25.22
25.1	25.23
25.1	25.24
25.2	25.25
25.5	25.26
25.7	25.27
25.5	25.28
25.1	25.29
25.5	25.30
25.5	25.31
25.5	25.32
25.4	25.33
25.7	25.34
25.5	25.35
25.1	25.36
25.5	25.37
25.5	25.38
25.1	25.39
25.5	25.40
25.1	25.41
25.1	25.42
25.5	25.43
25.5	25.44
25.1	25.45
25.4	25.46
25.1	25.47
25.1	25.48
25.5	25.49
25.3	25.50
25.5	25.51
25.1	25.52
25.5	25.53
25.1	25.54
25.7	25.55
25.5	25.56
25.1	25.57
25.5	25.58
25.4	25.59
25.1	25.60
25.5	25.61
25.1	25.62
25.5	25.63
25.4	25.64
26.1	26.1
26.4	26.2
26.4	26.3
26.4	26.4
26.4	26.5
26.4	26.6
26.4	26.7
26.1	26.8
26.5	26.9
26.4	26.10
26.4	26.11
26.1	26.12
26.1	26.13
26.5	26.14
26.4	26.15
26.1	26.16
26.5	26.17
26.1	26.18
26.1	26.19
26.4	26.20
26.3	26.21
26.4	26.22
26.1	26.23
26.4	26.24
26.3	26.25
26.5	26.26
26.1	26.27
26.5	26.28
26.4	26.29
26.2	26.30
26.1	26.31
26.1	26.32
26.1	26.33
26.4	26.34
26.1	26.35
26.4	26.36
26.5	26.37
26.4	26.38
26.4	26.39
26.4	26.40
26.4	26.41
26.1	26.42
26.4	26.43
26.4	26.44
26.4	26.45
26.4	26.46
26.4	26.47
26.4	26.48
26.1	26.49
26.1	26.50
26.1	26.51
26.4	26.52
26.1	26.53
26.1	26.54
26.1	26.55
26.3	26.56
26.1	26.57
26.4	26.58
26.1	26.59
26.5	26.60
26.5	26.61
26.5	26.62
26.1	26.63
26.4	26.64
27.1	27.1
27.1	27.2
27.6	27.3
27.6	27.4
27.5	27.5
27.5	27.6
27.6	27.7
27.6	27.8
27.6	27.9
27.6	27.10
27.4	27.11
27.1	27.12
27.4	27.13
27.1	27.14
27.6	27.15
27.6	27.16
27.1	27.17
27.5	27.18
27.3	27.19
27.5	27.20
27.1	27.21
27.1	27.22
27.2	27.23
27.4	27.24
27.6	27.25
27.6	27.26
27.5	27.27
27.4	27.28
27.6	27.29
27.1	27.30
27.5	27.31
27.4	27.32
27.6	27.33
27.1	27.34
27.6	27.35
27.1	27.36
27.1	27.37
27.1	27.38
27.5	27.39
27.6	27.40
27.5	27.41
27.6	27.42
27.6	27.43
27.6	27.44
27.3	27.45
27.6	27.46
27.5	27.47
27.6	27.48
27.1	27.49
27.6	27.50
27.1	27.51
27.1	27.52
27.1	27.53
27.6	27.54
27.6	27.55
27.6	27.56
27.6	27.57
27.6	27.58
27.1	27.59
27.5	27.60
27.5	27.61
27.4	27.62
27.3	27.63
27.1	27.64
28.1	28.1
28.1	28.2
28.4	28.3
28.6	28.4
28.9	28.5
28.6	28.6
28.1	28.7
28.9	28.8
28.1	28.9
28.9	28.10
28.1	28.11
28.6	28.12
28.6	28.13
28.6	28.14
28.6	28.15
28.4	28.16
28.6	28.17
28.6	28.18
28.10	28.19
28.6	28.20
28.6	28.21
28.1	28.22
28.7	28.23
28.6	28.24
28.6	28.25
28.9	28.26
28.9	28.27
28.1	28.28
28.10	28.29
28.6	28.30
28.10	28.31
28.9	28.32
28.6	28.33
28.6	28.34
28.4	28.35
28.5	28.36
28.3	28.37
28.1	28.38
28.5	28.39
28.1	28.40
28.4	28.41
28.7	28.42
28.6	28.43
28.9	28.44
28.2	28.45
28.5	28.46
28.9	28.47
28.8	28.48
28.6	28.49
28.6	28.50
28.1	28.51
28.1	28.52
28.1	28.53
28.10	28.54
28.1	28.55
28.1	28.56
28.4	28.57
28.9	28.58
28.1	28.59
28.7	28.60
28.10	28.61
28.7	28.62
28.1	28.63
28.9	28.64
29.10	29.1
29.8	29.2
29.8	29.3
29.8	29.4
29.6	29.5
29.6	29.6
29.10	29.7
29.6	29.8
29.4	29.9
29.6	29.10
29.7	29.11
29.9	29.12
29.8	29.13
29.10	29.14
29.6	29.15
29.13	29.16
29.4	29.17
29.12	29.18
29.11	29.19
29.8	29.20
29.14	29.21
29.12	29.22
29.6	29.23
29.9	29.24
29.3	29.25
29.12	29.26
29.10	29.27
29.8	29.28
29.6	29.29
29.8	29.30
29.6	29.31
29.2	29.32
29.6	29.33
29.9	29.34
29.8	29.35
29.9	29.36
29.7	29.37
29.8	29.38
29.1	29.39
29.12	29.40
29.6	29.41
29.12	29.42
29.6	29.43
29.8	29.44
29.6	29.45
29.6	29.46
29.5	29.47
29.6	29.48
29.8	29.49
29.8	29.50
29.9	29.51
29.1	29.52
29.1	29.53
29.12	29.54
29.8	29.55
29.8	29.56
29.6	29.57
29.6	29.58
29.8	29.59
29.8	29.60
29.6	29.61
29.8	29.62
29.10	29.63
29.10	29.64
30.16	30.1
30.11	30.2
30.1	30.3
30.15	30.4
30.17	30.5
30.17	30.6
30.5	30.7
30.17	30.8
30.16	30.9
30.17	30.10
30.1	30.11
30.17	30.12
30.17	30.13
30.17	30.14
30.1	30.15
30.17	30.16
30.4	30.17
30.1	30.18
30.1	30.19
30.17	30.20
30.17	30.21
30.14	30.22
30.17	30.23
30.17	30.24
30.1	30.25
30.13	30.26
30.6	30.27
30.9	30.28
30.1	30.29
30.2	30.30
30.16	30.31
30.17	30.32
30.14	30.33
30.12	30.34
30.1	30.35
30.3	30.36
30.16	30.37
30.1	30.38
30.17	30.39
30.1	30.40
30.1	30.41
30.1	30.42
30.1	30.43
30.7	30.44
30.17	30.45
30.1	30.46
30.17	30.47
30.1	30.48
30.17	30.49
30.10	30.50
30.10	30.51
30.17	30.52
30.17	30.53
30.17	30.54
30.17	30.55
30.17	30.56
30.17	30.57
30.1	30.58
30.17	30.59
30.12	30.60
30.8	30.61
30.1	30.62
30.17	30.63
30.17	30.64
31.13	31.1
31.13	31.2
31.6	31.3
31.9	31.4
31.8	31.5
31.11	31.6
31.6	31.7
31.11	31.8
31.13	31.9
31.13	31.10
31.13	31.11
31.6	31.12
31.13	31.13
31.13	31.14
31.13	31.15
31.11	31.16
31.11	31.17
31.13	31.18
31.13	31.19
31.13	31.20
31.13	31.21
31.6	31.22
31.13	31.23
31.11	31.24
31.11	31.25
31.12	31.26
31.1	31.27
31.11	31.28
31.7	31.29
31.13	31.30
31.10	31.31
31.13	31.32
31.6	31.33
31.6	31.34
31.10	31.35
31.3	31.36
31.1	31.37
31.4	31.38
31.6	31.39
31.13	31.40
31.11	31.41
31.6	31.42
31.11	31.43
31.11	31.44
31.8	31.45
31.2	31.46
31.6	31.47
31.12	31.48
31.13	31.49
31.13	31.50
31.12	31.51
31.6	31.52
31.13	31.53
31.6	31.54
31.13	31.55
31.6	31.56
31.11	31.57
31.5	31.58
31.6	31.59
31.13	31.60
31.12	31.61
31.6	31.62
31.13	31.63
31.13	31.64
32.1	32.1
32.1	32.2
32.6	32.3
32.7	32.4
32.3	32.5
32.6	32.6
32.6	32.7
32.6	32.8
32.1	32.9
32.6	32.10
32.6	32.11
32.7	32.12
32.6	32.13
32.1	32.14
32.6	32.15
32.5	32.16
32.6	32.17
32.6	32.18
32.6	32.19
32.4	32.20
32.1	32.21
32.6	32.22
32.4	32.23
32.7	32.24
32.8	32.25
32.6	32.26
32.8	32.27
32.1	32.28
32.8	32.29
32.8	32.30
32.8	32.31
32.1	32.32
32.8	32.33
32.1	32.34
32.8	32.35
32.1	32.36
32.6	32.37
32.8	32.38
32.8	32.39
32.6	32.40
32.8	32.41
32.1	32.42
32.1	32.43
32.2	32.44
32.5	32.45
32.6	32.46
32.6	32.47
32.4	32.48
32.1	32.49
32.4	32.50
32.7	32.51
32.8	32.52
32.8	32.53
32.8	32.54
32.1	32.55
32.8	32.56
32.8	32.57
32.8	32.58
32.8	32.59
32.8	32.60
32.8	32.61
32.8	32.62
32.8	32.63
32.1	32.64
33.1	33.1
33.8	33.2
33.7	33.3
33.7	33.4
33.1	33.5
33.1	33.6
33.7	33.7
33.7	33.8
33.7	33.9
33.1	33.10
33.7	33.11
33.1	33.12
33.1	33.13
33.7	33.14
33.1	33.15
33.5	33.16
33.7	33.17
33.7	33.18
33.2	33.19
33.6	33.20
33.5	33.21
33.1	33.22
33.5	33.23
33.7	33.24
33.8	33.25
33.7	33.26
33.7	33.27
33.1	33.28
33.7	33.29
33.7	33.30
33.7	33.31
33.1	33.32
33.1	33.33
33.7	33.34
33.1	33.35
33.7	33.36
33.7	33.37
33.7	33.38
33.7	33.39
33.7	33.40
33.7	33.41
33.1	33.42
33.7	33.43
33.1	33.44
33.7	33.45
33.1	33.46
33.1	33.47
33.1	33.48
33.7	33.49
33.7	33.50
33.7	33.51
33.7	33.52
33.1	33.53
33.1	33.54
33.1	33.55
33.3	33.56
33.7	33.57
33.7	33.58
33.7	33.59
33.1	33.60
33.1	33.61
33.4	33.62
33.1	33.63
33.7	33.64
34.4	34.1
34.5	34.2
34.9	34.3
34.9	34.4
34.1	34.5
34.9	34.6
34.1	34.7
34.4	34.8
34.1	34.9
34.5	34.10
34.5	34.11
34.9	34.12
34.5	34.13
34.1	34.14
34.1	34.15
34.1	34.16
34.9	34.17
34.9	34.18
34.1	34.19
34.9	34.20
34.10	34.21
34.1	34.22
34.1	34.23
34.1	34.24
34.9	34.25
34.9	34.26
34.10	34.27
34.5	34.28
34.1	34.29
34.4	34.30
34.7	34.31
34.1	34.32
34.9	34.33
34.6	34.34
34.9	34.35
34.5	34.36
34.5	34.37
34.9	34.38
34.10	34.39
34.1	34.40
34.5	34.41
34.4	34.42
34.2	34.43
34.1	34.44
34.8	34.45
34.4	34.46
34.10	34.47
34.1	34.48
34.5	34.49
34.7	34.50
34.10	34.51
34.1	34.52
34.5	34.53
34.5	34.54
34.1	34.55
34.1	34.56
34.4	34.57
34.4	34.58
34.3	34.59
34.1	34.60
34.9	34.61
34.5	34.62
34.10	34.63
34.1	34.64
35.6	35.1
35.5	35.2
35.6	35.3
35.5	35.4
35.5	35.5
35.3	35.6
35.5	35.7
35.5	35.8
35.9	35.9
35.6	35.10
35.6	35.11
35.4	35.12
35.6	35.13
35.5	35.14
35.5	35.15
35.5	35.16
35.9	35.17
35.9	35.18
35.5	35.19
35.6	35.20
35.5	35.21
35.6	35.22
35.1	35.23
35.6	35.24
35.5	35.25
35.5	35.26
35.6	35.27
35.6	35.28
35.5	35.29
35.1	35.30
35.1	35.31
35.6	35.32
35.6	35.33
35.6	35.34
35.6	35.35
35.6	35.36
35.5	35.37
35.9	35.38
35.6	35.39
35.5	35.40
35.5	35.41
35.5	35.42
35.6	35.43
35.8	35.44
35.6	35.45
35.5	35.46
35.5	35.47
35.5	35.48
35.2	35.49
35.5	35.50
35.5	35.51
35.9	35.52
35.5	35.53
35.5	35.54
35.5	35.55
35.5	35.56
35.6	35.57
35.7	35.58
35.6	35.59
35.1	35.60
35.1	35.61
35.9	35.62
35.1	35.63
35.4	35.64
36.7	36.1
36.1	36.2
36.9	36.3
36.6	36.4
36.9	36.5
36.1	36.6
36.5	36.7
36.5	36.8
36.5	36.9
36.1	36.10
36.1	36.11
36.9	36.12
36.5	36.13
36.1	36.14
36.8	36.15
36.1	36.16
36.2	36.17
36.8	36.18
36.1	36.19
36.1	36.20
36.5	36.21
36.1	36.22
36.4	36.23
36.5	36.24
36.1	36.25
36.1	36.26
36.5	36.27
36.1	36.28
36.1	36.29
36.5	36.30
36.1	36.31
36.5	36.32
36.5	36.33
36.1	36.34
36.1	36.35
36.1	36.36
36.6	36.37
36.9	36.38
36.5	36.39
36.6	36.40
36.1	36.41
36.5	36.42
36.5	36.43
36.4	36.44
36.1	36.45
36.9	36.46
36.5	36.47
36.5	36.48
36.1	36.49
36.1	36.50
36.1	36.51
36.5	36.52
36.1	36.53
36.3	36.54
36.1	36.55
36.1	36.56
36.9	36.57
36.1	36.58
36.5	36.59
36.9	36.60
36.1	36.61
36.1	36.62
36.5	36.63
36.5	36.64
37.1	37.1
37.5	37.2
37.1	37.3
37.9	37.4
37.4	37.5
37.1	37.6
37.4	37.7
37.1	37.8
37.4	37.9
37.4	37.10
37.11	37.11
37.10	37.12
37.4	37.13
37.1	37.14
37.4	37.15
37.2	37.16
37.11	37.17
37.1	37.18
37.4	37.19
37.4	37.20
37.10	37.21
37.4	37.22
37.10	37.23
37.4	37.24
37.4	37.25
37.4	37.26
37.8	37.27
37.1	37.28
37.4	37.29
37.4	37.30
37.7	37.31
37.4	37.32
37.4	37.33
37.9	37.34
37.4	37.35
37.10	37.36
37.1	37.37
37.1	37.38
37.5	37.39
37.1	37.40
37.4	37.41
37.4	37.42
37.4	37.43
37.4	37.44
37.1	37.45
37.4	37.46
37.1	37.47
37.4	37.48
37.1	37.49
37.4	37.50
37.6	37.51
37.4	37.52
37.1	37.53
37.9	37.54
37.10	37.55
37.4	37.56
37.11	37.57
37.1	37.58
37.4	37.59
37.4	37.60
37.1	37.61
37.4	37.62
37.11	37.63
37.3	37.64
38.7	38.1
38.1	38.2
38.8	38.3
38.6	38.4
38.1	38.5
38.8	38.6
38.7	38.7
38.6	38.8
38.8	38.9
38.8	38.10
38.8	38.11
38.2	38.12
38.5	38.13
38.5	38.14
38.1	38.15
38.6	38.16
38.7	38.17
38.1	38.18
38.1	38.19
38.8	38.20
38.8	38.21
38.7	38.22
38.8	38.23
38.1	38.24
38.7	38.25
38.1	38.26
38.5	38.27
38.7	38.28
38.7	38.29
38.8	38.30
38.7	38.31
38.6	38.32
38.7	38.33
38.7	38.34
38.6	38.35
38.8	38.36
38.5	38.37
38.1	38.38
38.1	38.39
38.8	38.40
38.6	38.41
38.1	38.42
38.8	38.43
38.5	38.44
38.1	38.45
38.3	38.46
38.1	38.47
38.1	38.48
38.1	38.49
38.1	38.50
38.4	38.51
38.1	38.52
38.8	38.53
38.1	38.54
38.5	38.55
38.8	38.56
38.8	38.57
38.8	38.58
38.6	38.59
38.8	38.60
38.7	38.61
38.6	38.62
38.1	38.63
38.1	38.64
39.1	39.1
39.7	39.2
39.7	39.3
39.7	39.4
39.1	39.5
39.1	39.6
39.7	39.7
39.6	39.8
39.1	39.9
39.7	39.10
39.2	39.11
39.7	39.12
39.3	39.13
39.5	39.14
39.7	39.15
39.9	39.16
39.7	39.17
39.1	39.18
39.3	39.19
39.7	39.20
39.1	39.21
39.7	39.22
39.1	39.23
39.4	39.24
39.1	39.25
39.7	39.26
39.1	39.27
39.7	39.28
39.7	39.29
39.7	39.30
39.1	39.31
39.1	39.32
39.8	39.33
39.7	39.34
39.7	39.35
39.8	39.36
39.7	39.37
39.1	39.38
39.1	39.39
39.1	39.40
39.8	39.41
39.7	39.42
39.9	39.43
39.3	39.44
39.1	39.45
39.7	39.46
39.6	39.47
39.1	39.48
39.1	39.49
39.7	39.50
39.7	39.51
39.7	39.52
39.1	39.53
39.7	39.54
39.7	39.55
39.7	39.56
39.7	39.57
39.1	39.58
39.1	39.59
39.7	39.60
39.7	39.61
39.1	39.62
39.1	39.63
39.7	39.64
40.1	40.1
40.1	40.2
40.9	40.3
40.5	40.4
40.5	40.5
40.9	40.6
40.1	40.7
40.5	40.8
40.9	40.9
40.9	40.10
40.9	40.11
40.1	40.12
40.9	40.13
40.9	40.14
40.9	40.15
40.1	40.16
40.9	40.17
40.6	40.18
40.7	40.19
40.4	40.20
40.9	40.21
40.9	40.22
40.9	40.23
40.1	40.24
40.4	40.25
40.5	40.26
40.4	40.27
40.1	40.28
40.9	40.29
40.8	40.30
40.5	40.31
40.1	40.32
40.9	40.33
40.5	40.34
40.1	40.35
40.9	40.36
40.5	40.37
40.9	40.38
40.1	40.39
40.1	40.40
40.9	40.41
40.9	40.42
40.2	40.43
40.5	40.44
40.1	40.45
40.1	40.46
40.9	40.47
40.8	40.48
40.3	40.49
40.5	40.50
40.1	40.51
40.1	40.52
40.1	40.53
40.5	40.54
40.1	40.55
40.1	40.56
40.9	40.57
40.5	40.58
40.1	40.59
40.5	40.60
40.8	40.61
40.8	40.62
40.8	40.63
40.1	40.64
41.6	41.1
41.6	41.2
41.6	41.3
41.6	41.4
41.1	41.5
41.5	41.6
41.1	41.7
41.1	41.8
41.3	41.9
41.6	41.10
41.6	41.11
41.1	41.12
41.6	41.13
41.6	41.14
41.1	41.15
41.1	41.16
41.1	41.17
41.1	41.18
41.5	41.19
41.6	41.20
41.6	41.21
41.6	41.22
41.1	41.23
41.6	41.24
41.1	41.25
41.6	41.26
41.6	41.27
41.1	41.28
41.6	41.29
41.6	41.30
41.6	41.31
41.6	41.32
41.4	41.33
41.6	41.34
41.1	41.35
41.1	41.36
41.6	41.37
41.6	41.38
41.6	41.39
41.4	41.40
41.5	41.41
41.6	41.42
41.1	41.43
41.6	41.44
41.4	41.45
41.6	41.46
41.6	41.47
41.1	41.48
41.2	41.49
41.6	41.50
41.6	41.51
41.6	41.52
41.6	41.53
41.6	41.54
41.5	41.55
41.6	41.56
41.1	41.57
41.6	41.58
41.6	41.59
41.6	41.60
41.5	41.61
41.6	41.62
41.5	41.63
41.6	41.64
42.7	42.1
42.6	42.2
42.6	42.3
42.7	42.4
42.7	42.5
42.8	42.6
42.8	42.7
42.8	42.8
42.8	42.9
42.1	42.10
42.6	42.11
42.7	42.12
42.6	42.13
42.1	42.14
42.6	42.15
42.1	42.16
42.3	42.17
42.7	42.18
42.8	42.19
42.6	42.20
42.7	42.21
42.1	42.22
42.6	42.23
42.7	42.24
42.6	42.25
42.8	42.26
42.7	42.27
42.7	42.28
42.1	42.29
42.7	42.30
42.8	42.31
42.8	42.32
42.6	42.33
42.7	42.34
42.1	42.35
42.6	42.36
42.1	42.37
42.7	42.38
42.6	42.39
42.3	42.40
42.6	42.41
42.7	42.42
42.5	42.43
42.7	42.44
42.8	42.45
42.7	42.46
42.7	42.47
42.5	42.48
42.1	42.49
42.8	42.50
42.5	42.51
42.8	42.52
42.5	42.53
42.5	42.54
42.2	42.55
42.6	42.56
42.4	42.57
42.8	42.58
42.7	42.59
42.6	42.60
42.8	42.61
42.7	42.62
42.6	42.63
42.6	42.64
43.7	43.1
43.2	43.2
43.2	43.3
43.2	43.4
43.2	43.5
43.6	43.6
43.2	43.7
43.1	43.8
43.9	43.9
43.9	43.10
43.10	43.11
43.2	43.12
43.5	43.13
43.4	43.14
43.2	43.15
43.2	43.16
43.9	43.17
43.2	43.18
43.2	43.19
43.10	43.20
43.9	43.21
43.9	43.22
43.2	43.23
43.9	43.24
43.7	43.25
43.9	43.26
43.7	43.27
43.9	43.28
43.2	43.29
43.7	43.30
43.2	43.31
43.9	43.32
43.9	43.33
43.2	43.34
43.5	43.35
43.5	43.36
43.2	43.37
43.7	43.38
43.7	43.39
43.9	43.40
43.2	43.41
43.2	43.42
43.7	43.43
43.5	43.44
43.7	43.45
43.3	43.46
43.7	43.47
43.7	43.48
43.9	43.49
43.8	43.50
43.7	43.51
43.9	43.52
43.7	43.53
43.9	43.54
43.7	43.55
43.2	43.56
43.10	43.57
43.9	43.58
43.9	43.59
43.9	43.60
43.9	43.61
43.9	43.62
43.9	43.63
43.9	43.64
44.8	44.1
44.8	44.2
44.1	44.3
44.1	44.4
44.7	44.5
44.5	44.6
44.5	44.7
44.4	44.8
44.7	44.9
44.8	44.10
44.8	44.11
44.1	44.12
44.8	44.13
44.7	44.14
44.8	44.15
44.8	44.16
44.3	44.17
44.8	44.18
44.8	44.19
44.5	44.20
44.8	44.21
44.8	44.22
44.5	44.23
44.5	44.24
44.5	44.25
44.8	44.26
44.8	44.27
44.8	44.28
44.5	44.29
44.5	44.30
44.1	44.31
44.7	44.32
44.5	44.33
44.8	44.34
44.8	44.35
44.1	44.36
44.8	44.37
44.8	44.38
44.8	44.39
44.7	44.40
44.8	44.41
44.8	44.42
44.8	44.43
44.8	44.44
44.8	44.45
44.2	44.46
44.5	44.47
44.5	44.48
44.7	44.49
44.6	44.50
44.6	44.51
44.1	44.52
44.6	44.53
44.8	44.54
44.6	44.55
44.1	44.56
44.1	44.57
44.6	44.58
44.1	44.59
44.8	44.60
44.7	44.61
44.8	44.62
44.7	44.63
44.1	44.64
45.8	45.1
45.12	45.2
45.13	45.3
45.1	45.4
45.1	45.5
45.1	45.6
45.12	45.7
45.8	45.8
45.5	45.9
45.13	45.10
45.1	45.11
45.13	45.12
45.13	45.13
45.12	45.14
45.1	45.15
45.12	45.16
45.7	45.17
45.1	45.18
45.12	45.19
45.7	45.20
45.12	45.21
45.4	45.22
45.1	45.23
45.1	45.24
45.1	45.25
45.6	45.26
45.12	45.27
45.1	45.28
45.8	45.29
45.1	45.30
45.12	45.31
45.12	45.32
45.5	45.33
45.8	45.34
45.9	45.35
45.1	45.36
45.10	45.37
45.1	45.38
45.3	45.39
45.11	45.40
45.8	45.41
45.12	45.42
45.8	45.43
45.12	45.44
45.12	45.45
45.12	45.46
45.1	45.47
45.3	45.48
45.1	45.49
45.8	45.50
45.1	45.51
45.12	45.52
45.12	45.53
45.1	45.54
45.1	45.55
45.2	45.56
45.8	45.57
45.8	45.58
45.1	45.59
45.8	45.60
45.8	45.61
45.12	45.62
45.3	45.63
45.12	45.64
46.1	46.1
46.1	46.2
46.4	46.3
46.1	46.4
46.1	46.5
46.1	46.6
46.1	46.7
46.1	46.8
46.1	46.9
46.1	46.10
46.6	46.11
46.6	46.12
46.1	46.13
46.1	46.14
46.1	46.15
46.1	46.16
46.6	46.17
46.6	46.18
46.1	46.19
46.6	46.20
46.6	46.21
46.1	46.22
46.1	46.23
46.6	46.24
46.6	46.25
46.5	46.26
46.1	46.27
46.1	46.28
46.1	46.29
46.1	46.30
46.1	46.31
46.1	46.32
46.1	46.33
46.6	46.34
46.1	46.35
46.1	46.36
46.1	46.37
46.6	46.38
46.1	46.39
46.1	46.40
46.6	46.41
46.2	46.42
46.5	46.43
46.1	46.44
46.1	46.45
46.4	46.46
46.1	46.47
46.1	46.48
46.6	46.49
46.1	46.50
46.4	46.51
46.6	46.52
46.1	46.53
46.3	46.54
46.6	46.55
46.1	46.56
46.6	46.57
46.1	46.58
46.4	46.59
46.1	46.60
46.4	46.61
46.1	46.62
46.1	46.63
46.1	46.64
47.9	47.1
47.7	47.2
47.11	47.3
47.7	47.4
47.3	47.5
47.11	47.6
47.11	47.7
47.3	47.8
47.7	47.9
47.11	47.10
47.9	47.11
47.7	47.12
47.9	47.13
47.9	47.14
47.3	47.15
47.3	47.16
47.7	47.17
47.3	47.18
47.3	47.19
47.11	47.20
47.11	47.21
47.9	47.22
47.3	47.23
47.6	47.24
47.9	47.25
47.7	47.26
47.3	47.27
47.9	47.28
47.3	47.29
47.3	47.30
47.3	47.31
47.3	47.32
47.11	47.33
47.7	47.34
47.3	47.35
47.8	47.36
47.11	47.37
47.9	47.38
47.3	47.39
47.9	47.40
47.9	47.41
47.3	47.42
47.1	47.43
47.3	47.44
47.9	47.45
47.3	47.46
47.3	47.47
47.9	47.48
47.11	47.49
47.9	47.50
47.9	47.51
47.2	47.52
47.3	47.53
47.7	47.54
47.4	47.55
47.3	47.56
47.3	47.57
47.10	47.58
47.3	47.59
47.5	47.60
47.7	47.61
47.3	47.62
47.11	47.63
47.9	47.64
48.6	48.1
48.3	48.2
48.6	48.3
48.6	48.4
48.3	48.5
48.1	48.6
48.3	48.7
48.3	48.8
48.1	48.9
48.1	48.10
48.5	48.11
48.6	48.12
48.6	48.13
48.1	48.14
48.3	48.15
48.3	48.16
48.1	48.17
48.5	48.18
48.3	48.19
48.1	48.20
48.3	48.21
48.1	48.22
48.1	48.23
48.1	48.24
48.1	48.25
48.1	48.26
48.1	48.27
48.3	48.28
48.3	48.29
48.2	48.30
48.6	48.31
48.3	48.32
48.1	48.33
48.6	48.34
48.3	48.35
48.3	48.36
48.1	48.37
48.1	48.38
48.3	48.39
48.1	48.40
48.1	48.41
48.6	48.42
48.3	48.43
48.3	48.44
48.6	48.45
48.1	48.46
48.1	48.47
48.1	48.48
48.1	48.49
48.4	48.50
48.3	48.51
48.1	48.52
48.3	48.53
48.6	48.54
48.6	48.55
48.6	48.56
48.3	48.57
48.6	48.58
48.6	48.59
48.3	48.60
48.6	48.61
48.6	48.62
48.3	48.63
48.1	48.64
49.4	49.1
49.6	49.2
49.1	49.3
49.6	49.4
49.3	49.5
49.1	49.6
49.4	49.7
49.1	49.8
49.1	49.9
49.1	49.10
49.2	49.11
49.6	49.12
49.6	49.13
49.3	49.14
49.1	49.15
49.3	49.16
49.4	49.17
49.3	49.18
49.1	49.19
49.1	49.20
49.4	49.21
49.4	49.22
49.6	49.23
49.1	49.24
49.6	49.25
49.1	49.26
49.6	49.27
49.6	49.28
49.4	49.29
49.4	49.30
49.6	49.31
49.6	49.32
49.3	49.33
49.6	49.34
49.6	49.35
49.4	49.36
49.4	49.37
49.4	49.38
49.6	49.39
49.1	49.40
49.3	49.41
49.1	49.42
49.4	49.43
49.1	49.44
49.4	49.45
49.4	49.46
49.6	49.47
49.6	49.48
49.4	49.49
49.6	49.50
49.5	49.51
49.1	49.52
49.4	49.53
49.3	49.54
49.6	49.55
49.6	49.56
49.3	49.57
49.1	49.58
49.6	49.59
49.6	49.60
49.6	49.61
49.3	49.62
49.3	49.63
49.3	49.64
50.4	50.1
50.4	50.2
50.1	50.3
50.4	50.4
50.1	50.5
50.4	50.6
50.4	50.7
50.4	50.8
50.4	50.9
50.4	50.10
50.1	50.11
50.1	50.12
50.4	50.13
50.4	50.14
50.4	50.15
50.1	50.16
50.1	50.17
50.1	50.18
50.4	50.19
50.1	50.20
50.4	50.21
50.1	50.22
50.1	50.23
50.4	50.24
50.4	50.25
50.1	50.26
50.1	50.27
50.4	50.28
50.4	50.29
50.3	50.30
50.1	50.31
50.4	50.32
50.1	50.33
50.1	50.34
50.4	50.35
50.4	50.36
50.4	50.37
50.4	50.38
50.5	50.39
50.4	50.40
50.4	50.41
50.6	50.42
50.1	50.43
50.1	50.44
50.4	50.45
50.4	50.46
50.4	50.47
50.6	50.48
50.1	50.49
50.4	50.50
50.6	50.51
50.4	50.52
50.1	50.53
50.4	50.54
50.4	50.55
50.4	50.56
50.1	50.57
50.2	50.58
50.4	50.59
50.4	50.60
50.6	50.61
50.4	50.62
50.4	50.63
50.4	50.64
51.3	51.1
51.6	51.2
51.4	51.3
51.7	51.4
51.3	51.5
51.4	51.6
51.4	51.7
51.3	51.8
51.6	51.9
51.6	51.10
51.7	51.11
51.1	51.12
51.4	51.13
51.3	51.14
51.3	51.15
51.4	51.16
51.6	51.17
51.6	51.18
51.4	51.19
51.6	51.20
51.5	51.21
51.4	51.22
51.7	51.23
51.4	51.24
51.7	51.25
51.4	51.26
51.6	51.27
51.5	51.28
51.3	51.29
51.1	51.30
51.4	51.31
51.4	51.32
51.6	51.33
51.2	51.34
51.4	51.35
51.4	51.36
51.3	51.37
51.4	51.38
51.4	51.39
51.4	51.40
51.4	51.41
51.4	51.42
51.7	51.43
51.6	51.44
51.1	51.45
51.6	51.46
51.3	51.47
51.4	51.48
51.6	51.49
51.6	51.50
51.3	51.51
51.7	51.52
51.6	51.53
51.4	51.54
51.4	51.55
51.6	51.56
51.6	51.57
51.1	51.58
51.4	51.59
51.7	51.60
51.6	51.61
51.6	51.62
51.3	51.63
51.7	51.64
52.6	52.1
52.6	52.2
52.1	52.3
52.6	52.4
52.1	52.5
52.6	52.6
52.8	52.7
52.6	52.8
52.6	52.9
52.7	52.10
52.9	52.11
52.6	52.12
52.1	52.13
52.6	52.14
52.1	52.15
52.1	52.16
52.6	52.17
52.1	52.18
52.1	52.19
52.6	52.20
52.9	52.21
52.6	52.22
52.5	52.23
52.1	52.24
52.6	52.25
52.6	52.26
52.6	52.27
52.1	52.28
52.6	52.29
52.1	52.30
52.1	52.31
52.8	52.32
52.9	52.33
52.6	52.34
52.1	52.35
52.9	52.36
52.1	52.37
52.8	52.38
52.1	52.39
52.1	52.40
52.6	52.41
52.8	52.42
52.6	52.43
52.1	52.44
52.1	52.45
52.1	52.46
52.3	52.47
52.1	52.48
52.1	52.49
52.6	52.50
52.8	52.51
52.6	52.52
52.2	52.53
52.4	52.54
52.6	52.55
52.1	52.56
52.4	52.57
52.10	52.58
52.6	52.59
52.9	52.60
52.9	52.61
52.5	52.62
52.6	52.63
52.1	52.64
53.4	53.1
53.6	53.2
53.6	53.3
53.6	53.4
53.4	53.5
53.6	53.6
53.1	53.7
53.5	53.8
53.6	53.9
53.4	53.10
53.6	53.11
53.1	53.12
53.1	53.13
53.1	53.14
53.5	53.15
53.6	53.16
53.4	53.17
53.5	53.18
53.1	53.19
53.4	53.20
53.6	53.21
53.6	53.22
53.6	53.23
53.3	53.24
53.1	53.25
53.4	53.26
53.4	53.27
53.1	53.28
53.1	53.29
53.1	53.30
53.5	53.31
53.6	53.32
53.1	53.33
53.6	53.34
53.1	53.35
53.1	53.36
53.6	53.37
53.4	53.38
53.5	53.39
53.4	53.40
53.1	53.41
53.6	53.42
53.3	53.43
53.6	53.44
53.5	53.45
53.4	53.46
53.6	53.47
53.1	53.48
53.6	53.49
53.1	53.50
53.4	53.51
53.2	53.52
53.4	53.53
53.1	53.54
53.4	53.55
53.6	53.56
53.1	53.57
53.4	53.58
53.4	53.59
53.6	53.60
53.4	53.61
53.6	53.62
53.4	53.63
53.1	53.64
54.1	54.1
54.1	54.2
54.1	54.3
54.7	54.4
54.1	54.5
54.7	54.6
54.7	54.7
54.7	54.8
54.7	54.9
54.1	54.10
54.7	54.11
54.1	54.12
54.4	54.13
54.4	54.14
54.1	54.15
54.7	54.16
54.1	54.17
54.1	54.18
54.7	54.19
54.7	54.20
54.7	54.21
54.1	54.22
54.1	54.23
54.3	54.24
54.5	54.25
54.5	54.26
54.1	54.27
54.1	54.28
54.7	54.29
54.1	54.30
54.1	54.31
54.1	54.32
54.1	54.33
54.1	54.34
54.1	54.35
54.6	54.36
54.1	54.37
54.7	54.38
54.7	54.39
54.7	54.40
54.6	54.41
54.7	54.42
54.4	54.43
54.2	54.44
54.4	54.45
54.1	54.46
54.1	54.47
54.6	54.48
54.7	54.49
54.7	54.50
54.1	54.51
54.1	54.52
54.7	54.53
54.6	54.54
54.1	54.55
54.1	54.56
54.1	54.57
54.7	54.58
54.5	54.59
54.1	54.60
54.1	54.61
54.1	54.62
54.7	54.63
54.7	54.64
55.7	55.1
55.7	55.2
55.3	55.3
55.7	55.4
55.1	55.5
55.5	55.6
55.1	55.7
55.1	55.8
55.6	55.9
55.1	55.10
55.7	55.11
55.5	55.12
55.7	55.13
55.1	55.14
55.1	55.15
55.1	55.16
55.5	55.17
55.7	55.18
55.7	55.19
55.4	55.20
55.1	55.21
55.7	55.22
55.2	55.23
55.1	55.24
55.1	55.25
55.7	55.26
55.1	55.27
55.7	55.28
55.1	55.29
55.5	55.30
55.3	55.31
55.7	55.32
55.1	55.33
55.1	55.34
55.1	55.35
55.7	55.36
55.7	55.37
55.6	55.38
55.7	55.39
55.7	55.40
55.1	55.41
55.1	55.42
55.1	55.43
55.1	55.44
55.1	55.45
55.1	55.46
55.7	55.47
55.5	55.48
55.5	55.49
55.1	55.50
55.7	55.51
55.1	55.52
55.7	55.53
55.7	55.54
55.7	55.55
55.1	55.56
55.1	55.57
55.7	55.58
55.7	55.59
55.7	55.60
55.7	55.61
55.7	55.62
55.1	55.63
55.1	55.64
56.10	56.1
56.10	56.2
56.10	56.3
56.1	56.4
56.8	56.5
56.2	56.6
56.4	56.7
56.1	56.8
56.1	56.9
56.10	56.10
56.1	56.11
56.10	56.12
56.1	56.13
56.1	56.14
56.4	56.15
56.1	56.16
56.10	56.17
56.1	56.18
56.6	56.19
56.1	56.20
56.1	56.21
56.8	56.22
56.1	56.23
56.1	56.24
56.1	56.25
56.1	56.26
56.7	56.27
56.1	56.28
56.10	56.29
56.10	56.30
56.3	56.31
56.7	56.32
56.10	56.33
56.10	56.34
56.7	56.35
56.1	56.36
56.4	56.37
56.4	56.38
56.10	56.39
56.1	56.40
56.7	56.41
56.1	56.42
56.10	56.43
56.10	56.44
56.1	56.45
56.1	56.46
56.10	56.47
56.1	56.48
56.6	56.49
56.7	56.50
56.10	56.51
56.1	56.52
56.8	56.53
56.4	56.54
56.3	56.55
56.1	56.56
56.10	56.57
56.9	56.58
56.5	56.59
56.6	56.60
56.1	56.61
56.10	56.62
56.10	56.63
56.1	56.64
57.8	57.1
57.8	57.2
57.8	57.3
57.1	57.4
57.1	57.5
57.8	57.6
57.8	57.7
57.8	57.8
57.8	57.9
57.8	57.10
57.8	57.11
57.8	57.12
57.8	57.13
57.8	57.14
57.1	57.15
57.8	57.16
57.1	57.17
57.8	57.18
57.8	57.19
57.1	57.20
57.8	57.21
57.5	57.22
57.8	57.23
57.8	57.24
57.8	57.25
57.1	57.26
57.8	57.27
57.1	57.28
57.2	57.29
57.8	57.30
57.1	57.31
57.8	57.32
57.8	57.33
57.8	57.34
57.1	57.35
57.1	57.36
57.3	57.37
57.8	57.38
57.8	57.39
57.1	57.40
57.1	57.41
57.6	57.42
57.8	57.43
57.8	57.44
57.8	57.45
57.8	57.46
57.6	57.47
57.8	57.48
57.6	57.49
57.8	57.50
57.8	57.51
57.6	57.52
57.1	57.53
57.1	57.54
57.8	57.55
57.8	57.56
57.4	57.57
57.6	57.58
57.1	57.59
57.1	57.60
57.7	57.61
57.8	57.62
57.8	57.63
57.1	57.64
58.1	58.1
58.8	58.2
58.6	58.3
58.8	58.4
58.1	58.5
58.8	58.6
58.8	58.7
58.1	58.8
58.8	58.9
58.8	58.10
58.8	58.11
58.1	58.12
58.1	58.13
58.7	58.14
58.8	58.15
58.7	58.16
58.1	58.17
58.1	58.18
58.3	58.19
58.5	58.20
58.1	58.21
58.5	58.22
58.1	58.23
58.8	58.24
58.6	58.25
58.6	58.26
58.1	58.27
58.1	58.28
58.1	58.29
58.8	58.30
58.6	58.31
58.1	58.32
58.1	58.33
58.8	58.34
58.8	58.35
58.6	58.36
58.8	58.37
58.6	58.38
58.6	58.39
58.1	58.40
58.8	58.41
58.1	58.42
58.3	58.43
58.5	58.44
58.1	58.45
58.5	58.46
58.1	58.47
58.8	58.48
58.5	58.49
58.8	58.50
58.7	58.51
58.7	58.52
58.1	58.53
58.4	58.54
58.8	58.55
58.8	58.56
58.1	58.57
58.1	58.58
58.6	58.59
58.7	58.60
58.6	58.61
58.1	58.62
58.1	58.63
58.2	58.64
59.7	59.1
59.7	59.2
59.6	59.3
59.7	59.4
59.3	59.5
59.7	59.6
59.8	59.7
59.7	59.8
59.7	59.9
59.8	59.10
59.7	59.11
59.7	59.12
59.3	59.13
59.7	59.14
59.7	59.15
59.3	59.16
59.6	59.17
59.7	59.18
59.7	59.19
59.6	59.20
59.7	59.21
59.7	59.22
59.7	59.23
59.4	59.24
59.7	59.25
59.7	59.26
59.7	59.27
59.8	59.28
59.3	59.29
59.7	59.30
59.3	59.31
59.4	59.32
59.3	59.33
59.1	59.34
59.3	59.35
59.3	59.36
59.4	59.37
59.4	59.38
59.7	59.39
59.3	59.40
59.8	59.41
59.3	59.42
59.3	59.43
59.3	59.44
59.7	59.45
59.7	59.46
59.3	59.47
59.7	59.48
59.3	59.49
59.3	59.50
59.7	59.51
59.7	59.52
59.8	59.53
59.7	59.54
59.7	59.55
59.7	59.56
59.3	59.57
59.5	59.58
59.7	59.59
59.6	59.60
59.6	59.61
59.7	59.62
59.2	59.63
59.7	59.64
60.12	60.1
60.12	60.2
60.12	60.3
60.12	60.4
60.12	60.5
60.12	60.6
60.1	60.7
60.12	60.8
60.7	60.9
60.12	60.10
60.12	60.11
60.12	60.12
60.12	60.13
60.7	60.14
60.10	60.15
60.7	60.16
60.3	60.17
60.10	60.18
60.8	60.19
60.7	60.20
60.12	60.21
60.12	60.22
60.12	60.23
60.7	60.24
60.7	60.25
60.7	60.26
60.12	60.27
60.1	60.28
60.12	60.29
60.13	60.30
60.12	60.31
60.1	60.32
60.13	60.33
60.12	60.34
60.10	60.35
60.2	60.36
60.5	60.37
60.10	60.38
60.9	60.39
60.13	60.40
60.10	60.41
60.9	60.42
60.12	60.43
60.7	60.44
60.6	60.45
60.12	60.46
60.7	60.47
60.12	60.48
60.11	60.49
60.7	60.50
60.10	60.51
60.10	60.52
60.8	60.53
60.10	60.54
60.10	60.55
60.12	60.56
60.7	60.57
60.4	60.58
60.8	60.59
60.12	60.60
60.14	60.61
60.14	60.62
60.8	60.63
60.1	60.64
61.1	61.1
61.4	61.2
61.4	61.3
61.1	61.4
61.4	61.5
61.4	61.6
61.4	61.7
61.1	61.8
61.3	61.9
61.3	61.10
61.1	61.11
61.4	61.12
61.1	61.13
61.4	61.14
61.1	61.15
61.4	61.16
61.3	61.17
61.1	61.18
61.1	61.19
61.4	61.20
61.4	61.21
61.4	61.22
61.1	61.23
61.5	61.24
61.4	61.25
61.4	61.26
61.1	61.27
61.4	61.28
61.5	61.29
61.3	61.30
61.1	61.31
61.1	61.32
61.1	61.33
61.1	61.34
61.3	61.35
61.4	61.36
61.1	61.37
61.4	61.38
61.4	61.39
61.1	61.40
61.1	61.41
61.1	61.42
61.2	61.43
61.5	61.44
61.4	61.45
61.4	61.46
61.1	61.47
61.5	61.48
61.1	61.49
61.4	61.50
61.4	61.51
61.1	61.52
61.4	61.53
61.1	61.54
61.1	61.55
61.1	61.56
61.1	61.57
61.1	61.58
61.1	61.59
61.1	61.60
61.4	61.61
61.1	61.62
61.1	61.63
61.3	61.64
62.5	62.1
62.5	62.2
62.5	62.3
62.5	62.4
62.6	62.5
62.5	62.6
62.1	62.7
62.6	62.8
62.6	62.9
62.5	62.10
62.5	62.11
62.5	62.12
62.1	62.13
62.6	62.14
62.6	62.15
62.4	62.16
62.5	62.17
62.5	62.18
62.6	62.19
62.5	62.20
62.6	62.21
62.5	62.22
62.2	62.23
62.4	62.24
62.6	62.25
62.6	62.26
62.5	62.27
62.6	62.28
62.6	62.29
62.6	62.30
62.7	62.31
62.4	62.32
62.6	62.33
62.6	62.34
62.6	62.35
62.3	62.36
62.5	62.37
62.7	62.38
62.5	62.39
62.6	62.40
62.5	62.41
62.6	62.42
62.4	62.43
62.5	62.44
62.6	62.45
62.5	62.46
62.5	62.47
62.4	62.48
62.4	62.49
62.5	62.50
62.6	62.51
62.6	62.52
62.7	62.53
62.6	62.54
62.5	62.55
62.4	62.56
62.5	62.57
62.4	62.58
62.6	62.59
62.5	62.60
62.6	62.61
62.4	62.62
62.5	62.63
62.6	62.64
63.1	63.1
63.1	63.2
63.6	63.3
63.6	63.4
63.6	63.5
63.6	63.6
63.6	63.7
63.1	63.8
63.1	63.9
63.6	63.10
63.6	63.11
63.1	63.12
63.6	63.13
63.1	63.14
63.6	63.15
63.6	63.16
63.6	63.17
63.1	63.18
63.1	63.19
63.1	63.20
63.1	63.21
63.6	63.22
63.1	63.23
63.4	63.24
63.6	63.25
63.1	63.26
63.6	63.27
63.6	63.28
63.6	63.29
63.6	63.30
63.6	63.31
63.1	63.32
63.6	63.33
63.1	63.34
63.1	63.35
63.6	63.36
63.4	63.37
63.6	63.38
63.6	63.39
63.6	63.40
63.6	63.41
63.6	63.42
63.2	63.43
63.5	63.44
63.4	63.45
63.1	63.46
63.6	63.47
63.1	63.48
63.1	63.49
63.6	63.50
63.3	63.51
63.5	63.52
63.1	63.53
63.6	63.54
63.6	63.55
63.1	63.56
63.1	63.57
63.1	63.58
63.6	63.59
63.1	63.60
63.6	63.61
63.6	63.62
63.6	63.63
63.1	63.64
64.5	64.1
64.10	64.2
64.11	64.3
64.8	64.4
64.8	64.5
64.7	64.6
64.9	64.7
64.9	64.8
64.9	64.9
64.1	64.10
64.7	64.11
64.9	64.12
64.1	64.13
64.11	64.14
64.11	64.15
64.11	64.16
64.11	64.17
64.9	64.18
64.9	64.19
64.11	64.20
64.9	64.21
64.11	64.22
64.9	64.23
64.1	64.24
64.1	64.25
64.10	64.26
64.1	64.27
64.1	64.28
64.4	64.29
64.11	64.30
64.9	64.31
64.1	64.32
64.11	64.33
64.1	64.34
64.8	64.35
64.1	64.36
64.9	64.37
64.9	64.38
64.2	64.39
64.9	64.40
64.11	64.41
64.11	64.42
64.1	64.43
64.9	64.44
64.11	64.45
64.11	64.46
64.3	64.47
64.9	64.48
64.11	64.49
64.6	64.50
64.8	64.51
64.9	64.52
64.1	64.53
64.1	64.54
64.9	64.55
64.8	64.56
64.9	64.57
64.11	64.58
64.11	64.59
64.11	64.60
64.7	64.61
64.11	64.62
64.9	64.63
64.7	64.64
65.1	65.1
65.7	65.2
65.6	65.3
65.7	65.4
65.1	65.5
65.1	65.6
65.1	65.7
65.7	65.8
65.1	65.9
65.7	65.10
65.7	65.11
65.1	65.12
65.7	65.13
65.7	65.14
65.5	65.15
65.7	65.16
65.4	65.17
65.4	65.18
65.7	65.19
65.1	65.20
65.4	65.21
65.7	65.22
65.1	65.23
65.1	65.24
65.7	65.25
65.1	65.26
65.7	65.27
65.5	65.28
65.2	65.29
65.1	65.30
65.4	65.31
65.1	65.32
65.5	65.33
65.7	65.34
65.4	65.35
65.7	65.36
65.5	65.37
65.7	65.38
65.7	65.39
65.7	65.40
65.7	65.41
65.1	65.42
65.1	65.43
65.7	65.44
65.1	65.45
65.1	65.46
65.1	65.47
65.7	65.48
65.7	65.49
65.1	65.50
65.5	65.51
65.7	65.52
65.1	65.53
65.7	65.54
65.7	65.55
65.3	65.56
65.1	65.57
65.1	65.58
65.7	65.59
65.7	65.60
65.1	65.61
65.7	65.62
65.1	65.63
65.1	65.64
66.6	66.1
66.9	66.2
66.10	66.3
66.10	66.4
66.10	66.5
66.9	66.6
66.10	66.7
66.6	66.8
66.9	66.9
66.10	66.10
66.9	66.11
66.6	66.12
66.3	66.13
66.9	66.14
66.9	66.15
66.10	66.16
66.10	66.17
66.10	66.18
66.1	66.19
66.10	66.20
66.10	66.21
66.9	66.22
66.1	66.23
66.1	66.24
66.10	66.25
66.10	66.26
66.6	66.27
66.10	66.28
66.9	66.29
66.9	66.30
66.1	66.31
66.9	66.32
66.1	66.33
66.1	66.34
66.1	66.35
66.4	66.36
66.1	66.37
66.1	66.38
66.9	66.39
66.10	66.40
66.9	66.41
66.10	66.42
66.9	66.43
66.1	66.44
66.7	66.45
66.9	66.46
66.9	66.47
66.10	66.48
66.7	66.49
66.1	66.50
66.1	66.51
66.1	66.52
66.7	66.53
66.8	66.54
66.9	66.55
66.1	66.56
66.9	66.57
66.7	66.58
66.1	66.59
66.5	66.60
66.9	66.61
66.10	66.62
66.2	66.63
66.1	66.64
67.5	67.1
67.4	67.2
67.5	67.3
67.4	67.4
67.1	67.5
67.4	67.6
67.4	67.7
67.4	67.8
67.5	67.9
67.4	67.10
67.1	67.11
67.4	67.12
67.4	67.13
67.1	67.14
67.4	67.15
67.5	67.16
67.5	67.17
67.4	67.18
67.4	67.19
67.5	67.20
67.4	67.21
67.5	67.22
67.1	67.23
67.1	67.24
67.5	67.25
67.5	67.26
67.4	67.27
67.5	67.28
67.4	67.29
67.4	67.30
67.2	67.31
67.5	67.32
67.1	67.33
67.4	67.34
67.5	67.35
67.5	67.36
67.4	67.37
67.5	67.38
67.5	67.39
67.1	67.40
67.4	67.41
67.4	67.42
67.5	67.43
67.5	67.44
67.3	67.45
67.4	67.46
67.4	67.47
67.4	67.48
67.5	67.49
67.1	67.50
67.4	67.51
67.1	67.52
67.1	67.53
67.4	67.54
67.4	67.55
67.4	67.56
67.4	67.57
67.4	67.58
67.5	67.59
67.1	67.60
67.1	67.61
67.1	67.62
67.5	67.63
67.5	67.64
68.1	68.1
68.1	68.2
68.5	68.3
68.1	68.4
68.1	68.5
68.6	68.6
68.1	68.7
68.5	68.8
68.4	68.9
68.6	68.10
68.5	68.11
68.3	68.12
68.5	68.13
68.1	68.14
68.1	68.15
68.3	68.16
68.5	68.17
68.5	68.18
68.5	68.19
68.3	68.20
68.5	68.21
68.6	68.22
68.1	68.23
68.6	68.24
68.1	68.25
68.1	68.26
68.5	68.27
68.3	68.28
68.3	68.29
68.1	68.30
68.1	68.31
68.1	68.32
68.3	68.33
68.1	68.34
68.1	68.35
68.3	68.36
68.4	68.37
68.5	68.38
68.1	68.39
68.1	68.40
68.1	68.41
68.5	68.42
68.5	68.43
68.5	68.44
68.6	68.45
68.3	68.46
68.6	68.47
68.5	68.48
68.5	68.49
68.5	68.50
68.2	68.51
68.1	68.52
68.1	68.53
68.5	68.54
68.1	68.55
68.5	68.56
68.5	68.57
68.6	68.58
68.5	68.59
68.1	68.60
68.1	68.61
68.5	68.62
68.5	68.63
68.5	68.64
69.9	69.1
69.3	69.2
69.1	69.3
69.1	69.4
69.7	69.5
69.8	69.6
69.9	69.7
69.4	69.8
69.1	69.9
69.1	69.10
69.5	69.11
69.5	69.12
69.3	69.13
69.5	69.14
69.2	69.15
69.7	69.16
69.9	69.17
69.9	69.18
69.9	69.19
69.9	69.20
69.3	69.21
69.7	69.22
69.9	69.23
69.3	69.24
69.3	69.25
69.9	69.26
69.3	69.27
69.7	69.28
69.9	69.29
69.8	69.30
69.1	69.31
69.7	69.32
69.1	69.33
69.3	69.34
69.1	69.35
69.3	69.36
69.5	69.37
69.7	69.38
69.1	69.39
69.5	69.40
69.1	69.41
69.5	69.42
69.6	69.43
69.9	69.44
69.8	69.45
69.5	69.46
69.1	69.47
69.1	69.48
69.1	69.49
69.3	69.50
69.1	69.51
69.3	69.52
69.9	69.53
69.5	69.54
69.7	69.55
69.9	69.56
69.3	69.57
69.1	69.58
69.9	69.59
69.6	69.60
69.9	69.61
69.1	69.62
69.7	69.63
69.7	69.64
70.1	70.1
70.6	70.2
70.6	70.3
70.6	70.4
70.6	70.5
70.3	70.6
70.1	70.7
70.1	70.8
70.6	70.9
70.6	70.10
70.6	70.11
70.1	70.12
70.6	70.13
70.6	70.14
70.1	70.15
70.6	70.16
70.1	70.17
70.1	70.18
70.1	70.19
70.6	70.20
70.6	70.21
70.1	70.22
70.6	70.23
70.1	70.24
70.6	70.25
70.6	70.26
70.1	70.27
70.6	70.28
70.1	70.29
70.6	70.30
70.1	70.31
70.4	70.32
70.2	70.33
70.5	70.34
70.6	70.35
70.6	70.36
70.6	70.37
70.6	70.38
70.6	70.39
70.1	70.40
70.6	70.41
70.1	70.42
70.6	70.43
70.6	70.44
70.6	70.45
70.6	70.46
70.6	70.47
70.1	70.48
70.1	70.49
70.1	70.50
70.1	70.51
70.1	70.52
70.6	70.53
70.1	70.54
70.1	70.55
70.5	70.56
70.6	70.57
70.1	70.58
70.6	70.59
70.1	70.60
70.6	70.61
70.1	70.62
70.6	70.63
70.6	70.64
71.3	71.1
71.5	71.2
71.4	71.3
71.4	71.4
71.5	71.5
71.5	71.6
71.4	71.7
71.5	71.8
71.4	71.9
71.5	71.10
71.4	71.11
71.5	71.12
71.5	71.13
71.4	71.14
71.5	71.15
71.5	71.16
71.4	71.17
71.4	71.18
71.5	71.19
71.5	71.20
71.5	71.21
71.3	71.22
71.4	71.23
71.5	71.24
71.3	71.25
71.1	71.26
71.1	71.27
71.5	71.28
71.5	71.29
71.5	71.30
71.4	71.31
71.5	71.32
71.3	71.33
71.1	71.34
71.5	71.35
71.2	71.36
71.4	71.37
71.4	71.38
71.4	71.39
71.1	71.40
71.1	71.41
71.1	71.42
71.4	71.43
71.6	71.44
71.4	71.45
71.5	71.46
71.5	71.47
71.4	71.48
71.1	71.49
71.1	71.50
71.4	71.51
71.1	71.52
71.1	71.53
71.4	71.54
71.4	71.55
71.5	71.56
71.1	71.57
71.3	71.58
71.1	71.59
71.6	71.60
71.4	71.61
71.4	71.62
71.5	71.63
71.4	71.64
72.5	72.1
72.9	72.2
72.5	72.3
72.12	72.4
72.10	72.5
72.4	72.6
72.5	72.7
72.5	72.8
72.7	72.9
72.5	72.10
72.7	72.11
72.2	72.12
72.7	72.13
72.11	72.14
72.7	72.15
72.7	72.16
72.12	72.17
72.6	72.18
72.5	72.19
72.4	72.20
72.7	72.21
72.10	72.22
72.10	72.23
72.7	72.24
72.10	72.25
72.7	72.26
72.4	72.27
72.11	72.28
72.12	72.29
72.6	72.30
72.5	72.31
72.7	72.32
72.12	72.33
72.7	72.34
72.10	72.35
72.5	72.36
72.12	72.37
72.12	72.38
72.4	72.39
72.10	72.40
72.1	72.41
72.7	72.42
72.10	72.43
72.12	72.44
72.9	72.45
72.10	72.46
72.7	72.47
72.8	72.48
72.1	72.49
72.3	72.50
72.5	72.51
72.12	72.52
72.5	72.53
72.7	72.54
72.10	72.55
72.9	72.56
72.12	72.57
72.10	72.58
72.12	72.59
72.13	72.60
72.5	72.61
72.10	72.62
72.13	72.63
72.9	72.64
73.5	73.1
73.1	73.2
73.6	73.3
73.1	73.4
73.2	73.5
73.6	73.6
73.1	73.7
73.6	73.8
73.5	73.9
73.6	73.10
73.1	73.11
73.1	73.12
73.4	73.13
73.1	73.14
73.1	73.15
73.5	73.16
73.1	73.17
73.5	73.18
73.1	73.19
73.6	73.20
73.6	73.21
73.1	73.22
73.1	73.23
73.4	73.24
73.5	73.25
73.1	73.26
73.6	73.27
73.7	73.28
73.5	73.29
73.1	73.30
73.4	73.31
73.5	73.32
73.6	73.33
73.1	73.34
73.5	73.35
73.6	73.36
73.4	73.37
73.6	73.38
73.4	73.39
73.1	73.40
73.1	73.41
73.1	73.42
73.1	73.43
73.4	73.44
73.6	73.45
73.4	73.46
73.1	73.47
73.4	73.48
73.5	73.49
73.1	73.50
73.1	73.51
73.6	73.52
73.6	73.53
73.5	73.54
73.4	73.55
73.4	73.56
73.5	73.57
73.5	73.58
73.5	73.59
73.5	73.60
73.5	73.61
73.6	73.62
73.3	73.63
73.1	73.64
74.5	74.1
74.6	74.2
74.5	74.3
74.1	74.4
74.5	74.5
74.6	74.6
74.6	74.7
74.3	74.8
74.5	74.9
74.5	74.10
74.5	74.11
74.5	74.12
74.5	74.13
74.5	74.14
74.5	74.15
74.6	74.16
74.5	74.17
74.5	74.18
74.6	74.19
74.5	74.20
74.6	74.21
74.6	74.22
74.6	74.23
74.5	74.24
74.6	74.25
74.6	74.26
74.6	74.27
74.6	74.28
74.5	74.29
74.5	74.30
74.5	74.31
74.6	74.32
74.5	74.33
74.6	74.34
74.6	74.35
74.5	74.36
74.6	74.37
74.6	74.38
74.6	74.39
74.5	74.40
74.1	74.41
74.6	74.42
74.5	74.43
74.5	74.44
74.5	74.45
74.1	74.46
74.6	74.47
74.5	74.48
74.1	74.49
74.4	74.50
74.3	74.51
74.6	74.52
74.5	74.53
74.6	74.54
74.1	74.55
74.6	74.56
74.6	74.57
74.5	74.58
74.6	74.59
74.2	74.60
74.6	74.61
74.1	74.62
74.6	74.63
74.3	74.64
75.6	75.1
75.1	75.2
75.1	75.3
75.8	75.4
75.1	75.5
75.8	75.6
75.6	75.7
75.1	75.8
75.1	75.9
75.1	75.10
75.8	75.11
75.8	75.12
75.8	75.13
75.1	75.14
75.8	75.15
75.6	75.16
75.7	75.17
75.8	75.18
75.1	75.19
75.2	75.20
75.8	75.21
75.8	75.22
75.8	75.23
75.3	75.24
75.4	75.25
75.6	75.26
75.6	75.27
75.8	75.28
75.4	75.29
75.6	75.30
75.1	75.31
75.8	75.32
75.8	75.33
75.1	75.34
75.8	75.35
75.8	75.36
75.1	75.37
75.1	75.38
75.4	75.39
75.8	75.40
75.1	75.41
75.8	75.42
75.1	75.43
75.6	75.44
75.5	75.45
75.5	75.46
75.4	75.47
75.1	75.48
75.1	75.49
75.6	75.50
75.6	75.51
75.7	75.52
75.1	75.53
75.1	75.54
75.1	75.55
75.6	75.56
75.9	75.57
75.1	75.58
75.8	75.59
75.6	75.60
75.7	75.61
75.6	75.62
75.7	75.63
75.1	75.64
76.1	76.1
76.6	76.2
76.1	76.3
76.6	76.4
76.6	76.5
76.6	76.6
76.6	76.7
76.6	76.8
76.6	76.9
76.5	76.10
76.6	76.11
76.6	76.12
76.1	76.13
76.1	76.14
76.6	76.15
76.1	76.16
76.1	76.17
76.6	76.18
76.6	76.19
76.6	76.20
76.3	76.21
76.6	76.22
76.1	76.23
76.1	76.24
76.6	76.25
76.6	76.26
76.6	76.27
76.6	76.28
76.6	76.29
76.6	76.30
76.1	76.31
76.1	76.32
76.6	76.33
76.6	76.34
76.6	76.35
76.5	76.36
76.6	76.37
76.6	76.38
76.6	76.39
76.1	76.40
76.1	76.41
76.6	76.42
76.1	76.43
76.5	76.44
76.6	76.45
76.1	76.46
76.6	76.47
76.1	76.48
76.1	76.49
76.5	76.50
76.6	76.51
76.1	76.52
76.1	76.53
76.5	76.54
76.2	76.55
76.6	76.56
76.6	76.57
76.6	76.58
76.6	76.59
76.6	76.60
76.1	76.61
76.4	76.62
76.1	76.63
76.6	76.64
77.6	77.1
77.8	77.2
77.2	77.3
77.10	77.4
77.2	77.5
77.2	77.6
77.2	77.7
77.2	77.8
77.2	77.9
77.8	77.10
77.10	77.11
77.8	77.12
77.2	77.13
77.2	77.14
77.2	77.15
77.10	77.16
77.3	77.17
77.10	77.18
77.2	77.19
77.6	77.20
77.10	77.21
77.2	77.22
77.10	77.23
77.2	77.24
77.2	77.25
77.10	77.26
77.9	77.27
77.10	77.28
77.4	77.29
77.8	77.30
77.2	77.31
77.2	77.32
77.8	77.33
77.1	77.34
77.9	77.35
77.10	77.36
77.2	77.37
77.10	77.38
77.9	77.39
77.9	77.40
77.10	77.41
77.2	77.42
77.2	77.43
77.10	77.44
77.11	77.45
77.8	77.46
77.4	77.47
77.7	77.48
77.2	77.49
77.6	77.50
77.10	77.51
77.8	77.52
77.1	77.53
77.5	77.54
77.10	77.55
77.6	77.56
77.9	77.57
77.2	77.58
77.10	77.59
77.2	77.60
77.2	77.61
77.2	77.62
77.2	77.63
77.10	77.64
78.4	78.1
78.4	78.2
78.6	78.3
78.8	78.4
78.10	78.5
78.4	78.6
78.10	78.7
78.2	78.8
78.1	78.9
78.10	78.10
78.5	78.11
78.4	78.12
78.4	78.13
78.8	78.14
78.6	78.15
78.10	78.16
78.10	78.17
78.4	78.18
78.6	78.19
78.1	78.20
78.1	78.21
78.6	78.22
78.10	78.23
78.6	78.24
78.8	78.25
78.1	78.26
78.10	78.27
78.6	78.28
78.6	78.29
78.6	78.30
78.10	78.31
78.6	78.32
78.8	78.33
78.6	78.34
78.10	78.35
78.6	78.36
78.7	78.37
78.8	78.38
78.10	78.39
78.1	78.40
78.10	78.41
78.6	78.42
78.9	78.43
78.6	78.44
78.10	78.45
78.10	78.46
78.3	78.47
78.6	78.48
78.10	78.49
78.4	78.50
78.4	78.51
78.6	78.52
78.4	78.53
78.8	78.54
78.6	78.55
78.4	78.56
78.6	78.57
78.6	78.58
78.8	78.59
78.5	78.60
78.10	78.61
78.8	78.62
78.6	78.63
78.10	78.64
79.6	79.1
79.6	79.2
79.6	79.3
79.3	79.4
79.3	79.5
79.3	79.6
79.3	79.7
79.3	79.8
79.3	79.9
79.3	79.10
79.3	79.11
79.6	79.12
79.3	79.13
79.4	79.14
79.3	79.15
79.3	79.16
79.6	79.17
79.3	79.18
79.3	79.19
79.3	79.20
79.3	79.21
79.3	79.22
79.3	79.23
79.3	79.24
79.3	79.25
79.6	79.26
79.6	79.27
79.6	79.28
79.3	79.29
79.3	79.30
79.3	79.31
79.3	79.32
79.1	79.33
79.1	79.34
79.3	79.35
79.6	79.36
79.6	79.37
79.2	79.38
79.6	79.39
79.3	79.40
79.6	79.41
79.1	79.42
79.6	79.43
79.6	79.44
79.6	79.45
79.3	79.46
79.3	79.47
79.3	79.48
79.6	79.49
79.5	79.50
79.6	79.51
79.3	79.52
79.3	79.53
79.3	79.54
79.3	79.55
79.3	79.56
79.1	79.57
79.6	79.58
79.3	79.59
79.3	79.60
79.3	79.61
79.3	79.62
79.3	79.63
79.3	79.64
80.1	80.1
80.1	80.2
80.4	80.3
80.1	80.4
80.1	80.5
80.7	80.6
80.1	80.7
80.2	80.8
80.7	80.9
80.7	80.10
80.8	80.11
80.1	80.12
80.7	80.13
80.7	80.14
80.4	80.15
80.7	80.16
80.7	80.17
80.8	80.18
80.1	80.19
80.7	80.20
80.6	80.21
80.7	80.22
80.1	80.23
80.8	80.24
80.7	80.25
80.7	80.26
80.1	80.27
80.7	80.28
80.1	80.29
80.1	80.30
80.8	80.31
80.4	80.32
80.1	80.33
80.8	80.34
80.1	80.35
80.1	80.36
80.1	80.37
80.7	80.38
80.7	80.39
80.1	80.40
80.7	80.41
80.7	80.42
80.1	80.43
80.4	80.44
80.7	80.45
80.7	80.46
80.8	80.47
80.1	80.48
80.7	80.49
80.4	80.50
80.1	80.51
80.7	80.52
80.7	80.53
80.5	80.54
80.1	80.55
80.1	80.56
80.1	80.57
80.7	80.58
80.8	80.59
80.1	80.60
80.8	80.61
80.3	80.62
80.1	80.63
80.7	80.64
81.4	81.1
81.3	81.2
81.3	81.3
81.1	81.4
81.3	81.5
81.1	81.6
81.1	81.7
81.3	81.8
81.3	81.9
81.3	81.10
81.1	81.11
81.1	81.12
81.4	81.13
81.3	81.14
81.1	81.15
81.3	81.16
81.1	81.17
81.3	81.18
81.4	81.19
81.4	81.20
81.1	81.21
81.1	81.22
81.3	81.23
81.3	81.24
81.1	81.25
81.1	81.26
81.4	81.27
81.4	81.28
81.4	81.29
81.4	81.30
81.3	81.31
81.1	81.32
81.1	81.33
81.1	81.34
81.3	81.35
81.1	81.36
81.3	81.37
81.1	81.38
81.1	81.39
81.5	81.40
81.4	81.41
81.3	81.42
81.3	81.43
81.3	81.44
81.3	81.45
81.1	81.46
81.1	81.47
81.3	81.48
81.1	81.49
81.3	81.50
81.4	81.51
81.3	81.52
81.4	81.53
81.1	81.54
81.3	81.55
81.4	81.56
81.3	81.57
81.3	81.58
81.5	81.59
81.1	81.60
81.4	81.61
81.2	81.62
81.3	81.63
81.4	81.64
82.6	82.1
82.6	82.2
82.6	82.3
82.1	82.4
82.5	82.5
82.5	82.6
82.1	82.7
82.6	82.8
82.1	82.9
82.5	82.10
82.6	82.11
82.1	82.12
82.1	82.13
82.1	82.14
82.1	82.15
82.6	82.16
82.5	82.17
82.6	82.18
82.6	82.19
82.6	82.20
82.5	82.21
82.6	82.22
82.4	82.23
82.5	82.24
82.6	82.25
82.5	82.26
82.1	82.27
82.6	82.28
82.5	82.29
82.1	82.30
82.6	82.31
82.6	82.32
82.6	82.33
82.5	82.34
82.6	82.35
82.1	82.36
82.6	82.37
82.6	82.38
82.6	82.39
82.6	82.40
82.6	82.41
82.6	82.42
82.6	82.43
82.1	82.44
82.6	82.45
82.1	82.46
82.6	82.47
82.6	82.48
82.6	82.49
82.5	82.50
82.1	82.51
82.6	82.52
82.6	82.53
82.1	82.54
82.6	82.55
82.6	82.56
82.2	82.57
82.6	82.58
82.5	82.59
82.1	82.60
82.6	82.61
82.3	82.62
82.1	82.63
82.6	82.64
83.5	83.1
83.1	83.2
83.5	83.3
83.5	83.4
83.7	83.5
83.8	83.6
83.9	83.7
83.9	83.8
83.5	83.9
83.9	83.10
83.3	83.11
83.5	83.12
83.5	83.13
83.4	83.14
83.5	83.15
83.5	83.16
83.8	83.17
83.5	83.18
83.1	83.19
83.5	83.20
83.1	83.21
83.4	83.22
83.5	83.23
83.8	83.24
83.4	83.25
83.5	83.26
83.5	83.27
83.8	83.28
83.3	83.29
83.1	83.30
83.5	83.31
83.2	83.32
83.8	83.33
83.4	83.34
83.5	83.35
83.8	83.36
83.1	83.37
83.5	83.38
83.6	83.39
83.1	83.40
83.8	83.41
83.5	83.42
83.9	83.43
83.5	83.44
83.5	83.45
83.1	83.46
83.1	83.47
83.5	83.48
83.5	83.49
83.1	83.50
83.1	83.51
83.1	83.52
83.1	83.53
83.1	83.54
83.5	83.55
83.1	83.56
83.9	83.57
83.1	83.58
83.1	83.59
83.5	83.60
83.1	83.61
83.5	83.62
83.5	83.63
83.9	83.64
84.11	84.1
84.4	84.2
84.11	84.3
84.9	84.4
84.9	84.5
84.8	84.6
84.7	84.7
84.7	84.8
84.1	84.9
84.1	84.10
84.9	84.11
84.1	84.12
84.9	84.13
84.12	84.14
84.9	84.15
84.11	84.16
84.9	84.17
84.5	84.18
84.10	84.19
84.11	84.20
84.9	84.21
84.14	84.22
84.11	84.23
84.11	84.24
84.8	84.25
84.8	84.26
84.10	84.27
84.9	84.28
84.8	84.29
84.9	84.30
84.9	84.31
84.11	84.32
84.3	84.33
84.8	84.34
84.8	84.35
84.12	84.36
84.10	84.37
84.11	84.38
84.11	84.39
84.8	84.40
84.11	84.41
84.9	84.42
84.15	84.43
84.12	84.44
84.14	84.45
84.8	84.46
84.8	84.47
84.10	84.48
84.9	84.49
84.9	84.50
84.2	84.51
84.8	84.52
84.9	84.53
84.13	84.54
84.9	84.55
84.9	84.56
84.9	84.57
84.1	84.58
84.8	84.59
84.6	84.60
84.9	84.61
84.1	84.62
84.14	84.63
84.9	84.64
85.6	85.1
85.1	85.2
85.1	85.3
85.1	85.4
85.1	85.5
85.6	85.6
85.1	85.7
85.1	85.8
85.6	85.9
85.1	85.10
85.6	85.11
85.2	85.12
85.4	85.13
85.8	85.14
85.5	85.15
85.1	85.16
85.1	85.17
85.8	85.18
85.8	85.19
85.1	85.20
85.6	85.21
85.5	85.22
85.1	85.23
85.1	85.24
85.8	85.25
85.1	85.26
85.6	85.27
85.6	85.28
85.3	85.29
85.8	85.30
85.5	85.31
85.1	85.32
85.1	85.33
85.8	85.34
85.8	85.35
85.8	85.36
85.1	85.37
85.1	85.38
85.8	85.39
85.7	85.40
85.8	85.41
85.5	85.42
85.8	85.43
85.1	85.44
85.8	85.45
85.1	85.46
85.1	85.47
85.1	85.48
85.8	85.49
85.8	85.50
85.1	85.51
85.1	85.52
85.1	85.53
85.1	85.54
85.6	85.55
85.6	85.56
85.6	85.57
85.8	85.58
85.7	85.59
85.6	85.60
85.1	85.61
85.8	85.62
85.7	85.63
85.8	85.64
86.1	86.1
86.5	86.2
86.5	86.3
86.5	86.4
86.5	86.5
86.3	86.6
86.5	86.7
86.5	86.8
86.3	86.9
86.1	86.10
86.1	86.11
86.4	86.12
86.5	86.13
86.5	86.14
86.4	86.15
86.3	86.16
86.3	86.17
86.5	86.18
86.3	86.19
86.5	86.20
86.5	86.21
86.3	86.22
86.3	86.23
86.5	86.24
86.5	86.25
86.5	86.26
86.4	86.27
86.3	86.28
86.5	86.29
86.1	86.30
86.1	86.31
86.5	86.32
86.5	86.33
86.3	86.34
86.2	86.35
86.3	86.36
86.3	86.37
86.3	86.38
86.5	86.39
86.4	86.40
86.3	86.41
86.3	86.42
86.1	86.43
86.1	86.44
86.5	86.45
86.5	86.46
86.1	86.47
86.1	86.48
86.3	86.49
86.4	86.50
86.5	86.51
86.3	86.52
86.3	86.53
86.1	86.54
86.1	86.55
86.3	86.56
86.3	86.57
86.3	86.58
86.3	86.59
86.1	86.60
86.1	86.61
86.5	86.62
86.5	86.63
86.5	86.64
87.1	87.1
87.1	87.2
87.1	87.3
87.4	87.4
87.1	87.5
87.4	87.6
87.4	87.7
87.1	87.8
87.1	87.9
87.4	87.10
87.1	87.11
87.4	87.12
87.1	87.13
87.5	87.14
87.4	87.15
87.4	87.16
87.4	87.17
87.4	87.18
87.4	87.19
87.4	87.20
87.4	87.21
87.4	87.22
87.1	87.23
87.4	87.24
87.1	87.25
87.5	87.26
87.1	87.27
87.4	87.28
87.3	87.29
87.1	87.30
87.1	87.31
87.4	87.32
87.4	87.33
87.4	87.34
87.2	87.35
87.4	87.36
87.1	87.37
87.1	87.38
87.1	87.39
87.4	87.40
87.4	87.41
87.1	87.42
87.1	87.43
87.1	87.44
87.1	87.45
87.1	87.46
87.1	87.47
87.4	87.48
87.1	87.49
87.5	87.50
87.1	87.51
87.1	87.52
87.4	87.53
87.1	87.54
87.4	87.55
87.1	87.56
87.1	87.57
87.1	87.58
87.4	87.59
87.1	87.60
87.1	87.61
87.5	87.62
87.1	87.63
87.1	87.64
88.1	88.1
88.1	88.2
88.5	88.3
88.5	88.4
88.5	88.5
88.1	88.6
88.1	88.7
88.1	88.8
88.5	88.9
88.4	88.10
88.1	88.11
88.4	88.12
88.1	88.13
88.3	88.14
88.1	88.15
88.5	88.16
88.5	88.17
88.1	88.18
88.3	88.19
88.3	88.20
88.1	88.21
88.3	88.22
88.5	88.23
88.5	88.24
88.5	88.25
88.5	88.26
88.1	88.27
88.1	88.28
88.4	88.29
88.5	88.30
88.3	88.31
88.4	88.32
88.5	88.33
88.5	88.34
88.3	88.35
88.1	88.36
88.1	88.37
88.5	88.38
88.3	88.39
88.1	88.40
88.5	88.41
88.1	88.42
88.3	88.43
88.4	88.44
88.5	88.45
88.1	88.46
88.1	88.47
88.2	88.48
88.5	88.49
88.1	88.50
88.1	88.51
88.1	88.52
88.5	88.53
88.5	88.54
88.1	88.55
88.1	88.56
88.1	88.57
88.5	88.58
88.1	88.59
88.3	88.60
88.1	88.61
88.5	88.62
88.1	88.63
88.1	88.64
89.1	89.1
89.1	89.2
89.1	89.3
89.1	89.4
89.1	89.5
89.1	89.6
89.1	89.7
89.1	89.8
89.3	89.9
89.3	89.10
89.1	89.11
89.1	89.12
89.1	89.13
89.1	89.14
89.1	89.15
89.1	89.16
89.1	89.17
89.1	89.18
89.1	89.19
89.1	89.20
89.3	89.21
89.1	89.22
89.2	89.23
89.1	89.24
89.1	89.25
89.1	89.26
89.3	89.27
89.1	89.28
89.1	89.29
89.1	89.30
89.3	89.31
89.1	89.32
89.1	89.33
89.1	89.34
89.1	89.35
89.1	89.36
89.3	89.37
89.1	89.38
89.1	89.39
89.1	89.40
89.1	89.41
89.1	89.42
89.3	89.43
89.1	89.44
89.3	89.45
89.1	89.46
89.1	89.47
89.1	89.48
89.3	89.49
89.1	89.50
89.3	89.51
89.1	89.52
89.1	89.53
89.1	89.54
89.3	89.55
89.3	89.56
89.1	89.57
89.3	89.58
89.3	89.59
89.3	89.60
89.1	89.61
89.3	89.62
89.1	89.63
89.1	89.64
90.1	90.1
90.1	90.2
90.1	90.3
90.1	90.4
90.1	90.5
90.5	90.6
90.5	90.7
90.5	90.8
90.5	90.9
90.1	90.10
90.5	90.11
90.1	90.12
90.1	90.13
90.5	90.14
90.1	90.15
90.1	90.16
90.1	90.17
90.5	90.18
90.5	90.19
90.1	90.20
90.1	90.21
90.1	90.22
90.5	90.23
90.1	90.24
90.3	90.25
90.4	90.26
90.1	90.27
90.7	90.28
90.5	90.29
90.1	90.30
90.5	90.31
90.1	90.32
90.5	90.33
90.3	90.34
90.5	90.35
90.1	90.36
90.1	90.37
90.6	90.38
90.5	90.39
90.1	90.40
90.5	90.41
90.5	90.42
90.4	90.43
90.4	90.44
90.1	90.45
90.1	90.46
90.1	90.47
90.1	90.48
90.7	90.49
90.4	90.50
90.5	90.51
90.1	90.52
90.5	90.53
90.1	90.54
90.1	90.55
90.7	90.56
90.5	90.57
90.1	90.58
90.1	90.59
90.7	90.60
90.7	90.61
90.5	90.62
90.5	90.63
90.2	90.64
91.4	91.1
91.6	91.2
91.1	91.3
91.4	91.4
91.6	91.5
91.6	91.6
91.6	91.7
91.6	91.8
91.4	91.9
91.6	91.10
91.6	91.11
91.4	91.12
91.4	91.13
91.6	91.14
91.6	91.15
91.6	91.16
91.6	91.17
91.6	91.18
91.4	91.19
91.6	91.20
91.1	91.21
91.6	91.22
91.4	91.23
91.6	91.24
91.6	91.25
91.6	91.26
91.6	91.27
91.4	91.28
91.1	91.29
91.4	91.30
91.4	91.31
91.4	91.32
91.6	91.33
91.4	91.34
91.4	91.35
91.6	91.36
91.6	91.37
91.1	91.38
91.3	91.39
91.6	91.40
91.6	91.41
91.2	91.42
91.1	91.43
91.3	91.44
91.6	91.45
91.4	91.46
91.4	91.47
91.4	91.48
91.6	91.49
91.4	91.50
91.6	91.51
91.6	91.52
91.4	91.53
91.4	91.54
91.4	91.55
91.4	91.56
91.5	91.57
91.6	91.58
91.4	91.59
91.4	91.60
91.4	91.61
91.6	91.62
91.6	91.63
91.6	91.64
92.8	92.1
92.5	92.2
92.7	92.3
92.8	92.4
92.4	92.5
92.8	92.6
92.7	92.7
92.8	92.8
92.7	92.9
92.7	92.10
92.1	92.11
92.5	92.12
92.8	92.13
92.6	92.14
92.5	92.15
92.1	92.16
92.5	92.17
92.5	92.18
92.8	92.19
92.5	92.20
92.5	92.21
92.8	92.22
92.3	92.23
92.5	92.24
92.1	92.25
92.5	92.26
92.8	92.27
92.7	92.28
92.5	92.29
92.5	92.30
92.7	92.31
92.7	92.32
92.8	92.33
92.7	92.34
92.8	92.35
92.6	92.36
92.8	92.37
92.9	92.38
92.7	92.39
92.5	92.40
92.5	92.41
92.1	92.42
92.1	92.43
92.1	92.44
92.8	92.45
92.8	92.46
92.5	92.47
92.8	92.48
92.8	92.49
92.1	92.50
92.2	92.51
92.8	92.52
92.5	92.53
92.7	92.54
92.1	92.55
92.9	92.56
92.9	92.57
92.5	92.58
92.5	92.59
92.5	92.60
92.8	92.61
92.8	92.62
92.5	92.63
92.1	92.64
93.1	93.1
93.1	93.2
93.12	93.3
93.12	93.4
93.12	93.5
93.12	93.6
93.1	93.7
93.1	93.8
93.1	93.9
93.1	93.10
93.1	93.11
93.1	93.12
93.11	93.13
93.9	93.14
93.12	93.15
93.7	93.16
93.12	93.17
93.1	93.18
93.1	93.19
93.12	93.20
93.1	93.21
93.1	93.22
93.12	93.23
93.1	93.24
93.9	93.25
93.1	93.26
93.12	93.27
93.1	93.28
93.1	93.29
93.1	93.30
93.12	93.31
93.12	93.32
93.6	93.33
93.1	93.34
93.11	93.35
93.7	93.36
93.10	93.37
93.12	93.38
93.12	93.39
93.1	93.40
93.1	93.41
93.12	93.42
93.8	93.43
93.2	93.44
93.12	93.45
93.1	93.46
93.12	93.47
93.1	93.48
93.12	93.49
93.11	93.50
93.7	93.51
93.1	93.52
93.1	93.53
93.5	93.54
93.1	93.55
93.1	93.56
93.12	93.57
93.4	93.58
93.3	93.59
93.1	93.60
93.8	93.61
93.1	93.62
93.10	93.63
93.1	93.64
94.9	94.1
94.9	94.2
94.1	94.3
94.9	94.4
94.9	94.5
94.9	94.6
94.9	94.7
94.8	94.8
94.9	94.9
94.9	94.10
94.9	94.11
94.1	94.12
94.9	94.13
94.1	94.14
94.1	94.15
94.6	94.16
94.9	94.17
94.1	94.18
94.1	94.19
94.8	94.20
94.9	94.21
94.1	94.22
94.1	94.23
94.1	94.24
94.9	94.25
94.9	94.26
94.9	94.27
94.9	94.28
94.1	94.29
94.9	94.30
94.1	94.31
94.5	94.32
94.9	94.33
94.9	94.34
94.9	94.35
94.2	94.36
94.9	94.37
94.4	94.38
94.9	94.39
94.9	94.40
94.1	94.41
94.1	94.42
94.3	94.43
94.9	94.44
94.1	94.45
94.1	94.46
94.9	94.47
94.9	94.48
94.1	94.49
94.9	94.50
94.9	94.51
94.9	94.52
94.7	94.53
94.9	94.54
94.9	94.55
94.9	94.56
94.9	94.57
94.9	94.58
94.9	94.59
94.1	94.60
94.1	94.61
94.9	94.62
94.9	94.63
94.1	94.64
95.6	95.1
95.1	95.2
95.1	95.3
95.3	95.4
95.1	95.5
95.2	95.6
95.1	95.7
95.7	95.8
95.4	95.9
95.1	95.10
95.1	95.11
95.6	95.12
95.5	95.13
95.1	95.14
95.5	95.15
95.7	95.16
95.1	95.17
95.1	95.18
95.6	95.19
95.1	95.20
95.6	95.21
95.6	95.22
95.6	95.23
95.6	95.24
95.6	95.25
95.7	95.26
95.1	95.27
95.6	95.28
95.1	95.29
95.1	95.30
95.6	95.31
95.6	95.32
95.1	95.33
95.6	95.34
95.6	95.35
95.5	95.36
95.6	95.37
95.1	95.38
95.7	95.39
95.7	95.40
95.7	95.41
95.1	95.42
95.6	95.43
95.6	95.44
95.1	95.45
95.6	95.46
95.1	95.47
95.1	95.48
95.1	95.49
95.6	95.50
95.6	95.51
95.6	95.52
95.6	95.53
95.6	95.54
95.7	95.55
95.3	95.56
95.1	95.57
95.7	95.58
95.1	95.59
95.6	95.60
95.6	95.61
95.1	95.62
95.3	95.63
95.1	95.64
96.9	96.1
96.5	96.2
96.7	96.3
96.7	96.4
96.4	96.5
96.1	96.6
96.9	96.7
96.9	96.8
96.7	96.9
96.6	96.10
96.7	96.11
96.1	96.12
96.8	96.13
96.7	96.14
96.3	96.15
96.9	96.16
96.9	96.17
96.1	96.18
96.1	96.19
96.4	96.20
96.5	96.21
96.7	96.22
96.1	96.23
96.1	96.24
96.9	96.25
96.9	96.26
96.5	96.27
96.7	96.28
96.7	96.29
96.1	96.30
96.1	96.31
96.7	96.32
96.1	96.33
96.1	96.34
96.1	96.35
96.1	96.36
96.3	96.37
96.9	96.38
96.7	96.39
96.5	96.40
96.9	96.41
96.7	96.42
96.1	96.43
96.1	96.44
96.7	96.45
96.1	96.46
96.9	96.47
96.1	96.48
96.1	96.49
96.1	96.50
96.7	96.51
96.9	96.52
96.5	96.53
96.2	96.54
96.7	96.55
96.9	96.56
96.9	96.57
96.6	96.58
96.7	96.59
96.3	96.60
96.9	96.61
96.1	96.62
96.8	96.63
96.5	96.64
97.1	97.1
97.1	97.2
97.1	97.3
97.7	97.4
97.1	97.5
97.4	97.6
97.6	97.7
97.1	97.8
97.3	97.9
97.1	97.10
97.1	97.11
97.7	97.12
97.1	97.13
97.1	97.14
97.1	97.15
97.7	97.16
97.1	97.17
97.7	97.18
97.5	97.19
97.1	97.20
97.1	97.21
97.3	97.22
97.3	97.23
97.1	97.24
97.5	97.25
97.5	97.26
97.1	97.27
97.7	97.28
97.3	97.29
97.4	97.30
97.4	97.31
97.3	97.32
97.3	97.33
97.3	97.34
97.6	97.35
97.1	97.36
97.1	97.37
97.3	97.38
97.7	97.39
97.1	97.40
97.2	97.41
97.1	97.42
97.8	97.43
97.3	97.44
97.1	97.45
97.7	97.46
97.4	97.47
97.7	97.48
97.4	97.49
97.7	97.50
97.4	97.51
97.3	97.52
97.7	97.53
97.1	97.54
97.7	97.55
97.7	97.56
97.1	97.57
97.6	97.58
97.7	97.59
97.1	97.60
97.3	97.61
97.7	97.62
97.1	97.63
97.1	97.64
98.1	98.1
98.11	98.2
98.1	98.3
98.11	98.4
98.11	98.5
98.11	98.6
98.9	98.7
98.11	98.8
98.11	98.9
98.11	98.10
98.11	98.11
98.1	98.12
98.8	98.13
98.1	98.14
98.5	98.15
98.11	98.16
98.9	98.17
98.1	98.18
98.11	98.19
98.7	98.20
98.9	98.21
98.8	98.22
98.1	98.23
98.11	98.24
98.11	98.25
98.11	98.26
98.1	98.27
98.5	98.28
98.9	98.29
98.8	98.30
98.9	98.31
98.7	98.32
98.1	98.33
98.11	98.34
98.8	98.35
98.11	98.36
98.10	98.37
98.1	98.38
98.10	98.39
98.1	98.40
98.9	98.41
98.4	98.42
98.1	98.43
98.1	98.44
98.9	98.45
98.11	98.46
98.11	98.47
98.1	98.48
98.11	98.49
98.7	98.50
98.1	98.51
98.1	98.52
98.1	98.53
98.2	98.54
98.8	98.55
98.11	98.56
98.1	98.57
98.6	98.58
98.1	98.59
98.1	98.60
98.3	98.61
98.11	98.62
98.1	98.63
98.1	98.64
99.5	99.1
99.1	99.2
99.5	99.3
99.4	99.4
99.1	99.5
99.1	99.6
99.5	99.7
99.1	99.8
99.5	99.9
99.1	99.10
99.1	99.11
99.1	99.12
99.5	99.13
99.1	99.14
99.4	99.15
99.1	99.16
99.3	99.17
99.1	99.18
99.1	99.19
99.1	99.20
99.5	99.21
99.5	99.22
99.5	99.23
99.2	99.24
99.1	99.25
99.4	99.26
99.4	99.27
99.5	99.28
99.1	99.29
99.5	99.30
99.1	99.31
99.5	99.32
99.1	99.33
99.5	99.34
99.3	99.35
99.1	99.36
99.5	99.37
99.1	99.38
99.1	99.39
99.1	99.40
99.1	99.41
99.1	99.42
99.1	99.43
99.1	99.44
99.1	99.45
99.3	99.46
99.4	99.47
99.1	99.48
99.1	99.49
99.1	99.50
99.1	99.51
99.5	99.52
99.1	99.53
99.1	99.54
99.1	99.55
99.5	99.56
99.1	99.57
99.5	99.58
99.1	99.59
99.1	99.60
99.1	99.61
99.1	99.62
99.5	99.63
99.1	99.64
100.5	100.1
100.9	100.2
100.3	100.3
100.6	100.4
100.5	100.5
100.11	100.6
100.11	100.7
100.3	100.8
100.11	100.9
100.5	100.10
100.3	100.11
100.5	100.12
100.11	100.13
100.9	100.14
100.11	100.15
100.3	100.16
100.5	100.17
100.5	100.18
100.3	100.19
100.11	100.20
100.9	100.21
100.3	100.22
100.10	100.23
100.11	100.24
100.3	100.25
100.11	100.26
100.5	100.27
100.5	100.28
100.3	100.29
100.3	100.30
100.10	100.31
100.5	100.32
100.11	100.33
100.7	100.34
100.8	100.35
100.3	100.36
100.11	100.37
100.11	100.38
100.3	100.39
100.3	100.40
100.3	100.41
100.3	100.42
100.5	100.43
100.11	100.44
100.11	100.45
100.5	100.46
100.3	100.47
100.3	100.48
100.11	100.49
100.3	100.50
100.10	100.51
100.3	100.52
100.4	100.53
100.5	100.54
100.2	100.55
100.5	100.56
100.7	100.57
100.3	100.58
100.1	100.59
100.5	100.60
100.5	100.61
100.3	100.62
100.11	100.63
100.9	100.64