subTopicID	resultID
1.11	1.1
1.6	1.2
1.6	1.3
1.6	1.4
1.8	1.5
1.6	1.6
1.6	1.7
1.11	1.8
1.6	1.9
1.11	1.10
1.10	1.11
1.6	1.12
1.6	1.13
1.6	1.14
1.6	1.15
1.6	1.16
1.6	1.17
1.11	1.18
1.11	1.19
1.7	1.20
1.6	1.21
1.9	1.22
1.6	1.23
1.6	1.24
1.11	1.25
1.9	1.26
1.11	1.27
1.6	1.28
1.9	1.29
1.7	1.30
1.6	1.31
1.6	1.32
1.9	1.33
1.11	1.34
1.11	1.35
1.6	1.36
1.1	1.37
1.6	1.38
1.3	1.39
1.6	1.40
1.6	1.41
1.6	1.42
1.11	1.43
1.6	1.44
1.11	1.45
1.8	1.46
1.11	1.47
1.11	1.48
1.5	1.49
1.4	1.50
1.11	1.51
1.9	1.52
1.6	1.53
1.9	1.54
1.1	1.55
1.6	1.56
1.6	1.57
1.11	1.58
1.1	1.59
1.6	1.60
1.2	1.61
1.11	1.62
1.6	1.63
1.6	1.64
2.13	2.1
2.10	2.2
2.10	2.3
2.13	2.4
2.9	2.5
2.10	2.6
2.13	2.7
2.13	2.8
2.13	2.9
2.10	2.10
2.13	2.11
2.4	2.12
2.13	2.13
2.13	2.14
2.13	2.15
2.13	2.16
2.9	2.17
2.13	2.18
2.13	2.19
2.13	2.20
2.9	2.21
2.3	2.22
2.8	2.23
2.13	2.24
2.10	2.25
2.13	2.26
2.10	2.27
2.1	2.28
2.9	2.29
2.13	2.30
2.13	2.31
2.6	2.32
2.13	2.33
2.10	2.34
2.6	2.35
2.11	2.36
2.10	2.37
2.14	2.38
2.6	2.39
2.2	2.40
2.10	2.41
2.4	2.42
2.13	2.43
2.6	2.44
2.13	2.45
2.4	2.46
2.6	2.47
2.5	2.48
2.6	2.49
2.9	2.50
2.13	2.51
2.10	2.52
2.12	2.53
2.13	2.54
2.10	2.55
2.6	2.56
2.9	2.57
2.14	2.58
2.6	2.59
2.12	2.60
2.10	2.61
2.9	2.62
2.7	2.63
2.6	2.64
3.1	3.1
3.1	3.2
3.12	3.3
3.5	3.4
3.15	3.5
3.12	3.6
3.8	3.7
3.1	3.8
3.1	3.9
3.1	3.10
3.1	3.11
3.15	3.12
3.1	3.13
3.12	3.14
3.1	3.15
3.8	3.16
3.7	3.17
3.1	3.18
3.14	3.19
3.11	3.20
3.1	3.21
3.12	3.22
3.4	3.23
3.14	3.24
3.1	3.25
3.12	3.26
3.2	3.27
3.1	3.28
3.12	3.29
3.1	3.30
3.1	3.31
3.10	3.32
3.1	3.33
3.8	3.34
3.1	3.35
3.14	3.36
3.13	3.37
3.11	3.38
3.6	3.39
3.15	3.40
3.12	3.41
3.15	3.42
3.12	3.43
3.10	3.44
3.8	3.45
3.1	3.46
3.9	3.47
3.15	3.48
3.1	3.49
3.11	3.50
3.6	3.51
3.1	3.52
3.15	3.53
3.12	3.54
3.1	3.55
3.11	3.56
3.7	3.57
3.3	3.58
3.1	3.59
3.11	3.60
3.1	3.61
3.1	3.62
3.11	3.63
3.12	3.64
4.9	4.1
4.4	4.2
4.9	4.3
4.9	4.4
4.9	4.5
4.10	4.6
4.9	4.7
4.9	4.8
4.9	4.9
4.1	4.10
4.7	4.11
4.9	4.12
4.9	4.13
4.9	4.14
4.9	4.15
4.9	4.16
4.7	4.17
4.9	4.18
4.7	4.19
4.9	4.20
4.9	4.21
4.10	4.22
4.3	4.23
4.7	4.24
4.10	4.25
4.9	4.26
4.1	4.27
4.9	4.28
4.9	4.29
4.9	4.30
4.1	4.31
4.10	4.32
4.9	4.33
4.9	4.34
4.7	4.35
4.9	4.36
4.6	4.37
4.9	4.38
4.9	4.39
4.7	4.40
4.6	4.41
4.9	4.42
4.9	4.43
4.1	4.44
4.9	4.45
4.2	4.46
4.9	4.47
4.9	4.48
4.5	4.49
4.7	4.50
4.9	4.51
4.9	4.52
4.9	4.53
4.7	4.54
4.8	4.55
4.7	4.56
4.5	4.57
4.7	4.58
4.11	4.59
4.9	4.60
4.7	4.61
4.9	4.62
4.7	4.63
4.6	4.64
5.3	5.1
5.3	5.2
5.13	5.3
5.3	5.4
5.1	5.5
5.3	5.6
5.11	5.7
5.3	5.8
5.3	5.9
5.3	5.10
5.13	5.11
5.3	5.12
5.13	5.13
5.11	5.14
5.11	5.15
5.3	5.16
5.8	5.17
5.3	5.18
5.11	5.19
5.3	5.20
5.3	5.21
5.13	5.22
5.12	5.23
5.11	5.24
5.9	5.25
5.6	5.26
5.3	5.27
5.13	5.28
5.3	5.29
5.3	5.30
5.3	5.31
5.11	5.32
5.4	5.33
5.3	5.34
5.13	5.35
5.13	5.36
5.3	5.37
5.2	5.38
5.3	5.39
5.3	5.40
5.3	5.41
5.3	5.42
5.3	5.43
5.5	5.44
5.3	5.45
5.3	5.46
5.10	5.47
5.8	5.48
5.3	5.49
5.11	5.50
5.3	5.51
5.3	5.52
5.11	5.53
5.7	5.54
5.13	5.55
5.3	5.56
5.3	5.57
5.3	5.58
5.3	5.59
5.13	5.60
5.3	5.61
5.3	5.62
5.12	5.63
5.3	5.64
6.1	6.1
6.10	6.2
6.10	6.3
6.9	6.4
6.3	6.5
6.10	6.6
6.7	6.7
6.10	6.8
6.1	6.9
6.6	6.10
6.10	6.11
6.10	6.12
6.10	6.13
6.1	6.14
6.10	6.15
6.1	6.16
6.10	6.17
6.10	6.18
6.7	6.19
6.2	6.20
6.6	6.21
6.10	6.22
6.10	6.23
6.10	6.24
6.1	6.25
6.10	6.26
6.1	6.27
6.1	6.28
6.10	6.29
6.10	6.30
6.4	6.31
6.10	6.32
6.1	6.33
6.10	6.34
6.7	6.35
6.10	6.36
6.5	6.37
6.1	6.38
6.7	6.39
6.1	6.40
6.10	6.41
6.10	6.42
6.10	6.43
6.1	6.44
6.10	6.45
6.1	6.46
6.1	6.47
6.1	6.48
6.1	6.49
6.1	6.50
6.1	6.51
6.7	6.52
6.10	6.53
6.10	6.54
6.8	6.55
6.10	6.56
6.7	6.57
6.1	6.58
6.7	6.59
6.7	6.60
6.1	6.61
6.7	6.62
6.7	6.63
6.10	6.64
7.9	7.1
7.9	7.2
7.9	7.3
7.9	7.4
7.6	7.5
7.6	7.6
7.9	7.7
7.8	7.8
7.6	7.9
7.6	7.10
7.9	7.11
7.9	7.12
7.9	7.13
7.6	7.14
7.9	7.15
7.9	7.16
7.9	7.17
7.9	7.18
7.9	7.19
7.9	7.20
7.9	7.21
7.4	7.22
7.9	7.23
7.9	7.24
7.9	7.25
7.9	7.26
7.8	7.27
7.9	7.28
7.6	7.29
7.9	7.30
7.4	7.31
7.6	7.32
7.4	7.33
7.1	7.34
7.9	7.35
7.2	7.36
7.9	7.37
7.6	7.38
7.6	7.39
7.9	7.40
7.8	7.41
7.6	7.42
7.9	7.43
7.9	7.44
7.9	7.45
7.6	7.46
7.9	7.47
7.9	7.48
7.5	7.49
7.9	7.50
7.10	7.51
7.9	7.52
7.9	7.53
7.8	7.54
7.9	7.55
7.6	7.56
7.9	7.57
7.9	7.58
7.3	7.59
7.4	7.60
7.7	7.61
7.6	7.62
7.4	7.63
7.9	7.64
8.1	8.1
8.1	8.2
8.1	8.3
8.8	8.4
8.8	8.5
8.8	8.6
8.4	8.7
8.13	8.8
8.8	8.9
8.7	8.10
8.8	8.11
8.10	8.12
8.8	8.13
8.13	8.14
8.1	8.15
8.13	8.16
8.2	8.17
8.9	8.18
8.8	8.19
8.8	8.20
8.3	8.21
8.11	8.22
8.8	8.23
8.8	8.24
8.1	8.25
8.1	8.26
8.7	8.27
8.13	8.28
8.4	8.29
8.1	8.30
8.4	8.31
8.1	8.32
8.8	8.33
8.1	8.34
8.13	8.35
8.1	8.36
8.1	8.37
8.1	8.38
8.5	8.39
8.4	8.40
8.1	8.41
8.1	8.42
8.4	8.43
8.13	8.44
8.9	8.45
8.8	8.46
8.8	8.47
8.1	8.48
8.1	8.49
8.1	8.50
8.1	8.51
8.13	8.52
8.1	8.53
8.1	8.54
8.1	8.55
8.11	8.56
8.1	8.57
8.4	8.58
8.4	8.59
8.12	8.60
8.4	8.61
8.6	8.62
8.13	8.63
8.8	8.64
9.11	9.1
9.1	9.2
9.1	9.3
9.1	9.4
9.1	9.5
9.1	9.6
9.1	9.7
9.1	9.8
9.1	9.9
9.1	9.10
9.1	9.11
9.1	9.12
9.11	9.13
9.10	9.14
9.1	9.15
9.1	9.16
9.9	9.17
9.1	9.18
9.1	9.19
9.1	9.20
9.1	9.21
9.1	9.22
9.10	9.23
9.11	9.24
9.7	9.25
9.2	9.26
9.11	9.27
9.10	9.28
9.1	9.29
9.1	9.30
9.1	9.31
9.11	9.32
9.3	9.33
9.1	9.34
9.1	9.35
9.1	9.36
9.11	9.37
9.3	9.38
9.5	9.39
9.4	9.40
9.1	9.41
9.8	9.42
9.10	9.43
9.5	9.44
9.10	9.45
9.6	9.46
9.1	9.47
9.1	9.48
9.10	9.49
9.1	9.50
9.1	9.51
9.1	9.52
9.1	9.53
9.1	9.54
9.11	9.55
9.1	9.56
9.1	9.57
9.11	9.58
9.1	9.59
9.1	9.60
9.1	9.61
9.1	9.62
9.1	9.63
9.11	9.64
10.10	10.1
10.10	10.2
10.1	10.3
10.1	10.4
10.10	10.5
10.10	10.6
10.10	10.7
10.6	10.8
10.10	10.9
10.10	10.10
10.10	10.11
10.1	10.12
10.7	10.13
10.10	10.14
10.10	10.15
10.10	10.16
10.10	10.17
10.10	10.18
10.10	10.19
10.10	10.20
10.11	10.21
10.10	10.22
10.6	10.23
10.10	10.24
10.11	10.25
10.11	10.26
10.1	10.27
10.1	10.28
10.10	10.29
10.10	10.30
10.9	10.31
10.1	10.32
10.3	10.33
10.8	10.34
10.10	10.35
10.1	10.36
10.10	10.37
10.10	10.38
10.1	10.39
10.11	10.40
10.10	10.41
10.2	10.42
10.2	10.43
10.10	10.44
10.10	10.45
10.10	10.46
10.10	10.47
10.7	10.48
10.10	10.49
10.1	10.50
10.1	10.51
10.10	10.52
10.11	10.53
10.10	10.54
10.1	10.55
10.10	10.56
10.1	10.57
10.10	10.58
10.1	10.59
10.5	10.60
10.1	10.61
10.4	10.62
10.10	10.63
10.2	10.64
11.13	11.1
11.5	11.2
11.13	11.3
11.1	11.4
11.1	11.5
11.15	11.6
11.16	11.7
11.1	11.8
11.1	11.9
11.18	11.10
11.18	11.11
11.18	11.12
11.13	11.13
11.18	11.14
11.8	11.15
11.18	11.16
11.9	11.17
11.8	11.18
11.1	11.19
11.13	11.20
11.4	11.21
11.3	11.22
11.1	11.23
11.11	11.24
11.17	11.25
11.18	11.26
11.16	11.27
11.13	11.28
11.17	11.29
11.13	11.30
11.1	11.31
11.13	11.32
11.18	11.33
11.18	11.34
11.1	11.35
11.1	11.36
11.1	11.37
11.13	11.38
11.18	11.39
11.7	11.40
11.15	11.41
11.10	11.42
11.1	11.43
11.1	11.44
11.1	11.45
11.1	11.46
11.18	11.47
11.6	11.48
11.1	11.49
11.16	11.50
11.18	11.51
11.10	11.52
11.17	11.53
11.18	11.54
11.18	11.55
11.14	11.56
11.1	11.57
11.12	11.58
11.2	11.59
11.17	11.60
11.1	11.61
11.1	11.62
11.1	11.63
11.18	11.64
12.17	12.1
12.4	12.2
12.9	12.3
12.2	12.4
12.7	12.5
12.17	12.6
12.13	12.7
12.17	12.8
12.7	12.9
12.5	12.10
12.17	12.11
12.17	12.12
12.17	12.13
12.7	12.14
12.11	12.15
12.17	12.16
12.17	12.17
12.10	12.18
12.17	12.19
12.1	12.20
12.14	12.21
12.17	12.22
12.6	12.23
12.17	12.24
12.17	12.25
12.14	12.26
12.8	12.27
12.7	12.28
12.7	12.29
12.7	12.30
12.7	12.31
12.16	12.32
12.7	12.33
12.17	12.34
12.3	12.35
12.17	12.36
12.16	12.37
12.17	12.38
12.12	12.39
12.17	12.40
12.16	12.41
12.16	12.42
12.7	12.43
12.10	12.44
12.7	12.45
12.17	12.46
12.7	12.47
12.17	12.48
12.15	12.49
12.16	12.50
12.7	12.51
12.7	12.52
12.14	12.53
12.7	12.54
12.8	12.55
12.7	12.56
12.13	12.57
12.7	12.58
12.16	12.59
12.17	12.60
12.17	12.61
12.17	12.62
12.16	12.63
12.7	12.64
13.1	13.1
13.10	13.2
13.1	13.3
13.7	13.4
13.1	13.5
13.1	13.6
13.2	13.7
13.10	13.8
13.5	13.9
13.10	13.10
13.10	13.11
13.1	13.12
13.9	13.13
13.10	13.14
13.10	13.15
13.1	13.16
13.10	13.17
13.10	13.18
13.10	13.19
13.1	13.20
13.1	13.21
13.10	13.22
13.1	13.23
13.1	13.24
13.1	13.25
13.10	13.26
13.1	13.27
13.1	13.28
13.1	13.29
13.1	13.30
13.9	13.31
13.8	13.32
13.9	13.33
13.1	13.34
13.9	13.35
13.10	13.36
13.10	13.37
13.6	13.38
13.1	13.39
13.1	13.40
13.1	13.41
13.4	13.42
13.9	13.43
13.9	13.44
13.10	13.45
13.10	13.46
13.9	13.47
13.1	13.48
13.10	13.49
13.9	13.50
13.1	13.51
13.9	13.52
13.9	13.53
13.1	13.54
13.10	13.55
13.10	13.56
13.9	13.57
13.3	13.58
13.10	13.59
13.8	13.60
13.10	13.61
13.1	13.62
13.1	13.63
13.1	13.64
14.1	14.1
14.1	14.2
14.1	14.3
14.1	14.4
14.8	14.5
14.8	14.6
14.4	14.7
14.8	14.8
14.8	14.9
14.8	14.10
14.1	14.11
14.2	14.12
14.8	14.13
14.1	14.14
14.8	14.15
14.1	14.16
14.10	14.17
14.8	14.18
14.3	14.19
14.10	14.20
14.8	14.21
14.7	14.22
14.10	14.23
14.8	14.24
14.10	14.25
14.8	14.26
14.1	14.27
14.6	14.28
14.10	14.29
14.8	14.30
14.10	14.31
14.8	14.32
14.8	14.33
14.5	14.34
14.10	14.35
14.8	14.36
14.1	14.37
14.1	14.38
14.10	14.39
14.1	14.40
14.1	14.41
14.10	14.42
14.8	14.43
14.8	14.44
14.8	14.45
14.10	14.46
14.8	14.47
14.1	14.48
14.9	14.49
14.1	14.50
14.9	14.51
14.1	14.52
14.1	14.53
14.5	14.54
14.10	14.55
14.1	14.56
14.1	14.57
14.1	14.58
14.9	14.59
14.1	14.60
14.10	14.61
14.8	14.62
14.1	14.63
14.1	14.64
15.10	15.1
15.18	15.2
15.5	15.3
15.18	15.4
15.18	15.5
15.14	15.6
15.18	15.7
15.18	15.8
15.18	15.9
15.18	15.10
15.12	15.11
15.18	15.12
15.8	15.13
15.6	15.14
15.6	15.15
15.18	15.16
15.9	15.17
15.18	15.18
15.18	15.19
15.18	15.20
15.18	15.21
15.18	15.22
15.18	15.23
15.1	15.24
15.18	15.25
15.18	15.26
15.18	15.27
15.9	15.28
15.6	15.29
15.6	15.30
15.6	15.31
15.14	15.32
15.18	15.33
15.14	15.34
15.18	15.35
15.18	15.36
15.8	15.37
15.18	15.38
15.15	15.39
15.6	15.40
15.12	15.41
15.18	15.42
15.18	15.43
15.1	15.44
15.6	15.45
15.17	15.46
15.10	15.47
15.11	15.48
15.6	15.49
15.4	15.50
15.15	15.51
15.9	15.52
15.13	15.53
15.2	15.54
15.18	15.55
15.7	15.56
15.10	15.57
15.10	15.58
15.10	15.59
15.16	15.60
15.3	15.61
15.10	15.62
15.10	15.63
15.15	15.64
16.17	16.1
16.9	16.2
16.17	16.3
16.3	16.4
16.3	16.5
16.3	16.6
16.17	16.7
16.12	16.8
16.3	16.9
16.17	16.10
16.17	16.11
16.13	16.12
16.17	16.13
16.11	16.14
16.17	16.15
16.17	16.16
16.16	16.17
16.17	16.18
16.17	16.19
16.3	16.20
16.3	16.21
16.2	16.22
16.11	16.23
16.17	16.24
16.17	16.25
16.17	16.26
16.3	16.27
16.3	16.28
16.4	16.29
16.3	16.30
16.3	16.31
16.17	16.32
16.15	16.33
16.17	16.34
16.1	16.35
16.11	16.36
16.11	16.37
16.17	16.38
16.11	16.39
16.11	16.40
16.11	16.41
16.6	16.42
16.17	16.43
16.3	16.44
16.10	16.45
16.12	16.46
16.3	16.47
16.5	16.48
16.7	16.49
16.12	16.50
16.3	16.51
16.17	16.52
16.3	16.53
16.17	16.54
16.11	16.55
16.8	16.56
16.11	16.57
16.11	16.58
16.15	16.59
16.3	16.60
16.3	16.61
16.13	16.62
16.14	16.63
16.3	16.64
17.7	17.1
17.1	17.2
17.7	17.3
17.7	17.4
17.7	17.5
17.1	17.6
17.7	17.7
17.7	17.8
17.7	17.9
17.5	17.10
17.7	17.11
17.5	17.12
17.7	17.13
17.5	17.14
17.7	17.15
17.7	17.16
17.7	17.17
17.7	17.18
17.7	17.19
17.7	17.20
17.6	17.21
17.4	17.22
17.1	17.23
17.7	17.24
17.7	17.25
17.7	17.26
17.7	17.27
17.1	17.28
17.7	17.29
17.7	17.30
17.5	17.31
17.7	17.32
17.7	17.33
17.7	17.34
17.1	17.35
17.6	17.36
17.7	17.37
17.2	17.38
17.7	17.39
17.1	17.40
17.7	17.41
17.7	17.42
17.7	17.43
17.1	17.44
17.7	17.45
17.7	17.46
17.4	17.47
17.7	17.48
17.1	17.49
17.6	17.50
17.3	17.51
17.5	17.52
17.7	17.53
17.7	17.54
17.1	17.55
17.5	17.56
17.6	17.57
17.7	17.58
17.7	17.59
17.7	17.60
17.7	17.61
17.5	17.62
17.7	17.63
17.7	17.64
18.4	18.1
18.8	18.2
18.12	18.3
18.8	18.4
18.12	18.5
18.8	18.6
18.8	18.7
18.8	18.8
18.12	18.9
18.2	18.10
18.8	18.11
18.11	18.12
18.12	18.13
18.8	18.14
18.10	18.15
18.2	18.16
18.12	18.17
18.11	18.18
18.12	18.19
18.8	18.20
18.12	18.21
18.8	18.22
18.2	18.23
18.12	18.24
18.8	18.25
18.8	18.26
18.8	18.27
18.8	18.28
18.3	18.29
18.12	18.30
18.12	18.31
18.12	18.32
18.8	18.33
18.12	18.34
18.2	18.35
18.8	18.36
18.6	18.37
18.8	18.38
18.6	18.39
18.12	18.40
18.8	18.41
18.8	18.42
18.5	18.43
18.12	18.44
18.2	18.45
18.8	18.46
18.8	18.47
18.12	18.48
18.8	18.49
18.7	18.50
18.9	18.51
18.2	18.52
18.11	18.53
18.8	18.54
18.8	18.55
18.1	18.56
18.12	18.57
18.12	18.58
18.12	18.59
18.8	18.60
18.8	18.61
18.12	18.62
18.12	18.63
18.12	18.64
19.4	19.1
19.10	19.2
19.13	19.3
19.16	19.4
19.16	19.5
19.10	19.6
19.17	19.7
19.13	19.8
19.11	19.9
19.18	19.10
19.16	19.11
19.8	19.12
19.7	19.13
19.15	19.14
19.16	19.15
19.16	19.16
19.16	19.17
19.14	19.18
19.16	19.19
19.16	19.20
19.19	19.21
19.9	19.22
19.16	19.23
19.13	19.24
19.13	19.25
19.15	19.26
19.1	19.27
19.16	19.28
19.14	19.29
19.18	19.30
19.16	19.31
19.18	19.32
19.13	19.33
19.2	19.34
19.13	19.35
19.16	19.36
19.13	19.37
19.13	19.38
19.16	19.39
19.6	19.40
19.13	19.41
19.5	19.42
19.16	19.43
19.16	19.44
19.13	19.45
19.15	19.46
19.16	19.47
19.16	19.48
19.18	19.49
19.15	19.50
19.4	19.51
19.11	19.52
19.16	19.53
19.15	19.54
19.7	19.55
19.15	19.56
19.12	19.57
19.3	19.58
19.18	19.59
19.16	19.60
19.11	19.61
19.16	19.62
19.16	19.63
19.16	19.64
20.1	20.1
20.1	20.2
20.1	20.3
20.1	20.4
20.1	20.5
20.1	20.6
20.1	20.7
20.1	20.8
20.3	20.9
20.7	20.10
20.1	20.11
20.1	20.12
20.1	20.13
20.1	20.14
20.1	20.15
20.1	20.16
20.1	20.17
20.2	20.18
20.1	20.19
20.10	20.20
20.7	20.21
20.1	20.22
20.1	20.23
20.7	20.24
20.1	20.25
20.1	20.26
20.1	20.27
20.7	20.28
20.1	20.29
20.8	20.30
20.10	20.31
20.6	20.32
20.10	20.33
20.1	20.34
20.1	20.35
20.10	20.36
20.1	20.37
20.1	20.38
20.1	20.39
20.1	20.40
20.7	20.41
20.4	20.42
20.1	20.43
20.1	20.44
20.7	20.45
20.1	20.46
20.1	20.47
20.1	20.48
20.10	20.49
20.1	20.50
20.1	20.51
20.7	20.52
20.7	20.53
20.1	20.54
20.3	20.55
20.5	20.56
20.7	20.57
20.1	20.58
20.1	20.59
20.1	20.60
20.3	20.61
20.9	20.62
20.1	20.63
20.1	20.64
21.6	21.1
21.9	21.2
21.5	21.3
21.9	21.4
21.1	21.5
21.5	21.6
21.9	21.7
21.3	21.8
21.1	21.9
21.1	21.10
21.1	21.11
21.2	21.12
21.9	21.13
21.5	21.14
21.5	21.15
21.9	21.16
21.7	21.17
21.1	21.18
21.1	21.19
21.1	21.20
21.5	21.21
21.1	21.22
21.10	21.23
21.11	21.24
21.1	21.25
21.1	21.26
21.9	21.27
21.4	21.28
21.1	21.29
21.1	21.30
21.1	21.31
21.1	21.32
21.1	21.33
21.1	21.34
21.11	21.35
21.11	21.36
21.1	21.37
21.7	21.38
21.11	21.39
21.9	21.40
21.9	21.41
21.1	21.42
21.1	21.43
21.7	21.44
21.1	21.45
21.1	21.46
21.8	21.47
21.1	21.48
21.1	21.49
21.1	21.50
21.9	21.51
21.9	21.52
21.7	21.53
21.7	21.54
21.8	21.55
21.8	21.56
21.9	21.57
21.1	21.58
21.9	21.59
21.7	21.60
21.8	21.61
21.7	21.62
21.9	21.63
21.9	21.64
22.20	22.1
22.1	22.2
22.15	22.3
22.16	22.4
22.1	22.5
22.15	22.6
22.6	22.7
22.1	22.8
22.18	22.9
22.15	22.10
22.15	22.11
22.15	22.12
22.1	22.13
22.15	22.14
22.4	22.15
22.15	22.16
22.15	22.17
22.15	22.18
22.15	22.19
22.16	22.20
22.9	22.21
22.15	22.22
22.5	22.23
22.16	22.24
22.14	22.25
22.13	22.26
22.8	22.27
22.15	22.28
22.15	22.29
22.15	22.30
22.15	22.31
22.15	22.32
22.12	22.33
22.2	22.34
22.11	22.35
22.15	22.36
22.11	22.37
22.15	22.38
22.1	22.39
22.1	22.40
22.14	22.41
22.10	22.42
22.15	22.43
22.17	22.44
22.1	22.45
22.7	22.46
22.15	22.47
22.15	22.48
22.15	22.49
22.19	22.50
22.15	22.51
22.1	22.52
22.15	22.53
22.15	22.54
22.15	22.55
22.13	22.56
22.15	22.57
22.15	22.58
22.15	22.59
22.15	22.60
22.14	22.61
22.1	22.62
22.3	22.63
22.15	22.64
23.5	23.1
23.13	23.2
23.14	23.3
23.5	23.4
23.9	23.5
23.9	23.6
23.9	23.7
23.5	23.8
23.4	23.9
23.9	23.10
23.14	23.11
23.11	23.12
23.14	23.13
23.9	23.14
23.11	23.15
23.9	23.16
23.14	23.17
23.5	23.18
23.9	23.19
23.9	23.20
23.15	23.21
23.9	23.22
23.14	23.23
23.5	23.24
23.11	23.25
23.9	23.26
23.14	23.27
23.14	23.28
23.14	23.29
23.10	23.30
23.6	23.31
23.14	23.32
23.9	23.33
23.14	23.34
23.9	23.35
23.9	23.36
23.14	23.37
23.9	23.38
23.14	23.39
23.9	23.40
23.5	23.41
23.9	23.42
23.14	23.43
23.2	23.44
23.9	23.45
23.14	23.46
23.1	23.47
23.14	23.48
23.9	23.49
23.8	23.50
23.1	23.51
23.5	23.52
23.12	23.53
23.9	23.54
23.14	23.55
23.3	23.56
23.5	23.57
23.7	23.58
23.9	23.59
23.14	23.60
23.5	23.61
23.11	23.62
23.14	23.63
23.14	23.64
24.6	24.1
24.11	24.2
24.1	24.3
24.11	24.4
24.12	24.5
24.18	24.6
24.1	24.7
24.10	24.8
24.1	24.9
24.3	24.10
24.13	24.11
24.13	24.12
24.1	24.13
24.1	24.14
24.14	24.15
24.1	24.16
24.1	24.17
24.18	24.18
24.14	24.19
24.1	24.20
24.17	24.21
24.1	24.22
24.5	24.23
24.1	24.24
24.7	24.25
24.8	24.26
24.1	24.27
24.1	24.28
24.1	24.29
24.1	24.30
24.4	24.31
24.1	24.32
24.18	24.33
24.1	24.34
24.16	24.35
24.16	24.36
24.1	24.37
24.18	24.38
24.19	24.39
24.1	24.40
24.2	24.41
24.15	24.42
24.14	24.43
24.14	24.44
24.1	24.45
24.15	24.46
24.15	24.47
24.9	24.48
24.1	24.49
24.1	24.50
24.1	24.51
24.1	24.52
24.18	24.53
24.1	24.54
24.14	24.55
24.16	24.56
24.14	24.57
24.1	24.58
24.18	24.59
24.11	24.60
24.1	24.61
24.14	24.62
24.14	24.63
24.1	24.64
25.1	25.1
25.6	25.2
25.1	25.3
25.9	25.4
25.1	25.5
25.1	25.6
25.1	25.7
25.13	25.8
25.1	25.9
25.1	25.10
25.1	25.11
25.1	25.12
25.1	25.13
25.1	25.14
25.1	25.15
25.9	25.16
25.7	25.17
25.1	25.18
25.5	25.19
25.1	25.20
25.6	25.21
25.6	25.22
25.1	25.23
25.1	25.24
25.2	25.25
25.9	25.26
25.11	25.27
25.6	25.28
25.1	25.29
25.10	25.30
25.1	25.31
25.1	25.32
25.9	25.33
25.8	25.34
25.6	25.35
25.1	25.36
25.10	25.37
25.6	25.38
25.6	25.39
25.6	25.40
25.1	25.41
25.1	25.42
25.10	25.43
25.1	25.44
25.1	25.45
25.9	25.46
25.6	25.47
25.1	25.48
25.6	25.49
25.3	25.50
25.6	25.51
25.1	25.52
25.10	25.53
25.1	25.54
25.4	25.55
25.6	25.56
25.1	25.57
25.6	25.58
25.12	25.59
25.1	25.60
25.10	25.61
25.1	25.62
25.6	25.63
25.6	25.64
26.1	26.1
26.9	26.2
26.12	26.3
26.1	26.4
26.12	26.5
26.12	26.6
26.1	26.7
26.8	26.8
26.8	26.9
26.12	26.10
26.12	26.11
26.1	26.12
26.6	26.13
26.8	26.14
26.12	26.15
26.1	26.16
26.4	26.17
26.12	26.18
26.1	26.19
26.1	26.20
26.4	26.21
26.12	26.22
26.9	26.23
26.12	26.24
26.5	26.25
26.11	26.26
26.8	26.27
26.8	26.28
26.12	26.29
26.2	26.30
26.1	26.31
26.9	26.32
26.7	26.33
26.12	26.34
26.1	26.35
26.12	26.36
26.10	26.37
26.1	26.38
26.1	26.39
26.1	26.40
26.12	26.41
26.9	26.42
26.12	26.43
26.12	26.44
26.12	26.45
26.12	26.46
26.12	26.47
26.12	26.48
26.9	26.49
26.9	26.50
26.8	26.51
26.12	26.52
26.1	26.53
26.9	26.54
26.1	26.55
26.3	26.56
26.8	26.57
26.12	26.58
26.1	26.59
26.8	26.60
26.8	26.61
26.6	26.62
26.1	26.63
26.12	26.64
27.12	27.1
27.1	27.2
27.1	27.3
27.1	27.4
27.11	27.5
27.6	27.6
27.1	27.7
27.1	27.8
27.1	27.9
27.1	27.10
27.9	27.11
27.1	27.12
27.5	27.13
27.12	27.14
27.1	27.15
27.1	27.16
27.12	27.17
27.6	27.18
27.7	27.19
27.11	27.20
27.12	27.21
27.12	27.22
27.2	27.23
27.4	27.24
27.1	27.25
27.1	27.26
27.6	27.27
27.4	27.28
27.1	27.29
27.12	27.30
27.6	27.31
27.5	27.32
27.1	27.33
27.12	27.34
27.1	27.35
27.12	27.36
27.12	27.37
27.12	27.38
27.5	27.39
27.1	27.40
27.11	27.41
27.1	27.42
27.1	27.43
27.1	27.44
27.8	27.45
27.1	27.46
27.5	27.47
27.1	27.48
27.6	27.49
27.1	27.50
27.12	27.51
27.12	27.52
27.1	27.53
27.1	27.54
27.1	27.55
27.1	27.56
27.1	27.57
27.1	27.58
27.1	27.59
27.6	27.60
27.11	27.61
27.10	27.62
27.3	27.63
27.12	27.64
28.11	28.1
28.11	28.2
28.5	28.3
28.11	28.4
28.1	28.5
28.11	28.6
28.11	28.7
28.1	28.8
28.11	28.9
28.11	28.10
28.11	28.11
28.1	28.12
28.11	28.13
28.11	28.14
28.11	28.15
28.9	28.16
28.11	28.17
28.1	28.18
28.6	28.19
28.11	28.20
28.11	28.21
28.11	28.22
28.10	28.23
28.11	28.24
28.11	28.25
28.1	28.26
28.1	28.27
28.11	28.28
28.6	28.29
28.11	28.30
28.8	28.31
28.1	28.32
28.11	28.33
28.11	28.34
28.8	28.35
28.8	28.36
28.4	28.37
28.11	28.38
28.7	28.39
28.11	28.40
28.8	28.41
28.10	28.42
28.11	28.43
28.1	28.44
28.2	28.45
28.6	28.46
28.1	28.47
28.3	28.48
28.11	28.49
28.11	28.50
28.11	28.51
28.11	28.52
28.11	28.53
28.13	28.54
28.11	28.55
28.11	28.56
28.6	28.57
28.1	28.58
28.11	28.59
28.12	28.60
28.13	28.61
28.12	28.62
28.11	28.63
28.1	28.64
29.16	29.1
29.16	29.2
29.9	29.3
29.16	29.4
29.9	29.5
29.9	29.6
29.16	29.7
29.9	29.8
29.16	29.9
29.16	29.10
29.1	29.11
29.13	29.12
29.16	29.13
29.15	29.14
29.9	29.15
29.12	29.16
29.6	29.17
29.14	29.18
29.4	29.19
29.16	29.20
29.8	29.21
29.10	29.22
29.9	29.23
29.13	29.24
29.5	29.25
29.12	29.26
29.16	29.27
29.16	29.28
29.9	29.29
29.16	29.30
29.9	29.31
29.2	29.32
29.9	29.33
29.13	29.34
29.16	29.35
29.13	29.36
29.7	29.37
29.9	29.38
29.15	29.39
29.16	29.40
29.9	29.41
29.14	29.42
29.16	29.43
29.16	29.44
29.9	29.45
29.9	29.46
29.3	29.47
29.9	29.48
29.16	29.49
29.16	29.50
29.11	29.51
29.15	29.52
29.1	29.53
29.1	29.54
29.16	29.55
29.16	29.56
29.9	29.57
29.9	29.58
29.9	29.59
29.16	29.60
29.16	29.61
29.16	29.62
29.16	29.63
29.16	29.64
30.18	30.1
30.1	30.2
30.18	30.3
30.6	30.4
30.1	30.5
30.1	30.6
30.7	30.7
30.1	30.8
30.18	30.9
30.1	30.10
30.1	30.11
30.1	30.12
30.1	30.13
30.1	30.14
30.1	30.15
30.1	30.16
30.3	30.17
30.1	30.18
30.18	30.19
30.1	30.20
30.1	30.21
30.12	30.22
30.1	30.23
30.1	30.24
30.1	30.25
30.8	30.26
30.11	30.27
30.10	30.28
30.1	30.29
30.2	30.30
30.18	30.31
30.1	30.32
30.17	30.33
30.15	30.34
30.1	30.35
30.4	30.36
30.16	30.37
30.1	30.38
30.1	30.39
30.1	30.40
30.1	30.41
30.1	30.42
30.1	30.43
30.9	30.44
30.1	30.45
30.1	30.46
30.1	30.47
30.1	30.48
30.1	30.49
30.14	30.50
30.13	30.51
30.1	30.52
30.1	30.53
30.1	30.54
30.1	30.55
30.1	30.56
30.1	30.57
30.1	30.58
30.1	30.59
30.1	30.60
30.5	30.61
30.1	30.62
30.1	30.63
30.1	30.64
31.4	31.1
31.4	31.2
31.9	31.3
31.8	31.4
31.5	31.5
31.4	31.6
31.9	31.7
31.4	31.8
31.4	31.9
31.4	31.10
31.4	31.11
31.9	31.12
31.4	31.13
31.9	31.14
31.9	31.15
31.11	31.16
31.12	31.17
31.4	31.18
31.4	31.19
31.9	31.20
31.4	31.21
31.9	31.22
31.4	31.23
31.11	31.24
31.11	31.25
31.13	31.26
31.1	31.27
31.12	31.28
31.11	31.29
31.4	31.30
31.7	31.31
31.4	31.32
31.9	31.33
31.9	31.34
31.12	31.35
31.11	31.36
31.1	31.37
31.11	31.38
31.9	31.39
31.4	31.40
31.12	31.41
31.9	31.42
31.12	31.43
31.1	31.44
31.2	31.45
31.10	31.46
31.9	31.47
31.5	31.48
31.4	31.49
31.4	31.50
31.3	31.51
31.9	31.52
31.9	31.53
31.9	31.54
31.4	31.55
31.9	31.56
31.12	31.57
31.12	31.58
31.12	31.59
31.9	31.60
31.6	31.61
31.9	31.62
31.4	31.63
31.9	31.64
32.1	32.1
32.1	32.2
32.1	32.3
32.8	32.4
32.8	32.5
32.1	32.6
32.1	32.7
32.1	32.8
32.1	32.9
32.1	32.10
32.1	32.11
32.1	32.12
32.1	32.13
32.1	32.14
32.1	32.15
32.7	32.16
32.1	32.17
32.1	32.18
32.1	32.19
32.4	32.20
32.1	32.21
32.1	32.22
32.4	32.23
32.1	32.24
32.1	32.25
32.1	32.26
32.1	32.27
32.1	32.28
32.1	32.29
32.1	32.30
32.1	32.31
32.1	32.32
32.1	32.33
32.1	32.34
32.1	32.35
32.1	32.36
32.6	32.37
32.1	32.38
32.1	32.39
32.5	32.40
32.1	32.41
32.1	32.42
32.8	32.43
32.2	32.44
32.7	32.45
32.1	32.46
32.1	32.47
32.4	32.48
32.1	32.49
32.4	32.50
32.1	32.51
32.8	32.52
32.1	32.53
32.8	32.54
32.1	32.55
32.1	32.56
32.1	32.57
32.1	32.58
32.1	32.59
32.1	32.60
32.1	32.61
32.1	32.62
32.1	32.63
32.3	32.64
33.9	33.1
33.8	33.2
33.1	33.3
33.1	33.4
33.14	33.5
33.9	33.6
33.1	33.7
33.14	33.8
33.15	33.9
33.14	33.10
33.15	33.11
33.14	33.12
33.14	33.13
33.1	33.14
33.11	33.15
33.7	33.16
33.15	33.17
33.1	33.18
33.2	33.19
33.5	33.20
33.12	33.21
33.14	33.22
33.6	33.23
33.15	33.24
33.4	33.25
33.1	33.26
33.1	33.27
33.14	33.28
33.1	33.29
33.1	33.30
33.15	33.31
33.11	33.32
33.14	33.33
33.15	33.34
33.11	33.35
33.1	33.36
33.15	33.37
33.1	33.38
33.1	33.39
33.15	33.40
33.15	33.41
33.9	33.42
33.1	33.43
33.11	33.44
33.1	33.45
33.14	33.46
33.11	33.47
33.9	33.48
33.10	33.49
33.15	33.50
33.15	33.51
33.15	33.52
33.9	33.53
33.13	33.54
33.8	33.55
33.3	33.56
33.1	33.57
33.1	33.58
33.15	33.59
33.7	33.60
33.14	33.61
33.10	33.62
33.14	33.63
33.1	33.64
34.9	34.1
34.1	34.2
34.9	34.3
34.1	34.4
34.1	34.5
34.1	34.6
34.1	34.7
34.14	34.8
34.1	34.9
34.14	34.10
34.13	34.11
34.9	34.12
34.10	34.13
34.1	34.14
34.1	34.15
34.1	34.16
34.9	34.17
34.9	34.18
34.1	34.19
34.1	34.20
34.14	34.21
34.1	34.22
34.1	34.23
34.1	34.24
34.9	34.25
34.14	34.26
34.8	34.27
34.9	34.28
34.1	34.29
34.8	34.30
34.7	34.31
34.1	34.32
34.9	34.33
34.4	34.34
34.1	34.35
34.10	34.36
34.9	34.37
34.9	34.38
34.14	34.39
34.1	34.40
34.1	34.41
34.11	34.42
34.2	34.43
34.1	34.44
34.5	34.45
34.12	34.46
34.9	34.47
34.1	34.48
34.14	34.49
34.6	34.50
34.10	34.51
34.1	34.52
34.13	34.53
34.13	34.54
34.1	34.55
34.1	34.56
34.8	34.57
34.8	34.58
34.3	34.59
34.1	34.60
34.9	34.61
34.10	34.62
34.12	34.63
34.1	34.64
35.9	35.1
35.15	35.2
35.16	35.3
35.12	35.4
35.9	35.5
35.6	35.6
35.12	35.7
35.15	35.8
35.11	35.9
35.9	35.10
35.9	35.11
35.2	35.12
35.9	35.13
35.12	35.14
35.15	35.15
35.15	35.16
35.17	35.17
35.9	35.18
35.15	35.19
35.9	35.20
35.12	35.21
35.12	35.22
35.7	35.23
35.9	35.24
35.15	35.25
35.15	35.26
35.16	35.27
35.9	35.28
35.15	35.29
35.11	35.30
35.8	35.31
35.9	35.32
35.3	35.33
35.3	35.34
35.12	35.35
35.16	35.36
35.15	35.37
35.14	35.38
35.16	35.39
35.15	35.40
35.15	35.41
35.15	35.42
35.16	35.43
35.10	35.44
35.3	35.45
35.15	35.46
35.15	35.47
35.12	35.48
35.1	35.49
35.15	35.50
35.15	35.51
35.14	35.52
35.15	35.53
35.15	35.54
35.15	35.55
35.12	35.56
35.12	35.57
35.5	35.58
35.12	35.59
35.13	35.60
35.7	35.61
35.14	35.62
35.14	35.63
35.4	35.64
36.5	36.1
36.5	36.2
36.7	36.3
36.14	36.4
36.7	36.5
36.5	36.6
36.5	36.7
36.13	36.8
36.5	36.9
36.16	36.10
36.16	36.11
36.9	36.12
36.1	36.13
36.5	36.14
36.16	36.15
36.16	36.16
36.4	36.17
36.16	36.18
36.16	36.19
36.5	36.20
36.5	36.21
36.16	36.22
36.3	36.23
36.13	36.24
36.16	36.25
36.16	36.26
36.5	36.27
36.16	36.28
36.16	36.29
36.13	36.30
36.16	36.31
36.5	36.32
36.5	36.33
36.16	36.34
36.16	36.35
36.16	36.36
36.6	36.37
36.10	36.38
36.13	36.39
36.8	36.40
36.16	36.41
36.5	36.42
36.13	36.43
36.3	36.44
36.5	36.45
36.12	36.46
36.5	36.47
36.13	36.48
36.5	36.49
36.5	36.50
36.5	36.51
36.5	36.52
36.16	36.53
36.2	36.54
36.16	36.55
36.5	36.56
36.11	36.57
36.13	36.58
36.16	36.59
36.12	36.60
36.5	36.61
36.16	36.62
36.5	36.63
36.15	36.64
37.9	37.1
37.10	37.2
37.9	37.3
37.7	37.4
37.9	37.5
37.9	37.6
37.9	37.7
37.1	37.8
37.9	37.9
37.9	37.10
37.1	37.11
37.8	37.12
37.9	37.13
37.9	37.14
37.9	37.15
37.2	37.16
37.1	37.17
37.9	37.18
37.9	37.19
37.9	37.20
37.1	37.21
37.9	37.22
37.8	37.23
37.10	37.24
37.9	37.25
37.9	37.26
37.11	37.27
37.9	37.28
37.1	37.29
37.9	37.30
37.4	37.31
37.9	37.32
37.9	37.33
37.5	37.34
37.9	37.35
37.8	37.36
37.9	37.37
37.9	37.38
37.10	37.39
37.9	37.40
37.9	37.41
37.9	37.42
37.10	37.43
37.9	37.44
37.9	37.45
37.9	37.46
37.9	37.47
37.9	37.48
37.9	37.49
37.9	37.50
37.3	37.51
37.9	37.52
37.1	37.53
37.1	37.54
37.8	37.55
37.7	37.56
37.1	37.57
37.1	37.58
37.9	37.59
37.9	37.60
37.9	37.61
37.9	37.62
37.1	37.63
37.6	37.64
38.1	38.1
38.1	38.2
38.1	38.3
38.1	38.4
38.1	38.5
38.1	38.6
38.1	38.7
38.7	38.8
38.1	38.9
38.1	38.10
38.1	38.11
38.2	38.12
38.9	38.13
38.5	38.14
38.1	38.15
38.1	38.16
38.1	38.17
38.7	38.18
38.1	38.19
38.1	38.20
38.1	38.21
38.5	38.22
38.1	38.23
38.7	38.24
38.1	38.25
38.1	38.26
38.9	38.27
38.1	38.28
38.7	38.29
38.1	38.30
38.1	38.31
38.7	38.32
38.7	38.33
38.9	38.34
38.1	38.35
38.1	38.36
38.10	38.37
38.1	38.38
38.7	38.39
38.1	38.40
38.10	38.41
38.1	38.42
38.1	38.43
38.6	38.44
38.1	38.45
38.3	38.46
38.1	38.47
38.7	38.48
38.1	38.49
38.7	38.50
38.8	38.51
38.1	38.52
38.1	38.53
38.7	38.54
38.4	38.55
38.1	38.56
38.1	38.57
38.1	38.58
38.10	38.59
38.1	38.60
38.1	38.61
38.7	38.62
38.7	38.63
38.7	38.64
39.1	39.1
39.1	39.2
39.12	39.3
39.12	39.4
39.1	39.5
39.1	39.6
39.13	39.7
39.9	39.8
39.1	39.9
39.13	39.10
39.3	39.11
39.10	39.12
39.5	39.13
39.2	39.14
39.12	39.15
39.1	39.16
39.12	39.17
39.1	39.18
39.5	39.19
39.12	39.20
39.12	39.21
39.12	39.22
39.1	39.23
39.1	39.24
39.1	39.25
39.12	39.26
39.1	39.27
39.10	39.28
39.12	39.29
39.13	39.30
39.1	39.31
39.1	39.32
39.7	39.33
39.12	39.34
39.1	39.35
39.6	39.36
39.12	39.37
39.1	39.38
39.1	39.39
39.1	39.40
39.6	39.41
39.12	39.42
39.1	39.43
39.4	39.44
39.1	39.45
39.1	39.46
39.8	39.47
39.1	39.48
39.1	39.49
39.12	39.50
39.12	39.51
39.12	39.52
39.1	39.53
39.12	39.54
39.12	39.55
39.1	39.56
39.12	39.57
39.1	39.58
39.1	39.59
39.13	39.60
39.11	39.61
39.1	39.62
39.1	39.63
39.12	39.64
40.1	40.1
40.1	40.2
40.1	40.3
40.9	40.4
40.13	40.5
40.1	40.6
40.1	40.7
40.14	40.8
40.15	40.9
40.15	40.10
40.15	40.11
40.1	40.12
40.1	40.13
40.1	40.14
40.1	40.15
40.1	40.16
40.15	40.17
40.6	40.18
40.8	40.19
40.4	40.20
40.1	40.21
40.15	40.22
40.1	40.23
40.1	40.24
40.10	40.25
40.13	40.26
40.4	40.27
40.1	40.28
40.1	40.29
40.3	40.30
40.1	40.31
40.1	40.32
40.15	40.33
40.9	40.34
40.1	40.35
40.15	40.36
40.13	40.37
40.15	40.38
40.1	40.39
40.1	40.40
40.1	40.41
40.14	40.42
40.2	40.43
40.15	40.44
40.1	40.45
40.1	40.46
40.15	40.47
40.7	40.48
40.5	40.49
40.15	40.50
40.1	40.51
40.1	40.52
40.1	40.53
40.13	40.54
40.1	40.55
40.1	40.56
40.1	40.57
40.13	40.58
40.1	40.59
40.9	40.60
40.13	40.61
40.11	40.62
40.12	40.63
40.1	40.64
41.1	41.1
41.15	41.2
41.1	41.3
41.15	41.4
41.15	41.5
41.10	41.6
41.15	41.7
41.15	41.8
41.3	41.9
41.1	41.10
41.14	41.11
41.15	41.12
41.1	41.13
41.1	41.14
41.15	41.15
41.15	41.16
41.15	41.17
41.16	41.18
41.13	41.19
41.14	41.20
41.14	41.21
41.15	41.22
41.15	41.23
41.15	41.24
41.11	41.25
41.15	41.26
41.1	41.27
41.15	41.28
41.15	41.29
41.14	41.30
41.14	41.31
41.1	41.32
41.4	41.33
41.12	41.34
41.15	41.35
41.9	41.36
41.1	41.37
41.1	41.38
41.1	41.39
41.5	41.40
41.7	41.41
41.1	41.42
41.15	41.43
41.1	41.44
41.6	41.45
41.1	41.46
41.12	41.47
41.15	41.48
41.2	41.49
41.14	41.50
41.1	41.51
41.1	41.52
41.15	41.53
41.15	41.54
41.10	41.55
41.14	41.56
41.15	41.57
41.15	41.58
41.1	41.59
41.15	41.60
41.9	41.61
41.14	41.62
41.8	41.63
41.14	41.64
42.1	42.1
42.10	42.2
42.10	42.3
42.10	42.4
42.1	42.5
42.11	42.6
42.1	42.7
42.12	42.8
42.12	42.9
42.6	42.10
42.10	42.11
42.1	42.12
42.10	42.13
42.12	42.14
42.10	42.15
42.6	42.16
42.4	42.17
42.9	42.18
42.12	42.19
42.10	42.20
42.1	42.21
42.11	42.22
42.10	42.23
42.1	42.24
42.10	42.25
42.1	42.26
42.1	42.27
42.12	42.28
42.6	42.29
42.10	42.30
42.12	42.31
42.12	42.32
42.10	42.33
42.1	42.34
42.9	42.35
42.1	42.36
42.12	42.37
42.10	42.38
42.10	42.39
42.8	42.40
42.10	42.41
42.10	42.42
42.12	42.43
42.1	42.44
42.12	42.45
42.1	42.46
42.1	42.47
42.5	42.48
42.6	42.49
42.7	42.50
42.9	42.51
42.12	42.52
42.5	42.53
42.5	42.54
42.2	42.55
42.10	42.56
42.3	42.57
42.12	42.58
42.1	42.59
42.10	42.60
42.12	42.61
42.1	42.62
42.10	42.63
42.10	42.64
43.8	43.1
43.8	43.2
43.8	43.3
43.8	43.4
43.8	43.5
43.1	43.6
43.8	43.7
43.2	43.8
43.8	43.9
43.8	43.10
43.6	43.11
43.8	43.12
43.1	43.13
43.7	43.14
43.8	43.15
43.8	43.16
43.11	43.17
43.8	43.18
43.8	43.19
43.8	43.20
43.8	43.21
43.8	43.22
43.8	43.23
43.8	43.24
43.11	43.25
43.8	43.26
43.8	43.27
43.8	43.28
43.8	43.29
43.8	43.30
43.8	43.31
43.11	43.32
43.8	43.33
43.8	43.34
43.1	43.35
43.12	43.36
43.8	43.37
43.11	43.38
43.11	43.39
43.8	43.40
43.8	43.41
43.8	43.42
43.1	43.43
43.5	43.44
43.11	43.45
43.3	43.46
43.8	43.47
43.1	43.48
43.8	43.49
43.4	43.50
43.9	43.51
43.11	43.52
43.8	43.53
43.8	43.54
43.10	43.55
43.8	43.56
43.11	43.57
43.8	43.58
43.11	43.59
43.8	43.60
43.11	43.61
43.11	43.62
43.8	43.63
43.8	43.64
44.1	44.1
44.1	44.2
44.1	44.3
44.1	44.4
44.1	44.5
44.1	44.6
44.1	44.7
44.4	44.8
44.7	44.9
44.1	44.10
44.1	44.11
44.1	44.12
44.1	44.13
44.7	44.14
44.1	44.15
44.1	44.16
44.3	44.17
44.1	44.18
44.1	44.19
44.1	44.20
44.1	44.21
44.1	44.22
44.1	44.23
44.1	44.24
44.1	44.25
44.1	44.26
44.1	44.27
44.1	44.28
44.1	44.29
44.1	44.30
44.7	44.31
44.7	44.32
44.1	44.33
44.1	44.34
44.1	44.35
44.1	44.36
44.1	44.37
44.1	44.38
44.1	44.39
44.7	44.40
44.1	44.41
44.1	44.42
44.1	44.43
44.1	44.44
44.1	44.45
44.2	44.46
44.1	44.47
44.1	44.48
44.1	44.49
44.6	44.50
44.6	44.51
44.1	44.52
44.1	44.53
44.1	44.54
44.6	44.55
44.7	44.56
44.7	44.57
44.5	44.58
44.7	44.59
44.1	44.60
44.7	44.61
44.1	44.62
44.7	44.63
44.7	44.64
45.13	45.1
45.13	45.2
45.11	45.3
45.13	45.4
45.13	45.5
45.13	45.6
45.1	45.7
45.13	45.8
45.5	45.9
45.13	45.10
45.13	45.11
45.13	45.12
45.13	45.13
45.1	45.14
45.13	45.15
45.13	45.16
45.11	45.17
45.13	45.18
45.13	45.19
45.9	45.20
45.13	45.21
45.4	45.22
45.13	45.23
45.13	45.24
45.13	45.25
45.3	45.26
45.13	45.27
45.13	45.28
45.13	45.29
45.13	45.30
45.13	45.31
45.1	45.32
45.8	45.33
45.1	45.34
45.5	45.35
45.13	45.36
45.10	45.37
45.13	45.38
45.12	45.39
45.1	45.40
45.1	45.41
45.13	45.42
45.13	45.43
45.13	45.44
45.13	45.45
45.13	45.46
45.13	45.47
45.6	45.48
45.13	45.49
45.1	45.50
45.13	45.51
45.13	45.52
45.1	45.53
45.13	45.54
45.13	45.55
45.2	45.56
45.7	45.57
45.1	45.58
45.13	45.59
45.1	45.60
45.1	45.61
45.1	45.62
45.6	45.63
45.13	45.64
46.8	46.1
46.8	46.2
46.5	46.3
46.8	46.4
46.8	46.5
46.8	46.6
46.8	46.7
46.8	46.8
46.8	46.9
46.8	46.10
46.5	46.11
46.5	46.12
46.8	46.13
46.8	46.14
46.8	46.15
46.8	46.16
46.5	46.17
46.5	46.18
46.8	46.19
46.5	46.20
46.5	46.21
46.8	46.22
46.8	46.23
46.1	46.24
46.5	46.25
46.4	46.26
46.8	46.27
46.8	46.28
46.8	46.29
46.8	46.30
46.8	46.31
46.8	46.32
46.8	46.33
46.1	46.34
46.8	46.35
46.8	46.36
46.8	46.37
46.8	46.38
46.8	46.39
46.8	46.40
46.5	46.41
46.2	46.42
46.5	46.43
46.8	46.44
46.8	46.45
46.1	46.46
46.8	46.47
46.8	46.48
46.8	46.49
46.8	46.50
46.6	46.51
46.5	46.52
46.8	46.53
46.3	46.54
46.5	46.55
46.8	46.56
46.5	46.57
46.8	46.58
46.1	46.59
46.8	46.60
46.7	46.61
46.8	46.62
46.8	46.63
46.8	46.64
47.14	47.1
47.4	47.2
47.4	47.3
47.8	47.4
47.11	47.5
47.13	47.6
47.4	47.7
47.14	47.8
47.10	47.9
47.12	47.10
47.14	47.11
47.4	47.12
47.14	47.13
47.14	47.14
47.13	47.15
47.8	47.16
47.7	47.17
47.11	47.18
47.11	47.19
47.10	47.20
47.8	47.21
47.11	47.22
47.14	47.23
47.11	47.24
47.14	47.25
47.10	47.26
47.14	47.27
47.11	47.28
47.11	47.29
47.9	47.30
47.11	47.31
47.12	47.32
47.8	47.33
47.4	47.34
47.11	47.35
47.11	47.36
47.4	47.37
47.1	47.38
47.11	47.39
47.11	47.40
47.14	47.41
47.13	47.42
47.3	47.43
47.11	47.44
47.14	47.45
47.13	47.46
47.13	47.47
47.14	47.48
47.9	47.49
47.11	47.50
47.14	47.51
47.5	47.52
47.9	47.53
47.10	47.54
47.4	47.55
47.11	47.56
47.14	47.57
47.4	47.58
47.8	47.59
47.2	47.60
47.6	47.61
47.11	47.62
47.12	47.63
47.14	47.64
48.12	48.1
48.1	48.2
48.11	48.3
48.1	48.4
48.12	48.5
48.13	48.6
48.1	48.7
48.1	48.8
48.8	48.9
48.6	48.10
48.5	48.11
48.11	48.12
48.11	48.13
48.9	48.14
48.1	48.15
48.1	48.16
48.6	48.17
48.7	48.18
48.1	48.19
48.14	48.20
48.12	48.21
48.8	48.22
48.13	48.23
48.8	48.24
48.13	48.25
48.8	48.26
48.6	48.27
48.1	48.28
48.1	48.29
48.2	48.30
48.6	48.31
48.1	48.32
48.4	48.33
48.11	48.34
48.12	48.35
48.1	48.36
48.8	48.37
48.14	48.38
48.1	48.39
48.6	48.40
48.6	48.41
48.11	48.42
48.1	48.43
48.1	48.44
48.12	48.45
48.10	48.46
48.8	48.47
48.9	48.48
48.9	48.49
48.3	48.50
48.12	48.51
48.13	48.52
48.1	48.53
48.6	48.54
48.11	48.55
48.12	48.56
48.1	48.57
48.12	48.58
48.12	48.59
48.1	48.60
48.11	48.61
48.12	48.62
48.12	48.63
48.6	48.64
49.6	49.1
49.6	49.2
49.6	49.3
49.6	49.4
49.1	49.5
49.6	49.6
49.1	49.7
49.6	49.8
49.6	49.9
49.6	49.10
49.2	49.11
49.6	49.12
49.6	49.13
49.7	49.14
49.6	49.15
49.1	49.16
49.6	49.17
49.5	49.18
49.6	49.19
49.6	49.20
49.6	49.21
49.7	49.22
49.6	49.23
49.6	49.24
49.6	49.25
49.6	49.26
49.6	49.27
49.6	49.28
49.6	49.29
49.6	49.30
49.6	49.31
49.6	49.32
49.1	49.33
49.6	49.34
49.6	49.35
49.6	49.36
49.6	49.37
49.6	49.38
49.6	49.39
49.6	49.40
49.5	49.41
49.6	49.42
49.6	49.43
49.6	49.44
49.6	49.45
49.1	49.46
49.6	49.47
49.6	49.48
49.1	49.49
49.6	49.50
49.3	49.51
49.6	49.52
49.6	49.53
49.5	49.54
49.6	49.55
49.6	49.56
49.7	49.57
49.6	49.58
49.6	49.59
49.6	49.60
49.6	49.61
49.7	49.62
49.5	49.63
49.4	49.64
50.8	50.1
50.8	50.2
50.1	50.3
50.8	50.4
50.1	50.5
50.8	50.6
50.8	50.7
50.8	50.8
50.8	50.9
50.8	50.10
50.9	50.11
50.1	50.12
50.8	50.13
50.8	50.14
50.8	50.15
50.9	50.16
50.1	50.17
50.1	50.18
50.8	50.19
50.1	50.20
50.8	50.21
50.8	50.22
50.1	50.23
50.8	50.24
50.8	50.25
50.1	50.26
50.1	50.27
50.8	50.28
50.8	50.29
50.2	50.30
50.1	50.31
50.8	50.32
50.9	50.33
50.1	50.34
50.8	50.35
50.8	50.36
50.8	50.37
50.8	50.38
50.4	50.39
50.8	50.40
50.8	50.41
50.6	50.42
50.5	50.43
50.9	50.44
50.8	50.45
50.8	50.46
50.8	50.47
50.7	50.48
50.1	50.49
50.8	50.50
50.7	50.51
50.8	50.52
50.9	50.53
50.1	50.54
50.8	50.55
50.8	50.56
50.1	50.57
50.3	50.58
50.8	50.59
50.8	50.60
50.6	50.61
50.8	50.62
50.8	50.63
50.1	50.64
51.8	51.1
51.12	51.2
51.12	51.3
51.5	51.4
51.8	51.5
51.12	51.6
51.12	51.7
51.8	51.8
51.1	51.9
51.1	51.10
51.1	51.11
51.10	51.12
51.12	51.13
51.4	51.14
51.8	51.15
51.12	51.16
51.1	51.17
51.10	51.18
51.12	51.19
51.1	51.20
51.3	51.21
51.12	51.22
51.10	51.23
51.12	51.24
51.10	51.25
51.12	51.26
51.1	51.27
51.9	51.28
51.8	51.29
51.7	51.30
51.1	51.31
51.12	51.32
51.1	51.33
51.2	51.34
51.12	51.35
51.12	51.36
51.8	51.37
51.12	51.38
51.12	51.39
51.12	51.40
51.12	51.41
51.12	51.42
51.10	51.43
51.1	51.44
51.7	51.45
51.1	51.46
51.8	51.47
51.12	51.48
51.1	51.49
51.12	51.50
51.4	51.51
51.11	51.52
51.1	51.53
51.12	51.54
51.12	51.55
51.1	51.56
51.1	51.57
51.6	51.58
51.12	51.59
51.5	51.60
51.1	51.61
51.1	51.62
51.8	51.63
51.5	51.64
52.10	52.1
52.10	52.2
52.14	52.3
52.14	52.4
52.10	52.5
52.14	52.6
52.11	52.7
52.10	52.8
52.10	52.9
52.7	52.10
52.15	52.11
52.10	52.12
52.13	52.13
52.10	52.14
52.14	52.15
52.13	52.16
52.10	52.17
52.14	52.18
52.13	52.19
52.10	52.20
52.1	52.21
52.10	52.22
52.4	52.23
52.14	52.24
52.14	52.25
52.10	52.26
52.10	52.27
52.14	52.28
52.10	52.29
52.14	52.30
52.14	52.31
52.8	52.32
52.12	52.33
52.14	52.34
52.1	52.35
52.1	52.36
52.13	52.37
52.11	52.38
52.13	52.39
52.14	52.40
52.10	52.41
52.11	52.42
52.10	52.43
52.13	52.44
52.1	52.45
52.14	52.46
52.3	52.47
52.1	52.48
52.14	52.49
52.10	52.50
52.17	52.51
52.10	52.52
52.2	52.53
52.9	52.54
52.10	52.55
52.13	52.56
52.5	52.57
52.6	52.58
52.14	52.59
52.15	52.60
52.15	52.61
52.16	52.62
52.10	52.63
52.13	52.64
53.1	53.1
53.1	53.2
53.1	53.3
53.1	53.4
53.1	53.5
53.1	53.6
53.8	53.7
53.8	53.8
53.1	53.9
53.1	53.10
53.1	53.11
53.1	53.12
53.1	53.13
53.8	53.14
53.6	53.15
53.1	53.16
53.1	53.17
53.6	53.18
53.1	53.19
53.1	53.20
53.1	53.21
53.1	53.22
53.1	53.23
53.3	53.24
53.8	53.25
53.1	53.26
53.1	53.27
53.6	53.28
53.8	53.29
53.8	53.30
53.5	53.31
53.1	53.32
53.7	53.33
53.1	53.34
53.8	53.35
53.8	53.36
53.1	53.37
53.8	53.38
53.5	53.39
53.1	53.40
53.8	53.41
53.1	53.42
53.4	53.43
53.1	53.44
53.6	53.45
53.1	53.46
53.1	53.47
53.8	53.48
53.1	53.49
53.8	53.50
53.1	53.51
53.2	53.52
53.1	53.53
53.8	53.54
53.1	53.55
53.1	53.56
53.8	53.57
53.1	53.58
53.1	53.59
53.1	53.60
53.1	53.61
53.1	53.62
53.1	53.63
53.1	53.64
54.16	54.1
54.16	54.2
54.13	54.3
54.17	54.4
54.16	54.5
54.16	54.6
54.17	54.7
54.17	54.8
54.17	54.9
54.16	54.10
54.1	54.11
54.16	54.12
54.17	54.13
54.17	54.14
54.16	54.15
54.17	54.16
54.13	54.17
54.9	54.18
54.17	54.19
54.13	54.20
54.17	54.21
54.1	54.22
54.13	54.23
54.2	54.24
54.11	54.25
54.5	54.26
54.18	54.27
54.13	54.28
54.16	54.29
54.16	54.30
54.16	54.31
54.9	54.32
54.18	54.33
54.18	54.34
54.16	54.35
54.12	54.36
54.1	54.37
54.17	54.38
54.16	54.39
54.8	54.40
54.6	54.41
54.17	54.42
54.17	54.43
54.3	54.44
54.16	54.45
54.18	54.46
54.13	54.47
54.10	54.48
54.17	54.49
54.1	54.50
54.13	54.51
54.18	54.52
54.17	54.53
54.14	54.54
54.15	54.55
54.16	54.56
54.18	54.57
54.17	54.58
54.7	54.59
54.4	54.60
54.18	54.61
54.16	54.62
54.17	54.63
54.17	54.64
55.1	55.1
55.8	55.2
55.6	55.3
55.8	55.4
55.1	55.5
55.7	55.6
55.1	55.7
55.1	55.8
55.5	55.9
55.1	55.10
55.8	55.11
55.7	55.12
55.1	55.13
55.1	55.14
55.1	55.15
55.1	55.16
55.8	55.17
55.1	55.18
55.8	55.19
55.3	55.20
55.1	55.21
55.8	55.22
55.2	55.23
55.1	55.24
55.1	55.25
55.1	55.26
55.1	55.27
55.1	55.28
55.1	55.29
55.8	55.30
55.7	55.31
55.8	55.32
55.1	55.33
55.1	55.34
55.1	55.35
55.8	55.36
55.8	55.37
55.5	55.38
55.1	55.39
55.8	55.40
55.4	55.41
55.1	55.42
55.1	55.43
55.1	55.44
55.1	55.45
55.1	55.46
55.1	55.47
55.8	55.48
55.8	55.49
55.1	55.50
55.1	55.51
55.1	55.52
55.1	55.53
55.1	55.54
55.1	55.55
55.1	55.56
55.1	55.57
55.8	55.58
55.1	55.59
55.8	55.60
55.7	55.61
55.1	55.62
55.1	55.63
55.1	55.64
56.1	56.1
56.8	56.2
56.8	56.3
56.8	56.4
56.4	56.5
56.2	56.6
56.8	56.7
56.8	56.8
56.8	56.9
56.8	56.10
56.8	56.11
56.1	56.12
56.8	56.13
56.8	56.14
56.8	56.15
56.8	56.16
56.1	56.17
56.8	56.18
56.7	56.19
56.8	56.20
56.8	56.21
56.4	56.22
56.8	56.23
56.8	56.24
56.8	56.25
56.8	56.26
56.1	56.27
56.8	56.28
56.8	56.29
56.8	56.30
56.4	56.31
56.10	56.32
56.8	56.33
56.1	56.34
56.1	56.35
56.8	56.36
56.1	56.37
56.8	56.38
56.1	56.39
56.8	56.40
56.10	56.41
56.8	56.42
56.1	56.43
56.1	56.44
56.1	56.45
56.8	56.46
56.1	56.47
56.8	56.48
56.7	56.49
56.11	56.50
56.1	56.51
56.8	56.52
56.5	56.53
56.8	56.54
56.6	56.55
56.8	56.56
56.11	56.57
56.3	56.58
56.3	56.59
56.9	56.60
56.8	56.61
56.8	56.62
56.8	56.63
56.8	56.64
57.12	57.1
57.12	57.2
57.12	57.3
57.11	57.4
57.11	57.5
57.12	57.6
57.12	57.7
57.12	57.8
57.12	57.9
57.12	57.10
57.12	57.11
57.12	57.12
57.12	57.13
57.12	57.14
57.13	57.15
57.12	57.16
57.11	57.17
57.12	57.18
57.12	57.19
57.10	57.20
57.12	57.21
57.6	57.22
57.12	57.23
57.12	57.24
57.11	57.25
57.9	57.26
57.12	57.27
57.11	57.28
57.2	57.29
57.11	57.30
57.11	57.31
57.12	57.32
57.11	57.33
57.11	57.34
57.13	57.35
57.11	57.36
57.8	57.37
57.11	57.38
57.12	57.39
57.1	57.40
57.13	57.41
57.14	57.42
57.11	57.43
57.12	57.44
57.12	57.45
57.12	57.46
57.7	57.47
57.12	57.48
57.5	57.49
57.11	57.50
57.12	57.51
57.14	57.52
57.10	57.53
57.10	57.54
57.12	57.55
57.12	57.56
57.3	57.57
57.13	57.58
57.1	57.59
57.9	57.60
57.4	57.61
57.11	57.62
57.11	57.63
57.14	57.64
58.1	58.1
58.1	58.2
58.5	58.3
58.1	58.4
58.1	58.5
58.1	58.6
58.1	58.7
58.1	58.8
58.5	58.9
58.1	58.10
58.1	58.11
58.1	58.12
58.1	58.13
58.4	58.14
58.1	58.15
58.5	58.16
58.1	58.17
58.1	58.18
58.6	58.19
58.5	58.20
58.1	58.21
58.5	58.22
58.1	58.23
58.1	58.24
58.5	58.25
58.1	58.26
58.1	58.27
58.1	58.28
58.1	58.29
58.1	58.30
58.5	58.31
58.1	58.32
58.1	58.33
58.1	58.34
58.1	58.35
58.1	58.36
58.1	58.37
58.5	58.38
58.1	58.39
58.1	58.40
58.1	58.41
58.1	58.42
58.6	58.43
58.5	58.44
58.1	58.45
58.5	58.46
58.1	58.47
58.1	58.48
58.1	58.49
58.1	58.50
58.7	58.51
58.7	58.52
58.1	58.53
58.3	58.54
58.5	58.55
58.1	58.56
58.1	58.57
58.1	58.58
58.5	58.59
58.5	58.60
58.5	58.61
58.1	58.62
58.1	58.63
58.2	58.64
59.3	59.1
59.3	59.2
59.4	59.3
59.12	59.4
59.3	59.5
59.12	59.6
59.3	59.7
59.12	59.8
59.12	59.9
59.10	59.10
59.12	59.11
59.3	59.12
59.10	59.13
59.12	59.14
59.12	59.15
59.3	59.16
59.4	59.17
59.12	59.18
59.12	59.19
59.11	59.20
59.12	59.21
59.12	59.22
59.3	59.23
59.6	59.24
59.12	59.25
59.3	59.26
59.12	59.27
59.9	59.28
59.3	59.29
59.12	59.30
59.3	59.31
59.1	59.32
59.3	59.33
59.5	59.34
59.10	59.35
59.3	59.36
59.7	59.37
59.8	59.38
59.12	59.39
59.3	59.40
59.11	59.41
59.10	59.42
59.3	59.43
59.3	59.44
59.12	59.45
59.12	59.46
59.3	59.47
59.12	59.48
59.3	59.49
59.3	59.50
59.12	59.51
59.12	59.52
59.11	59.53
59.12	59.54
59.12	59.55
59.12	59.56
59.10	59.57
59.1	59.58
59.12	59.59
59.4	59.60
59.4	59.61
59.12	59.62
59.2	59.63
59.12	59.64
60.13	60.1
60.1	60.2
60.13	60.3
60.1	60.4
60.13	60.5
60.13	60.6
60.5	60.7
60.13	60.8
60.9	60.9
60.13	60.10
60.13	60.11
60.1	60.12
60.1	60.13
60.14	60.14
60.13	60.15
60.13	60.16
60.4	60.17
60.13	60.18
60.10	60.19
60.15	60.20
60.13	60.21
60.13	60.22
60.1	60.23
60.1	60.24
60.1	60.25
60.15	60.26
60.13	60.27
60.9	60.28
60.13	60.29
60.8	60.30
60.1	60.31
60.1	60.32
60.9	60.33
60.13	60.34
60.13	60.35
60.2	60.36
60.12	60.37
60.13	60.38
60.7	60.39
60.9	60.40
60.13	60.41
60.14	60.42
60.1	60.43
60.15	60.44
60.3	60.45
60.13	60.46
60.1	60.47
60.13	60.48
60.9	60.49
60.13	60.50
60.13	60.51
60.13	60.52
60.16	60.53
60.12	60.54
60.13	60.55
60.1	60.56
60.13	60.57
60.6	60.58
60.11	60.59
60.13	60.60
60.5	60.61
60.13	60.62
60.16	60.63
60.13	60.64
61.6	61.1
61.9	61.2
61.5	61.3
61.6	61.4
61.1	61.5
61.5	61.6
61.11	61.7
61.11	61.8
61.9	61.9
61.5	61.10
61.6	61.11
61.1	61.12
61.6	61.13
61.9	61.14
61.6	61.15
61.11	61.16
61.9	61.17
61.6	61.18
61.11	61.19
61.1	61.20
61.10	61.21
61.9	61.22
61.6	61.23
61.3	61.24
61.1	61.25
61.9	61.26
61.6	61.27
61.9	61.28
61.4	61.29
61.4	61.30
61.11	61.31
61.1	61.32
61.6	61.33
61.6	61.34
61.4	61.35
61.11	61.36
61.6	61.37
61.9	61.38
61.11	61.39
61.11	61.40
61.11	61.41
61.6	61.42
61.2	61.43
61.10	61.44
61.11	61.45
61.1	61.46
61.6	61.47
61.7	61.48
61.6	61.49
61.9	61.50
61.1	61.51
61.11	61.52
61.9	61.53
61.11	61.54
61.6	61.55
61.6	61.56
61.6	61.57
61.6	61.58
61.6	61.59
61.6	61.60
61.11	61.61
61.11	61.62
61.6	61.63
61.8	61.64
62.1	62.1
62.1	62.2
62.1	62.3
62.1	62.4
62.1	62.5
62.1	62.6
62.9	62.7
62.7	62.8
62.7	62.9
62.1	62.10
62.1	62.11
62.1	62.12
62.9	62.13
62.7	62.14
62.1	62.15
62.5	62.16
62.1	62.17
62.1	62.18
62.7	62.19
62.1	62.20
62.5	62.21
62.1	62.22
62.2	62.23
62.5	62.24
62.5	62.25
62.7	62.26
62.1	62.27
62.7	62.28
62.1	62.29
62.1	62.30
62.3	62.31
62.5	62.32
62.5	62.33
62.7	62.34
62.5	62.35
62.4	62.36
62.1	62.37
62.5	62.38
62.1	62.39
62.7	62.40
62.1	62.41
62.7	62.42
62.8	62.43
62.1	62.44
62.1	62.45
62.1	62.46
62.1	62.47
62.8	62.48
62.5	62.49
62.1	62.50
62.1	62.51
62.7	62.52
62.6	62.53
62.7	62.54
62.1	62.55
62.5	62.56
62.1	62.57
62.5	62.58
62.5	62.59
62.1	62.60
62.1	62.61
62.7	62.62
62.1	62.63
62.7	62.64
63.12	63.1
63.1	63.2
63.1	63.3
63.1	63.4
63.1	63.5
63.1	63.6
63.11	63.7
63.1	63.8
63.11	63.9
63.1	63.10
63.1	63.11
63.12	63.12
63.1	63.13
63.12	63.14
63.1	63.15
63.1	63.16
63.1	63.17
63.12	63.18
63.11	63.19
63.11	63.20
63.12	63.21
63.1	63.22
63.12	63.23
63.12	63.24
63.1	63.25
63.7	63.26
63.1	63.27
63.1	63.28
63.1	63.29
63.1	63.30
63.10	63.31
63.1	63.32
63.1	63.33
63.12	63.34
63.12	63.35
63.1	63.36
63.8	63.37
63.1	63.38
63.1	63.39
63.1	63.40
63.1	63.41
63.1	63.42
63.3	63.43
63.5	63.44
63.6	63.45
63.12	63.46
63.1	63.47
63.12	63.48
63.9	63.49
63.1	63.50
63.2	63.51
63.4	63.52
63.12	63.53
63.1	63.54
63.1	63.55
63.8	63.56
63.12	63.57
63.8	63.58
63.1	63.59
63.1	63.60
63.1	63.61
63.1	63.62
63.1	63.63
63.8	63.64
64.6	64.1
64.6	64.2
64.1	64.3
64.6	64.4
64.5	64.5
64.3	64.6
64.1	64.7
64.1	64.8
64.1	64.9
64.6	64.10
64.4	64.11
64.1	64.12
64.6	64.13
64.1	64.14
64.1	64.15
64.1	64.16
64.1	64.17
64.1	64.18
64.1	64.19
64.1	64.20
64.1	64.21
64.1	64.22
64.1	64.23
64.1	64.24
64.6	64.25
64.1	64.26
64.6	64.27
64.6	64.28
64.2	64.29
64.1	64.30
64.1	64.31
64.6	64.32
64.1	64.33
64.6	64.34
64.5	64.35
64.6	64.36
64.1	64.37
64.1	64.38
64.5	64.39
64.1	64.40
64.1	64.41
64.1	64.42
64.1	64.43
64.1	64.44
64.1	64.45
64.1	64.46
64.5	64.47
64.1	64.48
64.1	64.49
64.1	64.50
64.5	64.51
64.1	64.52
64.1	64.53
64.1	64.54
64.1	64.55
64.5	64.56
64.1	64.57
64.1	64.58
64.1	64.59
64.1	64.60
64.6	64.61
64.1	64.62
64.1	64.63
64.5	64.64
65.8	65.1
65.1	65.2
65.9	65.3
65.1	65.4
65.1	65.5
65.8	65.6
65.5	65.7
65.1	65.8
65.1	65.9
65.1	65.10
65.1	65.11
65.8	65.12
65.1	65.13
65.1	65.14
65.4	65.15
65.1	65.16
65.1	65.17
65.1	65.18
65.1	65.19
65.5	65.20
65.1	65.21
65.1	65.22
65.5	65.23
65.5	65.24
65.1	65.25
65.5	65.26
65.1	65.27
65.8	65.28
65.2	65.29
65.5	65.30
65.1	65.31
65.5	65.32
65.7	65.33
65.1	65.34
65.1	65.35
65.1	65.36
65.6	65.37
65.1	65.38
65.1	65.39
65.1	65.40
65.1	65.41
65.1	65.42
65.8	65.43
65.1	65.44
65.5	65.45
65.8	65.46
65.1	65.47
65.1	65.48
65.1	65.49
65.5	65.50
65.6	65.51
65.1	65.52
65.8	65.53
65.1	65.54
65.1	65.55
65.3	65.56
65.1	65.57
65.1	65.58
65.1	65.59
65.1	65.60
65.1	65.61
65.1	65.62
65.6	65.63
65.5	65.64
66.1	66.1
66.1	66.2
66.1	66.3
66.1	66.4
66.1	66.5
66.1	66.6
66.1	66.7
66.1	66.8
66.1	66.9
66.1	66.10
66.1	66.11
66.1	66.12
66.3	66.13
66.1	66.14
66.1	66.15
66.1	66.16
66.1	66.17
66.1	66.18
66.4	66.19
66.1	66.20
66.1	66.21
66.4	66.22
66.1	66.23
66.1	66.24
66.1	66.25
66.1	66.26
66.1	66.27
66.1	66.28
66.4	66.29
66.1	66.30
66.1	66.31
66.1	66.32
66.1	66.33
66.1	66.34
66.1	66.35
66.5	66.36
66.1	66.37
66.1	66.38
66.1	66.39
66.1	66.40
66.1	66.41
66.1	66.42
66.1	66.43
66.1	66.44
66.4	66.45
66.1	66.46
66.1	66.47
66.1	66.48
66.4	66.49
66.1	66.50
66.1	66.51
66.1	66.52
66.4	66.53
66.4	66.54
66.1	66.55
66.1	66.56
66.1	66.57
66.4	66.58
66.1	66.59
66.5	66.60
66.1	66.61
66.1	66.62
66.2	66.63
66.1	66.64
67.1	67.1
67.1	67.2
67.1	67.3
67.1	67.4
67.1	67.5
67.1	67.6
67.1	67.7
67.1	67.8
67.1	67.9
67.1	67.10
67.4	67.11
67.1	67.12
67.1	67.13
67.4	67.14
67.1	67.15
67.4	67.16
67.1	67.17
67.1	67.18
67.1	67.19
67.1	67.20
67.1	67.21
67.1	67.22
67.5	67.23
67.4	67.24
67.1	67.25
67.1	67.26
67.1	67.27
67.1	67.28
67.1	67.29
67.1	67.30
67.2	67.31
67.1	67.32
67.4	67.33
67.1	67.34
67.1	67.35
67.1	67.36
67.1	67.37
67.1	67.38
67.1	67.39
67.4	67.40
67.1	67.41
67.1	67.42
67.1	67.43
67.1	67.44
67.3	67.45
67.1	67.46
67.1	67.47
67.1	67.48
67.1	67.49
67.4	67.50
67.1	67.51
67.4	67.52
67.4	67.53
67.1	67.54
67.1	67.55
67.1	67.56
67.1	67.57
67.1	67.58
67.1	67.59
67.4	67.60
67.4	67.61
67.4	67.62
67.4	67.63
67.1	67.64
68.9	68.1
68.9	68.2
68.6	68.3
68.9	68.4
68.9	68.5
68.8	68.6
68.9	68.7
68.7	68.8
68.1	68.9
68.1	68.10
68.9	68.11
68.4	68.12
68.1	68.13
68.9	68.14
68.9	68.15
68.7	68.16
68.1	68.17
68.1	68.18
68.1	68.19
68.1	68.20
68.1	68.21
68.5	68.22
68.9	68.23
68.1	68.24
68.9	68.25
68.9	68.26
68.1	68.27
68.4	68.28
68.5	68.29
68.7	68.30
68.9	68.31
68.9	68.32
68.7	68.33
68.9	68.34
68.9	68.35
68.4	68.36
68.3	68.37
68.9	68.38
68.9	68.39
68.9	68.40
68.9	68.41
68.1	68.42
68.7	68.43
68.1	68.44
68.6	68.45
68.7	68.46
68.8	68.47
68.1	68.48
68.1	68.49
68.1	68.50
68.2	68.51
68.9	68.52
68.9	68.53
68.1	68.54
68.1	68.55
68.1	68.56
68.8	68.57
68.7	68.58
68.1	68.59
68.9	68.60
68.9	68.61
68.7	68.62
68.9	68.63
68.1	68.64
69.12	69.1
69.6	69.2
69.4	69.3
69.12	69.4
69.4	69.5
69.11	69.6
69.4	69.7
69.5	69.8
69.12	69.9
69.12	69.10
69.4	69.11
69.14	69.12
69.14	69.13
69.4	69.14
69.2	69.15
69.12	69.16
69.4	69.17
69.12	69.18
69.14	69.19
69.12	69.20
69.10	69.21
69.12	69.22
69.12	69.23
69.13	69.24
69.1	69.25
69.4	69.26
69.14	69.27
69.12	69.28
69.12	69.29
69.11	69.30
69.12	69.31
69.12	69.32
69.12	69.33
69.9	69.34
69.12	69.35
69.8	69.36
69.8	69.37
69.12	69.38
69.12	69.39
69.4	69.40
69.12	69.41
69.14	69.42
69.8	69.43
69.4	69.44
69.7	69.45
69.4	69.46
69.12	69.47
69.12	69.48
69.12	69.49
69.9	69.50
69.12	69.51
69.6	69.52
69.12	69.53
69.6	69.54
69.12	69.55
69.12	69.56
69.14	69.57
69.12	69.58
69.12	69.59
69.3	69.60
69.4	69.61
69.12	69.62
69.12	69.63
69.12	69.64
70.11	70.1
70.12	70.2
70.11	70.3
70.12	70.4
70.12	70.5
70.6	70.6
70.6	70.7
70.11	70.8
70.12	70.9
70.4	70.10
70.12	70.11
70.12	70.12
70.6	70.13
70.6	70.14
70.11	70.15
70.6	70.16
70.12	70.17
70.11	70.18
70.11	70.19
70.12	70.20
70.4	70.21
70.12	70.22
70.4	70.23
70.11	70.24
70.7	70.25
70.5	70.26
70.11	70.27
70.12	70.28
70.11	70.29
70.4	70.30
70.11	70.31
70.9	70.32
70.3	70.33
70.2	70.34
70.4	70.35
70.12	70.36
70.12	70.37
70.12	70.38
70.4	70.39
70.11	70.40
70.4	70.41
70.12	70.42
70.7	70.43
70.8	70.44
70.10	70.45
70.12	70.46
70.11	70.47
70.11	70.48
70.11	70.49
70.12	70.50
70.11	70.51
70.12	70.52
70.10	70.53
70.12	70.54
70.11	70.55
70.1	70.56
70.8	70.57
70.11	70.58
70.12	70.59
70.11	70.60
70.12	70.61
70.12	70.62
70.4	70.63
70.11	70.64
71.4	71.1
71.13	71.2
71.1	71.3
71.1	71.4
71.13	71.5
71.13	71.6
71.1	71.7
71.13	71.8
71.1	71.9
71.1	71.10
71.13	71.11
71.13	71.12
71.13	71.13
71.1	71.14
71.13	71.15
71.13	71.16
71.1	71.17
71.1	71.18
71.13	71.19
71.13	71.20
71.13	71.21
71.8	71.22
71.1	71.23
71.13	71.24
71.9	71.25
71.7	71.26
71.6	71.27
71.13	71.28
71.13	71.29
71.13	71.30
71.1	71.31
71.13	71.32
71.12	71.33
71.9	71.34
71.13	71.35
71.2	71.36
71.1	71.37
71.13	71.38
71.1	71.39
71.10	71.40
71.9	71.41
71.6	71.42
71.1	71.43
71.5	71.44
71.1	71.45
71.13	71.46
71.13	71.47
71.1	71.48
71.6	71.49
71.11	71.50
71.13	71.51
71.6	71.52
71.9	71.53
71.1	71.54
71.1	71.55
71.13	71.56
71.10	71.57
71.4	71.58
71.6	71.59
71.3	71.60
71.1	71.61
71.1	71.62
71.13	71.63
71.1	71.64
72.4	72.1
72.16	72.2
72.11	72.3
72.4	72.4
72.15	72.5
72.15	72.6
72.4	72.7
72.11	72.8
72.11	72.9
72.11	72.10
72.11	72.11
72.2	72.12
72.11	72.13
72.7	72.14
72.15	72.15
72.15	72.16
72.4	72.17
72.5	72.18
72.4	72.19
72.15	72.20
72.11	72.21
72.15	72.22
72.11	72.23
72.11	72.24
72.11	72.25
72.11	72.26
72.11	72.27
72.17	72.28
72.14	72.29
72.9	72.30
72.11	72.31
72.11	72.32
72.14	72.33
72.11	72.34
72.15	72.35
72.11	72.36
72.4	72.37
72.10	72.38
72.15	72.39
72.11	72.40
72.7	72.41
72.11	72.42
72.11	72.43
72.10	72.44
72.14	72.45
72.15	72.46
72.11	72.47
72.13	72.48
72.7	72.49
72.3	72.50
72.4	72.51
72.4	72.52
72.12	72.53
72.11	72.54
72.15	72.55
72.1	72.56
72.4	72.57
72.11	72.58
72.4	72.59
72.8	72.60
72.4	72.61
72.15	72.62
72.6	72.63
72.10	72.64
73.4	73.1
73.4	73.2
73.7	73.3
73.4	73.4
73.2	73.5
73.4	73.6
73.4	73.7
73.4	73.8
73.4	73.9
73.4	73.10
73.4	73.11
73.4	73.12
73.4	73.13
73.4	73.14
73.4	73.15
73.4	73.16
73.4	73.17
73.4	73.18
73.4	73.19
73.7	73.20
73.7	73.21
73.4	73.22
73.4	73.23
73.7	73.24
73.7	73.25
73.4	73.26
73.4	73.27
73.3	73.28
73.8	73.29
73.4	73.30
73.7	73.31
73.4	73.32
73.4	73.33
73.4	73.34
73.1	73.35
73.7	73.36
73.4	73.37
73.4	73.38
73.1	73.39
73.4	73.40
73.4	73.41
73.4	73.42
73.4	73.43
73.7	73.44
73.4	73.45
73.4	73.46
73.4	73.47
73.7	73.48
73.4	73.49
73.4	73.50
73.4	73.51
73.4	73.52
73.4	73.53
73.6	73.54
73.7	73.55
73.6	73.56
73.4	73.57
73.4	73.58
73.7	73.59
73.4	73.60
73.1	73.61
73.4	73.62
73.5	73.63
73.4	73.64
74.12	74.1
74.12	74.2
74.1	74.3
74.11	74.4
74.1	74.5
74.11	74.6
74.12	74.7
74.7	74.8
74.1	74.9
74.12	74.10
74.1	74.11
74.1	74.12
74.1	74.13
74.1	74.14
74.12	74.15
74.11	74.16
74.1	74.17
74.1	74.18
74.12	74.19
74.1	74.20
74.11	74.21
74.11	74.22
74.12	74.23
74.1	74.24
74.11	74.25
74.11	74.26
74.7	74.27
74.12	74.28
74.1	74.29
74.1	74.30
74.1	74.31
74.11	74.32
74.1	74.33
74.12	74.34
74.11	74.35
74.12	74.36
74.13	74.37
74.11	74.38
74.12	74.39
74.12	74.40
74.6	74.41
74.12	74.42
74.1	74.43
74.1	74.44
74.1	74.45
74.8	74.46
74.11	74.47
74.12	74.48
74.5	74.49
74.3	74.50
74.4	74.51
74.13	74.52
74.1	74.53
74.12	74.54
74.8	74.55
74.13	74.56
74.12	74.57
74.1	74.58
74.11	74.59
74.2	74.60
74.12	74.61
74.10	74.62
74.11	74.63
74.9	74.64
75.13	75.1
75.7	75.2
75.7	75.3
75.13	75.4
75.7	75.5
75.13	75.6
75.1	75.7
75.7	75.8
75.7	75.9
75.7	75.10
75.13	75.11
75.13	75.12
75.13	75.13
75.7	75.14
75.13	75.15
75.16	75.16
75.8	75.17
75.13	75.18
75.7	75.19
75.2	75.20
75.16	75.21
75.13	75.22
75.13	75.23
75.3	75.24
75.6	75.25
75.12	75.26
75.16	75.27
75.13	75.28
75.6	75.29
75.1	75.30
75.7	75.31
75.13	75.32
75.12	75.33
75.7	75.34
75.13	75.35
75.13	75.36
75.13	75.37
75.7	75.38
75.10	75.39
75.13	75.40
75.7	75.41
75.7	75.42
75.7	75.43
75.14	75.44
75.4	75.45
75.15	75.46
75.9	75.47
75.7	75.48
75.7	75.49
75.16	75.50
75.1	75.51
75.8	75.52
75.7	75.53
75.7	75.54
75.7	75.55
75.14	75.56
75.5	75.57
75.13	75.58
75.12	75.59
75.12	75.60
75.11	75.61
75.16	75.62
75.9	75.63
75.7	75.64
76.8	76.1
76.8	76.2
76.6	76.3
76.8	76.4
76.8	76.5
76.8	76.6
76.8	76.7
76.8	76.8
76.8	76.9
76.1	76.10
76.8	76.11
76.8	76.12
76.8	76.13
76.8	76.14
76.8	76.15
76.6	76.16
76.1	76.17
76.8	76.18
76.8	76.19
76.8	76.20
76.7	76.21
76.6	76.22
76.8	76.23
76.6	76.24
76.8	76.25
76.8	76.26
76.8	76.27
76.8	76.28
76.8	76.29
76.6	76.30
76.6	76.31
76.6	76.32
76.8	76.33
76.8	76.34
76.8	76.35
76.5	76.36
76.8	76.37
76.8	76.38
76.4	76.39
76.8	76.40
76.5	76.41
76.4	76.42
76.8	76.43
76.1	76.44
76.4	76.45
76.6	76.46
76.8	76.47
76.6	76.48
76.6	76.49
76.1	76.50
76.8	76.51
76.5	76.52
76.8	76.53
76.5	76.54
76.2	76.55
76.8	76.56
76.8	76.57
76.8	76.58
76.8	76.59
76.8	76.60
76.8	76.61
76.3	76.62
76.5	76.63
76.8	76.64
77.1	77.1
77.9	77.2
77.1	77.3
77.1	77.4
77.1	77.5
77.1	77.6
77.1	77.7
77.1	77.8
77.1	77.9
77.9	77.10
77.1	77.11
77.4	77.12
77.1	77.13
77.1	77.14
77.1	77.15
77.1	77.16
77.5	77.17
77.1	77.18
77.1	77.19
77.8	77.20
77.4	77.21
77.1	77.22
77.4	77.23
77.1	77.24
77.1	77.25
77.4	77.26
77.9	77.27
77.1	77.28
77.6	77.29
77.4	77.30
77.1	77.31
77.1	77.32
77.4	77.33
77.3	77.34
77.9	77.35
77.1	77.36
77.1	77.37
77.4	77.38
77.8	77.39
77.8	77.40
77.9	77.41
77.1	77.42
77.1	77.43
77.1	77.44
77.6	77.45
77.9	77.46
77.9	77.47
77.7	77.48
77.1	77.49
77.1	77.50
77.4	77.51
77.9	77.52
77.6	77.53
77.2	77.54
77.1	77.55
77.1	77.56
77.9	77.57
77.1	77.58
77.1	77.59
77.1	77.60
77.1	77.61
77.1	77.62
77.1	77.63
77.4	77.64
78.8	78.1
78.8	78.2
78.1	78.3
78.12	78.4
78.1	78.5
78.10	78.6
78.1	78.7
78.2	78.8
78.12	78.9
78.1	78.10
78.1	78.11
78.8	78.12
78.5	78.13
78.12	78.14
78.12	78.15
78.1	78.16
78.1	78.17
78.6	78.18
78.1	78.19
78.10	78.20
78.10	78.21
78.12	78.22
78.12	78.23
78.1	78.24
78.8	78.25
78.10	78.26
78.1	78.27
78.1	78.28
78.12	78.29
78.1	78.30
78.1	78.31
78.1	78.32
78.12	78.33
78.1	78.34
78.1	78.35
78.1	78.36
78.4	78.37
78.12	78.38
78.1	78.39
78.7	78.40
78.12	78.41
78.1	78.42
78.5	78.43
78.1	78.44
78.1	78.45
78.1	78.46
78.3	78.47
78.1	78.48
78.1	78.49
78.7	78.50
78.5	78.51
78.1	78.52
78.10	78.53
78.8	78.54
78.12	78.55
78.9	78.56
78.1	78.57
78.1	78.58
78.12	78.59
78.11	78.60
78.1	78.61
78.8	78.62
78.12	78.63
78.1	78.64
79.1	79.1
79.6	79.2
79.6	79.3
79.1	79.4
79.1	79.5
79.1	79.6
79.1	79.7
79.1	79.8
79.1	79.9
79.1	79.10
79.1	79.11
79.6	79.12
79.1	79.13
79.4	79.14
79.1	79.15
79.1	79.16
79.1	79.17
79.1	79.18
79.1	79.19
79.1	79.20
79.6	79.21
79.1	79.22
79.1	79.23
79.1	79.24
79.1	79.25
79.6	79.26
79.1	79.27
79.6	79.28
79.1	79.29
79.1	79.30
79.1	79.31
79.1	79.32
79.1	79.33
79.1	79.34
79.6	79.35
79.5	79.36
79.6	79.37
79.2	79.38
79.6	79.39
79.1	79.40
79.1	79.41
79.1	79.42
79.6	79.43
79.7	79.44
79.7	79.45
79.1	79.46
79.1	79.47
79.1	79.48
79.7	79.49
79.3	79.50
79.1	79.51
79.1	79.52
79.1	79.53
79.1	79.54
79.1	79.55
79.1	79.56
79.1	79.57
79.7	79.58
79.1	79.59
79.1	79.60
79.1	79.61
79.1	79.62
79.1	79.63
79.6	79.64
80.8	80.1
80.10	80.2
80.8	80.3
80.8	80.4
80.1	80.5
80.8	80.6
80.1	80.7
80.2	80.8
80.1	80.9
80.10	80.10
80.8	80.11
80.1	80.12
80.1	80.13
80.8	80.14
80.6	80.15
80.8	80.16
80.1	80.17
80.8	80.18
80.1	80.19
80.1	80.20
80.10	80.21
80.8	80.22
80.1	80.23
80.1	80.24
80.8	80.25
80.8	80.26
80.1	80.27
80.10	80.28
80.12	80.29
80.1	80.30
80.1	80.31
80.10	80.32
80.1	80.33
80.1	80.34
80.1	80.35
80.1	80.36
80.1	80.37
80.1	80.38
80.1	80.39
80.1	80.40
80.8	80.41
80.8	80.42
80.6	80.43
80.5	80.44
80.10	80.45
80.10	80.46
80.1	80.47
80.1	80.48
80.11	80.49
80.9	80.50
80.1	80.51
80.8	80.52
80.1	80.53
80.4	80.54
80.1	80.55
80.1	80.56
80.8	80.57
80.7	80.58
80.8	80.59
80.1	80.60
80.8	80.61
80.3	80.62
80.1	80.63
80.1	80.64
81.3	81.1
81.7	81.2
81.7	81.3
81.3	81.4
81.7	81.5
81.8	81.6
81.7	81.7
81.7	81.8
81.7	81.9
81.7	81.10
81.7	81.11
81.7	81.12
81.3	81.13
81.7	81.14
81.7	81.15
81.7	81.16
81.3	81.17
81.7	81.18
81.4	81.19
81.3	81.20
81.3	81.21
81.7	81.22
81.7	81.23
81.7	81.24
81.3	81.25
81.3	81.26
81.5	81.27
81.5	81.28
81.7	81.29
81.5	81.30
81.7	81.31
81.3	81.32
81.3	81.33
81.8	81.34
81.7	81.35
81.3	81.36
81.7	81.37
81.7	81.38
81.8	81.39
81.1	81.40
81.4	81.41
81.7	81.42
81.7	81.43
81.7	81.44
81.7	81.45
81.3	81.46
81.8	81.47
81.7	81.48
81.7	81.49
81.7	81.50
81.8	81.51
81.7	81.52
81.6	81.53
81.7	81.54
81.7	81.55
81.7	81.56
81.7	81.57
81.7	81.58
81.8	81.59
81.7	81.60
81.8	81.61
81.2	81.62
81.7	81.63
81.6	81.64
82.12	82.1
82.12	82.2
82.11	82.3
82.12	82.4
82.10	82.5
82.6	82.6
82.1	82.7
82.11	82.8
82.1	82.9
82.9	82.10
82.12	82.11
82.1	82.12
82.1	82.13
82.12	82.14
82.12	82.15
82.1	82.16
82.7	82.17
82.10	82.18
82.7	82.19
82.12	82.20
82.8	82.21
82.1	82.22
82.2	82.23
82.5	82.24
82.1	82.25
82.10	82.26
82.12	82.27
82.1	82.28
82.10	82.29
82.1	82.30
82.12	82.31
82.12	82.32
82.12	82.33
82.10	82.34
82.12	82.35
82.1	82.36
82.11	82.37
82.12	82.38
82.1	82.39
82.1	82.40
82.11	82.41
82.12	82.42
82.12	82.43
82.1	82.44
82.1	82.45
82.11	82.46
82.11	82.47
82.1	82.48
82.1	82.49
82.9	82.50
82.1	82.51
82.11	82.52
82.12	82.53
82.1	82.54
82.11	82.55
82.9	82.56
82.3	82.57
82.11	82.58
82.7	82.59
82.1	82.60
82.11	82.61
82.4	82.62
82.12	82.63
82.12	82.64
83.7	83.1
83.17	83.2
83.7	83.3
83.7	83.4
83.6	83.5
83.12	83.6
83.16	83.7
83.14	83.8
83.7	83.9
83.15	83.10
83.5	83.11
83.17	83.12
83.7	83.13
83.10	83.14
83.18	83.15
83.7	83.16
83.18	83.17
83.7	83.18
83.17	83.19
83.7	83.20
83.13	83.21
83.11	83.22
83.7	83.23
83.18	83.24
83.11	83.25
83.7	83.26
83.17	83.27
83.18	83.28
83.4	83.29
83.17	83.30
83.17	83.31
83.2	83.32
83.18	83.33
83.9	83.34
83.17	83.35
83.18	83.36
83.17	83.37
83.17	83.38
83.8	83.39
83.13	83.40
83.18	83.41
83.17	83.42
83.3	83.43
83.7	83.44
83.7	83.45
83.17	83.46
83.17	83.47
83.7	83.48
83.7	83.49
83.17	83.50
83.17	83.51
83.17	83.52
83.13	83.53
83.13	83.54
83.7	83.55
83.17	83.56
83.16	83.57
83.17	83.58
83.17	83.59
83.7	83.60
83.17	83.61
83.17	83.62
83.17	83.63
83.1	83.64
84.9	84.1
84.14	84.2
84.9	84.3
84.12	84.4
84.12	84.5
84.1	84.6
84.9	84.7
84.9	84.8
84.11	84.9
84.13	84.10
84.12	84.11
84.8	84.12
84.12	84.13
84.6	84.14
84.12	84.15
84.9	84.16
84.12	84.17
84.3	84.18
84.1	84.19
84.9	84.20
84.1	84.21
84.6	84.22
84.9	84.23
84.9	84.24
84.1	84.25
84.12	84.26
84.12	84.27
84.12	84.28
84.1	84.29
84.12	84.30
84.12	84.31
84.14	84.32
84.9	84.33
84.1	84.34
84.1	84.35
84.6	84.36
84.1	84.37
84.9	84.38
84.9	84.39
84.1	84.40
84.9	84.41
84.14	84.42
84.5	84.43
84.6	84.44
84.7	84.45
84.1	84.46
84.12	84.47
84.1	84.48
84.1	84.49
84.14	84.50
84.4	84.51
84.1	84.52
84.1	84.53
84.2	84.54
84.1	84.55
84.12	84.56
84.14	84.57
84.12	84.58
84.1	84.59
84.9	84.60
84.1	84.61
84.12	84.62
84.10	84.63
84.1	84.64
85.1	85.1
85.1	85.2
85.1	85.3
85.7	85.4
85.7	85.5
85.1	85.6
85.1	85.7
85.7	85.8
85.1	85.9
85.7	85.10
85.1	85.11
85.2	85.12
85.4	85.13
85.6	85.14
85.6	85.15
85.1	85.16
85.1	85.17
85.7	85.18
85.6	85.19
85.1	85.20
85.1	85.21
85.6	85.22
85.7	85.23
85.7	85.24
85.6	85.25
85.1	85.26
85.1	85.27
85.1	85.28
85.3	85.29
85.7	85.30
85.6	85.31
85.1	85.32
85.7	85.33
85.7	85.34
85.7	85.35
85.7	85.36
85.1	85.37
85.7	85.38
85.7	85.39
85.6	85.40
85.7	85.41
85.5	85.42
85.7	85.43
85.1	85.44
85.6	85.45
85.1	85.46
85.7	85.47
85.1	85.48
85.7	85.49
85.7	85.50
85.1	85.51
85.7	85.52
85.1	85.53
85.1	85.54
85.1	85.55
85.1	85.56
85.1	85.57
85.5	85.58
85.6	85.59
85.1	85.60
85.1	85.61
85.7	85.62
85.8	85.63
85.7	85.64
86.1	86.1
86.5	86.2
86.5	86.3
86.5	86.4
86.5	86.5
86.5	86.6
86.5	86.7
86.5	86.8
86.3	86.9
86.3	86.10
86.1	86.11
86.3	86.12
86.5	86.13
86.5	86.14
86.4	86.15
86.5	86.16
86.5	86.17
86.5	86.18
86.5	86.19
86.5	86.20
86.5	86.21
86.5	86.22
86.3	86.23
86.5	86.24
86.5	86.25
86.5	86.26
86.3	86.27
86.3	86.28
86.5	86.29
86.1	86.30
86.3	86.31
86.5	86.32
86.5	86.33
86.5	86.34
86.2	86.35
86.3	86.36
86.5	86.37
86.5	86.38
86.5	86.39
86.3	86.40
86.5	86.41
86.3	86.42
86.1	86.43
86.3	86.44
86.5	86.45
86.5	86.46
86.3	86.47
86.1	86.48
86.3	86.49
86.4	86.50
86.5	86.51
86.5	86.52
86.3	86.53
86.3	86.54
86.3	86.55
86.5	86.56
86.3	86.57
86.5	86.58
86.3	86.59
86.3	86.60
86.3	86.61
86.5	86.62
86.5	86.63
86.5	86.64
87.1	87.1
87.1	87.2
87.1	87.3
87.1	87.4
87.6	87.5
87.1	87.6
87.1	87.7
87.1	87.8
87.1	87.9
87.1	87.10
87.1	87.11
87.1	87.12
87.1	87.13
87.6	87.14
87.1	87.15
87.1	87.16
87.1	87.17
87.1	87.18
87.1	87.19
87.1	87.20
87.1	87.21
87.1	87.22
87.1	87.23
87.1	87.24
87.6	87.25
87.4	87.26
87.1	87.27
87.1	87.28
87.3	87.29
87.1	87.30
87.1	87.31
87.1	87.32
87.1	87.33
87.1	87.34
87.2	87.35
87.1	87.36
87.1	87.37
87.1	87.38
87.1	87.39
87.1	87.40
87.1	87.41
87.1	87.42
87.6	87.43
87.6	87.44
87.1	87.45
87.6	87.46
87.6	87.47
87.1	87.48
87.6	87.49
87.5	87.50
87.6	87.51
87.1	87.52
87.1	87.53
87.1	87.54
87.1	87.55
87.1	87.56
87.1	87.57
87.6	87.58
87.1	87.59
87.1	87.60
87.6	87.61
87.5	87.62
87.1	87.63
87.1	87.64
88.10	88.1
88.10	88.2
88.9	88.3
88.9	88.4
88.10	88.5
88.10	88.6
88.10	88.7
88.9	88.8
88.10	88.9
88.8	88.10
88.10	88.11
88.1	88.12
88.6	88.13
88.8	88.14
88.9	88.15
88.9	88.16
88.9	88.17
88.10	88.18
88.8	88.19
88.1	88.20
88.9	88.21
88.8	88.22
88.9	88.23
88.9	88.24
88.9	88.25
88.9	88.26
88.10	88.27
88.6	88.28
88.5	88.29
88.10	88.30
88.7	88.31
88.4	88.32
88.9	88.33
88.9	88.34
88.1	88.35
88.10	88.36
88.10	88.37
88.9	88.38
88.6	88.39
88.10	88.40
88.9	88.41
88.10	88.42
88.1	88.43
88.3	88.44
88.9	88.45
88.10	88.46
88.10	88.47
88.2	88.48
88.9	88.49
88.9	88.50
88.6	88.51
88.9	88.52
88.9	88.53
88.9	88.54
88.6	88.55
88.10	88.56
88.10	88.57
88.9	88.58
88.10	88.59
88.8	88.60
88.10	88.61
88.9	88.62
88.10	88.63
88.10	88.64
89.10	89.1
89.1	89.2
89.10	89.3
89.1	89.4
89.1	89.5
89.10	89.6
89.1	89.7
89.11	89.8
89.9	89.9
89.6	89.10
89.11	89.11
89.11	89.12
89.11	89.13
89.1	89.14
89.1	89.15
89.1	89.16
89.11	89.17
89.10	89.18
89.1	89.19
89.1	89.20
89.3	89.21
89.10	89.22
89.2	89.23
89.11	89.24
89.1	89.25
89.11	89.26
89.6	89.27
89.10	89.28
89.1	89.29
89.11	89.30
89.9	89.31
89.11	89.32
89.1	89.33
89.5	89.34
89.11	89.35
89.1	89.36
89.4	89.37
89.1	89.38
89.1	89.39
89.1	89.40
89.10	89.41
89.11	89.42
89.7	89.43
89.1	89.44
89.6	89.45
89.1	89.46
89.1	89.47
89.1	89.48
89.11	89.49
89.1	89.50
89.7	89.51
89.11	89.52
89.8	89.53
89.1	89.54
89.11	89.55
89.11	89.56
89.1	89.57
89.7	89.58
89.7	89.59
89.11	89.60
89.1	89.61
89.7	89.62
89.10	89.63
89.11	89.64
90.15	90.1
90.15	90.2
90.15	90.3
90.15	90.4
90.15	90.5
90.16	90.6
90.15	90.7
90.16	90.8
90.16	90.9
90.15	90.10
90.11	90.11
90.15	90.12
90.15	90.13
90.8	90.14
90.15	90.15
90.11	90.16
90.15	90.17
90.16	90.18
90.11	90.19
90.15	90.20
90.11	90.21
90.11	90.22
90.16	90.23
90.11	90.24
90.4	90.25
90.10	90.26
90.15	90.27
90.14	90.28
90.16	90.29
90.11	90.30
90.11	90.31
90.15	90.32
90.8	90.33
90.3	90.34
90.11	90.35
90.15	90.36
90.16	90.37
90.7	90.38
90.11	90.39
90.11	90.40
90.16	90.41
90.8	90.42
90.5	90.43
90.9	90.44
90.16	90.45
90.15	90.46
90.15	90.47
90.15	90.48
90.14	90.49
90.6	90.50
90.11	90.51
90.1	90.52
90.8	90.53
90.15	90.54
90.15	90.55
90.13	90.56
90.16	90.57
90.11	90.58
90.15	90.59
90.8	90.60
90.12	90.61
90.11	90.62
90.16	90.63
90.2	90.64
91.10	91.1
91.1	91.2
91.9	91.3
91.9	91.4
91.11	91.5
91.11	91.6
91.11	91.7
91.11	91.8
91.11	91.9
91.10	91.10
91.11	91.11
91.10	91.12
91.9	91.13
91.10	91.14
91.11	91.15
91.11	91.16
91.10	91.17
91.11	91.18
91.8	91.19
91.11	91.20
91.4	91.21
91.11	91.22
91.6	91.23
91.1	91.24
91.11	91.25
91.11	91.26
91.11	91.27
91.10	91.28
91.5	91.29
91.10	91.30
91.10	91.31
91.10	91.32
91.11	91.33
91.11	91.34
91.10	91.35
91.11	91.36
91.11	91.37
91.10	91.38
91.3	91.39
91.11	91.40
91.11	91.41
91.2	91.42
91.11	91.43
91.9	91.44
91.11	91.45
91.6	91.46
91.10	91.47
91.10	91.48
91.11	91.49
91.6	91.50
91.11	91.51
91.11	91.52
91.8	91.53
91.6	91.54
91.9	91.55
91.10	91.56
91.7	91.57
91.11	91.58
91.11	91.59
91.6	91.60
91.10	91.61
91.11	91.62
91.11	91.63
91.11	91.64
92.1	92.1
92.1	92.2
92.5	92.3
92.1	92.4
92.6	92.5
92.1	92.6
92.5	92.7
92.1	92.8
92.5	92.9
92.5	92.10
92.1	92.11
92.1	92.12
92.1	92.13
92.4	92.14
92.1	92.15
92.1	92.16
92.1	92.17
92.1	92.18
92.1	92.19
92.1	92.20
92.1	92.21
92.1	92.22
92.3	92.23
92.1	92.24
92.5	92.25
92.1	92.26
92.1	92.27
92.5	92.28
92.1	92.29
92.1	92.30
92.5	92.31
92.1	92.32
92.1	92.33
92.5	92.34
92.1	92.35
92.4	92.36
92.1	92.37
92.5	92.38
92.5	92.39
92.1	92.40
92.1	92.41
92.1	92.42
92.1	92.43
92.5	92.44
92.1	92.45
92.1	92.46
92.1	92.47
92.1	92.48
92.1	92.49
92.1	92.50
92.2	92.51
92.1	92.52
92.1	92.53
92.5	92.54
92.1	92.55
92.5	92.56
92.5	92.57
92.1	92.58
92.1	92.59
92.1	92.60
92.1	92.61
92.1	92.62
92.1	92.63
92.1	92.64
93.13	93.1
93.13	93.2
93.5	93.3
93.9	93.4
93.5	93.5
93.5	93.6
93.13	93.7
93.13	93.8
93.13	93.9
93.13	93.10
93.13	93.11
93.13	93.12
93.12	93.13
93.3	93.14
93.5	93.15
93.7	93.16
93.9	93.17
93.13	93.18
93.5	93.19
93.5	93.20
93.5	93.21
93.5	93.22
93.5	93.23
93.13	93.24
93.2	93.25
93.13	93.26
93.5	93.27
93.13	93.28
93.13	93.29
93.13	93.30
93.9	93.31
93.5	93.32
93.8	93.33
93.13	93.34
93.14	93.35
93.5	93.36
93.6	93.37
93.5	93.38
93.9	93.39
93.13	93.40
93.11	93.41
93.11	93.42
93.9	93.43
93.7	93.44
93.10	93.45
93.13	93.46
93.1	93.47
93.13	93.48
93.9	93.49
93.7	93.50
93.12	93.51
93.14	93.52
93.5	93.53
93.9	93.54
93.10	93.55
93.11	93.56
93.5	93.57
93.15	93.58
93.4	93.59
93.13	93.60
93.13	93.61
93.13	93.62
93.16	93.63
93.9	93.64
94.10	94.1
94.3	94.2
94.11	94.3
94.3	94.4
94.3	94.5
94.3	94.6
94.3	94.7
94.8	94.8
94.3	94.9
94.3	94.10
94.3	94.11
94.10	94.12
94.3	94.13
94.11	94.14
94.10	94.15
94.6	94.16
94.3	94.17
94.10	94.18
94.10	94.19
94.1	94.20
94.3	94.21
94.10	94.22
94.10	94.23
94.10	94.24
94.3	94.25
94.3	94.26
94.3	94.27
94.11	94.28
94.10	94.29
94.3	94.30
94.10	94.31
94.4	94.32
94.3	94.33
94.3	94.34
94.3	94.35
94.2	94.36
94.9	94.37
94.2	94.38
94.3	94.39
94.3	94.40
94.1	94.41
94.1	94.42
94.7	94.43
94.3	94.44
94.11	94.45
94.10	94.46
94.3	94.47
94.3	94.48
94.10	94.49
94.3	94.50
94.3	94.51
94.10	94.52
94.5	94.53
94.3	94.54
94.3	94.55
94.3	94.56
94.3	94.57
94.3	94.58
94.3	94.59
94.10	94.60
94.10	94.61
94.3	94.62
94.3	94.63
94.10	94.64
95.9	95.1
95.1	95.2
95.1	95.3
95.3	95.4
95.1	95.5
95.2	95.6
95.7	95.7
95.8	95.8
95.4	95.9
95.7	95.10
95.1	95.11
95.9	95.12
95.5	95.13
95.7	95.14
95.5	95.15
95.10	95.16
95.1	95.17
95.7	95.18
95.9	95.19
95.1	95.20
95.7	95.21
95.9	95.22
95.9	95.23
95.7	95.24
95.9	95.25
95.8	95.26
95.1	95.27
95.9	95.28
95.7	95.29
95.1	95.30
95.9	95.31
95.9	95.32
95.9	95.33
95.9	95.34
95.7	95.35
95.5	95.36
95.7	95.37
95.10	95.38
95.8	95.39
95.8	95.40
95.10	95.41
95.7	95.42
95.9	95.43
95.9	95.44
95.7	95.45
95.9	95.46
95.7	95.47
95.10	95.48
95.1	95.49
95.7	95.50
95.7	95.51
95.9	95.52
95.9	95.53
95.7	95.54
95.10	95.55
95.3	95.56
95.7	95.57
95.10	95.58
95.7	95.59
95.9	95.60
95.9	95.61
95.7	95.62
95.6	95.63
95.7	95.64
96.5	96.1
96.10	96.2
96.1	96.3
96.1	96.4
96.5	96.5
96.5	96.6
96.5	96.7
96.5	96.8
96.1	96.9
96.5	96.10
96.1	96.11
96.5	96.12
96.6	96.13
96.5	96.14
96.2	96.15
96.5	96.16
96.5	96.17
96.5	96.18
96.5	96.19
96.1	96.20
96.8	96.21
96.1	96.22
96.5	96.23
96.5	96.24
96.5	96.25
96.5	96.26
96.8	96.27
96.1	96.28
96.5	96.29
96.5	96.30
96.5	96.31
96.1	96.32
96.5	96.33
96.5	96.34
96.5	96.35
96.5	96.36
96.7	96.37
96.5	96.38
96.1	96.39
96.8	96.40
96.5	96.41
96.10	96.42
96.5	96.43
96.5	96.44
96.5	96.45
96.5	96.46
96.5	96.47
96.5	96.48
96.5	96.49
96.5	96.50
96.1	96.51
96.5	96.52
96.10	96.53
96.4	96.54
96.5	96.55
96.5	96.56
96.5	96.57
96.9	96.58
96.1	96.59
96.3	96.60
96.5	96.61
96.5	96.62
96.10	96.63
96.10	96.64
97.1	97.1
97.1	97.2
97.8	97.3
97.1	97.4
97.12	97.5
97.9	97.6
97.4	97.7
97.1	97.8
97.12	97.9
97.12	97.10
97.12	97.11
97.1	97.12
97.1	97.13
97.1	97.14
97.1	97.15
97.1	97.16
97.12	97.17
97.1	97.18
97.3	97.19
97.12	97.20
97.1	97.21
97.12	97.22
97.12	97.23
97.1	97.24
97.7	97.25
97.7	97.26
97.1	97.27
97.8	97.28
97.12	97.29
97.9	97.30
97.8	97.31
97.12	97.32
97.12	97.33
97.12	97.34
97.10	97.35
97.1	97.36
97.12	97.37
97.12	97.38
97.1	97.39
97.12	97.40
97.2	97.41
97.12	97.42
97.7	97.43
97.12	97.44
97.12	97.45
97.10	97.46
97.5	97.47
97.8	97.48
97.8	97.49
97.1	97.50
97.5	97.51
97.11	97.52
97.1	97.53
97.12	97.54
97.8	97.55
97.1	97.56
97.1	97.57
97.6	97.58
97.8	97.59
97.12	97.60
97.12	97.61
97.1	97.62
97.1	97.63
97.12	97.64
98.10	98.1
98.10	98.2
98.10	98.3
98.10	98.4
98.10	98.5
98.10	98.6
98.7	98.7
98.10	98.8
98.1	98.9
98.10	98.10
98.10	98.11
98.1	98.12
98.10	98.13
98.1	98.14
98.9	98.15
98.10	98.16
98.1	98.17
98.10	98.18
98.10	98.19
98.11	98.20
98.7	98.21
98.10	98.22
98.10	98.23
98.10	98.24
98.10	98.25
98.10	98.26
98.10	98.27
98.8	98.28
98.1	98.29
98.10	98.30
98.7	98.31
98.7	98.32
98.10	98.33
98.10	98.34
98.10	98.35
98.10	98.36
98.11	98.37
98.10	98.38
98.3	98.39
98.1	98.40
98.7	98.41
98.5	98.42
98.10	98.43
98.1	98.44
98.1	98.45
98.10	98.46
98.10	98.47
98.1	98.48
98.7	98.49
98.7	98.50
98.10	98.51
98.10	98.52
98.10	98.53
98.2	98.54
98.10	98.55
98.1	98.56
98.10	98.57
98.6	98.58
98.10	98.59
98.1	98.60
98.4	98.61
98.10	98.62
98.10	98.63
98.10	98.64
99.8	99.1
99.10	99.2
99.11	99.3
99.7	99.4
99.8	99.5
99.10	99.6
99.1	99.7
99.8	99.8
99.8	99.9
99.10	99.10
99.8	99.11
99.10	99.12
99.9	99.13
99.10	99.14
99.7	99.15
99.8	99.16
99.4	99.17
99.10	99.18
99.10	99.19
99.10	99.20
99.1	99.21
99.1	99.22
99.1	99.23
99.2	99.24
99.8	99.25
99.6	99.26
99.6	99.27
99.1	99.28
99.10	99.29
99.1	99.30
99.10	99.31
99.1	99.32
99.10	99.33
99.8	99.34
99.5	99.35
99.10	99.36
99.7	99.37
99.1	99.38
99.8	99.39
99.10	99.40
99.8	99.41
99.8	99.42
99.10	99.43
99.8	99.44
99.10	99.45
99.3	99.46
99.11	99.47
99.1	99.48
99.10	99.49
99.10	99.50
99.8	99.51
99.11	99.52
99.10	99.53
99.10	99.54
99.10	99.55
99.11	99.56
99.10	99.57
99.9	99.58
99.8	99.59
99.10	99.60
99.8	99.61
99.10	99.62
99.9	99.63
99.8	99.64
100.1	100.1
100.10	100.2
100.11	100.3
100.5	100.4
100.9	100.5
100.10	100.6
100.10	100.7
100.11	100.8
100.10	100.9
100.8	100.10
100.11	100.11
100.1	100.12
100.10	100.13
100.10	100.14
100.10	100.15
100.11	100.16
100.9	100.17
100.8	100.18
100.11	100.19
100.1	100.20
100.10	100.21
100.11	100.22
100.12	100.23
100.11	100.24
100.11	100.25
100.11	100.26
100.9	100.27
100.1	100.28
100.10	100.29
100.11	100.30
100.7	100.31
100.11	100.32
100.10	100.33
100.6	100.34
100.6	100.35
100.11	100.36
100.10	100.37
100.10	100.38
100.11	100.39
100.11	100.40
100.11	100.41
100.11	100.42
100.11	100.43
100.10	100.44
100.10	100.45
100.9	100.46
100.11	100.47
100.1	100.48
100.10	100.49
100.11	100.50
100.8	100.51
100.11	100.52
100.3	100.53
100.8	100.54
100.2	100.55
100.1	100.56
100.6	100.57
100.11	100.58
100.4	100.59
100.1	100.60
100.9	100.61
100.11	100.62
100.10	100.63
100.10	100.64