subTopicID	resultID
1.8	1.1
1.1	1.2
1.1	1.3
1.1	1.4
1.6	1.5
1.9	1.6
1.1	1.7
1.9	1.8
1.1	1.9
1.1	1.10
1.1	1.11
1.1	1.12
1.1	1.13
1.1	1.14
1.1	1.15
1.5	1.16
1.1	1.17
1.9	1.18
1.8	1.19
1.4	1.20
1.1	1.21
1.6	1.22
1.1	1.23
1.1	1.24
1.1	1.25
1.9	1.26
1.9	1.27
1.1	1.28
1.9	1.29
1.4	1.30
1.1	1.31
1.1	1.32
1.9	1.33
1.8	1.34
1.9	1.35
1.9	1.36
1.6	1.37
1.5	1.38
1.3	1.39
1.9	1.40
1.1	1.41
1.1	1.42
1.1	1.43
1.1	1.44
1.9	1.45
1.8	1.46
1.1	1.47
1.6	1.48
1.3	1.49
1.3	1.50
1.6	1.51
1.8	1.52
1.5	1.53
1.8	1.54
1.7	1.55
1.1	1.56
1.9	1.57
1.8	1.58
1.6	1.59
1.9	1.60
1.2	1.61
1.9	1.62
1.1	1.63
1.1	1.64
2.6	2.1
2.6	2.2
2.7	2.3
2.6	2.4
2.4	2.5
2.7	2.6
2.6	2.7
2.6	2.8
2.6	2.9
2.6	2.10
2.6	2.11
2.1	2.12
2.6	2.13
2.6	2.14
2.6	2.15
2.6	2.16
2.7	2.17
2.6	2.18
2.6	2.19
2.6	2.20
2.4	2.21
2.3	2.22
2.5	2.23
2.6	2.24
2.6	2.25
2.6	2.26
2.7	2.27
2.4	2.28
2.7	2.29
2.6	2.30
2.6	2.31
2.7	2.32
2.6	2.33
2.7	2.34
2.7	2.35
2.4	2.36
2.7	2.37
2.4	2.38
2.7	2.39
2.2	2.40
2.7	2.41
2.1	2.42
2.6	2.43
2.7	2.44
2.6	2.45
2.1	2.46
2.7	2.47
2.1	2.48
2.7	2.49
2.7	2.50
2.6	2.51
2.7	2.52
2.4	2.53
2.6	2.54
2.6	2.55
2.7	2.56
2.7	2.57
2.4	2.58
2.7	2.59
2.4	2.60
2.7	2.61
2.7	2.62
2.4	2.63
2.7	2.64
3.1	3.1
3.1	3.2
3.1	3.3
3.11	3.4
3.1	3.5
3.10	3.6
3.10	3.7
3.1	3.8
3.1	3.9
3.1	3.10
3.1	3.11
3.1	3.12
3.1	3.13
3.10	3.14
3.1	3.15
3.10	3.16
3.10	3.17
3.1	3.18
3.11	3.19
3.10	3.20
3.1	3.21
3.1	3.22
3.5	3.23
3.10	3.24
3.1	3.25
3.10	3.26
3.7	3.27
3.1	3.28
3.10	3.29
3.11	3.30
3.1	3.31
3.11	3.32
3.1	3.33
3.10	3.34
3.1	3.35
3.12	3.36
3.1	3.37
3.9	3.38
3.4	3.39
3.10	3.40
3.1	3.41
3.10	3.42
3.1	3.43
3.11	3.44
3.1	3.45
3.1	3.46
3.8	3.47
3.1	3.48
3.1	3.49
3.6	3.50
3.3	3.51
3.1	3.52
3.1	3.53
3.10	3.54
3.1	3.55
3.10	3.56
3.10	3.57
3.2	3.58
3.1	3.59
3.10	3.60
3.1	3.61
3.1	3.62
3.6	3.63
3.10	3.64
4.1	4.1
4.4	4.2
4.5	4.3
4.5	4.4
4.5	4.5
4.7	4.6
4.5	4.7
4.5	4.8
4.1	4.9
4.7	4.10
4.1	4.11
4.5	4.12
4.5	4.13
4.5	4.14
4.1	4.15
4.5	4.16
4.1	4.17
4.1	4.18
4.1	4.19
4.1	4.20
4.5	4.21
4.1	4.22
4.3	4.23
4.7	4.24
4.7	4.25
4.5	4.26
4.7	4.27
4.1	4.28
4.1	4.29
4.5	4.30
4.7	4.31
4.1	4.32
4.5	4.33
4.1	4.34
4.7	4.35
4.1	4.36
4.7	4.37
4.5	4.38
4.5	4.39
4.1	4.40
4.7	4.41
4.5	4.42
4.5	4.43
4.7	4.44
4.5	4.45
4.2	4.46
4.1	4.47
4.5	4.48
4.6	4.49
4.1	4.50
4.1	4.51
4.1	4.52
4.5	4.53
4.1	4.54
4.6	4.55
4.1	4.56
4.6	4.57
4.1	4.58
4.6	4.59
4.1	4.60
4.1	4.61
4.5	4.62
4.1	4.63
4.7	4.64
5.9	5.1
5.9	5.2
5.4	5.3
5.9	5.4
5.7	5.5
5.9	5.6
5.6	5.7
5.9	5.8
5.9	5.9
5.9	5.10
5.4	5.11
5.4	5.12
5.4	5.13
5.6	5.14
5.6	5.15
5.9	5.16
5.6	5.17
5.9	5.18
5.1	5.19
5.9	5.20
5.9	5.21
5.4	5.22
5.6	5.23
5.4	5.24
5.8	5.25
5.1	5.26
5.9	5.27
5.4	5.28
5.9	5.29
5.4	5.30
5.9	5.31
5.4	5.32
5.5	5.33
5.9	5.34
5.4	5.35
5.4	5.36
5.9	5.37
5.2	5.38
5.9	5.39
5.9	5.40
5.9	5.41
5.9	5.42
5.9	5.43
5.3	5.44
5.9	5.45
5.9	5.46
5.1	5.47
5.6	5.48
5.4	5.49
5.6	5.50
5.9	5.51
5.9	5.52
5.6	5.53
5.7	5.54
5.6	5.55
5.4	5.56
5.9	5.57
5.9	5.58
5.9	5.59
5.4	5.60
5.4	5.61
5.9	5.62
5.6	5.63
5.9	5.64
6.1	6.1
6.6	6.2
6.6	6.3
6.8	6.4
6.5	6.5
6.6	6.6
6.6	6.7
6.6	6.8
6.1	6.9
6.1	6.10
6.6	6.11
6.6	6.12
6.6	6.13
6.6	6.14
6.6	6.15
6.6	6.16
6.6	6.17
6.6	6.18
6.1	6.19
6.2	6.20
6.4	6.21
6.6	6.22
6.6	6.23
6.4	6.24
6.6	6.25
6.6	6.26
6.6	6.27
6.6	6.28
6.6	6.29
6.6	6.30
6.3	6.31
6.6	6.32
6.1	6.33
6.6	6.34
6.1	6.35
6.6	6.36
6.7	6.37
6.1	6.38
6.1	6.39
6.6	6.40
6.6	6.41
6.6	6.42
6.6	6.43
6.6	6.44
6.6	6.45
6.6	6.46
6.1	6.47
6.1	6.48
6.1	6.49
6.6	6.50
6.6	6.51
6.1	6.52
6.6	6.53
6.6	6.54
6.8	6.55
6.6	6.56
6.1	6.57
6.1	6.58
6.1	6.59
6.1	6.60
6.1	6.61
6.1	6.62
6.1	6.63
6.6	6.64
7.1	7.1
7.1	7.2
7.1	7.3
7.1	7.4
7.3	7.5
7.3	7.6
7.1	7.7
7.1	7.8
7.3	7.9
7.3	7.10
7.3	7.11
7.1	7.12
7.1	7.13
7.3	7.14
7.1	7.15
7.1	7.16
7.1	7.17
7.1	7.18
7.3	7.19
7.1	7.20
7.1	7.21
7.3	7.22
7.1	7.23
7.1	7.24
7.1	7.25
7.1	7.26
7.4	7.27
7.1	7.28
7.3	7.29
7.1	7.30
7.3	7.31
7.3	7.32
7.3	7.33
7.5	7.34
7.1	7.35
7.2	7.36
7.1	7.37
7.3	7.38
7.3	7.39
7.1	7.40
7.1	7.41
7.3	7.42
7.1	7.43
7.1	7.44
7.3	7.45
7.3	7.46
7.3	7.47
7.3	7.48
7.5	7.49
7.1	7.50
7.5	7.51
7.1	7.52
7.1	7.53
7.1	7.54
7.1	7.55
7.3	7.56
7.1	7.57
7.1	7.58
7.4	7.59
7.4	7.60
7.5	7.61
7.3	7.62
7.3	7.63
7.3	7.64
8.4	8.1
8.4	8.2
8.4	8.3
8.5	8.4
8.1	8.5
8.1	8.6
8.5	8.7
8.1	8.8
8.1	8.9
8.5	8.10
8.1	8.11
8.5	8.12
8.1	8.13
8.1	8.14
8.4	8.15
8.1	8.16
8.3	8.17
8.5	8.18
8.1	8.19
8.1	8.20
8.2	8.21
8.1	8.22
8.1	8.23
8.1	8.24
8.4	8.25
8.4	8.26
8.4	8.27
8.5	8.28
8.5	8.29
8.4	8.30
8.5	8.31
8.5	8.32
8.1	8.33
8.4	8.34
8.1	8.35
8.4	8.36
8.4	8.37
8.4	8.38
8.4	8.39
8.5	8.40
8.4	8.41
8.4	8.42
8.5	8.43
8.1	8.44
8.5	8.45
8.1	8.46
8.1	8.47
8.4	8.48
8.4	8.49
8.4	8.50
8.4	8.51
8.5	8.52
8.4	8.53
8.4	8.54
8.4	8.55
8.5	8.56
8.1	8.57
8.5	8.58
8.5	8.59
8.4	8.60
8.5	8.61
8.4	8.62
8.1	8.63
8.1	8.64
9.6	9.1
9.10	9.2
9.1	9.3
9.1	9.4
9.8	9.5
9.10	9.6
9.10	9.7
9.7	9.8
9.10	9.9
9.8	9.10
9.10	9.11
9.10	9.12
9.8	9.13
9.7	9.14
9.8	9.15
9.1	9.16
9.4	9.17
9.1	9.18
9.1	9.19
9.1	9.20
9.1	9.21
9.10	9.22
9.9	9.23
9.10	9.24
9.7	9.25
9.2	9.26
9.7	9.27
9.7	9.28
9.1	9.29
9.10	9.30
9.1	9.31
9.8	9.32
9.4	9.33
9.1	9.34
9.10	9.35
9.10	9.36
9.7	9.37
9.3	9.38
9.4	9.39
9.5	9.40
9.1	9.41
9.4	9.42
9.9	9.43
9.4	9.44
9.9	9.45
9.5	9.46
9.8	9.47
9.10	9.48
9.7	9.49
9.1	9.50
9.10	9.51
9.10	9.52
9.10	9.53
9.10	9.54
9.8	9.55
9.8	9.56
9.1	9.57
9.8	9.58
9.1	9.59
9.8	9.60
9.10	9.61
9.7	9.62
9.10	9.63
9.8	9.64
10.9	10.1
10.9	10.2
10.7	10.3
10.7	10.4
10.9	10.5
10.9	10.6
10.9	10.7
10.5	10.8
10.7	10.9
10.9	10.10
10.9	10.11
10.7	10.12
10.8	10.13
10.9	10.14
10.9	10.15
10.9	10.16
10.1	10.17
10.1	10.18
10.1	10.19
10.1	10.20
10.8	10.21
10.9	10.22
10.10	10.23
10.1	10.24
10.5	10.25
10.7	10.26
10.5	10.27
10.7	10.28
10.9	10.29
10.7	10.30
10.10	10.31
10.5	10.32
10.3	10.33
10.8	10.34
10.1	10.35
10.10	10.36
10.9	10.37
10.9	10.38
10.7	10.39
10.7	10.40
10.9	10.41
10.2	10.42
10.2	10.43
10.9	10.44
10.7	10.45
10.1	10.46
10.7	10.47
10.8	10.48
10.7	10.49
10.7	10.50
10.7	10.51
10.9	10.52
10.10	10.53
10.9	10.54
10.10	10.55
10.9	10.56
10.7	10.57
10.7	10.58
10.7	10.59
10.6	10.60
10.7	10.61
10.4	10.62
10.1	10.63
10.2	10.64
11.1	11.1
11.3	11.2
11.1	11.3
11.6	11.4
11.6	11.5
11.5	11.6
11.1	11.7
11.6	11.8
11.5	11.9
11.1	11.10
11.6	11.11
11.6	11.12
11.1	11.13
11.6	11.14
11.7	11.15
11.6	11.16
11.4	11.17
11.7	11.18
11.5	11.19
11.1	11.20
11.4	11.21
11.4	11.22
11.6	11.23
11.7	11.24
11.1	11.25
11.1	11.26
11.7	11.27
11.1	11.28
11.1	11.29
11.1	11.30
11.5	11.31
11.1	11.32
11.6	11.33
11.6	11.34
11.6	11.35
11.6	11.36
11.1	11.37
11.6	11.38
11.6	11.39
11.7	11.40
11.5	11.41
11.1	11.42
11.6	11.43
11.6	11.44
11.6	11.45
11.6	11.46
11.6	11.47
11.4	11.48
11.6	11.49
11.1	11.50
11.1	11.51
11.1	11.52
11.1	11.53
11.6	11.54
11.1	11.55
11.7	11.56
11.6	11.57
11.7	11.58
11.2	11.59
11.1	11.60
11.6	11.61
11.6	11.62
11.6	11.63
11.6	11.64
12.10	12.1
12.4	12.2
12.5	12.3
12.2	12.4
12.6	12.5
12.10	12.6
12.8	12.7
12.10	12.8
12.6	12.9
12.7	12.10
12.10	12.11
12.10	12.12
12.10	12.13
12.6	12.14
12.9	12.15
12.10	12.16
12.10	12.17
12.3	12.18
12.10	12.19
12.6	12.20
12.3	12.21
12.10	12.22
12.7	12.23
12.10	12.24
12.10	12.25
12.3	12.26
12.8	12.27
12.6	12.28
12.6	12.29
12.6	12.30
12.6	12.31
12.6	12.32
12.6	12.33
12.10	12.34
12.1	12.35
12.10	12.36
12.6	12.37
12.10	12.38
12.9	12.39
12.10	12.40
12.6	12.41
12.3	12.42
12.6	12.43
12.3	12.44
12.6	12.45
12.10	12.46
12.6	12.47
12.10	12.48
12.3	12.49
12.6	12.50
12.6	12.51
12.6	12.52
12.3	12.53
12.10	12.54
12.5	12.55
12.6	12.56
12.8	12.57
12.6	12.58
12.3	12.59
12.10	12.60
12.10	12.61
12.6	12.62
12.3	12.63
12.6	12.64
13.1	13.1
13.1	13.2
13.1	13.3
13.7	13.4
13.1	13.5
13.1	13.6
13.2	13.7
13.1	13.8
13.5	13.9
13.7	13.10
13.1	13.11
13.1	13.12
13.7	13.13
13.7	13.14
13.7	13.15
13.1	13.16
13.7	13.17
13.7	13.18
13.7	13.19
13.1	13.20
13.1	13.21
13.7	13.22
13.1	13.23
13.1	13.24
13.1	13.25
13.7	13.26
13.1	13.27
13.1	13.28
13.1	13.29
13.1	13.30
13.7	13.31
13.7	13.32
13.7	13.33
13.1	13.34
13.7	13.35
13.7	13.36
13.7	13.37
13.6	13.38
13.1	13.39
13.1	13.40
13.1	13.41
13.4	13.42
13.7	13.43
13.7	13.44
13.1	13.45
13.1	13.46
13.7	13.47
13.1	13.48
13.7	13.49
13.4	13.50
13.1	13.51
13.3	13.52
13.7	13.53
13.1	13.54
13.1	13.55
13.7	13.56
13.7	13.57
13.8	13.58
13.7	13.59
13.7	13.60
13.7	13.61
13.1	13.62
13.1	13.63
13.1	13.64
14.1	14.1
14.1	14.2
14.1	14.3
14.5	14.4
14.5	14.5
14.5	14.6
14.3	14.7
14.5	14.8
14.5	14.9
14.5	14.10
14.1	14.11
14.2	14.12
14.5	14.13
14.1	14.14
14.5	14.15
14.1	14.16
14.4	14.17
14.5	14.18
14.6	14.19
14.1	14.20
14.5	14.21
14.4	14.22
14.4	14.23
14.5	14.24
14.4	14.25
14.5	14.26
14.1	14.27
14.4	14.28
14.4	14.29
14.5	14.30
14.1	14.31
14.5	14.32
14.5	14.33
14.4	14.34
14.1	14.35
14.5	14.36
14.1	14.37
14.1	14.38
14.1	14.39
14.1	14.40
14.5	14.41
14.1	14.42
14.5	14.43
14.5	14.44
14.5	14.45
14.4	14.46
14.5	14.47
14.5	14.48
14.4	14.49
14.1	14.50
14.4	14.51
14.1	14.52
14.1	14.53
14.1	14.54
14.1	14.55
14.1	14.56
14.1	14.57
14.1	14.58
14.4	14.59
14.1	14.60
14.1	14.61
14.5	14.62
14.1	14.63
14.1	14.64
15.7	15.1
15.14	15.2
15.6	15.3
15.14	15.4
15.14	15.5
15.9	15.6
15.14	15.7
15.1	15.8
15.14	15.9
15.14	15.10
15.9	15.11
15.14	15.12
15.9	15.13
15.1	15.14
15.1	15.15
15.14	15.16
15.13	15.17
15.14	15.18
15.14	15.19
15.1	15.20
15.14	15.21
15.1	15.22
15.14	15.23
15.9	15.24
15.14	15.25
15.14	15.26
15.14	15.27
15.13	15.28
15.1	15.29
15.1	15.30
15.1	15.31
15.1	15.32
15.1	15.33
15.1	15.34
15.14	15.35
15.1	15.36
15.4	15.37
15.14	15.38
15.1	15.39
15.1	15.40
15.9	15.41
15.1	15.42
15.14	15.43
15.11	15.44
15.1	15.45
15.9	15.46
15.7	15.47
15.8	15.48
15.1	15.49
15.12	15.50
15.13	15.51
15.13	15.52
15.5	15.53
15.2	15.54
15.14	15.55
15.11	15.56
15.13	15.57
15.7	15.58
15.10	15.59
15.6	15.60
15.3	15.61
15.7	15.62
15.7	15.63
15.9	15.64
16.9	16.1
16.5	16.2
16.9	16.3
16.1	16.4
16.1	16.5
16.1	16.6
16.1	16.7
16.7	16.8
16.1	16.9
16.9	16.10
16.9	16.11
16.11	16.12
16.9	16.13
16.1	16.14
16.9	16.15
16.9	16.16
16.8	16.17
16.9	16.18
16.9	16.19
16.1	16.20
16.1	16.21
16.2	16.22
16.7	16.23
16.9	16.24
16.9	16.25
16.9	16.26
16.1	16.27
16.1	16.28
16.6	16.29
16.1	16.30
16.1	16.31
16.9	16.32
16.11	16.33
16.9	16.34
16.12	16.35
16.1	16.36
16.1	16.37
16.9	16.38
16.11	16.39
16.9	16.40
16.1	16.41
16.6	16.42
16.9	16.43
16.1	16.44
16.13	16.45
16.7	16.46
16.1	16.47
16.4	16.48
16.3	16.49
16.3	16.50
16.1	16.51
16.9	16.52
16.1	16.53
16.9	16.54
16.11	16.55
16.10	16.56
16.1	16.57
16.1	16.58
16.7	16.59
16.1	16.60
16.1	16.61
16.7	16.62
16.8	16.63
16.1	16.64
17.9	17.1
17.9	17.2
17.1	17.3
17.1	17.4
17.1	17.5
17.3	17.6
17.1	17.7
17.1	17.8
17.1	17.9
17.7	17.10
17.9	17.11
17.7	17.12
17.9	17.13
17.7	17.14
17.1	17.15
17.9	17.16
17.10	17.17
17.1	17.18
17.9	17.19
17.9	17.20
17.5	17.21
17.4	17.22
17.10	17.23
17.9	17.24
17.1	17.25
17.1	17.26
17.1	17.27
17.10	17.28
17.1	17.29
17.1	17.30
17.6	17.31
17.1	17.32
17.1	17.33
17.1	17.34
17.7	17.35
17.5	17.36
17.1	17.37
17.8	17.38
17.10	17.39
17.12	17.40
17.9	17.41
17.1	17.42
17.9	17.43
17.9	17.44
17.9	17.45
17.9	17.46
17.4	17.47
17.1	17.48
17.12	17.49
17.7	17.50
17.5	17.51
17.12	17.52
17.1	17.53
17.1	17.54
17.10	17.55
17.2	17.56
17.7	17.57
17.11	17.58
17.1	17.59
17.1	17.60
17.1	17.61
17.12	17.62
17.1	17.63
17.1	17.64
18.4	18.1
18.10	18.2
18.13	18.3
18.11	18.4
18.1	18.5
18.11	18.6
18.1	18.7
18.11	18.8
18.8	18.9
18.1	18.10
18.11	18.11
18.13	18.12
18.13	18.13
18.11	18.14
18.1	18.15
18.8	18.16
18.7	18.17
18.12	18.18
18.13	18.19
18.11	18.20
18.8	18.21
18.11	18.22
18.8	18.23
18.8	18.24
18.11	18.25
18.8	18.26
18.7	18.27
18.1	18.28
18.3	18.29
18.8	18.30
18.8	18.31
18.1	18.32
18.8	18.33
18.8	18.34
18.9	18.35
18.11	18.36
18.8	18.37
18.7	18.38
18.13	18.39
18.8	18.40
18.11	18.41
18.10	18.42
18.6	18.43
18.1	18.44
18.11	18.45
18.7	18.46
18.11	18.47
18.1	18.48
18.11	18.49
18.9	18.50
18.5	18.51
18.11	18.52
18.8	18.53
18.7	18.54
18.10	18.55
18.2	18.56
18.14	18.57
18.7	18.58
18.7	18.59
18.7	18.60
18.11	18.61
18.12	18.62
18.7	18.63
18.8	18.64
19.10	19.1
19.6	19.2
19.10	19.3
19.10	19.4
19.1	19.5
19.6	19.6
19.8	19.7
19.11	19.8
19.12	19.9
19.10	19.10
19.1	19.11
19.4	19.12
19.12	19.13
19.1	19.14
19.10	19.15
19.10	19.16
19.10	19.17
19.6	19.18
19.10	19.19
19.10	19.20
19.5	19.21
19.3	19.22
19.10	19.23
19.10	19.24
19.11	19.25
19.1	19.26
19.7	19.27
19.10	19.28
19.12	19.29
19.10	19.30
19.10	19.31
19.10	19.32
19.11	19.33
19.2	19.34
19.11	19.35
19.10	19.36
19.10	19.37
19.11	19.38
19.10	19.39
19.6	19.40
19.11	19.41
19.6	19.42
19.10	19.43
19.10	19.44
19.11	19.45
19.11	19.46
19.10	19.47
19.10	19.48
19.10	19.49
19.10	19.50
19.10	19.51
19.1	19.52
19.10	19.53
19.12	19.54
19.1	19.55
19.1	19.56
19.10	19.57
19.9	19.58
19.10	19.59
19.10	19.60
19.1	19.61
19.11	19.62
19.10	19.63
19.11	19.64
20.4	20.1
20.7	20.2
20.7	20.3
20.7	20.4
20.7	20.5
20.4	20.6
20.4	20.7
20.4	20.8
20.5	20.9
20.7	20.10
20.7	20.11
20.4	20.12
20.4	20.13
20.7	20.14
20.7	20.15
20.4	20.16
20.7	20.17
20.2	20.18
20.7	20.19
20.1	20.20
20.7	20.21
20.7	20.22
20.4	20.23
20.1	20.24
20.7	20.25
20.7	20.26
20.7	20.27
20.1	20.28
20.4	20.29
20.5	20.30
20.1	20.31
20.3	20.32
20.1	20.33
20.4	20.34
20.7	20.35
20.1	20.36
20.7	20.37
20.7	20.38
20.4	20.39
20.7	20.40
20.1	20.41
20.6	20.42
20.4	20.43
20.4	20.44
20.7	20.45
20.4	20.46
20.4	20.47
20.7	20.48
20.1	20.49
20.4	20.50
20.7	20.51
20.7	20.52
20.1	20.53
20.7	20.54
20.5	20.55
20.5	20.56
20.1	20.57
20.7	20.58
20.4	20.59
20.4	20.60
20.5	20.61
20.5	20.62
20.7	20.63
20.4	20.64
21.4	21.1
21.4	21.2
21.1	21.3
21.4	21.4
21.4	21.5
21.1	21.6
21.1	21.7
21.3	21.8
21.4	21.9
21.4	21.10
21.4	21.11
21.2	21.12
21.1	21.13
21.1	21.14
21.4	21.15
21.1	21.16
21.4	21.17
21.4	21.18
21.1	21.19
21.4	21.20
21.6	21.21
21.5	21.22
21.5	21.23
21.1	21.24
21.4	21.25
21.4	21.26
21.1	21.27
21.1	21.28
21.4	21.29
21.1	21.30
21.4	21.31
21.4	21.32
21.1	21.33
21.6	21.34
21.1	21.35
21.6	21.36
21.1	21.37
21.1	21.38
21.1	21.39
21.4	21.40
21.5	21.41
21.4	21.42
21.4	21.43
21.4	21.44
21.4	21.45
21.1	21.46
21.4	21.47
21.1	21.48
21.4	21.49
21.4	21.50
21.4	21.51
21.4	21.52
21.4	21.53
21.4	21.54
21.4	21.55
21.1	21.56
21.1	21.57
21.5	21.58
21.4	21.59
21.6	21.60
21.5	21.61
21.1	21.62
21.1	21.63
21.1	21.64
22.6	22.1
22.11	22.2
22.5	22.3
22.8	22.4
22.12	22.5
22.5	22.6
22.1	22.7
22.5	22.8
22.6	22.9
22.11	22.10
22.11	22.11
22.11	22.12
22.11	22.13
22.11	22.14
22.9	22.15
22.11	22.16
22.5	22.17
22.11	22.18
22.5	22.19
22.8	22.20
22.1	22.21
22.11	22.22
22.1	22.23
22.8	22.24
22.12	22.25
22.10	22.26
22.6	22.27
22.11	22.28
22.11	22.29
22.11	22.30
22.5	22.31
22.12	22.32
22.1	22.33
22.2	22.34
22.8	22.35
22.5	22.36
22.8	22.37
22.5	22.38
22.5	22.39
22.5	22.40
22.6	22.41
22.6	22.42
22.11	22.43
22.5	22.44
22.11	22.45
22.1	22.46
22.5	22.47
22.5	22.48
22.11	22.49
22.6	22.50
22.11	22.51
22.5	22.52
22.11	22.53
22.11	22.54
22.11	22.55
22.7	22.56
22.5	22.57
22.5	22.58
22.11	22.59
22.11	22.60
22.12	22.61
22.5	22.62
22.3	22.63
22.4	22.64
23.10	23.1
23.6	23.2
23.10	23.3
23.10	23.4
23.7	23.5
23.1	23.6
23.7	23.7
23.9	23.8
23.4	23.9
23.1	23.10
23.1	23.11
23.9	23.12
23.1	23.13
23.7	23.14
23.9	23.15
23.1	23.16
23.1	23.17
23.10	23.18
23.7	23.19
23.1	23.20
23.5	23.21
23.7	23.22
23.1	23.23
23.9	23.24
23.5	23.25
23.7	23.26
23.10	23.27
23.1	23.28
23.1	23.29
23.5	23.30
23.6	23.31
23.10	23.32
23.7	23.33
23.1	23.34
23.7	23.35
23.7	23.36
23.1	23.37
23.7	23.38
23.1	23.39
23.7	23.40
23.10	23.41
23.7	23.42
23.10	23.43
23.2	23.44
23.7	23.45
23.1	23.46
23.4	23.47
23.1	23.48
23.7	23.49
23.8	23.50
23.8	23.51
23.10	23.52
23.9	23.53
23.7	23.54
23.1	23.55
23.3	23.56
23.10	23.57
23.6	23.58
23.1	23.59
23.1	23.60
23.5	23.61
23.9	23.62
23.1	23.63
23.1	23.64
24.4	24.1
24.5	24.2
24.1	24.3
24.12	24.4
24.12	24.5
24.1	24.6
24.1	24.7
24.7	24.8
24.9	24.9
24.10	24.10
24.13	24.11
24.12	24.12
24.9	24.13
24.9	24.14
24.1	24.15
24.9	24.16
24.9	24.17
24.1	24.18
24.1	24.19
24.1	24.20
24.1	24.21
24.1	24.22
24.7	24.23
24.1	24.24
24.5	24.25
24.3	24.26
24.9	24.27
24.1	24.28
24.1	24.29
24.9	24.30
24.6	24.31
24.1	24.32
24.1	24.33
24.1	24.34
24.12	24.35
24.12	24.36
24.1	24.37
24.1	24.38
24.11	24.39
24.1	24.40
24.2	24.41
24.12	24.42
24.1	24.43
24.1	24.44
24.1	24.45
24.12	24.46
24.12	24.47
24.11	24.48
24.1	24.49
24.1	24.50
24.1	24.51
24.1	24.52
24.1	24.53
24.9	24.54
24.1	24.55
24.12	24.56
24.9	24.57
24.1	24.58
24.1	24.59
24.8	24.60
24.1	24.61
24.9	24.62
24.1	24.63
24.1	24.64
25.1	25.1
25.5	25.2
25.4	25.3
25.1	25.4
25.4	25.5
25.4	25.6
25.4	25.7
25.4	25.8
25.1	25.9
25.4	25.10
25.4	25.11
25.4	25.12
25.4	25.13
25.4	25.14
25.4	25.15
25.1	25.16
25.5	25.17
25.4	25.18
25.5	25.19
25.4	25.20
25.1	25.21
25.1	25.22
25.4	25.23
25.4	25.24
25.2	25.25
25.1	25.26
25.5	25.27
25.1	25.28
25.4	25.29
25.1	25.30
25.1	25.31
25.1	25.32
25.1	25.33
25.5	25.34
25.1	25.35
25.4	25.36
25.1	25.37
25.1	25.38
25.4	25.39
25.1	25.40
25.4	25.41
25.4	25.42
25.1	25.43
25.4	25.44
25.4	25.45
25.1	25.46
25.4	25.47
25.4	25.48
25.1	25.49
25.3	25.50
25.1	25.51
25.4	25.52
25.1	25.53
25.4	25.54
25.5	25.55
25.1	25.56
25.4	25.57
25.4	25.58
25.5	25.59
25.4	25.60
25.1	25.61
25.4	25.62
25.1	25.63
25.1	25.64
26.1	26.1
26.5	26.2
26.5	26.3
26.5	26.4
26.5	26.5
26.5	26.6
26.5	26.7
26.6	26.8
26.6	26.9
26.5	26.10
26.5	26.11
26.1	26.12
26.1	26.13
26.6	26.14
26.5	26.15
26.1	26.16
26.4	26.17
26.1	26.18
26.1	26.19
26.1	26.20
26.3	26.21
26.5	26.22
26.6	26.23
26.5	26.24
26.3	26.25
26.4	26.26
26.1	26.27
26.6	26.28
26.5	26.29
26.2	26.30
26.1	26.31
26.1	26.32
26.1	26.33
26.5	26.34
26.1	26.35
26.5	26.36
26.6	26.37
26.5	26.38
26.5	26.39
26.5	26.40
26.5	26.41
26.1	26.42
26.5	26.43
26.5	26.44
26.5	26.45
26.5	26.46
26.5	26.47
26.5	26.48
26.6	26.49
26.1	26.50
26.6	26.51
26.5	26.52
26.1	26.53
26.6	26.54
26.1	26.55
26.3	26.56
26.1	26.57
26.5	26.58
26.1	26.59
26.6	26.60
26.6	26.61
26.4	26.62
26.1	26.63
26.5	26.64
27.3	27.1
27.4	27.2
27.4	27.3
27.4	27.4
27.5	27.5
27.3	27.6
27.4	27.7
27.4	27.8
27.4	27.9
27.4	27.10
27.5	27.11
27.3	27.12
27.5	27.13
27.3	27.14
27.4	27.15
27.4	27.16
27.3	27.17
27.3	27.18
27.1	27.19
27.3	27.20
27.3	27.21
27.3	27.22
27.2	27.23
27.5	27.24
27.4	27.25
27.4	27.26
27.3	27.27
27.5	27.28
27.4	27.29
27.3	27.30
27.3	27.31
27.5	27.32
27.4	27.33
27.4	27.34
27.4	27.35
27.3	27.36
27.3	27.37
27.3	27.38
27.5	27.39
27.4	27.40
27.5	27.41
27.4	27.42
27.4	27.43
27.4	27.44
27.1	27.45
27.4	27.46
27.5	27.47
27.4	27.48
27.3	27.49
27.4	27.50
27.3	27.51
27.4	27.52
27.4	27.53
27.4	27.54
27.4	27.55
27.4	27.56
27.4	27.57
27.4	27.58
27.4	27.59
27.3	27.60
27.5	27.61
27.1	27.62
27.1	27.63
27.4	27.64
28.1	28.1
28.1	28.2
28.5	28.3
28.1	28.4
28.7	28.5
28.1	28.6
28.1	28.7
28.7	28.8
28.1	28.9
28.7	28.10
28.1	28.11
28.1	28.12
28.1	28.13
28.1	28.14
28.1	28.15
28.5	28.16
28.1	28.17
28.1	28.18
28.3	28.19
28.1	28.20
28.1	28.21
28.1	28.22
28.3	28.23
28.1	28.24
28.1	28.25
28.7	28.26
28.7	28.27
28.1	28.28
28.3	28.29
28.1	28.30
28.6	28.31
28.7	28.32
28.1	28.33
28.1	28.34
28.5	28.35
28.6	28.36
28.4	28.37
28.1	28.38
28.6	28.39
28.1	28.40
28.5	28.41
28.3	28.42
28.1	28.43
28.7	28.44
28.2	28.45
28.6	28.46
28.7	28.47
28.1	28.48
28.1	28.49
28.1	28.50
28.1	28.51
28.1	28.52
28.1	28.53
28.3	28.54
28.7	28.55
28.1	28.56
28.6	28.57
28.7	28.58
28.1	28.59
28.7	28.60
28.3	28.61
28.3	28.62
28.7	28.63
28.7	28.64
29.7	29.1
29.7	29.2
29.7	29.3
29.7	29.4
29.7	29.5
29.9	29.6
29.7	29.7
29.7	29.8
29.8	29.9
29.7	29.10
29.4	29.11
29.1	29.12
29.7	29.13
29.7	29.14
29.9	29.15
29.8	29.16
29.10	29.17
29.11	29.18
29.6	29.19
29.7	29.20
29.4	29.21
29.11	29.22
29.9	29.23
29.1	29.24
29.5	29.25
29.11	29.26
29.7	29.27
29.7	29.28
29.9	29.29
29.7	29.30
29.9	29.31
29.2	29.32
29.7	29.33
29.1	29.34
29.7	29.35
29.9	29.36
29.4	29.37
29.7	29.38
29.11	29.39
29.11	29.40
29.9	29.41
29.11	29.42
29.7	29.43
29.7	29.44
29.7	29.45
29.9	29.46
29.3	29.47
29.9	29.48
29.7	29.49
29.7	29.50
29.1	29.51
29.11	29.52
29.11	29.53
29.11	29.54
29.7	29.55
29.7	29.56
29.9	29.57
29.7	29.58
29.7	29.59
29.7	29.60
29.7	29.61
29.7	29.62
29.7	29.63
29.7	29.64
30.1	30.1
30.15	30.2
30.1	30.3
30.4	30.4
30.18	30.5
30.18	30.6
30.9	30.7
30.18	30.8
30.1	30.9
30.18	30.10
30.1	30.11
30.18	30.12
30.18	30.13
30.18	30.14
30.13	30.15
30.18	30.16
30.3	30.17
30.13	30.18
30.13	30.19
30.18	30.20
30.18	30.21
30.11	30.22
30.18	30.23
30.18	30.24
30.13	30.25
30.12	30.26
30.8	30.27
30.6	30.28
30.13	30.29
30.2	30.30
30.1	30.31
30.18	30.32
30.11	30.33
30.16	30.34
30.13	30.35
30.7	30.36
30.16	30.37
30.13	30.38
30.18	30.39
30.13	30.40
30.13	30.41
30.13	30.42
30.13	30.43
30.10	30.44
30.18	30.45
30.13	30.46
30.18	30.47
30.13	30.48
30.18	30.49
30.17	30.50
30.14	30.51
30.18	30.52
30.18	30.53
30.18	30.54
30.18	30.55
30.18	30.56
30.18	30.57
30.13	30.58
30.18	30.59
30.16	30.60
30.5	30.61
30.13	30.62
30.18	30.63
30.18	30.64
31.10	31.1
31.10	31.2
31.10	31.3
31.6	31.4
31.4	31.5
31.2	31.6
31.10	31.7
31.2	31.8
31.2	31.9
31.2	31.10
31.10	31.11
31.10	31.12
31.2	31.13
31.10	31.14
31.2	31.15
31.2	31.16
31.2	31.17
31.2	31.18
31.10	31.19
31.10	31.20
31.10	31.21
31.10	31.22
31.10	31.23
31.2	31.24
31.2	31.25
31.7	31.26
31.7	31.27
31.10	31.28
31.1	31.29
31.2	31.30
31.8	31.31
31.10	31.32
31.10	31.33
31.10	31.34
31.11	31.35
31.5	31.36
31.7	31.37
31.9	31.38
31.10	31.39
31.10	31.40
31.2	31.41
31.10	31.42
31.2	31.43
31.2	31.44
31.4	31.45
31.3	31.46
31.10	31.47
31.7	31.48
31.10	31.49
31.10	31.50
31.6	31.51
31.10	31.52
31.10	31.53
31.10	31.54
31.10	31.55
31.10	31.56
31.2	31.57
31.11	31.58
31.10	31.59
31.10	31.60
31.7	31.61
31.10	31.62
31.2	31.63
31.10	31.64
32.7	32.1
32.7	32.2
32.6	32.3
32.9	32.4
32.3	32.5
32.6	32.6
32.6	32.7
32.6	32.8
32.7	32.9
32.8	32.10
32.8	32.11
32.9	32.12
32.6	32.13
32.7	32.14
32.6	32.15
32.5	32.16
32.6	32.17
32.6	32.18
32.8	32.19
32.3	32.20
32.7	32.21
32.6	32.22
32.3	32.23
32.4	32.24
32.1	32.25
32.6	32.26
32.1	32.27
32.6	32.28
32.1	32.29
32.1	32.30
32.1	32.31
32.7	32.32
32.1	32.33
32.7	32.34
32.1	32.35
32.6	32.36
32.4	32.37
32.1	32.38
32.1	32.39
32.9	32.40
32.1	32.41
32.7	32.42
32.7	32.43
32.2	32.44
32.5	32.45
32.6	32.46
32.8	32.47
32.3	32.48
32.7	32.49
32.3	32.50
32.4	32.51
32.7	32.52
32.1	32.53
32.7	32.54
32.7	32.55
32.1	32.56
32.1	32.57
32.1	32.58
32.1	32.59
32.1	32.60
32.1	32.61
32.1	32.62
32.1	32.63
32.6	32.64
33.6	33.1
33.4	33.2
33.1	33.3
33.1	33.4
33.6	33.5
33.6	33.6
33.1	33.7
33.1	33.8
33.1	33.9
33.1	33.10
33.1	33.11
33.1	33.12
33.1	33.13
33.1	33.14
33.6	33.15
33.6	33.16
33.1	33.17
33.1	33.18
33.2	33.19
33.5	33.20
33.4	33.21
33.1	33.22
33.4	33.23
33.1	33.24
33.4	33.25
33.1	33.26
33.1	33.27
33.6	33.28
33.1	33.29
33.1	33.30
33.1	33.31
33.6	33.32
33.1	33.33
33.1	33.34
33.6	33.35
33.1	33.36
33.1	33.37
33.1	33.38
33.1	33.39
33.1	33.40
33.1	33.41
33.6	33.42
33.1	33.43
33.6	33.44
33.1	33.45
33.6	33.46
33.6	33.47
33.1	33.48
33.1	33.49
33.1	33.50
33.1	33.51
33.1	33.52
33.6	33.53
33.6	33.54
33.6	33.55
33.3	33.56
33.1	33.57
33.1	33.58
33.1	33.59
33.6	33.60
33.6	33.61
33.1	33.62
33.1	33.63
33.1	33.64
34.1	34.1
34.8	34.2
34.8	34.3
34.5	34.4
34.5	34.5
34.5	34.6
34.5	34.7
34.1	34.8
34.5	34.9
34.8	34.10
34.8	34.11
34.5	34.12
34.8	34.13
34.5	34.14
34.5	34.15
34.5	34.16
34.5	34.17
34.5	34.18
34.5	34.19
34.5	34.20
34.1	34.21
34.5	34.22
34.5	34.23
34.5	34.24
34.5	34.25
34.8	34.26
34.1	34.27
34.8	34.28
34.5	34.29
34.1	34.30
34.7	34.31
34.5	34.32
34.5	34.33
34.4	34.34
34.8	34.35
34.8	34.36
34.8	34.37
34.5	34.38
34.1	34.39
34.5	34.40
34.8	34.41
34.1	34.42
34.2	34.43
34.5	34.44
34.6	34.45
34.1	34.46
34.8	34.47
34.5	34.48
34.8	34.49
34.7	34.50
34.8	34.51
34.5	34.52
34.8	34.53
34.8	34.54
34.5	34.55
34.5	34.56
34.1	34.57
34.1	34.58
34.3	34.59
34.5	34.60
34.5	34.61
34.8	34.62
34.1	34.63
34.5	34.64
35.5	35.1
35.8	35.2
35.5	35.3
35.8	35.4
35.8	35.5
35.3	35.6
35.8	35.7
35.8	35.8
35.1	35.9
35.5	35.10
35.5	35.11
35.7	35.12
35.5	35.13
35.8	35.14
35.8	35.15
35.8	35.16
35.1	35.17
35.1	35.18
35.8	35.19
35.5	35.20
35.8	35.21
35.5	35.22
35.6	35.23
35.5	35.24
35.8	35.25
35.8	35.26
35.5	35.27
35.5	35.28
35.8	35.29
35.6	35.30
35.6	35.31
35.5	35.32
35.5	35.33
35.5	35.34
35.5	35.35
35.5	35.36
35.8	35.37
35.1	35.38
35.5	35.39
35.8	35.40
35.8	35.41
35.8	35.42
35.5	35.43
35.6	35.44
35.5	35.45
35.8	35.46
35.8	35.47
35.8	35.48
35.2	35.49
35.8	35.50
35.8	35.51
35.1	35.52
35.8	35.53
35.8	35.54
35.8	35.55
35.8	35.56
35.5	35.57
35.4	35.58
35.5	35.59
35.6	35.60
35.6	35.61
35.1	35.62
35.6	35.63
35.9	35.64
36.7	36.1
36.1	36.2
36.6	36.3
36.5	36.4
36.6	36.5
36.1	36.6
36.10	36.7
36.10	36.8
36.10	36.9
36.1	36.10
36.1	36.11
36.9	36.12
36.9	36.13
36.1	36.14
36.8	36.15
36.1	36.16
36.2	36.17
36.8	36.18
36.1	36.19
36.1	36.20
36.10	36.21
36.8	36.22
36.3	36.23
36.10	36.24
36.1	36.25
36.1	36.26
36.10	36.27
36.1	36.28
36.1	36.29
36.10	36.30
36.1	36.31
36.10	36.32
36.10	36.33
36.1	36.34
36.1	36.35
36.1	36.36
36.5	36.37
36.9	36.38
36.10	36.39
36.5	36.40
36.1	36.41
36.10	36.42
36.10	36.43
36.3	36.44
36.1	36.45
36.9	36.46
36.10	36.47
36.10	36.48
36.1	36.49
36.1	36.50
36.1	36.51
36.10	36.52
36.1	36.53
36.4	36.54
36.1	36.55
36.1	36.56
36.9	36.57
36.8	36.58
36.10	36.59
36.9	36.60
36.1	36.61
36.1	36.62
36.10	36.63
36.10	36.64
37.14	37.1
37.4	37.2
37.14	37.3
37.8	37.4
37.5	37.5
37.14	37.6
37.5	37.7
37.9	37.8
37.5	37.9
37.5	37.10
37.6	37.11
37.1	37.12
37.5	37.13
37.9	37.14
37.5	37.15
37.2	37.16
37.6	37.17
37.14	37.18
37.5	37.19
37.5	37.20
37.1	37.21
37.5	37.22
37.1	37.23
37.11	37.24
37.5	37.25
37.14	37.26
37.10	37.27
37.14	37.28
37.11	37.29
37.5	37.30
37.7	37.31
37.5	37.32
37.5	37.33
37.12	37.34
37.5	37.35
37.1	37.36
37.14	37.37
37.9	37.38
37.11	37.39
37.14	37.40
37.5	37.41
37.14	37.42
37.11	37.43
37.5	37.44
37.14	37.45
37.14	37.46
37.14	37.47
37.14	37.48
37.9	37.49
37.5	37.50
37.13	37.51
37.5	37.52
37.9	37.53
37.8	37.54
37.1	37.55
37.5	37.56
37.6	37.57
37.9	37.58
37.5	37.59
37.14	37.60
37.14	37.61
37.5	37.62
37.6	37.63
37.3	37.64
38.5	38.1
38.1	38.2
38.1	38.3
38.7	38.4
38.7	38.5
38.1	38.6
38.5	38.7
38.7	38.8
38.1	38.9
38.1	38.10
38.1	38.11
38.2	38.12
38.3	38.13
38.3	38.14
38.1	38.15
38.7	38.16
38.5	38.17
38.1	38.18
38.7	38.19
38.1	38.20
38.1	38.21
38.5	38.22
38.1	38.23
38.7	38.24
38.5	38.25
38.7	38.26
38.5	38.27
38.5	38.28
38.5	38.29
38.1	38.30
38.5	38.31
38.7	38.32
38.5	38.33
38.5	38.34
38.7	38.35
38.1	38.36
38.3	38.37
38.7	38.38
38.7	38.39
38.1	38.40
38.5	38.41
38.7	38.42
38.1	38.43
38.3	38.44
38.7	38.45
38.4	38.46
38.7	38.47
38.7	38.48
38.7	38.49
38.7	38.50
38.6	38.51
38.7	38.52
38.1	38.53
38.7	38.54
38.3	38.55
38.1	38.56
38.1	38.57
38.1	38.58
38.7	38.59
38.1	38.60
38.5	38.61
38.7	38.62
38.7	38.63
38.7	38.64
39.7	39.1
39.10	39.2
39.10	39.3
39.10	39.4
39.7	39.5
39.7	39.6
39.1	39.7
39.8	39.8
39.7	39.9
39.1	39.10
39.2	39.11
39.1	39.12
39.9	39.13
39.6	39.14
39.10	39.15
39.11	39.16
39.10	39.17
39.7	39.18
39.5	39.19
39.1	39.20
39.7	39.21
39.10	39.22
39.10	39.23
39.3	39.24
39.10	39.25
39.1	39.26
39.7	39.27
39.1	39.28
39.10	39.29
39.10	39.30
39.7	39.31
39.10	39.32
39.8	39.33
39.10	39.34
39.10	39.35
39.8	39.36
39.10	39.37
39.7	39.38
39.7	39.39
39.7	39.40
39.8	39.41
39.10	39.42
39.4	39.43
39.5	39.44
39.7	39.45
39.10	39.46
39.8	39.47
39.10	39.48
39.7	39.49
39.1	39.50
39.1	39.51
39.1	39.52
39.10	39.53
39.10	39.54
39.10	39.55
39.10	39.56
39.10	39.57
39.7	39.58
39.7	39.59
39.10	39.60
39.1	39.61
39.7	39.62
39.7	39.63
39.10	39.64
40.9	40.1
40.3	40.2
40.3	40.3
40.10	40.4
40.10	40.5
40.3	40.6
40.9	40.7
40.10	40.8
40.3	40.9
40.3	40.10
40.3	40.11
40.9	40.12
40.3	40.13
40.3	40.14
40.3	40.15
40.9	40.16
40.3	40.17
40.5	40.18
40.6	40.19
40.11	40.20
40.3	40.21
40.3	40.22
40.3	40.23
40.9	40.24
40.11	40.25
40.10	40.26
40.11	40.27
40.3	40.28
40.3	40.29
40.8	40.30
40.10	40.31
40.9	40.32
40.3	40.33
40.10	40.34
40.9	40.35
40.3	40.36
40.7	40.37
40.3	40.38
40.9	40.39
40.9	40.40
40.3	40.41
40.10	40.42
40.2	40.43
40.10	40.44
40.9	40.45
40.9	40.46
40.3	40.47
40.1	40.48
40.4	40.49
40.10	40.50
40.9	40.51
40.9	40.52
40.9	40.53
40.10	40.54
40.3	40.55
40.9	40.56
40.3	40.57
40.10	40.58
40.3	40.59
40.7	40.60
40.1	40.61
40.1	40.62
40.1	40.63
40.3	40.64
41.1	41.1
41.9	41.2
41.1	41.3
41.9	41.4
41.9	41.5
41.4	41.6
41.9	41.7
41.9	41.8
41.3	41.9
41.1	41.10
41.1	41.11
41.9	41.12
41.1	41.13
41.1	41.14
41.9	41.15
41.9	41.16
41.9	41.17
41.6	41.18
41.4	41.19
41.1	41.20
41.4	41.21
41.9	41.22
41.9	41.23
41.9	41.24
41.6	41.25
41.9	41.26
41.1	41.27
41.9	41.28
41.1	41.29
41.1	41.30
41.1	41.31
41.1	41.32
41.5	41.33
41.4	41.34
41.9	41.35
41.9	41.36
41.1	41.37
41.1	41.38
41.1	41.39
41.7	41.40
41.4	41.41
41.1	41.42
41.9	41.43
41.1	41.44
41.5	41.45
41.1	41.46
41.4	41.47
41.9	41.48
41.2	41.49
41.1	41.50
41.1	41.51
41.1	41.52
41.9	41.53
41.9	41.54
41.4	41.55
41.1	41.56
41.9	41.57
41.9	41.58
41.1	41.59
41.9	41.60
41.4	41.61
41.1	41.62
41.8	41.63
41.1	41.64
42.1	42.1
42.8	42.2
42.8	42.3
42.1	42.4
42.1	42.5
42.6	42.6
42.6	42.7
42.6	42.8
42.6	42.9
42.7	42.10
42.8	42.11
42.1	42.12
42.8	42.13
42.6	42.14
42.8	42.15
42.6	42.16
42.5	42.17
42.1	42.18
42.6	42.19
42.8	42.20
42.1	42.21
42.6	42.22
42.8	42.23
42.1	42.24
42.8	42.25
42.6	42.26
42.1	42.27
42.1	42.28
42.6	42.29
42.1	42.30
42.6	42.31
42.6	42.32
42.8	42.33
42.1	42.34
42.7	42.35
42.8	42.36
42.7	42.37
42.1	42.38
42.8	42.39
42.4	42.40
42.8	42.41
42.1	42.42
42.7	42.43
42.1	42.44
42.6	42.45
42.1	42.46
42.1	42.47
42.7	42.48
42.6	42.49
42.6	42.50
42.7	42.51
42.6	42.52
42.7	42.53
42.7	42.54
42.2	42.55
42.8	42.56
42.3	42.57
42.6	42.58
42.1	42.59
42.8	42.60
42.6	42.61
42.1	42.62
42.8	42.63
42.8	42.64
43.11	43.1
43.8	43.2
43.7	43.3
43.7	43.4
43.8	43.5
43.6	43.6
43.7	43.7
43.2	43.8
43.1	43.9
43.1	43.10
43.5	43.11
43.8	43.12
43.10	43.13
43.9	43.14
43.8	43.15
43.8	43.16
43.1	43.17
43.8	43.18
43.8	43.19
43.5	43.20
43.7	43.21
43.7	43.22
43.8	43.23
43.7	43.24
43.11	43.25
43.7	43.26
43.1	43.27
43.7	43.28
43.8	43.29
43.1	43.30
43.7	43.31
43.1	43.32
43.1	43.33
43.8	43.34
43.10	43.35
43.6	43.36
43.7	43.37
43.11	43.38
43.11	43.39
43.7	43.40
43.7	43.41
43.7	43.42
43.11	43.43
43.6	43.44
43.11	43.45
43.3	43.46
43.11	43.47
43.1	43.48
43.7	43.49
43.4	43.50
43.5	43.51
43.1	43.52
43.1	43.53
43.7	43.54
43.11	43.55
43.8	43.56
43.5	43.57
43.7	43.58
43.7	43.59
43.7	43.60
43.1	43.61
43.1	43.62
43.7	43.63
43.7	43.64
44.8	44.1
44.8	44.2
44.8	44.3
44.8	44.4
44.3	44.5
44.6	44.6
44.4	44.7
44.1	44.8
44.3	44.9
44.8	44.10
44.4	44.11
44.8	44.12
44.4	44.13
44.3	44.14
44.4	44.15
44.4	44.16
44.5	44.17
44.4	44.18
44.8	44.19
44.4	44.20
44.4	44.21
44.4	44.22
44.6	44.23
44.4	44.24
44.4	44.25
44.4	44.26
44.8	44.27
44.8	44.28
44.4	44.29
44.4	44.30
44.3	44.31
44.3	44.32
44.4	44.33
44.4	44.34
44.8	44.35
44.8	44.36
44.8	44.37
44.8	44.38
44.4	44.39
44.3	44.40
44.8	44.41
44.8	44.42
44.4	44.43
44.8	44.44
44.4	44.45
44.2	44.46
44.4	44.47
44.4	44.48
44.3	44.49
44.7	44.50
44.7	44.51
44.8	44.52
44.7	44.53
44.4	44.54
44.7	44.55
44.8	44.56
44.8	44.57
44.7	44.58
44.3	44.59
44.8	44.60
44.3	44.61
44.8	44.62
44.3	44.63
44.8	44.64
45.10	45.1
45.12	45.2
45.1	45.3
45.12	45.4
45.12	45.5
45.12	45.6
45.10	45.7
45.8	45.8
45.9	45.9
45.1	45.10
45.12	45.11
45.1	45.12
45.1	45.13
45.10	45.14
45.12	45.15
45.12	45.16
45.3	45.17
45.12	45.18
45.12	45.19
45.1	45.20
45.10	45.21
45.6	45.22
45.12	45.23
45.12	45.24
45.12	45.25
45.4	45.26
45.10	45.27
45.12	45.28
45.8	45.29
45.12	45.30
45.12	45.31
45.10	45.32
45.9	45.33
45.8	45.34
45.7	45.35
45.12	45.36
45.3	45.37
45.12	45.38
45.11	45.39
45.5	45.40
45.8	45.41
45.12	45.42
45.8	45.43
45.12	45.44
45.12	45.45
45.12	45.46
45.12	45.47
45.11	45.48
45.12	45.49
45.8	45.50
45.12	45.51
45.10	45.52
45.10	45.53
45.12	45.54
45.12	45.55
45.2	45.56
45.8	45.57
45.8	45.58
45.12	45.59
45.8	45.60
45.10	45.61
45.10	45.62
45.11	45.63
45.10	45.64
46.1	46.1
46.1	46.2
46.5	46.3
46.1	46.4
46.1	46.5
46.1	46.6
46.1	46.7
46.1	46.8
46.1	46.9
46.1	46.10
46.6	46.11
46.6	46.12
46.1	46.13
46.1	46.14
46.1	46.15
46.1	46.16
46.6	46.17
46.6	46.18
46.1	46.19
46.6	46.20
46.6	46.21
46.1	46.22
46.1	46.23
46.6	46.24
46.6	46.25
46.4	46.26
46.1	46.27
46.1	46.28
46.1	46.29
46.1	46.30
46.1	46.31
46.1	46.32
46.1	46.33
46.6	46.34
46.1	46.35
46.1	46.36
46.1	46.37
46.6	46.38
46.1	46.39
46.1	46.40
46.6	46.41
46.2	46.42
46.7	46.43
46.1	46.44
46.1	46.45
46.5	46.46
46.1	46.47
46.1	46.48
46.6	46.49
46.1	46.50
46.7	46.51
46.6	46.52
46.1	46.53
46.3	46.54
46.6	46.55
46.1	46.56
46.6	46.57
46.1	46.58
46.5	46.59
46.1	46.60
46.5	46.61
46.1	46.62
46.1	46.63
46.1	46.64
47.4	47.1
47.1	47.2
47.8	47.3
47.1	47.4
47.8	47.5
47.8	47.6
47.8	47.7
47.8	47.8
47.7	47.9
47.1	47.10
47.4	47.11
47.1	47.12
47.4	47.13
47.4	47.14
47.8	47.15
47.8	47.16
47.1	47.17
47.8	47.18
47.8	47.19
47.1	47.20
47.8	47.21
47.4	47.22
47.8	47.23
47.4	47.24
47.4	47.25
47.1	47.26
47.8	47.27
47.4	47.28
47.8	47.29
47.8	47.30
47.8	47.31
47.8	47.32
47.1	47.33
47.1	47.34
47.8	47.35
47.6	47.36
47.1	47.37
47.4	47.38
47.8	47.39
47.4	47.40
47.4	47.41
47.8	47.42
47.7	47.43
47.8	47.44
47.4	47.45
47.8	47.46
47.8	47.47
47.4	47.48
47.1	47.49
47.4	47.50
47.8	47.51
47.2	47.52
47.8	47.53
47.1	47.54
47.5	47.55
47.8	47.56
47.8	47.57
47.7	47.58
47.8	47.59
47.3	47.60
47.7	47.61
47.8	47.62
47.1	47.63
47.4	47.64
48.4	48.1
48.5	48.2
48.7	48.3
48.4	48.4
48.5	48.5
48.7	48.6
48.5	48.7
48.5	48.8
48.6	48.9
48.7	48.10
48.1	48.11
48.4	48.12
48.4	48.13
48.6	48.14
48.5	48.15
48.5	48.16
48.7	48.17
48.1	48.18
48.5	48.19
48.7	48.20
48.5	48.21
48.7	48.22
48.7	48.23
48.6	48.24
48.7	48.25
48.6	48.26
48.7	48.27
48.5	48.28
48.5	48.29
48.2	48.30
48.7	48.31
48.5	48.32
48.6	48.33
48.4	48.34
48.5	48.35
48.5	48.36
48.6	48.37
48.6	48.38
48.5	48.39
48.7	48.40
48.7	48.41
48.4	48.42
48.5	48.43
48.5	48.44
48.4	48.45
48.6	48.46
48.7	48.47
48.6	48.48
48.6	48.49
48.3	48.50
48.5	48.51
48.7	48.52
48.5	48.53
48.7	48.54
48.4	48.55
48.4	48.56
48.5	48.57
48.4	48.58
48.4	48.59
48.4	48.60
48.4	48.61
48.4	48.62
48.4	48.63
48.7	48.64
49.6	49.1
49.6	49.2
49.3	49.3
49.3	49.4
49.1	49.5
49.3	49.6
49.6	49.7
49.3	49.8
49.3	49.9
49.9	49.10
49.2	49.11
49.8	49.12
49.3	49.13
49.1	49.14
49.3	49.15
49.7	49.16
49.6	49.17
49.10	49.18
49.9	49.19
49.3	49.20
49.6	49.21
49.7	49.22
49.8	49.23
49.3	49.24
49.8	49.25
49.3	49.26
49.8	49.27
49.8	49.28
49.6	49.29
49.6	49.30
49.8	49.31
49.8	49.32
49.7	49.33
49.8	49.34
49.8	49.35
49.6	49.36
49.6	49.37
49.6	49.38
49.8	49.39
49.9	49.40
49.10	49.41
49.9	49.42
49.6	49.43
49.3	49.44
49.6	49.45
49.7	49.46
49.8	49.47
49.8	49.48
49.6	49.49
49.8	49.50
49.4	49.51
49.3	49.52
49.6	49.53
49.10	49.54
49.8	49.55
49.3	49.56
49.1	49.57
49.9	49.58
49.8	49.59
49.8	49.60
49.3	49.61
49.7	49.62
49.1	49.63
49.5	49.64
50.8	50.1
50.8	50.2
50.1	50.3
50.8	50.4
50.1	50.5
50.7	50.6
50.8	50.7
50.8	50.8
50.8	50.9
50.8	50.10
50.1	50.11
50.1	50.12
50.7	50.13
50.8	50.14
50.7	50.15
50.1	50.16
50.1	50.17
50.1	50.18
50.8	50.19
50.1	50.20
50.8	50.21
50.1	50.22
50.1	50.23
50.8	50.24
50.8	50.25
50.1	50.26
50.1	50.27
50.7	50.28
50.8	50.29
50.3	50.30
50.1	50.31
50.8	50.32
50.1	50.33
50.1	50.34
50.8	50.35
50.8	50.36
50.8	50.37
50.8	50.38
50.4	50.39
50.8	50.40
50.8	50.41
50.5	50.42
50.1	50.43
50.1	50.44
50.8	50.45
50.8	50.46
50.8	50.47
50.5	50.48
50.1	50.49
50.7	50.50
50.5	50.51
50.8	50.52
50.1	50.53
50.7	50.54
50.8	50.55
50.8	50.56
50.1	50.57
50.2	50.58
50.8	50.59
50.6	50.60
50.5	50.61
50.8	50.62
50.8	50.63
50.8	50.64
51.10	51.1
51.6	51.2
51.4	51.3
51.1	51.4
51.3	51.5
51.8	51.6
51.4	51.7
51.3	51.8
51.6	51.9
51.6	51.10
51.1	51.11
51.11	51.12
51.4	51.13
51.10	51.14
51.10	51.15
51.4	51.16
51.6	51.17
51.6	51.18
51.8	51.19
51.6	51.20
51.5	51.21
51.8	51.22
51.1	51.23
51.8	51.24
51.1	51.25
51.8	51.26
51.6	51.27
51.12	51.28
51.3	51.29
51.11	51.30
51.8	51.31
51.8	51.32
51.6	51.33
51.2	51.34
51.8	51.35
51.8	51.36
51.10	51.37
51.8	51.38
51.8	51.39
51.8	51.40
51.8	51.41
51.8	51.42
51.1	51.43
51.6	51.44
51.11	51.45
51.6	51.46
51.3	51.47
51.4	51.48
51.6	51.49
51.6	51.50
51.7	51.51
51.1	51.52
51.6	51.53
51.8	51.54
51.8	51.55
51.6	51.56
51.6	51.57
51.9	51.58
51.8	51.59
51.1	51.60
51.6	51.61
51.6	51.62
51.10	51.63
51.1	51.64
52.8	52.1
52.8	52.2
52.1	52.3
52.1	52.4
52.1	52.5
52.1	52.6
52.7	52.7
52.8	52.8
52.8	52.9
52.5	52.10
52.6	52.11
52.8	52.12
52.1	52.13
52.8	52.14
52.1	52.15
52.1	52.16
52.8	52.17
52.1	52.18
52.1	52.19
52.8	52.20
52.6	52.21
52.8	52.22
52.7	52.23
52.1	52.24
52.1	52.25
52.8	52.26
52.8	52.27
52.1	52.28
52.8	52.29
52.1	52.30
52.1	52.31
52.7	52.32
52.6	52.33
52.1	52.34
52.1	52.35
52.6	52.36
52.1	52.37
52.7	52.38
52.1	52.39
52.1	52.40
52.8	52.41
52.7	52.42
52.8	52.43
52.1	52.44
52.1	52.45
52.1	52.46
52.3	52.47
52.1	52.48
52.1	52.49
52.8	52.50
52.7	52.51
52.8	52.52
52.2	52.53
52.4	52.54
52.8	52.55
52.1	52.56
52.4	52.57
52.5	52.58
52.1	52.59
52.6	52.60
52.6	52.61
52.7	52.62
52.8	52.63
52.1	52.64
53.9	53.1
53.7	53.2
53.3	53.3
53.3	53.4
53.9	53.5
53.3	53.6
53.5	53.7
53.1	53.8
53.3	53.9
53.9	53.10
53.7	53.11
53.5	53.12
53.5	53.13
53.5	53.14
53.8	53.15
53.3	53.16
53.9	53.17
53.8	53.18
53.5	53.19
53.7	53.20
53.3	53.21
53.3	53.22
53.3	53.23
53.4	53.24
53.5	53.25
53.9	53.26
53.9	53.27
53.8	53.28
53.5	53.29
53.5	53.30
53.1	53.31
53.7	53.32
53.8	53.33
53.3	53.34
53.5	53.35
53.5	53.36
53.3	53.37
53.9	53.38
53.1	53.39
53.9	53.40
53.5	53.41
53.7	53.42
53.6	53.43
53.7	53.44
53.8	53.45
53.9	53.46
53.3	53.47
53.5	53.48
53.7	53.49
53.5	53.50
53.7	53.51
53.2	53.52
53.9	53.53
53.5	53.54
53.7	53.55
53.3	53.56
53.5	53.57
53.9	53.58
53.7	53.59
53.7	53.60
53.9	53.61
53.7	53.62
53.9	53.63
53.5	53.64
54.6	54.1
54.1	54.2
54.1	54.3
54.6	54.4
54.1	54.5
54.6	54.6
54.6	54.7
54.6	54.8
54.6	54.9
54.1	54.10
54.6	54.11
54.1	54.12
54.5	54.13
54.5	54.14
54.6	54.15
54.6	54.16
54.1	54.17
54.1	54.18
54.6	54.19
54.6	54.20
54.6	54.21
54.1	54.22
54.1	54.23
54.3	54.24
54.7	54.25
54.7	54.26
54.1	54.27
54.1	54.28
54.6	54.29
54.6	54.30
54.1	54.31
54.1	54.32
54.1	54.33
54.1	54.34
54.6	54.35
54.8	54.36
54.1	54.37
54.6	54.38
54.6	54.39
54.6	54.40
54.8	54.41
54.6	54.42
54.5	54.43
54.2	54.44
54.5	54.45
54.1	54.46
54.1	54.47
54.4	54.48
54.6	54.49
54.6	54.50
54.1	54.51
54.1	54.52
54.6	54.53
54.8	54.54
54.1	54.55
54.1	54.56
54.1	54.57
54.6	54.58
54.7	54.59
54.1	54.60
54.1	54.61
54.6	54.62
54.6	54.63
54.6	54.64
55.6	55.1
55.2	55.2
55.4	55.3
55.2	55.4
55.6	55.5
55.4	55.6
55.6	55.7
55.6	55.8
55.5	55.9
55.6	55.10
55.2	55.11
55.4	55.12
55.6	55.13
55.3	55.14
55.6	55.15
55.6	55.16
55.4	55.17
55.6	55.18
55.2	55.19
55.5	55.20
55.6	55.21
55.2	55.22
55.1	55.23
55.6	55.24
55.6	55.25
55.2	55.26
55.6	55.27
55.2	55.28
55.6	55.29
55.4	55.30
55.4	55.31
55.2	55.32
55.6	55.33
55.6	55.34
55.6	55.35
55.2	55.36
55.2	55.37
55.5	55.38
55.2	55.39
55.2	55.40
55.2	55.41
55.6	55.42
55.6	55.43
55.6	55.44
55.6	55.45
55.6	55.46
55.2	55.47
55.2	55.48
55.4	55.49
55.3	55.50
55.2	55.51
55.6	55.52
55.2	55.53
55.6	55.54
55.2	55.55
55.6	55.56
55.3	55.57
55.2	55.58
55.6	55.59
55.2	55.60
55.2	55.61
55.2	55.62
55.6	55.63
55.6	55.64
56.5	56.1
56.5	56.2
56.5	56.3
56.1	56.4
56.4	56.5
56.2	56.6
56.8	56.7
56.1	56.8
56.1	56.9
56.5	56.10
56.1	56.11
56.5	56.12
56.1	56.13
56.1	56.14
56.8	56.15
56.1	56.16
56.5	56.17
56.1	56.18
56.9	56.19
56.1	56.20
56.1	56.21
56.4	56.22
56.1	56.23
56.1	56.24
56.1	56.25
56.1	56.26
56.5	56.27
56.1	56.28
56.5	56.29
56.5	56.30
56.6	56.31
56.9	56.32
56.5	56.33
56.5	56.34
56.5	56.35
56.1	56.36
56.8	56.37
56.8	56.38
56.5	56.39
56.1	56.40
56.9	56.41
56.1	56.42
56.5	56.43
56.5	56.44
56.1	56.45
56.1	56.46
56.5	56.47
56.1	56.48
56.9	56.49
56.5	56.50
56.5	56.51
56.1	56.52
56.4	56.53
56.8	56.54
56.6	56.55
56.1	56.56
56.5	56.57
56.7	56.58
56.3	56.59
56.9	56.60
56.1	56.61
56.5	56.62
56.5	56.63
56.1	56.64
57.1	57.1
57.11	57.2
57.1	57.3
57.8	57.4
57.8	57.5
57.11	57.6
57.1	57.7
57.11	57.8
57.11	57.9
57.11	57.10
57.1	57.11
57.11	57.12
57.1	57.13
57.8	57.14
57.10	57.15
57.11	57.16
57.10	57.17
57.11	57.18
57.11	57.19
57.10	57.20
57.8	57.21
57.5	57.22
57.1	57.23
57.11	57.24
57.8	57.25
57.8	57.26
57.11	57.27
57.8	57.28
57.2	57.29
57.8	57.30
57.8	57.31
57.11	57.32
57.11	57.33
57.8	57.34
57.8	57.35
57.8	57.36
57.4	57.37
57.11	57.38
57.1	57.39
57.10	57.40
57.10	57.41
57.7	57.42
57.8	57.43
57.11	57.44
57.11	57.45
57.11	57.46
57.7	57.47
57.1	57.48
57.9	57.49
57.8	57.50
57.8	57.51
57.7	57.52
57.10	57.53
57.10	57.54
57.8	57.55
57.11	57.56
57.6	57.57
57.7	57.58
57.10	57.59
57.10	57.60
57.3	57.61
57.8	57.62
57.8	57.63
57.7	57.64
58.8	58.1
58.5	58.2
58.1	58.3
58.5	58.4
58.8	58.5
58.5	58.6
58.8	58.7
58.8	58.8
58.5	58.9
58.8	58.10
58.5	58.11
58.8	58.12
58.8	58.13
58.7	58.14
58.5	58.15
58.10	58.16
58.8	58.17
58.8	58.18
58.3	58.19
58.9	58.20
58.8	58.21
58.6	58.22
58.8	58.23
58.5	58.24
58.1	58.25
58.1	58.26
58.8	58.27
58.8	58.28
58.8	58.29
58.5	58.30
58.1	58.31
58.8	58.32
58.8	58.33
58.5	58.34
58.5	58.35
58.1	58.36
58.5	58.37
58.1	58.38
58.1	58.39
58.8	58.40
58.5	58.41
58.8	58.42
58.3	58.43
58.9	58.44
58.8	58.45
58.6	58.46
58.8	58.47
58.5	58.48
58.9	58.49
58.5	58.50
58.10	58.51
58.1	58.52
58.8	58.53
58.4	58.54
58.5	58.55
58.5	58.56
58.8	58.57
58.8	58.58
58.1	58.59
58.10	58.60
58.1	58.61
58.8	58.62
58.8	58.63
58.2	58.64
59.5	59.1
59.5	59.2
59.4	59.3
59.5	59.4
59.3	59.5
59.5	59.6
59.3	59.7
59.5	59.8
59.5	59.9
59.3	59.10
59.5	59.11
59.5	59.12
59.3	59.13
59.5	59.14
59.5	59.15
59.3	59.16
59.4	59.17
59.5	59.18
59.5	59.19
59.4	59.20
59.5	59.21
59.5	59.22
59.5	59.23
59.1	59.24
59.5	59.25
59.5	59.26
59.5	59.27
59.3	59.28
59.5	59.29
59.5	59.30
59.5	59.31
59.1	59.32
59.5	59.33
59.4	59.34
59.3	59.35
59.3	59.36
59.1	59.37
59.1	59.38
59.5	59.39
59.5	59.40
59.4	59.41
59.3	59.42
59.3	59.43
59.5	59.44
59.5	59.45
59.5	59.46
59.3	59.47
59.5	59.48
59.3	59.49
59.5	59.50
59.5	59.51
59.5	59.52
59.3	59.53
59.5	59.54
59.5	59.55
59.5	59.56
59.3	59.57
59.1	59.58
59.5	59.59
59.4	59.60
59.4	59.61
59.5	59.62
59.2	59.63
59.5	59.64
60.10	60.1
60.10	60.2
60.10	60.3
60.10	60.4
60.1	60.5
60.10	60.6
60.11	60.7
60.1	60.8
60.1	60.9
60.1	60.10
60.10	60.11
60.10	60.12
60.1	60.13
60.1	60.14
60.10	60.15
60.1	60.16
60.3	60.17
60.10	60.18
60.9	60.19
60.1	60.20
60.10	60.21
60.10	60.22
60.10	60.23
60.1	60.24
60.1	60.25
60.1	60.26
60.1	60.27
60.11	60.28
60.1	60.29
60.5	60.30
60.1	60.31
60.11	60.32
60.6	60.33
60.1	60.34
60.10	60.35
60.2	60.36
60.4	60.37
60.10	60.38
60.6	60.39
60.5	60.40
60.10	60.41
60.8	60.42
60.1	60.43
60.1	60.44
60.5	60.45
60.10	60.46
60.1	60.47
60.10	60.48
60.8	60.49
60.1	60.50
60.10	60.51
60.10	60.52
60.9	60.53
60.10	60.54
60.10	60.55
60.1	60.56
60.1	60.57
60.7	60.58
60.9	60.59
60.10	60.60
60.9	60.61
60.9	60.62
60.9	60.63
60.11	60.64
61.6	61.1
61.3	61.2
61.1	61.3
61.6	61.4
61.1	61.5
61.1	61.6
61.3	61.7
61.3	61.8
61.1	61.9
61.1	61.10
61.6	61.11
61.3	61.12
61.6	61.13
61.3	61.14
61.6	61.15
61.1	61.16
61.1	61.17
61.6	61.18
61.3	61.19
61.3	61.20
61.1	61.21
61.1	61.22
61.6	61.23
61.4	61.24
61.3	61.25
61.1	61.26
61.6	61.27
61.1	61.28
61.5	61.29
61.1	61.30
61.6	61.31
61.6	61.32
61.6	61.33
61.6	61.34
61.1	61.35
61.3	61.36
61.6	61.37
61.1	61.38
61.3	61.39
61.6	61.40
61.6	61.41
61.6	61.42
61.2	61.43
61.5	61.44
61.3	61.45
61.3	61.46
61.6	61.47
61.5	61.48
61.6	61.49
61.1	61.50
61.3	61.51
61.3	61.52
61.3	61.53
61.3	61.54
61.6	61.55
61.6	61.56
61.6	61.57
61.6	61.58
61.6	61.59
61.6	61.60
61.3	61.61
61.3	61.62
61.6	61.63
61.1	61.64
62.8	62.1
62.8	62.2
62.8	62.3
62.8	62.4
62.3	62.5
62.8	62.6
62.7	62.7
62.3	62.8
62.3	62.9
62.8	62.10
62.8	62.11
62.8	62.12
62.5	62.13
62.3	62.14
62.3	62.15
62.1	62.16
62.8	62.17
62.8	62.18
62.3	62.19
62.8	62.20
62.3	62.21
62.8	62.22
62.2	62.23
62.1	62.24
62.1	62.25
62.3	62.26
62.8	62.27
62.3	62.28
62.3	62.29
62.3	62.30
62.4	62.31
62.1	62.32
62.3	62.33
62.3	62.34
62.3	62.35
62.6	62.36
62.8	62.37
62.6	62.38
62.8	62.39
62.3	62.40
62.8	62.41
62.3	62.42
62.1	62.43
62.7	62.44
62.3	62.45
62.8	62.46
62.8	62.47
62.1	62.48
62.1	62.49
62.8	62.50
62.3	62.51
62.3	62.52
62.4	62.53
62.3	62.54
62.8	62.55
62.1	62.56
62.8	62.57
62.1	62.58
62.1	62.59
62.8	62.60
62.3	62.61
62.1	62.62
62.8	62.63
62.1	62.64
63.1	63.1
63.1	63.2
63.5	63.3
63.5	63.4
63.5	63.5
63.5	63.6
63.5	63.7
63.1	63.8
63.1	63.9
63.5	63.10
63.5	63.11
63.1	63.12
63.5	63.13
63.1	63.14
63.5	63.15
63.5	63.16
63.5	63.17
63.1	63.18
63.1	63.19
63.6	63.20
63.1	63.21
63.1	63.22
63.1	63.23
63.6	63.24
63.5	63.25
63.6	63.26
63.5	63.27
63.5	63.28
63.5	63.29
63.5	63.30
63.5	63.31
63.1	63.32
63.5	63.33
63.1	63.34
63.1	63.35
63.5	63.36
63.6	63.37
63.5	63.38
63.5	63.39
63.5	63.40
63.5	63.41
63.5	63.42
63.2	63.43
63.4	63.44
63.6	63.45
63.6	63.46
63.1	63.47
63.6	63.48
63.6	63.49
63.5	63.50
63.3	63.51
63.4	63.52
63.1	63.53
63.5	63.54
63.5	63.55
63.1	63.56
63.1	63.57
63.1	63.58
63.5	63.59
63.1	63.60
63.5	63.61
63.1	63.62
63.5	63.63
63.1	63.64
64.4	64.1
64.5	64.2
64.9	64.3
64.1	64.4
64.1	64.5
64.10	64.6
64.9	64.7
64.9	64.8
64.7	64.9
64.8	64.10
64.10	64.11
64.7	64.12
64.8	64.13
64.8	64.14
64.9	64.15
64.9	64.16
64.9	64.17
64.9	64.18
64.9	64.19
64.9	64.20
64.7	64.21
64.9	64.22
64.9	64.23
64.8	64.24
64.1	64.25
64.5	64.26
64.8	64.27
64.1	64.28
64.6	64.29
64.9	64.30
64.7	64.31
64.8	64.32
64.9	64.33
64.8	64.34
64.1	64.35
64.1	64.36
64.7	64.37
64.9	64.38
64.3	64.39
64.9	64.40
64.8	64.41
64.8	64.42
64.8	64.43
64.9	64.44
64.8	64.45
64.9	64.46
64.2	64.47
64.7	64.48
64.9	64.49
64.5	64.50
64.1	64.51
64.9	64.52
64.8	64.53
64.8	64.54
64.9	64.55
64.1	64.56
64.9	64.57
64.9	64.58
64.9	64.59
64.9	64.60
64.10	64.61
64.8	64.62
64.9	64.63
64.10	64.64
65.5	65.1
65.6	65.2
65.4	65.3
65.6	65.4
65.5	65.5
65.5	65.6
65.5	65.7
65.6	65.8
65.5	65.9
65.6	65.10
65.6	65.11
65.5	65.12
65.6	65.13
65.6	65.14
65.1	65.15
65.6	65.16
65.6	65.17
65.6	65.18
65.5	65.19
65.5	65.20
65.6	65.21
65.6	65.22
65.5	65.23
65.5	65.24
65.6	65.25
65.5	65.26
65.6	65.27
65.1	65.28
65.2	65.29
65.5	65.30
65.6	65.31
65.5	65.32
65.1	65.33
65.6	65.34
65.6	65.35
65.6	65.36
65.1	65.37
65.6	65.38
65.5	65.39
65.6	65.40
65.6	65.41
65.5	65.42
65.5	65.43
65.5	65.44
65.5	65.45
65.5	65.46
65.5	65.47
65.6	65.48
65.6	65.49
65.5	65.50
65.1	65.51
65.6	65.52
65.5	65.53
65.6	65.54
65.6	65.55
65.3	65.56
65.5	65.57
65.5	65.58
65.5	65.59
65.5	65.60
65.5	65.61
65.6	65.62
65.5	65.63
65.5	65.64
66.6	66.1
66.7	66.2
66.10	66.3
66.10	66.4
66.10	66.5
66.7	66.6
66.10	66.7
66.6	66.8
66.7	66.9
66.10	66.10
66.7	66.11
66.6	66.12
66.3	66.13
66.7	66.14
66.7	66.15
66.10	66.16
66.10	66.17
66.10	66.18
66.1	66.19
66.10	66.20
66.10	66.21
66.7	66.22
66.1	66.23
66.1	66.24
66.10	66.25
66.10	66.26
66.6	66.27
66.10	66.28
66.7	66.29
66.7	66.30
66.1	66.31
66.7	66.32
66.1	66.33
66.1	66.34
66.1	66.35
66.4	66.36
66.1	66.37
66.1	66.38
66.7	66.39
66.10	66.40
66.7	66.41
66.10	66.42
66.7	66.43
66.1	66.44
66.9	66.45
66.7	66.46
66.7	66.47
66.10	66.48
66.9	66.49
66.1	66.50
66.1	66.51
66.1	66.52
66.9	66.53
66.8	66.54
66.7	66.55
66.1	66.56
66.7	66.57
66.9	66.58
66.1	66.59
66.5	66.60
66.7	66.61
66.10	66.62
66.2	66.63
66.1	66.64
67.1	67.1
67.4	67.2
67.1	67.3
67.4	67.4
67.5	67.5
67.4	67.6
67.4	67.7
67.4	67.8
67.1	67.9
67.4	67.10
67.5	67.11
67.4	67.12
67.4	67.13
67.5	67.14
67.4	67.15
67.1	67.16
67.1	67.17
67.4	67.18
67.4	67.19
67.1	67.20
67.4	67.21
67.1	67.22
67.5	67.23
67.5	67.24
67.1	67.25
67.1	67.26
67.4	67.27
67.1	67.28
67.4	67.29
67.4	67.30
67.2	67.31
67.1	67.32
67.5	67.33
67.4	67.34
67.1	67.35
67.1	67.36
67.4	67.37
67.1	67.38
67.4	67.39
67.5	67.40
67.4	67.41
67.4	67.42
67.1	67.43
67.1	67.44
67.3	67.45
67.4	67.46
67.4	67.47
67.4	67.48
67.1	67.49
67.5	67.50
67.4	67.51
67.5	67.52
67.5	67.53
67.4	67.54
67.4	67.55
67.4	67.56
67.4	67.57
67.4	67.58
67.1	67.59
67.5	67.60
67.5	67.61
67.5	67.62
67.1	67.63
67.1	67.64
68.4	68.1
68.4	68.2
68.1	68.3
68.4	68.4
68.4	68.5
68.6	68.6
68.4	68.7
68.1	68.8
68.3	68.9
68.6	68.10
68.1	68.11
68.5	68.12
68.1	68.13
68.4	68.14
68.4	68.15
68.5	68.16
68.1	68.17
68.1	68.18
68.1	68.19
68.6	68.20
68.1	68.21
68.6	68.22
68.4	68.23
68.6	68.24
68.4	68.25
68.4	68.26
68.1	68.27
68.5	68.28
68.5	68.29
68.4	68.30
68.4	68.31
68.4	68.32
68.5	68.33
68.4	68.34
68.4	68.35
68.5	68.36
68.7	68.37
68.1	68.38
68.4	68.39
68.4	68.40
68.4	68.41
68.1	68.42
68.1	68.43
68.1	68.44
68.6	68.45
68.5	68.46
68.6	68.47
68.1	68.48
68.1	68.49
68.1	68.50
68.2	68.51
68.4	68.52
68.4	68.53
68.1	68.54
68.1	68.55
68.1	68.56
68.1	68.57
68.6	68.58
68.1	68.59
68.4	68.60
68.4	68.61
68.1	68.62
68.1	68.63
68.1	68.64
69.7	69.1
69.5	69.2
69.1	69.3
69.1	69.4
69.6	69.5
69.3	69.6
69.7	69.7
69.3	69.8
69.1	69.9
69.1	69.10
69.8	69.11
69.8	69.12
69.5	69.13
69.8	69.14
69.2	69.15
69.6	69.16
69.7	69.17
69.7	69.18
69.7	69.19
69.7	69.20
69.5	69.21
69.6	69.22
69.7	69.23
69.5	69.24
69.5	69.25
69.7	69.26
69.5	69.27
69.6	69.28
69.1	69.29
69.3	69.30
69.1	69.31
69.6	69.32
69.1	69.33
69.5	69.34
69.1	69.35
69.5	69.36
69.8	69.37
69.6	69.38
69.1	69.39
69.8	69.40
69.1	69.41
69.8	69.42
69.4	69.43
69.7	69.44
69.3	69.45
69.8	69.46
69.1	69.47
69.1	69.48
69.1	69.49
69.5	69.50
69.1	69.51
69.5	69.52
69.7	69.53
69.8	69.54
69.6	69.55
69.7	69.56
69.5	69.57
69.1	69.58
69.7	69.59
69.4	69.60
69.7	69.61
69.1	69.62
69.6	69.63
69.6	69.64
70.6	70.1
70.9	70.2
70.9	70.3
70.9	70.4
70.9	70.5
70.5	70.6
70.1	70.7
70.6	70.8
70.9	70.9
70.9	70.10
70.9	70.11
70.6	70.12
70.9	70.13
70.9	70.14
70.6	70.15
70.9	70.16
70.6	70.17
70.6	70.18
70.6	70.19
70.9	70.20
70.9	70.21
70.6	70.22
70.9	70.23
70.6	70.24
70.3	70.25
70.3	70.26
70.6	70.27
70.9	70.28
70.6	70.29
70.9	70.30
70.6	70.31
70.4	70.32
70.2	70.33
70.7	70.34
70.9	70.35
70.9	70.36
70.9	70.37
70.9	70.38
70.9	70.39
70.6	70.40
70.9	70.41
70.6	70.42
70.3	70.43
70.9	70.44
70.3	70.45
70.9	70.46
70.9	70.47
70.6	70.48
70.6	70.49
70.6	70.50
70.6	70.51
70.6	70.52
70.3	70.53
70.1	70.54
70.6	70.55
70.8	70.56
70.3	70.57
70.6	70.58
70.9	70.59
70.6	70.60
70.9	70.61
70.6	70.62
70.9	70.63
70.9	70.64
71.4	71.1
71.1	71.2
71.6	71.3
71.6	71.4
71.1	71.5
71.1	71.6
71.6	71.7
71.1	71.8
71.6	71.9
71.1	71.10
71.6	71.11
71.1	71.12
71.1	71.13
71.6	71.14
71.1	71.15
71.1	71.16
71.6	71.17
71.6	71.18
71.1	71.19
71.1	71.20
71.1	71.21
71.4	71.22
71.6	71.23
71.1	71.24
71.4	71.25
71.5	71.26
71.5	71.27
71.1	71.28
71.1	71.29
71.1	71.30
71.6	71.31
71.1	71.32
71.4	71.33
71.5	71.34
71.1	71.35
71.2	71.36
71.6	71.37
71.6	71.38
71.6	71.39
71.5	71.40
71.5	71.41
71.5	71.42
71.6	71.43
71.3	71.44
71.6	71.45
71.1	71.46
71.1	71.47
71.6	71.48
71.5	71.49
71.5	71.50
71.6	71.51
71.5	71.52
71.5	71.53
71.6	71.54
71.6	71.55
71.1	71.56
71.5	71.57
71.4	71.58
71.5	71.59
71.3	71.60
71.6	71.61
71.6	71.62
71.1	71.63
71.6	71.64
72.4	72.1
72.9	72.2
72.4	72.3
72.10	72.4
72.1	72.5
72.1	72.6
72.4	72.7
72.4	72.8
72.12	72.9
72.4	72.10
72.12	72.11
72.2	72.12
72.12	72.13
72.5	72.14
72.12	72.15
72.12	72.16
72.10	72.17
72.3	72.18
72.4	72.19
72.1	72.20
72.12	72.21
72.12	72.22
72.1	72.23
72.12	72.24
72.1	72.25
72.12	72.26
72.1	72.27
72.5	72.28
72.10	72.29
72.3	72.30
72.4	72.31
72.12	72.32
72.10	72.33
72.12	72.34
72.1	72.35
72.4	72.36
72.10	72.37
72.10	72.38
72.1	72.39
72.12	72.40
72.11	72.41
72.12	72.42
72.12	72.43
72.10	72.44
72.9	72.45
72.12	72.46
72.12	72.47
72.7	72.48
72.11	72.49
72.6	72.50
72.4	72.51
72.10	72.52
72.4	72.53
72.12	72.54
72.1	72.55
72.9	72.56
72.10	72.57
72.12	72.58
72.10	72.59
72.8	72.60
72.4	72.61
72.1	72.62
72.8	72.63
72.9	72.64
73.1	73.1
73.6	73.2
73.1	73.3
73.6	73.4
73.2	73.5
73.1	73.6
73.6	73.7
73.1	73.8
73.1	73.9
73.1	73.10
73.6	73.11
73.6	73.12
73.3	73.13
73.6	73.14
73.6	73.15
73.1	73.16
73.6	73.17
73.1	73.18
73.6	73.19
73.1	73.20
73.1	73.21
73.6	73.22
73.6	73.23
73.3	73.24
73.1	73.25
73.6	73.26
73.1	73.27
73.5	73.28
73.3	73.29
73.6	73.30
73.3	73.31
73.1	73.32
73.1	73.33
73.6	73.34
73.1	73.35
73.1	73.36
73.3	73.37
73.1	73.38
73.3	73.39
73.6	73.40
73.6	73.41
73.6	73.42
73.6	73.43
73.3	73.44
73.1	73.45
73.3	73.46
73.6	73.47
73.3	73.48
73.1	73.49
73.6	73.50
73.6	73.51
73.1	73.52
73.1	73.53
73.3	73.54
73.3	73.55
73.3	73.56
73.1	73.57
73.1	73.58
73.3	73.59
73.1	73.60
73.1	73.61
73.1	73.62
73.4	73.63
73.6	73.64
74.7	74.1
74.1	74.2
74.7	74.3
74.8	74.4
74.7	74.5
74.1	74.6
74.8	74.7
74.4	74.8
74.7	74.9
74.1	74.10
74.7	74.11
74.7	74.12
74.7	74.13
74.7	74.14
74.7	74.15
74.1	74.16
74.7	74.17
74.7	74.18
74.1	74.19
74.7	74.20
74.1	74.21
74.8	74.22
74.1	74.23
74.7	74.24
74.1	74.25
74.8	74.26
74.8	74.27
74.1	74.28
74.7	74.29
74.7	74.30
74.7	74.31
74.1	74.32
74.7	74.33
74.1	74.34
74.1	74.35
74.7	74.36
74.8	74.37
74.1	74.38
74.1	74.39
74.1	74.40
74.6	74.41
74.1	74.42
74.7	74.43
74.7	74.44
74.7	74.45
74.8	74.46
74.1	74.47
74.1	74.48
74.6	74.49
74.3	74.50
74.5	74.51
74.8	74.52
74.7	74.53
74.1	74.54
74.8	74.55
74.8	74.56
74.1	74.57
74.7	74.58
74.1	74.59
74.2	74.60
74.1	74.61
74.8	74.62
74.1	74.63
74.4	74.64
75.6	75.1
75.7	75.2
75.7	75.3
75.1	75.4
75.7	75.5
75.1	75.6
75.6	75.7
75.7	75.8
75.7	75.9
75.7	75.10
75.1	75.11
75.1	75.12
75.1	75.13
75.7	75.14
75.1	75.15
75.6	75.16
75.5	75.17
75.1	75.18
75.7	75.19
75.2	75.20
75.1	75.21
75.1	75.22
75.1	75.23
75.4	75.24
75.3	75.25
75.6	75.26
75.6	75.27
75.1	75.28
75.3	75.29
75.6	75.30
75.7	75.31
75.1	75.32
75.1	75.33
75.7	75.34
75.1	75.35
75.1	75.36
75.7	75.37
75.7	75.38
75.3	75.39
75.1	75.40
75.7	75.41
75.1	75.42
75.7	75.43
75.6	75.44
75.8	75.45
75.8	75.46
75.3	75.47
75.7	75.48
75.7	75.49
75.6	75.50
75.6	75.51
75.5	75.52
75.7	75.53
75.7	75.54
75.7	75.55
75.6	75.56
75.9	75.57
75.7	75.58
75.1	75.59
75.6	75.60
75.5	75.61
75.6	75.62
75.5	75.63
75.7	75.64
76.6	76.1
76.1	76.2
76.6	76.3
76.1	76.4
76.1	76.5
76.1	76.6
76.1	76.7
76.1	76.8
76.1	76.9
76.5	76.10
76.1	76.11
76.1	76.12
76.6	76.13
76.6	76.14
76.1	76.15
76.6	76.16
76.6	76.17
76.1	76.18
76.1	76.19
76.1	76.20
76.4	76.21
76.1	76.22
76.6	76.23
76.6	76.24
76.1	76.25
76.1	76.26
76.1	76.27
76.1	76.28
76.1	76.29
76.1	76.30
76.6	76.31
76.6	76.32
76.1	76.33
76.1	76.34
76.1	76.35
76.5	76.36
76.1	76.37
76.1	76.38
76.1	76.39
76.6	76.40
76.6	76.41
76.1	76.42
76.6	76.43
76.5	76.44
76.1	76.45
76.6	76.46
76.1	76.47
76.6	76.48
76.6	76.49
76.5	76.50
76.1	76.51
76.6	76.52
76.6	76.53
76.5	76.54
76.2	76.55
76.1	76.56
76.1	76.57
76.1	76.58
76.1	76.59
76.1	76.60
76.6	76.61
76.3	76.62
76.6	76.63
76.1	76.64
77.6	77.1
77.7	77.2
77.6	77.3
77.1	77.4
77.6	77.5
77.6	77.6
77.6	77.7
77.6	77.8
77.6	77.9
77.1	77.10
77.6	77.11
77.1	77.12
77.6	77.13
77.6	77.14
77.6	77.15
77.6	77.16
77.2	77.17
77.6	77.18
77.6	77.19
77.4	77.20
77.1	77.21
77.6	77.22
77.1	77.23
77.6	77.24
77.6	77.25
77.1	77.26
77.7	77.27
77.6	77.28
77.5	77.29
77.1	77.30
77.6	77.31
77.6	77.32
77.1	77.33
77.5	77.34
77.7	77.35
77.6	77.36
77.6	77.37
77.1	77.38
77.7	77.39
77.7	77.40
77.1	77.41
77.6	77.42
77.6	77.43
77.6	77.44
77.9	77.45
77.7	77.46
77.9	77.47
77.8	77.48
77.6	77.49
77.6	77.50
77.1	77.51
77.1	77.52
77.5	77.53
77.3	77.54
77.6	77.55
77.4	77.56
77.7	77.57
77.6	77.58
77.6	77.59
77.6	77.60
77.6	77.61
77.6	77.62
77.6	77.63
77.1	77.64
78.9	78.1
78.6	78.2
78.1	78.3
78.10	78.4
78.11	78.5
78.6	78.6
78.11	78.7
78.2	78.8
78.7	78.9
78.11	78.10
78.4	78.11
78.6	78.12
78.9	78.13
78.10	78.14
78.1	78.15
78.11	78.16
78.11	78.17
78.9	78.18
78.1	78.19
78.7	78.20
78.7	78.21
78.12	78.22
78.11	78.23
78.1	78.24
78.12	78.25
78.7	78.26
78.11	78.27
78.1	78.28
78.1	78.29
78.1	78.30
78.11	78.31
78.1	78.32
78.10	78.33
78.1	78.34
78.11	78.35
78.1	78.36
78.5	78.37
78.12	78.38
78.11	78.39
78.6	78.40
78.11	78.41
78.1	78.42
78.8	78.43
78.1	78.44
78.11	78.45
78.11	78.46
78.3	78.47
78.1	78.48
78.11	78.49
78.6	78.50
78.6	78.51
78.1	78.52
78.9	78.53
78.10	78.54
78.12	78.55
78.9	78.56
78.1	78.57
78.1	78.58
78.12	78.59
78.4	78.60
78.11	78.61
78.10	78.62
78.12	78.63
78.11	78.64
79.3	79.1
79.3	79.2
79.3	79.3
79.7	79.4
79.7	79.5
79.7	79.6
79.7	79.7
79.7	79.8
79.7	79.9
79.7	79.10
79.7	79.11
79.3	79.12
79.7	79.13
79.5	79.14
79.6	79.15
79.7	79.16
79.3	79.17
79.6	79.18
79.7	79.19
79.6	79.20
79.7	79.21
79.7	79.22
79.7	79.23
79.7	79.24
79.7	79.25
79.7	79.26
79.3	79.27
79.3	79.28
79.7	79.29
79.6	79.30
79.7	79.31
79.7	79.32
79.1	79.33
79.1	79.34
79.6	79.35
79.3	79.36
79.3	79.37
79.2	79.38
79.3	79.39
79.7	79.40
79.7	79.41
79.1	79.42
79.3	79.43
79.3	79.44
79.3	79.45
79.6	79.46
79.7	79.47
79.6	79.48
79.3	79.49
79.4	79.50
79.7	79.51
79.7	79.52
79.7	79.53
79.7	79.54
79.7	79.55
79.7	79.56
79.1	79.57
79.3	79.58
79.6	79.59
79.7	79.60
79.7	79.61
79.6	79.62
79.7	79.63
79.7	79.64
80.6	80.1
80.6	80.2
80.5	80.3
80.6	80.4
80.6	80.5
80.1	80.6
80.6	80.7
80.2	80.8
80.1	80.9
80.1	80.10
80.1	80.11
80.6	80.12
80.1	80.13
80.1	80.14
80.5	80.15
80.6	80.16
80.6	80.17
80.1	80.18
80.6	80.19
80.6	80.20
80.5	80.21
80.1	80.22
80.6	80.23
80.1	80.24
80.1	80.25
80.1	80.26
80.6	80.27
80.1	80.28
80.6	80.29
80.6	80.30
80.1	80.31
80.5	80.32
80.6	80.33
80.1	80.34
80.6	80.35
80.6	80.36
80.6	80.37
80.1	80.38
80.6	80.39
80.6	80.40
80.1	80.41
80.6	80.42
80.6	80.43
80.5	80.44
80.1	80.45
80.1	80.46
80.1	80.47
80.6	80.48
80.1	80.49
80.5	80.50
80.6	80.51
80.1	80.52
80.6	80.53
80.4	80.54
80.6	80.55
80.6	80.56
80.6	80.57
80.6	80.58
80.1	80.59
80.6	80.60
80.1	80.61
80.3	80.62
80.6	80.63
80.6	80.64
81.4	81.1
81.1	81.2
81.1	81.3
81.6	81.4
81.1	81.5
81.6	81.6
81.6	81.7
81.1	81.8
81.1	81.9
81.1	81.10
81.6	81.11
81.4	81.12
81.4	81.13
81.1	81.14
81.6	81.15
81.6	81.16
81.6	81.17
81.1	81.18
81.5	81.19
81.4	81.20
81.6	81.21
81.6	81.22
81.1	81.23
81.1	81.24
81.6	81.25
81.6	81.26
81.5	81.27
81.4	81.28
81.4	81.29
81.4	81.30
81.1	81.31
81.4	81.32
81.4	81.33
81.6	81.34
81.1	81.35
81.6	81.36
81.1	81.37
81.6	81.38
81.6	81.39
81.3	81.40
81.5	81.41
81.1	81.42
81.6	81.43
81.1	81.44
81.1	81.45
81.6	81.46
81.4	81.47
81.1	81.48
81.6	81.49
81.1	81.50
81.4	81.51
81.6	81.52
81.5	81.53
81.6	81.54
81.1	81.55
81.4	81.56
81.1	81.57
81.1	81.58
81.3	81.59
81.6	81.60
81.4	81.61
81.2	81.62
81.6	81.63
81.5	81.64
82.8	82.1
82.1	82.2
82.1	82.3
82.9	82.4
82.5	82.5
82.7	82.6
82.6	82.7
82.8	82.8
82.6	82.9
82.7	82.10
82.8	82.11
82.6	82.12
82.6	82.13
82.9	82.14
82.6	82.15
82.8	82.16
82.5	82.17
82.8	82.18
82.1	82.19
82.8	82.20
82.7	82.21
82.8	82.22
82.4	82.23
82.7	82.24
82.8	82.25
82.5	82.26
82.6	82.27
82.8	82.28
82.5	82.29
82.6	82.30
82.1	82.31
82.1	82.32
82.8	82.33
82.5	82.34
82.8	82.35
82.6	82.36
82.1	82.37
82.1	82.38
82.8	82.39
82.8	82.40
82.8	82.41
82.8	82.42
82.8	82.43
82.6	82.44
82.8	82.45
82.6	82.46
82.8	82.47
82.8	82.48
82.8	82.49
82.5	82.50
82.6	82.51
82.1	82.52
82.8	82.53
82.6	82.54
82.1	82.55
82.1	82.56
82.2	82.57
82.1	82.58
82.5	82.59
82.6	82.60
82.8	82.61
82.3	82.62
82.6	82.63
82.8	82.64
83.1	83.1
83.10	83.2
83.1	83.3
83.1	83.4
83.6	83.5
83.9	83.6
83.7	83.7
83.7	83.8
83.1	83.9
83.7	83.10
83.8	83.11
83.1	83.12
83.12	83.13
83.4	83.14
83.12	83.15
83.1	83.16
83.12	83.17
83.1	83.18
83.10	83.19
83.1	83.20
83.10	83.21
83.11	83.22
83.1	83.23
83.9	83.24
83.11	83.25
83.1	83.26
83.1	83.27
83.9	83.28
83.3	83.29
83.10	83.30
83.1	83.31
83.2	83.32
83.12	83.33
83.4	83.34
83.1	83.35
83.12	83.36
83.1	83.37
83.1	83.38
83.5	83.39
83.10	83.40
83.12	83.41
83.1	83.42
83.7	83.43
83.1	83.44
83.1	83.45
83.10	83.46
83.10	83.47
83.1	83.48
83.1	83.49
83.10	83.50
83.10	83.51
83.10	83.52
83.10	83.53
83.10	83.54
83.1	83.55
83.10	83.56
83.7	83.57
83.10	83.58
83.10	83.59
83.1	83.60
83.10	83.61
83.1	83.62
83.1	83.63
83.7	83.64
84.8	84.1
84.4	84.2
84.8	84.3
84.12	84.4
84.12	84.5
84.1	84.6
84.3	84.7
84.3	84.8
84.8	84.9
84.8	84.10
84.12	84.11
84.8	84.12
84.12	84.13
84.11	84.14
84.12	84.15
84.8	84.16
84.12	84.17
84.10	84.18
84.7	84.19
84.8	84.20
84.12	84.21
84.11	84.22
84.12	84.23
84.8	84.24
84.1	84.25
84.1	84.26
84.7	84.27
84.12	84.28
84.1	84.29
84.12	84.30
84.12	84.31
84.8	84.32
84.3	84.33
84.1	84.34
84.1	84.35
84.11	84.36
84.7	84.37
84.8	84.38
84.8	84.39
84.1	84.40
84.12	84.41
84.12	84.42
84.6	84.43
84.11	84.44
84.11	84.45
84.1	84.46
84.1	84.47
84.7	84.48
84.12	84.49
84.12	84.50
84.2	84.51
84.1	84.52
84.12	84.53
84.5	84.54
84.12	84.55
84.12	84.56
84.12	84.57
84.8	84.58
84.1	84.59
84.9	84.60
84.12	84.61
84.8	84.62
84.11	84.63
84.12	84.64
85.6	85.1
85.7	85.2
85.7	85.3
85.7	85.4
85.7	85.5
85.6	85.6
85.7	85.7
85.7	85.8
85.6	85.9
85.7	85.10
85.6	85.11
85.2	85.12
85.3	85.13
85.1	85.14
85.4	85.15
85.7	85.16
85.7	85.17
85.1	85.18
85.1	85.19
85.7	85.20
85.6	85.21
85.4	85.22
85.7	85.23
85.7	85.24
85.1	85.25
85.7	85.26
85.6	85.27
85.6	85.28
85.5	85.29
85.1	85.30
85.4	85.31
85.7	85.32
85.7	85.33
85.1	85.34
85.1	85.35
85.1	85.36
85.7	85.37
85.7	85.38
85.1	85.39
85.4	85.40
85.1	85.41
85.4	85.42
85.1	85.43
85.7	85.44
85.1	85.45
85.7	85.46
85.7	85.47
85.7	85.48
85.1	85.49
85.1	85.50
85.7	85.51
85.7	85.52
85.7	85.53
85.7	85.54
85.6	85.55
85.6	85.56
85.6	85.57
85.1	85.58
85.4	85.59
85.6	85.60
85.7	85.61
85.1	85.62
85.4	85.63
85.1	85.64
86.4	86.1
86.1	86.2
86.1	86.3
86.1	86.4
86.1	86.5
86.1	86.6
86.1	86.7
86.1	86.8
86.4	86.9
86.4	86.10
86.3	86.11
86.3	86.12
86.1	86.13
86.1	86.14
86.3	86.15
86.4	86.16
86.4	86.17
86.1	86.18
86.4	86.19
86.1	86.20
86.1	86.21
86.4	86.22
86.4	86.23
86.1	86.24
86.1	86.25
86.1	86.26
86.3	86.27
86.4	86.28
86.1	86.29
86.3	86.30
86.4	86.31
86.1	86.32
86.1	86.33
86.4	86.34
86.2	86.35
86.4	86.36
86.4	86.37
86.1	86.38
86.1	86.39
86.3	86.40
86.4	86.41
86.4	86.42
86.4	86.43
86.4	86.44
86.1	86.45
86.1	86.46
86.4	86.47
86.3	86.48
86.4	86.49
86.3	86.50
86.1	86.51
86.1	86.52
86.4	86.53
86.4	86.54
86.4	86.55
86.4	86.56
86.4	86.57
86.4	86.58
86.4	86.59
86.4	86.60
86.4	86.61
86.1	86.62
86.1	86.63
86.1	86.64
87.1	87.1
87.3	87.2
87.3	87.3
87.3	87.4
87.1	87.5
87.3	87.6
87.3	87.7
87.3	87.8
87.1	87.9
87.3	87.10
87.1	87.11
87.3	87.12
87.3	87.13
87.1	87.14
87.3	87.15
87.3	87.16
87.3	87.17
87.3	87.18
87.3	87.19
87.3	87.20
87.3	87.21
87.3	87.22
87.3	87.23
87.3	87.24
87.1	87.25
87.5	87.26
87.3	87.27
87.3	87.28
87.4	87.29
87.1	87.30
87.1	87.31
87.3	87.32
87.3	87.33
87.3	87.34
87.2	87.35
87.3	87.36
87.1	87.37
87.1	87.38
87.3	87.39
87.3	87.40
87.3	87.41
87.3	87.42
87.1	87.43
87.1	87.44
87.3	87.45
87.1	87.46
87.1	87.47
87.3	87.48
87.1	87.49
87.5	87.50
87.1	87.51
87.1	87.52
87.3	87.53
87.1	87.54
87.3	87.55
87.3	87.56
87.1	87.57
87.1	87.58
87.3	87.59
87.3	87.60
87.1	87.61
87.1	87.62
87.3	87.63
87.3	87.64
88.6	88.1
88.6	88.2
88.5	88.3
88.5	88.4
88.1	88.5
88.6	88.6
88.1	88.7
88.1	88.8
88.1	88.9
88.3	88.10
88.1	88.11
88.3	88.12
88.6	88.13
88.4	88.14
88.1	88.15
88.1	88.16
88.5	88.17
88.1	88.18
88.4	88.19
88.4	88.20
88.6	88.21
88.4	88.22
88.5	88.23
88.5	88.24
88.5	88.25
88.5	88.26
88.1	88.27
88.6	88.28
88.3	88.29
88.1	88.30
88.4	88.31
88.3	88.32
88.5	88.33
88.1	88.34
88.4	88.35
88.1	88.36
88.1	88.37
88.1	88.38
88.4	88.39
88.1	88.40
88.5	88.41
88.6	88.42
88.4	88.43
88.3	88.44
88.5	88.45
88.1	88.46
88.1	88.47
88.2	88.48
88.5	88.49
88.1	88.50
88.6	88.51
88.1	88.52
88.1	88.53
88.5	88.54
88.6	88.55
88.6	88.56
88.6	88.57
88.5	88.58
88.1	88.59
88.4	88.60
88.1	88.61
88.5	88.62
88.1	88.63
88.6	88.64
89.4	89.1
89.1	89.2
89.4	89.3
89.4	89.4
89.4	89.5
89.4	89.6
89.1	89.7
89.1	89.8
89.1	89.9
89.1	89.10
89.1	89.11
89.1	89.12
89.4	89.13
89.4	89.14
89.4	89.15
89.4	89.16
89.1	89.17
89.4	89.18
89.4	89.19
89.4	89.20
89.1	89.21
89.4	89.22
89.2	89.23
89.1	89.24
89.4	89.25
89.1	89.26
89.1	89.27
89.4	89.28
89.4	89.29
89.1	89.30
89.1	89.31
89.1	89.32
89.4	89.33
89.3	89.34
89.1	89.35
89.4	89.36
89.1	89.37
89.4	89.38
89.4	89.39
89.4	89.40
89.4	89.41
89.1	89.42
89.1	89.43
89.4	89.44
89.1	89.45
89.1	89.46
89.4	89.47
89.4	89.48
89.1	89.49
89.4	89.50
89.1	89.51
89.1	89.52
89.4	89.53
89.4	89.54
89.1	89.55
89.1	89.56
89.4	89.57
89.1	89.58
89.1	89.59
89.1	89.60
89.4	89.61
89.1	89.62
89.4	89.63
89.1	89.64
90.1	90.1
90.1	90.2
90.1	90.3
90.1	90.4
90.1	90.5
90.5	90.6
90.5	90.7
90.5	90.8
90.5	90.9
90.1	90.10
90.5	90.11
90.1	90.12
90.1	90.13
90.5	90.14
90.1	90.15
90.1	90.16
90.1	90.17
90.5	90.18
90.1	90.19
90.1	90.20
90.1	90.21
90.1	90.22
90.5	90.23
90.1	90.24
90.3	90.25
90.4	90.26
90.1	90.27
90.5	90.28
90.5	90.29
90.1	90.30
90.5	90.31
90.1	90.32
90.5	90.33
90.3	90.34
90.5	90.35
90.1	90.36
90.1	90.37
90.1	90.38
90.5	90.39
90.1	90.40
90.5	90.41
90.5	90.42
90.4	90.43
90.4	90.44
90.1	90.45
90.1	90.46
90.1	90.47
90.1	90.48
90.5	90.49
90.4	90.50
90.1	90.51
90.1	90.52
90.5	90.53
90.1	90.54
90.1	90.55
90.5	90.56
90.5	90.57
90.1	90.58
90.1	90.59
90.5	90.60
90.4	90.61
90.5	90.62
90.5	90.63
90.2	90.64
91.1	91.1
91.1	91.2
91.4	91.3
91.4	91.4
91.1	91.5
91.1	91.6
91.1	91.7
91.1	91.8
91.4	91.9
91.1	91.10
91.1	91.11
91.4	91.12
91.4	91.13
91.1	91.14
91.1	91.15
91.1	91.16
91.1	91.17
91.1	91.18
91.4	91.19
91.1	91.20
91.3	91.21
91.1	91.22
91.4	91.23
91.1	91.24
91.1	91.25
91.1	91.26
91.1	91.27
91.4	91.28
91.3	91.29
91.4	91.30
91.4	91.31
91.4	91.32
91.1	91.33
91.4	91.34
91.4	91.35
91.1	91.36
91.1	91.37
91.3	91.38
91.5	91.39
91.1	91.40
91.1	91.41
91.2	91.42
91.4	91.43
91.3	91.44
91.1	91.45
91.4	91.46
91.4	91.47
91.1	91.48
91.1	91.49
91.4	91.50
91.1	91.51
91.1	91.52
91.4	91.53
91.4	91.54
91.4	91.55
91.4	91.56
91.1	91.57
91.1	91.58
91.4	91.59
91.4	91.60
91.1	91.61
91.1	91.62
91.1	91.63
91.1	91.64
92.6	92.1
92.4	92.2
92.1	92.3
92.4	92.4
92.4	92.5
92.4	92.6
92.1	92.7
92.4	92.8
92.1	92.9
92.1	92.10
92.6	92.11
92.4	92.12
92.4	92.13
92.5	92.14
92.4	92.15
92.6	92.16
92.4	92.17
92.4	92.18
92.6	92.19
92.4	92.20
92.4	92.21
92.4	92.22
92.3	92.23
92.4	92.24
92.6	92.25
92.4	92.26
92.4	92.27
92.1	92.28
92.4	92.29
92.4	92.30
92.1	92.31
92.1	92.32
92.6	92.33
92.1	92.34
92.6	92.35
92.5	92.36
92.4	92.37
92.5	92.38
92.1	92.39
92.4	92.40
92.4	92.41
92.6	92.42
92.6	92.43
92.6	92.44
92.4	92.45
92.6	92.46
92.4	92.47
92.4	92.48
92.4	92.49
92.6	92.50
92.2	92.51
92.4	92.52
92.4	92.53
92.1	92.54
92.6	92.55
92.5	92.56
92.5	92.57
92.4	92.58
92.4	92.59
92.4	92.60
92.6	92.61
92.6	92.62
92.4	92.63
92.6	92.64
93.1	93.1
93.1	93.2
93.12	93.3
93.12	93.4
93.1	93.5
93.12	93.6
93.1	93.7
93.1	93.8
93.1	93.9
93.1	93.10
93.1	93.11
93.1	93.12
93.10	93.13
93.7	93.14
93.1	93.15
93.12	93.16
93.12	93.17
93.1	93.18
93.1	93.19
93.1	93.20
93.1	93.21
93.1	93.22
93.12	93.23
93.1	93.24
93.7	93.25
93.1	93.26
93.12	93.27
93.1	93.28
93.1	93.29
93.1	93.30
93.12	93.31
93.1	93.32
93.6	93.33
93.1	93.34
93.10	93.35
93.10	93.36
93.11	93.37
93.1	93.38
93.12	93.39
93.1	93.40
93.1	93.41
93.12	93.42
93.8	93.43
93.2	93.44
93.1	93.45
93.1	93.46
93.1	93.47
93.1	93.48
93.12	93.49
93.10	93.50
93.10	93.51
93.9	93.52
93.1	93.53
93.5	93.54
93.9	93.55
93.1	93.56
93.12	93.57
93.4	93.58
93.3	93.59
93.1	93.60
93.9	93.61
93.9	93.62
93.11	93.63
93.1	93.64
94.1	94.1
94.4	94.2
94.1	94.3
94.4	94.4
94.4	94.5
94.4	94.6
94.1	94.7
94.1	94.8
94.4	94.9
94.4	94.10
94.1	94.11
94.1	94.12
94.1	94.13
94.1	94.14
94.1	94.15
94.4	94.16
94.4	94.17
94.1	94.18
94.1	94.19
94.1	94.20
94.4	94.21
94.1	94.22
94.1	94.23
94.1	94.24
94.4	94.25
94.4	94.26
94.4	94.27
94.4	94.28
94.1	94.29
94.4	94.30
94.1	94.31
94.5	94.32
94.1	94.33
94.4	94.34
94.4	94.35
94.2	94.36
94.4	94.37
94.2	94.38
94.4	94.39
94.4	94.40
94.1	94.41
94.1	94.42
94.3	94.43
94.4	94.44
94.1	94.45
94.1	94.46
94.4	94.47
94.4	94.48
94.1	94.49
94.4	94.50
94.4	94.51
94.1	94.52
94.5	94.53
94.4	94.54
94.4	94.55
94.4	94.56
94.4	94.57
94.4	94.58
94.4	94.59
94.1	94.60
94.1	94.61
94.4	94.62
94.4	94.63
94.1	94.64
95.1	95.1
95.7	95.2
95.7	95.3
95.6	95.4
95.7	95.5
95.2	95.6
95.7	95.7
95.5	95.8
95.4	95.9
95.7	95.10
95.7	95.11
95.1	95.12
95.3	95.13
95.7	95.14
95.3	95.15
95.5	95.16
95.7	95.17
95.7	95.18
95.1	95.19
95.7	95.20
95.7	95.21
95.1	95.22
95.1	95.23
95.7	95.24
95.1	95.25
95.5	95.26
95.7	95.27
95.1	95.28
95.7	95.29
95.7	95.30
95.1	95.31
95.1	95.32
95.7	95.33
95.1	95.34
95.7	95.35
95.3	95.36
95.1	95.37
95.7	95.38
95.5	95.39
95.5	95.40
95.5	95.41
95.7	95.42
95.1	95.43
95.1	95.44
95.7	95.45
95.1	95.46
95.7	95.47
95.5	95.48
95.7	95.49
95.1	95.50
95.7	95.51
95.1	95.52
95.1	95.53
95.1	95.54
95.5	95.55
95.6	95.56
95.7	95.57
95.5	95.58
95.7	95.59
95.1	95.60
95.1	95.61
95.7	95.62
95.6	95.63
95.7	95.64
96.6	96.1
96.4	96.2
96.1	96.3
96.1	96.4
96.5	96.5
96.8	96.6
96.6	96.7
96.6	96.8
96.1	96.9
96.7	96.10
96.9	96.11
96.6	96.12
96.7	96.13
96.1	96.14
96.3	96.15
96.6	96.16
96.1	96.17
96.6	96.18
96.8	96.19
96.5	96.20
96.4	96.21
96.1	96.22
96.8	96.23
96.8	96.24
96.6	96.25
96.6	96.26
96.4	96.27
96.9	96.28
96.1	96.29
96.8	96.30
96.8	96.31
96.1	96.32
96.8	96.33
96.8	96.34
96.8	96.35
96.8	96.36
96.3	96.37
96.6	96.38
96.1	96.39
96.9	96.40
96.6	96.41
96.1	96.42
96.8	96.43
96.8	96.44
96.1	96.45
96.8	96.46
96.6	96.47
96.6	96.48
96.8	96.49
96.6	96.50
96.9	96.51
96.6	96.52
96.4	96.53
96.2	96.54
96.1	96.55
96.6	96.56
96.6	96.57
96.7	96.58
96.9	96.59
96.3	96.60
96.1	96.61
96.6	96.62
96.7	96.63
96.4	96.64
97.6	97.1
97.1	97.2
97.6	97.3
97.6	97.4
97.1	97.5
97.5	97.6
97.5	97.7
97.6	97.8
97.1	97.9
97.1	97.10
97.6	97.11
97.6	97.12
97.1	97.13
97.6	97.14
97.1	97.15
97.6	97.16
97.1	97.17
97.6	97.18
97.7	97.19
97.1	97.20
97.6	97.21
97.1	97.22
97.1	97.23
97.6	97.24
97.3	97.25
97.3	97.26
97.1	97.27
97.6	97.28
97.1	97.29
97.5	97.30
97.5	97.31
97.1	97.32
97.1	97.33
97.1	97.34
97.5	97.35
97.6	97.36
97.1	97.37
97.1	97.38
97.6	97.39
97.1	97.40
97.2	97.41
97.1	97.42
97.4	97.43
97.1	97.44
97.1	97.45
97.6	97.46
97.5	97.47
97.6	97.48
97.5	97.49
97.6	97.50
97.5	97.51
97.1	97.52
97.6	97.53
97.1	97.54
97.6	97.55
97.6	97.56
97.1	97.57
97.4	97.58
97.6	97.59
97.1	97.60
97.1	97.61
97.6	97.62
97.1	97.63
97.1	97.64
98.9	98.1
98.9	98.2
98.9	98.3
98.9	98.4
98.9	98.5
98.9	98.6
98.1	98.7
98.9	98.8
98.9	98.9
98.9	98.10
98.9	98.11
98.1	98.12
98.9	98.13
98.1	98.14
98.8	98.15
98.9	98.16
98.1	98.17
98.1	98.18
98.9	98.19
98.6	98.20
98.7	98.21
98.9	98.22
98.9	98.23
98.9	98.24
98.9	98.25
98.9	98.26
98.1	98.27
98.5	98.28
98.7	98.29
98.9	98.30
98.7	98.31
98.6	98.32
98.9	98.33
98.9	98.34
98.9	98.35
98.9	98.36
98.7	98.37
98.1	98.38
98.6	98.39
98.1	98.40
98.7	98.41
98.8	98.42
98.1	98.43
98.1	98.44
98.1	98.45
98.9	98.46
98.9	98.47
98.1	98.48
98.1	98.49
98.7	98.50
98.9	98.51
98.1	98.52
98.1	98.53
98.2	98.54
98.9	98.55
98.9	98.56
98.9	98.57
98.4	98.58
98.9	98.59
98.1	98.60
98.3	98.61
98.9	98.62
98.9	98.63
98.1	98.64
99.5	99.1
99.4	99.2
99.5	99.3
99.1	99.4
99.4	99.5
99.4	99.6
99.5	99.7
99.4	99.8
99.5	99.9
99.4	99.10
99.4	99.11
99.4	99.12
99.5	99.13
99.4	99.14
99.1	99.15
99.4	99.16
99.3	99.17
99.4	99.18
99.4	99.19
99.4	99.20
99.5	99.21
99.5	99.22
99.5	99.23
99.2	99.24
99.4	99.25
99.1	99.26
99.1	99.27
99.5	99.28
99.4	99.29
99.5	99.30
99.4	99.31
99.5	99.32
99.4	99.33
99.5	99.34
99.3	99.35
99.4	99.36
99.5	99.37
99.4	99.38
99.4	99.39
99.4	99.40
99.4	99.41
99.4	99.42
99.4	99.43
99.4	99.44
99.4	99.45
99.3	99.46
99.1	99.47
99.4	99.48
99.4	99.49
99.4	99.50
99.4	99.51
99.5	99.52
99.4	99.53
99.4	99.54
99.4	99.55
99.5	99.56
99.4	99.57
99.5	99.58
99.4	99.59
99.4	99.60
99.4	99.61
99.4	99.62
99.5	99.63
99.4	99.64
100.1	100.1
100.9	100.2
100.11	100.3
100.7	100.4
100.1	100.5
100.9	100.6
100.9	100.7
100.11	100.8
100.9	100.9
100.1	100.10
100.11	100.11
100.1	100.12
100.9	100.13
100.10	100.14
100.9	100.15
100.11	100.16
100.1	100.17
100.1	100.18
100.11	100.19
100.9	100.20
100.10	100.21
100.11	100.22
100.5	100.23
100.9	100.24
100.11	100.25
100.9	100.26
100.1	100.27
100.1	100.28
100.11	100.29
100.11	100.30
100.3	100.31
100.1	100.32
100.9	100.33
100.6	100.34
100.6	100.35
100.11	100.36
100.9	100.37
100.9	100.38
100.11	100.39
100.11	100.40
100.11	100.41
100.11	100.42
100.1	100.43
100.9	100.44
100.9	100.45
100.1	100.46
100.11	100.47
100.11	100.48
100.9	100.49
100.11	100.50
100.3	100.51
100.11	100.52
100.8	100.53
100.1	100.54
100.2	100.55
100.1	100.56
100.6	100.57
100.11	100.58
100.4	100.59
100.1	100.60
100.1	100.61
100.11	100.62
100.9	100.63
100.10	100.64