subTopicID	resultID
1.4	1.1
1.1	1.2
1.5	1.3
1.1	1.4
1.7	1.5
1.5	1.6
1.1	1.7
1.5	1.8
1.1	1.9
1.5	1.10
1.1	1.11
1.1	1.12
1.1	1.13
1.1	1.14
1.1	1.15
1.6	1.16
1.1	1.17
1.5	1.18
1.4	1.19
1.6	1.20
1.1	1.21
1.4	1.22
1.1	1.23
1.5	1.24
1.5	1.25
1.5	1.26
1.5	1.27
1.1	1.28
1.5	1.29
1.6	1.30
1.1	1.31
1.1	1.32
1.5	1.33
1.5	1.34
1.5	1.35
1.5	1.36
1.4	1.37
1.1	1.38
1.3	1.39
1.5	1.40
1.5	1.41
1.1	1.42
1.5	1.43
1.1	1.44
1.5	1.45
1.5	1.46
1.5	1.47
1.7	1.48
1.3	1.49
1.3	1.50
1.4	1.51
1.5	1.52
1.1	1.53
1.4	1.54
1.7	1.55
1.1	1.56
1.5	1.57
1.5	1.58
1.4	1.59
1.5	1.60
1.2	1.61
1.5	1.62
1.1	1.63
1.5	1.64
2.4	2.1
2.4	2.2
2.7	2.3
2.4	2.4
2.1	2.5
2.7	2.6
2.4	2.7
2.4	2.8
2.4	2.9
2.4	2.10
2.4	2.11
2.8	2.12
2.4	2.13
2.4	2.14
2.4	2.15
2.4	2.16
2.7	2.17
2.4	2.18
2.4	2.19
2.4	2.20
2.1	2.21
2.3	2.22
2.5	2.23
2.4	2.24
2.4	2.25
2.4	2.26
2.7	2.27
2.1	2.28
2.7	2.29
2.4	2.30
2.4	2.31
2.7	2.32
2.4	2.33
2.7	2.34
2.7	2.35
2.1	2.36
2.7	2.37
2.1	2.38
2.7	2.39
2.2	2.40
2.7	2.41
2.6	2.42
2.4	2.43
2.7	2.44
2.4	2.45
2.6	2.46
2.7	2.47
2.8	2.48
2.7	2.49
2.7	2.50
2.4	2.51
2.7	2.52
2.1	2.53
2.4	2.54
2.4	2.55
2.7	2.56
2.7	2.57
2.1	2.58
2.7	2.59
2.1	2.60
2.7	2.61
2.7	2.62
2.1	2.63
2.7	2.64
3.8	3.1
3.8	3.2
3.1	3.3
3.11	3.4
3.8	3.5
3.1	3.6
3.1	3.7
3.8	3.8
3.8	3.9
3.8	3.10
3.8	3.11
3.8	3.12
3.8	3.13
3.1	3.14
3.8	3.15
3.1	3.16
3.1	3.17
3.8	3.18
3.11	3.19
3.1	3.20
3.8	3.21
3.1	3.22
3.5	3.23
3.1	3.24
3.8	3.25
3.1	3.26
3.9	3.27
3.8	3.28
3.1	3.29
3.11	3.30
3.8	3.31
3.11	3.32
3.8	3.33
3.1	3.34
3.8	3.35
3.8	3.36
3.1	3.37
3.6	3.38
3.2	3.39
3.1	3.40
3.1	3.41
3.1	3.42
3.8	3.43
3.11	3.44
3.8	3.45
3.1	3.46
3.10	3.47
3.1	3.48
3.8	3.49
3.7	3.50
3.4	3.51
3.8	3.52
3.8	3.53
3.1	3.54
3.8	3.55
3.1	3.56
3.1	3.57
3.3	3.58
3.8	3.59
3.1	3.60
3.8	3.61
3.8	3.62
3.7	3.63
3.1	3.64
4.1	4.1
4.4	4.2
4.6	4.3
4.6	4.4
4.6	4.5
4.7	4.6
4.6	4.7
4.6	4.8
4.1	4.9
4.7	4.10
4.1	4.11
4.6	4.12
4.6	4.13
4.6	4.14
4.1	4.15
4.6	4.16
4.1	4.17
4.1	4.18
4.1	4.19
4.1	4.20
4.1	4.21
4.1	4.22
4.3	4.23
4.7	4.24
4.7	4.25
4.6	4.26
4.7	4.27
4.1	4.28
4.1	4.29
4.6	4.30
4.7	4.31
4.1	4.32
4.6	4.33
4.1	4.34
4.7	4.35
4.1	4.36
4.7	4.37
4.6	4.38
4.6	4.39
4.1	4.40
4.1	4.41
4.6	4.42
4.6	4.43
4.7	4.44
4.6	4.45
4.2	4.46
4.1	4.47
4.6	4.48
4.7	4.49
4.1	4.50
4.1	4.51
4.1	4.52
4.6	4.53
4.1	4.54
4.5	4.55
4.1	4.56
4.7	4.57
4.1	4.58
4.7	4.59
4.1	4.60
4.1	4.61
4.6	4.62
4.1	4.63
4.7	4.64
5.7	5.1
5.7	5.2
5.7	5.3
5.7	5.4
5.5	5.5
5.7	5.6
5.1	5.7
5.7	5.8
5.7	5.9
5.7	5.10
5.3	5.11
5.3	5.12
5.3	5.13
5.3	5.14
5.3	5.15
5.7	5.16
5.1	5.17
5.7	5.18
5.5	5.19
5.7	5.20
5.7	5.21
5.3	5.22
5.1	5.23
5.3	5.24
5.4	5.25
5.1	5.26
5.7	5.27
5.3	5.28
5.7	5.29
5.3	5.30
5.7	5.31
5.3	5.32
5.4	5.33
5.7	5.34
5.3	5.35
5.3	5.36
5.7	5.37
5.2	5.38
5.7	5.39
5.7	5.40
5.7	5.41
5.7	5.42
5.7	5.43
5.6	5.44
5.7	5.45
5.7	5.46
5.1	5.47
5.1	5.48
5.3	5.49
5.1	5.50
5.7	5.51
5.7	5.52
5.1	5.53
5.5	5.54
5.1	5.55
5.3	5.56
5.7	5.57
5.7	5.58
5.7	5.59
5.3	5.60
5.3	5.61
5.7	5.62
5.1	5.63
5.7	5.64
6.1	6.1
6.5	6.2
6.5	6.3
6.8	6.4
6.3	6.5
6.5	6.6
6.5	6.7
6.5	6.8
6.1	6.9
6.1	6.10
6.5	6.11
6.5	6.12
6.5	6.13
6.5	6.14
6.5	6.15
6.1	6.16
6.5	6.17
6.5	6.18
6.1	6.19
6.2	6.20
6.6	6.21
6.5	6.22
6.5	6.23
6.6	6.24
6.5	6.25
6.5	6.26
6.5	6.27
6.1	6.28
6.5	6.29
6.5	6.30
6.4	6.31
6.5	6.32
6.1	6.33
6.5	6.34
6.1	6.35
6.5	6.36
6.7	6.37
6.1	6.38
6.1	6.39
6.5	6.40
6.5	6.41
6.5	6.42
6.5	6.43
6.5	6.44
6.5	6.45
6.5	6.46
6.1	6.47
6.1	6.48
6.1	6.49
6.1	6.50
6.1	6.51
6.1	6.52
6.5	6.53
6.5	6.54
6.8	6.55
6.5	6.56
6.1	6.57
6.1	6.58
6.1	6.59
6.1	6.60
6.1	6.61
6.1	6.62
6.1	6.63
6.5	6.64
7.12	7.1
7.12	7.2
7.11	7.3
7.13	7.4
7.8	7.5
7.6	7.6
7.11	7.7
7.1	7.8
7.8	7.9
7.6	7.10
7.6	7.11
7.12	7.12
7.12	7.13
7.6	7.14
7.12	7.15
7.13	7.16
7.11	7.17
7.12	7.18
7.6	7.19
7.12	7.20
7.6	7.21
7.8	7.22
7.7	7.23
7.11	7.24
7.11	7.25
7.12	7.26
7.9	7.27
7.1	7.28
7.8	7.29
7.12	7.30
7.6	7.31
7.10	7.32
7.8	7.33
7.4	7.34
7.12	7.35
7.2	7.36
7.12	7.37
7.6	7.38
7.8	7.39
7.12	7.40
7.1	7.41
7.8	7.42
7.12	7.43
7.13	7.44
7.6	7.45
7.10	7.46
7.6	7.47
7.6	7.48
7.4	7.49
7.11	7.50
7.4	7.51
7.12	7.52
7.7	7.53
7.9	7.54
7.12	7.55
7.6	7.56
7.11	7.57
7.7	7.58
7.3	7.59
7.5	7.60
7.4	7.61
7.8	7.62
7.10	7.63
7.6	7.64
8.8	8.1
8.8	8.2
8.6	8.3
8.7	8.4
8.11	8.5
8.11	8.6
8.4	8.7
8.3	8.8
8.11	8.9
8.4	8.10
8.11	8.11
8.4	8.12
8.3	8.13
8.3	8.14
8.1	8.15
8.3	8.16
8.5	8.17
8.4	8.18
8.11	8.19
8.11	8.20
8.2	8.21
8.3	8.22
8.3	8.23
8.11	8.24
8.6	8.25
8.6	8.26
8.9	8.27
8.7	8.28
8.4	8.29
8.6	8.30
8.4	8.31
8.4	8.32
8.11	8.33
8.6	8.34
8.3	8.35
8.6	8.36
8.6	8.37
8.6	8.38
8.7	8.39
8.4	8.40
8.6	8.41
8.6	8.42
8.4	8.43
8.3	8.44
8.4	8.45
8.11	8.46
8.11	8.47
8.1	8.48
8.6	8.49
8.6	8.50
8.6	8.51
8.4	8.52
8.6	8.53
8.6	8.54
8.6	8.55
8.3	8.56
8.3	8.57
8.4	8.58
8.4	8.59
8.10	8.60
8.4	8.61
8.10	8.62
8.11	8.63
8.11	8.64
9.9	9.1
9.8	9.2
9.1	9.3
9.1	9.4
9.10	9.5
9.8	9.6
9.8	9.7
9.6	9.8
9.8	9.9
9.10	9.10
9.8	9.11
9.8	9.12
9.10	9.13
9.6	9.14
9.10	9.15
9.1	9.16
9.5	9.17
9.1	9.18
9.1	9.19
9.1	9.20
9.1	9.21
9.8	9.22
9.3	9.23
9.8	9.24
9.10	9.25
9.2	9.26
9.6	9.27
9.6	9.28
9.1	9.29
9.8	9.30
9.1	9.31
9.10	9.32
9.5	9.33
9.1	9.34
9.8	9.35
9.8	9.36
9.6	9.37
9.4	9.38
9.5	9.39
9.7	9.40
9.1	9.41
9.5	9.42
9.3	9.43
9.5	9.44
9.3	9.45
9.7	9.46
9.10	9.47
9.8	9.48
9.6	9.49
9.1	9.50
9.8	9.51
9.8	9.52
9.8	9.53
9.8	9.54
9.10	9.55
9.6	9.56
9.1	9.57
9.10	9.58
9.1	9.59
9.10	9.60
9.8	9.61
9.6	9.62
9.8	9.63
9.10	9.64
10.1	10.1
10.1	10.2
10.5	10.3
10.1	10.4
10.1	10.5
10.1	10.6
10.1	10.7
10.5	10.8
10.5	10.9
10.1	10.10
10.1	10.11
10.5	10.12
10.4	10.13
10.1	10.14
10.1	10.15
10.1	10.16
10.1	10.17
10.1	10.18
10.1	10.19
10.1	10.20
10.4	10.21
10.1	10.22
10.5	10.23
10.1	10.24
10.5	10.25
10.5	10.26
10.5	10.27
10.1	10.28
10.1	10.29
10.1	10.30
10.4	10.31
10.5	10.32
10.6	10.33
10.4	10.34
10.1	10.35
10.4	10.36
10.1	10.37
10.1	10.38
10.5	10.39
10.5	10.40
10.1	10.41
10.2	10.42
10.2	10.43
10.1	10.44
10.5	10.45
10.1	10.46
10.5	10.47
10.4	10.48
10.1	10.49
10.1	10.50
10.5	10.51
10.1	10.52
10.5	10.53
10.1	10.54
10.4	10.55
10.1	10.56
10.5	10.57
10.1	10.58
10.1	10.59
10.4	10.60
10.5	10.61
10.3	10.62
10.1	10.63
10.2	10.64
11.9	11.1
11.4	11.2
11.8	11.3
11.8	11.4
11.1	11.5
11.10	11.6
11.9	11.7
11.1	11.8
11.7	11.9
11.8	11.10
11.1	11.11
11.8	11.12
11.8	11.13
11.1	11.14
11.5	11.15
11.8	11.16
11.6	11.17
11.5	11.18
11.7	11.19
11.8	11.20
11.6	11.21
11.3	11.22
11.1	11.23
11.5	11.24
11.9	11.25
11.8	11.26
11.5	11.27
11.8	11.28
11.8	11.29
11.8	11.30
11.7	11.31
11.8	11.32
11.8	11.33
11.1	11.34
11.1	11.35
11.1	11.36
11.8	11.37
11.8	11.38
11.1	11.39
11.5	11.40
11.10	11.41
11.9	11.42
11.1	11.43
11.1	11.44
11.1	11.45
11.1	11.46
11.1	11.47
11.6	11.48
11.1	11.49
11.9	11.50
11.8	11.51
11.9	11.52
11.8	11.53
11.8	11.54
11.8	11.55
11.5	11.56
11.1	11.57
11.5	11.58
11.2	11.59
11.9	11.60
11.1	11.61
11.1	11.62
11.1	11.63
11.8	11.64
12.8	12.1
12.3	12.2
12.5	12.3
12.2	12.4
12.8	12.5
12.8	12.6
12.7	12.7
12.1	12.8
12.8	12.9
12.6	12.10
12.1	12.11
12.1	12.12
12.1	12.13
12.8	12.14
12.13	12.15
12.8	12.16
12.8	12.17
12.10	12.18
12.8	12.19
12.8	12.20
12.11	12.21
12.1	12.22
12.6	12.23
12.8	12.24
12.8	12.25
12.10	12.26
12.12	12.27
12.8	12.28
12.8	12.29
12.8	12.30
12.8	12.31
12.11	12.32
12.8	12.33
12.1	12.34
12.4	12.35
12.8	12.36
12.11	12.37
12.1	12.38
12.13	12.39
12.8	12.40
12.11	12.41
12.10	12.42
12.8	12.43
12.10	12.44
12.8	12.45
12.8	12.46
12.8	12.47
12.8	12.48
12.10	12.49
12.8	12.50
12.8	12.51
12.8	12.52
12.11	12.53
12.8	12.54
12.9	12.55
12.8	12.56
12.7	12.57
12.8	12.58
12.11	12.59
12.1	12.60
12.8	12.61
12.8	12.62
12.10	12.63
12.8	12.64
13.5	13.1
13.5	13.2
13.5	13.3
13.1	13.4
13.5	13.5
13.5	13.6
13.2	13.7
13.1	13.8
13.5	13.9
13.1	13.10
13.1	13.11
13.5	13.12
13.1	13.13
13.1	13.14
13.1	13.15
13.5	13.16
13.1	13.17
13.1	13.18
13.1	13.19
13.5	13.20
13.5	13.21
13.1	13.22
13.5	13.23
13.1	13.24
13.5	13.25
13.1	13.26
13.5	13.27
13.5	13.28
13.5	13.29
13.1	13.30
13.1	13.31
13.1	13.32
13.1	13.33
13.5	13.34
13.1	13.35
13.1	13.36
13.1	13.37
13.6	13.38
13.5	13.39
13.5	13.40
13.1	13.41
13.4	13.42
13.1	13.43
13.1	13.44
13.5	13.45
13.1	13.46
13.1	13.47
13.1	13.48
13.1	13.49
13.4	13.50
13.5	13.51
13.3	13.52
13.1	13.53
13.5	13.54
13.1	13.55
13.1	13.56
13.1	13.57
13.4	13.58
13.1	13.59
13.1	13.60
13.1	13.61
13.5	13.62
13.5	13.63
13.5	13.64
14.4	14.1
14.4	14.2
14.1	14.3
14.4	14.4
14.4	14.5
14.4	14.6
14.3	14.7
14.4	14.8
14.4	14.9
14.4	14.10
14.4	14.11
14.2	14.12
14.4	14.13
14.4	14.14
14.4	14.15
14.4	14.16
14.1	14.17
14.4	14.18
14.1	14.19
14.1	14.20
14.4	14.21
14.1	14.22
14.1	14.23
14.4	14.24
14.1	14.25
14.4	14.26
14.4	14.27
14.1	14.28
14.1	14.29
14.4	14.30
14.1	14.31
14.4	14.32
14.4	14.33
14.1	14.34
14.1	14.35
14.4	14.36
14.4	14.37
14.4	14.38
14.1	14.39
14.4	14.40
14.4	14.41
14.1	14.42
14.4	14.43
14.4	14.44
14.4	14.45
14.1	14.46
14.4	14.47
14.4	14.48
14.1	14.49
14.4	14.50
14.1	14.51
14.4	14.52
14.4	14.53
14.1	14.54
14.1	14.55
14.4	14.56
14.4	14.57
14.4	14.58
14.1	14.59
14.4	14.60
14.4	14.61
14.4	14.62
14.1	14.63
14.4	14.64
15.1	15.1
15.19	15.2
15.11	15.3
15.19	15.4
15.12	15.5
15.6	15.6
15.12	15.7
15.12	15.8
15.19	15.9
15.16	15.10
15.20	15.11
15.16	15.12
15.14	15.13
15.19	15.14
15.12	15.15
15.16	15.16
15.13	15.17
15.19	15.18
15.19	15.19
15.16	15.20
15.19	15.21
15.12	15.22
15.12	15.23
15.14	15.24
15.19	15.25
15.12	15.26
15.19	15.27
15.1	15.28
15.12	15.29
15.12	15.30
15.12	15.31
15.6	15.32
15.19	15.33
15.6	15.34
15.19	15.35
15.12	15.36
15.8	15.37
15.19	15.38
15.6	15.39
15.12	15.40
15.20	15.41
15.12	15.42
15.12	15.43
15.17	15.44
15.12	15.45
15.20	15.46
15.1	15.47
15.3	15.48
15.12	15.49
15.18	15.50
15.1	15.51
15.13	15.52
15.7	15.53
15.9	15.54
15.16	15.55
15.4	15.56
15.13	15.57
15.18	15.58
15.5	15.59
15.10	15.60
15.2	15.61
15.15	15.62
15.18	15.63
15.6	15.64
16.9	16.1
16.5	16.2
16.9	16.3
16.1	16.4
16.1	16.5
16.9	16.6
16.9	16.7
16.10	16.8
16.9	16.9
16.9	16.10
16.9	16.11
16.10	16.12
16.9	16.13
16.1	16.14
16.9	16.15
16.9	16.16
16.7	16.17
16.9	16.18
16.9	16.19
16.9	16.20
16.1	16.21
16.2	16.22
16.10	16.23
16.9	16.24
16.9	16.25
16.9	16.26
16.1	16.27
16.1	16.28
16.8	16.29
16.1	16.30
16.1	16.31
16.9	16.32
16.1	16.33
16.9	16.34
16.4	16.35
16.1	16.36
16.1	16.37
16.9	16.38
16.1	16.39
16.9	16.40
16.1	16.41
16.8	16.42
16.9	16.43
16.9	16.44
16.10	16.45
16.10	16.46
16.1	16.47
16.3	16.48
16.4	16.49
16.4	16.50
16.1	16.51
16.9	16.52
16.1	16.53
16.9	16.54
16.1	16.55
16.6	16.56
16.1	16.57
16.1	16.58
16.10	16.59
16.1	16.60
16.1	16.61
16.10	16.62
16.7	16.63
16.1	16.64
17.4	17.1
17.4	17.2
17.8	17.3
17.8	17.4
17.8	17.5
17.3	17.6
17.8	17.7
17.8	17.8
17.8	17.9
17.1	17.10
17.4	17.11
17.1	17.12
17.4	17.13
17.1	17.14
17.8	17.15
17.4	17.16
17.8	17.17
17.8	17.18
17.4	17.19
17.4	17.20
17.7	17.21
17.5	17.22
17.8	17.23
17.4	17.24
17.8	17.25
17.4	17.26
17.4	17.27
17.8	17.28
17.8	17.29
17.8	17.30
17.6	17.31
17.8	17.32
17.8	17.33
17.8	17.34
17.1	17.35
17.7	17.36
17.8	17.37
17.1	17.38
17.8	17.39
17.1	17.40
17.4	17.41
17.8	17.42
17.4	17.43
17.4	17.44
17.4	17.45
17.4	17.46
17.5	17.47
17.8	17.48
17.1	17.49
17.1	17.50
17.7	17.51
17.1	17.52
17.8	17.53
17.8	17.54
17.8	17.55
17.2	17.56
17.1	17.57
17.4	17.58
17.4	17.59
17.8	17.60
17.8	17.61
17.1	17.62
17.8	17.63
17.8	17.64
18.4	18.1
18.11	18.2
18.12	18.3
18.10	18.4
18.12	18.5
18.10	18.6
18.12	18.7
18.10	18.8
18.10	18.9
18.9	18.10
18.10	18.11
18.9	18.12
18.12	18.13
18.10	18.14
18.9	18.15
18.10	18.16
18.1	18.17
18.9	18.18
18.12	18.19
18.10	18.20
18.9	18.21
18.10	18.22
18.10	18.23
18.10	18.24
18.10	18.25
18.9	18.26
18.1	18.27
18.9	18.28
18.3	18.29
18.10	18.30
18.10	18.31
18.9	18.32
18.10	18.33
18.10	18.34
18.6	18.35
18.10	18.36
18.1	18.37
18.1	18.38
18.9	18.39
18.10	18.40
18.10	18.41
18.11	18.42
18.5	18.43
18.12	18.44
18.1	18.45
18.1	18.46
18.10	18.47
18.9	18.48
18.1	18.49
18.6	18.50
18.8	18.51
18.1	18.52
18.11	18.53
18.1	18.54
18.11	18.55
18.2	18.56
18.8	18.57
18.1	18.58
18.1	18.59
18.1	18.60
18.9	18.61
18.7	18.62
18.1	18.63
18.10	18.64
19.11	19.1
19.11	19.2
19.11	19.3
19.11	19.4
19.9	19.5
19.9	19.6
19.6	19.7
19.1	19.8
19.11	19.9
19.11	19.10
19.9	19.11
19.3	19.12
19.11	19.13
19.9	19.14
19.11	19.15
19.11	19.16
19.11	19.17
19.1	19.18
19.11	19.19
19.11	19.20
19.5	19.21
19.4	19.22
19.11	19.23
19.11	19.24
19.11	19.25
19.9	19.26
19.10	19.27
19.9	19.28
19.1	19.29
19.11	19.30
19.11	19.31
19.11	19.32
19.11	19.33
19.2	19.34
19.11	19.35
19.11	19.36
19.11	19.37
19.11	19.38
19.11	19.39
19.1	19.40
19.11	19.41
19.1	19.42
19.11	19.43
19.11	19.44
19.11	19.45
19.1	19.46
19.11	19.47
19.11	19.48
19.11	19.49
19.1	19.50
19.11	19.51
19.11	19.52
19.11	19.53
19.7	19.54
19.1	19.55
19.1	19.56
19.10	19.57
19.8	19.58
19.1	19.59
19.11	19.60
19.1	19.61
19.1	19.62
19.11	19.63
19.1	19.64
20.6	20.1
20.1	20.2
20.1	20.3
20.1	20.4
20.1	20.5
20.6	20.6
20.6	20.7
20.6	20.8
20.12	20.9
20.8	20.10
20.1	20.11
20.10	20.12
20.6	20.13
20.7	20.14
20.1	20.15
20.7	20.16
20.7	20.17
20.2	20.18
20.1	20.19
20.11	20.20
20.1	20.21
20.1	20.22
20.7	20.23
20.8	20.24
20.1	20.25
20.8	20.26
20.7	20.27
20.8	20.28
20.7	20.29
20.5	20.30
20.11	20.31
20.4	20.32
20.8	20.33
20.6	20.34
20.1	20.35
20.11	20.36
20.1	20.37
20.7	20.38
20.6	20.39
20.1	20.40
20.8	20.41
20.9	20.42
20.6	20.43
20.6	20.44
20.8	20.45
20.6	20.46
20.7	20.47
20.7	20.48
20.11	20.49
20.7	20.50
20.7	20.51
20.1	20.52
20.8	20.53
20.7	20.54
20.5	20.55
20.3	20.56
20.8	20.57
20.7	20.58
20.6	20.59
20.6	20.60
20.5	20.61
20.12	20.62
20.7	20.63
20.6	20.64
21.5	21.1
21.5	21.2
21.1	21.3
21.5	21.4
21.5	21.5
21.1	21.6
21.1	21.7
21.3	21.8
21.5	21.9
21.5	21.10
21.5	21.11
21.2	21.12
21.1	21.13
21.1	21.14
21.5	21.15
21.1	21.16
21.5	21.17
21.5	21.18
21.1	21.19
21.5	21.20
21.4	21.21
21.4	21.22
21.4	21.23
21.1	21.24
21.5	21.25
21.5	21.26
21.1	21.27
21.1	21.28
21.5	21.29
21.1	21.30
21.5	21.31
21.5	21.32
21.1	21.33
21.4	21.34
21.1	21.35
21.4	21.36
21.1	21.37
21.1	21.38
21.1	21.39
21.5	21.40
21.4	21.41
21.5	21.42
21.5	21.43
21.5	21.44
21.5	21.45
21.1	21.46
21.5	21.47
21.1	21.48
21.5	21.49
21.5	21.50
21.5	21.51
21.5	21.52
21.5	21.53
21.1	21.54
21.5	21.55
21.1	21.56
21.1	21.57
21.4	21.58
21.5	21.59
21.4	21.60
21.4	21.61
21.1	21.62
21.1	21.63
21.1	21.64
22.1	22.1
22.6	22.2
22.9	22.3
22.1	22.4
22.9	22.5
22.9	22.6
22.8	22.7
22.9	22.8
22.1	22.9
22.6	22.10
22.6	22.11
22.6	22.12
22.6	22.13
22.6	22.14
22.5	22.15
22.6	22.16
22.9	22.17
22.6	22.18
22.6	22.19
22.1	22.20
22.8	22.21
22.6	22.22
22.8	22.23
22.1	22.24
22.9	22.25
22.5	22.26
22.1	22.27
22.6	22.28
22.6	22.29
22.6	22.30
22.9	22.31
22.1	22.32
22.8	22.33
22.2	22.34
22.1	22.35
22.6	22.36
22.1	22.37
22.6	22.38
22.9	22.39
22.9	22.40
22.1	22.41
22.1	22.42
22.6	22.43
22.9	22.44
22.6	22.45
22.8	22.46
22.9	22.47
22.9	22.48
22.6	22.49
22.1	22.50
22.6	22.51
22.9	22.52
22.6	22.53
22.6	22.54
22.6	22.55
22.7	22.56
22.6	22.57
22.9	22.58
22.6	22.59
22.6	22.60
22.1	22.61
22.9	22.62
22.3	22.63
22.4	22.64
23.8	23.1
23.7	23.2
23.4	23.3
23.8	23.4
23.6	23.5
23.4	23.6
23.6	23.7
23.8	23.8
23.5	23.9
23.4	23.10
23.4	23.11
23.8	23.12
23.4	23.13
23.6	23.14
23.8	23.15
23.4	23.16
23.4	23.17
23.8	23.18
23.6	23.19
23.4	23.20
23.1	23.21
23.6	23.22
23.4	23.23
23.8	23.24
23.1	23.25
23.6	23.26
23.8	23.27
23.4	23.28
23.4	23.29
23.1	23.30
23.7	23.31
23.8	23.32
23.6	23.33
23.4	23.34
23.6	23.35
23.6	23.36
23.4	23.37
23.6	23.38
23.4	23.39
23.6	23.40
23.8	23.41
23.6	23.42
23.4	23.43
23.2	23.44
23.6	23.45
23.4	23.46
23.5	23.47
23.4	23.48
23.6	23.49
23.7	23.50
23.1	23.51
23.4	23.52
23.8	23.53
23.6	23.54
23.4	23.55
23.3	23.56
23.4	23.57
23.5	23.58
23.6	23.59
23.4	23.60
23.1	23.61
23.8	23.62
23.4	23.63
23.4	23.64
24.2	24.1
24.5	24.2
24.1	24.3
24.17	24.4
24.11	24.5
24.16	24.6
24.1	24.7
24.7	24.8
24.1	24.9
24.9	24.10
24.12	24.11
24.17	24.12
24.1	24.13
24.1	24.14
24.18	24.15
24.1	24.16
24.16	24.17
24.18	24.18
24.18	24.19
24.1	24.20
24.18	24.21
24.18	24.22
24.10	24.23
24.1	24.24
24.8	24.25
24.13	24.26
24.1	24.27
24.1	24.28
24.1	24.29
24.18	24.30
24.4	24.31
24.1	24.32
24.18	24.33
24.1	24.34
24.11	24.35
24.17	24.36
24.1	24.37
24.18	24.38
24.14	24.39
24.1	24.40
24.3	24.41
24.17	24.42
24.18	24.43
24.18	24.44
24.1	24.45
24.18	24.46
24.18	24.47
24.6	24.48
24.1	24.49
24.1	24.50
24.1	24.51
24.1	24.52
24.18	24.53
24.1	24.54
24.18	24.55
24.11	24.56
24.18	24.57
24.1	24.58
24.1	24.59
24.15	24.60
24.1	24.61
24.18	24.62
24.18	24.63
24.1	24.64
25.1	25.1
25.4	25.2
25.5	25.3
25.1	25.4
25.5	25.5
25.5	25.6
25.5	25.7
25.6	25.8
25.1	25.9
25.5	25.10
25.5	25.11
25.5	25.12
25.5	25.13
25.5	25.14
25.5	25.15
25.1	25.16
25.4	25.17
25.5	25.18
25.4	25.19
25.5	25.20
25.1	25.21
25.1	25.22
25.5	25.23
25.5	25.24
25.2	25.25
25.1	25.26
25.4	25.27
25.1	25.28
25.5	25.29
25.1	25.30
25.1	25.31
25.1	25.32
25.1	25.33
25.4	25.34
25.1	25.35
25.5	25.36
25.1	25.37
25.1	25.38
25.5	25.39
25.1	25.40
25.5	25.41
25.5	25.42
25.1	25.43
25.5	25.44
25.5	25.45
25.1	25.46
25.5	25.47
25.5	25.48
25.1	25.49
25.3	25.50
25.1	25.51
25.5	25.52
25.1	25.53
25.5	25.54
25.4	25.55
25.1	25.56
25.5	25.57
25.5	25.58
25.4	25.59
25.5	25.60
25.1	25.61
25.5	25.62
25.1	25.63
25.1	25.64
26.1	26.1
26.3	26.2
26.3	26.3
26.3	26.4
26.3	26.5
26.3	26.6
26.3	26.7
26.5	26.8
26.5	26.9
26.3	26.10
26.3	26.11
26.1	26.12
26.1	26.13
26.5	26.14
26.3	26.15
26.1	26.16
26.6	26.17
26.1	26.18
26.1	26.19
26.1	26.20
26.4	26.21
26.3	26.22
26.5	26.23
26.3	26.24
26.4	26.25
26.6	26.26
26.1	26.27
26.5	26.28
26.3	26.29
26.2	26.30
26.1	26.31
26.1	26.32
26.1	26.33
26.3	26.34
26.1	26.35
26.3	26.36
26.5	26.37
26.3	26.38
26.3	26.39
26.3	26.40
26.3	26.41
26.1	26.42
26.3	26.43
26.3	26.44
26.3	26.45
26.3	26.46
26.3	26.47
26.3	26.48
26.5	26.49
26.1	26.50
26.5	26.51
26.3	26.52
26.1	26.53
26.5	26.54
26.1	26.55
26.4	26.56
26.1	26.57
26.3	26.58
26.1	26.59
26.5	26.60
26.5	26.61
26.6	26.62
26.1	26.63
26.3	26.64
27.5	27.1
27.1	27.2
27.1	27.3
27.1	27.4
27.4	27.5
27.4	27.6
27.1	27.7
27.1	27.8
27.1	27.9
27.1	27.10
27.4	27.11
27.5	27.12
27.4	27.13
27.5	27.14
27.1	27.15
27.1	27.16
27.5	27.17
27.5	27.18
27.3	27.19
27.5	27.20
27.5	27.21
27.5	27.22
27.2	27.23
27.4	27.24
27.1	27.25
27.1	27.26
27.5	27.27
27.4	27.28
27.1	27.29
27.5	27.30
27.5	27.31
27.4	27.32
27.1	27.33
27.1	27.34
27.1	27.35
27.5	27.36
27.5	27.37
27.5	27.38
27.4	27.39
27.1	27.40
27.4	27.41
27.1	27.42
27.1	27.43
27.1	27.44
27.3	27.45
27.1	27.46
27.4	27.47
27.1	27.48
27.5	27.49
27.1	27.50
27.5	27.51
27.5	27.52
27.5	27.53
27.1	27.54
27.1	27.55
27.1	27.56
27.1	27.57
27.1	27.58
27.5	27.59
27.5	27.60
27.4	27.61
27.3	27.62
27.3	27.63
27.5	27.64
28.1	28.1
28.1	28.2
28.5	28.3
28.8	28.4
28.7	28.5
28.8	28.6
28.1	28.7
28.7	28.8
28.1	28.9
28.7	28.10
28.1	28.11
28.8	28.12
28.8	28.13
28.8	28.14
28.8	28.15
28.5	28.16
28.8	28.17
28.8	28.18
28.9	28.19
28.8	28.20
28.8	28.21
28.1	28.22
28.9	28.23
28.8	28.24
28.8	28.25
28.7	28.26
28.7	28.27
28.1	28.28
28.9	28.29
28.8	28.30
28.9	28.31
28.7	28.32
28.8	28.33
28.8	28.34
28.5	28.35
28.4	28.36
28.3	28.37
28.1	28.38
28.4	28.39
28.1	28.40
28.5	28.41
28.9	28.42
28.8	28.43
28.7	28.44
28.2	28.45
28.4	28.46
28.7	28.47
28.6	28.48
28.8	28.49
28.8	28.50
28.1	28.51
28.1	28.52
28.1	28.53
28.9	28.54
28.1	28.55
28.1	28.56
28.5	28.57
28.7	28.58
28.1	28.59
28.7	28.60
28.9	28.61
28.9	28.62
28.1	28.63
28.7	28.64
29.8	29.1
29.4	29.2
29.4	29.3
29.4	29.4
29.12	29.5
29.12	29.6
29.8	29.7
29.12	29.8
29.6	29.9
29.12	29.10
29.1	29.11
29.9	29.12
29.4	29.13
29.8	29.14
29.12	29.15
29.1	29.16
29.10	29.17
29.7	29.18
29.6	29.19
29.4	29.20
29.1	29.21
29.7	29.22
29.12	29.23
29.9	29.24
29.5	29.25
29.7	29.26
29.8	29.27
29.4	29.28
29.12	29.29
29.4	29.30
29.12	29.31
29.2	29.32
29.12	29.33
29.9	29.34
29.4	29.35
29.9	29.36
29.1	29.37
29.4	29.38
29.7	29.39
29.7	29.40
29.12	29.41
29.7	29.42
29.12	29.43
29.4	29.44
29.12	29.45
29.12	29.46
29.3	29.47
29.12	29.48
29.4	29.49
29.4	29.50
29.11	29.51
29.7	29.52
29.7	29.53
29.7	29.54
29.4	29.55
29.4	29.56
29.12	29.57
29.12	29.58
29.4	29.59
29.4	29.60
29.12	29.61
29.4	29.62
29.8	29.63
29.8	29.64
30.12	30.1
30.13	30.2
30.1	30.3
30.3	30.4
30.13	30.5
30.13	30.6
30.4	30.7
30.13	30.8
30.1	30.9
30.13	30.10
30.1	30.11
30.13	30.12
30.13	30.13
30.13	30.14
30.1	30.15
30.13	30.16
30.7	30.17
30.1	30.18
30.1	30.19
30.13	30.20
30.13	30.21
30.10	30.22
30.13	30.23
30.13	30.24
30.1	30.25
30.4	30.26
30.6	30.27
30.11	30.28
30.1	30.29
30.2	30.30
30.1	30.31
30.13	30.32
30.10	30.33
30.12	30.34
30.1	30.35
30.8	30.36
30.12	30.37
30.1	30.38
30.13	30.39
30.1	30.40
30.1	30.41
30.1	30.42
30.1	30.43
30.9	30.44
30.13	30.45
30.1	30.46
30.13	30.47
30.1	30.48
30.13	30.49
30.10	30.50
30.10	30.51
30.13	30.52
30.13	30.53
30.13	30.54
30.13	30.55
30.13	30.56
30.13	30.57
30.1	30.58
30.13	30.59
30.12	30.60
30.5	30.61
30.1	30.62
30.13	30.63
30.13	30.64
31.1	31.1
31.7	31.2
31.7	31.3
31.5	31.4
31.9	31.5
31.1	31.6
31.7	31.7
31.1	31.8
31.1	31.9
31.1	31.10
31.7	31.11
31.7	31.12
31.1	31.13
31.7	31.14
31.1	31.15
31.1	31.16
31.1	31.17
31.1	31.18
31.1	31.19
31.7	31.20
31.7	31.21
31.7	31.22
31.1	31.23
31.1	31.24
31.1	31.25
31.5	31.26
31.6	31.27
31.6	31.28
31.3	31.29
31.1	31.30
31.11	31.31
31.7	31.32
31.7	31.33
31.7	31.34
31.11	31.35
31.4	31.36
31.6	31.37
31.10	31.38
31.7	31.39
31.7	31.40
31.1	31.41
31.7	31.42
31.1	31.43
31.1	31.44
31.9	31.45
31.2	31.46
31.7	31.47
31.5	31.48
31.7	31.49
31.7	31.50
31.6	31.51
31.7	31.52
31.7	31.53
31.7	31.54
31.1	31.55
31.7	31.56
31.1	31.57
31.8	31.58
31.7	31.59
31.7	31.60
31.5	31.61
31.7	31.62
31.1	31.63
31.7	31.64
32.7	32.1
32.7	32.2
32.7	32.3
32.5	32.4
32.2	32.5
32.7	32.6
32.7	32.7
32.5	32.8
32.7	32.9
32.7	32.10
32.7	32.11
32.5	32.12
32.7	32.13
32.7	32.14
32.7	32.15
32.6	32.16
32.5	32.17
32.7	32.18
32.7	32.19
32.4	32.20
32.7	32.21
32.5	32.22
32.4	32.23
32.5	32.24
32.1	32.25
32.7	32.26
32.1	32.27
32.7	32.28
32.1	32.29
32.1	32.30
32.1	32.31
32.7	32.32
32.1	32.33
32.7	32.34
32.1	32.35
32.7	32.36
32.1	32.37
32.1	32.38
32.1	32.39
32.1	32.40
32.1	32.41
32.1	32.42
32.1	32.43
32.3	32.44
32.6	32.45
32.7	32.46
32.7	32.47
32.4	32.48
32.7	32.49
32.4	32.50
32.5	32.51
32.1	32.52
32.1	32.53
32.1	32.54
32.7	32.55
32.1	32.56
32.1	32.57
32.1	32.58
32.1	32.59
32.1	32.60
32.1	32.61
32.1	32.62
32.1	32.63
32.1	32.64
33.7	33.1
33.8	33.2
33.1	33.3
33.1	33.4
33.7	33.5
33.4	33.6
33.10	33.7
33.1	33.8
33.1	33.9
33.4	33.10
33.1	33.11
33.4	33.12
33.4	33.13
33.10	33.14
33.4	33.15
33.7	33.16
33.1	33.17
33.10	33.18
33.2	33.19
33.6	33.20
33.5	33.21
33.4	33.22
33.5	33.23
33.1	33.24
33.5	33.25
33.1	33.26
33.10	33.27
33.4	33.28
33.1	33.29
33.1	33.30
33.1	33.31
33.4	33.32
33.4	33.33
33.1	33.34
33.4	33.35
33.10	33.36
33.1	33.37
33.1	33.38
33.10	33.39
33.1	33.40
33.1	33.41
33.7	33.42
33.10	33.43
33.4	33.44
33.10	33.45
33.4	33.46
33.4	33.47
33.4	33.48
33.10	33.49
33.1	33.50
33.1	33.51
33.1	33.52
33.4	33.53
33.7	33.54
33.7	33.55
33.3	33.56
33.10	33.57
33.10	33.58
33.1	33.59
33.7	33.60
33.7	33.61
33.9	33.62
33.4	33.63
33.10	33.64
34.10	34.1
34.5	34.2
34.8	34.3
34.9	34.4
34.1	34.5
34.9	34.6
34.1	34.7
34.10	34.8
34.1	34.9
34.8	34.10
34.8	34.11
34.9	34.12
34.5	34.13
34.9	34.14
34.9	34.15
34.9	34.16
34.9	34.17
34.9	34.18
34.9	34.19
34.9	34.20
34.5	34.21
34.1	34.22
34.1	34.23
34.1	34.24
34.9	34.25
34.8	34.26
34.5	34.27
34.8	34.28
34.1	34.29
34.10	34.30
34.7	34.31
34.1	34.32
34.9	34.33
34.3	34.34
34.8	34.35
34.5	34.36
34.8	34.37
34.9	34.38
34.5	34.39
34.1	34.40
34.8	34.41
34.10	34.42
34.2	34.43
34.1	34.44
34.4	34.45
34.10	34.46
34.5	34.47
34.1	34.48
34.8	34.49
34.7	34.50
34.5	34.51
34.1	34.52
34.8	34.53
34.8	34.54
34.9	34.55
34.1	34.56
34.10	34.57
34.10	34.58
34.6	34.59
34.1	34.60
34.9	34.61
34.5	34.62
34.5	34.63
34.1	34.64
35.9	35.1
35.5	35.2
35.9	35.3
35.5	35.4
35.5	35.5
35.3	35.6
35.9	35.7
35.5	35.8
35.1	35.9
35.9	35.10
35.9	35.11
35.4	35.12
35.9	35.13
35.5	35.14
35.5	35.15
35.5	35.16
35.1	35.17
35.1	35.18
35.5	35.19
35.9	35.20
35.9	35.21
35.9	35.22
35.8	35.23
35.9	35.24
35.5	35.25
35.5	35.26
35.9	35.27
35.9	35.28
35.5	35.29
35.7	35.30
35.8	35.31
35.9	35.32
35.9	35.33
35.1	35.34
35.9	35.35
35.9	35.36
35.5	35.37
35.1	35.38
35.9	35.39
35.5	35.40
35.5	35.41
35.5	35.42
35.9	35.43
35.7	35.44
35.1	35.45
35.5	35.46
35.5	35.47
35.5	35.48
35.2	35.49
35.5	35.50
35.5	35.51
35.1	35.52
35.5	35.53
35.5	35.54
35.5	35.55
35.5	35.56
35.9	35.57
35.6	35.58
35.9	35.59
35.8	35.60
35.8	35.61
35.1	35.62
35.8	35.63
35.4	35.64
36.7	36.1
36.9	36.2
36.8	36.3
36.6	36.4
36.8	36.5
36.9	36.6
36.1	36.7
36.1	36.8
36.1	36.9
36.9	36.10
36.9	36.11
36.8	36.12
36.3	36.13
36.1	36.14
36.9	36.15
36.9	36.16
36.2	36.17
36.9	36.18
36.9	36.19
36.9	36.20
36.1	36.21
36.9	36.22
36.4	36.23
36.1	36.24
36.9	36.25
36.9	36.26
36.1	36.27
36.1	36.28
36.9	36.29
36.1	36.30
36.9	36.31
36.1	36.32
36.1	36.33
36.9	36.34
36.9	36.35
36.1	36.36
36.6	36.37
36.8	36.38
36.1	36.39
36.6	36.40
36.9	36.41
36.1	36.42
36.1	36.43
36.4	36.44
36.9	36.45
36.3	36.46
36.1	36.47
36.1	36.48
36.1	36.49
36.1	36.50
36.1	36.51
36.1	36.52
36.9	36.53
36.5	36.54
36.9	36.55
36.1	36.56
36.3	36.57
36.9	36.58
36.1	36.59
36.3	36.60
36.1	36.61
36.1	36.62
36.1	36.63
36.1	36.64
37.1	37.1
37.8	37.2
37.1	37.3
37.6	37.4
37.9	37.5
37.1	37.6
37.9	37.7
37.10	37.8
37.9	37.9
37.9	37.10
37.10	37.11
37.7	37.12
37.9	37.13
37.1	37.14
37.9	37.15
37.2	37.16
37.10	37.17
37.1	37.18
37.9	37.19
37.9	37.20
37.7	37.21
37.9	37.22
37.7	37.23
37.9	37.24
37.9	37.25
37.1	37.26
37.3	37.27
37.1	37.28
37.8	37.29
37.9	37.30
37.11	37.31
37.9	37.32
37.9	37.33
37.6	37.34
37.9	37.35
37.7	37.36
37.1	37.37
37.1	37.38
37.8	37.39
37.1	37.40
37.9	37.41
37.1	37.42
37.8	37.43
37.9	37.44
37.1	37.45
37.1	37.46
37.1	37.47
37.9	37.48
37.10	37.49
37.9	37.50
37.4	37.51
37.9	37.52
37.10	37.53
37.6	37.54
37.7	37.55
37.9	37.56
37.10	37.57
37.10	37.58
37.9	37.59
37.9	37.60
37.1	37.61
37.9	37.62
37.10	37.63
37.5	37.64
38.1	38.1
38.8	38.2
38.8	38.3
38.4	38.4
38.4	38.5
38.8	38.6
38.1	38.7
38.4	38.8
38.8	38.9
38.8	38.10
38.8	38.11
38.2	38.12
38.7	38.13
38.5	38.14
38.8	38.15
38.4	38.16
38.1	38.17
38.8	38.18
38.4	38.19
38.8	38.20
38.8	38.21
38.1	38.22
38.8	38.23
38.4	38.24
38.1	38.25
38.4	38.26
38.7	38.27
38.1	38.28
38.1	38.29
38.8	38.30
38.1	38.31
38.4	38.32
38.1	38.33
38.1	38.34
38.4	38.35
38.8	38.36
38.5	38.37
38.4	38.38
38.4	38.39
38.8	38.40
38.4	38.41
38.4	38.42
38.8	38.43
38.7	38.44
38.4	38.45
38.3	38.46
38.4	38.47
38.4	38.48
38.4	38.49
38.4	38.50
38.6	38.51
38.4	38.52
38.8	38.53
38.4	38.54
38.7	38.55
38.8	38.56
38.8	38.57
38.8	38.58
38.4	38.59
38.8	38.60
38.1	38.61
38.4	38.62
38.4	38.63
38.4	38.64
39.12	39.1
39.1	39.2
39.1	39.3
39.1	39.4
39.12	39.5
39.12	39.6
39.1	39.7
39.10	39.8
39.12	39.9
39.7	39.10
39.2	39.11
39.7	39.12
39.8	39.13
39.5	39.14
39.1	39.15
39.11	39.16
39.1	39.17
39.12	39.18
39.6	39.19
39.7	39.20
39.12	39.21
39.1	39.22
39.1	39.23
39.4	39.24
39.1	39.25
39.7	39.26
39.12	39.27
39.7	39.28
39.1	39.29
39.1	39.30
39.12	39.31
39.1	39.32
39.9	39.33
39.1	39.34
39.1	39.35
39.9	39.36
39.1	39.37
39.12	39.38
39.12	39.39
39.12	39.40
39.9	39.41
39.1	39.42
39.3	39.43
39.6	39.44
39.12	39.45
39.1	39.46
39.10	39.47
39.1	39.48
39.12	39.49
39.7	39.50
39.7	39.51
39.7	39.52
39.1	39.53
39.1	39.54
39.1	39.55
39.1	39.56
39.1	39.57
39.12	39.58
39.12	39.59
39.1	39.60
39.7	39.61
39.12	39.62
39.12	39.63
39.1	39.64
40.7	40.1
40.7	40.2
40.9	40.3
40.1	40.4
40.1	40.5
40.9	40.6
40.7	40.7
40.1	40.8
40.9	40.9
40.9	40.10
40.9	40.11
40.7	40.12
40.9	40.13
40.9	40.14
40.9	40.15
40.7	40.16
40.9	40.17
40.8	40.18
40.6	40.19
40.5	40.20
40.9	40.21
40.9	40.22
40.9	40.23
40.7	40.24
40.5	40.25
40.1	40.26
40.5	40.27
40.7	40.28
40.9	40.29
40.10	40.30
40.1	40.31
40.7	40.32
40.9	40.33
40.1	40.34
40.7	40.35
40.9	40.36
40.10	40.37
40.9	40.38
40.7	40.39
40.7	40.40
40.9	40.41
40.9	40.42
40.2	40.43
40.1	40.44
40.7	40.45
40.7	40.46
40.9	40.47
40.5	40.48
40.4	40.49
40.1	40.50
40.7	40.51
40.7	40.52
40.7	40.53
40.1	40.54
40.7	40.55
40.7	40.56
40.9	40.57
40.1	40.58
40.7	40.59
40.10	40.60
40.3	40.61
40.5	40.62
40.5	40.63
40.7	40.64
41.5	41.1
41.5	41.2
41.5	41.3
41.1	41.4
41.1	41.5
41.7	41.6
41.1	41.7
41.1	41.8
41.3	41.9
41.5	41.10
41.5	41.11
41.1	41.12
41.5	41.13
41.5	41.14
41.1	41.15
41.1	41.16
41.1	41.17
41.8	41.18
41.7	41.19
41.5	41.20
41.7	41.21
41.1	41.22
41.1	41.23
41.1	41.24
41.8	41.25
41.1	41.26
41.5	41.27
41.1	41.28
41.5	41.29
41.5	41.30
41.5	41.31
41.5	41.32
41.4	41.33
41.7	41.34
41.1	41.35
41.1	41.36
41.5	41.37
41.5	41.38
41.5	41.39
41.4	41.40
41.7	41.41
41.5	41.42
41.1	41.43
41.5	41.44
41.4	41.45
41.5	41.46
41.7	41.47
41.1	41.48
41.2	41.49
41.5	41.50
41.5	41.51
41.5	41.52
41.5	41.53
41.5	41.54
41.7	41.55
41.5	41.56
41.1	41.57
41.1	41.58
41.5	41.59
41.1	41.60
41.7	41.61
41.5	41.62
41.6	41.63
41.5	41.64
42.1	42.1
42.9	42.2
42.9	42.3
42.1	42.4
42.1	42.5
42.4	42.6
42.4	42.7
42.4	42.8
42.4	42.9
42.10	42.10
42.9	42.11
42.1	42.12
42.9	42.13
42.10	42.14
42.9	42.15
42.10	42.16
42.5	42.17
42.1	42.18
42.4	42.19
42.9	42.20
42.1	42.21
42.4	42.22
42.9	42.23
42.1	42.24
42.9	42.25
42.4	42.26
42.1	42.27
42.1	42.28
42.4	42.29
42.1	42.30
42.4	42.31
42.4	42.32
42.9	42.33
42.1	42.34
42.10	42.35
42.9	42.36
42.10	42.37
42.1	42.38
42.9	42.39
42.7	42.40
42.9	42.41
42.1	42.42
42.8	42.43
42.1	42.44
42.4	42.45
42.1	42.46
42.1	42.47
42.6	42.48
42.4	42.49
42.4	42.50
42.8	42.51
42.4	42.52
42.6	42.53
42.6	42.54
42.2	42.55
42.9	42.56
42.3	42.57
42.4	42.58
42.1	42.59
42.9	42.60
42.4	42.61
42.1	42.62
42.9	42.63
42.9	42.64
43.4	43.1
43.7	43.2
43.7	43.3
43.7	43.4
43.7	43.5
43.10	43.6
43.7	43.7
43.2	43.8
43.11	43.9
43.11	43.10
43.9	43.11
43.7	43.12
43.8	43.13
43.5	43.14
43.7	43.15
43.7	43.16
43.11	43.17
43.7	43.18
43.7	43.19
43.9	43.20
43.11	43.21
43.11	43.22
43.7	43.23
43.11	43.24
43.4	43.25
43.11	43.26
43.4	43.27
43.11	43.28
43.7	43.29
43.4	43.30
43.7	43.31
43.11	43.32
43.11	43.33
43.7	43.34
43.8	43.35
43.1	43.36
43.7	43.37
43.4	43.38
43.4	43.39
43.11	43.40
43.7	43.41
43.7	43.42
43.4	43.43
43.1	43.44
43.4	43.45
43.3	43.46
43.4	43.47
43.4	43.48
43.11	43.49
43.6	43.50
43.4	43.51
43.11	43.52
43.4	43.53
43.11	43.54
43.4	43.55
43.7	43.56
43.9	43.57
43.11	43.58
43.11	43.59
43.11	43.60
43.11	43.61
43.11	43.62
43.11	43.63
43.11	43.64
44.6	44.1
44.6	44.2
44.7	44.3
44.7	44.4
44.8	44.5
44.1	44.6
44.1	44.7
44.4	44.8
44.8	44.9
44.6	44.10
44.6	44.11
44.7	44.12
44.6	44.13
44.7	44.14
44.6	44.15
44.6	44.16
44.3	44.17
44.6	44.18
44.6	44.19
44.1	44.20
44.6	44.21
44.6	44.22
44.1	44.23
44.1	44.24
44.1	44.25
44.6	44.26
44.6	44.27
44.6	44.28
44.1	44.29
44.1	44.30
44.7	44.31
44.8	44.32
44.1	44.33
44.6	44.34
44.6	44.35
44.7	44.36
44.6	44.37
44.6	44.38
44.6	44.39
44.8	44.40
44.6	44.41
44.6	44.42
44.6	44.43
44.6	44.44
44.6	44.45
44.2	44.46
44.1	44.47
44.1	44.48
44.8	44.49
44.5	44.50
44.5	44.51
44.7	44.52
44.5	44.53
44.6	44.54
44.5	44.55
44.7	44.56
44.7	44.57
44.5	44.58
44.7	44.59
44.6	44.60
44.8	44.61
44.6	44.62
44.8	44.63
44.7	44.64
45.4	45.1
45.1	45.2
45.11	45.3
45.1	45.4
45.1	45.5
45.1	45.6
45.4	45.7
45.3	45.8
45.6	45.9
45.11	45.10
45.1	45.11
45.11	45.12
45.11	45.13
45.4	45.14
45.1	45.15
45.1	45.16
45.11	45.17
45.1	45.18
45.1	45.19
45.11	45.20
45.4	45.21
45.7	45.22
45.1	45.23
45.1	45.24
45.1	45.25
45.9	45.26
45.1	45.27
45.1	45.28
45.3	45.29
45.1	45.30
45.1	45.31
45.1	45.32
45.6	45.33
45.3	45.34
45.10	45.35
45.1	45.36
45.8	45.37
45.1	45.38
45.5	45.39
45.6	45.40
45.3	45.41
45.1	45.42
45.3	45.43
45.1	45.44
45.1	45.45
45.1	45.46
45.1	45.47
45.5	45.48
45.1	45.49
45.4	45.50
45.1	45.51
45.4	45.52
45.4	45.53
45.1	45.54
45.1	45.55
45.2	45.56
45.4	45.57
45.3	45.58
45.1	45.59
45.4	45.60
45.4	45.61
45.4	45.62
45.5	45.63
45.4	45.64
46.7	46.1
46.8	46.2
46.4	46.3
46.7	46.4
46.8	46.5
46.7	46.6
46.8	46.7
46.8	46.8
46.8	46.9
46.7	46.10
46.1	46.11
46.1	46.12
46.8	46.13
46.7	46.14
46.7	46.15
46.8	46.16
46.1	46.17
46.1	46.18
46.8	46.19
46.1	46.20
46.1	46.21
46.8	46.22
46.7	46.23
46.5	46.24
46.1	46.25
46.6	46.26
46.7	46.27
46.7	46.28
46.7	46.29
46.7	46.30
46.7	46.31
46.8	46.32
46.7	46.33
46.1	46.34
46.8	46.35
46.8	46.36
46.7	46.37
46.1	46.38
46.8	46.39
46.7	46.40
46.1	46.41
46.2	46.42
46.6	46.43
46.8	46.44
46.8	46.45
46.5	46.46
46.8	46.47
46.7	46.48
46.1	46.49
46.8	46.50
46.4	46.51
46.1	46.52
46.8	46.53
46.3	46.54
46.1	46.55
46.8	46.56
46.1	46.57
46.7	46.58
46.5	46.59
46.8	46.60
46.5	46.61
46.8	46.62
46.7	46.63
46.7	46.64
47.5	47.1
47.7	47.2
47.8	47.3
47.7	47.4
47.10	47.5
47.8	47.6
47.8	47.7
47.10	47.8
47.7	47.9
47.7	47.10
47.5	47.11
47.7	47.12
47.5	47.13
47.5	47.14
47.10	47.15
47.8	47.16
47.7	47.17
47.10	47.18
47.5	47.19
47.7	47.20
47.8	47.21
47.8	47.22
47.10	47.23
47.6	47.24
47.5	47.25
47.7	47.26
47.10	47.27
47.7	47.28
47.10	47.29
47.10	47.30
47.5	47.31
47.10	47.32
47.8	47.33
47.7	47.34
47.10	47.35
47.1	47.36
47.8	47.37
47.5	47.38
47.10	47.39
47.5	47.40
47.5	47.41
47.10	47.42
47.6	47.43
47.8	47.44
47.5	47.45
47.10	47.46
47.10	47.47
47.5	47.48
47.8	47.49
47.5	47.50
47.5	47.51
47.3	47.52
47.10	47.53
47.7	47.54
47.2	47.55
47.10	47.56
47.10	47.57
47.4	47.58
47.8	47.59
47.9	47.60
47.6	47.61
47.5	47.62
47.8	47.63
47.5	47.64
48.5	48.1
48.1	48.2
48.6	48.3
48.5	48.4
48.5	48.5
48.6	48.6
48.1	48.7
48.1	48.8
48.4	48.9
48.6	48.10
48.7	48.11
48.5	48.12
48.5	48.13
48.4	48.14
48.1	48.15
48.1	48.16
48.6	48.17
48.7	48.18
48.1	48.19
48.6	48.20
48.1	48.21
48.6	48.22
48.6	48.23
48.4	48.24
48.6	48.25
48.4	48.26
48.6	48.27
48.1	48.28
48.1	48.29
48.2	48.30
48.6	48.31
48.1	48.32
48.4	48.33
48.5	48.34
48.1	48.35
48.1	48.36
48.4	48.37
48.4	48.38
48.1	48.39
48.6	48.40
48.6	48.41
48.5	48.42
48.1	48.43
48.1	48.44
48.5	48.45
48.4	48.46
48.6	48.47
48.4	48.48
48.4	48.49
48.3	48.50
48.1	48.51
48.6	48.52
48.1	48.53
48.6	48.54
48.5	48.55
48.5	48.56
48.1	48.57
48.5	48.58
48.5	48.59
48.5	48.60
48.5	48.61
48.5	48.62
48.5	48.63
48.6	48.64
49.3	49.1
49.3	49.2
49.7	49.3
49.7	49.4
49.5	49.5
49.6	49.6
49.3	49.7
49.7	49.8
49.6	49.9
49.6	49.10
49.2	49.11
49.3	49.12
49.7	49.13
49.5	49.14
49.6	49.15
49.5	49.16
49.3	49.17
49.1	49.18
49.6	49.19
49.7	49.20
49.3	49.21
49.3	49.22
49.7	49.23
49.7	49.24
49.7	49.25
49.6	49.26
49.7	49.27
49.7	49.28
49.3	49.29
49.3	49.30
49.7	49.31
49.3	49.32
49.5	49.33
49.7	49.34
49.7	49.35
49.3	49.36
49.3	49.37
49.3	49.38
49.7	49.39
49.6	49.40
49.1	49.41
49.6	49.42
49.3	49.43
49.7	49.44
49.3	49.45
49.5	49.46
49.7	49.47
49.7	49.48
49.3	49.49
49.7	49.50
49.4	49.51
49.7	49.52
49.3	49.53
49.1	49.54
49.3	49.55
49.7	49.56
49.5	49.57
49.6	49.58
49.7	49.59
49.7	49.60
49.7	49.61
49.5	49.62
49.5	49.63
49.1	49.64
50.1	50.1
50.1	50.2
50.7	50.3
50.1	50.4
50.7	50.5
50.1	50.6
50.1	50.7
50.1	50.8
50.1	50.9
50.1	50.10
50.7	50.11
50.7	50.12
50.1	50.13
50.1	50.14
50.1	50.15
50.7	50.16
50.7	50.17
50.7	50.18
50.1	50.19
50.7	50.20
50.1	50.21
50.7	50.22
50.7	50.23
50.1	50.24
50.1	50.25
50.7	50.26
50.7	50.27
50.1	50.28
50.1	50.29
50.3	50.30
50.7	50.31
50.1	50.32
50.7	50.33
50.7	50.34
50.1	50.35
50.1	50.36
50.1	50.37
50.1	50.38
50.5	50.39
50.1	50.40
50.1	50.41
50.4	50.42
50.7	50.43
50.7	50.44
50.1	50.45
50.1	50.46
50.1	50.47
50.4	50.48
50.7	50.49
50.1	50.50
50.4	50.51
50.1	50.52
50.7	50.53
50.1	50.54
50.1	50.55
50.1	50.56
50.7	50.57
50.2	50.58
50.1	50.59
50.6	50.60
50.4	50.61
50.1	50.62
50.1	50.63
50.1	50.64
51.1	51.1
51.5	51.2
51.6	51.3
51.4	51.4
51.1	51.5
51.6	51.6
51.6	51.7
51.1	51.8
51.5	51.9
51.5	51.10
51.5	51.11
51.4	51.12
51.6	51.13
51.1	51.14
51.1	51.15
51.6	51.16
51.5	51.17
51.6	51.18
51.6	51.19
51.5	51.20
51.3	51.21
51.6	51.22
51.4	51.23
51.6	51.24
51.4	51.25
51.6	51.26
51.5	51.27
51.3	51.28
51.1	51.29
51.4	51.30
51.6	51.31
51.6	51.32
51.5	51.33
51.2	51.34
51.6	51.35
51.6	51.36
51.1	51.37
51.6	51.38
51.6	51.39
51.6	51.40
51.6	51.41
51.6	51.42
51.4	51.43
51.5	51.44
51.4	51.45
51.5	51.46
51.1	51.47
51.6	51.48
51.5	51.49
51.5	51.50
51.1	51.51
51.5	51.52
51.5	51.53
51.6	51.54
51.6	51.55
51.5	51.56
51.5	51.57
51.4	51.58
51.6	51.59
51.4	51.60
51.5	51.61
51.5	51.62
51.1	51.63
51.4	51.64
52.1	52.1
52.1	52.2
52.7	52.3
52.7	52.4
52.7	52.5
52.7	52.6
52.6	52.7
52.1	52.8
52.1	52.9
52.4	52.10
52.6	52.11
52.1	52.12
52.7	52.13
52.1	52.14
52.7	52.15
52.7	52.16
52.1	52.17
52.7	52.18
52.7	52.19
52.1	52.20
52.6	52.21
52.1	52.22
52.4	52.23
52.7	52.24
52.7	52.25
52.1	52.26
52.1	52.27
52.7	52.28
52.1	52.29
52.7	52.30
52.7	52.31
52.6	52.32
52.6	52.33
52.7	52.34
52.7	52.35
52.7	52.36
52.7	52.37
52.6	52.38
52.7	52.39
52.7	52.40
52.1	52.41
52.6	52.42
52.1	52.43
52.7	52.44
52.7	52.45
52.7	52.46
52.3	52.47
52.7	52.48
52.7	52.49
52.1	52.50
52.6	52.51
52.1	52.52
52.2	52.53
52.5	52.54
52.1	52.55
52.7	52.56
52.5	52.57
52.4	52.58
52.1	52.59
52.6	52.60
52.6	52.61
52.4	52.62
52.1	52.63
52.7	52.64
53.1	53.1
53.5	53.2
53.5	53.3
53.5	53.4
53.1	53.5
53.5	53.6
53.1	53.7
53.3	53.8
53.5	53.9
53.1	53.10
53.5	53.11
53.4	53.12
53.4	53.13
53.4	53.14
53.4	53.15
53.5	53.16
53.1	53.17
53.4	53.18
53.4	53.19
53.5	53.20
53.5	53.21
53.5	53.22
53.5	53.23
53.6	53.24
53.4	53.25
53.1	53.26
53.1	53.27
53.4	53.28
53.1	53.29
53.1	53.30
53.3	53.31
53.5	53.32
53.4	53.33
53.5	53.34
53.4	53.35
53.1	53.36
53.5	53.37
53.1	53.38
53.3	53.39
53.1	53.40
53.4	53.41
53.5	53.42
53.7	53.43
53.5	53.44
53.4	53.45
53.1	53.46
53.5	53.47
53.4	53.48
53.5	53.49
53.1	53.50
53.5	53.51
53.2	53.52
53.1	53.53
53.1	53.54
53.5	53.55
53.5	53.56
53.4	53.57
53.1	53.58
53.1	53.59
53.5	53.60
53.1	53.61
53.5	53.62
53.1	53.63
53.4	53.64
54.4	54.1
54.4	54.2
54.4	54.3
54.5	54.4
54.4	54.5
54.5	54.6
54.5	54.7
54.5	54.8
54.5	54.9
54.4	54.10
54.5	54.11
54.4	54.12
54.1	54.13
54.1	54.14
54.4	54.15
54.5	54.16
54.4	54.17
54.4	54.18
54.5	54.19
54.5	54.20
54.5	54.21
54.4	54.22
54.4	54.23
54.3	54.24
54.6	54.25
54.6	54.26
54.4	54.27
54.4	54.28
54.5	54.29
54.4	54.30
54.4	54.31
54.4	54.32
54.4	54.33
54.4	54.34
54.4	54.35
54.4	54.36
54.4	54.37
54.5	54.38
54.5	54.39
54.5	54.40
54.6	54.41
54.5	54.42
54.1	54.43
54.2	54.44
54.1	54.45
54.4	54.46
54.4	54.47
54.6	54.48
54.5	54.49
54.5	54.50
54.4	54.51
54.4	54.52
54.5	54.53
54.6	54.54
54.4	54.55
54.4	54.56
54.4	54.57
54.5	54.58
54.6	54.59
54.4	54.60
54.4	54.61
54.4	54.62
54.5	54.63
54.5	54.64
55.1	55.1
55.1	55.2
55.3	55.3
55.4	55.4
55.1	55.5
55.4	55.6
55.1	55.7
55.1	55.8
55.3	55.9
55.1	55.10
55.4	55.11
55.4	55.12
55.1	55.13
55.1	55.14
55.1	55.15
55.1	55.16
55.3	55.17
55.1	55.18
55.4	55.19
55.3	55.20
55.1	55.21
55.4	55.22
55.2	55.23
55.1	55.24
55.1	55.25
55.4	55.26
55.1	55.27
55.4	55.28
55.1	55.29
55.3	55.30
55.3	55.31
55.4	55.32
55.1	55.33
55.1	55.34
55.1	55.35
55.4	55.36
55.4	55.37
55.3	55.38
55.4	55.39
55.4	55.40
55.1	55.41
55.1	55.42
55.1	55.43
55.1	55.44
55.1	55.45
55.1	55.46
55.4	55.47
55.4	55.48
55.4	55.49
55.1	55.50
55.4	55.51
55.1	55.52
55.4	55.53
55.1	55.54
55.4	55.55
55.1	55.56
55.1	55.57
55.4	55.58
55.4	55.59
55.4	55.60
55.4	55.61
55.4	55.62
55.1	55.63
55.1	55.64
56.9	56.1
56.9	56.2
56.6	56.3
56.6	56.4
56.10	56.5
56.2	56.6
56.7	56.7
56.6	56.8
56.11	56.9
56.6	56.10
56.11	56.11
56.6	56.12
56.11	56.13
56.11	56.14
56.7	56.15
56.6	56.16
56.9	56.17
56.6	56.18
56.8	56.19
56.6	56.20
56.11	56.21
56.10	56.22
56.11	56.23
56.11	56.24
56.6	56.25
56.11	56.26
56.9	56.27
56.11	56.28
56.6	56.29
56.9	56.30
56.4	56.31
56.1	56.32
56.9	56.33
56.9	56.34
56.1	56.35
56.6	56.36
56.7	56.37
56.7	56.38
56.9	56.39
56.11	56.40
56.1	56.41
56.11	56.42
56.6	56.43
56.9	56.44
56.11	56.45
56.6	56.46
56.9	56.47
56.11	56.48
56.8	56.49
56.1	56.50
56.9	56.51
56.11	56.52
56.4	56.53
56.7	56.54
56.4	56.55
56.6	56.56
56.6	56.57
56.5	56.58
56.3	56.59
56.8	56.60
56.6	56.61
56.9	56.62
56.6	56.63
56.6	56.64
57.9	57.1
57.10	57.2
57.9	57.3
57.3	57.4
57.3	57.5
57.10	57.6
57.9	57.7
57.9	57.8
57.10	57.9
57.9	57.10
57.9	57.11
57.9	57.12
57.9	57.13
57.10	57.14
57.3	57.15
57.10	57.16
57.11	57.17
57.10	57.18
57.10	57.19
57.3	57.20
57.10	57.21
57.5	57.22
57.9	57.23
57.10	57.24
57.10	57.25
57.3	57.26
57.10	57.27
57.3	57.28
57.2	57.29
57.10	57.30
57.3	57.31
57.9	57.32
57.10	57.33
57.10	57.34
57.3	57.35
57.3	57.36
57.4	57.37
57.10	57.38
57.9	57.39
57.1	57.40
57.1	57.41
57.11	57.42
57.10	57.43
57.10	57.44
57.10	57.45
57.9	57.46
57.11	57.47
57.9	57.48
57.8	57.49
57.10	57.50
57.10	57.51
57.11	57.52
57.1	57.53
57.1	57.54
57.10	57.55
57.10	57.56
57.6	57.57
57.11	57.58
57.3	57.59
57.3	57.60
57.7	57.61
57.3	57.62
57.10	57.63
57.1	57.64
58.7	58.1
58.4	58.2
58.10	58.3
58.4	58.4
58.4	58.5
58.4	58.6
58.4	58.7
58.12	58.8
58.4	58.9
58.12	58.10
58.4	58.11
58.4	58.12
58.12	58.13
58.11	58.14
58.4	58.15
58.8	58.16
58.12	58.17
58.12	58.18
58.3	58.19
58.14	58.20
58.4	58.21
58.5	58.22
58.12	58.23
58.4	58.24
58.10	58.25
58.10	58.26
58.12	58.27
58.12	58.28
58.4	58.29
58.4	58.30
58.4	58.31
58.12	58.32
58.10	58.33
58.4	58.34
58.13	58.35
58.7	58.36
58.13	58.37
58.13	58.38
58.10	58.39
58.12	58.40
58.4	58.41
58.12	58.42
58.3	58.43
58.14	58.44
58.4	58.45
58.5	58.46
58.12	58.47
58.4	58.48
58.1	58.49
58.12	58.50
58.7	58.51
58.9	58.52
58.12	58.53
58.6	58.54
58.13	58.55
58.12	58.56
58.12	58.57
58.4	58.58
58.13	58.59
58.7	58.60
58.13	58.61
58.12	58.62
58.12	58.63
58.2	58.64
59.4	59.1
59.4	59.2
59.3	59.3
59.4	59.4
59.1	59.5
59.4	59.6
59.1	59.7
59.4	59.8
59.4	59.9
59.1	59.10
59.4	59.11
59.4	59.12
59.1	59.13
59.4	59.14
59.4	59.15
59.1	59.16
59.3	59.17
59.4	59.18
59.4	59.19
59.3	59.20
59.4	59.21
59.4	59.22
59.4	59.23
59.5	59.24
59.4	59.25
59.4	59.26
59.4	59.27
59.1	59.28
59.4	59.29
59.4	59.30
59.4	59.31
59.5	59.32
59.4	59.33
59.3	59.34
59.1	59.35
59.1	59.36
59.5	59.37
59.5	59.38
59.4	59.39
59.4	59.40
59.3	59.41
59.1	59.42
59.1	59.43
59.4	59.44
59.4	59.45
59.4	59.46
59.1	59.47
59.4	59.48
59.1	59.49
59.4	59.50
59.4	59.51
59.4	59.52
59.1	59.53
59.4	59.54
59.4	59.55
59.4	59.56
59.1	59.57
59.5	59.58
59.4	59.59
59.3	59.60
59.3	59.61
59.4	59.62
59.2	59.63
59.4	59.64
60.6	60.1
60.6	60.2
60.6	60.3
60.6	60.4
60.6	60.5
60.6	60.6
60.10	60.7
60.6	60.8
60.11	60.9
60.6	60.10
60.6	60.11
60.6	60.12
60.6	60.13
60.11	60.14
60.12	60.15
60.11	60.16
60.1	60.17
60.12	60.18
60.3	60.19
60.11	60.20
60.6	60.21
60.6	60.22
60.6	60.23
60.11	60.24
60.11	60.25
60.11	60.26
60.6	60.27
60.10	60.28
60.6	60.29
60.13	60.30
60.6	60.31
60.10	60.32
60.13	60.33
60.6	60.34
60.12	60.35
60.2	60.36
60.4	60.37
60.12	60.38
60.8	60.39
60.7	60.40
60.12	60.41
60.8	60.42
60.6	60.43
60.11	60.44
60.7	60.45
60.12	60.46
60.11	60.47
60.6	60.48
60.8	60.49
60.11	60.50
60.12	60.51
60.12	60.52
60.3	60.53
60.12	60.54
60.12	60.55
60.6	60.56
60.11	60.57
60.5	60.58
60.3	60.59
60.6	60.60
60.9	60.61
60.9	60.62
60.3	60.63
60.10	60.64
61.1	61.1
61.4	61.2
61.4	61.3
61.1	61.4
61.4	61.5
61.4	61.6
61.1	61.7
61.1	61.8
61.4	61.9
61.4	61.10
61.1	61.11
61.4	61.12
61.1	61.13
61.4	61.14
61.1	61.15
61.4	61.16
61.4	61.17
61.1	61.18
61.1	61.19
61.1	61.20
61.4	61.21
61.4	61.22
61.1	61.23
61.3	61.24
61.1	61.25
61.4	61.26
61.1	61.27
61.4	61.28
61.5	61.29
61.4	61.30
61.1	61.31
61.1	61.32
61.1	61.33
61.1	61.34
61.4	61.35
61.1	61.36
61.1	61.37
61.4	61.38
61.1	61.39
61.1	61.40
61.1	61.41
61.1	61.42
61.2	61.43
61.5	61.44
61.1	61.45
61.1	61.46
61.1	61.47
61.5	61.48
61.1	61.49
61.4	61.50
61.4	61.51
61.1	61.52
61.4	61.53
61.1	61.54
61.1	61.55
61.1	61.56
61.1	61.57
61.1	61.58
61.1	61.59
61.1	61.60
61.1	61.61
61.1	61.62
61.1	61.63
61.4	61.64
62.4	62.1
62.4	62.2
62.4	62.3
62.4	62.4
62.3	62.5
62.4	62.6
62.6	62.7
62.3	62.8
62.3	62.9
62.4	62.10
62.4	62.11
62.4	62.12
62.6	62.13
62.3	62.14
62.3	62.15
62.3	62.16
62.4	62.17
62.4	62.18
62.3	62.19
62.4	62.20
62.4	62.21
62.4	62.22
62.2	62.23
62.5	62.24
62.3	62.25
62.3	62.26
62.4	62.27
62.3	62.28
62.3	62.29
62.3	62.30
62.1	62.31
62.3	62.32
62.3	62.33
62.3	62.34
62.3	62.35
62.5	62.36
62.4	62.37
62.1	62.38
62.4	62.39
62.3	62.40
62.4	62.41
62.3	62.42
62.3	62.43
62.4	62.44
62.3	62.45
62.4	62.46
62.4	62.47
62.5	62.48
62.5	62.49
62.4	62.50
62.3	62.51
62.3	62.52
62.1	62.53
62.3	62.54
62.4	62.55
62.5	62.56
62.4	62.57
62.3	62.58
62.3	62.59
62.4	62.60
62.3	62.61
62.3	62.62
62.4	62.63
62.3	62.64
63.7	63.1
63.7	63.2
63.1	63.3
63.1	63.4
63.1	63.5
63.1	63.6
63.1	63.7
63.7	63.8
63.7	63.9
63.1	63.10
63.1	63.11
63.7	63.12
63.1	63.13
63.7	63.14
63.1	63.15
63.1	63.16
63.1	63.17
63.7	63.18
63.7	63.19
63.5	63.20
63.7	63.21
63.7	63.22
63.7	63.23
63.6	63.24
63.1	63.25
63.5	63.26
63.1	63.27
63.1	63.28
63.1	63.29
63.1	63.30
63.1	63.31
63.7	63.32
63.1	63.33
63.7	63.34
63.5	63.35
63.1	63.36
63.6	63.37
63.1	63.38
63.1	63.39
63.1	63.40
63.1	63.41
63.1	63.42
63.2	63.43
63.8	63.44
63.6	63.45
63.5	63.46
63.7	63.47
63.5	63.48
63.5	63.49
63.1	63.50
63.3	63.51
63.4	63.52
63.7	63.53
63.1	63.54
63.1	63.55
63.7	63.56
63.7	63.57
63.7	63.58
63.1	63.59
63.7	63.60
63.1	63.61
63.7	63.62
63.1	63.63
63.7	63.64
64.7	64.1
64.6	64.2
64.10	64.3
64.9	64.4
64.9	64.5
64.5	64.6
64.10	64.7
64.10	64.8
64.1	64.9
64.8	64.10
64.5	64.11
64.1	64.12
64.8	64.13
64.8	64.14
64.10	64.15
64.10	64.16
64.10	64.17
64.10	64.18
64.10	64.19
64.10	64.20
64.1	64.21
64.10	64.22
64.10	64.23
64.8	64.24
64.9	64.25
64.6	64.26
64.8	64.27
64.8	64.28
64.4	64.29
64.10	64.30
64.1	64.31
64.8	64.32
64.10	64.33
64.8	64.34
64.9	64.35
64.9	64.36
64.10	64.37
64.10	64.38
64.3	64.39
64.10	64.40
64.8	64.41
64.10	64.42
64.8	64.43
64.10	64.44
64.8	64.45
64.10	64.46
64.2	64.47
64.1	64.48
64.10	64.49
64.6	64.50
64.9	64.51
64.10	64.52
64.8	64.53
64.8	64.54
64.10	64.55
64.9	64.56
64.10	64.57
64.10	64.58
64.10	64.59
64.10	64.60
64.5	64.61
64.8	64.62
64.10	64.63
64.5	64.64
65.7	65.1
65.4	65.2
65.1	65.3
65.4	65.4
65.3	65.5
65.3	65.6
65.3	65.7
65.4	65.8
65.3	65.9
65.4	65.10
65.4	65.11
65.3	65.12
65.4	65.13
65.4	65.14
65.7	65.15
65.4	65.16
65.4	65.17
65.4	65.18
65.3	65.19
65.3	65.20
65.4	65.21
65.4	65.22
65.3	65.23
65.3	65.24
65.4	65.25
65.3	65.26
65.4	65.27
65.7	65.28
65.2	65.29
65.7	65.30
65.4	65.31
65.3	65.32
65.7	65.33
65.4	65.34
65.4	65.35
65.4	65.36
65.6	65.37
65.4	65.38
65.3	65.39
65.4	65.40
65.4	65.41
65.3	65.42
65.7	65.43
65.3	65.44
65.3	65.45
65.7	65.46
65.3	65.47
65.3	65.48
65.4	65.49
65.3	65.50
65.7	65.51
65.4	65.52
65.7	65.53
65.4	65.54
65.4	65.55
65.5	65.56
65.3	65.57
65.3	65.58
65.3	65.59
65.3	65.60
65.3	65.61
65.3	65.62
65.3	65.63
65.3	65.64
66.6	66.1
66.2	66.2
66.6	66.3
66.6	66.4
66.6	66.5
66.2	66.6
66.6	66.7
66.6	66.8
66.2	66.9
66.6	66.10
66.2	66.11
66.6	66.12
66.1	66.13
66.2	66.14
66.2	66.15
66.6	66.16
66.6	66.17
66.6	66.18
66.9	66.19
66.6	66.20
66.6	66.21
66.2	66.22
66.5	66.23
66.9	66.24
66.6	66.25
66.6	66.26
66.6	66.27
66.6	66.28
66.2	66.29
66.2	66.30
66.5	66.31
66.2	66.32
66.5	66.33
66.5	66.34
66.5	66.35
66.4	66.36
66.5	66.37
66.9	66.38
66.2	66.39
66.6	66.40
66.2	66.41
66.6	66.42
66.2	66.43
66.5	66.44
66.8	66.45
66.2	66.46
66.5	66.47
66.6	66.48
66.8	66.49
66.5	66.50
66.9	66.51
66.5	66.52
66.9	66.53
66.10	66.54
66.2	66.55
66.9	66.56
66.2	66.57
66.8	66.58
66.9	66.59
66.7	66.60
66.5	66.61
66.6	66.62
66.3	66.63
66.5	66.64
67.4	67.1
67.1	67.2
67.1	67.3
67.1	67.4
67.4	67.5
67.1	67.6
67.1	67.7
67.1	67.8
67.4	67.9
67.1	67.10
67.4	67.11
67.1	67.12
67.1	67.13
67.5	67.14
67.1	67.15
67.4	67.16
67.4	67.17
67.1	67.18
67.1	67.19
67.4	67.20
67.1	67.21
67.4	67.22
67.5	67.23
67.5	67.24
67.4	67.25
67.4	67.26
67.1	67.27
67.4	67.28
67.1	67.29
67.1	67.30
67.2	67.31
67.1	67.32
67.4	67.33
67.1	67.34
67.1	67.35
67.4	67.36
67.1	67.37
67.1	67.38
67.1	67.39
67.4	67.40
67.1	67.41
67.1	67.42
67.4	67.43
67.4	67.44
67.3	67.45
67.1	67.46
67.1	67.47
67.1	67.48
67.4	67.49
67.4	67.50
67.1	67.51
67.4	67.52
67.4	67.53
67.1	67.54
67.1	67.55
67.1	67.56
67.1	67.57
67.1	67.58
67.4	67.59
67.4	67.60
67.4	67.61
67.4	67.62
67.4	67.63
67.4	67.64
68.1	68.1
68.1	68.2
68.6	68.3
68.1	68.4
68.1	68.5
68.6	68.6
68.1	68.7
68.6	68.8
68.3	68.9
68.5	68.10
68.6	68.11
68.5	68.12
68.1	68.13
68.1	68.14
68.1	68.15
68.5	68.16
68.6	68.17
68.6	68.18
68.6	68.19
68.5	68.20
68.6	68.21
68.6	68.22
68.1	68.23
68.5	68.24
68.1	68.25
68.1	68.26
68.6	68.27
68.5	68.28
68.5	68.29
68.1	68.30
68.6	68.31
68.1	68.32
68.5	68.33
68.1	68.34
68.1	68.35
68.5	68.36
68.4	68.37
68.6	68.38
68.1	68.39
68.1	68.40
68.1	68.41
68.6	68.42
68.6	68.43
68.6	68.44
68.6	68.45
68.5	68.46
68.6	68.47
68.6	68.48
68.6	68.49
68.6	68.50
68.2	68.51
68.1	68.52
68.1	68.53
68.6	68.54
68.1	68.55
68.6	68.56
68.6	68.57
68.6	68.58
68.6	68.59
68.1	68.60
68.1	68.61
68.6	68.62
68.6	68.63
68.6	68.64
69.6	69.1
69.8	69.2
69.6	69.3
69.9	69.4
69.1	69.5
69.3	69.6
69.6	69.7
69.4	69.8
69.9	69.9
69.9	69.10
69.5	69.11
69.5	69.12
69.8	69.13
69.5	69.14
69.2	69.15
69.1	69.16
69.6	69.17
69.6	69.18
69.10	69.19
69.6	69.20
69.8	69.21
69.1	69.22
69.10	69.23
69.8	69.24
69.8	69.25
69.10	69.26
69.8	69.27
69.1	69.28
69.6	69.29
69.3	69.30
69.9	69.31
69.1	69.32
69.9	69.33
69.8	69.34
69.9	69.35
69.8	69.36
69.5	69.37
69.1	69.38
69.9	69.39
69.10	69.40
69.9	69.41
69.5	69.42
69.7	69.43
69.10	69.44
69.3	69.45
69.5	69.46
69.9	69.47
69.9	69.48
69.9	69.49
69.8	69.50
69.9	69.51
69.8	69.52
69.6	69.53
69.5	69.54
69.1	69.55
69.10	69.56
69.8	69.57
69.9	69.58
69.6	69.59
69.7	69.60
69.6	69.61
69.6	69.62
69.1	69.63
69.1	69.64
70.10	70.1
70.6	70.2
70.5	70.3
70.5	70.4
70.6	70.5
70.7	70.6
70.9	70.7
70.5	70.8
70.5	70.9
70.6	70.10
70.6	70.11
70.5	70.12
70.6	70.13
70.1	70.14
70.5	70.15
70.6	70.16
70.9	70.17
70.10	70.18
70.5	70.19
70.6	70.20
70.6	70.21
70.5	70.22
70.6	70.23
70.5	70.24
70.1	70.25
70.1	70.26
70.5	70.27
70.6	70.28
70.10	70.29
70.6	70.30
70.10	70.31
70.3	70.32
70.2	70.33
70.8	70.34
70.6	70.35
70.6	70.36
70.5	70.37
70.5	70.38
70.6	70.39
70.10	70.40
70.6	70.41
70.5	70.42
70.1	70.43
70.6	70.44
70.1	70.45
70.6	70.46
70.5	70.47
70.5	70.48
70.5	70.49
70.10	70.50
70.5	70.51
70.10	70.52
70.1	70.53
70.4	70.54
70.5	70.55
70.8	70.56
70.1	70.57
70.5	70.58
70.6	70.59
70.5	70.60
70.6	70.61
70.10	70.62
70.6	70.63
70.5	70.64
71.1	71.1
71.5	71.2
71.3	71.3
71.3	71.4
71.5	71.5
71.5	71.6
71.3	71.7
71.3	71.8
71.3	71.9
71.5	71.10
71.3	71.11
71.5	71.12
71.5	71.13
71.3	71.14
71.5	71.15
71.5	71.16
71.3	71.17
71.3	71.18
71.5	71.19
71.5	71.20
71.5	71.21
71.1	71.22
71.3	71.23
71.5	71.24
71.1	71.25
71.4	71.26
71.4	71.27
71.5	71.28
71.5	71.29
71.5	71.30
71.3	71.31
71.5	71.32
71.1	71.33
71.4	71.34
71.5	71.35
71.2	71.36
71.4	71.37
71.3	71.38
71.3	71.39
71.4	71.40
71.4	71.41
71.4	71.42
71.3	71.43
71.1	71.44
71.3	71.45
71.5	71.46
71.5	71.47
71.3	71.48
71.4	71.49
71.4	71.50
71.3	71.51
71.4	71.52
71.4	71.53
71.3	71.54
71.3	71.55
71.3	71.56
71.4	71.57
71.1	71.58
71.4	71.59
71.1	71.60
71.3	71.61
71.3	71.62
71.3	71.63
71.3	71.64
72.9	72.1
72.12	72.2
72.9	72.3
72.5	72.4
72.7	72.5
72.7	72.6
72.9	72.7
72.9	72.8
72.11	72.9
72.9	72.10
72.11	72.11
72.2	72.12
72.11	72.13
72.6	72.14
72.1	72.15
72.1	72.16
72.5	72.17
72.4	72.18
72.9	72.19
72.7	72.20
72.1	72.21
72.1	72.22
72.7	72.23
72.1	72.24
72.7	72.25
72.1	72.26
72.7	72.27
72.6	72.28
72.5	72.29
72.4	72.30
72.9	72.31
72.11	72.32
72.5	72.33
72.1	72.34
72.1	72.35
72.9	72.36
72.5	72.37
72.5	72.38
72.7	72.39
72.1	72.40
72.6	72.41
72.11	72.42
72.1	72.43
72.5	72.44
72.12	72.45
72.1	72.46
72.11	72.47
72.8	72.48
72.6	72.49
72.10	72.50
72.9	72.51
72.5	72.52
72.9	72.53
72.1	72.54
72.7	72.55
72.12	72.56
72.5	72.57
72.1	72.58
72.5	72.59
72.3	72.60
72.9	72.61
72.7	72.62
72.3	72.63
72.12	72.64
73.1	73.1
73.5	73.2
73.7	73.3
73.7	73.4
73.2	73.5
73.1	73.6
73.5	73.7
73.1	73.8
73.1	73.9
73.7	73.10
73.5	73.11
73.5	73.12
73.6	73.13
73.7	73.14
73.7	73.15
73.1	73.16
73.7	73.17
73.1	73.18
73.5	73.19
73.7	73.20
73.7	73.21
73.5	73.22
73.5	73.23
73.6	73.24
73.1	73.25
73.7	73.26
73.1	73.27
73.4	73.28
73.1	73.29
73.7	73.30
73.6	73.31
73.1	73.32
73.7	73.33
73.5	73.34
73.1	73.35
73.7	73.36
73.6	73.37
73.1	73.38
73.6	73.39
73.5	73.40
73.7	73.41
73.7	73.42
73.5	73.43
73.6	73.44
73.7	73.45
73.6	73.46
73.5	73.47
73.6	73.48
73.1	73.49
73.5	73.50
73.7	73.51
73.7	73.52
73.7	73.53
73.1	73.54
73.6	73.55
73.6	73.56
73.1	73.57
73.1	73.58
73.1	73.59
73.1	73.60
73.1	73.61
73.1	73.62
73.3	73.63
73.5	73.64
74.6	74.1
74.1	74.2
74.6	74.3
74.5	74.4
74.6	74.5
74.1	74.6
74.1	74.7
74.4	74.8
74.6	74.9
74.6	74.10
74.6	74.11
74.6	74.12
74.6	74.13
74.6	74.14
74.6	74.15
74.1	74.16
74.6	74.17
74.6	74.18
74.1	74.19
74.6	74.20
74.1	74.21
74.1	74.22
74.1	74.23
74.6	74.24
74.1	74.25
74.1	74.26
74.1	74.27
74.1	74.28
74.6	74.29
74.6	74.30
74.6	74.31
74.1	74.32
74.6	74.33
74.1	74.34
74.1	74.35
74.6	74.36
74.1	74.37
74.1	74.38
74.1	74.39
74.1	74.40
74.5	74.41
74.1	74.42
74.6	74.43
74.6	74.44
74.6	74.45
74.5	74.46
74.1	74.47
74.6	74.48
74.5	74.49
74.3	74.50
74.4	74.51
74.1	74.52
74.6	74.53
74.1	74.54
74.5	74.55
74.1	74.56
74.1	74.57
74.6	74.58
74.1	74.59
74.2	74.60
74.1	74.61
74.5	74.62
74.1	74.63
74.4	74.64
75.1	75.1
75.8	75.2
75.8	75.3
75.3	75.4
75.8	75.5
75.3	75.6
75.1	75.7
75.8	75.8
75.8	75.9
75.8	75.10
75.3	75.11
75.3	75.12
75.3	75.13
75.8	75.14
75.3	75.15
75.1	75.16
75.6	75.17
75.3	75.18
75.8	75.19
75.2	75.20
75.3	75.21
75.3	75.22
75.3	75.23
75.4	75.24
75.7	75.25
75.3	75.26
75.1	75.27
75.3	75.28
75.7	75.29
75.1	75.30
75.8	75.31
75.3	75.32
75.3	75.33
75.8	75.34
75.3	75.35
75.3	75.36
75.8	75.37
75.8	75.38
75.6	75.39
75.3	75.40
75.8	75.41
75.8	75.42
75.8	75.43
75.1	75.44
75.5	75.45
75.5	75.46
75.6	75.47
75.8	75.48
75.8	75.49
75.1	75.50
75.1	75.51
75.1	75.52
75.8	75.53
75.8	75.54
75.8	75.55
75.1	75.56
75.5	75.57
75.8	75.58
75.3	75.59
75.3	75.60
75.6	75.61
75.1	75.62
75.1	75.63
75.8	75.64
76.1	76.1
76.1	76.2
76.4	76.3
76.1	76.4
76.1	76.5
76.1	76.6
76.1	76.7
76.1	76.8
76.1	76.9
76.3	76.10
76.1	76.11
76.1	76.12
76.4	76.13
76.1	76.14
76.1	76.15
76.4	76.16
76.4	76.17
76.1	76.18
76.1	76.19
76.1	76.20
76.5	76.21
76.1	76.22
76.4	76.23
76.4	76.24
76.1	76.25
76.1	76.26
76.1	76.27
76.1	76.28
76.1	76.29
76.1	76.30
76.4	76.31
76.4	76.32
76.1	76.33
76.1	76.34
76.1	76.35
76.3	76.36
76.1	76.37
76.1	76.38
76.6	76.39
76.4	76.40
76.4	76.41
76.6	76.42
76.4	76.43
76.3	76.44
76.6	76.45
76.4	76.46
76.1	76.47
76.4	76.48
76.4	76.49
76.3	76.50
76.1	76.51
76.4	76.52
76.4	76.53
76.3	76.54
76.2	76.55
76.1	76.56
76.1	76.57
76.1	76.58
76.1	76.59
76.1	76.60
76.1	76.61
76.5	76.62
76.4	76.63
76.1	76.64
77.5	77.1
77.6	77.2
77.7	77.3
77.7	77.4
77.7	77.5
77.7	77.6
77.7	77.7
77.7	77.8
77.7	77.9
77.6	77.10
77.7	77.11
77.6	77.12
77.7	77.13
77.7	77.14
77.7	77.15
77.7	77.16
77.2	77.17
77.7	77.18
77.7	77.19
77.5	77.20
77.6	77.21
77.7	77.22
77.6	77.23
77.7	77.24
77.7	77.25
77.6	77.26
77.1	77.27
77.7	77.28
77.4	77.29
77.6	77.30
77.7	77.31
77.7	77.32
77.6	77.33
77.4	77.34
77.6	77.35
77.7	77.36
77.7	77.37
77.6	77.38
77.1	77.39
77.1	77.40
77.6	77.41
77.7	77.42
77.7	77.43
77.7	77.44
77.1	77.45
77.6	77.46
77.4	77.47
77.1	77.48
77.7	77.49
77.5	77.50
77.6	77.51
77.6	77.52
77.4	77.53
77.3	77.54
77.7	77.55
77.5	77.56
77.6	77.57
77.7	77.58
77.7	77.59
77.7	77.60
77.7	77.61
77.7	77.62
77.7	77.63
77.6	77.64
78.4	78.1
78.4	78.2
78.10	78.3
78.1	78.4
78.6	78.5
78.4	78.6
78.6	78.7
78.2	78.8
78.9	78.9
78.6	78.10
78.8	78.11
78.4	78.12
78.4	78.13
78.1	78.14
78.10	78.15
78.6	78.16
78.6	78.17
78.4	78.18
78.10	78.19
78.9	78.20
78.9	78.21
78.10	78.22
78.6	78.23
78.6	78.24
78.1	78.25
78.9	78.26
78.6	78.27
78.10	78.28
78.10	78.29
78.10	78.30
78.6	78.31
78.10	78.32
78.1	78.33
78.10	78.34
78.6	78.35
78.10	78.36
78.5	78.37
78.1	78.38
78.6	78.39
78.9	78.40
78.6	78.41
78.10	78.42
78.5	78.43
78.10	78.44
78.6	78.45
78.6	78.46
78.3	78.47
78.10	78.48
78.6	78.49
78.4	78.50
78.9	78.51
78.10	78.52
78.4	78.53
78.1	78.54
78.10	78.55
78.4	78.56
78.10	78.57
78.10	78.58
78.1	78.59
78.7	78.60
78.6	78.61
78.1	78.62
78.10	78.63
78.6	78.64
79.6	79.1
79.6	79.2
79.6	79.3
79.1	79.4
79.1	79.5
79.1	79.6
79.1	79.7
79.1	79.8
79.1	79.9
79.1	79.10
79.1	79.11
79.6	79.12
79.1	79.13
79.5	79.14
79.1	79.15
79.1	79.16
79.6	79.17
79.1	79.18
79.1	79.19
79.1	79.20
79.6	79.21
79.1	79.22
79.1	79.23
79.1	79.24
79.1	79.25
79.6	79.26
79.6	79.27
79.6	79.28
79.1	79.29
79.1	79.30
79.1	79.31
79.1	79.32
79.4	79.33
79.4	79.34
79.1	79.35
79.6	79.36
79.6	79.37
79.2	79.38
79.6	79.39
79.1	79.40
79.6	79.41
79.4	79.42
79.6	79.43
79.6	79.44
79.6	79.45
79.1	79.46
79.1	79.47
79.1	79.48
79.6	79.49
79.3	79.50
79.6	79.51
79.1	79.52
79.1	79.53
79.1	79.54
79.1	79.55
79.1	79.56
79.4	79.57
79.6	79.58
79.1	79.59
79.1	79.60
79.1	79.61
79.1	79.62
79.1	79.63
79.1	79.64
80.1	80.1
80.1	80.2
80.4	80.3
80.1	80.4
80.1	80.5
80.6	80.6
80.1	80.7
80.2	80.8
80.6	80.9
80.6	80.10
80.6	80.11
80.1	80.12
80.6	80.13
80.6	80.14
80.4	80.15
80.1	80.16
80.1	80.17
80.6	80.18
80.1	80.19
80.1	80.20
80.4	80.21
80.6	80.22
80.1	80.23
80.6	80.24
80.6	80.25
80.6	80.26
80.1	80.27
80.6	80.28
80.1	80.29
80.1	80.30
80.6	80.31
80.4	80.32
80.1	80.33
80.6	80.34
80.1	80.35
80.1	80.36
80.1	80.37
80.6	80.38
80.1	80.39
80.1	80.40
80.6	80.41
80.1	80.42
80.1	80.43
80.4	80.44
80.6	80.45
80.6	80.46
80.6	80.47
80.1	80.48
80.6	80.49
80.4	80.50
80.1	80.51
80.6	80.52
80.1	80.53
80.5	80.54
80.1	80.55
80.1	80.56
80.1	80.57
80.1	80.58
80.6	80.59
80.1	80.60
80.6	80.61
80.3	80.62
80.1	80.63
80.1	80.64
81.4	81.1
81.1	81.2
81.1	81.3
81.1	81.4
81.1	81.5
81.4	81.6
81.1	81.7
81.1	81.8
81.1	81.9
81.1	81.10
81.1	81.11
81.4	81.12
81.4	81.13
81.1	81.14
81.1	81.15
81.1	81.16
81.4	81.17
81.1	81.18
81.4	81.19
81.4	81.20
81.1	81.21
81.4	81.22
81.1	81.23
81.1	81.24
81.1	81.25
81.1	81.26
81.4	81.27
81.4	81.28
81.4	81.29
81.4	81.30
81.1	81.31
81.4	81.32
81.4	81.33
81.4	81.34
81.1	81.35
81.1	81.36
81.1	81.37
81.1	81.38
81.4	81.39
81.3	81.40
81.4	81.41
81.1	81.42
81.1	81.43
81.1	81.44
81.1	81.45
81.1	81.46
81.4	81.47
81.1	81.48
81.4	81.49
81.1	81.50
81.4	81.51
81.1	81.52
81.4	81.53
81.1	81.54
81.1	81.55
81.4	81.56
81.1	81.57
81.1	81.58
81.3	81.59
81.4	81.60
81.4	81.61
81.2	81.62
81.1	81.63
81.4	81.64
82.1	82.1
82.1	82.2
82.1	82.3
82.6	82.4
82.5	82.5
82.5	82.6
82.6	82.7
82.1	82.8
82.6	82.9
82.5	82.10
82.1	82.11
82.6	82.12
82.6	82.13
82.6	82.14
82.6	82.15
82.1	82.16
82.5	82.17
82.1	82.18
82.1	82.19
82.1	82.20
82.5	82.21
82.1	82.22
82.4	82.23
82.5	82.24
82.1	82.25
82.5	82.26
82.1	82.27
82.1	82.28
82.5	82.29
82.6	82.30
82.1	82.31
82.1	82.32
82.1	82.33
82.5	82.34
82.1	82.35
82.6	82.36
82.1	82.37
82.1	82.38
82.1	82.39
82.1	82.40
82.1	82.41
82.1	82.42
82.1	82.43
82.6	82.44
82.1	82.45
82.6	82.46
82.1	82.47
82.1	82.48
82.1	82.49
82.5	82.50
82.1	82.51
82.1	82.52
82.1	82.53
82.1	82.54
82.1	82.55
82.1	82.56
82.2	82.57
82.1	82.58
82.5	82.59
82.6	82.60
82.1	82.61
82.3	82.62
82.6	82.63
82.1	82.64
83.12	83.1
83.1	83.2
83.12	83.3
83.12	83.4
83.3	83.5
83.10	83.6
83.9	83.7
83.9	83.8
83.12	83.9
83.11	83.10
83.7	83.11
83.12	83.12
83.12	83.13
83.6	83.14
83.12	83.15
83.12	83.16
83.10	83.17
83.12	83.18
83.1	83.19
83.12	83.20
83.1	83.21
83.8	83.22
83.12	83.23
83.10	83.24
83.8	83.25
83.12	83.26
83.12	83.27
83.10	83.28
83.5	83.29
83.1	83.30
83.12	83.31
83.2	83.32
83.10	83.33
83.6	83.34
83.12	83.35
83.10	83.36
83.1	83.37
83.12	83.38
83.4	83.39
83.13	83.40
83.10	83.41
83.12	83.42
83.11	83.43
83.12	83.44
83.12	83.45
83.1	83.46
83.1	83.47
83.12	83.48
83.12	83.49
83.1	83.50
83.1	83.51
83.1	83.52
83.13	83.53
83.1	83.54
83.12	83.55
83.1	83.56
83.9	83.57
83.1	83.58
83.1	83.59
83.12	83.60
83.1	83.61
83.12	83.62
83.1	83.63
83.11	83.64
84.4	84.1
84.5	84.2
84.4	84.3
84.11	84.4
84.11	84.5
84.10	84.6
84.14	84.7
84.6	84.8
84.4	84.9
84.4	84.10
84.11	84.11
84.4	84.12
84.11	84.13
84.13	84.14
84.11	84.15
84.4	84.16
84.7	84.17
84.2	84.18
84.12	84.19
84.4	84.20
84.11	84.21
84.13	84.22
84.11	84.23
84.4	84.24
84.7	84.25
84.7	84.26
84.12	84.27
84.11	84.28
84.7	84.29
84.11	84.30
84.11	84.31
84.4	84.32
84.3	84.33
84.7	84.34
84.7	84.35
84.13	84.36
84.12	84.37
84.4	84.38
84.4	84.39
84.7	84.40
84.11	84.41
84.11	84.42
84.2	84.43
84.13	84.44
84.13	84.45
84.7	84.46
84.7	84.47
84.12	84.48
84.11	84.49
84.11	84.50
84.1	84.51
84.7	84.52
84.7	84.53
84.8	84.54
84.11	84.55
84.11	84.56
84.11	84.57
84.4	84.58
84.7	84.59
84.9	84.60
84.11	84.61
84.4	84.62
84.13	84.63
84.11	84.64
85.4	85.1
85.7	85.2
85.7	85.3
85.7	85.4
85.7	85.5
85.4	85.6
85.7	85.7
85.7	85.8
85.4	85.9
85.7	85.10
85.4	85.11
85.2	85.12
85.3	85.13
85.6	85.14
85.1	85.15
85.7	85.16
85.7	85.17
85.6	85.18
85.6	85.19
85.7	85.20
85.4	85.21
85.1	85.22
85.7	85.23
85.7	85.24
85.6	85.25
85.7	85.26
85.4	85.27
85.4	85.28
85.5	85.29
85.6	85.30
85.1	85.31
85.7	85.32
85.7	85.33
85.6	85.34
85.6	85.35
85.6	85.36
85.7	85.37
85.7	85.38
85.6	85.39
85.1	85.40
85.6	85.41
85.1	85.42
85.6	85.43
85.7	85.44
85.6	85.45
85.7	85.46
85.7	85.47
85.7	85.48
85.6	85.49
85.6	85.50
85.7	85.51
85.7	85.52
85.7	85.53
85.7	85.54
85.4	85.55
85.4	85.56
85.4	85.57
85.6	85.58
85.1	85.59
85.4	85.60
85.7	85.61
85.6	85.62
85.1	85.63
85.6	85.64
86.5	86.1
86.1	86.2
86.1	86.3
86.1	86.4
86.1	86.5
86.3	86.6
86.1	86.7
86.1	86.8
86.3	86.9
86.5	86.10
86.5	86.11
86.4	86.12
86.1	86.13
86.1	86.14
86.4	86.15
86.3	86.16
86.3	86.17
86.1	86.18
86.3	86.19
86.1	86.20
86.1	86.21
86.3	86.22
86.3	86.23
86.1	86.24
86.1	86.25
86.1	86.26
86.4	86.27
86.3	86.28
86.1	86.29
86.5	86.30
86.5	86.31
86.1	86.32
86.1	86.33
86.3	86.34
86.2	86.35
86.3	86.36
86.3	86.37
86.1	86.38
86.1	86.39
86.4	86.40
86.3	86.41
86.3	86.42
86.3	86.43
86.5	86.44
86.1	86.45
86.1	86.46
86.5	86.47
86.5	86.48
86.3	86.49
86.4	86.50
86.1	86.51
86.3	86.52
86.3	86.53
86.5	86.54
86.5	86.55
86.3	86.56
86.3	86.57
86.3	86.58
86.3	86.59
86.5	86.60
86.3	86.61
86.1	86.62
86.1	86.63
86.1	86.64
87.4	87.1
87.1	87.2
87.1	87.3
87.1	87.4
87.4	87.5
87.1	87.6
87.1	87.7
87.1	87.8
87.4	87.9
87.1	87.10
87.4	87.11
87.1	87.12
87.1	87.13
87.4	87.14
87.1	87.15
87.1	87.16
87.1	87.17
87.1	87.18
87.1	87.19
87.1	87.20
87.1	87.21
87.1	87.22
87.1	87.23
87.1	87.24
87.4	87.25
87.5	87.26
87.1	87.27
87.1	87.28
87.3	87.29
87.1	87.30
87.4	87.31
87.1	87.32
87.1	87.33
87.1	87.34
87.2	87.35
87.1	87.36
87.1	87.37
87.4	87.38
87.1	87.39
87.1	87.40
87.1	87.41
87.1	87.42
87.4	87.43
87.4	87.44
87.1	87.45
87.4	87.46
87.4	87.47
87.1	87.48
87.4	87.49
87.5	87.50
87.4	87.51
87.1	87.52
87.1	87.53
87.4	87.54
87.1	87.55
87.1	87.56
87.4	87.57
87.4	87.58
87.1	87.59
87.1	87.60
87.4	87.61
87.4	87.62
87.1	87.63
87.1	87.64
88.1	88.1
88.6	88.2
88.4	88.3
88.4	88.4
88.1	88.5
88.6	88.6
88.1	88.7
88.1	88.8
88.4	88.9
88.3	88.10
88.1	88.11
88.5	88.12
88.1	88.13
88.6	88.14
88.1	88.15
88.4	88.16
88.4	88.17
88.1	88.18
88.6	88.19
88.6	88.20
88.6	88.21
88.6	88.22
88.4	88.23
88.4	88.24
88.4	88.25
88.4	88.26
88.1	88.27
88.6	88.28
88.5	88.29
88.4	88.30
88.5	88.31
88.3	88.32
88.4	88.33
88.4	88.34
88.6	88.35
88.1	88.36
88.1	88.37
88.1	88.38
88.5	88.39
88.1	88.40
88.4	88.41
88.1	88.42
88.6	88.43
88.3	88.44
88.4	88.45
88.1	88.46
88.1	88.47
88.2	88.48
88.4	88.49
88.1	88.50
88.1	88.51
88.1	88.52
88.4	88.53
88.4	88.54
88.6	88.55
88.6	88.56
88.6	88.57
88.4	88.58
88.1	88.59
88.6	88.60
88.1	88.61
88.4	88.62
88.1	88.63
88.1	88.64
89.3	89.1
89.1	89.2
89.3	89.3
89.7	89.4
89.7	89.5
89.3	89.6
89.1	89.7
89.1	89.8
89.5	89.9
89.5	89.10
89.1	89.11
89.1	89.12
89.1	89.13
89.7	89.14
89.7	89.15
89.7	89.16
89.1	89.17
89.7	89.18
89.7	89.19
89.7	89.20
89.5	89.21
89.3	89.22
89.2	89.23
89.1	89.24
89.7	89.25
89.1	89.26
89.5	89.27
89.3	89.28
89.7	89.29
89.1	89.30
89.5	89.31
89.1	89.32
89.3	89.33
89.4	89.34
89.1	89.35
89.1	89.36
89.5	89.37
89.7	89.38
89.7	89.39
89.7	89.40
89.3	89.41
89.1	89.42
89.5	89.43
89.7	89.44
89.5	89.45
89.1	89.46
89.7	89.47
89.7	89.48
89.1	89.49
89.7	89.50
89.5	89.51
89.1	89.52
89.6	89.53
89.7	89.54
89.1	89.55
89.5	89.56
89.7	89.57
89.5	89.58
89.5	89.59
89.1	89.60
89.7	89.61
89.5	89.62
89.3	89.63
89.1	89.64
90.3	90.1
90.3	90.2
90.7	90.3
90.3	90.4
90.3	90.5
90.7	90.6
90.7	90.7
90.7	90.8
90.7	90.9
90.3	90.10
90.7	90.11
90.3	90.12
90.3	90.13
90.7	90.14
90.3	90.15
90.7	90.16
90.3	90.17
90.7	90.18
90.7	90.19
90.3	90.20
90.7	90.21
90.7	90.22
90.7	90.23
90.3	90.24
90.4	90.25
90.5	90.26
90.3	90.27
90.1	90.28
90.7	90.29
90.3	90.30
90.7	90.31
90.3	90.32
90.7	90.33
90.4	90.34
90.7	90.35
90.3	90.36
90.3	90.37
90.6	90.38
90.7	90.39
90.3	90.40
90.7	90.41
90.7	90.42
90.5	90.43
90.5	90.44
90.7	90.45
90.3	90.46
90.3	90.47
90.3	90.48
90.1	90.49
90.5	90.50
90.7	90.51
90.3	90.52
90.7	90.53
90.3	90.54
90.3	90.55
90.1	90.56
90.7	90.57
90.3	90.58
90.3	90.59
90.1	90.60
90.1	90.61
90.7	90.62
90.7	90.63
90.2	90.64
91.7	91.1
91.1	91.2
91.5	91.3
91.4	91.4
91.1	91.5
91.7	91.6
91.1	91.7
91.1	91.8
91.7	91.9
91.7	91.10
91.1	91.11
91.7	91.12
91.4	91.13
91.1	91.14
91.1	91.15
91.1	91.16
91.7	91.17
91.1	91.18
91.4	91.19
91.1	91.20
91.5	91.21
91.1	91.22
91.4	91.23
91.1	91.24
91.1	91.25
91.1	91.26
91.1	91.27
91.7	91.28
91.5	91.29
91.4	91.30
91.7	91.31
91.7	91.32
91.1	91.33
91.7	91.34
91.7	91.35
91.1	91.36
91.1	91.37
91.5	91.38
91.3	91.39
91.1	91.40
91.7	91.41
91.2	91.42
91.5	91.43
91.3	91.44
91.1	91.45
91.4	91.46
91.4	91.47
91.7	91.48
91.1	91.49
91.4	91.50
91.1	91.51
91.1	91.52
91.7	91.53
91.4	91.54
91.4	91.55
91.7	91.56
91.6	91.57
91.1	91.58
91.7	91.59
91.4	91.60
91.7	91.61
91.1	91.62
91.7	91.63
91.1	91.64
92.9	92.1
92.1	92.2
92.7	92.3
92.9	92.4
92.8	92.5
92.9	92.6
92.7	92.7
92.9	92.8
92.7	92.9
92.7	92.10
92.5	92.11
92.1	92.12
92.9	92.13
92.6	92.14
92.1	92.15
92.5	92.16
92.1	92.17
92.1	92.18
92.9	92.19
92.1	92.20
92.1	92.21
92.9	92.22
92.3	92.23
92.1	92.24
92.5	92.25
92.1	92.26
92.9	92.27
92.7	92.28
92.1	92.29
92.1	92.30
92.7	92.31
92.7	92.32
92.9	92.33
92.7	92.34
92.9	92.35
92.6	92.36
92.9	92.37
92.4	92.38
92.7	92.39
92.1	92.40
92.1	92.41
92.5	92.42
92.5	92.43
92.5	92.44
92.9	92.45
92.9	92.46
92.1	92.47
92.9	92.48
92.9	92.49
92.5	92.50
92.2	92.51
92.9	92.52
92.1	92.53
92.4	92.54
92.5	92.55
92.4	92.56
92.6	92.57
92.1	92.58
92.1	92.59
92.1	92.60
92.9	92.61
92.9	92.62
92.1	92.63
92.5	92.64
93.7	93.1
93.7	93.2
93.12	93.3
93.12	93.4
93.7	93.5
93.12	93.6
93.7	93.7
93.7	93.8
93.7	93.9
93.7	93.10
93.7	93.11
93.7	93.12
93.10	93.13
93.2	93.14
93.12	93.15
93.12	93.16
93.12	93.17
93.7	93.18
93.7	93.19
93.12	93.20
93.7	93.21
93.7	93.22
93.12	93.23
93.7	93.24
93.2	93.25
93.7	93.26
93.12	93.27
93.7	93.28
93.7	93.29
93.7	93.30
93.12	93.31
93.7	93.32
93.6	93.33
93.7	93.34
93.10	93.35
93.12	93.36
93.9	93.37
93.7	93.38
93.12	93.39
93.7	93.40
93.7	93.41
93.12	93.42
93.11	93.43
93.1	93.44
93.12	93.45
93.7	93.46
93.12	93.47
93.7	93.48
93.12	93.49
93.10	93.50
93.10	93.51
93.7	93.52
93.7	93.53
93.4	93.54
93.7	93.55
93.7	93.56
93.12	93.57
93.5	93.58
93.3	93.59
93.7	93.60
93.8	93.61
93.7	93.62
93.9	93.63
93.7	93.64
94.6	94.1
94.6	94.2
94.1	94.3
94.6	94.4
94.6	94.5
94.6	94.6
94.6	94.7
94.1	94.8
94.6	94.9
94.6	94.10
94.6	94.11
94.1	94.12
94.6	94.13
94.1	94.14
94.1	94.15
94.6	94.16
94.6	94.17
94.1	94.18
94.1	94.19
94.1	94.20
94.6	94.21
94.1	94.22
94.1	94.23
94.1	94.24
94.6	94.25
94.6	94.26
94.6	94.27
94.6	94.28
94.1	94.29
94.6	94.30
94.1	94.31
94.4	94.32
94.6	94.33
94.6	94.34
94.6	94.35
94.5	94.36
94.6	94.37
94.3	94.38
94.6	94.39
94.6	94.40
94.1	94.41
94.1	94.42
94.2	94.43
94.6	94.44
94.1	94.45
94.1	94.46
94.6	94.47
94.6	94.48
94.1	94.49
94.6	94.50
94.6	94.51
94.6	94.52
94.4	94.53
94.6	94.54
94.6	94.55
94.6	94.56
94.6	94.57
94.6	94.58
94.6	94.59
94.1	94.60
94.1	94.61
94.6	94.62
94.6	94.63
94.1	94.64
95.1	95.1
95.5	95.2
95.5	95.3
95.6	95.4
95.5	95.5
95.2	95.6
95.5	95.7
95.4	95.8
95.3	95.9
95.5	95.10
95.5	95.11
95.1	95.12
95.4	95.13
95.5	95.14
95.4	95.15
95.5	95.16
95.5	95.17
95.5	95.18
95.1	95.19
95.5	95.20
95.1	95.21
95.1	95.22
95.1	95.23
95.1	95.24
95.1	95.25
95.4	95.26
95.5	95.27
95.1	95.28
95.5	95.29
95.5	95.30
95.1	95.31
95.1	95.32
95.5	95.33
95.1	95.34
95.1	95.35
95.4	95.36
95.1	95.37
95.5	95.38
95.4	95.39
95.4	95.40
95.5	95.41
95.1	95.42
95.1	95.43
95.1	95.44
95.5	95.45
95.1	95.46
95.1	95.47
95.5	95.48
95.5	95.49
95.1	95.50
95.1	95.51
95.1	95.52
95.1	95.53
95.1	95.54
95.4	95.55
95.6	95.56
95.1	95.57
95.4	95.58
95.5	95.59
95.1	95.60
95.1	95.61
95.5	95.62
95.6	95.63
95.5	95.64
96.5	96.1
96.1	96.2
96.7	96.3
96.7	96.4
96.3	96.5
96.8	96.6
96.5	96.7
96.5	96.8
96.7	96.9
96.4	96.10
96.7	96.11
96.5	96.12
96.6	96.13
96.7	96.14
96.4	96.15
96.5	96.16
96.5	96.17
96.5	96.18
96.8	96.19
96.3	96.20
96.1	96.21
96.7	96.22
96.8	96.23
96.8	96.24
96.5	96.25
96.5	96.26
96.1	96.27
96.7	96.28
96.7	96.29
96.8	96.30
96.8	96.31
96.7	96.32
96.8	96.33
96.8	96.34
96.8	96.35
96.8	96.36
96.4	96.37
96.5	96.38
96.7	96.39
96.1	96.40
96.5	96.41
96.7	96.42
96.8	96.43
96.8	96.44
96.7	96.45
96.8	96.46
96.5	96.47
96.5	96.48
96.8	96.49
96.5	96.50
96.7	96.51
96.5	96.52
96.1	96.53
96.2	96.54
96.7	96.55
96.5	96.56
96.5	96.57
96.6	96.58
96.7	96.59
96.4	96.60
96.5	96.61
96.5	96.62
96.6	96.63
96.1	96.64
97.5	97.1
97.5	97.2
97.5	97.3
97.5	97.4
97.5	97.5
97.6	97.6
97.6	97.7
97.5	97.8
97.1	97.9
97.1	97.10
97.5	97.11
97.5	97.12
97.5	97.13
97.5	97.14
97.5	97.15
97.5	97.16
97.1	97.17
97.5	97.18
97.4	97.19
97.5	97.20
97.5	97.21
97.1	97.22
97.1	97.23
97.5	97.24
97.4	97.25
97.4	97.26
97.5	97.27
97.5	97.28
97.1	97.29
97.6	97.30
97.6	97.31
97.1	97.32
97.1	97.33
97.1	97.34
97.6	97.35
97.5	97.36
97.5	97.37
97.1	97.38
97.5	97.39
97.1	97.40
97.2	97.41
97.5	97.42
97.3	97.43
97.1	97.44
97.1	97.45
97.5	97.46
97.6	97.47
97.5	97.48
97.6	97.49
97.5	97.50
97.6	97.51
97.1	97.52
97.5	97.53
97.5	97.54
97.6	97.55
97.6	97.56
97.1	97.57
97.3	97.58
97.6	97.59
97.5	97.60
97.1	97.61
97.5	97.62
97.5	97.63
97.5	97.64
98.1	98.1
98.1	98.2
98.1	98.3
98.1	98.4
98.11	98.5
98.1	98.6
98.1	98.7
98.11	98.8
98.13	98.9
98.11	98.10
98.11	98.11
98.11	98.12
98.13	98.13
98.11	98.14
98.6	98.15
98.1	98.16
98.1	98.17
98.1	98.18
98.1	98.19
98.9	98.20
98.13	98.21
98.1	98.22
98.1	98.23
98.11	98.24
98.11	98.25
98.1	98.26
98.11	98.27
98.8	98.28
98.11	98.29
98.13	98.30
98.13	98.31
98.9	98.32
98.1	98.33
98.1	98.34
98.1	98.35
98.11	98.36
98.10	98.37
98.11	98.38
98.9	98.39
98.11	98.40
98.11	98.41
98.4	98.42
98.1	98.43
98.11	98.44
98.11	98.45
98.1	98.46
98.11	98.47
98.11	98.48
98.13	98.49
98.7	98.50
98.1	98.51
98.13	98.52
98.13	98.53
98.3	98.54
98.1	98.55
98.11	98.56
98.12	98.57
98.5	98.58
98.11	98.59
98.1	98.60
98.2	98.61
98.11	98.62
98.11	98.63
98.13	98.64
99.4	99.1
99.6	99.2
99.4	99.3
99.8	99.4
99.6	99.5
99.1	99.6
99.4	99.7
99.1	99.8
99.1	99.9
99.6	99.10
99.1	99.11
99.6	99.12
99.4	99.13
99.6	99.14
99.5	99.15
99.1	99.16
99.3	99.17
99.6	99.18
99.6	99.19
99.6	99.20
99.4	99.21
99.4	99.22
99.4	99.23
99.2	99.24
99.6	99.25
99.7	99.26
99.5	99.27
99.4	99.28
99.6	99.29
99.4	99.30
99.6	99.31
99.4	99.32
99.6	99.33
99.4	99.34
99.3	99.35
99.6	99.36
99.4	99.37
99.6	99.38
99.1	99.39
99.6	99.40
99.1	99.41
99.1	99.42
99.1	99.43
99.6	99.44
99.6	99.45
99.3	99.46
99.8	99.47
99.1	99.48
99.6	99.49
99.6	99.50
99.1	99.51
99.4	99.52
99.6	99.53
99.6	99.54
99.6	99.55
99.4	99.56
99.6	99.57
99.4	99.58
99.1	99.59
99.6	99.60
99.1	99.61
99.6	99.62
99.4	99.63
99.1	99.64
100.1	100.1
100.3	100.2
100.3	100.3
100.5	100.4
100.1	100.5
100.3	100.6
100.3	100.7
100.3	100.8
100.3	100.9
100.1	100.10
100.1	100.11
100.1	100.12
100.3	100.13
100.3	100.14
100.3	100.15
100.1	100.16
100.1	100.17
100.1	100.18
100.3	100.19
100.3	100.20
100.3	100.21
100.1	100.22
100.8	100.23
100.3	100.24
100.1	100.25
100.3	100.26
100.1	100.27
100.1	100.28
100.3	100.29
100.1	100.30
100.8	100.31
100.1	100.32
100.3	100.33
100.6	100.34
100.6	100.35
100.3	100.36
100.3	100.37
100.3	100.38
100.1	100.39
100.1	100.40
100.1	100.41
100.1	100.42
100.1	100.43
100.3	100.44
100.3	100.45
100.1	100.46
100.3	100.47
100.1	100.48
100.3	100.49
100.1	100.50
100.8	100.51
100.1	100.52
100.7	100.53
100.1	100.54
100.2	100.55
100.1	100.56
100.6	100.57
100.1	100.58
100.4	100.59
100.1	100.60
100.1	100.61
100.1	100.62
100.3	100.63
100.3	100.64