subTopicID	resultID
1.11	1.1
1.6	1.2
1.6	1.3
1.6	1.4
1.7	1.5
1.6	1.6
1.6	1.7
1.11	1.8
1.6	1.9
1.6	1.10
1.10	1.11
1.6	1.12
1.6	1.13
1.6	1.14
1.6	1.15
1.6	1.16
1.6	1.17
1.11	1.18
1.11	1.19
1.9	1.20
1.6	1.21
1.1	1.22
1.6	1.23
1.6	1.24
1.6	1.25
1.1	1.26
1.6	1.27
1.6	1.28
1.1	1.29
1.9	1.30
1.6	1.31
1.6	1.32
1.1	1.33
1.11	1.34
1.11	1.35
1.6	1.36
1.8	1.37
1.6	1.38
1.3	1.39
1.6	1.40
1.6	1.41
1.6	1.42
1.6	1.43
1.6	1.44
1.11	1.45
1.7	1.46
1.6	1.47
1.11	1.48
1.5	1.49
1.4	1.50
1.6	1.51
1.1	1.52
1.6	1.53
1.1	1.54
1.8	1.55
1.6	1.56
1.6	1.57
1.11	1.58
1.8	1.59
1.6	1.60
1.2	1.61
1.11	1.62
1.6	1.63
1.6	1.64
2.7	2.1
2.7	2.2
2.7	2.3
2.7	2.4
2.7	2.5
2.7	2.6
2.7	2.7
2.7	2.8
2.7	2.9
2.7	2.10
2.7	2.11
2.6	2.12
2.7	2.13
2.7	2.14
2.7	2.15
2.7	2.16
2.7	2.17
2.7	2.18
2.7	2.19
2.7	2.20
2.7	2.21
2.3	2.22
2.4	2.23
2.7	2.24
2.7	2.25
2.7	2.26
2.7	2.27
2.1	2.28
2.7	2.29
2.7	2.30
2.7	2.31
2.7	2.32
2.7	2.33
2.7	2.34
2.7	2.35
2.1	2.36
2.7	2.37
2.1	2.38
2.7	2.39
2.2	2.40
2.7	2.41
2.8	2.42
2.7	2.43
2.7	2.44
2.7	2.45
2.8	2.46
2.7	2.47
2.5	2.48
2.7	2.49
2.7	2.50
2.7	2.51
2.7	2.52
2.1	2.53
2.7	2.54
2.7	2.55
2.7	2.56
2.7	2.57
2.1	2.58
2.7	2.59
2.1	2.60
2.7	2.61
2.7	2.62
2.1	2.63
2.7	2.64
3.1	3.1
3.1	3.2
3.1	3.3
3.14	3.4
3.17	3.5
3.1	3.6
3.16	3.7
3.1	3.8
3.1	3.9
3.1	3.10
3.1	3.11
3.17	3.12
3.1	3.13
3.1	3.14
3.1	3.15
3.16	3.16
3.6	3.17
3.1	3.18
3.13	3.19
3.13	3.20
3.11	3.21
3.1	3.22
3.4	3.23
3.16	3.24
3.11	3.25
3.1	3.26
3.2	3.27
3.1	3.28
3.1	3.29
3.1	3.30
3.11	3.31
3.12	3.32
3.11	3.33
3.16	3.34
3.1	3.35
3.13	3.36
3.9	3.37
3.7	3.38
3.5	3.39
3.17	3.40
3.1	3.41
3.17	3.42
3.1	3.43
3.12	3.44
3.16	3.45
3.11	3.46
3.8	3.47
3.15	3.48
3.1	3.49
3.7	3.50
3.10	3.51
3.1	3.52
3.11	3.53
3.1	3.54
3.1	3.55
3.13	3.56
3.6	3.57
3.3	3.58
3.1	3.59
3.7	3.60
3.1	3.61
3.1	3.62
3.7	3.63
3.1	3.64
4.1	4.1
4.4	4.2
4.1	4.3
4.1	4.4
4.1	4.5
4.6	4.6
4.1	4.7
4.1	4.8
4.1	4.9
4.7	4.10
4.6	4.11
4.1	4.12
4.1	4.13
4.1	4.14
4.1	4.15
4.1	4.16
4.6	4.17
4.1	4.18
4.1	4.19
4.1	4.20
4.1	4.21
4.6	4.22
4.3	4.23
4.6	4.24
4.6	4.25
4.1	4.26
4.7	4.27
4.1	4.28
4.1	4.29
4.1	4.30
4.7	4.31
4.6	4.32
4.1	4.33
4.1	4.34
4.6	4.35
4.1	4.36
4.7	4.37
4.1	4.38
4.1	4.39
4.6	4.40
4.6	4.41
4.1	4.42
4.1	4.43
4.8	4.44
4.1	4.45
4.2	4.46
4.1	4.47
4.1	4.48
4.8	4.49
4.1	4.50
4.1	4.51
4.1	4.52
4.1	4.53
4.1	4.54
4.5	4.55
4.6	4.56
4.8	4.57
4.6	4.58
4.8	4.59
4.1	4.60
4.6	4.61
4.1	4.62
4.6	4.63
4.6	4.64
5.2	5.1
5.2	5.2
5.2	5.3
5.2	5.4
5.5	5.5
5.2	5.6
5.9	5.7
5.2	5.8
5.2	5.9
5.2	5.10
5.2	5.11
5.2	5.12
5.2	5.13
5.2	5.14
5.9	5.15
5.2	5.16
5.9	5.17
5.2	5.18
5.9	5.19
5.2	5.20
5.2	5.21
5.2	5.22
5.9	5.23
5.2	5.24
5.6	5.25
5.10	5.26
5.2	5.27
5.2	5.28
5.2	5.29
5.2	5.30
5.2	5.31
5.2	5.32
5.3	5.33
5.2	5.34
5.2	5.35
5.2	5.36
5.2	5.37
5.1	5.38
5.2	5.39
5.2	5.40
5.2	5.41
5.2	5.42
5.2	5.43
5.7	5.44
5.2	5.45
5.2	5.46
5.8	5.47
5.9	5.48
5.2	5.49
5.2	5.50
5.2	5.51
5.2	5.52
5.9	5.53
5.4	5.54
5.2	5.55
5.2	5.56
5.2	5.57
5.2	5.58
5.2	5.59
5.2	5.60
5.2	5.61
5.2	5.62
5.9	5.63
5.2	5.64
6.1	6.1
6.1	6.2
6.1	6.3
6.6	6.4
6.4	6.5
6.1	6.6
6.1	6.7
6.1	6.8
6.1	6.9
6.8	6.10
6.1	6.11
6.1	6.12
6.1	6.13
6.1	6.14
6.1	6.15
6.1	6.16
6.1	6.17
6.1	6.18
6.1	6.19
6.2	6.20
6.7	6.21
6.1	6.22
6.1	6.23
6.1	6.24
6.1	6.25
6.1	6.26
6.1	6.27
6.1	6.28
6.1	6.29
6.1	6.30
6.3	6.31
6.1	6.32
6.1	6.33
6.1	6.34
6.1	6.35
6.1	6.36
6.5	6.37
6.1	6.38
6.1	6.39
6.1	6.40
6.1	6.41
6.1	6.42
6.1	6.43
6.1	6.44
6.1	6.45
6.1	6.46
6.1	6.47
6.1	6.48
6.1	6.49
6.1	6.50
6.1	6.51
6.1	6.52
6.1	6.53
6.1	6.54
6.6	6.55
6.1	6.56
6.1	6.57
6.1	6.58
6.1	6.59
6.1	6.60
6.1	6.61
6.1	6.62
6.1	6.63
6.1	6.64
7.7	7.1
7.7	7.2
7.15	7.3
7.15	7.4
7.9	7.5
7.14	7.6
7.7	7.7
7.13	7.8
7.14	7.9
7.14	7.10
7.16	7.11
7.7	7.12
7.7	7.13
7.14	7.14
7.7	7.15
7.15	7.16
7.7	7.17
7.16	7.18
7.14	7.19
7.7	7.20
7.7	7.21
7.10	7.22
7.15	7.23
7.15	7.24
7.15	7.25
7.7	7.26
7.13	7.27
7.16	7.28
7.14	7.29
7.7	7.30
7.1	7.31
7.9	7.32
7.11	7.33
7.8	7.34
7.7	7.35
7.2	7.36
7.16	7.37
7.9	7.38
7.12	7.39
7.7	7.40
7.15	7.41
7.9	7.42
7.7	7.43
7.15	7.44
7.16	7.45
7.12	7.46
7.16	7.47
7.16	7.48
7.5	7.49
7.7	7.50
7.6	7.51
7.14	7.52
7.15	7.53
7.13	7.54
7.16	7.55
7.9	7.56
7.7	7.57
7.15	7.58
7.3	7.59
7.10	7.60
7.4	7.61
7.12	7.62
7.10	7.63
7.14	7.64
8.12	8.1
8.9	8.2
8.9	8.3
8.10	8.4
8.3	8.5
8.3	8.6
8.10	8.7
8.3	8.8
8.3	8.9
8.6	8.10
8.3	8.11
8.8	8.12
8.3	8.13
8.3	8.14
8.12	8.15
8.3	8.16
8.2	8.17
8.7	8.18
8.3	8.19
8.3	8.20
8.1	8.21
8.9	8.22
8.3	8.23
8.3	8.24
8.9	8.25
8.9	8.26
8.6	8.27
8.3	8.28
8.10	8.29
8.9	8.30
8.10	8.31
8.11	8.32
8.3	8.33
8.9	8.34
8.3	8.35
8.12	8.36
8.9	8.37
8.9	8.38
8.5	8.39
8.10	8.40
8.9	8.41
8.9	8.42
8.10	8.43
8.3	8.44
8.7	8.45
8.3	8.46
8.3	8.47
8.12	8.48
8.9	8.49
8.9	8.50
8.9	8.51
8.3	8.52
8.9	8.53
8.9	8.54
8.9	8.55
8.9	8.56
8.11	8.57
8.10	8.58
8.10	8.59
8.10	8.60
8.10	8.61
8.4	8.62
8.3	8.63
8.3	8.64
9.8	9.1
9.5	9.2
9.5	9.3
9.5	9.4
9.5	9.5
9.5	9.6
9.5	9.7
9.5	9.8
9.5	9.9
9.5	9.10
9.5	9.11
9.5	9.12
9.8	9.13
9.1	9.14
9.5	9.15
9.5	9.16
9.7	9.17
9.5	9.18
9.5	9.19
9.5	9.20
9.5	9.21
9.5	9.22
9.9	9.23
9.8	9.24
9.4	9.25
9.2	9.26
9.8	9.27
9.1	9.28
9.5	9.29
9.5	9.30
9.5	9.31
9.8	9.32
9.11	9.33
9.5	9.34
9.5	9.35
9.5	9.36
9.8	9.37
9.11	9.38
9.3	9.39
9.4	9.40
9.5	9.41
9.6	9.42
9.9	9.43
9.3	9.44
9.9	9.45
9.10	9.46
9.5	9.47
9.5	9.48
9.1	9.49
9.5	9.50
9.5	9.51
9.5	9.52
9.5	9.53
9.5	9.54
9.8	9.55
9.5	9.56
9.5	9.57
9.1	9.58
9.5	9.59
9.5	9.60
9.5	9.61
9.5	9.62
9.5	9.63
9.8	9.64
10.1	10.1
10.1	10.2
10.11	10.3
10.11	10.4
10.1	10.5
10.1	10.6
10.1	10.7
10.8	10.8
10.1	10.9
10.1	10.10
10.1	10.11
10.11	10.12
10.7	10.13
10.1	10.14
10.1	10.15
10.1	10.16
10.1	10.17
10.1	10.18
10.1	10.19
10.1	10.20
10.9	10.21
10.1	10.22
10.8	10.23
10.1	10.24
10.9	10.25
10.9	10.26
10.11	10.27
10.11	10.28
10.1	10.29
10.1	10.30
10.10	10.31
10.11	10.32
10.3	10.33
10.6	10.34
10.1	10.35
10.11	10.36
10.1	10.37
10.1	10.38
10.11	10.39
10.9	10.40
10.1	10.41
10.2	10.42
10.2	10.43
10.1	10.44
10.1	10.45
10.1	10.46
10.1	10.47
10.7	10.48
10.1	10.49
10.11	10.50
10.11	10.51
10.1	10.52
10.9	10.53
10.1	10.54
10.11	10.55
10.1	10.56
10.11	10.57
10.1	10.58
10.11	10.59
10.5	10.60
10.11	10.61
10.4	10.62
10.1	10.63
10.2	10.64
11.3	11.1
11.5	11.2
11.3	11.3
11.3	11.4
11.3	11.5
11.3	11.6
11.9	11.7
11.3	11.8
11.3	11.9
11.3	11.10
11.3	11.11
11.3	11.12
11.3	11.13
11.3	11.14
11.9	11.15
11.3	11.16
11.4	11.17
11.9	11.18
11.3	11.19
11.3	11.20
11.10	11.21
11.1	11.22
11.3	11.23
11.8	11.24
11.3	11.25
11.3	11.26
11.9	11.27
11.3	11.28
11.3	11.29
11.3	11.30
11.3	11.31
11.3	11.32
11.3	11.33
11.3	11.34
11.3	11.35
11.3	11.36
11.3	11.37
11.3	11.38
11.3	11.39
11.6	11.40
11.3	11.41
11.3	11.42
11.3	11.43
11.3	11.44
11.3	11.45
11.3	11.46
11.3	11.47
11.7	11.48
11.3	11.49
11.9	11.50
11.3	11.51
11.3	11.52
11.3	11.53
11.3	11.54
11.3	11.55
11.6	11.56
11.3	11.57
11.9	11.58
11.2	11.59
11.3	11.60
11.3	11.61
11.3	11.62
11.3	11.63
11.3	11.64
12.1	12.1
12.5	12.2
12.1	12.3
12.2	12.4
12.1	12.5
12.1	12.6
12.1	12.7
12.1	12.8
12.1	12.9
12.4	12.10
12.1	12.11
12.1	12.12
12.1	12.13
12.1	12.14
12.1	12.15
12.1	12.16
12.1	12.17
12.1	12.18
12.1	12.19
12.1	12.20
12.1	12.21
12.1	12.22
12.4	12.23
12.1	12.24
12.1	12.25
12.1	12.26
12.1	12.27
12.1	12.28
12.1	12.29
12.1	12.30
12.1	12.31
12.1	12.32
12.1	12.33
12.1	12.34
12.3	12.35
12.1	12.36
12.1	12.37
12.1	12.38
12.1	12.39
12.1	12.40
12.1	12.41
12.1	12.42
12.1	12.43
12.1	12.44
12.1	12.45
12.1	12.46
12.1	12.47
12.1	12.48
12.1	12.49
12.1	12.50
12.1	12.51
12.1	12.52
12.1	12.53
12.1	12.54
12.1	12.55
12.1	12.56
12.1	12.57
12.1	12.58
12.1	12.59
12.1	12.60
12.1	12.61
12.1	12.62
12.1	12.63
12.1	12.64
13.1	13.1
13.1	13.2
13.1	13.3
13.1	13.4
13.1	13.5
13.1	13.6
13.2	13.7
13.1	13.8
13.1	13.9
13.1	13.10
13.1	13.11
13.1	13.12
13.1	13.13
13.1	13.14
13.1	13.15
13.1	13.16
13.1	13.17
13.1	13.18
13.1	13.19
13.1	13.20
13.1	13.21
13.1	13.22
13.1	13.23
13.1	13.24
13.1	13.25
13.1	13.26
13.1	13.27
13.1	13.28
13.1	13.29
13.1	13.30
13.1	13.31
13.1	13.32
13.1	13.33
13.1	13.34
13.1	13.35
13.1	13.36
13.1	13.37
13.1	13.38
13.1	13.39
13.1	13.40
13.1	13.41
13.1	13.42
13.1	13.43
13.1	13.44
13.1	13.45
13.1	13.46
13.1	13.47
13.1	13.48
13.1	13.49
13.1	13.50
13.1	13.51
13.1	13.52
13.1	13.53
13.1	13.54
13.1	13.55
13.1	13.56
13.1	13.57
13.1	13.58
13.1	13.59
13.1	13.60
13.1	13.61
13.1	13.62
13.1	13.63
13.1	13.64
14.13	14.1
14.12	14.2
14.13	14.3
14.13	14.4
14.1	14.5
14.1	14.6
14.4	14.7
14.19	14.8
14.19	14.9
14.19	14.10
14.13	14.11
14.2	14.12
14.1	14.13
14.20	14.14
14.19	14.15
14.13	14.16
14.15	14.17
14.1	14.18
14.3	14.19
14.14	14.20
14.9	14.21
14.11	14.22
14.15	14.23
14.19	14.24
14.15	14.25
14.19	14.26
14.20	14.27
14.7	14.28
14.6	14.29
14.1	14.30
14.14	14.31
14.19	14.32
14.1	14.33
14.8	14.34
14.14	14.35
14.1	14.36
14.20	14.37
14.20	14.38
14.14	14.39
14.20	14.40
14.13	14.41
14.14	14.42
14.1	14.43
14.1	14.44
14.1	14.45
14.6	14.46
14.13	14.47
14.13	14.48
14.16	14.49
14.12	14.50
14.5	14.51
14.20	14.52
14.20	14.53
14.18	14.54
14.14	14.55
14.12	14.56
14.20	14.57
14.12	14.58
14.10	14.59
14.12	14.60
14.15	14.61
14.17	14.62
14.20	14.63
14.20	14.64
15.1	15.1
15.7	15.2
15.4	15.3
15.7	15.4
15.7	15.5
15.7	15.6
15.7	15.7
15.7	15.8
15.7	15.9
15.7	15.10
15.1	15.11
15.7	15.12
15.1	15.13
15.7	15.14
15.7	15.15
15.7	15.16
15.1	15.17
15.7	15.18
15.7	15.19
15.7	15.20
15.7	15.21
15.7	15.22
15.7	15.23
15.8	15.24
15.7	15.25
15.7	15.26
15.7	15.27
15.1	15.28
15.7	15.29
15.7	15.30
15.7	15.31
15.7	15.32
15.7	15.33
15.7	15.34
15.7	15.35
15.7	15.36
15.1	15.37
15.7	15.38
15.7	15.39
15.7	15.40
15.1	15.41
15.7	15.42
15.7	15.43
15.8	15.44
15.7	15.45
15.1	15.46
15.1	15.47
15.9	15.48
15.7	15.49
15.5	15.50
15.1	15.51
15.1	15.52
15.8	15.53
15.2	15.54
15.7	15.55
15.6	15.56
15.1	15.57
15.1	15.58
15.1	15.59
15.1	15.60
15.3	15.61
15.1	15.62
15.1	15.63
15.7	15.64
16.1	16.1
16.4	16.2
16.1	16.3
16.1	16.4
16.1	16.5
16.1	16.6
16.1	16.7
16.10	16.8
16.1	16.9
16.1	16.10
16.1	16.11
16.12	16.12
16.1	16.13
16.1	16.14
16.1	16.15
16.1	16.16
16.1	16.17
16.1	16.18
16.1	16.19
16.1	16.20
16.1	16.21
16.2	16.22
16.1	16.23
16.1	16.24
16.1	16.25
16.1	16.26
16.1	16.27
16.1	16.28
16.7	16.29
16.1	16.30
16.1	16.31
16.1	16.32
16.12	16.33
16.1	16.34
16.9	16.35
16.1	16.36
16.1	16.37
16.1	16.38
16.1	16.39
16.1	16.40
16.1	16.41
16.5	16.42
16.1	16.43
16.1	16.44
16.11	16.45
16.8	16.46
16.1	16.47
16.6	16.48
16.8	16.49
16.8	16.50
16.1	16.51
16.1	16.52
16.1	16.53
16.1	16.54
16.1	16.55
16.3	16.56
16.1	16.57
16.1	16.58
16.12	16.59
16.1	16.60
16.1	16.61
16.12	16.62
16.1	16.63
16.1	16.64
17.1	17.1
17.6	17.2
17.1	17.3
17.1	17.4
17.1	17.5
17.1	17.6
17.1	17.7
17.1	17.8
17.1	17.9
17.5	17.10
17.1	17.11
17.5	17.12
17.1	17.13
17.5	17.14
17.1	17.15
17.1	17.16
17.1	17.17
17.1	17.18
17.1	17.19
17.1	17.20
17.8	17.21
17.7	17.22
17.6	17.23
17.1	17.24
17.1	17.25
17.1	17.26
17.1	17.27
17.6	17.28
17.1	17.29
17.1	17.30
17.5	17.31
17.1	17.32
17.1	17.33
17.1	17.34
17.6	17.35
17.4	17.36
17.1	17.37
17.2	17.38
17.1	17.39
17.6	17.40
17.1	17.41
17.1	17.42
17.1	17.43
17.6	17.44
17.1	17.45
17.1	17.46
17.7	17.47
17.1	17.48
17.6	17.49
17.8	17.50
17.3	17.51
17.5	17.52
17.1	17.53
17.1	17.54
17.6	17.55
17.5	17.56
17.8	17.57
17.1	17.58
17.1	17.59
17.1	17.60
17.1	17.61
17.5	17.62
17.1	17.63
17.1	17.64
18.6	18.1
18.9	18.2
18.9	18.3
18.9	18.4
18.9	18.5
18.9	18.6
18.9	18.7
18.9	18.8
18.9	18.9
18.1	18.10
18.9	18.11
18.5	18.12
18.1	18.13
18.9	18.14
18.7	18.15
18.1	18.16
18.9	18.17
18.5	18.18
18.1	18.19
18.9	18.20
18.9	18.21
18.9	18.22
18.1	18.23
18.9	18.24
18.9	18.25
18.9	18.26
18.9	18.27
18.9	18.28
18.2	18.29
18.9	18.30
18.9	18.31
18.9	18.32
18.9	18.33
18.9	18.34
18.1	18.35
18.9	18.36
18.10	18.37
18.9	18.38
18.10	18.39
18.9	18.40
18.9	18.41
18.9	18.42
18.4	18.43
18.9	18.44
18.1	18.45
18.9	18.46
18.9	18.47
18.9	18.48
18.9	18.49
18.8	18.50
18.7	18.51
18.1	18.52
18.5	18.53
18.9	18.54
18.9	18.55
18.3	18.56
18.1	18.57
18.9	18.58
18.9	18.59
18.9	18.60
18.9	18.61
18.9	18.62
18.9	18.63
18.1	18.64
19.1	19.1
19.5	19.2
19.1	19.3
19.1	19.4
19.1	19.5
19.5	19.6
19.5	19.7
19.1	19.8
19.5	19.9
19.1	19.10
19.1	19.11
19.6	19.12
19.5	19.13
19.1	19.14
19.1	19.15
19.1	19.16
19.1	19.17
19.4	19.18
19.1	19.19
19.1	19.20
19.4	19.21
19.7	19.22
19.1	19.23
19.1	19.24
19.1	19.25
19.1	19.26
19.1	19.27
19.1	19.28
19.4	19.29
19.1	19.30
19.1	19.31
19.1	19.32
19.1	19.33
19.2	19.34
19.1	19.35
19.1	19.36
19.1	19.37
19.1	19.38
19.1	19.39
19.4	19.40
19.1	19.41
19.4	19.42
19.1	19.43
19.1	19.44
19.1	19.45
19.1	19.46
19.1	19.47
19.1	19.48
19.1	19.49
19.1	19.50
19.1	19.51
19.5	19.52
19.1	19.53
19.1	19.54
19.5	19.55
19.1	19.56
19.4	19.57
19.3	19.58
19.1	19.59
19.1	19.60
19.5	19.61
19.1	19.62
19.1	19.63
19.1	19.64
20.1	20.1
20.1	20.2
20.1	20.3
20.1	20.4
20.1	20.5
20.1	20.6
20.1	20.7
20.1	20.8
20.5	20.9
20.1	20.10
20.1	20.11
20.1	20.12
20.1	20.13
20.1	20.14
20.1	20.15
20.1	20.16
20.1	20.17
20.2	20.18
20.1	20.19
20.1	20.20
20.1	20.21
20.1	20.22
20.1	20.23
20.1	20.24
20.1	20.25
20.1	20.26
20.1	20.27
20.1	20.28
20.1	20.29
20.5	20.30
20.1	20.31
20.5	20.32
20.1	20.33
20.1	20.34
20.1	20.35
20.1	20.36
20.1	20.37
20.1	20.38
20.1	20.39
20.1	20.40
20.1	20.41
20.3	20.42
20.1	20.43
20.1	20.44
20.1	20.45
20.1	20.46
20.1	20.47
20.1	20.48
20.1	20.49
20.1	20.50
20.1	20.51
20.1	20.52
20.1	20.53
20.1	20.54
20.5	20.55
20.4	20.56
20.1	20.57
20.1	20.58
20.1	20.59
20.1	20.60
20.5	20.61
20.5	20.62
20.1	20.63
20.1	20.64
21.1	21.1
21.1	21.2
21.7	21.3
21.1	21.4
21.1	21.5
21.8	21.6
21.8	21.7
21.3	21.8
21.1	21.9
21.1	21.10
21.1	21.11
21.2	21.12
21.8	21.13
21.8	21.14
21.8	21.15
21.1	21.16
21.1	21.17
21.1	21.18
21.7	21.19
21.1	21.20
21.7	21.21
21.4	21.22
21.5	21.23
21.7	21.24
21.1	21.25
21.1	21.26
21.8	21.27
21.8	21.28
21.1	21.29
21.8	21.30
21.1	21.31
21.1	21.32
21.8	21.33
21.7	21.34
21.7	21.35
21.7	21.36
21.8	21.37
21.8	21.38
21.7	21.39
21.1	21.40
21.4	21.41
21.1	21.42
21.1	21.43
21.8	21.44
21.1	21.45
21.8	21.46
21.8	21.47
21.8	21.48
21.1	21.49
21.1	21.50
21.1	21.51
21.8	21.52
21.1	21.53
21.8	21.54
21.8	21.55
21.9	21.56
21.1	21.57
21.7	21.58
21.1	21.59
21.4	21.60
21.6	21.61
21.8	21.62
21.7	21.63
21.9	21.64
22.1	22.1
22.1	22.2
22.1	22.3
22.1	22.4
22.1	22.5
22.1	22.6
22.1	22.7
22.1	22.8
22.1	22.9
22.1	22.10
22.1	22.11
22.1	22.12
22.1	22.13
22.1	22.14
22.1	22.15
22.1	22.16
22.1	22.17
22.1	22.18
22.1	22.19
22.1	22.20
22.1	22.21
22.1	22.22
22.1	22.23
22.1	22.24
22.1	22.25
22.1	22.26
22.1	22.27
22.1	22.28
22.1	22.29
22.1	22.30
22.1	22.31
22.1	22.32
22.1	22.33
22.2	22.34
22.1	22.35
22.1	22.36
22.1	22.37
22.1	22.38
22.1	22.39
22.1	22.40
22.1	22.41
22.1	22.42
22.1	22.43
22.1	22.44
22.1	22.45
22.1	22.46
22.1	22.47
22.1	22.48
22.1	22.49
22.1	22.50
22.1	22.51
22.1	22.52
22.1	22.53
22.1	22.54
22.1	22.55
22.1	22.56
22.1	22.57
22.1	22.58
22.1	22.59
22.1	22.60
22.1	22.61
22.1	22.62
22.1	22.63
22.1	22.64
23.18	23.1
23.14	23.2
23.16	23.3
23.18	23.4
23.10	23.5
23.1	23.6
23.10	23.7
23.11	23.8
23.4	23.9
23.10	23.10
23.16	23.11
23.13	23.12
23.16	23.13
23.10	23.14
23.13	23.15
23.1	23.16
23.16	23.17
23.11	23.18
23.10	23.19
23.1	23.20
23.17	23.21
23.10	23.22
23.1	23.23
23.11	23.24
23.13	23.25
23.10	23.26
23.1	23.27
23.16	23.28
23.16	23.29
23.9	23.30
23.5	23.31
23.1	23.32
23.10	23.33
23.16	23.34
23.10	23.35
23.10	23.36
23.1	23.37
23.10	23.38
23.16	23.39
23.10	23.40
23.18	23.41
23.10	23.42
23.16	23.43
23.2	23.44
23.10	23.45
23.16	23.46
23.12	23.47
23.1	23.48
23.10	23.49
23.6	23.50
23.8	23.51
23.11	23.52
23.15	23.53
23.10	23.54
23.16	23.55
23.3	23.56
23.11	23.57
23.7	23.58
23.1	23.59
23.1	23.60
23.18	23.61
23.13	23.62
23.1	23.63
23.1	23.64
24.6	24.1
24.13	24.2
24.1	24.3
24.9	24.4
24.11	24.5
24.1	24.6
24.1	24.7
24.8	24.8
24.1	24.9
24.3	24.10
24.17	24.11
24.18	24.12
24.1	24.13
24.1	24.14
24.1	24.15
24.1	24.16
24.1	24.17
24.1	24.18
24.1	24.19
24.1	24.20
24.14	24.21
24.1	24.22
24.5	24.23
24.1	24.24
24.10	24.25
24.7	24.26
24.1	24.27
24.1	24.28
24.1	24.29
24.1	24.30
24.4	24.31
24.1	24.32
24.1	24.33
24.1	24.34
24.11	24.35
24.15	24.36
24.1	24.37
24.1	24.38
24.8	24.39
24.1	24.40
24.2	24.41
24.16	24.42
24.1	24.43
24.1	24.44
24.1	24.45
24.12	24.46
24.16	24.47
24.9	24.48
24.1	24.49
24.1	24.50
24.1	24.51
24.1	24.52
24.1	24.53
24.1	24.54
24.1	24.55
24.15	24.56
24.1	24.57
24.1	24.58
24.1	24.59
24.13	24.60
24.1	24.61
24.1	24.62
24.1	24.63
24.1	24.64
25.1	25.1
25.9	25.2
25.1	25.3
25.6	25.4
25.1	25.5
25.1	25.6
25.1	25.7
25.1	25.8
25.1	25.9
25.1	25.10
25.1	25.11
25.1	25.12
25.1	25.13
25.1	25.14
25.1	25.15
25.6	25.16
25.5	25.17
25.1	25.18
25.8	25.19
25.1	25.20
25.9	25.21
25.9	25.22
25.1	25.23
25.1	25.24
25.2	25.25
25.6	25.26
25.8	25.27
25.9	25.28
25.1	25.29
25.7	25.30
25.9	25.31
25.9	25.32
25.6	25.33
25.4	25.34
25.7	25.35
25.1	25.36
25.7	25.37
25.9	25.38
25.9	25.39
25.9	25.40
25.1	25.41
25.1	25.42
25.7	25.43
25.1	25.44
25.1	25.45
25.6	25.46
25.9	25.47
25.1	25.48
25.9	25.49
25.3	25.50
25.9	25.51
25.9	25.52
25.7	25.53
25.1	25.54
25.4	25.55
25.9	25.56
25.1	25.57
25.9	25.58
25.5	25.59
25.1	25.60
25.7	25.61
25.9	25.62
25.9	25.63
25.7	25.64
26.1	26.1
26.1	26.2
26.1	26.3
26.1	26.4
26.1	26.5
26.1	26.6
26.1	26.7
26.5	26.8
26.5	26.9
26.1	26.10
26.1	26.11
26.1	26.12
26.5	26.13
26.5	26.14
26.1	26.15
26.1	26.16
26.4	26.17
26.1	26.18
26.1	26.19
26.1	26.20
26.4	26.21
26.1	26.22
26.1	26.23
26.1	26.24
26.3	26.25
26.6	26.26
26.5	26.27
26.5	26.28
26.1	26.29
26.2	26.30
26.1	26.31
26.1	26.32
26.6	26.33
26.1	26.34
26.1	26.35
26.1	26.36
26.6	26.37
26.1	26.38
26.1	26.39
26.1	26.40
26.1	26.41
26.1	26.42
26.1	26.43
26.1	26.44
26.1	26.45
26.1	26.46
26.1	26.47
26.1	26.48
26.1	26.49
26.1	26.50
26.5	26.51
26.1	26.52
26.1	26.53
26.1	26.54
26.1	26.55
26.3	26.56
26.5	26.57
26.1	26.58
26.1	26.59
26.5	26.60
26.5	26.61
26.5	26.62
26.1	26.63
26.1	26.64
27.1	27.1
27.1	27.2
27.1	27.3
27.1	27.4
27.6	27.5
27.6	27.6
27.1	27.7
27.1	27.8
27.1	27.9
27.1	27.10
27.8	27.11
27.1	27.12
27.8	27.13
27.1	27.14
27.1	27.15
27.1	27.16
27.1	27.17
27.6	27.18
27.5	27.19
27.6	27.20
27.1	27.21
27.1	27.22
27.2	27.23
27.3	27.24
27.1	27.25
27.1	27.26
27.6	27.27
27.3	27.28
27.1	27.29
27.1	27.30
27.6	27.31
27.8	27.32
27.1	27.33
27.1	27.34
27.1	27.35
27.1	27.36
27.1	27.37
27.1	27.38
27.8	27.39
27.1	27.40
27.6	27.41
27.1	27.42
27.1	27.43
27.1	27.44
27.4	27.45
27.1	27.46
27.8	27.47
27.1	27.48
27.6	27.49
27.1	27.50
27.1	27.51
27.1	27.52
27.1	27.53
27.1	27.54
27.1	27.55
27.1	27.56
27.1	27.57
27.1	27.58
27.1	27.59
27.6	27.60
27.6	27.61
27.3	27.62
27.7	27.63
27.1	27.64
28.1	28.1
28.1	28.2
28.10	28.3
28.1	28.4
28.12	28.5
28.1	28.6
28.1	28.7
28.14	28.8
28.1	28.9
28.12	28.10
28.1	28.11
28.12	28.12
28.1	28.13
28.1	28.14
28.1	28.15
28.8	28.16
28.1	28.17
28.12	28.18
28.5	28.19
28.1	28.20
28.1	28.21
28.1	28.22
28.7	28.23
28.1	28.24
28.1	28.25
28.12	28.26
28.12	28.27
28.1	28.28
28.11	28.29
28.1	28.30
28.6	28.31
28.14	28.32
28.1	28.33
28.1	28.34
28.15	28.35
28.6	28.36
28.3	28.37
28.1	28.38
28.9	28.39
28.1	28.40
28.15	28.41
28.7	28.42
28.1	28.43
28.12	28.44
28.2	28.45
28.11	28.46
28.12	28.47
28.4	28.48
28.1	28.49
28.1	28.50
28.1	28.51
28.1	28.52
28.1	28.53
28.13	28.54
28.12	28.55
28.1	28.56
28.11	28.57
28.12	28.58
28.1	28.59
28.14	28.60
28.13	28.61
28.14	28.62
28.1	28.63
28.12	28.64
29.15	29.1
29.15	29.2
29.2	29.3
29.2	29.4
29.2	29.5
29.2	29.6
29.2	29.7
29.2	29.8
29.15	29.9
29.2	29.10
29.16	29.11
29.14	29.12
29.2	29.13
29.16	29.14
29.2	29.15
29.13	29.16
29.6	29.17
29.11	29.18
29.4	29.19
29.2	29.20
29.8	29.21
29.11	29.22
29.2	29.23
29.14	29.24
29.3	29.25
29.13	29.26
29.15	29.27
29.2	29.28
29.2	29.29
29.2	29.30
29.14	29.31
29.1	29.32
29.2	29.33
29.14	29.34
29.2	29.35
29.14	29.36
29.5	29.37
29.2	29.38
29.12	29.39
29.15	29.40
29.2	29.41
29.11	29.42
29.2	29.43
29.2	29.44
29.2	29.45
29.14	29.46
29.7	29.47
29.2	29.48
29.2	29.49
29.2	29.50
29.9	29.51
29.12	29.52
29.10	29.53
29.10	29.54
29.15	29.55
29.2	29.56
29.2	29.57
29.2	29.58
29.2	29.59
29.2	29.60
29.2	29.61
29.2	29.62
29.15	29.63
29.2	29.64
30.1	30.1
30.1	30.2
30.1	30.3
30.3	30.4
30.1	30.5
30.1	30.6
30.3	30.7
30.1	30.8
30.1	30.9
30.1	30.10
30.1	30.11
30.1	30.12
30.1	30.13
30.1	30.14
30.1	30.15
30.1	30.16
30.3	30.17
30.1	30.18
30.1	30.19
30.1	30.20
30.1	30.21
30.3	30.22
30.1	30.23
30.1	30.24
30.1	30.25
30.3	30.26
30.1	30.27
30.3	30.28
30.1	30.29
30.2	30.30
30.1	30.31
30.1	30.32
30.1	30.33
30.1	30.34
30.1	30.35
30.1	30.36
30.1	30.37
30.1	30.38
30.1	30.39
30.1	30.40
30.1	30.41
30.1	30.42
30.1	30.43
30.3	30.44
30.1	30.45
30.1	30.46
30.1	30.47
30.1	30.48
30.1	30.49
30.3	30.50
30.3	30.51
30.1	30.52
30.1	30.53
30.1	30.54
30.1	30.55
30.1	30.56
30.1	30.57
30.1	30.58
30.1	30.59
30.1	30.60
30.3	30.61
30.1	30.62
30.1	30.63
30.1	30.64
31.6	31.1
31.6	31.2
31.6	31.3
31.7	31.4
31.4	31.5
31.6	31.6
31.6	31.7
31.6	31.8
31.6	31.9
31.6	31.10
31.6	31.11
31.6	31.12
31.6	31.13
31.6	31.14
31.6	31.15
31.9	31.16
31.9	31.17
31.6	31.18
31.6	31.19
31.6	31.20
31.6	31.21
31.6	31.22
31.6	31.23
31.9	31.24
31.9	31.25
31.4	31.26
31.1	31.27
31.9	31.28
31.1	31.29
31.6	31.30
31.10	31.31
31.6	31.32
31.6	31.33
31.6	31.34
31.9	31.35
31.1	31.36
31.1	31.37
31.1	31.38
31.6	31.39
31.6	31.40
31.9	31.41
31.6	31.42
31.9	31.43
31.1	31.44
31.2	31.45
31.8	31.46
31.6	31.47
31.4	31.48
31.6	31.49
31.6	31.50
31.3	31.51
31.6	31.52
31.6	31.53
31.6	31.54
31.6	31.55
31.6	31.56
31.9	31.57
31.9	31.58
31.9	31.59
31.6	31.60
31.5	31.61
31.6	31.62
31.6	31.63
31.6	31.64
32.13	32.1
32.13	32.2
32.13	32.3
32.6	32.4
32.12	32.5
32.17	32.6
32.13	32.7
32.13	32.8
32.13	32.9
32.17	32.10
32.17	32.11
32.14	32.12
32.13	32.13
32.13	32.14
32.13	32.15
32.5	32.16
32.13	32.17
32.13	32.18
32.17	32.19
32.9	32.20
32.13	32.21
32.13	32.22
32.9	32.23
32.10	32.24
32.18	32.25
32.13	32.26
32.15	32.27
32.14	32.28
32.18	32.29
32.15	32.30
32.16	32.31
32.13	32.32
32.13	32.33
32.13	32.34
32.18	32.35
32.1	32.36
32.3	32.37
32.18	32.38
32.18	32.39
32.4	32.40
32.15	32.41
32.13	32.42
32.11	32.43
32.2	32.44
32.5	32.45
32.13	32.46
32.17	32.47
32.9	32.48
32.13	32.49
32.9	32.50
32.10	32.51
32.11	32.52
32.15	32.53
32.8	32.54
32.13	32.55
32.18	32.56
32.17	32.57
32.18	32.58
32.15	32.59
32.15	32.60
32.18	32.61
32.15	32.62
32.18	32.63
32.7	32.64
33.19	33.1
33.13	33.2
33.16	33.3
33.12	33.4
33.19	33.5
33.8	33.6
33.12	33.7
33.1	33.8
33.16	33.9
33.1	33.10
33.16	33.11
33.1	33.12
33.1	33.13
33.12	33.14
33.6	33.15
33.9	33.16
33.1	33.17
33.12	33.18
33.2	33.19
33.4	33.20
33.17	33.21
33.1	33.22
33.7	33.23
33.1	33.24
33.5	33.25
33.16	33.26
33.12	33.27
33.1	33.28
33.16	33.29
33.12	33.30
33.16	33.31
33.6	33.32
33.1	33.33
33.16	33.34
33.6	33.35
33.12	33.36
33.16	33.37
33.12	33.38
33.12	33.39
33.1	33.40
33.16	33.41
33.8	33.42
33.12	33.43
33.15	33.44
33.12	33.45
33.19	33.46
33.15	33.47
33.8	33.48
33.10	33.49
33.16	33.50
33.1	33.51
33.16	33.52
33.8	33.53
33.14	33.54
33.18	33.55
33.3	33.56
33.12	33.57
33.12	33.58
33.16	33.59
33.9	33.60
33.19	33.61
33.11	33.62
33.1	33.63
33.12	33.64
34.1	34.1
34.9	34.2
34.9	34.3
34.9	34.4
34.9	34.5
34.9	34.6
34.9	34.7
34.1	34.8
34.9	34.9
34.1	34.10
34.1	34.11
34.9	34.12
34.10	34.13
34.9	34.14
34.9	34.15
34.9	34.16
34.9	34.17
34.9	34.18
34.9	34.19
34.9	34.20
34.1	34.21
34.9	34.22
34.9	34.23
34.9	34.24
34.9	34.25
34.1	34.26
34.8	34.27
34.9	34.28
34.9	34.29
34.8	34.30
34.7	34.31
34.9	34.32
34.9	34.33
34.6	34.34
34.9	34.35
34.10	34.36
34.9	34.37
34.9	34.38
34.1	34.39
34.9	34.40
34.9	34.41
34.8	34.42
34.2	34.43
34.9	34.44
34.4	34.45
34.10	34.46
34.9	34.47
34.9	34.48
34.1	34.49
34.5	34.50
34.10	34.51
34.9	34.52
34.1	34.53
34.1	34.54
34.9	34.55
34.9	34.56
34.8	34.57
34.8	34.58
34.3	34.59
34.9	34.60
34.9	34.61
34.10	34.62
34.10	34.63
34.9	34.64
35.1	35.1
35.1	35.2
35.1	35.3
35.1	35.4
35.1	35.5
35.8	35.6
35.1	35.7
35.1	35.8
35.1	35.9
35.1	35.10
35.1	35.11
35.2	35.12
35.1	35.13
35.1	35.14
35.1	35.15
35.1	35.16
35.1	35.17
35.1	35.18
35.1	35.19
35.1	35.20
35.1	35.21
35.1	35.22
35.7	35.23
35.1	35.24
35.1	35.25
35.1	35.26
35.1	35.27
35.1	35.28
35.1	35.29
35.1	35.30
35.7	35.31
35.1	35.32
35.1	35.33
35.1	35.34
35.1	35.35
35.1	35.36
35.1	35.37
35.1	35.38
35.1	35.39
35.1	35.40
35.1	35.41
35.1	35.42
35.1	35.43
35.6	35.44
35.1	35.45
35.1	35.46
35.1	35.47
35.1	35.48
35.4	35.49
35.1	35.50
35.1	35.51
35.1	35.52
35.1	35.53
35.1	35.54
35.1	35.55
35.1	35.56
35.1	35.57
35.5	35.58
35.1	35.59
35.7	35.60
35.7	35.61
35.1	35.62
35.1	35.63
35.3	35.64
36.12	36.1
36.1	36.2
36.6	36.3
36.14	36.4
36.6	36.5
36.1	36.6
36.1	36.7
36.12	36.8
36.12	36.9
36.1	36.10
36.1	36.11
36.11	36.12
36.10	36.13
36.1	36.14
36.1	36.15
36.1	36.16
36.4	36.17
36.1	36.18
36.1	36.19
36.1	36.20
36.12	36.21
36.1	36.22
36.3	36.23
36.13	36.24
36.1	36.25
36.1	36.26
36.12	36.27
36.1	36.28
36.1	36.29
36.13	36.30
36.1	36.31
36.1	36.32
36.12	36.33
36.1	36.34
36.1	36.35
36.1	36.36
36.7	36.37
36.9	36.38
36.13	36.39
36.5	36.40
36.1	36.41
36.12	36.42
36.13	36.43
36.3	36.44
36.12	36.45
36.9	36.46
36.12	36.47
36.13	36.48
36.12	36.49
36.1	36.50
36.1	36.51
36.12	36.52
36.1	36.53
36.2	36.54
36.1	36.55
36.1	36.56
36.8	36.57
36.13	36.58
36.1	36.59
36.9	36.60
36.12	36.61
36.1	36.62
36.12	36.63
36.10	36.64
37.1	37.1
37.1	37.2
37.1	37.3
37.1	37.4
37.1	37.5
37.1	37.6
37.1	37.7
37.1	37.8
37.1	37.9
37.1	37.10
37.1	37.11
37.1	37.12
37.1	37.13
37.1	37.14
37.1	37.15
37.2	37.16
37.1	37.17
37.1	37.18
37.1	37.19
37.1	37.20
37.1	37.21
37.1	37.22
37.1	37.23
37.1	37.24
37.1	37.25
37.1	37.26
37.1	37.27
37.1	37.28
37.1	37.29
37.1	37.30
37.3	37.31
37.1	37.32
37.1	37.33
37.1	37.34
37.1	37.35
37.1	37.36
37.1	37.37
37.1	37.38
37.1	37.39
37.1	37.40
37.1	37.41
37.1	37.42
37.1	37.43
37.1	37.44
37.1	37.45
37.1	37.46
37.1	37.47
37.1	37.48
37.1	37.49
37.1	37.50
37.3	37.51
37.1	37.52
37.1	37.53
37.1	37.54
37.1	37.55
37.1	37.56
37.1	37.57
37.1	37.58
37.1	37.59
37.1	37.60
37.1	37.61
37.1	37.62
37.1	37.63
37.4	37.64
38.1	38.1
38.1	38.2
38.1	38.3
38.1	38.4
38.1	38.5
38.1	38.6
38.1	38.7
38.8	38.8
38.1	38.9
38.1	38.10
38.1	38.11
38.2	38.12
38.10	38.13
38.7	38.14
38.1	38.15
38.1	38.16
38.1	38.17
38.8	38.18
38.1	38.19
38.1	38.20
38.1	38.21
38.7	38.22
38.1	38.23
38.8	38.24
38.1	38.25
38.1	38.26
38.10	38.27
38.1	38.28
38.8	38.29
38.1	38.30
38.1	38.31
38.8	38.32
38.8	38.33
38.10	38.34
38.1	38.35
38.1	38.36
38.6	38.37
38.1	38.38
38.8	38.39
38.1	38.40
38.6	38.41
38.1	38.42
38.1	38.43
38.5	38.44
38.1	38.45
38.3	38.46
38.1	38.47
38.8	38.48
38.1	38.49
38.8	38.50
38.9	38.51
38.1	38.52
38.1	38.53
38.8	38.54
38.4	38.55
38.1	38.56
38.1	38.57
38.1	38.58
38.6	38.59
38.1	38.60
38.1	38.61
38.8	38.62
38.8	38.63
38.1	38.64
39.1	39.1
39.1	39.2
39.12	39.3
39.12	39.4
39.1	39.5
39.1	39.6
39.12	39.7
39.8	39.8
39.1	39.9
39.12	39.10
39.3	39.11
39.11	39.12
39.5	39.13
39.2	39.14
39.1	39.15
39.1	39.16
39.12	39.17
39.1	39.18
39.14	39.19
39.12	39.20
39.12	39.21
39.12	39.22
39.1	39.23
39.1	39.24
39.1	39.25
39.1	39.26
39.1	39.27
39.11	39.28
39.12	39.29
39.12	39.30
39.1	39.31
39.1	39.32
39.6	39.33
39.12	39.34
39.1	39.35
39.13	39.36
39.1	39.37
39.1	39.38
39.1	39.39
39.1	39.40
39.7	39.41
39.12	39.42
39.1	39.43
39.4	39.44
39.1	39.45
39.1	39.46
39.9	39.47
39.1	39.48
39.1	39.49
39.12	39.50
39.12	39.51
39.12	39.52
39.1	39.53
39.12	39.54
39.12	39.55
39.1	39.56
39.12	39.57
39.1	39.58
39.1	39.59
39.12	39.60
39.10	39.61
39.1	39.62
39.1	39.63
39.1	39.64
40.1	40.1
40.1	40.2
40.1	40.3
40.1	40.4
40.1	40.5
40.1	40.6
40.1	40.7
40.1	40.8
40.1	40.9
40.1	40.10
40.1	40.11
40.1	40.12
40.1	40.13
40.1	40.14
40.1	40.15
40.1	40.16
40.1	40.17
40.1	40.18
40.4	40.19
40.1	40.20
40.1	40.21
40.1	40.22
40.1	40.23
40.1	40.24
40.1	40.25
40.1	40.26
40.1	40.27
40.1	40.28
40.1	40.29
40.3	40.30
40.1	40.31
40.1	40.32
40.1	40.33
40.1	40.34
40.1	40.35
40.1	40.36
40.1	40.37
40.1	40.38
40.1	40.39
40.1	40.40
40.1	40.41
40.1	40.42
40.2	40.43
40.1	40.44
40.1	40.45
40.1	40.46
40.1	40.47
40.1	40.48
40.4	40.49
40.1	40.50
40.1	40.51
40.1	40.52
40.1	40.53
40.1	40.54
40.1	40.55
40.1	40.56
40.1	40.57
40.1	40.58
40.1	40.59
40.1	40.60
40.1	40.61
40.1	40.62
40.1	40.63
40.1	40.64
41.1	41.1
41.1	41.2
41.1	41.3
41.1	41.4
41.1	41.5
41.7	41.6
41.1	41.7
41.1	41.8
41.3	41.9
41.1	41.10
41.1	41.11
41.1	41.12
41.1	41.13
41.1	41.14
41.1	41.15
41.1	41.16
41.1	41.17
41.1	41.18
41.7	41.19
41.1	41.20
41.1	41.21
41.1	41.22
41.1	41.23
41.1	41.24
41.1	41.25
41.1	41.26
41.1	41.27
41.1	41.28
41.1	41.29
41.1	41.30
41.1	41.31
41.1	41.32
41.4	41.33
41.1	41.34
41.1	41.35
41.7	41.36
41.1	41.37
41.1	41.38
41.1	41.39
41.5	41.40
41.9	41.41
41.1	41.42
41.1	41.43
41.1	41.44
41.6	41.45
41.1	41.46
41.1	41.47
41.1	41.48
41.2	41.49
41.1	41.50
41.1	41.51
41.1	41.52
41.1	41.53
41.1	41.54
41.7	41.55
41.1	41.56
41.1	41.57
41.1	41.58
41.1	41.59
41.1	41.60
41.7	41.61
41.1	41.62
41.8	41.63
41.1	41.64
42.4	42.1
42.4	42.2
42.4	42.3
42.4	42.4
42.4	42.5
42.9	42.6
42.4	42.7
42.9	42.8
42.9	42.9
42.6	42.10
42.4	42.11
42.4	42.12
42.4	42.13
42.9	42.14
42.4	42.15
42.6	42.16
42.7	42.17
42.6	42.18
42.9	42.19
42.4	42.20
42.4	42.21
42.8	42.22
42.4	42.23
42.4	42.24
42.4	42.25
42.4	42.26
42.4	42.27
42.9	42.28
42.8	42.29
42.4	42.30
42.9	42.31
42.9	42.32
42.4	42.33
42.4	42.34
42.6	42.35
42.4	42.36
42.9	42.37
42.4	42.38
42.4	42.39
42.5	42.40
42.4	42.41
42.4	42.42
42.9	42.43
42.4	42.44
42.9	42.45
42.4	42.46
42.4	42.47
42.1	42.48
42.8	42.49
42.1	42.50
42.6	42.51
42.9	42.52
42.1	42.53
42.1	42.54
42.2	42.55
42.4	42.56
42.3	42.57
42.9	42.58
42.4	42.59
42.4	42.60
42.9	42.61
42.4	42.62
42.4	42.63
42.4	42.64
43.16	43.1
43.1	43.2
43.20	43.3
43.20	43.4
43.1	43.5
43.11	43.6
43.20	43.7
43.2	43.8
43.16	43.9
43.16	43.10
43.5	43.11
43.13	43.12
43.17	43.13
43.9	43.14
43.1	43.15
43.1	43.16
43.19	43.17
43.1	43.18
43.1	43.19
43.15	43.20
43.20	43.21
43.14	43.22
43.1	43.23
43.20	43.24
43.7	43.25
43.14	43.26
43.16	43.27
43.20	43.28
43.1	43.29
43.14	43.30
43.20	43.31
43.19	43.32
43.14	43.33
43.18	43.34
43.17	43.35
43.12	43.36
43.20	43.37
43.15	43.38
43.19	43.39
43.16	43.40
43.20	43.41
43.20	43.42
43.7	43.43
43.6	43.44
43.19	43.45
43.3	43.46
43.16	43.47
43.17	43.48
43.14	43.49
43.4	43.50
43.8	43.51
43.15	43.52
43.14	43.53
43.14	43.54
43.10	43.55
43.1	43.56
43.16	43.57
43.14	43.58
43.16	43.59
43.14	43.60
43.16	43.61
43.16	43.62
43.14	43.63
43.14	43.64
44.1	44.1
44.1	44.2
44.1	44.3
44.1	44.4
44.7	44.5
44.1	44.6
44.1	44.7
44.5	44.8
44.7	44.9
44.1	44.10
44.1	44.11
44.1	44.12
44.1	44.13
44.7	44.14
44.1	44.15
44.1	44.16
44.3	44.17
44.1	44.18
44.1	44.19
44.1	44.20
44.1	44.21
44.1	44.22
44.1	44.23
44.1	44.24
44.1	44.25
44.1	44.26
44.1	44.27
44.1	44.28
44.1	44.29
44.1	44.30
44.7	44.31
44.7	44.32
44.1	44.33
44.1	44.34
44.1	44.35
44.1	44.36
44.1	44.37
44.1	44.38
44.1	44.39
44.7	44.40
44.1	44.41
44.1	44.42
44.1	44.43
44.1	44.44
44.1	44.45
44.2	44.46
44.1	44.47
44.1	44.48
44.7	44.49
44.6	44.50
44.6	44.51
44.1	44.52
44.7	44.53
44.1	44.54
44.6	44.55
44.7	44.56
44.7	44.57
44.4	44.58
44.7	44.59
44.1	44.60
44.7	44.61
44.1	44.62
44.7	44.63
44.7	44.64
45.1	45.1
45.1	45.2
45.10	45.3
45.1	45.4
45.1	45.5
45.1	45.6
45.1	45.7
45.1	45.8
45.5	45.9
45.1	45.10
45.1	45.11
45.1	45.12
45.1	45.13
45.1	45.14
45.1	45.15
45.1	45.16
45.10	45.17
45.1	45.18
45.1	45.19
45.6	45.20
45.1	45.21
45.4	45.22
45.1	45.23
45.1	45.24
45.1	45.25
45.3	45.26
45.1	45.27
45.1	45.28
45.1	45.29
45.1	45.30
45.1	45.31
45.12	45.32
45.9	45.33
45.1	45.34
45.5	45.35
45.1	45.36
45.8	45.37
45.1	45.38
45.11	45.39
45.1	45.40
45.12	45.41
45.1	45.42
45.1	45.43
45.1	45.44
45.1	45.45
45.1	45.46
45.1	45.47
45.7	45.48
45.1	45.49
45.12	45.50
45.1	45.51
45.1	45.52
45.1	45.53
45.1	45.54
45.1	45.55
45.2	45.56
45.12	45.57
45.12	45.58
45.1	45.59
45.12	45.60
45.12	45.61
45.12	45.62
45.7	45.63
45.1	45.64
46.1	46.1
46.1	46.2
46.8	46.3
46.1	46.4
46.1	46.5
46.1	46.6
46.1	46.7
46.1	46.8
46.1	46.9
46.1	46.10
46.8	46.11
46.7	46.12
46.1	46.13
46.1	46.14
46.1	46.15
46.1	46.16
46.7	46.17
46.8	46.18
46.1	46.19
46.8	46.20
46.8	46.21
46.1	46.22
46.1	46.23
46.6	46.24
46.8	46.25
46.4	46.26
46.1	46.27
46.1	46.28
46.1	46.29
46.1	46.30
46.1	46.31
46.1	46.32
46.1	46.33
46.7	46.34
46.1	46.35
46.1	46.36
46.1	46.37
46.8	46.38
46.8	46.39
46.1	46.40
46.8	46.41
46.2	46.42
46.8	46.43
46.8	46.44
46.1	46.45
46.6	46.46
46.1	46.47
46.1	46.48
46.8	46.49
46.1	46.50
46.5	46.51
46.7	46.52
46.1	46.53
46.3	46.54
46.8	46.55
46.1	46.56
46.7	46.57
46.1	46.58
46.6	46.59
46.1	46.60
46.9	46.61
46.8	46.62
46.1	46.63
46.1	46.64
47.1	47.1
47.4	47.2
47.4	47.3
47.4	47.4
47.1	47.5
47.1	47.6
47.4	47.7
47.1	47.8
47.4	47.9
47.1	47.10
47.1	47.11
47.4	47.12
47.1	47.13
47.1	47.14
47.1	47.15
47.1	47.16
47.5	47.17
47.1	47.18
47.1	47.19
47.4	47.20
47.1	47.21
47.1	47.22
47.1	47.23
47.1	47.24
47.1	47.25
47.4	47.26
47.1	47.27
47.1	47.28
47.1	47.29
47.1	47.30
47.1	47.31
47.1	47.32
47.4	47.33
47.4	47.34
47.1	47.35
47.1	47.36
47.4	47.37
47.1	47.38
47.1	47.39
47.1	47.40
47.1	47.41
47.1	47.42
47.3	47.43
47.1	47.44
47.1	47.45
47.1	47.46
47.1	47.47
47.1	47.48
47.1	47.49
47.1	47.50
47.1	47.51
47.6	47.52
47.1	47.53
47.4	47.54
47.4	47.55
47.1	47.56
47.1	47.57
47.4	47.58
47.1	47.59
47.2	47.60
47.5	47.61
47.1	47.62
47.1	47.63
47.1	47.64
48.10	48.1
48.10	48.2
48.7	48.3
48.10	48.4
48.10	48.5
48.1	48.6
48.10	48.7
48.10	48.8
48.9	48.9
48.1	48.10
48.5	48.11
48.7	48.12
48.7	48.13
48.6	48.14
48.10	48.15
48.10	48.16
48.1	48.17
48.8	48.18
48.10	48.19
48.9	48.20
48.10	48.21
48.9	48.22
48.1	48.23
48.9	48.24
48.1	48.25
48.9	48.26
48.1	48.27
48.10	48.28
48.10	48.29
48.2	48.30
48.7	48.31
48.10	48.32
48.6	48.33
48.7	48.34
48.10	48.35
48.10	48.36
48.9	48.37
48.9	48.38
48.10	48.39
48.1	48.40
48.1	48.41
48.7	48.42
48.10	48.43
48.10	48.44
48.10	48.45
48.4	48.46
48.9	48.47
48.6	48.48
48.6	48.49
48.3	48.50
48.10	48.51
48.1	48.52
48.10	48.53
48.1	48.54
48.7	48.55
48.7	48.56
48.10	48.57
48.10	48.58
48.10	48.59
48.10	48.60
48.7	48.61
48.10	48.62
48.10	48.63
48.1	48.64
49.1	49.1
49.1	49.2
49.1	49.3
49.1	49.4
49.5	49.5
49.1	49.6
49.5	49.7
49.1	49.8
49.1	49.9
49.1	49.10
49.2	49.11
49.1	49.12
49.1	49.13
49.6	49.14
49.1	49.15
49.5	49.16
49.1	49.17
49.4	49.18
49.1	49.19
49.1	49.20
49.1	49.21
49.6	49.22
49.1	49.23
49.1	49.24
49.1	49.25
49.1	49.26
49.1	49.27
49.1	49.28
49.1	49.29
49.1	49.30
49.1	49.31
49.1	49.32
49.5	49.33
49.1	49.34
49.1	49.35
49.1	49.36
49.1	49.37
49.1	49.38
49.1	49.39
49.1	49.40
49.4	49.41
49.1	49.42
49.1	49.43
49.1	49.44
49.1	49.45
49.5	49.46
49.1	49.47
49.1	49.48
49.1	49.49
49.1	49.50
49.3	49.51
49.1	49.52
49.1	49.53
49.4	49.54
49.1	49.55
49.1	49.56
49.6	49.57
49.1	49.58
49.1	49.59
49.1	49.60
49.1	49.61
49.5	49.62
49.6	49.63
49.4	49.64
50.1	50.1
50.1	50.2
50.1	50.3
50.1	50.4
50.1	50.5
50.1	50.6
50.1	50.7
50.1	50.8
50.1	50.9
50.1	50.10
50.1	50.11
50.1	50.12
50.1	50.13
50.1	50.14
50.1	50.15
50.1	50.16
50.1	50.17
50.1	50.18
50.1	50.19
50.1	50.20
50.1	50.21
50.1	50.22
50.1	50.23
50.1	50.24
50.1	50.25
50.1	50.26
50.1	50.27
50.1	50.28
50.1	50.29
50.2	50.30
50.1	50.31
50.1	50.32
50.1	50.33
50.1	50.34
50.1	50.35
50.1	50.36
50.1	50.37
50.1	50.38
50.5	50.39
50.1	50.40
50.1	50.41
50.6	50.42
50.4	50.43
50.1	50.44
50.1	50.45
50.1	50.46
50.1	50.47
50.1	50.48
50.1	50.49
50.1	50.50
50.6	50.51
50.1	50.52
50.1	50.53
50.1	50.54
50.1	50.55
50.1	50.56
50.1	50.57
50.3	50.58
50.1	50.59
50.1	50.60
50.6	50.61
50.1	50.62
50.1	50.63
50.1	50.64
51.1	51.1
51.1	51.2
51.1	51.3
51.1	51.4
51.1	51.5
51.1	51.6
51.1	51.7
51.1	51.8
51.1	51.9
51.1	51.10
51.1	51.11
51.1	51.12
51.1	51.13
51.1	51.14
51.1	51.15
51.1	51.16
51.1	51.17
51.1	51.18
51.1	51.19
51.1	51.20
51.1	51.21
51.1	51.22
51.1	51.23
51.1	51.24
51.1	51.25
51.1	51.26
51.1	51.27
51.1	51.28
51.1	51.29
51.1	51.30
51.1	51.31
51.1	51.32
51.1	51.33
51.2	51.34
51.1	51.35
51.1	51.36
51.1	51.37
51.1	51.38
51.1	51.39
51.1	51.40
51.1	51.41
51.1	51.42
51.1	51.43
51.1	51.44
51.1	51.45
51.1	51.46
51.1	51.47
51.1	51.48
51.1	51.49
51.1	51.50
51.1	51.51
51.1	51.52
51.1	51.53
51.1	51.54
51.1	51.55
51.1	51.56
51.1	51.57
51.1	51.58
51.1	51.59
51.1	51.60
51.1	51.61
51.1	51.62
51.1	51.63
51.1	51.64
52.5	52.1
52.5	52.2
52.5	52.3
52.5	52.4
52.5	52.5
52.5	52.6
52.1	52.7
52.5	52.8
52.5	52.9
52.6	52.10
52.5	52.11
52.5	52.12
52.5	52.13
52.5	52.14
52.5	52.15
52.5	52.16
52.5	52.17
52.5	52.18
52.5	52.19
52.5	52.20
52.5	52.21
52.5	52.22
52.1	52.23
52.5	52.24
52.5	52.25
52.5	52.26
52.5	52.27
52.5	52.28
52.5	52.29
52.5	52.30
52.5	52.31
52.1	52.32
52.5	52.33
52.5	52.34
52.5	52.35
52.5	52.36
52.5	52.37
52.1	52.38
52.5	52.39
52.5	52.40
52.5	52.41
52.1	52.42
52.5	52.43
52.5	52.44
52.5	52.45
52.5	52.46
52.3	52.47
52.5	52.48
52.5	52.49
52.5	52.50
52.5	52.51
52.5	52.52
52.2	52.53
52.6	52.54
52.5	52.55
52.5	52.56
52.4	52.57
52.6	52.58
52.5	52.59
52.5	52.60
52.5	52.61
52.1	52.62
52.5	52.63
52.5	52.64
53.1	53.1
53.1	53.2
53.1	53.3
53.1	53.4
53.1	53.5
53.1	53.6
53.1	53.7
53.1	53.8
53.1	53.9
53.1	53.10
53.1	53.11
53.1	53.12
53.1	53.13
53.1	53.14
53.6	53.15
53.1	53.16
53.1	53.17
53.6	53.18
53.1	53.19
53.1	53.20
53.1	53.21
53.1	53.22
53.1	53.23
53.3	53.24
53.1	53.25
53.1	53.26
53.1	53.27
53.6	53.28
53.1	53.29
53.1	53.30
53.5	53.31
53.1	53.32
53.6	53.33
53.1	53.34
53.1	53.35
53.1	53.36
53.1	53.37
53.1	53.38
53.5	53.39
53.1	53.40
53.1	53.41
53.1	53.42
53.4	53.43
53.1	53.44
53.6	53.45
53.1	53.46
53.1	53.47
53.1	53.48
53.1	53.49
53.1	53.50
53.1	53.51
53.2	53.52
53.1	53.53
53.1	53.54
53.1	53.55
53.1	53.56
53.1	53.57
53.1	53.58
53.1	53.59
53.1	53.60
53.1	53.61
53.1	53.62
53.1	53.63
53.1	53.64
54.1	54.1
54.1	54.2
54.1	54.3
54.1	54.4
54.1	54.5
54.1	54.6
54.1	54.7
54.1	54.8
54.1	54.9
54.1	54.10
54.1	54.11
54.1	54.12
54.1	54.13
54.1	54.14
54.1	54.15
54.1	54.16
54.1	54.17
54.1	54.18
54.1	54.19
54.1	54.20
54.1	54.21
54.1	54.22
54.1	54.23
54.2	54.24
54.10	54.25
54.9	54.26
54.1	54.27
54.1	54.28
54.1	54.29
54.1	54.30
54.1	54.31
54.1	54.32
54.1	54.33
54.1	54.34
54.1	54.35
54.7	54.36
54.1	54.37
54.1	54.38
54.1	54.39
54.1	54.40
54.5	54.41
54.1	54.42
54.1	54.43
54.3	54.44
54.1	54.45
54.1	54.46
54.1	54.47
54.4	54.48
54.1	54.49
54.1	54.50
54.1	54.51
54.1	54.52
54.1	54.53
54.7	54.54
54.1	54.55
54.1	54.56
54.1	54.57
54.1	54.58
54.8	54.59
54.6	54.60
54.1	54.61
54.1	54.62
54.1	54.63
54.1	54.64
55.13	55.1
55.1	55.2
55.6	55.3
55.1	55.4
55.13	55.5
55.11	55.6
55.1	55.7
55.12	55.8
55.9	55.9
55.13	55.10
55.1	55.11
55.10	55.12
55.13	55.13
55.8	55.14
55.13	55.15
55.13	55.16
55.1	55.17
55.13	55.18
55.7	55.19
55.5	55.20
55.13	55.21
55.7	55.22
55.2	55.23
55.13	55.24
55.13	55.25
55.12	55.26
55.13	55.27
55.12	55.28
55.13	55.29
55.1	55.30
55.10	55.31
55.1	55.32
55.13	55.33
55.13	55.34
55.13	55.35
55.1	55.36
55.1	55.37
55.4	55.38
55.12	55.39
55.1	55.40
55.3	55.41
55.13	55.42
55.13	55.43
55.13	55.44
55.13	55.45
55.13	55.46
55.12	55.47
55.7	55.48
55.7	55.49
55.13	55.50
55.12	55.51
55.13	55.52
55.1	55.53
55.12	55.54
55.12	55.55
55.13	55.56
55.8	55.57
55.1	55.58
55.13	55.59
55.7	55.60
55.11	55.61
55.12	55.62
55.13	55.63
55.13	55.64
56.14	56.1
56.1	56.2
56.1	56.3
56.16	56.4
56.17	56.5
56.2	56.6
56.8	56.7
56.16	56.8
56.1	56.9
56.1	56.10
56.16	56.11
56.14	56.12
56.16	56.13
56.16	56.14
56.8	56.15
56.1	56.16
56.14	56.17
56.16	56.18
56.18	56.19
56.16	56.20
56.16	56.21
56.13	56.22
56.16	56.23
56.16	56.24
56.1	56.25
56.16	56.26
56.15	56.27
56.16	56.28
56.1	56.29
56.1	56.30
56.4	56.31
56.12	56.32
56.1	56.33
56.14	56.34
56.15	56.35
56.16	56.36
56.14	56.37
56.8	56.38
56.15	56.39
56.16	56.40
56.12	56.41
56.1	56.42
56.15	56.43
56.15	56.44
56.14	56.45
56.1	56.46
56.14	56.47
56.16	56.48
56.9	56.49
56.6	56.50
56.14	56.51
56.16	56.52
56.5	56.53
56.8	56.54
56.7	56.55
56.16	56.56
56.6	56.57
56.3	56.58
56.10	56.59
56.11	56.60
56.16	56.61
56.1	56.62
56.1	56.63
56.1	56.64
57.1	57.1
57.1	57.2
57.1	57.3
57.1	57.4
57.1	57.5
57.1	57.6
57.1	57.7
57.1	57.8
57.1	57.9
57.1	57.10
57.1	57.11
57.1	57.12
57.1	57.13
57.1	57.14
57.1	57.15
57.1	57.16
57.1	57.17
57.1	57.18
57.1	57.19
57.8	57.20
57.1	57.21
57.3	57.22
57.1	57.23
57.1	57.24
57.1	57.25
57.8	57.26
57.1	57.27
57.1	57.28
57.2	57.29
57.1	57.30
57.1	57.31
57.1	57.32
57.1	57.33
57.1	57.34
57.1	57.35
57.1	57.36
57.4	57.37
57.1	57.38
57.1	57.39
57.1	57.40
57.1	57.41
57.8	57.42
57.1	57.43
57.1	57.44
57.1	57.45
57.1	57.46
57.6	57.47
57.1	57.48
57.6	57.49
57.1	57.50
57.1	57.51
57.8	57.52
57.8	57.53
57.8	57.54
57.1	57.55
57.1	57.56
57.5	57.57
57.1	57.58
57.1	57.59
57.8	57.60
57.7	57.61
57.1	57.62
57.1	57.63
57.8	57.64
58.11	58.1
58.4	58.2
58.1	58.3
58.4	58.4
58.4	58.5
58.4	58.6
58.4	58.7
58.4	58.8
58.9	58.9
58.4	58.10
58.4	58.11
58.4	58.12
58.4	58.13
58.5	58.14
58.12	58.15
58.7	58.16
58.4	58.17
58.4	58.18
58.6	58.19
58.7	58.20
58.4	58.21
58.13	58.22
58.4	58.23
58.4	58.24
58.1	58.25
58.9	58.26
58.4	58.27
58.4	58.28
58.4	58.29
58.11	58.30
58.9	58.31
58.4	58.32
58.11	58.33
58.4	58.34
58.11	58.35
58.11	58.36
58.11	58.37
58.9	58.38
58.9	58.39
58.4	58.40
58.11	58.41
58.4	58.42
58.6	58.43
58.7	58.44
58.4	58.45
58.13	58.46
58.4	58.47
58.4	58.48
58.9	58.49
58.4	58.50
58.8	58.51
58.10	58.52
58.4	58.53
58.3	58.54
58.9	58.55
58.11	58.56
58.4	58.57
58.4	58.58
58.9	58.59
58.1	58.60
58.9	58.61
58.4	58.62
58.4	58.63
58.2	58.64
59.1	59.1
59.1	59.2
59.7	59.3
59.1	59.4
59.10	59.5
59.1	59.6
59.10	59.7
59.1	59.8
59.1	59.9
59.11	59.10
59.1	59.11
59.1	59.12
59.11	59.13
59.1	59.14
59.1	59.15
59.10	59.16
59.7	59.17
59.1	59.18
59.1	59.19
59.7	59.20
59.1	59.21
59.1	59.22
59.1	59.23
59.5	59.24
59.1	59.25
59.1	59.26
59.1	59.27
59.9	59.28
59.10	59.29
59.1	59.30
59.1	59.31
59.4	59.32
59.10	59.33
59.6	59.34
59.11	59.35
59.10	59.36
59.3	59.37
59.8	59.38
59.1	59.39
59.1	59.40
59.7	59.41
59.11	59.42
59.1	59.43
59.10	59.44
59.1	59.45
59.1	59.46
59.10	59.47
59.1	59.48
59.10	59.49
59.1	59.50
59.1	59.51
59.1	59.52
59.9	59.53
59.1	59.54
59.1	59.55
59.1	59.56
59.11	59.57
59.4	59.58
59.1	59.59
59.7	59.60
59.7	59.61
59.1	59.62
59.2	59.63
59.1	59.64
60.1	60.1
60.1	60.2
60.1	60.3
60.1	60.4
60.1	60.5
60.1	60.6
60.12	60.7
60.1	60.8
60.1	60.9
60.1	60.10
60.1	60.11
60.1	60.12
60.1	60.13
60.1	60.14
60.1	60.15
60.1	60.16
60.6	60.17
60.1	60.18
60.9	60.19
60.1	60.20
60.1	60.21
60.1	60.22
60.1	60.23
60.1	60.24
60.1	60.25
60.1	60.26
60.1	60.27
60.1	60.28
60.1	60.29
60.7	60.30
60.1	60.31
60.1	60.32
60.9	60.33
60.1	60.34
60.1	60.35
60.2	60.36
60.9	60.37
60.1	60.38
60.3	60.39
60.9	60.40
60.1	60.41
60.11	60.42
60.1	60.43
60.1	60.44
60.4	60.45
60.1	60.46
60.1	60.47
60.1	60.48
60.9	60.49
60.1	60.50
60.1	60.51
60.1	60.52
60.8	60.53
60.12	60.54
60.1	60.55
60.1	60.56
60.1	60.57
60.5	60.58
60.8	60.59
60.1	60.60
60.8	60.61
60.13	60.62
60.10	60.63
60.1	60.64
61.5	61.1
61.9	61.2
61.9	61.3
61.5	61.4
61.1	61.5
61.10	61.6
61.11	61.7
61.11	61.8
61.1	61.9
61.10	61.10
61.5	61.11
61.1	61.12
61.5	61.13
61.1	61.14
61.5	61.15
61.11	61.16
61.9	61.17
61.5	61.18
61.11	61.19
61.1	61.20
61.10	61.21
61.9	61.22
61.5	61.23
61.3	61.24
61.1	61.25
61.9	61.26
61.5	61.27
61.9	61.28
61.8	61.29
61.8	61.30
61.11	61.31
61.1	61.32
61.5	61.33
61.5	61.34
61.8	61.35
61.11	61.36
61.5	61.37
61.9	61.38
61.11	61.39
61.11	61.40
61.11	61.41
61.5	61.42
61.2	61.43
61.6	61.44
61.11	61.45
61.1	61.46
61.5	61.47
61.4	61.48
61.5	61.49
61.9	61.50
61.1	61.51
61.11	61.52
61.9	61.53
61.11	61.54
61.5	61.55
61.5	61.56
61.5	61.57
61.5	61.58
61.5	61.59
61.5	61.60
61.11	61.61
61.11	61.62
61.5	61.63
61.7	61.64
62.9	62.1
62.10	62.2
62.10	62.3
62.10	62.4
62.10	62.5
62.9	62.6
62.8	62.7
62.1	62.8
62.10	62.9
62.10	62.10
62.10	62.11
62.10	62.12
62.8	62.13
62.1	62.14
62.10	62.15
62.5	62.16
62.9	62.17
62.9	62.18
62.1	62.19
62.10	62.20
62.1	62.21
62.10	62.22
62.2	62.23
62.5	62.24
62.5	62.25
62.1	62.26
62.9	62.27
62.1	62.28
62.10	62.29
62.10	62.30
62.4	62.31
62.5	62.32
62.1	62.33
62.1	62.34
62.5	62.35
62.6	62.36
62.10	62.37
62.5	62.38
62.9	62.39
62.1	62.40
62.10	62.41
62.1	62.42
62.7	62.43
62.9	62.44
62.10	62.45
62.10	62.46
62.10	62.47
62.7	62.48
62.5	62.49
62.10	62.50
62.10	62.51
62.1	62.52
62.3	62.53
62.1	62.54
62.10	62.55
62.5	62.56
62.10	62.57
62.5	62.58
62.5	62.59
62.10	62.60
62.10	62.61
62.1	62.62
62.10	62.63
62.1	62.64
63.1	63.1
63.1	63.2
63.1	63.3
63.1	63.4
63.1	63.5
63.1	63.6
63.1	63.7
63.1	63.8
63.1	63.9
63.1	63.10
63.1	63.11
63.1	63.12
63.1	63.13
63.1	63.14
63.1	63.15
63.1	63.16
63.1	63.17
63.1	63.18
63.1	63.19
63.1	63.20
63.1	63.21
63.1	63.22
63.1	63.23
63.1	63.24
63.1	63.25
63.1	63.26
63.1	63.27
63.1	63.28
63.1	63.29
63.1	63.30
63.1	63.31
63.1	63.32
63.1	63.33
63.1	63.34
63.1	63.35
63.1	63.36
63.1	63.37
63.1	63.38
63.1	63.39
63.1	63.40
63.1	63.41
63.1	63.42
63.2	63.43
63.1	63.44
63.1	63.45
63.1	63.46
63.1	63.47
63.1	63.48
63.1	63.49
63.1	63.50
63.3	63.51
63.1	63.52
63.1	63.53
63.1	63.54
63.1	63.55
63.1	63.56
63.1	63.57
63.1	63.58
63.1	63.59
63.1	63.60
63.1	63.61
63.1	63.62
63.1	63.63
63.1	63.64
64.1	64.1
64.1	64.2
64.4	64.3
64.1	64.4
64.1	64.5
64.3	64.6
64.4	64.7
64.4	64.8
64.4	64.9
64.1	64.10
64.3	64.11
64.4	64.12
64.1	64.13
64.4	64.14
64.4	64.15
64.4	64.16
64.4	64.17
64.4	64.18
64.4	64.19
64.4	64.20
64.4	64.21
64.4	64.22
64.4	64.23
64.4	64.24
64.1	64.25
64.1	64.26
64.1	64.27
64.1	64.28
64.2	64.29
64.4	64.30
64.4	64.31
64.4	64.32
64.4	64.33
64.4	64.34
64.1	64.35
64.1	64.36
64.4	64.37
64.4	64.38
64.5	64.39
64.4	64.40
64.4	64.41
64.4	64.42
64.4	64.43
64.4	64.44
64.4	64.45
64.4	64.46
64.5	64.47
64.4	64.48
64.4	64.49
64.4	64.50
64.5	64.51
64.4	64.52
64.4	64.53
64.4	64.54
64.4	64.55
64.1	64.56
64.4	64.57
64.4	64.58
64.4	64.59
64.4	64.60
64.1	64.61
64.4	64.62
64.4	64.63
64.5	64.64
65.7	65.1
65.6	65.2
65.4	65.3
65.6	65.4
65.6	65.5
65.7	65.6
65.1	65.7
65.6	65.8
65.6	65.9
65.6	65.10
65.6	65.11
65.7	65.12
65.6	65.13
65.6	65.14
65.8	65.15
65.6	65.16
65.6	65.17
65.6	65.18
65.1	65.19
65.1	65.20
65.6	65.21
65.1	65.22
65.1	65.23
65.1	65.24
65.6	65.25
65.1	65.26
65.6	65.27
65.7	65.28
65.2	65.29
65.1	65.30
65.6	65.31
65.1	65.32
65.5	65.33
65.6	65.34
65.6	65.35
65.6	65.36
65.7	65.37
65.6	65.38
65.6	65.39
65.6	65.40
65.6	65.41
65.6	65.42
65.7	65.43
65.6	65.44
65.1	65.45
65.7	65.46
65.1	65.47
65.6	65.48
65.6	65.49
65.1	65.50
65.7	65.51
65.6	65.52
65.7	65.53
65.6	65.54
65.6	65.55
65.3	65.56
65.1	65.57
65.1	65.58
65.6	65.59
65.6	65.60
65.6	65.61
65.6	65.62
65.7	65.63
65.1	65.64
66.1	66.1
66.1	66.2
66.1	66.3
66.1	66.4
66.1	66.5
66.1	66.6
66.1	66.7
66.1	66.8
66.1	66.9
66.1	66.10
66.1	66.11
66.1	66.12
66.3	66.13
66.1	66.14
66.1	66.15
66.1	66.16
66.1	66.17
66.1	66.18
66.4	66.19
66.1	66.20
66.1	66.21
66.1	66.22
66.1	66.23
66.1	66.24
66.1	66.25
66.1	66.26
66.1	66.27
66.1	66.28
66.1	66.29
66.1	66.30
66.1	66.31
66.1	66.32
66.1	66.33
66.1	66.34
66.1	66.35
66.4	66.36
66.1	66.37
66.1	66.38
66.1	66.39
66.1	66.40
66.1	66.41
66.1	66.42
66.1	66.43
66.1	66.44
66.4	66.45
66.1	66.46
66.1	66.47
66.1	66.48
66.1	66.49
66.1	66.50
66.1	66.51
66.1	66.52
66.1	66.53
66.4	66.54
66.1	66.55
66.1	66.56
66.1	66.57
66.1	66.58
66.1	66.59
66.4	66.60
66.1	66.61
66.1	66.62
66.2	66.63
66.1	66.64
67.5	67.1
67.7	67.2
67.12	67.3
67.7	67.4
67.8	67.5
67.5	67.6
67.5	67.7
67.5	67.8
67.12	67.9
67.5	67.10
67.1	67.11
67.7	67.12
67.7	67.13
67.10	67.14
67.5	67.15
67.11	67.16
67.5	67.17
67.7	67.18
67.7	67.19
67.8	67.20
67.7	67.21
67.8	67.22
67.4	67.23
67.6	67.24
67.12	67.25
67.5	67.26
67.7	67.27
67.5	67.28
67.5	67.29
67.5	67.30
67.2	67.31
67.12	67.32
67.9	67.33
67.7	67.34
67.5	67.35
67.12	67.36
67.7	67.37
67.5	67.38
67.5	67.39
67.9	67.40
67.7	67.41
67.7	67.42
67.12	67.43
67.12	67.44
67.3	67.45
67.7	67.46
67.5	67.47
67.7	67.48
67.8	67.49
67.9	67.50
67.5	67.51
67.1	67.52
67.1	67.53
67.7	67.54
67.7	67.55
67.5	67.56
67.7	67.57
67.7	67.58
67.12	67.59
67.9	67.60
67.9	67.61
67.9	67.62
67.9	67.63
67.12	67.64
68.3	68.1
68.3	68.2
68.6	68.3
68.3	68.4
68.3	68.5
68.1	68.6
68.3	68.7
68.6	68.8
68.7	68.9
68.3	68.10
68.3	68.11
68.5	68.12
68.7	68.13
68.3	68.14
68.3	68.15
68.7	68.16
68.7	68.17
68.7	68.18
68.7	68.19
68.7	68.20
68.3	68.21
68.1	68.22
68.3	68.23
68.7	68.24
68.3	68.25
68.3	68.26
68.7	68.27
68.5	68.28
68.1	68.29
68.6	68.30
68.3	68.31
68.3	68.32
68.6	68.33
68.3	68.34
68.3	68.35
68.5	68.36
68.4	68.37
68.3	68.38
68.3	68.39
68.3	68.40
68.3	68.41
68.7	68.42
68.6	68.43
68.7	68.44
68.6	68.45
68.6	68.46
68.1	68.47
68.3	68.48
68.3	68.49
68.3	68.50
68.2	68.51
68.3	68.52
68.3	68.53
68.7	68.54
68.3	68.55
68.7	68.56
68.1	68.57
68.6	68.58
68.3	68.59
68.3	68.60
68.3	68.61
68.7	68.62
68.3	68.63
68.7	68.64
69.5	69.1
69.5	69.2
69.5	69.3
69.5	69.4
69.5	69.5
69.1	69.6
69.5	69.7
69.3	69.8
69.5	69.9
69.5	69.10
69.5	69.11
69.5	69.12
69.5	69.13
69.5	69.14
69.2	69.15
69.5	69.16
69.5	69.17
69.5	69.18
69.5	69.19
69.5	69.20
69.3	69.21
69.5	69.22
69.5	69.23
69.1	69.24
69.1	69.25
69.5	69.26
69.5	69.27
69.5	69.28
69.5	69.29
69.1	69.30
69.5	69.31
69.5	69.32
69.5	69.33
69.1	69.34
69.5	69.35
69.1	69.36
69.1	69.37
69.5	69.38
69.5	69.39
69.5	69.40
69.5	69.41
69.5	69.42
69.1	69.43
69.5	69.44
69.3	69.45
69.5	69.46
69.5	69.47
69.5	69.48
69.5	69.49
69.5	69.50
69.5	69.51
69.5	69.52
69.5	69.53
69.5	69.54
69.5	69.55
69.5	69.56
69.5	69.57
69.5	69.58
69.5	69.59
69.4	69.60
69.5	69.61
69.5	69.62
69.5	69.63
69.5	69.64
70.5	70.1
70.5	70.2
70.5	70.3
70.5	70.4
70.5	70.5
70.7	70.6
70.6	70.7
70.5	70.8
70.5	70.9
70.5	70.10
70.5	70.11
70.5	70.12
70.5	70.13
70.5	70.14
70.5	70.15
70.5	70.16
70.5	70.17
70.5	70.18
70.5	70.19
70.5	70.20
70.5	70.21
70.5	70.22
70.5	70.23
70.5	70.24
70.1	70.25
70.1	70.26
70.5	70.27
70.5	70.28
70.5	70.29
70.5	70.30
70.5	70.31
70.4	70.32
70.2	70.33
70.3	70.34
70.5	70.35
70.5	70.36
70.5	70.37
70.5	70.38
70.5	70.39
70.5	70.40
70.5	70.41
70.5	70.42
70.1	70.43
70.5	70.44
70.1	70.45
70.5	70.46
70.5	70.47
70.5	70.48
70.5	70.49
70.5	70.50
70.5	70.51
70.5	70.52
70.1	70.53
70.5	70.54
70.5	70.55
70.4	70.56
70.5	70.57
70.5	70.58
70.5	70.59
70.5	70.60
70.5	70.61
70.5	70.62
70.5	70.63
70.5	70.64
71.1	71.1
71.3	71.2
71.3	71.3
71.3	71.4
71.3	71.5
71.3	71.6
71.3	71.7
71.3	71.8
71.3	71.9
71.3	71.10
71.3	71.11
71.3	71.12
71.3	71.13
71.3	71.14
71.3	71.15
71.3	71.16
71.3	71.17
71.3	71.18
71.3	71.19
71.3	71.20
71.3	71.21
71.1	71.22
71.3	71.23
71.3	71.24
71.5	71.25
71.1	71.26
71.7	71.27
71.3	71.28
71.3	71.29
71.3	71.30
71.3	71.31
71.3	71.32
71.1	71.33
71.5	71.34
71.3	71.35
71.2	71.36
71.3	71.37
71.3	71.38
71.3	71.39
71.5	71.40
71.5	71.41
71.7	71.42
71.3	71.43
71.4	71.44
71.3	71.45
71.3	71.46
71.3	71.47
71.3	71.48
71.7	71.49
71.7	71.50
71.3	71.51
71.7	71.52
71.5	71.53
71.3	71.54
71.3	71.55
71.3	71.56
71.7	71.57
71.1	71.58
71.7	71.59
71.6	71.60
71.3	71.61
71.3	71.62
71.3	71.63
71.3	71.64
72.1	72.1
72.1	72.2
72.1	72.3
72.1	72.4
72.1	72.5
72.1	72.6
72.1	72.7
72.1	72.8
72.1	72.9
72.1	72.10
72.1	72.11
72.2	72.12
72.1	72.13
72.1	72.14
72.1	72.15
72.1	72.16
72.1	72.17
72.1	72.18
72.1	72.19
72.1	72.20
72.1	72.21
72.1	72.22
72.1	72.23
72.1	72.24
72.1	72.25
72.1	72.26
72.1	72.27
72.1	72.28
72.1	72.29
72.1	72.30
72.1	72.31
72.1	72.32
72.1	72.33
72.1	72.34
72.1	72.35
72.1	72.36
72.1	72.37
72.1	72.38
72.1	72.39
72.1	72.40
72.1	72.41
72.1	72.42
72.1	72.43
72.1	72.44
72.1	72.45
72.1	72.46
72.1	72.47
72.1	72.48
72.1	72.49
72.1	72.50
72.1	72.51
72.1	72.52
72.1	72.53
72.1	72.54
72.1	72.55
72.1	72.56
72.1	72.57
72.1	72.58
72.1	72.59
72.1	72.60
72.1	72.61
72.1	72.62
72.1	72.63
72.1	72.64
73.1	73.1
73.7	73.2
73.9	73.3
73.7	73.4
73.2	73.5
73.10	73.6
73.7	73.7
73.10	73.8
73.1	73.9
73.10	73.10
73.7	73.11
73.7	73.12
73.1	73.13
73.7	73.14
73.7	73.15
73.1	73.16
73.7	73.17
73.10	73.18
73.7	73.19
73.11	73.20
73.11	73.21
73.7	73.22
73.7	73.23
73.9	73.24
73.11	73.25
73.7	73.26
73.1	73.27
73.4	73.28
73.5	73.29
73.10	73.30
73.11	73.31
73.1	73.32
73.1	73.33
73.7	73.34
73.6	73.35
73.11	73.36
73.1	73.37
73.10	73.38
73.6	73.39
73.7	73.40
73.7	73.41
73.7	73.42
73.7	73.43
73.9	73.44
73.10	73.45
73.1	73.46
73.7	73.47
73.9	73.48
73.1	73.49
73.7	73.50
73.10	73.51
73.10	73.52
73.10	73.53
73.8	73.54
73.9	73.55
73.8	73.56
73.1	73.57
73.1	73.58
73.11	73.59
73.1	73.60
73.6	73.61
73.10	73.62
73.3	73.63
73.7	73.64
74.1	74.1
74.1	74.2
74.1	74.3
74.1	74.4
74.1	74.5
74.1	74.6
74.1	74.7
74.8	74.8
74.1	74.9
74.1	74.10
74.1	74.11
74.1	74.12
74.1	74.13
74.1	74.14
74.1	74.15
74.1	74.16
74.1	74.17
74.1	74.18
74.1	74.19
74.1	74.20
74.1	74.21
74.1	74.22
74.1	74.23
74.1	74.24
74.1	74.25
74.1	74.26
74.8	74.27
74.1	74.28
74.1	74.29
74.1	74.30
74.1	74.31
74.1	74.32
74.1	74.33
74.1	74.34
74.1	74.35
74.1	74.36
74.1	74.37
74.1	74.38
74.1	74.39
74.1	74.40
74.6	74.41
74.1	74.42
74.1	74.43
74.1	74.44
74.1	74.45
74.6	74.46
74.1	74.47
74.1	74.48
74.5	74.49
74.3	74.50
74.4	74.51
74.1	74.52
74.1	74.53
74.1	74.54
74.6	74.55
74.1	74.56
74.1	74.57
74.1	74.58
74.1	74.59
74.2	74.60
74.1	74.61
74.8	74.62
74.1	74.63
74.7	74.64
75.7	75.1
75.7	75.2
75.7	75.3
75.7	75.4
75.7	75.5
75.13	75.6
75.10	75.7
75.7	75.8
75.7	75.9
75.7	75.10
75.7	75.11
75.13	75.12
75.13	75.13
75.7	75.14
75.13	75.15
75.1	75.16
75.8	75.17
75.7	75.18
75.7	75.19
75.2	75.20
75.1	75.21
75.7	75.22
75.7	75.23
75.3	75.24
75.5	75.25
75.13	75.26
75.1	75.27
75.13	75.28
75.5	75.29
75.10	75.30
75.7	75.31
75.13	75.32
75.13	75.33
75.7	75.34
75.7	75.35
75.13	75.36
75.7	75.37
75.7	75.38
75.9	75.39
75.7	75.40
75.7	75.41
75.7	75.42
75.7	75.43
75.12	75.44
75.4	75.45
75.4	75.46
75.14	75.47
75.7	75.48
75.7	75.49
75.1	75.50
75.10	75.51
75.8	75.52
75.7	75.53
75.7	75.54
75.7	75.55
75.12	75.56
75.6	75.57
75.7	75.58
75.13	75.59
75.13	75.60
75.11	75.61
75.1	75.62
75.12	75.63
75.7	75.64
76.4	76.1
76.4	76.2
76.4	76.3
76.4	76.4
76.4	76.5
76.4	76.6
76.4	76.7
76.4	76.8
76.4	76.9
76.4	76.10
76.4	76.11
76.4	76.12
76.4	76.13
76.4	76.14
76.4	76.15
76.4	76.16
76.4	76.17
76.4	76.18
76.4	76.19
76.4	76.20
76.5	76.21
76.4	76.22
76.4	76.23
76.4	76.24
76.4	76.25
76.4	76.26
76.4	76.27
76.4	76.28
76.4	76.29
76.4	76.30
76.4	76.31
76.4	76.32
76.4	76.33
76.4	76.34
76.4	76.35
76.4	76.36
76.4	76.37
76.4	76.38
76.1	76.39
76.4	76.40
76.4	76.41
76.1	76.42
76.4	76.43
76.4	76.44
76.1	76.45
76.4	76.46
76.4	76.47
76.4	76.48
76.4	76.49
76.4	76.50
76.4	76.51
76.4	76.52
76.4	76.53
76.4	76.54
76.2	76.55
76.4	76.56
76.4	76.57
76.4	76.58
76.4	76.59
76.4	76.60
76.4	76.61
76.3	76.62
76.4	76.63
76.4	76.64
77.9	77.1
77.10	77.2
77.14	77.3
77.9	77.4
77.14	77.5
77.14	77.6
77.14	77.7
77.11	77.8
77.14	77.9
77.10	77.10
77.9	77.11
77.1	77.12
77.14	77.13
77.14	77.14
77.14	77.15
77.9	77.16
77.3	77.17
77.9	77.18
77.14	77.19
77.7	77.20
77.1	77.21
77.14	77.22
77.1	77.23
77.14	77.24
77.14	77.25
77.1	77.26
77.10	77.27
77.9	77.28
77.4	77.29
77.1	77.30
77.9	77.31
77.14	77.32
77.1	77.33
77.6	77.34
77.15	77.35
77.9	77.36
77.14	77.37
77.1	77.38
77.7	77.39
77.7	77.40
77.10	77.41
77.14	77.42
77.14	77.43
77.11	77.44
77.5	77.45
77.15	77.46
77.13	77.47
77.8	77.48
77.14	77.49
77.14	77.50
77.9	77.51
77.10	77.52
77.12	77.53
77.2	77.54
77.9	77.55
77.14	77.56
77.10	77.57
77.14	77.58
77.9	77.59
77.9	77.60
77.9	77.61
77.14	77.62
77.14	77.63
77.9	77.64
78.19	78.1
78.10	78.2
78.1	78.3
78.13	78.4
78.1	78.5
78.15	78.6
78.1	78.7
78.2	78.8
78.18	78.9
78.1	78.10
78.16	78.11
78.20	78.12
78.9	78.13
78.18	78.14
78.18	78.15
78.1	78.16
78.1	78.17
78.5	78.18
78.12	78.19
78.19	78.20
78.8	78.21
78.13	78.22
78.13	78.23
78.12	78.24
78.13	78.25
78.8	78.26
78.1	78.27
78.1	78.28
78.18	78.29
78.12	78.30
78.1	78.31
78.12	78.32
78.13	78.33
78.12	78.34
78.12	78.35
78.12	78.36
78.4	78.37
78.18	78.38
78.12	78.39
78.6	78.40
78.13	78.41
78.1	78.42
78.7	78.43
78.1	78.44
78.12	78.45
78.1	78.46
78.3	78.47
78.12	78.48
78.1	78.49
78.6	78.50
78.17	78.51
78.1	78.52
78.15	78.53
78.20	78.54
78.18	78.55
78.11	78.56
78.1	78.57
78.1	78.58
78.13	78.59
78.14	78.60
78.1	78.61
78.20	78.62
78.18	78.63
78.12	78.64
79.1	79.1
79.5	79.2
79.5	79.3
79.1	79.4
79.1	79.5
79.1	79.6
79.1	79.7
79.1	79.8
79.1	79.9
79.1	79.10
79.1	79.11
79.5	79.12
79.1	79.13
79.4	79.14
79.1	79.15
79.1	79.16
79.1	79.17
79.1	79.18
79.1	79.19
79.1	79.20
79.5	79.21
79.1	79.22
79.1	79.23
79.1	79.24
79.1	79.25
79.5	79.26
79.1	79.27
79.5	79.28
79.1	79.29
79.1	79.30
79.1	79.31
79.1	79.32
79.8	79.33
79.8	79.34
79.5	79.35
79.6	79.36
79.5	79.37
79.2	79.38
79.5	79.39
79.1	79.40
79.1	79.41
79.8	79.42
79.5	79.43
79.7	79.44
79.7	79.45
79.1	79.46
79.1	79.47
79.1	79.48
79.7	79.49
79.3	79.50
79.1	79.51
79.1	79.52
79.1	79.53
79.1	79.54
79.1	79.55
79.1	79.56
79.8	79.57
79.7	79.58
79.1	79.59
79.1	79.60
79.1	79.61
79.1	79.62
79.1	79.63
79.5	79.64
80.1	80.1
80.1	80.2
80.1	80.3
80.1	80.4
80.1	80.5
80.1	80.6
80.1	80.7
80.2	80.8
80.1	80.9
80.1	80.10
80.1	80.11
80.1	80.12
80.1	80.13
80.1	80.14
80.6	80.15
80.1	80.16
80.1	80.17
80.1	80.18
80.1	80.19
80.1	80.20
80.1	80.21
80.1	80.22
80.1	80.23
80.1	80.24
80.1	80.25
80.1	80.26
80.1	80.27
80.1	80.28
80.1	80.29
80.1	80.30
80.1	80.31
80.1	80.32
80.1	80.33
80.1	80.34
80.1	80.35
80.1	80.36
80.1	80.37
80.1	80.38
80.1	80.39
80.1	80.40
80.1	80.41
80.1	80.42
80.1	80.43
80.5	80.44
80.1	80.45
80.1	80.46
80.1	80.47
80.1	80.48
80.1	80.49
80.6	80.50
80.1	80.51
80.1	80.52
80.1	80.53
80.4	80.54
80.1	80.55
80.1	80.56
80.1	80.57
80.1	80.58
80.1	80.59
80.1	80.60
80.1	80.61
80.3	80.62
80.1	80.63
80.1	80.64
81.9	81.1
81.6	81.2
81.6	81.3
81.9	81.4
81.6	81.5
81.8	81.6
81.6	81.7
81.6	81.8
81.6	81.9
81.6	81.10
81.6	81.11
81.6	81.12
81.9	81.13
81.6	81.14
81.6	81.15
81.6	81.16
81.9	81.17
81.6	81.18
81.7	81.19
81.8	81.20
81.9	81.21
81.9	81.22
81.6	81.23
81.6	81.24
81.9	81.25
81.9	81.26
81.5	81.27
81.5	81.28
81.9	81.29
81.5	81.30
81.6	81.31
81.9	81.32
81.9	81.33
81.8	81.34
81.6	81.35
81.9	81.36
81.6	81.37
81.6	81.38
81.1	81.39
81.4	81.40
81.7	81.41
81.6	81.42
81.6	81.43
81.6	81.44
81.6	81.45
81.9	81.46
81.1	81.47
81.6	81.48
81.6	81.49
81.6	81.50
81.1	81.51
81.6	81.52
81.3	81.53
81.6	81.54
81.6	81.55
81.9	81.56
81.6	81.57
81.6	81.58
81.1	81.59
81.6	81.60
81.1	81.61
81.2	81.62
81.6	81.63
81.3	81.64
82.1	82.1
82.1	82.2
82.1	82.3
82.1	82.4
82.1	82.5
82.1	82.6
82.1	82.7
82.1	82.8
82.1	82.9
82.1	82.10
82.1	82.11
82.1	82.12
82.1	82.13
82.1	82.14
82.1	82.15
82.1	82.16
82.1	82.17
82.1	82.18
82.1	82.19
82.1	82.20
82.1	82.21
82.1	82.22
82.2	82.23
82.5	82.24
82.1	82.25
82.1	82.26
82.1	82.27
82.1	82.28
82.1	82.29
82.1	82.30
82.1	82.31
82.1	82.32
82.1	82.33
82.1	82.34
82.1	82.35
82.1	82.36
82.1	82.37
82.1	82.38
82.1	82.39
82.1	82.40
82.1	82.41
82.1	82.42
82.1	82.43
82.1	82.44
82.1	82.45
82.1	82.46
82.1	82.47
82.1	82.48
82.1	82.49
82.1	82.50
82.1	82.51
82.1	82.52
82.1	82.53
82.1	82.54
82.1	82.55
82.1	82.56
82.3	82.57
82.1	82.58
82.1	82.59
82.1	82.60
82.1	82.61
82.4	82.62
82.1	82.63
82.1	82.64
83.1	83.1
83.1	83.2
83.1	83.3
83.1	83.4
83.1	83.5
83.1	83.6
83.1	83.7
83.1	83.8
83.1	83.9
83.1	83.10
83.1	83.11
83.1	83.12
83.1	83.13
83.1	83.14
83.1	83.15
83.1	83.16
83.1	83.17
83.1	83.18
83.1	83.19
83.1	83.20
83.1	83.21
83.1	83.22
83.1	83.23
83.1	83.24
83.1	83.25
83.1	83.26
83.1	83.27
83.1	83.28
83.1	83.29
83.1	83.30
83.1	83.31
83.2	83.32
83.1	83.33
83.1	83.34
83.1	83.35
83.1	83.36
83.1	83.37
83.1	83.38
83.3	83.39
83.1	83.40
83.1	83.41
83.1	83.42
83.1	83.43
83.1	83.44
83.1	83.45
83.1	83.46
83.1	83.47
83.1	83.48
83.1	83.49
83.1	83.50
83.1	83.51
83.1	83.52
83.1	83.53
83.1	83.54
83.1	83.55
83.1	83.56
83.1	83.57
83.1	83.58
83.1	83.59
83.1	83.60
83.1	83.61
83.1	83.62
83.1	83.63
83.1	83.64
84.14	84.1
84.13	84.2
84.14	84.3
84.1	84.4
84.1	84.5
84.11	84.6
84.10	84.7
84.10	84.8
84.5	84.9
84.5	84.10
84.1	84.11
84.12	84.12
84.1	84.13
84.7	84.14
84.1	84.15
84.10	84.16
84.1	84.17
84.3	84.18
84.1	84.19
84.14	84.20
84.11	84.21
84.7	84.22
84.14	84.23
84.10	84.24
84.11	84.25
84.1	84.26
84.1	84.27
84.1	84.28
84.11	84.29
84.1	84.30
84.1	84.31
84.13	84.32
84.10	84.33
84.11	84.34
84.11	84.35
84.7	84.36
84.1	84.37
84.14	84.38
84.14	84.39
84.11	84.40
84.14	84.41
84.13	84.42
84.4	84.43
84.7	84.44
84.8	84.45
84.11	84.46
84.1	84.47
84.1	84.48
84.1	84.49
84.13	84.50
84.6	84.51
84.11	84.52
84.1	84.53
84.2	84.54
84.11	84.55
84.1	84.56
84.13	84.57
84.1	84.58
84.1	84.59
84.10	84.60
84.11	84.61
84.1	84.62
84.9	84.63
84.11	84.64
85.1	85.1
85.1	85.2
85.1	85.3
85.5	85.4
85.1	85.5
85.1	85.6
85.1	85.7
85.1	85.8
85.1	85.9
85.1	85.10
85.1	85.11
85.2	85.12
85.3	85.13
85.5	85.14
85.5	85.15
85.1	85.16
85.1	85.17
85.1	85.18
85.5	85.19
85.1	85.20
85.1	85.21
85.5	85.22
85.1	85.23
85.1	85.24
85.5	85.25
85.1	85.26
85.1	85.27
85.1	85.28
85.4	85.29
85.1	85.30
85.5	85.31
85.1	85.32
85.1	85.33
85.1	85.34
85.1	85.35
85.1	85.36
85.1	85.37
85.1	85.38
85.1	85.39
85.5	85.40
85.1	85.41
85.6	85.42
85.1	85.43
85.1	85.44
85.5	85.45
85.1	85.46
85.1	85.47
85.1	85.48
85.1	85.49
85.1	85.50
85.1	85.51
85.1	85.52
85.1	85.53
85.1	85.54
85.1	85.55
85.1	85.56
85.1	85.57
85.6	85.58
85.5	85.59
85.1	85.60
85.1	85.61
85.1	85.62
85.6	85.63
85.1	85.64
86.5	86.1
86.4	86.2
86.4	86.3
86.4	86.4
86.4	86.5
86.4	86.6
86.4	86.7
86.4	86.8
86.1	86.9
86.1	86.10
86.5	86.11
86.1	86.12
86.4	86.13
86.4	86.14
86.3	86.15
86.4	86.16
86.4	86.17
86.4	86.18
86.4	86.19
86.4	86.20
86.4	86.21
86.4	86.22
86.1	86.23
86.4	86.24
86.4	86.25
86.4	86.26
86.5	86.27
86.1	86.28
86.4	86.29
86.5	86.30
86.1	86.31
86.4	86.32
86.4	86.33
86.4	86.34
86.2	86.35
86.1	86.36
86.4	86.37
86.4	86.38
86.4	86.39
86.1	86.40
86.4	86.41
86.1	86.42
86.5	86.43
86.1	86.44
86.4	86.45
86.4	86.46
86.1	86.47
86.5	86.48
86.1	86.49
86.3	86.50
86.4	86.51
86.4	86.52
86.1	86.53
86.1	86.54
86.1	86.55
86.4	86.56
86.1	86.57
86.1	86.58
86.1	86.59
86.1	86.60
86.1	86.61
86.4	86.62
86.4	86.63
86.4	86.64
87.13	87.1
87.13	87.2
87.13	87.3
87.7	87.4
87.17	87.5
87.16	87.6
87.7	87.7
87.13	87.8
87.18	87.9
87.16	87.10
87.11	87.11
87.7	87.12
87.13	87.13
87.10	87.14
87.1	87.15
87.1	87.16
87.16	87.17
87.16	87.18
87.11	87.19
87.13	87.20
87.1	87.21
87.16	87.22
87.13	87.23
87.1	87.24
87.17	87.25
87.5	87.26
87.13	87.27
87.16	87.28
87.3	87.29
87.15	87.30
87.18	87.31
87.1	87.32
87.12	87.33
87.1	87.34
87.2	87.35
87.16	87.36
87.15	87.37
87.15	87.38
87.15	87.39
87.16	87.40
87.16	87.41
87.13	87.42
87.4	87.43
87.14	87.44
87.11	87.45
87.10	87.46
87.14	87.47
87.16	87.48
87.17	87.49
87.6	87.50
87.8	87.51
87.18	87.52
87.16	87.53
87.11	87.54
87.16	87.55
87.13	87.56
87.11	87.57
87.17	87.58
87.1	87.59
87.15	87.60
87.10	87.61
87.9	87.62
87.13	87.63
87.15	87.64
88.1	88.1
88.1	88.2
88.1	88.3
88.1	88.4
88.1	88.5
88.1	88.6
88.1	88.7
88.1	88.8
88.1	88.9
88.6	88.10
88.1	88.11
88.1	88.12
88.1	88.13
88.6	88.14
88.1	88.15
88.1	88.16
88.1	88.17
88.1	88.18
88.6	88.19
88.6	88.20
88.1	88.21
88.6	88.22
88.1	88.23
88.1	88.24
88.1	88.25
88.1	88.26
88.1	88.27
88.1	88.28
88.5	88.29
88.1	88.30
88.6	88.31
88.4	88.32
88.1	88.33
88.1	88.34
88.6	88.35
88.1	88.36
88.1	88.37
88.1	88.38
88.1	88.39
88.1	88.40
88.1	88.41
88.1	88.42
88.6	88.43
88.3	88.44
88.1	88.45
88.1	88.46
88.1	88.47
88.2	88.48
88.1	88.49
88.1	88.50
88.1	88.51
88.1	88.52
88.1	88.53
88.1	88.54
88.1	88.55
88.1	88.56
88.1	88.57
88.1	88.58
88.1	88.59
88.6	88.60
88.1	88.61
88.1	88.62
88.1	88.63
88.1	88.64
89.1	89.1
89.1	89.2
89.1	89.3
89.1	89.4
89.1	89.5
89.1	89.6
89.1	89.7
89.1	89.8
89.9	89.9
89.6	89.10
89.1	89.11
89.1	89.12
89.1	89.13
89.1	89.14
89.1	89.15
89.1	89.16
89.1	89.17
89.1	89.18
89.1	89.19
89.1	89.20
89.4	89.21
89.1	89.22
89.2	89.23
89.1	89.24
89.1	89.25
89.1	89.26
89.6	89.27
89.1	89.28
89.1	89.29
89.1	89.30
89.9	89.31
89.1	89.32
89.1	89.33
89.3	89.34
89.1	89.35
89.1	89.36
89.8	89.37
89.1	89.38
89.1	89.39
89.1	89.40
89.1	89.41
89.1	89.42
89.7	89.43
89.1	89.44
89.6	89.45
89.1	89.46
89.1	89.47
89.1	89.48
89.1	89.49
89.1	89.50
89.7	89.51
89.1	89.52
89.5	89.53
89.1	89.54
89.1	89.55
89.7	89.56
89.1	89.57
89.7	89.58
89.6	89.59
89.1	89.60
89.1	89.61
89.7	89.62
89.1	89.63
89.1	89.64
90.2	90.1
90.2	90.2
90.2	90.3
90.2	90.4
90.2	90.5
90.2	90.6
90.2	90.7
90.2	90.8
90.2	90.9
90.2	90.10
90.2	90.11
90.2	90.12
90.2	90.13
90.2	90.14
90.2	90.15
90.2	90.16
90.2	90.17
90.2	90.18
90.2	90.19
90.2	90.20
90.2	90.21
90.2	90.22
90.2	90.23
90.2	90.24
90.3	90.25
90.5	90.26
90.2	90.27
90.2	90.28
90.2	90.29
90.2	90.30
90.2	90.31
90.2	90.32
90.2	90.33
90.6	90.34
90.2	90.35
90.2	90.36
90.2	90.37
90.8	90.38
90.2	90.39
90.2	90.40
90.2	90.41
90.2	90.42
90.5	90.43
90.7	90.44
90.2	90.45
90.2	90.46
90.2	90.47
90.2	90.48
90.2	90.49
90.4	90.50
90.2	90.51
90.2	90.52
90.2	90.53
90.2	90.54
90.2	90.55
90.7	90.56
90.2	90.57
90.2	90.58
90.2	90.59
90.2	90.60
90.7	90.61
90.2	90.62
90.2	90.63
90.1	90.64
91.1	91.1
91.1	91.2
91.8	91.3
91.8	91.4
91.1	91.5
91.1	91.6
91.1	91.7
91.1	91.8
91.1	91.9
91.1	91.10
91.1	91.11
91.1	91.12
91.8	91.13
91.1	91.14
91.1	91.15
91.1	91.16
91.1	91.17
91.1	91.18
91.8	91.19
91.1	91.20
91.7	91.21
91.1	91.22
91.9	91.23
91.1	91.24
91.1	91.25
91.1	91.26
91.1	91.27
91.1	91.28
91.4	91.29
91.1	91.30
91.1	91.31
91.1	91.32
91.1	91.33
91.1	91.34
91.1	91.35
91.1	91.36
91.1	91.37
91.1	91.38
91.3	91.39
91.1	91.40
91.1	91.41
91.2	91.42
91.1	91.43
91.8	91.44
91.1	91.45
91.6	91.46
91.1	91.47
91.1	91.48
91.1	91.49
91.6	91.50
91.1	91.51
91.1	91.52
91.8	91.53
91.9	91.54
91.8	91.55
91.1	91.56
91.5	91.57
91.1	91.58
91.1	91.59
91.9	91.60
91.1	91.61
91.1	91.62
91.1	91.63
91.1	91.64
92.6	92.1
92.6	92.2
92.1	92.3
92.6	92.4
92.6	92.5
92.6	92.6
92.4	92.7
92.6	92.8
92.1	92.9
92.1	92.10
92.6	92.11
92.6	92.12
92.6	92.13
92.5	92.14
92.6	92.15
92.6	92.16
92.6	92.17
92.6	92.18
92.6	92.19
92.6	92.20
92.6	92.21
92.6	92.22
92.3	92.23
92.6	92.24
92.1	92.25
92.6	92.26
92.6	92.27
92.1	92.28
92.6	92.29
92.6	92.30
92.1	92.31
92.1	92.32
92.6	92.33
92.1	92.34
92.6	92.35
92.5	92.36
92.6	92.37
92.4	92.38
92.1	92.39
92.6	92.40
92.6	92.41
92.1	92.42
92.6	92.43
92.1	92.44
92.6	92.45
92.6	92.46
92.6	92.47
92.6	92.48
92.6	92.49
92.6	92.50
92.2	92.51
92.6	92.52
92.6	92.53
92.4	92.54
92.6	92.55
92.1	92.56
92.4	92.57
92.6	92.58
92.6	92.59
92.6	92.60
92.6	92.61
92.6	92.62
92.6	92.63
92.1	92.64
93.1	93.1
93.1	93.2
93.1	93.3
93.1	93.4
93.1	93.5
93.1	93.6
93.1	93.7
93.1	93.8
93.1	93.9
93.1	93.10
93.1	93.11
93.1	93.12
93.1	93.13
93.3	93.14
93.1	93.15
93.5	93.16
93.1	93.17
93.1	93.18
93.1	93.19
93.1	93.20
93.1	93.21
93.1	93.22
93.1	93.23
93.1	93.24
93.2	93.25
93.1	93.26
93.1	93.27
93.1	93.28
93.1	93.29
93.1	93.30
93.1	93.31
93.1	93.32
93.4	93.33
93.1	93.34
93.1	93.35
93.1	93.36
93.6	93.37
93.1	93.38
93.1	93.39
93.1	93.40
93.1	93.41
93.1	93.42
93.1	93.43
93.5	93.44
93.5	93.45
93.1	93.46
93.1	93.47
93.1	93.48
93.1	93.49
93.5	93.50
93.1	93.51
93.1	93.52
93.1	93.53
93.1	93.54
93.5	93.55
93.1	93.56
93.1	93.57
93.4	93.58
93.7	93.59
93.1	93.60
93.1	93.61
93.1	93.62
93.6	93.63
93.1	93.64
94.1	94.1
94.1	94.2
94.1	94.3
94.1	94.4
94.1	94.5
94.1	94.6
94.1	94.7
94.1	94.8
94.1	94.9
94.1	94.10
94.1	94.11
94.1	94.12
94.1	94.13
94.1	94.14
94.1	94.15
94.1	94.16
94.1	94.17
94.1	94.18
94.1	94.19
94.1	94.20
94.1	94.21
94.1	94.22
94.1	94.23
94.1	94.24
94.1	94.25
94.1	94.26
94.1	94.27
94.1	94.28
94.1	94.29
94.1	94.30
94.1	94.31
94.1	94.32
94.1	94.33
94.1	94.34
94.1	94.35
94.2	94.36
94.1	94.37
94.2	94.38
94.1	94.39
94.1	94.40
94.1	94.41
94.1	94.42
94.2	94.43
94.1	94.44
94.1	94.45
94.1	94.46
94.1	94.47
94.1	94.48
94.1	94.49
94.1	94.50
94.1	94.51
94.1	94.52
94.1	94.53
94.1	94.54
94.1	94.55
94.1	94.56
94.1	94.57
94.1	94.58
94.1	94.59
94.1	94.60
94.1	94.61
94.1	94.62
94.1	94.63
94.1	94.64
95.3	95.1
95.8	95.2
95.11	95.3
95.1	95.4
95.8	95.5
95.2	95.6
95.11	95.7
95.5	95.8
95.4	95.9
95.11	95.10
95.11	95.11
95.3	95.12
95.10	95.13
95.11	95.14
95.10	95.15
95.6	95.16
95.11	95.17
95.11	95.18
95.3	95.19
95.8	95.20
95.11	95.21
95.3	95.22
95.3	95.23
95.11	95.24
95.3	95.25
95.6	95.26
95.11	95.27
95.3	95.28
95.11	95.29
95.8	95.30
95.3	95.31
95.3	95.32
95.3	95.33
95.3	95.34
95.11	95.35
95.9	95.36
95.3	95.37
95.8	95.38
95.5	95.39
95.5	95.40
95.8	95.41
95.11	95.42
95.3	95.43
95.3	95.44
95.11	95.45
95.3	95.46
95.11	95.47
95.8	95.48
95.11	95.49
95.3	95.50
95.11	95.51
95.3	95.52
95.3	95.53
95.3	95.54
95.6	95.55
95.1	95.56
95.3	95.57
95.8	95.58
95.11	95.59
95.3	95.60
95.3	95.61
95.11	95.62
95.7	95.63
95.11	95.64
96.10	96.1
96.9	96.2
96.8	96.3
96.8	96.4
96.10	96.5
96.10	96.6
96.10	96.7
96.8	96.8
96.8	96.9
96.10	96.10
96.8	96.11
96.10	96.12
96.6	96.13
96.10	96.14
96.2	96.15
96.10	96.16
96.10	96.17
96.10	96.18
96.10	96.19
96.8	96.20
96.11	96.21
96.8	96.22
96.10	96.23
96.10	96.24
96.10	96.25
96.10	96.26
96.11	96.27
96.1	96.28
96.8	96.29
96.10	96.30
96.10	96.31
96.8	96.32
96.8	96.33
96.10	96.34
96.10	96.35
96.10	96.36
96.5	96.37
96.10	96.38
96.8	96.39
96.1	96.40
96.8	96.41
96.11	96.42
96.10	96.43
96.10	96.44
96.10	96.45
96.10	96.46
96.10	96.47
96.10	96.48
96.10	96.49
96.10	96.50
96.1	96.51
96.10	96.52
96.9	96.53
96.7	96.54
96.8	96.55
96.10	96.56
96.10	96.57
96.3	96.58
96.8	96.59
96.4	96.60
96.10	96.61
96.10	96.62
96.9	96.63
96.11	96.64
97.8	97.1
97.8	97.2
97.10	97.3
97.8	97.4
97.1	97.5
97.9	97.6
97.5	97.7
97.8	97.8
97.1	97.9
97.1	97.10
97.1	97.11
97.8	97.12
97.8	97.13
97.8	97.14
97.8	97.15
97.8	97.16
97.1	97.17
97.8	97.18
97.3	97.19
97.1	97.20
97.8	97.21
97.1	97.22
97.1	97.23
97.8	97.24
97.5	97.25
97.5	97.26
97.8	97.27
97.10	97.28
97.1	97.29
97.9	97.30
97.10	97.31
97.1	97.32
97.1	97.33
97.1	97.34
97.4	97.35
97.8	97.36
97.1	97.37
97.1	97.38
97.8	97.39
97.1	97.40
97.2	97.41
97.1	97.42
97.5	97.43
97.1	97.44
97.1	97.45
97.7	97.46
97.4	97.47
97.7	97.48
97.10	97.49
97.8	97.50
97.4	97.51
97.1	97.52
97.8	97.53
97.1	97.54
97.10	97.55
97.8	97.56
97.8	97.57
97.6	97.58
97.10	97.59
97.1	97.60
97.1	97.61
97.8	97.62
97.8	97.63
97.1	97.64
98.1	98.1
98.1	98.2
98.1	98.3
98.1	98.4
98.1	98.5
98.1	98.6
98.18	98.7
98.1	98.8
98.16	98.9
98.1	98.10
98.15	98.11
98.13	98.12
98.1	98.13
98.13	98.14
98.5	98.15
98.1	98.16
98.16	98.17
98.1	98.18
98.1	98.19
98.6	98.20
98.7	98.21
98.15	98.22
98.1	98.23
98.11	98.24
98.1	98.25
98.15	98.26
98.11	98.27
98.9	98.28
98.13	98.29
98.11	98.30
98.17	98.31
98.12	98.32
98.1	98.33
98.1	98.34
98.15	98.35
98.1	98.36
98.6	98.37
98.11	98.38
98.4	98.39
98.16	98.40
98.7	98.41
98.10	98.42
98.11	98.43
98.16	98.44
98.13	98.45
98.15	98.46
98.1	98.47
98.16	98.48
98.7	98.49
98.14	98.50
98.1	98.51
98.16	98.52
98.16	98.53
98.2	98.54
98.15	98.55
98.16	98.56
98.1	98.57
98.3	98.58
98.11	98.59
98.13	98.60
98.8	98.61
98.1	98.62
98.11	98.63
98.11	98.64
99.1	99.1
99.7	99.2
99.6	99.3
99.5	99.4
99.7	99.5
99.7	99.6
99.1	99.7
99.7	99.8
99.1	99.9
99.7	99.10
99.7	99.11
99.7	99.12
99.6	99.13
99.7	99.14
99.5	99.15
99.7	99.16
99.4	99.17
99.7	99.18
99.7	99.19
99.7	99.20
99.1	99.21
99.1	99.22
99.1	99.23
99.2	99.24
99.7	99.25
99.5	99.26
99.5	99.27
99.1	99.28
99.7	99.29
99.1	99.30
99.7	99.31
99.1	99.32
99.7	99.33
99.1	99.34
99.4	99.35
99.7	99.36
99.6	99.37
99.1	99.38
99.1	99.39
99.7	99.40
99.7	99.41
99.7	99.42
99.7	99.43
99.1	99.44
99.7	99.45
99.3	99.46
99.6	99.47
99.1	99.48
99.7	99.49
99.7	99.50
99.7	99.51
99.6	99.52
99.7	99.53
99.7	99.54
99.7	99.55
99.1	99.56
99.7	99.57
99.6	99.58
99.7	99.59
99.7	99.60
99.1	99.61
99.7	99.62
99.6	99.63
99.7	99.64
100.11	100.1
100.10	100.2
100.1	100.3
100.6	100.4
100.12	100.5
100.1	100.6
100.1	100.7
100.1	100.8
100.1	100.9
100.8	100.10
100.1	100.11
100.11	100.12
100.1	100.13
100.10	100.14
100.1	100.15
100.1	100.16
100.9	100.17
100.8	100.18
100.1	100.19
100.11	100.20
100.10	100.21
100.1	100.22
100.13	100.23
100.1	100.24
100.1	100.25
100.1	100.26
100.12	100.27
100.11	100.28
100.1	100.29
100.1	100.30
100.5	100.31
100.1	100.32
100.1	100.33
100.7	100.34
100.7	100.35
100.1	100.36
100.1	100.37
100.1	100.38
100.1	100.39
100.1	100.40
100.1	100.41
100.1	100.42
100.1	100.43
100.1	100.44
100.1	100.45
100.9	100.46
100.1	100.47
100.11	100.48
100.1	100.49
100.1	100.50
100.8	100.51
100.1	100.52
100.3	100.53
100.8	100.54
100.2	100.55
100.12	100.56
100.7	100.57
100.1	100.58
100.4	100.59
100.11	100.60
100.9	100.61
100.1	100.62
100.1	100.63
100.10	100.64