subTopicID	resultID
1.10	1.1
1.4	1.2
1.9	1.3
1.9	1.4
1.8	1.5
1.9	1.6
1.4	1.7
1.9	1.8
1.4	1.9
1.9	1.10
1.9	1.11
1.4	1.12
1.4	1.13
1.4	1.14
1.4	1.15
1.5	1.16
1.4	1.17
1.9	1.18
1.10	1.19
1.5	1.20
1.4	1.21
1.6	1.22
1.4	1.23
1.9	1.24
1.9	1.25
1.10	1.26
1.9	1.27
1.4	1.28
1.10	1.29
1.5	1.30
1.4	1.31
1.4	1.32
1.10	1.33
1.10	1.34
1.9	1.35
1.9	1.36
1.6	1.37
1.4	1.38
1.3	1.39
1.10	1.40
1.9	1.41
1.4	1.42
1.9	1.43
1.4	1.44
1.9	1.45
1.10	1.46
1.9	1.47
1.6	1.48
1.7	1.49
1.7	1.50
1.10	1.51
1.10	1.52
1.4	1.53
1.10	1.54
1.1	1.55
1.4	1.56
1.9	1.57
1.10	1.58
1.6	1.59
1.9	1.60
1.2	1.61
1.9	1.62
1.9	1.63
1.9	1.64
2.4	2.1
2.9	2.2
2.9	2.3
2.4	2.4
2.8	2.5
2.9	2.6
2.4	2.7
2.4	2.8
2.4	2.9
2.9	2.10
2.4	2.11
2.6	2.12
2.4	2.13
2.4	2.14
2.4	2.15
2.4	2.16
2.8	2.17
2.4	2.18
2.4	2.19
2.4	2.20
2.8	2.21
2.3	2.22
2.5	2.23
2.4	2.24
2.9	2.25
2.4	2.26
2.9	2.27
2.1	2.28
2.8	2.29
2.4	2.30
2.4	2.31
2.9	2.32
2.4	2.33
2.9	2.34
2.9	2.35
2.1	2.36
2.9	2.37
2.1	2.38
2.8	2.39
2.2	2.40
2.9	2.41
2.10	2.42
2.4	2.43
2.9	2.44
2.4	2.45
2.10	2.46
2.9	2.47
2.7	2.48
2.9	2.49
2.8	2.50
2.4	2.51
2.9	2.52
2.1	2.53
2.9	2.54
2.9	2.55
2.9	2.56
2.8	2.57
2.1	2.58
2.9	2.59
2.1	2.60
2.9	2.61
2.8	2.62
2.1	2.63
2.8	2.64
3.11	3.1
3.11	3.2
3.11	3.3
3.9	3.4
3.11	3.5
3.1	3.6
3.1	3.7
3.11	3.8
3.11	3.9
3.11	3.10
3.11	3.11
3.11	3.12
3.11	3.13
3.1	3.14
3.11	3.15
3.1	3.16
3.1	3.17
3.11	3.18
3.9	3.19
3.1	3.20
3.11	3.21
3.11	3.22
3.3	3.23
3.1	3.24
3.11	3.25
3.1	3.26
3.6	3.27
3.11	3.28
3.1	3.29
3.9	3.30
3.11	3.31
3.9	3.32
3.11	3.33
3.1	3.34
3.11	3.35
3.10	3.36
3.11	3.37
3.8	3.38
3.4	3.39
3.1	3.40
3.1	3.41
3.1	3.42
3.11	3.43
3.9	3.44
3.11	3.45
3.11	3.46
3.7	3.47
3.11	3.48
3.11	3.49
3.8	3.50
3.5	3.51
3.11	3.52
3.11	3.53
3.1	3.54
3.11	3.55
3.1	3.56
3.1	3.57
3.2	3.58
3.11	3.59
3.9	3.60
3.11	3.61
3.11	3.62
3.8	3.63
3.1	3.64
4.3	4.1
4.6	4.2
4.5	4.3
4.3	4.4
4.5	4.5
4.8	4.6
4.5	4.7
4.5	4.8
4.3	4.9
4.8	4.10
4.7	4.11
4.5	4.12
4.5	4.13
4.3	4.14
4.3	4.15
4.5	4.16
4.7	4.17
4.3	4.18
4.3	4.19
4.3	4.20
4.3	4.21
4.7	4.22
4.4	4.23
4.8	4.24
4.8	4.25
4.5	4.26
4.8	4.27
4.3	4.28
4.3	4.29
4.5	4.30
4.8	4.31
4.7	4.32
4.5	4.33
4.3	4.34
4.8	4.35
4.3	4.36
4.8	4.37
4.5	4.38
4.5	4.39
4.7	4.40
4.8	4.41
4.3	4.42
4.5	4.43
4.1	4.44
4.5	4.45
4.2	4.46
4.3	4.47
4.5	4.48
4.1	4.49
4.3	4.50
4.3	4.51
4.3	4.52
4.3	4.53
4.3	4.54
4.1	4.55
4.7	4.56
4.1	4.57
4.7	4.58
4.1	4.59
4.3	4.60
4.7	4.61
4.3	4.62
4.3	4.63
4.1	4.64
5.1	5.1
5.1	5.2
5.8	5.3
5.1	5.4
5.5	5.5
5.1	5.6
5.9	5.7
5.1	5.8
5.1	5.9
5.1	5.10
5.8	5.11
5.8	5.12
5.8	5.13
5.9	5.14
5.9	5.15
5.1	5.16
5.9	5.17
5.1	5.18
5.4	5.19
5.1	5.20
5.1	5.21
5.8	5.22
5.9	5.23
5.8	5.24
5.7	5.25
5.4	5.26
5.1	5.27
5.8	5.28
5.1	5.29
5.8	5.30
5.1	5.31
5.8	5.32
5.6	5.33
5.1	5.34
5.8	5.35
5.8	5.36
5.1	5.37
5.2	5.38
5.1	5.39
5.1	5.40
5.1	5.41
5.1	5.42
5.1	5.43
5.3	5.44
5.1	5.45
5.1	5.46
5.4	5.47
5.9	5.48
5.1	5.49
5.9	5.50
5.1	5.51
5.1	5.52
5.9	5.53
5.5	5.54
5.9	5.55
5.8	5.56
5.1	5.57
5.1	5.58
5.1	5.59
5.8	5.60
5.8	5.61
5.1	5.62
5.9	5.63
5.1	5.64
6.5	6.1
6.6	6.2
6.6	6.3
6.7	6.4
6.3	6.5
6.1	6.6
6.6	6.7
6.6	6.8
6.5	6.9
6.5	6.10
6.6	6.11
6.6	6.12
6.6	6.13
6.6	6.14
6.6	6.15
6.6	6.16
6.6	6.17
6.6	6.18
6.5	6.19
6.2	6.20
6.1	6.21
6.6	6.22
6.1	6.23
6.1	6.24
6.6	6.25
6.6	6.26
6.6	6.27
6.6	6.28
6.6	6.29
6.6	6.30
6.4	6.31
6.6	6.32
6.5	6.33
6.6	6.34
6.5	6.35
6.6	6.36
6.7	6.37
6.5	6.38
6.5	6.39
6.6	6.40
6.6	6.41
6.6	6.42
6.6	6.43
6.6	6.44
6.6	6.45
6.6	6.46
6.6	6.47
6.5	6.48
6.6	6.49
6.6	6.50
6.6	6.51
6.5	6.52
6.6	6.53
6.6	6.54
6.7	6.55
6.6	6.56
6.5	6.57
6.5	6.58
6.5	6.59
6.5	6.60
6.5	6.61
6.6	6.62
6.5	6.63
6.6	6.64
7.6	7.1
7.6	7.2
7.12	7.3
7.10	7.4
7.8	7.5
7.8	7.6
7.12	7.7
7.1	7.8
7.8	7.9
7.11	7.10
7.6	7.11
7.12	7.12
7.6	7.13
7.11	7.14
7.12	7.15
7.10	7.16
7.12	7.17
7.6	7.18
7.11	7.19
7.12	7.20
7.6	7.21
7.8	7.22
7.10	7.23
7.12	7.24
7.12	7.25
7.6	7.26
7.7	7.27
7.1	7.28
7.8	7.29
7.6	7.30
7.3	7.31
7.3	7.32
7.3	7.33
7.13	7.34
7.12	7.35
7.2	7.36
7.6	7.37
7.11	7.38
7.8	7.39
7.6	7.40
7.1	7.41
7.8	7.42
7.12	7.43
7.10	7.44
7.11	7.45
7.3	7.46
7.11	7.47
7.11	7.48
7.5	7.49
7.12	7.50
7.9	7.51
7.6	7.52
7.10	7.53
7.1	7.54
7.6	7.55
7.11	7.56
7.12	7.57
7.10	7.58
7.4	7.59
7.7	7.60
7.9	7.61
7.3	7.62
7.3	7.63
7.11	7.64
8.4	8.1
8.4	8.2
8.4	8.3
8.1	8.4
8.5	8.5
8.5	8.6
8.1	8.7
8.5	8.8
8.5	8.9
8.1	8.10
8.5	8.11
8.1	8.12
8.5	8.13
8.5	8.14
8.4	8.15
8.5	8.16
8.3	8.17
8.1	8.18
8.5	8.19
8.5	8.20
8.2	8.21
8.1	8.22
8.5	8.23
8.5	8.24
8.4	8.25
8.4	8.26
8.4	8.27
8.1	8.28
8.1	8.29
8.4	8.30
8.1	8.31
8.1	8.32
8.5	8.33
8.4	8.34
8.5	8.35
8.4	8.36
8.4	8.37
8.4	8.38
8.4	8.39
8.1	8.40
8.4	8.41
8.4	8.42
8.1	8.43
8.5	8.44
8.1	8.45
8.5	8.46
8.5	8.47
8.4	8.48
8.4	8.49
8.4	8.50
8.4	8.51
8.1	8.52
8.4	8.53
8.4	8.54
8.4	8.55
8.1	8.56
8.5	8.57
8.1	8.58
8.1	8.59
8.4	8.60
8.1	8.61
8.4	8.62
8.5	8.63
8.5	8.64
9.5	9.1
9.1	9.2
9.9	9.3
9.9	9.4
9.8	9.5
9.1	9.6
9.1	9.7
9.7	9.8
9.1	9.9
9.8	9.10
9.1	9.11
9.1	9.12
9.8	9.13
9.7	9.14
9.8	9.15
9.9	9.16
9.3	9.17
9.9	9.18
9.9	9.19
9.9	9.20
9.9	9.21
9.1	9.22
9.5	9.23
9.1	9.24
9.5	9.25
9.2	9.26
9.7	9.27
9.7	9.28
9.9	9.29
9.1	9.30
9.9	9.31
9.8	9.32
9.3	9.33
9.9	9.34
9.1	9.35
9.1	9.36
9.7	9.37
9.4	9.38
9.3	9.39
9.6	9.40
9.9	9.41
9.3	9.42
9.5	9.43
9.3	9.44
9.5	9.45
9.6	9.46
9.8	9.47
9.1	9.48
9.7	9.49
9.9	9.50
9.1	9.51
9.9	9.52
9.1	9.53
9.1	9.54
9.7	9.55
9.8	9.56
9.9	9.57
9.7	9.58
9.9	9.59
9.8	9.60
9.1	9.61
9.7	9.62
9.1	9.63
9.8	9.64
10.6	10.1
10.6	10.2
10.5	10.3
10.5	10.4
10.6	10.5
10.6	10.6
10.6	10.7
10.1	10.8
10.5	10.9
10.6	10.10
10.6	10.11
10.5	10.12
10.8	10.13
10.6	10.14
10.6	10.15
10.6	10.16
10.6	10.17
10.6	10.18
10.6	10.19
10.6	10.20
10.8	10.21
10.6	10.22
10.1	10.23
10.6	10.24
10.1	10.25
10.5	10.26
10.1	10.27
10.5	10.28
10.6	10.29
10.5	10.30
10.1	10.31
10.1	10.32
10.3	10.33
10.8	10.34
10.6	10.35
10.1	10.36
10.6	10.37
10.6	10.38
10.5	10.39
10.5	10.40
10.5	10.41
10.2	10.42
10.2	10.43
10.6	10.44
10.5	10.45
10.6	10.46
10.5	10.47
10.8	10.48
10.5	10.49
10.5	10.50
10.5	10.51
10.6	10.52
10.1	10.53
10.6	10.54
10.1	10.55
10.5	10.56
10.5	10.57
10.5	10.58
10.5	10.59
10.7	10.60
10.5	10.61
10.4	10.62
10.6	10.63
10.2	10.64
11.1	11.1
11.4	11.2
11.1	11.3
11.7	11.4
11.7	11.5
11.8	11.6
11.1	11.7
11.7	11.8
11.8	11.9
11.1	11.10
11.7	11.11
11.7	11.12
11.1	11.13
11.7	11.14
11.5	11.15
11.7	11.16
11.9	11.17
11.5	11.18
11.8	11.19
11.1	11.20
11.3	11.21
11.6	11.22
11.7	11.23
11.5	11.24
11.1	11.25
11.1	11.26
11.5	11.27
11.1	11.28
11.1	11.29
11.1	11.30
11.8	11.31
11.1	11.32
11.7	11.33
11.7	11.34
11.7	11.35
11.7	11.36
11.1	11.37
11.1	11.38
11.7	11.39
11.5	11.40
11.8	11.41
11.1	11.42
11.7	11.43
11.7	11.44
11.7	11.45
11.7	11.46
11.7	11.47
11.3	11.48
11.7	11.49
11.1	11.50
11.1	11.51
11.1	11.52
11.1	11.53
11.7	11.54
11.1	11.55
11.5	11.56
11.7	11.57
11.5	11.58
11.2	11.59
11.1	11.60
11.7	11.61
11.7	11.62
11.7	11.63
11.7	11.64
12.1	12.1
12.3	12.2
12.6	12.3
12.2	12.4
12.10	12.5
12.1	12.6
12.7	12.7
12.1	12.8
12.10	12.9
12.5	12.10
12.1	12.11
12.1	12.12
12.1	12.13
12.1	12.14
12.8	12.15
12.1	12.16
12.1	12.17
12.9	12.18
12.1	12.19
12.10	12.20
12.9	12.21
12.1	12.22
12.5	12.23
12.1	12.24
12.1	12.25
12.9	12.26
12.11	12.27
12.10	12.28
12.1	12.29
12.10	12.30
12.10	12.31
12.10	12.32
12.10	12.33
12.1	12.34
12.4	12.35
12.1	12.36
12.10	12.37
12.1	12.38
12.8	12.39
12.1	12.40
12.10	12.41
12.9	12.42
12.10	12.43
12.9	12.44
12.10	12.45
12.1	12.46
12.1	12.47
12.1	12.48
12.9	12.49
12.10	12.50
12.10	12.51
12.10	12.52
12.10	12.53
12.1	12.54
12.6	12.55
12.10	12.56
12.7	12.57
12.10	12.58
12.9	12.59
12.1	12.60
12.1	12.61
12.1	12.62
12.9	12.63
12.10	12.64
13.1	13.1
13.1	13.2
13.1	13.3
13.5	13.4
13.1	13.5
13.1	13.6
13.2	13.7
13.7	13.8
13.3	13.9
13.7	13.10
13.7	13.11
13.1	13.12
13.5	13.13
13.7	13.14
13.7	13.15
13.1	13.16
13.7	13.17
13.7	13.18
13.7	13.19
13.1	13.20
13.1	13.21
13.7	13.22
13.1	13.23
13.7	13.24
13.1	13.25
13.7	13.26
13.1	13.27
13.1	13.28
13.1	13.29
13.7	13.30
13.7	13.31
13.5	13.32
13.5	13.33
13.1	13.34
13.5	13.35
13.7	13.36
13.7	13.37
13.4	13.38
13.1	13.39
13.1	13.40
13.7	13.41
13.8	13.42
13.5	13.43
13.5	13.44
13.1	13.45
13.7	13.46
13.5	13.47
13.7	13.48
13.7	13.49
13.8	13.50
13.1	13.51
13.6	13.52
13.5	13.53
13.1	13.54
13.7	13.55
13.5	13.56
13.5	13.57
13.6	13.58
13.7	13.59
13.5	13.60
13.7	13.61
13.1	13.62
13.1	13.63
13.1	13.64
14.1	14.1
14.1	14.2
14.1	14.3
14.6	14.4
14.6	14.5
14.6	14.6
14.3	14.7
14.6	14.8
14.6	14.9
14.6	14.10
14.1	14.11
14.2	14.12
14.6	14.13
14.1	14.14
14.6	14.15
14.1	14.16
14.5	14.17
14.6	14.18
14.4	14.19
14.1	14.20
14.6	14.21
14.5	14.22
14.5	14.23
14.6	14.24
14.5	14.25
14.6	14.26
14.1	14.27
14.5	14.28
14.5	14.29
14.6	14.30
14.1	14.31
14.6	14.32
14.6	14.33
14.5	14.34
14.1	14.35
14.6	14.36
14.1	14.37
14.1	14.38
14.1	14.39
14.1	14.40
14.6	14.41
14.1	14.42
14.6	14.43
14.6	14.44
14.6	14.45
14.5	14.46
14.6	14.47
14.6	14.48
14.5	14.49
14.1	14.50
14.5	14.51
14.1	14.52
14.1	14.53
14.1	14.54
14.1	14.55
14.1	14.56
14.1	14.57
14.1	14.58
14.5	14.59
14.1	14.60
14.1	14.61
14.6	14.62
14.1	14.63
14.1	14.64
15.1	15.1
15.11	15.2
15.14	15.3
15.11	15.4
15.11	15.5
15.12	15.6
15.11	15.7
15.4	15.8
15.11	15.9
15.11	15.10
15.8	15.11
15.11	15.12
15.15	15.13
15.4	15.14
15.4	15.15
15.11	15.16
15.13	15.17
15.11	15.18
15.11	15.19
15.11	15.20
15.11	15.21
15.4	15.22
15.11	15.23
15.13	15.24
15.11	15.25
15.11	15.26
15.11	15.27
15.13	15.28
15.4	15.29
15.4	15.30
15.4	15.31
15.12	15.32
15.11	15.33
15.12	15.34
15.11	15.35
15.4	15.36
15.7	15.37
15.11	15.38
15.12	15.39
15.4	15.40
15.8	15.41
15.4	15.42
15.11	15.43
15.9	15.44
15.4	15.45
15.15	15.46
15.1	15.47
15.6	15.48
15.4	15.49
15.10	15.50
15.13	15.51
15.13	15.52
15.5	15.53
15.2	15.54
15.11	15.55
15.16	15.56
15.13	15.57
15.1	15.58
15.16	15.59
15.9	15.60
15.3	15.61
15.1	15.62
15.1	15.63
15.12	15.64
16.8	16.1
16.6	16.2
16.8	16.3
16.1	16.4
16.1	16.5
16.1	16.6
16.1	16.7
16.10	16.8
16.1	16.9
16.8	16.10
16.8	16.11
16.10	16.12
16.8	16.13
16.1	16.14
16.1	16.15
16.8	16.16
16.8	16.17
16.1	16.18
16.8	16.19
16.1	16.20
16.1	16.21
16.2	16.22
16.10	16.23
16.8	16.24
16.8	16.25
16.8	16.26
16.1	16.27
16.1	16.28
16.5	16.29
16.1	16.30
16.1	16.31
16.8	16.32
16.10	16.33
16.8	16.34
16.9	16.35
16.1	16.36
16.1	16.37
16.8	16.38
16.1	16.39
16.1	16.40
16.1	16.41
16.5	16.42
16.8	16.43
16.1	16.44
16.7	16.45
16.10	16.46
16.1	16.47
16.4	16.48
16.7	16.49
16.7	16.50
16.1	16.51
16.8	16.52
16.1	16.53
16.8	16.54
16.1	16.55
16.3	16.56
16.1	16.57
16.1	16.58
16.10	16.59
16.1	16.60
16.1	16.61
16.10	16.62
16.8	16.63
16.1	16.64
17.1	17.1
17.10	17.2
17.10	17.3
17.10	17.4
17.10	17.5
17.4	17.6
17.10	17.7
17.10	17.8
17.10	17.9
17.11	17.10
17.1	17.11
17.11	17.12
17.1	17.13
17.11	17.14
17.10	17.15
17.1	17.16
17.8	17.17
17.10	17.18
17.1	17.19
17.10	17.20
17.9	17.21
17.6	17.22
17.8	17.23
17.1	17.24
17.10	17.25
17.10	17.26
17.10	17.27
17.8	17.28
17.10	17.29
17.10	17.30
17.5	17.31
17.10	17.32
17.10	17.33
17.10	17.34
17.7	17.35
17.9	17.36
17.10	17.37
17.2	17.38
17.8	17.39
17.7	17.40
17.1	17.41
17.10	17.42
17.1	17.43
17.1	17.44
17.10	17.45
17.10	17.46
17.6	17.47
17.10	17.48
17.7	17.49
17.11	17.50
17.9	17.51
17.7	17.52
17.10	17.53
17.10	17.54
17.8	17.55
17.3	17.56
17.7	17.57
17.1	17.58
17.10	17.59
17.10	17.60
17.10	17.61
17.7	17.62
17.10	17.63
17.10	17.64
18.4	18.1
18.12	18.2
18.14	18.3
18.9	18.4
18.14	18.5
18.9	18.6
18.14	18.7
18.9	18.8
18.10	18.9
18.1	18.10
18.10	18.11
18.14	18.12
18.14	18.13
18.9	18.14
18.1	18.15
18.10	18.16
18.7	18.17
18.11	18.18
18.14	18.19
18.9	18.20
18.10	18.21
18.9	18.22
18.9	18.23
18.10	18.24
18.9	18.25
18.10	18.26
18.13	18.27
18.1	18.28
18.2	18.29
18.10	18.30
18.10	18.31
18.1	18.32
18.10	18.33
18.10	18.34
18.6	18.35
18.9	18.36
18.10	18.37
18.7	18.38
18.11	18.39
18.10	18.40
18.10	18.41
18.12	18.42
18.5	18.43
18.1	18.44
18.9	18.45
18.13	18.46
18.9	18.47
18.1	18.48
18.7	18.49
18.8	18.50
18.6	18.51
18.9	18.52
18.10	18.53
18.7	18.54
18.12	18.55
18.3	18.56
18.11	18.57
18.13	18.58
18.7	18.59
18.13	18.60
18.10	18.61
18.11	18.62
18.7	18.63
18.10	18.64
19.10	19.1
19.11	19.2
19.3	19.3
19.3	19.4
19.10	19.5
19.11	19.6
19.7	19.7
19.3	19.8
19.11	19.9
19.10	19.10
19.10	19.11
19.6	19.12
19.11	19.13
19.1	19.14
19.10	19.15
19.10	19.16
19.3	19.17
19.11	19.18
19.3	19.19
19.3	19.20
19.4	19.21
19.8	19.22
19.10	19.23
19.3	19.24
19.3	19.25
19.10	19.26
19.9	19.27
19.10	19.28
19.11	19.29
19.10	19.30
19.3	19.31
19.10	19.32
19.3	19.33
19.2	19.34
19.3	19.35
19.3	19.36
19.3	19.37
19.3	19.38
19.10	19.39
19.11	19.40
19.3	19.41
19.11	19.42
19.3	19.43
19.10	19.44
19.3	19.45
19.3	19.46
19.10	19.47
19.3	19.48
19.10	19.49
19.10	19.50
19.10	19.51
19.1	19.52
19.10	19.53
19.11	19.54
19.1	19.55
19.10	19.56
19.10	19.57
19.5	19.58
19.10	19.59
19.10	19.60
19.1	19.61
19.3	19.62
19.3	19.63
19.3	19.64
20.6	20.1
20.9	20.2
20.9	20.3
20.9	20.4
20.9	20.5
20.6	20.6
20.6	20.7
20.6	20.8
20.4	20.9
20.9	20.10
20.9	20.11
20.6	20.12
20.6	20.13
20.6	20.14
20.9	20.15
20.6	20.16
20.6	20.17
20.2	20.18
20.9	20.19
20.1	20.20
20.9	20.21
20.9	20.22
20.6	20.23
20.1	20.24
20.9	20.25
20.9	20.26
20.6	20.27
20.1	20.28
20.6	20.29
20.7	20.30
20.1	20.31
20.3	20.32
20.1	20.33
20.6	20.34
20.9	20.35
20.1	20.36
20.9	20.37
20.6	20.38
20.6	20.39
20.9	20.40
20.9	20.41
20.5	20.42
20.6	20.43
20.6	20.44
20.9	20.45
20.6	20.46
20.6	20.47
20.6	20.48
20.1	20.49
20.6	20.50
20.6	20.51
20.9	20.52
20.9	20.53
20.6	20.54
20.7	20.55
20.8	20.56
20.1	20.57
20.9	20.58
20.6	20.59
20.6	20.60
20.7	20.61
20.4	20.62
20.6	20.63
20.6	20.64
21.6	21.1
21.6	21.2
21.5	21.3
21.6	21.4
21.6	21.5
21.1	21.6
21.1	21.7
21.3	21.8
21.6	21.9
21.6	21.10
21.6	21.11
21.2	21.12
21.1	21.13
21.1	21.14
21.6	21.15
21.1	21.16
21.6	21.17
21.6	21.18
21.1	21.19
21.6	21.20
21.5	21.21
21.4	21.22
21.4	21.23
21.1	21.24
21.6	21.25
21.6	21.26
21.1	21.27
21.1	21.28
21.6	21.29
21.1	21.30
21.6	21.31
21.6	21.32
21.1	21.33
21.5	21.34
21.1	21.35
21.5	21.36
21.1	21.37
21.1	21.38
21.1	21.39
21.6	21.40
21.4	21.41
21.6	21.42
21.6	21.43
21.6	21.44
21.6	21.45
21.1	21.46
21.6	21.47
21.1	21.48
21.6	21.49
21.6	21.50
21.6	21.51
21.6	21.52
21.6	21.53
21.1	21.54
21.6	21.55
21.1	21.56
21.1	21.57
21.5	21.58
21.6	21.59
21.5	21.60
21.4	21.61
21.1	21.62
21.1	21.63
21.5	21.64
22.1	22.1
22.10	22.2
22.10	22.3
22.1	22.4
22.6	22.5
22.6	22.6
22.8	22.7
22.6	22.8
22.1	22.9
22.10	22.10
22.10	22.11
22.10	22.12
22.10	22.13
22.10	22.14
22.7	22.15
22.10	22.16
22.6	22.17
22.10	22.18
22.10	22.19
22.1	22.20
22.8	22.21
22.10	22.22
22.8	22.23
22.1	22.24
22.6	22.25
22.9	22.26
22.1	22.27
22.10	22.28
22.10	22.29
22.10	22.30
22.10	22.31
22.1	22.32
22.8	22.33
22.2	22.34
22.1	22.35
22.10	22.36
22.1	22.37
22.10	22.38
22.10	22.39
22.6	22.40
22.1	22.41
22.1	22.42
22.10	22.43
22.6	22.44
22.10	22.45
22.8	22.46
22.6	22.47
22.6	22.48
22.10	22.49
22.1	22.50
22.10	22.51
22.6	22.52
22.10	22.53
22.10	22.54
22.10	22.55
22.5	22.56
22.10	22.57
22.6	22.58
22.10	22.59
22.10	22.60
22.6	22.61
22.6	22.62
22.3	22.63
22.4	22.64
23.7	23.1
23.10	23.2
23.7	23.3
23.7	23.4
23.11	23.5
23.5	23.6
23.11	23.7
23.1	23.8
23.12	23.9
23.5	23.10
23.5	23.11
23.1	23.12
23.5	23.13
23.11	23.14
23.1	23.15
23.5	23.16
23.5	23.17
23.7	23.18
23.11	23.19
23.5	23.20
23.8	23.21
23.11	23.22
23.5	23.23
23.1	23.24
23.8	23.25
23.11	23.26
23.7	23.27
23.5	23.28
23.5	23.29
23.8	23.30
23.10	23.31
23.7	23.32
23.11	23.33
23.5	23.34
23.11	23.35
23.11	23.36
23.5	23.37
23.11	23.38
23.5	23.39
23.11	23.40
23.7	23.41
23.11	23.42
23.7	23.43
23.2	23.44
23.11	23.45
23.5	23.46
23.4	23.47
23.5	23.48
23.11	23.49
23.9	23.50
23.9	23.51
23.7	23.52
23.1	23.53
23.11	23.54
23.5	23.55
23.3	23.56
23.7	23.57
23.6	23.58
23.5	23.59
23.5	23.60
23.8	23.61
23.1	23.62
23.5	23.63
23.5	23.64
24.4	24.1
24.13	24.2
24.1	24.3
24.12	24.4
24.11	24.5
24.1	24.6
24.7	24.7
24.5	24.8
24.7	24.9
24.3	24.10
24.8	24.11
24.11	24.12
24.7	24.13
24.7	24.14
24.1	24.15
24.7	24.16
24.7	24.17
24.1	24.18
24.1	24.19
24.7	24.20
24.1	24.21
24.7	24.22
24.9	24.23
24.7	24.24
24.10	24.25
24.3	24.26
24.7	24.27
24.7	24.28
24.7	24.29
24.7	24.30
24.14	24.31
24.7	24.32
24.1	24.33
24.1	24.34
24.6	24.35
24.12	24.36
24.7	24.37
24.1	24.38
24.8	24.39
24.1	24.40
24.2	24.41
24.12	24.42
24.1	24.43
24.1	24.44
24.1	24.45
24.11	24.46
24.11	24.47
24.8	24.48
24.7	24.49
24.1	24.50
24.7	24.51
24.1	24.52
24.1	24.53
24.7	24.54
24.1	24.55
24.11	24.56
24.7	24.57
24.7	24.58
24.1	24.59
24.9	24.60
24.1	24.61
24.7	24.62
24.1	24.63
24.1	24.64
25.3	25.1
25.5	25.2
25.3	25.3
25.5	25.4
25.3	25.5
25.3	25.6
25.3	25.7
25.3	25.8
25.5	25.9
25.3	25.10
25.3	25.11
25.3	25.12
25.3	25.13
25.3	25.14
25.3	25.15
25.5	25.16
25.1	25.17
25.3	25.18
25.1	25.19
25.3	25.20
25.5	25.21
25.3	25.22
25.3	25.23
25.3	25.24
25.2	25.25
25.5	25.26
25.1	25.27
25.5	25.28
25.3	25.29
25.5	25.30
25.5	25.31
25.3	25.32
25.5	25.33
25.1	25.34
25.5	25.35
25.3	25.36
25.5	25.37
25.5	25.38
25.3	25.39
25.5	25.40
25.3	25.41
25.3	25.42
25.5	25.43
25.3	25.44
25.3	25.45
25.5	25.46
25.3	25.47
25.3	25.48
25.5	25.49
25.4	25.50
25.5	25.51
25.3	25.52
25.5	25.53
25.3	25.54
25.1	25.55
25.3	25.56
25.3	25.57
25.3	25.58
25.1	25.59
25.3	25.60
25.5	25.61
25.3	25.62
25.5	25.63
25.5	25.64
26.7	26.1
26.5	26.2
26.5	26.3
26.5	26.4
26.5	26.5
26.5	26.6
26.5	26.7
26.1	26.8
26.1	26.9
26.5	26.10
26.5	26.11
26.7	26.12
26.1	26.13
26.1	26.14
26.5	26.15
26.7	26.16
26.4	26.17
26.7	26.18
26.7	26.19
26.7	26.20
26.3	26.21
26.5	26.22
26.1	26.23
26.5	26.24
26.8	26.25
26.6	26.26
26.7	26.27
26.1	26.28
26.5	26.29
26.2	26.30
26.7	26.31
26.7	26.32
26.7	26.33
26.5	26.34
26.7	26.35
26.5	26.36
26.6	26.37
26.5	26.38
26.5	26.39
26.5	26.40
26.5	26.41
26.7	26.42
26.5	26.43
26.5	26.44
26.5	26.45
26.5	26.46
26.5	26.47
26.5	26.48
26.1	26.49
26.7	26.50
26.1	26.51
26.5	26.52
26.7	26.53
26.1	26.54
26.7	26.55
26.3	26.56
26.1	26.57
26.5	26.58
26.7	26.59
26.1	26.60
26.1	26.61
26.6	26.62
26.7	26.63
26.5	26.64
27.5	27.1
27.6	27.2
27.1	27.3
27.1	27.4
27.3	27.5
27.5	27.6
27.1	27.7
27.1	27.8
27.6	27.9
27.1	27.10
27.3	27.11
27.6	27.12
27.3	27.13
27.6	27.14
27.1	27.15
27.1	27.16
27.5	27.17
27.5	27.18
27.4	27.19
27.5	27.20
27.6	27.21
27.6	27.22
27.2	27.23
27.3	27.24
27.1	27.25
27.1	27.26
27.5	27.27
27.3	27.28
27.1	27.29
27.6	27.30
27.5	27.31
27.3	27.32
27.1	27.33
27.6	27.34
27.1	27.35
27.6	27.36
27.6	27.37
27.5	27.38
27.3	27.39
27.6	27.40
27.3	27.41
27.1	27.42
27.6	27.43
27.1	27.44
27.4	27.45
27.1	27.46
27.3	27.47
27.6	27.48
27.5	27.49
27.6	27.50
27.5	27.51
27.6	27.52
27.6	27.53
27.1	27.54
27.1	27.55
27.6	27.56
27.1	27.57
27.6	27.58
27.6	27.59
27.5	27.60
27.3	27.61
27.4	27.62
27.4	27.63
27.6	27.64
28.1	28.1
28.1	28.2
28.9	28.3
28.11	28.4
28.10	28.5
28.11	28.6
28.1	28.7
28.10	28.8
28.1	28.9
28.10	28.10
28.1	28.11
28.11	28.12
28.11	28.13
28.11	28.14
28.11	28.15
28.8	28.16
28.11	28.17
28.11	28.18
28.7	28.19
28.11	28.20
28.11	28.21
28.1	28.22
28.5	28.23
28.11	28.24
28.11	28.25
28.10	28.26
28.10	28.27
28.1	28.28
28.7	28.29
28.11	28.30
28.3	28.31
28.10	28.32
28.11	28.33
28.11	28.34
28.9	28.35
28.3	28.36
28.4	28.37
28.1	28.38
28.3	28.39
28.1	28.40
28.9	28.41
28.7	28.42
28.11	28.43
28.10	28.44
28.2	28.45
28.6	28.46
28.10	28.47
28.5	28.48
28.11	28.49
28.11	28.50
28.1	28.51
28.1	28.52
28.1	28.53
28.7	28.54
28.1	28.55
28.1	28.56
28.3	28.57
28.10	28.58
28.1	28.59
28.5	28.60
28.7	28.61
28.5	28.62
28.1	28.63
28.10	28.64
29.9	29.1
29.9	29.2
29.9	29.3
29.9	29.4
29.1	29.5
29.1	29.6
29.9	29.7
29.1	29.8
29.6	29.9
29.1	29.10
29.6	29.11
29.7	29.12
29.9	29.13
29.9	29.14
29.1	29.15
29.6	29.16
29.5	29.17
29.8	29.18
29.5	29.19
29.9	29.20
29.6	29.21
29.8	29.22
29.1	29.23
29.1	29.24
29.4	29.25
29.8	29.26
29.9	29.27
29.9	29.28
29.1	29.29
29.9	29.30
29.1	29.31
29.2	29.32
29.1	29.33
29.7	29.34
29.9	29.35
29.1	29.36
29.6	29.37
29.9	29.38
29.8	29.39
29.8	29.40
29.1	29.41
29.8	29.42
29.1	29.43
29.9	29.44
29.1	29.45
29.1	29.46
29.3	29.47
29.1	29.48
29.9	29.49
29.9	29.50
29.7	29.51
29.8	29.52
29.8	29.53
29.8	29.54
29.9	29.55
29.9	29.56
29.1	29.57
29.1	29.58
29.9	29.59
29.9	29.60
29.1	29.61
29.9	29.62
29.9	29.63
29.9	29.64
30.16	30.1
30.13	30.2
30.20	30.3
30.6	30.4
30.18	30.5
30.18	30.6
30.11	30.7
30.18	30.8
30.20	30.9
30.18	30.10
30.20	30.11
30.18	30.12
30.18	30.13
30.18	30.14
30.1	30.15
30.18	30.16
30.4	30.17
30.1	30.18
30.1	30.19
30.18	30.20
30.18	30.21
30.19	30.22
30.18	30.23
30.18	30.24
30.1	30.25
30.7	30.26
30.8	30.27
30.15	30.28
30.1	30.29
30.2	30.30
30.20	30.31
30.18	30.32
30.12	30.33
30.14	30.34
30.1	30.35
30.5	30.36
30.16	30.37
30.1	30.38
30.18	30.39
30.1	30.40
30.1	30.41
30.20	30.42
30.1	30.43
30.9	30.44
30.18	30.45
30.1	30.46
30.18	30.47
30.20	30.48
30.18	30.49
30.17	30.50
30.10	30.51
30.18	30.52
30.18	30.53
30.18	30.54
30.18	30.55
30.18	30.56
30.18	30.57
30.1	30.58
30.18	30.59
30.14	30.60
30.3	30.61
30.1	30.62
30.18	30.63
30.18	30.64
31.7	31.1
31.17	31.2
31.17	31.3
31.12	31.4
31.8	31.5
31.7	31.6
31.17	31.7
31.7	31.8
31.7	31.9
31.7	31.10
31.17	31.11
31.17	31.12
31.7	31.13
31.17	31.14
31.7	31.15
31.7	31.16
31.13	31.17
31.7	31.18
31.7	31.19
31.17	31.20
31.17	31.21
31.17	31.22
31.7	31.23
31.7	31.24
31.7	31.25
31.16	31.26
31.1	31.27
31.17	31.28
31.10	31.29
31.7	31.30
31.6	31.31
31.17	31.32
31.17	31.33
31.17	31.34
31.11	31.35
31.4	31.36
31.13	31.37
31.5	31.38
31.17	31.39
31.17	31.40
31.7	31.41
31.17	31.42
31.13	31.43
31.13	31.44
31.3	31.45
31.2	31.46
31.17	31.47
31.16	31.48
31.17	31.49
31.17	31.50
31.9	31.51
31.17	31.52
31.17	31.53
31.17	31.54
31.7	31.55
31.17	31.56
31.7	31.57
31.14	31.58
31.15	31.59
31.17	31.60
31.16	31.61
31.17	31.62
31.7	31.63
31.17	31.64
32.8	32.1
32.8	32.2
32.9	32.3
32.5	32.4
32.4	32.5
32.9	32.6
32.9	32.7
32.9	32.8
32.8	32.9
32.6	32.10
32.6	32.11
32.5	32.12
32.9	32.13
32.8	32.14
32.9	32.15
32.7	32.16
32.9	32.17
32.9	32.18
32.6	32.19
32.4	32.20
32.8	32.21
32.9	32.22
32.4	32.23
32.5	32.24
32.3	32.25
32.9	32.26
32.3	32.27
32.9	32.28
32.3	32.29
32.3	32.30
32.3	32.31
32.8	32.32
32.3	32.33
32.8	32.34
32.3	32.35
32.9	32.36
32.1	32.37
32.3	32.38
32.3	32.39
32.1	32.40
32.3	32.41
32.8	32.42
32.9	32.43
32.2	32.44
32.7	32.45
32.9	32.46
32.6	32.47
32.4	32.48
32.8	32.49
32.4	32.50
32.5	32.51
32.8	32.52
32.3	32.53
32.8	32.54
32.8	32.55
32.3	32.56
32.3	32.57
32.3	32.58
32.3	32.59
32.3	32.60
32.3	32.61
32.3	32.62
32.3	32.63
32.6	32.64
33.9	33.1
33.6	33.2
33.1	33.3
33.1	33.4
33.9	33.5
33.8	33.6
33.4	33.7
33.1	33.8
33.1	33.9
33.1	33.10
33.1	33.11
33.8	33.12
33.1	33.13
33.4	33.14
33.8	33.15
33.7	33.16
33.1	33.17
33.4	33.18
33.2	33.19
33.5	33.20
33.6	33.21
33.8	33.22
33.6	33.23
33.1	33.24
33.6	33.25
33.1	33.26
33.4	33.27
33.8	33.28
33.1	33.29
33.1	33.30
33.1	33.31
33.8	33.32
33.8	33.33
33.1	33.34
33.8	33.35
33.4	33.36
33.1	33.37
33.1	33.38
33.4	33.39
33.1	33.40
33.1	33.41
33.9	33.42
33.4	33.43
33.8	33.44
33.4	33.45
33.8	33.46
33.8	33.47
33.8	33.48
33.4	33.49
33.1	33.50
33.1	33.51
33.1	33.52
33.8	33.53
33.9	33.54
33.9	33.55
33.3	33.56
33.4	33.57
33.4	33.58
33.1	33.59
33.7	33.60
33.8	33.61
33.4	33.62
33.1	33.63
33.4	33.64
34.7	34.1
34.9	34.2
34.8	34.3
34.8	34.4
34.1	34.5
34.8	34.6
34.1	34.7
34.7	34.8
34.1	34.9
34.9	34.10
34.9	34.11
34.8	34.12
34.9	34.13
34.1	34.14
34.1	34.15
34.1	34.16
34.8	34.17
34.8	34.18
34.1	34.19
34.8	34.20
34.9	34.21
34.1	34.22
34.1	34.23
34.1	34.24
34.8	34.25
34.8	34.26
34.7	34.27
34.9	34.28
34.1	34.29
34.7	34.30
34.6	34.31
34.1	34.32
34.8	34.33
34.4	34.34
34.8	34.35
34.9	34.36
34.9	34.37
34.8	34.38
34.9	34.39
34.1	34.40
34.9	34.41
34.7	34.42
34.2	34.43
34.1	34.44
34.5	34.45
34.7	34.46
34.9	34.47
34.1	34.48
34.9	34.49
34.6	34.50
34.9	34.51
34.1	34.52
34.9	34.53
34.9	34.54
34.1	34.55
34.1	34.56
34.7	34.57
34.7	34.58
34.3	34.59
34.1	34.60
34.8	34.61
34.9	34.62
34.7	34.63
34.1	34.64
35.10	35.1
35.6	35.2
35.10	35.3
35.6	35.4
35.6	35.5
35.3	35.6
35.6	35.7
35.6	35.8
35.1	35.9
35.10	35.10
35.10	35.11
35.4	35.12
35.10	35.13
35.6	35.14
35.6	35.15
35.6	35.16
35.1	35.17
35.1	35.18
35.6	35.19
35.10	35.20
35.6	35.21
35.10	35.22
35.9	35.23
35.10	35.24
35.6	35.25
35.6	35.26
35.10	35.27
35.10	35.28
35.6	35.29
35.9	35.30
35.9	35.31
35.10	35.32
35.10	35.33
35.10	35.34
35.10	35.35
35.10	35.36
35.6	35.37
35.1	35.38
35.10	35.39
35.6	35.40
35.6	35.41
35.6	35.42
35.10	35.43
35.5	35.44
35.10	35.45
35.6	35.46
35.6	35.47
35.6	35.48
35.2	35.49
35.6	35.50
35.6	35.51
35.1	35.52
35.6	35.53
35.6	35.54
35.6	35.55
35.6	35.56
35.10	35.57
35.7	35.58
35.10	35.59
35.9	35.60
35.9	35.61
35.1	35.62
35.9	35.63
35.8	35.64
36.7	36.1
36.5	36.2
36.8	36.3
36.6	36.4
36.8	36.5
36.5	36.6
36.5	36.7
36.1	36.8
36.1	36.9
36.5	36.10
36.5	36.11
36.8	36.12
36.1	36.13
36.5	36.14
36.5	36.15
36.5	36.16
36.2	36.17
36.5	36.18
36.5	36.19
36.5	36.20
36.1	36.21
36.5	36.22
36.4	36.23
36.1	36.24
36.5	36.25
36.5	36.26
36.1	36.27
36.5	36.28
36.5	36.29
36.1	36.30
36.5	36.31
36.1	36.32
36.5	36.33
36.5	36.34
36.5	36.35
36.5	36.36
36.6	36.37
36.8	36.38
36.1	36.39
36.6	36.40
36.5	36.41
36.1	36.42
36.1	36.43
36.4	36.44
36.5	36.45
36.1	36.46
36.1	36.47
36.1	36.48
36.5	36.49
36.5	36.50
36.5	36.51
36.1	36.52
36.5	36.53
36.3	36.54
36.5	36.55
36.5	36.56
36.8	36.57
36.5	36.58
36.5	36.59
36.1	36.60
36.5	36.61
36.5	36.62
36.1	36.63
36.1	36.64
37.1	37.1
37.6	37.2
37.1	37.3
37.8	37.4
37.10	37.5
37.1	37.6
37.10	37.7
37.9	37.8
37.10	37.9
37.10	37.10
37.9	37.11
37.7	37.12
37.10	37.13
37.1	37.14
37.10	37.15
37.2	37.16
37.9	37.17
37.1	37.18
37.10	37.19
37.10	37.20
37.7	37.21
37.10	37.22
37.7	37.23
37.10	37.24
37.10	37.25
37.10	37.26
37.5	37.27
37.1	37.28
37.6	37.29
37.10	37.30
37.4	37.31
37.10	37.32
37.10	37.33
37.8	37.34
37.10	37.35
37.7	37.36
37.1	37.37
37.1	37.38
37.6	37.39
37.1	37.40
37.10	37.41
37.10	37.42
37.6	37.43
37.10	37.44
37.1	37.45
37.10	37.46
37.1	37.47
37.1	37.48
37.1	37.49
37.10	37.50
37.4	37.51
37.10	37.52
37.9	37.53
37.8	37.54
37.7	37.55
37.10	37.56
37.9	37.57
37.9	37.58
37.10	37.59
37.10	37.60
37.1	37.61
37.10	37.62
37.9	37.63
37.3	37.64
38.4	38.1
38.5	38.2
38.5	38.3
38.7	38.4
38.7	38.5
38.5	38.6
38.4	38.7
38.7	38.8
38.5	38.9
38.5	38.10
38.5	38.11
38.2	38.12
38.1	38.13
38.6	38.14
38.5	38.15
38.7	38.16
38.4	38.17
38.7	38.18
38.7	38.19
38.5	38.20
38.5	38.21
38.1	38.22
38.5	38.23
38.7	38.24
38.4	38.25
38.7	38.26
38.1	38.27
38.4	38.28
38.1	38.29
38.5	38.30
38.4	38.31
38.4	38.32
38.4	38.33
38.4	38.34
38.7	38.35
38.5	38.36
38.1	38.37
38.7	38.38
38.7	38.39
38.5	38.40
38.4	38.41
38.7	38.42
38.5	38.43
38.6	38.44
38.7	38.45
38.3	38.46
38.7	38.47
38.7	38.48
38.7	38.49
38.7	38.50
38.6	38.51
38.7	38.52
38.5	38.53
38.7	38.54
38.6	38.55
38.5	38.56
38.5	38.57
38.5	38.58
38.4	38.59
38.5	38.60
38.4	38.61
38.4	38.62
38.7	38.63
38.7	38.64
39.1	39.1
39.7	39.2
39.7	39.3
39.1	39.4
39.1	39.5
39.1	39.6
39.7	39.7
39.11	39.8
39.1	39.9
39.7	39.10
39.2	39.11
39.7	39.12
39.6	39.13
39.4	39.14
39.7	39.15
39.8	39.16
39.7	39.17
39.1	39.18
39.6	39.19
39.7	39.20
39.1	39.21
39.7	39.22
39.1	39.23
39.3	39.24
39.1	39.25
39.7	39.26
39.1	39.27
39.10	39.28
39.7	39.29
39.7	39.30
39.1	39.31
39.1	39.32
39.5	39.33
39.7	39.34
39.1	39.35
39.5	39.36
39.7	39.37
39.1	39.38
39.1	39.39
39.1	39.40
39.5	39.41
39.7	39.42
39.9	39.43
39.6	39.44
39.1	39.45
39.7	39.46
39.11	39.47
39.1	39.48
39.1	39.49
39.7	39.50
39.7	39.51
39.10	39.52
39.1	39.53
39.7	39.54
39.7	39.55
39.7	39.56
39.7	39.57
39.1	39.58
39.1	39.59
39.7	39.60
39.10	39.61
39.1	39.62
39.1	39.63
39.7	39.64
40.3	40.1
40.3	40.2
40.3	40.3
40.9	40.4
40.9	40.5
40.11	40.6
40.3	40.7
40.9	40.8
40.11	40.9
40.11	40.10
40.11	40.11
40.3	40.12
40.11	40.13
40.11	40.14
40.11	40.15
40.3	40.16
40.11	40.17
40.5	40.18
40.7	40.19
40.8	40.20
40.11	40.21
40.11	40.22
40.11	40.23
40.3	40.24
40.8	40.25
40.9	40.26
40.8	40.27
40.3	40.28
40.11	40.29
40.5	40.30
40.9	40.31
40.3	40.32
40.11	40.33
40.9	40.34
40.3	40.35
40.11	40.36
40.6	40.37
40.11	40.38
40.3	40.39
40.3	40.40
40.3	40.41
40.11	40.42
40.2	40.43
40.9	40.44
40.3	40.45
40.3	40.46
40.11	40.47
40.4	40.48
40.1	40.49
40.9	40.50
40.3	40.51
40.3	40.52
40.3	40.53
40.9	40.54
40.3	40.55
40.3	40.56
40.11	40.57
40.9	40.58
40.3	40.59
40.6	40.60
40.10	40.61
40.4	40.62
40.10	40.63
40.3	40.64
41.8	41.1
41.1	41.2
41.8	41.3
41.1	41.4
41.1	41.5
41.6	41.6
41.1	41.7
41.1	41.8
41.3	41.9
41.8	41.10
41.8	41.11
41.1	41.12
41.8	41.13
41.8	41.14
41.1	41.15
41.1	41.16
41.1	41.17
41.7	41.18
41.9	41.19
41.8	41.20
41.9	41.21
41.1	41.22
41.1	41.23
41.1	41.24
41.7	41.25
41.1	41.26
41.8	41.27
41.1	41.28
41.8	41.29
41.8	41.30
41.8	41.31
41.8	41.32
41.5	41.33
41.9	41.34
41.1	41.35
41.1	41.36
41.8	41.37
41.8	41.38
41.8	41.39
41.5	41.40
41.6	41.41
41.8	41.42
41.1	41.43
41.8	41.44
41.5	41.45
41.8	41.46
41.9	41.47
41.1	41.48
41.2	41.49
41.8	41.50
41.8	41.51
41.8	41.52
41.1	41.53
41.1	41.54
41.6	41.55
41.8	41.56
41.1	41.57
41.1	41.58
41.8	41.59
41.1	41.60
41.6	41.61
41.8	41.62
41.4	41.63
41.8	41.64
42.1	42.1
42.8	42.2
42.8	42.3
42.1	42.4
42.1	42.5
42.7	42.6
42.9	42.7
42.9	42.8
42.9	42.9
42.6	42.10
42.8	42.11
42.1	42.12
42.8	42.13
42.7	42.14
42.8	42.15
42.6	42.16
42.4	42.17
42.9	42.18
42.7	42.19
42.8	42.20
42.1	42.21
42.7	42.22
42.8	42.23
42.1	42.24
42.8	42.25
42.9	42.26
42.1	42.27
42.9	42.28
42.7	42.29
42.1	42.30
42.9	42.31
42.9	42.32
42.8	42.33
42.1	42.34
42.6	42.35
42.8	42.36
42.6	42.37
42.1	42.38
42.8	42.39
42.4	42.40
42.8	42.41
42.1	42.42
42.6	42.43
42.1	42.44
42.9	42.45
42.1	42.46
42.1	42.47
42.5	42.48
42.7	42.49
42.7	42.50
42.6	42.51
42.9	42.52
42.5	42.53
42.5	42.54
42.2	42.55
42.8	42.56
42.3	42.57
42.9	42.58
42.1	42.59
42.8	42.60
42.9	42.61
42.1	42.62
42.8	42.63
42.8	42.64
43.6	43.1
43.1	43.2
43.1	43.3
43.1	43.4
43.1	43.5
43.7	43.6
43.1	43.7
43.2	43.8
43.8	43.9
43.8	43.10
43.4	43.11
43.1	43.12
43.7	43.13
43.5	43.14
43.1	43.15
43.1	43.16
43.8	43.17
43.1	43.18
43.1	43.19
43.4	43.20
43.8	43.21
43.8	43.22
43.1	43.23
43.8	43.24
43.6	43.25
43.8	43.26
43.8	43.27
43.1	43.28
43.1	43.29
43.6	43.30
43.1	43.31
43.8	43.32
43.8	43.33
43.1	43.34
43.7	43.35
43.7	43.36
43.1	43.37
43.6	43.38
43.6	43.39
43.8	43.40
43.1	43.41
43.1	43.42
43.6	43.43
43.7	43.44
43.4	43.45
43.3	43.46
43.6	43.47
43.6	43.48
43.8	43.49
43.5	43.50
43.4	43.51
43.8	43.52
43.6	43.53
43.8	43.54
43.6	43.55
43.1	43.56
43.4	43.57
43.8	43.58
43.8	43.59
43.8	43.60
43.8	43.61
43.8	43.62
43.8	43.63
43.8	43.64
44.8	44.1
44.7	44.2
44.7	44.3
44.7	44.4
44.6	44.5
44.1	44.6
44.1	44.7
44.5	44.8
44.6	44.9
44.8	44.10
44.8	44.11
44.7	44.12
44.8	44.13
44.6	44.14
44.8	44.15
44.8	44.16
44.3	44.17
44.8	44.18
44.7	44.19
44.1	44.20
44.8	44.21
44.8	44.22
44.1	44.23
44.1	44.24
44.8	44.25
44.8	44.26
44.7	44.27
44.8	44.28
44.1	44.29
44.1	44.30
44.6	44.31
44.6	44.32
44.1	44.33
44.8	44.34
44.8	44.35
44.7	44.36
44.8	44.37
44.8	44.38
44.8	44.39
44.6	44.40
44.7	44.41
44.7	44.42
44.8	44.43
44.8	44.44
44.8	44.45
44.2	44.46
44.1	44.47
44.8	44.48
44.6	44.49
44.4	44.50
44.4	44.51
44.7	44.52
44.4	44.53
44.8	44.54
44.4	44.55
44.7	44.56
44.7	44.57
44.4	44.58
44.6	44.59
44.8	44.60
44.6	44.61
44.7	44.62
44.6	44.63
44.7	44.64
45.1	45.1
45.10	45.2
45.9	45.3
45.10	45.4
45.10	45.5
45.10	45.6
45.1	45.7
45.1	45.8
45.3	45.9
45.9	45.10
45.10	45.11
45.9	45.12
45.9	45.13
45.1	45.14
45.10	45.15
45.10	45.16
45.9	45.17
45.10	45.18
45.10	45.19
45.9	45.20
45.1	45.21
45.5	45.22
45.10	45.23
45.10	45.24
45.10	45.25
45.4	45.26
45.10	45.27
45.10	45.28
45.1	45.29
45.10	45.30
45.10	45.31
45.10	45.32
45.3	45.33
45.1	45.34
45.6	45.35
45.10	45.36
45.7	45.37
45.10	45.38
45.8	45.39
45.6	45.40
45.1	45.41
45.10	45.42
45.1	45.43
45.10	45.44
45.10	45.45
45.10	45.46
45.10	45.47
45.8	45.48
45.10	45.49
45.1	45.50
45.10	45.51
45.1	45.52
45.1	45.53
45.10	45.54
45.10	45.55
45.2	45.56
45.1	45.57
45.1	45.58
45.10	45.59
45.1	45.60
45.1	45.61
45.1	45.62
45.8	45.63
45.10	45.64
46.5	46.1
46.5	46.2
46.6	46.3
46.5	46.4
46.5	46.5
46.5	46.6
46.5	46.7
46.5	46.8
46.5	46.9
46.5	46.10
46.1	46.11
46.1	46.12
46.5	46.13
46.5	46.14
46.5	46.15
46.5	46.16
46.1	46.17
46.1	46.18
46.5	46.19
46.1	46.20
46.1	46.21
46.5	46.22
46.5	46.23
46.1	46.24
46.1	46.25
46.4	46.26
46.5	46.27
46.5	46.28
46.5	46.29
46.5	46.30
46.5	46.31
46.5	46.32
46.5	46.33
46.1	46.34
46.5	46.35
46.5	46.36
46.5	46.37
46.1	46.38
46.5	46.39
46.5	46.40
46.5	46.41
46.2	46.42
46.6	46.43
46.5	46.44
46.5	46.45
46.1	46.46
46.5	46.47
46.5	46.48
46.1	46.49
46.5	46.50
46.6	46.51
46.1	46.52
46.5	46.53
46.3	46.54
46.1	46.55
46.5	46.56
46.1	46.57
46.5	46.58
46.1	46.59
46.5	46.60
46.6	46.61
46.5	46.62
46.5	46.63
46.5	46.64
47.4	47.1
47.6	47.2
47.8	47.3
47.13	47.4
47.10	47.5
47.8	47.6
47.8	47.7
47.4	47.8
47.9	47.9
47.13	47.10
47.4	47.11
47.6	47.12
47.4	47.13
47.4	47.14
47.10	47.15
47.10	47.16
47.6	47.17
47.10	47.18
47.4	47.19
47.13	47.20
47.8	47.21
47.4	47.22
47.10	47.23
47.11	47.24
47.4	47.25
47.13	47.26
47.10	47.27
47.12	47.28
47.4	47.29
47.10	47.30
47.4	47.31
47.10	47.32
47.8	47.33
47.13	47.34
47.10	47.35
47.5	47.36
47.8	47.37
47.4	47.38
47.10	47.39
47.4	47.40
47.4	47.41
47.10	47.42
47.1	47.43
47.10	47.44
47.4	47.45
47.10	47.46
47.10	47.47
47.4	47.48
47.8	47.49
47.4	47.50
47.4	47.51
47.2	47.52
47.10	47.53
47.13	47.54
47.7	47.55
47.10	47.56
47.10	47.57
47.6	47.58
47.10	47.59
47.3	47.60
47.9	47.61
47.4	47.62
47.8	47.63
47.4	47.64
48.4	48.1
48.4	48.2
48.6	48.3
48.4	48.4
48.4	48.5
48.6	48.6
48.4	48.7
48.4	48.8
48.1	48.9
48.6	48.10
48.5	48.11
48.6	48.12
48.6	48.13
48.1	48.14
48.4	48.15
48.4	48.16
48.6	48.17
48.5	48.18
48.4	48.19
48.6	48.20
48.4	48.21
48.1	48.22
48.6	48.23
48.1	48.24
48.6	48.25
48.1	48.26
48.6	48.27
48.4	48.28
48.4	48.29
48.2	48.30
48.6	48.31
48.4	48.32
48.1	48.33
48.6	48.34
48.4	48.35
48.4	48.36
48.1	48.37
48.1	48.38
48.4	48.39
48.6	48.40
48.6	48.41
48.4	48.42
48.4	48.43
48.4	48.44
48.4	48.45
48.1	48.46
48.6	48.47
48.1	48.48
48.1	48.49
48.3	48.50
48.4	48.51
48.6	48.52
48.4	48.53
48.6	48.54
48.6	48.55
48.4	48.56
48.4	48.57
48.4	48.58
48.4	48.59
48.4	48.60
48.4	48.61
48.4	48.62
48.4	48.63
48.6	48.64
49.1	49.1
49.1	49.2
49.5	49.3
49.5	49.4
49.7	49.5
49.5	49.6
49.1	49.7
49.5	49.8
49.12	49.9
49.10	49.10
49.2	49.11
49.6	49.12
49.5	49.13
49.11	49.14
49.12	49.15
49.9	49.16
49.1	49.17
49.4	49.18
49.12	49.19
49.5	49.20
49.1	49.21
49.9	49.22
49.6	49.23
49.5	49.24
49.6	49.25
49.12	49.26
49.6	49.27
49.6	49.28
49.1	49.29
49.1	49.30
49.6	49.31
49.6	49.32
49.9	49.33
49.6	49.34
49.6	49.35
49.1	49.36
49.1	49.37
49.1	49.38
49.6	49.39
49.12	49.40
49.4	49.41
49.10	49.42
49.1	49.43
49.5	49.44
49.1	49.45
49.9	49.46
49.5	49.47
49.5	49.48
49.1	49.49
49.6	49.50
49.3	49.51
49.5	49.52
49.1	49.53
49.4	49.54
49.6	49.55
49.5	49.56
49.11	49.57
49.10	49.58
49.6	49.59
49.6	49.60
49.5	49.61
49.7	49.62
49.13	49.63
49.8	49.64
50.8	50.1
50.8	50.2
50.2	50.3
50.8	50.4
50.2	50.5
50.7	50.6
50.8	50.7
50.8	50.8
50.8	50.9
50.8	50.10
50.2	50.11
50.2	50.12
50.7	50.13
50.8	50.14
50.7	50.15
50.2	50.16
50.2	50.17
50.2	50.18
50.8	50.19
50.2	50.20
50.8	50.21
50.2	50.22
50.2	50.23
50.8	50.24
50.8	50.25
50.2	50.26
50.2	50.27
50.7	50.28
50.8	50.29
50.1	50.30
50.2	50.31
50.8	50.32
50.2	50.33
50.2	50.34
50.8	50.35
50.8	50.36
50.8	50.37
50.8	50.38
50.4	50.39
50.8	50.40
50.8	50.41
50.6	50.42
50.2	50.43
50.2	50.44
50.8	50.45
50.8	50.46
50.8	50.47
50.6	50.48
50.2	50.49
50.7	50.50
50.6	50.51
50.8	50.52
50.2	50.53
50.7	50.54
50.8	50.55
50.8	50.56
50.2	50.57
50.3	50.58
50.8	50.59
50.5	50.60
50.6	50.61
50.8	50.62
50.8	50.63
50.8	50.64
51.1	51.1
51.4	51.2
51.7	51.3
51.6	51.4
51.8	51.5
51.7	51.6
51.7	51.7
51.8	51.8
51.4	51.9
51.4	51.10
51.4	51.11
51.6	51.12
51.7	51.13
51.1	51.14
51.8	51.15
51.7	51.16
51.4	51.17
51.4	51.18
51.7	51.19
51.4	51.20
51.5	51.21
51.7	51.22
51.6	51.23
51.7	51.24
51.6	51.25
51.7	51.26
51.4	51.27
51.3	51.28
51.8	51.29
51.6	51.30
51.7	51.31
51.7	51.32
51.4	51.33
51.2	51.34
51.7	51.35
51.7	51.36
51.1	51.37
51.7	51.38
51.7	51.39
51.7	51.40
51.7	51.41
51.7	51.42
51.6	51.43
51.4	51.44
51.6	51.45
51.4	51.46
51.8	51.47
51.7	51.48
51.4	51.49
51.4	51.50
51.9	51.51
51.6	51.52
51.4	51.53
51.7	51.54
51.7	51.55
51.4	51.56
51.4	51.57
51.3	51.58
51.7	51.59
51.6	51.60
51.4	51.61
51.4	51.62
51.1	51.63
51.6	51.64
52.1	52.1
52.1	52.2
52.8	52.3
52.1	52.4
52.1	52.5
52.1	52.6
52.5	52.7
52.1	52.8
52.1	52.9
52.6	52.10
52.7	52.11
52.1	52.12
52.8	52.13
52.1	52.14
52.8	52.15
52.8	52.16
52.1	52.17
52.8	52.18
52.8	52.19
52.1	52.20
52.7	52.21
52.1	52.22
52.10	52.23
52.8	52.24
52.1	52.25
52.1	52.26
52.1	52.27
52.8	52.28
52.1	52.29
52.8	52.30
52.1	52.31
52.5	52.32
52.7	52.33
52.1	52.34
52.8	52.35
52.8	52.36
52.8	52.37
52.5	52.38
52.8	52.39
52.1	52.40
52.1	52.41
52.5	52.42
52.1	52.43
52.8	52.44
52.8	52.45
52.8	52.46
52.3	52.47
52.8	52.48
52.8	52.49
52.1	52.50
52.5	52.51
52.1	52.52
52.2	52.53
52.4	52.54
52.1	52.55
52.8	52.56
52.4	52.57
52.9	52.58
52.1	52.59
52.7	52.60
52.7	52.61
52.5	52.62
52.1	52.63
52.8	52.64
53.1	53.1
53.5	53.2
53.5	53.3
53.5	53.4
53.1	53.5
53.5	53.6
53.3	53.7
53.6	53.8
53.5	53.9
53.1	53.10
53.5	53.11
53.3	53.12
53.3	53.13
53.3	53.14
53.6	53.15
53.5	53.16
53.1	53.17
53.6	53.18
53.3	53.19
53.1	53.20
53.5	53.21
53.5	53.22
53.5	53.23
53.4	53.24
53.3	53.25
53.1	53.26
53.1	53.27
53.3	53.28
53.3	53.29
53.3	53.30
53.6	53.31
53.5	53.32
53.6	53.33
53.5	53.34
53.3	53.35
53.3	53.36
53.5	53.37
53.3	53.38
53.6	53.39
53.1	53.40
53.3	53.41
53.5	53.42
53.4	53.43
53.5	53.44
53.6	53.45
53.1	53.46
53.5	53.47
53.3	53.48
53.5	53.49
53.3	53.50
53.1	53.51
53.2	53.52
53.1	53.53
53.3	53.54
53.1	53.55
53.5	53.56
53.3	53.57
53.1	53.58
53.1	53.59
53.5	53.60
53.1	53.61
53.5	53.62
53.1	53.63
53.3	53.64
54.1	54.1
54.1	54.2
54.1	54.3
54.1	54.4
54.1	54.5
54.5	54.6
54.1	54.7
54.1	54.8
54.1	54.9
54.1	54.10
54.5	54.11
54.7	54.12
54.4	54.13
54.6	54.14
54.1	54.15
54.1	54.16
54.1	54.17
54.1	54.18
54.1	54.19
54.1	54.20
54.1	54.21
54.1	54.22
54.1	54.23
54.3	54.24
54.8	54.25
54.8	54.26
54.7	54.27
54.7	54.28
54.9	54.29
54.1	54.30
54.1	54.31
54.7	54.32
54.7	54.33
54.1	54.34
54.1	54.35
54.7	54.36
54.1	54.37
54.1	54.38
54.5	54.39
54.9	54.40
54.7	54.41
54.1	54.42
54.4	54.43
54.2	54.44
54.6	54.45
54.7	54.46
54.1	54.47
54.5	54.48
54.1	54.49
54.9	54.50
54.1	54.51
54.7	54.52
54.1	54.53
54.7	54.54
54.7	54.55
54.7	54.56
54.1	54.57
54.7	54.58
54.1	54.59
54.6	54.60
54.1	54.61
54.1	54.62
54.5	54.63
54.1	54.64
55.1	55.1
55.1	55.2
55.4	55.3
55.3	55.4
55.1	55.5
55.3	55.6
55.1	55.7
55.1	55.8
55.4	55.9
55.1	55.10
55.3	55.11
55.3	55.12
55.1	55.13
55.1	55.14
55.1	55.15
55.1	55.16
55.3	55.17
55.1	55.18
55.3	55.19
55.5	55.20
55.1	55.21
55.3	55.22
55.2	55.23
55.1	55.24
55.1	55.25
55.1	55.26
55.1	55.27
55.1	55.28
55.1	55.29
55.3	55.30
55.4	55.31
55.3	55.32
55.1	55.33
55.1	55.34
55.1	55.35
55.3	55.36
55.3	55.37
55.4	55.38
55.1	55.39
55.3	55.40
55.3	55.41
55.1	55.42
55.1	55.43
55.1	55.44
55.1	55.45
55.1	55.46
55.1	55.47
55.3	55.48
55.3	55.49
55.1	55.50
55.1	55.51
55.1	55.52
55.3	55.53
55.1	55.54
55.1	55.55
55.1	55.56
55.1	55.57
55.3	55.58
55.1	55.59
55.3	55.60
55.3	55.61
55.1	55.62
55.1	55.63
55.1	55.64
56.1	56.1
56.1	56.2
56.1	56.3
56.8	56.4
56.6	56.5
56.2	56.6
56.7	56.7
56.8	56.8
56.8	56.9
56.1	56.10
56.8	56.11
56.1	56.12
56.8	56.13
56.8	56.14
56.7	56.15
56.8	56.16
56.1	56.17
56.8	56.18
56.5	56.19
56.8	56.20
56.8	56.21
56.6	56.22
56.8	56.23
56.8	56.24
56.8	56.25
56.8	56.26
56.1	56.27
56.8	56.28
56.1	56.29
56.1	56.30
56.3	56.31
56.5	56.32
56.1	56.33
56.1	56.34
56.1	56.35
56.8	56.36
56.7	56.37
56.7	56.38
56.1	56.39
56.8	56.40
56.5	56.41
56.8	56.42
56.1	56.43
56.1	56.44
56.8	56.45
56.8	56.46
56.1	56.47
56.8	56.48
56.5	56.49
56.1	56.50
56.1	56.51
56.8	56.52
56.6	56.53
56.7	56.54
56.3	56.55
56.8	56.56
56.1	56.57
56.4	56.58
56.4	56.59
56.5	56.60
56.8	56.61
56.1	56.62
56.1	56.63
56.8	56.64
57.7	57.1
57.7	57.2
57.7	57.3
57.7	57.4
57.7	57.5
57.7	57.6
57.7	57.7
57.7	57.8
57.7	57.9
57.7	57.10
57.7	57.11
57.7	57.12
57.7	57.13
57.7	57.14
57.1	57.15
57.7	57.16
57.1	57.17
57.7	57.18
57.7	57.19
57.1	57.20
57.7	57.21
57.4	57.22
57.7	57.23
57.7	57.24
57.7	57.25
57.7	57.26
57.7	57.27
57.7	57.28
57.2	57.29
57.7	57.30
57.7	57.31
57.7	57.32
57.7	57.33
57.7	57.34
57.7	57.35
57.7	57.36
57.3	57.37
57.7	57.38
57.7	57.39
57.1	57.40
57.1	57.41
57.1	57.42
57.7	57.43
57.7	57.44
57.7	57.45
57.7	57.46
57.8	57.47
57.7	57.48
57.8	57.49
57.7	57.50
57.7	57.51
57.1	57.52
57.1	57.53
57.1	57.54
57.7	57.55
57.7	57.56
57.6	57.57
57.1	57.58
57.1	57.59
57.1	57.60
57.5	57.61
57.7	57.62
57.7	57.63
57.1	57.64
58.8	58.1
58.8	58.2
58.1	58.3
58.8	58.4
58.5	58.5
58.8	58.6
58.5	58.7
58.5	58.8
58.8	58.9
58.5	58.10
58.8	58.11
58.5	58.12
58.5	58.13
58.6	58.14
58.8	58.15
58.7	58.16
58.5	58.17
58.5	58.18
58.4	58.19
58.7	58.20
58.5	58.21
58.6	58.22
58.5	58.23
58.8	58.24
58.1	58.25
58.1	58.26
58.5	58.27
58.5	58.28
58.5	58.29
58.8	58.30
58.1	58.31
58.5	58.32
58.5	58.33
58.8	58.34
58.8	58.35
58.1	58.36
58.8	58.37
58.1	58.38
58.1	58.39
58.5	58.40
58.8	58.41
58.5	58.42
58.4	58.43
58.7	58.44
58.5	58.45
58.6	58.46
58.5	58.47
58.8	58.48
58.7	58.49
58.8	58.50
58.7	58.51
58.1	58.52
58.5	58.53
58.3	58.54
58.8	58.55
58.8	58.56
58.5	58.57
58.5	58.58
58.1	58.59
58.7	58.60
58.1	58.61
58.5	58.62
58.5	58.63
58.2	58.64
59.5	59.1
59.5	59.2
59.4	59.3
59.5	59.4
59.1	59.5
59.5	59.6
59.1	59.7
59.5	59.8
59.5	59.9
59.1	59.10
59.5	59.11
59.5	59.12
59.1	59.13
59.5	59.14
59.5	59.15
59.1	59.16
59.4	59.17
59.5	59.18
59.5	59.19
59.4	59.20
59.5	59.21
59.5	59.22
59.5	59.23
59.3	59.24
59.5	59.25
59.5	59.26
59.5	59.27
59.1	59.28
59.5	59.29
59.5	59.30
59.5	59.31
59.3	59.32
59.5	59.33
59.4	59.34
59.1	59.35
59.1	59.36
59.3	59.37
59.3	59.38
59.5	59.39
59.5	59.40
59.4	59.41
59.1	59.42
59.1	59.43
59.5	59.44
59.5	59.45
59.5	59.46
59.1	59.47
59.5	59.48
59.1	59.49
59.5	59.50
59.5	59.51
59.5	59.52
59.1	59.53
59.5	59.54
59.5	59.55
59.5	59.56
59.1	59.57
59.3	59.58
59.5	59.59
59.4	59.60
59.4	59.61
59.5	59.62
59.2	59.63
59.5	59.64
60.1	60.1
60.1	60.2
60.1	60.3
60.1	60.4
60.11	60.5
60.1	60.6
60.10	60.7
60.11	60.8
60.11	60.9
60.11	60.10
60.1	60.11
60.1	60.12
60.11	60.13
60.11	60.14
60.1	60.15
60.11	60.16
60.3	60.17
60.1	60.18
60.5	60.19
60.11	60.20
60.1	60.21
60.1	60.22
60.1	60.23
60.11	60.24
60.11	60.25
60.11	60.26
60.11	60.27
60.10	60.28
60.11	60.29
60.9	60.30
60.11	60.31
60.10	60.32
60.4	60.33
60.11	60.34
60.1	60.35
60.2	60.36
60.8	60.37
60.1	60.38
60.4	60.39
60.4	60.40
60.1	60.41
60.7	60.42
60.11	60.43
60.11	60.44
60.9	60.45
60.1	60.46
60.11	60.47
60.1	60.48
60.7	60.49
60.11	60.50
60.1	60.51
60.1	60.52
60.5	60.53
60.1	60.54
60.1	60.55
60.11	60.56
60.11	60.57
60.6	60.58
60.5	60.59
60.1	60.60
60.5	60.61
60.5	60.62
60.5	60.63
60.10	60.64
61.1	61.1
61.5	61.2
61.4	61.3
61.1	61.4
61.4	61.5
61.4	61.6
61.5	61.7
61.5	61.8
61.4	61.9
61.4	61.10
61.1	61.11
61.5	61.12
61.1	61.13
61.5	61.14
61.1	61.15
61.4	61.16
61.4	61.17
61.1	61.18
61.5	61.19
61.5	61.20
61.4	61.21
61.4	61.22
61.1	61.23
61.3	61.24
61.5	61.25
61.4	61.26
61.1	61.27
61.4	61.28
61.3	61.29
61.4	61.30
61.1	61.31
61.1	61.32
61.1	61.33
61.1	61.34
61.4	61.35
61.5	61.36
61.1	61.37
61.4	61.38
61.5	61.39
61.1	61.40
61.1	61.41
61.1	61.42
61.2	61.43
61.3	61.44
61.5	61.45
61.5	61.46
61.1	61.47
61.3	61.48
61.1	61.49
61.4	61.50
61.5	61.51
61.5	61.52
61.5	61.53
61.5	61.54
61.1	61.55
61.1	61.56
61.1	61.57
61.1	61.58
61.1	61.59
61.1	61.60
61.5	61.61
61.5	61.62
61.1	61.63
61.4	61.64
62.3	62.1
62.3	62.2
62.3	62.3
62.3	62.4
62.6	62.5
62.3	62.6
62.5	62.7
62.6	62.8
62.6	62.9
62.3	62.10
62.3	62.11
62.3	62.12
62.5	62.13
62.6	62.14
62.6	62.15
62.6	62.16
62.3	62.17
62.3	62.18
62.6	62.19
62.3	62.20
62.6	62.21
62.3	62.22
62.2	62.23
62.1	62.24
62.6	62.25
62.6	62.26
62.3	62.27
62.6	62.28
62.6	62.29
62.6	62.30
62.4	62.31
62.6	62.32
62.6	62.33
62.6	62.34
62.6	62.35
62.1	62.36
62.3	62.37
62.1	62.38
62.3	62.39
62.6	62.40
62.3	62.41
62.6	62.42
62.6	62.43
62.3	62.44
62.6	62.45
62.3	62.46
62.3	62.47
62.1	62.48
62.1	62.49
62.3	62.50
62.6	62.51
62.6	62.52
62.4	62.53
62.6	62.54
62.3	62.55
62.1	62.56
62.3	62.57
62.6	62.58
62.6	62.59
62.3	62.60
62.6	62.61
62.6	62.62
62.3	62.63
62.6	62.64
63.6	63.1
63.6	63.2
63.1	63.3
63.1	63.4
63.1	63.5
63.1	63.6
63.1	63.7
63.6	63.8
63.6	63.9
63.1	63.10
63.1	63.11
63.6	63.12
63.1	63.13
63.6	63.14
63.1	63.15
63.1	63.16
63.1	63.17
63.6	63.18
63.6	63.19
63.5	63.20
63.6	63.21
63.6	63.22
63.6	63.23
63.5	63.24
63.1	63.25
63.5	63.26
63.1	63.27
63.1	63.28
63.1	63.29
63.1	63.30
63.1	63.31
63.6	63.32
63.1	63.33
63.6	63.34
63.6	63.35
63.1	63.36
63.8	63.37
63.1	63.38
63.1	63.39
63.1	63.40
63.1	63.41
63.1	63.42
63.2	63.43
63.4	63.44
63.8	63.45
63.5	63.46
63.1	63.47
63.5	63.48
63.5	63.49
63.1	63.50
63.3	63.51
63.7	63.52
63.6	63.53
63.1	63.54
63.1	63.55
63.6	63.56
63.6	63.57
63.6	63.58
63.1	63.59
63.6	63.60
63.1	63.61
63.1	63.62
63.1	63.63
63.6	63.64
64.5	64.1
64.8	64.2
64.1	64.3
64.7	64.4
64.7	64.5
64.6	64.6
64.1	64.7
64.1	64.8
64.1	64.9
64.10	64.10
64.6	64.11
64.1	64.12
64.10	64.13
64.10	64.14
64.1	64.15
64.1	64.16
64.1	64.17
64.1	64.18
64.1	64.19
64.1	64.20
64.1	64.21
64.1	64.22
64.1	64.23
64.10	64.24
64.10	64.25
64.8	64.26
64.10	64.27
64.10	64.28
64.4	64.29
64.1	64.30
64.1	64.31
64.10	64.32
64.1	64.33
64.10	64.34
64.7	64.35
64.10	64.36
64.1	64.37
64.1	64.38
64.3	64.39
64.1	64.40
64.10	64.41
64.10	64.42
64.10	64.43
64.1	64.44
64.10	64.45
64.1	64.46
64.2	64.47
64.1	64.48
64.1	64.49
64.9	64.50
64.7	64.51
64.1	64.52
64.10	64.53
64.10	64.54
64.1	64.55
64.7	64.56
64.1	64.57
64.1	64.58
64.1	64.59
64.1	64.60
64.7	64.61
64.10	64.62
64.1	64.63
64.6	64.64
65.4	65.1
65.7	65.2
65.6	65.3
65.7	65.4
65.4	65.5
65.4	65.6
65.4	65.7
65.7	65.8
65.4	65.9
65.7	65.10
65.7	65.11
65.4	65.12
65.7	65.13
65.7	65.14
65.5	65.15
65.7	65.16
65.1	65.17
65.1	65.18
65.7	65.19
65.4	65.20
65.1	65.21
65.7	65.22
65.4	65.23
65.4	65.24
65.7	65.25
65.4	65.26
65.7	65.27
65.5	65.28
65.2	65.29
65.4	65.30
65.1	65.31
65.4	65.32
65.5	65.33
65.7	65.34
65.1	65.35
65.7	65.36
65.5	65.37
65.7	65.38
65.7	65.39
65.7	65.40
65.7	65.41
65.4	65.42
65.4	65.43
65.7	65.44
65.4	65.45
65.4	65.46
65.4	65.47
65.7	65.48
65.7	65.49
65.4	65.50
65.5	65.51
65.7	65.52
65.4	65.53
65.7	65.54
65.7	65.55
65.3	65.56
65.4	65.57
65.4	65.58
65.7	65.59
65.7	65.60
65.4	65.61
65.7	65.62
65.4	65.63
65.4	65.64
66.1	66.1
66.4	66.2
66.1	66.3
66.1	66.4
66.1	66.5
66.4	66.6
66.1	66.7
66.1	66.8
66.4	66.9
66.1	66.10
66.4	66.11
66.1	66.12
66.3	66.13
66.4	66.14
66.4	66.15
66.1	66.16
66.1	66.17
66.1	66.18
66.8	66.19
66.1	66.20
66.1	66.21
66.4	66.22
66.8	66.23
66.8	66.24
66.1	66.25
66.1	66.26
66.1	66.27
66.1	66.28
66.4	66.29
66.4	66.30
66.8	66.31
66.4	66.32
66.8	66.33
66.8	66.34
66.8	66.35
66.5	66.36
66.8	66.37
66.8	66.38
66.4	66.39
66.1	66.40
66.4	66.41
66.1	66.42
66.4	66.43
66.8	66.44
66.6	66.45
66.4	66.46
66.4	66.47
66.1	66.48
66.6	66.49
66.8	66.50
66.8	66.51
66.8	66.52
66.6	66.53
66.7	66.54
66.4	66.55
66.8	66.56
66.4	66.57
66.6	66.58
66.8	66.59
66.5	66.60
66.4	66.61
66.1	66.62
66.2	66.63
66.8	66.64
67.1	67.1
67.4	67.2
67.4	67.3
67.4	67.4
67.1	67.5
67.4	67.6
67.4	67.7
67.4	67.8
67.1	67.9
67.4	67.10
67.1	67.11
67.4	67.12
67.4	67.13
67.5	67.14
67.4	67.15
67.1	67.16
67.1	67.17
67.4	67.18
67.4	67.19
67.1	67.20
67.4	67.21
67.1	67.22
67.5	67.23
67.5	67.24
67.1	67.25
67.4	67.26
67.4	67.27
67.4	67.28
67.4	67.29
67.4	67.30
67.2	67.31
67.4	67.32
67.1	67.33
67.4	67.34
67.4	67.35
67.1	67.36
67.4	67.37
67.4	67.38
67.4	67.39
67.1	67.40
67.4	67.41
67.4	67.42
67.1	67.43
67.1	67.44
67.3	67.45
67.4	67.46
67.4	67.47
67.4	67.48
67.1	67.49
67.1	67.50
67.4	67.51
67.1	67.52
67.1	67.53
67.4	67.54
67.4	67.55
67.4	67.56
67.4	67.57
67.4	67.58
67.1	67.59
67.1	67.60
67.1	67.61
67.1	67.62
67.1	67.63
67.1	67.64
68.4	68.1
68.4	68.2
68.6	68.3
68.4	68.4
68.4	68.5
68.1	68.6
68.4	68.7
68.6	68.8
68.3	68.9
68.6	68.10
68.4	68.11
68.3	68.12
68.6	68.13
68.4	68.14
68.4	68.15
68.1	68.16
68.6	68.17
68.6	68.18
68.6	68.19
68.1	68.20
68.6	68.21
68.1	68.22
68.4	68.23
68.1	68.24
68.4	68.25
68.4	68.26
68.6	68.27
68.3	68.28
68.3	68.29
68.4	68.30
68.4	68.31
68.4	68.32
68.3	68.33
68.4	68.34
68.4	68.35
68.3	68.36
68.5	68.37
68.4	68.38
68.4	68.39
68.4	68.40
68.4	68.41
68.6	68.42
68.6	68.43
68.6	68.44
68.1	68.45
68.3	68.46
68.1	68.47
68.6	68.48
68.6	68.49
68.6	68.50
68.2	68.51
68.4	68.52
68.4	68.53
68.6	68.54
68.4	68.55
68.6	68.56
68.6	68.57
68.1	68.58
68.6	68.59
68.4	68.60
68.4	68.61
68.6	68.62
68.6	68.63
68.6	68.64
69.1	69.1
69.6	69.2
69.9	69.3
69.9	69.4
69.9	69.5
69.4	69.6
69.1	69.7
69.11	69.8
69.9	69.9
69.9	69.10
69.10	69.11
69.10	69.12
69.6	69.13
69.10	69.14
69.2	69.15
69.5	69.16
69.1	69.17
69.1	69.18
69.1	69.19
69.1	69.20
69.7	69.21
69.5	69.22
69.1	69.23
69.6	69.24
69.7	69.25
69.1	69.26
69.6	69.27
69.5	69.28
69.9	69.29
69.4	69.30
69.9	69.31
69.5	69.32
69.9	69.33
69.6	69.34
69.9	69.35
69.6	69.36
69.6	69.37
69.5	69.38
69.9	69.39
69.10	69.40
69.9	69.41
69.10	69.42
69.8	69.43
69.1	69.44
69.4	69.45
69.10	69.46
69.9	69.47
69.9	69.48
69.9	69.49
69.6	69.50
69.9	69.51
69.6	69.52
69.1	69.53
69.10	69.54
69.5	69.55
69.1	69.56
69.6	69.57
69.9	69.58
69.1	69.59
69.3	69.60
69.1	69.61
69.9	69.62
69.5	69.63
69.5	69.64
70.2	70.1
70.9	70.2
70.9	70.3
70.9	70.4
70.9	70.5
70.3	70.6
70.8	70.7
70.2	70.8
70.9	70.9
70.9	70.10
70.9	70.11
70.2	70.12
70.9	70.13
70.6	70.14
70.2	70.15
70.6	70.16
70.2	70.17
70.2	70.18
70.2	70.19
70.9	70.20
70.9	70.21
70.9	70.22
70.9	70.23
70.2	70.24
70.7	70.25
70.7	70.26
70.2	70.27
70.9	70.28
70.2	70.29
70.9	70.30
70.2	70.31
70.4	70.32
70.1	70.33
70.5	70.34
70.9	70.35
70.9	70.36
70.9	70.37
70.9	70.38
70.9	70.39
70.2	70.40
70.9	70.41
70.2	70.42
70.6	70.43
70.6	70.44
70.7	70.45
70.9	70.46
70.9	70.47
70.2	70.48
70.2	70.49
70.2	70.50
70.2	70.51
70.2	70.52
70.7	70.53
70.8	70.54
70.2	70.55
70.5	70.56
70.6	70.57
70.2	70.58
70.9	70.59
70.2	70.60
70.9	70.61
70.2	70.62
70.9	70.63
70.9	70.64
71.4	71.1
71.2	71.2
71.5	71.3
71.5	71.4
71.2	71.5
71.2	71.6
71.5	71.7
71.2	71.8
71.5	71.9
71.2	71.10
71.5	71.11
71.2	71.12
71.2	71.13
71.5	71.14
71.2	71.15
71.2	71.16
71.5	71.17
71.5	71.18
71.2	71.19
71.2	71.20
71.2	71.21
71.6	71.22
71.5	71.23
71.2	71.24
71.4	71.25
71.7	71.26
71.7	71.27
71.2	71.28
71.2	71.29
71.2	71.30
71.5	71.31
71.2	71.32
71.6	71.33
71.7	71.34
71.2	71.35
71.1	71.36
71.5	71.37
71.5	71.38
71.5	71.39
71.7	71.40
71.7	71.41
71.7	71.42
71.5	71.43
71.3	71.44
71.5	71.45
71.2	71.46
71.2	71.47
71.5	71.48
71.7	71.49
71.7	71.50
71.5	71.51
71.7	71.52
71.7	71.53
71.5	71.54
71.5	71.55
71.2	71.56
71.7	71.57
71.4	71.58
71.7	71.59
71.3	71.60
71.5	71.61
71.5	71.62
71.2	71.63
71.5	71.64
72.4	72.1
72.3	72.2
72.4	72.3
72.4	72.4
72.1	72.5
72.1	72.6
72.4	72.7
72.4	72.8
72.4	72.9
72.4	72.10
72.4	72.11
72.2	72.12
72.4	72.13
72.1	72.14
72.1	72.15
72.1	72.16
72.4	72.17
72.5	72.18
72.4	72.19
72.1	72.20
72.1	72.21
72.1	72.22
72.1	72.23
72.1	72.24
72.1	72.25
72.1	72.26
72.1	72.27
72.1	72.28
72.4	72.29
72.5	72.30
72.4	72.31
72.4	72.32
72.4	72.33
72.1	72.34
72.1	72.35
72.4	72.36
72.4	72.37
72.4	72.38
72.1	72.39
72.1	72.40
72.1	72.41
72.4	72.42
72.1	72.43
72.4	72.44
72.4	72.45
72.1	72.46
72.4	72.47
72.5	72.48
72.1	72.49
72.3	72.50
72.4	72.51
72.4	72.52
72.4	72.53
72.1	72.54
72.1	72.55
72.3	72.56
72.4	72.57
72.1	72.58
72.4	72.59
72.3	72.60
72.4	72.61
72.1	72.62
72.3	72.63
72.4	72.64
73.8	73.1
73.3	73.2
73.8	73.3
73.6	73.4
73.2	73.5
73.8	73.6
73.3	73.7
73.8	73.8
73.8	73.9
73.6	73.10
73.3	73.11
73.3	73.12
73.1	73.13
73.6	73.14
73.6	73.15
73.8	73.16
73.6	73.17
73.8	73.18
73.3	73.19
73.6	73.20
73.8	73.21
73.3	73.22
73.3	73.23
73.7	73.24
73.8	73.25
73.6	73.26
73.8	73.27
73.5	73.28
73.1	73.29
73.6	73.30
73.1	73.31
73.8	73.32
73.6	73.33
73.3	73.34
73.8	73.35
73.6	73.36
73.1	73.37
73.8	73.38
73.1	73.39
73.3	73.40
73.6	73.41
73.6	73.42
73.3	73.43
73.7	73.44
73.6	73.45
73.1	73.46
73.3	73.47
73.7	73.48
73.8	73.49
73.3	73.50
73.6	73.51
73.6	73.52
73.6	73.53
73.1	73.54
73.1	73.55
73.1	73.56
73.8	73.57
73.8	73.58
73.1	73.59
73.8	73.60
73.8	73.61
73.8	73.62
73.4	73.63
73.3	73.64
74.5	74.1
74.7	74.2
74.5	74.3
74.1	74.4
74.5	74.5
74.7	74.6
74.1	74.7
74.8	74.8
74.5	74.9
74.7	74.10
74.5	74.11
74.5	74.12
74.5	74.13
74.5	74.14
74.5	74.15
74.7	74.16
74.5	74.17
74.5	74.18
74.7	74.19
74.5	74.20
74.7	74.21
74.1	74.22
74.7	74.23
74.5	74.24
74.7	74.25
74.1	74.26
74.1	74.27
74.7	74.28
74.5	74.29
74.5	74.30
74.5	74.31
74.7	74.32
74.5	74.33
74.7	74.34
74.7	74.35
74.5	74.36
74.1	74.37
74.7	74.38
74.7	74.39
74.7	74.40
74.6	74.41
74.7	74.42
74.5	74.43
74.5	74.44
74.5	74.45
74.6	74.46
74.7	74.47
74.7	74.48
74.8	74.49
74.3	74.50
74.4	74.51
74.1	74.52
74.5	74.53
74.7	74.54
74.6	74.55
74.1	74.56
74.7	74.57
74.5	74.58
74.7	74.59
74.2	74.60
74.7	74.61
74.1	74.62
74.7	74.63
74.8	74.64
75.9	75.1
75.1	75.2
75.1	75.3
75.9	75.4
75.1	75.5
75.9	75.6
75.5	75.7
75.1	75.8
75.1	75.9
75.1	75.10
75.9	75.11
75.9	75.12
75.9	75.13
75.1	75.14
75.9	75.15
75.5	75.16
75.7	75.17
75.9	75.18
75.1	75.19
75.2	75.20
75.9	75.21
75.9	75.22
75.9	75.23
75.3	75.24
75.4	75.25
75.9	75.26
75.5	75.27
75.9	75.28
75.4	75.29
75.5	75.30
75.1	75.31
75.9	75.32
75.9	75.33
75.1	75.34
75.9	75.35
75.9	75.36
75.1	75.37
75.1	75.38
75.4	75.39
75.9	75.40
75.1	75.41
75.1	75.42
75.1	75.43
75.5	75.44
75.6	75.45
75.6	75.46
75.4	75.47
75.1	75.48
75.1	75.49
75.5	75.50
75.5	75.51
75.7	75.52
75.1	75.53
75.1	75.54
75.1	75.55
75.5	75.56
75.8	75.57
75.1	75.58
75.9	75.59
75.9	75.60
75.7	75.61
75.5	75.62
75.7	75.63
75.1	75.64
76.6	76.1
76.1	76.2
76.6	76.3
76.1	76.4
76.1	76.5
76.1	76.6
76.1	76.7
76.1	76.8
76.1	76.9
76.5	76.10
76.1	76.11
76.1	76.12
76.6	76.13
76.6	76.14
76.1	76.15
76.6	76.16
76.6	76.17
76.1	76.18
76.1	76.19
76.1	76.20
76.3	76.21
76.1	76.22
76.6	76.23
76.6	76.24
76.1	76.25
76.1	76.26
76.1	76.27
76.1	76.28
76.1	76.29
76.1	76.30
76.6	76.31
76.6	76.32
76.1	76.33
76.1	76.34
76.1	76.35
76.5	76.36
76.1	76.37
76.1	76.38
76.1	76.39
76.6	76.40
76.6	76.41
76.1	76.42
76.6	76.43
76.5	76.44
76.1	76.45
76.6	76.46
76.1	76.47
76.6	76.48
76.6	76.49
76.5	76.50
76.1	76.51
76.6	76.52
76.6	76.53
76.5	76.54
76.2	76.55
76.1	76.56
76.1	76.57
76.1	76.58
76.1	76.59
76.1	76.60
76.6	76.61
76.4	76.62
76.6	76.63
76.1	76.64
77.7	77.1
77.1	77.2
77.11	77.3
77.5	77.4
77.11	77.5
77.11	77.6
77.11	77.7
77.5	77.8
77.11	77.9
77.10	77.10
77.5	77.11
77.10	77.12
77.11	77.13
77.11	77.14
77.5	77.15
77.5	77.16
77.2	77.17
77.5	77.18
77.11	77.19
77.6	77.20
77.10	77.21
77.11	77.22
77.5	77.23
77.11	77.24
77.11	77.25
77.5	77.26
77.12	77.27
77.5	77.28
77.3	77.29
77.10	77.30
77.11	77.31
77.11	77.32
77.10	77.33
77.3	77.34
77.1	77.35
77.5	77.36
77.11	77.37
77.5	77.38
77.12	77.39
77.12	77.40
77.10	77.41
77.11	77.42
77.11	77.43
77.5	77.44
77.9	77.45
77.1	77.46
77.9	77.47
77.8	77.48
77.11	77.49
77.7	77.50
77.5	77.51
77.10	77.52
77.3	77.53
77.4	77.54
77.5	77.55
77.6	77.56
77.1	77.57
77.11	77.58
77.5	77.59
77.11	77.60
77.5	77.61
77.11	77.62
77.11	77.63
77.5	77.64
78.9	78.1
78.7	78.2
78.11	78.3
78.10	78.4
78.1	78.5
78.7	78.6
78.1	78.7
78.2	78.8
78.5	78.9
78.1	78.10
78.12	78.11
78.7	78.12
78.9	78.13
78.10	78.14
78.11	78.15
78.1	78.16
78.1	78.17
78.9	78.18
78.11	78.19
78.5	78.20
78.5	78.21
78.11	78.22
78.1	78.23
78.11	78.24
78.10	78.25
78.5	78.26
78.1	78.27
78.11	78.28
78.11	78.29
78.11	78.30
78.1	78.31
78.11	78.32
78.10	78.33
78.11	78.34
78.1	78.35
78.11	78.36
78.6	78.37
78.10	78.38
78.1	78.39
78.7	78.40
78.1	78.41
78.11	78.42
78.4	78.43
78.11	78.44
78.1	78.45
78.1	78.46
78.3	78.47
78.11	78.48
78.1	78.49
78.7	78.50
78.7	78.51
78.11	78.52
78.9	78.53
78.10	78.54
78.11	78.55
78.9	78.56
78.11	78.57
78.1	78.58
78.10	78.59
78.8	78.60
78.1	78.61
78.10	78.62
78.11	78.63
78.1	78.64
79.1	79.1
79.1	79.2
79.1	79.3
79.4	79.4
79.4	79.5
79.4	79.6
79.4	79.7
79.4	79.8
79.4	79.9
79.4	79.10
79.4	79.11
79.1	79.12
79.4	79.13
79.3	79.14
79.8	79.15
79.4	79.16
79.1	79.17
79.8	79.18
79.4	79.19
79.8	79.20
79.1	79.21
79.4	79.22
79.4	79.23
79.4	79.24
79.4	79.25
79.1	79.26
79.1	79.27
79.1	79.28
79.4	79.29
79.8	79.30
79.4	79.31
79.4	79.32
79.6	79.33
79.6	79.34
79.8	79.35
79.7	79.36
79.1	79.37
79.2	79.38
79.1	79.39
79.4	79.40
79.1	79.41
79.6	79.42
79.1	79.43
79.9	79.44
79.9	79.45
79.8	79.46
79.4	79.47
79.8	79.48
79.9	79.49
79.5	79.50
79.1	79.51
79.4	79.52
79.4	79.53
79.4	79.54
79.4	79.55
79.4	79.56
79.6	79.57
79.9	79.58
79.8	79.59
79.4	79.60
79.4	79.61
79.8	79.62
79.4	79.63
79.4	79.64
80.1	80.1
80.1	80.2
80.5	80.3
80.1	80.4
80.1	80.5
80.6	80.6
80.1	80.7
80.2	80.8
80.6	80.9
80.6	80.10
80.6	80.11
80.1	80.12
80.6	80.13
80.6	80.14
80.5	80.15
80.1	80.16
80.1	80.17
80.6	80.18
80.1	80.19
80.1	80.20
80.5	80.21
80.6	80.22
80.1	80.23
80.6	80.24
80.6	80.25
80.1	80.26
80.1	80.27
80.6	80.28
80.1	80.29
80.1	80.30
80.6	80.31
80.5	80.32
80.1	80.33
80.6	80.34
80.1	80.35
80.1	80.36
80.1	80.37
80.6	80.38
80.1	80.39
80.1	80.40
80.6	80.41
80.1	80.42
80.1	80.43
80.5	80.44
80.6	80.45
80.6	80.46
80.6	80.47
80.1	80.48
80.6	80.49
80.5	80.50
80.1	80.51
80.6	80.52
80.1	80.53
80.4	80.54
80.1	80.55
80.1	80.56
80.1	80.57
80.1	80.58
80.6	80.59
80.1	80.60
80.6	80.61
80.3	80.62
80.1	80.63
80.1	80.64
81.5	81.1
81.3	81.2
81.3	81.3
81.1	81.4
81.3	81.5
81.1	81.6
81.1	81.7
81.3	81.8
81.3	81.9
81.3	81.10
81.1	81.11
81.1	81.12
81.5	81.13
81.3	81.14
81.1	81.15
81.3	81.16
81.1	81.17
81.3	81.18
81.4	81.19
81.5	81.20
81.1	81.21
81.1	81.22
81.3	81.23
81.3	81.24
81.1	81.25
81.1	81.26
81.5	81.27
81.5	81.28
81.1	81.29
81.5	81.30
81.3	81.31
81.1	81.32
81.1	81.33
81.1	81.34
81.3	81.35
81.1	81.36
81.3	81.37
81.1	81.38
81.1	81.39
81.4	81.40
81.4	81.41
81.3	81.42
81.3	81.43
81.3	81.44
81.3	81.45
81.1	81.46
81.1	81.47
81.3	81.48
81.1	81.49
81.3	81.50
81.5	81.51
81.3	81.52
81.5	81.53
81.1	81.54
81.3	81.55
81.5	81.56
81.3	81.57
81.3	81.58
81.4	81.59
81.1	81.60
81.5	81.61
81.2	81.62
81.3	81.63
81.5	81.64
82.7	82.1
82.7	82.2
82.8	82.3
82.7	82.4
82.6	82.5
82.5	82.6
82.1	82.7
82.8	82.8
82.1	82.9
82.5	82.10
82.8	82.11
82.1	82.12
82.1	82.13
82.8	82.14
82.7	82.15
82.1	82.16
82.6	82.17
82.8	82.18
82.8	82.19
82.7	82.20
82.5	82.21
82.7	82.22
82.2	82.23
82.5	82.24
82.1	82.25
82.6	82.26
82.7	82.27
82.1	82.28
82.6	82.29
82.1	82.30
82.8	82.31
82.7	82.32
82.8	82.33
82.6	82.34
82.7	82.35
82.1	82.36
82.8	82.37
82.7	82.38
82.1	82.39
82.1	82.40
82.6	82.41
82.7	82.42
82.8	82.43
82.1	82.44
82.1	82.45
82.8	82.46
82.8	82.47
82.1	82.48
82.7	82.49
82.5	82.50
82.7	82.51
82.6	82.52
82.7	82.53
82.7	82.54
82.7	82.55
82.6	82.56
82.3	82.57
82.8	82.58
82.6	82.59
82.7	82.60
82.8	82.61
82.4	82.62
82.7	82.63
82.7	82.64
83.8	83.1
83.1	83.2
83.8	83.3
83.8	83.4
83.7	83.5
83.11	83.6
83.5	83.7
83.5	83.8
83.8	83.9
83.5	83.10
83.3	83.11
83.8	83.12
83.8	83.13
83.9	83.14
83.8	83.15
83.8	83.16
83.11	83.17
83.8	83.18
83.1	83.19
83.8	83.20
83.1	83.21
83.10	83.22
83.8	83.23
83.11	83.24
83.10	83.25
83.8	83.26
83.8	83.27
83.11	83.28
83.6	83.29
83.1	83.30
83.8	83.31
83.2	83.32
83.11	83.33
83.9	83.34
83.8	83.35
83.11	83.36
83.8	83.37
83.8	83.38
83.4	83.39
83.1	83.40
83.11	83.41
83.8	83.42
83.5	83.43
83.8	83.44
83.8	83.45
83.1	83.46
83.1	83.47
83.8	83.48
83.8	83.49
83.1	83.50
83.1	83.51
83.1	83.52
83.1	83.53
83.1	83.54
83.8	83.55
83.1	83.56
83.5	83.57
83.1	83.58
83.1	83.59
83.8	83.60
83.1	83.61
83.8	83.62
83.8	83.63
83.5	83.64
84.14	84.1
84.5	84.2
84.14	84.3
84.12	84.4
84.1	84.5
84.12	84.6
84.7	84.7
84.7	84.8
84.11	84.9
84.11	84.10
84.1	84.11
84.11	84.12
84.1	84.13
84.13	84.14
84.1	84.15
84.14	84.16
84.1	84.17
84.6	84.18
84.8	84.19
84.14	84.20
84.1	84.21
84.9	84.22
84.14	84.23
84.14	84.24
84.12	84.25
84.12	84.26
84.8	84.27
84.1	84.28
84.12	84.29
84.1	84.30
84.1	84.31
84.14	84.32
84.7	84.33
84.12	84.34
84.12	84.35
84.9	84.36
84.8	84.37
84.14	84.38
84.14	84.39
84.12	84.40
84.14	84.41
84.14	84.42
84.10	84.43
84.13	84.44
84.9	84.45
84.12	84.46
84.12	84.47
84.8	84.48
84.1	84.49
84.1	84.50
84.2	84.51
84.12	84.52
84.1	84.53
84.4	84.54
84.1	84.55
84.1	84.56
84.1	84.57
84.14	84.58
84.12	84.59
84.3	84.60
84.1	84.61
84.14	84.62
84.9	84.63
84.1	84.64
85.1	85.1
85.1	85.2
85.1	85.3
85.1	85.4
85.1	85.5
85.1	85.6
85.1	85.7
85.1	85.8
85.1	85.9
85.1	85.10
85.1	85.11
85.2	85.12
85.3	85.13
85.4	85.14
85.4	85.15
85.1	85.16
85.1	85.17
85.1	85.18
85.4	85.19
85.1	85.20
85.1	85.21
85.4	85.22
85.1	85.23
85.1	85.24
85.4	85.25
85.1	85.26
85.1	85.27
85.1	85.28
85.3	85.29
85.1	85.30
85.4	85.31
85.1	85.32
85.1	85.33
85.1	85.34
85.1	85.35
85.4	85.36
85.1	85.37
85.1	85.38
85.4	85.39
85.4	85.40
85.1	85.41
85.4	85.42
85.1	85.43
85.1	85.44
85.4	85.45
85.1	85.46
85.1	85.47
85.1	85.48
85.1	85.49
85.1	85.50
85.1	85.51
85.1	85.52
85.1	85.53
85.1	85.54
85.1	85.55
85.1	85.56
85.1	85.57
85.4	85.58
85.4	85.59
85.1	85.60
85.1	85.61
85.4	85.62
85.4	85.63
85.1	85.64
86.7	86.1
86.5	86.2
86.5	86.3
86.5	86.4
86.5	86.5
86.1	86.6
86.1	86.7
86.5	86.8
86.6	86.9
86.6	86.10
86.7	86.11
86.4	86.12
86.5	86.13
86.1	86.14
86.3	86.15
86.1	86.16
86.6	86.17
86.5	86.18
86.1	86.19
86.1	86.20
86.5	86.21
86.1	86.22
86.6	86.23
86.5	86.24
86.1	86.25
86.5	86.26
86.3	86.27
86.1	86.28
86.5	86.29
86.7	86.30
86.6	86.31
86.5	86.32
86.1	86.33
86.1	86.34
86.2	86.35
86.6	86.36
86.6	86.37
86.1	86.38
86.5	86.39
86.4	86.40
86.1	86.41
86.6	86.42
86.6	86.43
86.6	86.44
86.5	86.45
86.5	86.46
86.6	86.47
86.7	86.48
86.6	86.49
86.3	86.50
86.5	86.51
86.1	86.52
86.6	86.53
86.6	86.54
86.6	86.55
86.1	86.56
86.6	86.57
86.6	86.58
86.6	86.59
86.6	86.60
86.6	86.61
86.5	86.62
86.5	86.63
86.5	86.64
87.4	87.1
87.1	87.2
87.1	87.3
87.6	87.4
87.4	87.5
87.1	87.6
87.1	87.7
87.1	87.8
87.4	87.9
87.1	87.10
87.4	87.11
87.1	87.12
87.1	87.13
87.5	87.14
87.1	87.15
87.1	87.16
87.1	87.17
87.1	87.18
87.1	87.19
87.1	87.20
87.1	87.21
87.1	87.22
87.1	87.23
87.1	87.24
87.4	87.25
87.5	87.26
87.1	87.27
87.1	87.28
87.3	87.29
87.4	87.30
87.4	87.31
87.1	87.32
87.6	87.33
87.1	87.34
87.2	87.35
87.1	87.36
87.4	87.37
87.4	87.38
87.4	87.39
87.1	87.40
87.1	87.41
87.1	87.42
87.4	87.43
87.4	87.44
87.1	87.45
87.4	87.46
87.4	87.47
87.1	87.48
87.4	87.49
87.5	87.50
87.4	87.51
87.4	87.52
87.1	87.53
87.4	87.54
87.1	87.55
87.1	87.56
87.4	87.57
87.4	87.58
87.1	87.59
87.4	87.60
87.4	87.61
87.5	87.62
87.1	87.63
87.4	87.64
88.2	88.1
88.2	88.2
88.4	88.3
88.4	88.4
88.6	88.5
88.2	88.6
88.6	88.7
88.6	88.8
88.6	88.9
88.5	88.10
88.6	88.11
88.5	88.12
88.2	88.13
88.7	88.14
88.6	88.15
88.6	88.16
88.4	88.17
88.6	88.18
88.7	88.19
88.7	88.20
88.2	88.21
88.7	88.22
88.4	88.23
88.4	88.24
88.4	88.25
88.4	88.26
88.6	88.27
88.2	88.28
88.5	88.29
88.6	88.30
88.8	88.31
88.3	88.32
88.4	88.33
88.6	88.34
88.7	88.35
88.6	88.36
88.6	88.37
88.6	88.38
88.7	88.39
88.6	88.40
88.4	88.41
88.2	88.42
88.7	88.43
88.3	88.44
88.4	88.45
88.6	88.46
88.6	88.47
88.1	88.48
88.4	88.49
88.6	88.50
88.2	88.51
88.6	88.52
88.6	88.53
88.4	88.54
88.2	88.55
88.2	88.56
88.2	88.57
88.4	88.58
88.6	88.59
88.7	88.60
88.6	88.61
88.4	88.62
88.6	88.63
88.2	88.64
89.4	89.1
89.1	89.2
89.4	89.3
89.4	89.4
89.4	89.5
89.4	89.6
89.1	89.7
89.1	89.8
89.1	89.9
89.1	89.10
89.1	89.11
89.1	89.12
89.4	89.13
89.4	89.14
89.4	89.15
89.4	89.16
89.1	89.17
89.4	89.18
89.4	89.19
89.4	89.20
89.1	89.21
89.4	89.22
89.2	89.23
89.1	89.24
89.4	89.25
89.1	89.26
89.1	89.27
89.4	89.28
89.4	89.29
89.1	89.30
89.1	89.31
89.1	89.32
89.4	89.33
89.3	89.34
89.1	89.35
89.4	89.36
89.1	89.37
89.4	89.38
89.4	89.39
89.4	89.40
89.4	89.41
89.1	89.42
89.1	89.43
89.4	89.44
89.1	89.45
89.1	89.46
89.4	89.47
89.4	89.48
89.1	89.49
89.4	89.50
89.1	89.51
89.1	89.52
89.4	89.53
89.4	89.54
89.1	89.55
89.1	89.56
89.4	89.57
89.1	89.58
89.1	89.59
89.1	89.60
89.4	89.61
89.1	89.62
89.4	89.63
89.1	89.64
90.6	90.1
90.6	90.2
90.6	90.3
90.8	90.4
90.6	90.5
90.1	90.6
90.1	90.7
90.1	90.8
90.1	90.9
90.6	90.10
90.6	90.11
90.6	90.12
90.6	90.13
90.1	90.14
90.6	90.15
90.6	90.16
90.8	90.17
90.1	90.18
90.6	90.19
90.6	90.20
90.6	90.21
90.6	90.22
90.1	90.23
90.6	90.24
90.3	90.25
90.4	90.26
90.6	90.27
90.9	90.28
90.1	90.29
90.6	90.30
90.1	90.31
90.6	90.32
90.1	90.33
90.3	90.34
90.6	90.35
90.6	90.36
90.6	90.37
90.5	90.38
90.1	90.39
90.6	90.40
90.1	90.41
90.1	90.42
90.4	90.43
90.4	90.44
90.6	90.45
90.8	90.46
90.8	90.47
90.8	90.48
90.9	90.49
90.4	90.50
90.6	90.51
90.7	90.52
90.1	90.53
90.6	90.54
90.6	90.55
90.9	90.56
90.1	90.57
90.6	90.58
90.6	90.59
90.1	90.60
90.9	90.61
90.1	90.62
90.1	90.63
90.2	90.64
91.3	91.1
91.6	91.2
91.1	91.3
91.1	91.4
91.6	91.5
91.3	91.6
91.6	91.7
91.6	91.8
91.3	91.9
91.3	91.10
91.6	91.11
91.3	91.12
91.1	91.13
91.6	91.14
91.6	91.15
91.6	91.16
91.3	91.17
91.6	91.18
91.1	91.19
91.6	91.20
91.7	91.21
91.6	91.22
91.1	91.23
91.6	91.24
91.6	91.25
91.6	91.26
91.6	91.27
91.3	91.28
91.7	91.29
91.1	91.30
91.3	91.31
91.3	91.32
91.6	91.33
91.3	91.34
91.3	91.35
91.6	91.36
91.6	91.37
91.7	91.38
91.5	91.39
91.6	91.40
91.3	91.41
91.2	91.42
91.1	91.43
91.7	91.44
91.6	91.45
91.1	91.46
91.1	91.47
91.3	91.48
91.6	91.49
91.1	91.50
91.6	91.51
91.6	91.52
91.3	91.53
91.1	91.54
91.1	91.55
91.3	91.56
91.4	91.57
91.6	91.58
91.3	91.59
91.1	91.60
91.3	91.61
91.6	91.62
91.3	91.63
91.6	91.64
92.6	92.1
92.8	92.2
92.7	92.3
92.6	92.4
92.4	92.5
92.6	92.6
92.7	92.7
92.6	92.8
92.7	92.9
92.7	92.10
92.1	92.11
92.8	92.12
92.6	92.13
92.5	92.14
92.8	92.15
92.1	92.16
92.8	92.17
92.8	92.18
92.6	92.19
92.8	92.20
92.8	92.21
92.8	92.22
92.3	92.23
92.8	92.24
92.1	92.25
92.8	92.26
92.8	92.27
92.7	92.28
92.8	92.29
92.8	92.30
92.7	92.31
92.7	92.32
92.6	92.33
92.7	92.34
92.6	92.35
92.5	92.36
92.8	92.37
92.5	92.38
92.7	92.39
92.8	92.40
92.8	92.41
92.1	92.42
92.1	92.43
92.1	92.44
92.6	92.45
92.6	92.46
92.8	92.47
92.6	92.48
92.6	92.49
92.1	92.50
92.2	92.51
92.8	92.52
92.8	92.53
92.7	92.54
92.1	92.55
92.7	92.56
92.5	92.57
92.8	92.58
92.8	92.59
92.8	92.60
92.6	92.61
92.6	92.62
92.8	92.63
92.1	92.64
93.1	93.1
93.1	93.2
93.10	93.3
93.10	93.4
93.1	93.5
93.1	93.6
93.1	93.7
93.1	93.8
93.1	93.9
93.1	93.10
93.1	93.11
93.1	93.12
93.11	93.13
93.8	93.14
93.1	93.15
93.10	93.16
93.10	93.17
93.1	93.18
93.1	93.19
93.1	93.20
93.10	93.21
93.10	93.22
93.1	93.23
93.1	93.24
93.8	93.25
93.1	93.26
93.1	93.27
93.1	93.28
93.1	93.29
93.11	93.30
93.10	93.31
93.1	93.32
93.2	93.33
93.1	93.34
93.10	93.35
93.12	93.36
93.9	93.37
93.1	93.38
93.10	93.39
93.10	93.40
93.11	93.41
93.11	93.42
93.8	93.43
93.3	93.44
93.8	93.45
93.10	93.46
93.10	93.47
93.1	93.48
93.10	93.49
93.11	93.50
93.10	93.51
93.7	93.52
93.10	93.53
93.6	93.54
93.7	93.55
93.10	93.56
93.1	93.57
93.4	93.58
93.5	93.59
93.1	93.60
93.9	93.61
93.11	93.62
93.9	93.63
93.10	93.64
94.1	94.1
94.9	94.2
94.10	94.3
94.9	94.4
94.1	94.5
94.9	94.6
94.1	94.7
94.8	94.8
94.1	94.9
94.1	94.10
94.1	94.11
94.10	94.12
94.1	94.13
94.10	94.14
94.10	94.15
94.4	94.16
94.1	94.17
94.10	94.18
94.10	94.19
94.8	94.20
94.1	94.21
94.10	94.22
94.10	94.23
94.10	94.24
94.1	94.25
94.1	94.26
94.1	94.27
94.1	94.28
94.10	94.29
94.1	94.30
94.10	94.31
94.5	94.32
94.1	94.33
94.1	94.34
94.1	94.35
94.3	94.36
94.9	94.37
94.6	94.38
94.1	94.39
94.1	94.40
94.10	94.41
94.10	94.42
94.2	94.43
94.1	94.44
94.10	94.45
94.10	94.46
94.1	94.47
94.1	94.48
94.10	94.49
94.1	94.50
94.1	94.51
94.1	94.52
94.7	94.53
94.1	94.54
94.1	94.55
94.1	94.56
94.1	94.57
94.1	94.58
94.1	94.59
94.10	94.60
94.10	94.61
94.1	94.62
94.1	94.63
94.10	94.64
95.6	95.1
95.1	95.2
95.1	95.3
95.4	95.4
95.1	95.5
95.2	95.6
95.1	95.7
95.3	95.8
95.5	95.9
95.1	95.10
95.1	95.11
95.6	95.12
95.7	95.13
95.1	95.14
95.7	95.15
95.3	95.16
95.1	95.17
95.1	95.18
95.6	95.19
95.1	95.20
95.6	95.21
95.6	95.22
95.6	95.23
95.6	95.24
95.6	95.25
95.3	95.26
95.1	95.27
95.6	95.28
95.1	95.29
95.1	95.30
95.6	95.31
95.6	95.32
95.1	95.33
95.6	95.34
95.6	95.35
95.7	95.36
95.6	95.37
95.1	95.38
95.3	95.39
95.3	95.40
95.3	95.41
95.1	95.42
95.6	95.43
95.6	95.44
95.1	95.45
95.6	95.46
95.1	95.47
95.1	95.48
95.1	95.49
95.6	95.50
95.6	95.51
95.6	95.52
95.6	95.53
95.6	95.54
95.3	95.55
95.4	95.56
95.1	95.57
95.3	95.58
95.1	95.59
95.6	95.60
95.6	95.61
95.1	95.62
95.4	95.63
95.1	95.64
96.6	96.1
96.1	96.2
96.3	96.3
96.3	96.4
96.10	96.5
96.9	96.6
96.6	96.7
96.6	96.8
96.3	96.9
96.7	96.10
96.3	96.11
96.6	96.12
96.7	96.13
96.3	96.14
96.4	96.15
96.6	96.16
96.6	96.17
96.6	96.18
96.9	96.19
96.5	96.20
96.1	96.21
96.3	96.22
96.9	96.23
96.9	96.24
96.6	96.25
96.6	96.26
96.1	96.27
96.3	96.28
96.3	96.29
96.9	96.30
96.9	96.31
96.3	96.32
96.9	96.33
96.9	96.34
96.9	96.35
96.9	96.36
96.4	96.37
96.6	96.38
96.3	96.39
96.1	96.40
96.6	96.41
96.3	96.42
96.9	96.43
96.9	96.44
96.3	96.45
96.9	96.46
96.6	96.47
96.6	96.48
96.9	96.49
96.6	96.50
96.3	96.51
96.6	96.52
96.1	96.53
96.2	96.54
96.3	96.55
96.6	96.56
96.6	96.57
96.8	96.58
96.3	96.59
96.4	96.60
96.6	96.61
96.6	96.62
96.7	96.63
96.1	96.64
97.1	97.1
97.1	97.2
97.1	97.3
97.5	97.4
97.1	97.5
97.5	97.6
97.5	97.7
97.1	97.8
97.1	97.9
97.1	97.10
97.1	97.11
97.1	97.12
97.1	97.13
97.1	97.14
97.1	97.15
97.1	97.16
97.1	97.17
97.1	97.18
97.3	97.19
97.1	97.20
97.1	97.21
97.1	97.22
97.1	97.23
97.1	97.24
97.3	97.25
97.3	97.26
97.1	97.27
97.1	97.28
97.1	97.29
97.5	97.30
97.5	97.31
97.1	97.32
97.1	97.33
97.1	97.34
97.5	97.35
97.1	97.36
97.1	97.37
97.1	97.38
97.1	97.39
97.1	97.40
97.2	97.41
97.1	97.42
97.4	97.43
97.1	97.44
97.1	97.45
97.5	97.46
97.5	97.47
97.5	97.48
97.5	97.49
97.1	97.50
97.5	97.51
97.1	97.52
97.1	97.53
97.1	97.54
97.5	97.55
97.5	97.56
97.1	97.57
97.4	97.58
97.5	97.59
97.1	97.60
97.1	97.61
97.1	97.62
97.1	97.63
97.1	97.64
98.1	98.1
98.1	98.2
98.11	98.3
98.1	98.4
98.1	98.5
98.1	98.6
98.7	98.7
98.1	98.8
98.11	98.9
98.1	98.10
98.1	98.11
98.7	98.12
98.1	98.13
98.11	98.14
98.3	98.15
98.1	98.16
98.7	98.17
98.11	98.18
98.1	98.19
98.12	98.20
98.10	98.21
98.1	98.22
98.11	98.23
98.11	98.24
98.1	98.25
98.1	98.26
98.11	98.27
98.9	98.28
98.10	98.29
98.1	98.30
98.10	98.31
98.4	98.32
98.1	98.33
98.1	98.34
98.1	98.35
98.1	98.36
98.10	98.37
98.11	98.38
98.4	98.39
98.11	98.40
98.10	98.41
98.8	98.42
98.11	98.43
98.11	98.44
98.7	98.45
98.1	98.46
98.1	98.47
98.11	98.48
98.11	98.49
98.10	98.50
98.11	98.51
98.7	98.52
98.7	98.53
98.2	98.54
98.1	98.55
98.11	98.56
98.1	98.57
98.6	98.58
98.11	98.59
98.7	98.60
98.5	98.61
98.1	98.62
98.11	98.63
98.11	98.64
99.5	99.1
99.3	99.2
99.5	99.3
99.1	99.4
99.3	99.5
99.3	99.6
99.5	99.7
99.3	99.8
99.5	99.9
99.3	99.10
99.3	99.11
99.3	99.12
99.5	99.13
99.3	99.14
99.1	99.15
99.3	99.16
99.4	99.17
99.3	99.18
99.3	99.19
99.3	99.20
99.5	99.21
99.5	99.22
99.5	99.23
99.2	99.24
99.3	99.25
99.1	99.26
99.1	99.27
99.5	99.28
99.3	99.29
99.5	99.30
99.3	99.31
99.5	99.32
99.3	99.33
99.5	99.34
99.4	99.35
99.3	99.36
99.5	99.37
99.3	99.38
99.3	99.39
99.3	99.40
99.3	99.41
99.3	99.42
99.3	99.43
99.3	99.44
99.3	99.45
99.4	99.46
99.1	99.47
99.3	99.48
99.3	99.49
99.3	99.50
99.3	99.51
99.5	99.52
99.3	99.53
99.3	99.54
99.3	99.55
99.5	99.56
99.3	99.57
99.5	99.58
99.3	99.59
99.3	99.60
99.3	99.61
99.3	99.62
99.5	99.63
99.3	99.64
100.6	100.1
100.7	100.2
100.7	100.3
100.4	100.4
100.6	100.5
100.7	100.6
100.7	100.7
100.6	100.8
100.7	100.9
100.5	100.10
100.6	100.11
100.5	100.12
100.7	100.13
100.7	100.14
100.7	100.15
100.6	100.16
100.6	100.17
100.5	100.18
100.7	100.19
100.7	100.20
100.7	100.21
100.6	100.22
100.5	100.23
100.7	100.24
100.6	100.25
100.7	100.26
100.6	100.27
100.6	100.28
100.7	100.29
100.6	100.30
100.5	100.31
100.6	100.32
100.7	100.33
100.3	100.34
100.3	100.35
100.6	100.36
100.7	100.37
100.7	100.38
100.6	100.39
100.6	100.40
100.6	100.41
100.6	100.42
100.6	100.43
100.7	100.44
100.7	100.45
100.6	100.46
100.7	100.47
100.6	100.48
100.7	100.49
100.6	100.50
100.5	100.51
100.6	100.52
100.1	100.53
100.6	100.54
100.2	100.55
100.6	100.56
100.3	100.57
100.6	100.58
100.1	100.59
100.6	100.60
100.6	100.61
100.6	100.62
100.7	100.63
100.7	100.64