subTopicID	resultID
1.7	1.1
1.7	1.2
1.7	1.3
1.7	1.4
1.3	1.5
1.7	1.6
1.7	1.7
1.7	1.8
1.7	1.9
1.7	1.10
1.6	1.11
1.7	1.12
1.7	1.13
1.7	1.14
1.7	1.15
1.7	1.16
1.7	1.17
1.7	1.18
1.7	1.19
1.7	1.20
1.7	1.21
1.3	1.22
1.7	1.23
1.7	1.24
1.7	1.25
1.3	1.26
1.7	1.27
1.7	1.28
1.3	1.29
1.7	1.30
1.7	1.31
1.7	1.32
1.3	1.33
1.7	1.34
1.7	1.35
1.7	1.36
1.6	1.37
1.7	1.38
1.2	1.39
1.7	1.40
1.7	1.41
1.7	1.42
1.7	1.43
1.7	1.44
1.7	1.45
1.3	1.46
1.7	1.47
1.7	1.48
1.5	1.49
1.4	1.50
1.7	1.51
1.3	1.52
1.7	1.53
1.7	1.54
1.8	1.55
1.7	1.56
1.7	1.57
1.7	1.58
1.6	1.59
1.7	1.60
1.1	1.61
1.7	1.62
1.7	1.63
1.7	1.64
2.1	2.1
2.1	2.2
2.1	2.3
2.1	2.4
2.8	2.5
2.1	2.6
2.1	2.7
2.1	2.8
2.1	2.9
2.1	2.10
2.1	2.11
2.6	2.12
2.1	2.13
2.1	2.14
2.1	2.15
2.1	2.16
2.8	2.17
2.1	2.18
2.1	2.19
2.1	2.20
2.1	2.21
2.4	2.22
2.3	2.23
2.1	2.24
2.1	2.25
2.1	2.26
2.1	2.27
2.1	2.28
2.1	2.29
2.1	2.30
2.1	2.31
2.8	2.32
2.1	2.33
2.1	2.34
2.1	2.35
2.1	2.36
2.1	2.37
2.8	2.38
2.8	2.39
2.2	2.40
2.1	2.41
2.6	2.42
2.1	2.43
2.8	2.44
2.1	2.45
2.5	2.46
2.1	2.47
2.7	2.48
2.1	2.49
2.1	2.50
2.1	2.51
2.1	2.52
2.1	2.53
2.1	2.54
2.1	2.55
2.1	2.56
2.1	2.57
2.8	2.58
2.1	2.59
2.1	2.60
2.1	2.61
2.1	2.62
2.8	2.63
2.1	2.64
3.8	3.1
3.8	3.2
3.9	3.3
3.5	3.4
3.8	3.5
3.8	3.6
3.1	3.7
3.8	3.8
3.8	3.9
3.8	3.10
3.8	3.11
3.8	3.12
3.8	3.13
3.9	3.14
3.8	3.15
3.1	3.16
3.6	3.17
3.8	3.18
3.1	3.19
3.13	3.20
3.8	3.21
3.8	3.22
3.4	3.23
3.1	3.24
3.8	3.25
3.9	3.26
3.2	3.27
3.8	3.28
3.8	3.29
3.8	3.30
3.8	3.31
3.12	3.32
3.8	3.33
3.9	3.34
3.8	3.35
3.1	3.36
3.10	3.37
3.1	3.38
3.7	3.39
3.8	3.40
3.9	3.41
3.8	3.42
3.9	3.43
3.7	3.44
3.1	3.45
3.8	3.46
3.11	3.47
3.12	3.48
3.8	3.49
3.1	3.50
3.7	3.51
3.8	3.52
3.8	3.53
3.9	3.54
3.8	3.55
3.13	3.56
3.6	3.57
3.3	3.58
3.8	3.59
3.13	3.60
3.8	3.61
3.8	3.62
3.1	3.63
3.9	3.64
4.1	4.1
4.4	4.2
4.11	4.3
4.11	4.4
4.11	4.5
4.9	4.6
4.11	4.7
4.11	4.8
4.1	4.9
4.8	4.10
4.1	4.11
4.11	4.12
4.11	4.13
4.11	4.14
4.11	4.15
4.11	4.16
4.1	4.17
4.11	4.18
4.1	4.19
4.1	4.20
4.11	4.21
4.10	4.22
4.3	4.23
4.9	4.24
4.9	4.25
4.11	4.26
4.8	4.27
4.11	4.28
4.11	4.29
4.11	4.30
4.8	4.31
4.10	4.32
4.11	4.33
4.11	4.34
4.9	4.35
4.1	4.36
4.10	4.37
4.11	4.38
4.11	4.39
4.9	4.40
4.10	4.41
4.11	4.42
4.11	4.43
4.6	4.44
4.11	4.45
4.2	4.46
4.11	4.47
4.11	4.48
4.6	4.49
4.1	4.50
4.1	4.51
4.11	4.52
4.11	4.53
4.1	4.54
4.7	4.55
4.9	4.56
4.6	4.57
4.9	4.58
4.5	4.59
4.11	4.60
4.1	4.61
4.11	4.62
4.9	4.63
4.9	4.64
5.14	5.1
5.14	5.2
5.8	5.3
5.14	5.4
5.5	5.5
5.14	5.6
5.1	5.7
5.14	5.8
5.14	5.9
5.14	5.10
5.8	5.11
5.14	5.12
5.8	5.13
5.1	5.14
5.1	5.15
5.14	5.16
5.10	5.17
5.14	5.18
5.1	5.19
5.14	5.20
5.14	5.21
5.8	5.22
5.12	5.23
5.1	5.24
5.11	5.25
5.4	5.26
5.14	5.27
5.8	5.28
5.14	5.29
5.14	5.30
5.14	5.31
5.1	5.32
5.3	5.33
5.14	5.34
5.8	5.35
5.8	5.36
5.14	5.37
5.2	5.38
5.14	5.39
5.14	5.40
5.14	5.41
5.14	5.42
5.14	5.43
5.7	5.44
5.14	5.45
5.14	5.46
5.9	5.47
5.10	5.48
5.14	5.49
5.8	5.50
5.14	5.51
5.14	5.52
5.1	5.53
5.6	5.54
5.8	5.55
5.14	5.56
5.14	5.57
5.14	5.58
5.14	5.59
5.8	5.60
5.14	5.61
5.14	5.62
5.13	5.63
5.14	5.64
6.12	6.1
6.12	6.2
6.12	6.3
6.6	6.4
6.3	6.5
6.12	6.6
6.8	6.7
6.12	6.8
6.1	6.9
6.9	6.10
6.12	6.11
6.12	6.12
6.12	6.13
6.12	6.14
6.12	6.15
6.1	6.16
6.12	6.17
6.12	6.18
6.10	6.19
6.2	6.20
6.13	6.21
6.12	6.22
6.12	6.23
6.12	6.24
6.12	6.25
6.12	6.26
6.12	6.27
6.1	6.28
6.12	6.29
6.12	6.30
6.4	6.31
6.12	6.32
6.10	6.33
6.12	6.34
6.11	6.35
6.12	6.36
6.5	6.37
6.1	6.38
6.10	6.39
6.1	6.40
6.12	6.41
6.12	6.42
6.12	6.43
6.1	6.44
6.12	6.45
6.1	6.46
6.12	6.47
6.1	6.48
6.1	6.49
6.1	6.50
6.1	6.51
6.8	6.52
6.1	6.53
6.12	6.54
6.7	6.55
6.12	6.56
6.11	6.57
6.1	6.58
6.11	6.59
6.11	6.60
6.1	6.61
6.10	6.62
6.8	6.63
6.12	6.64
7.1	7.1
7.1	7.2
7.1	7.3
7.1	7.4
7.9	7.5
7.1	7.6
7.1	7.7
7.1	7.8
7.1	7.9
7.1	7.10
7.1	7.11
7.1	7.12
7.1	7.13
7.9	7.14
7.1	7.15
7.1	7.16
7.1	7.17
7.1	7.18
7.1	7.19
7.1	7.20
7.1	7.21
7.7	7.22
7.1	7.23
7.1	7.24
7.1	7.25
7.1	7.26
7.1	7.27
7.1	7.28
7.1	7.29
7.1	7.30
7.9	7.31
7.9	7.32
7.7	7.33
7.8	7.34
7.1	7.35
7.2	7.36
7.1	7.37
7.9	7.38
7.9	7.39
7.1	7.40
7.1	7.41
7.9	7.42
7.1	7.43
7.1	7.44
7.1	7.45
7.9	7.46
7.1	7.47
7.1	7.48
7.4	7.49
7.1	7.50
7.6	7.51
7.1	7.52
7.1	7.53
7.1	7.54
7.1	7.55
7.9	7.56
7.1	7.57
7.1	7.58
7.3	7.59
7.7	7.60
7.5	7.61
7.9	7.62
7.7	7.63
7.1	7.64
8.1	8.1
8.1	8.2
8.1	8.3
8.1	8.4
8.1	8.5
8.1	8.6
8.1	8.7
8.1	8.8
8.1	8.9
8.6	8.10
8.1	8.11
8.5	8.12
8.1	8.13
8.1	8.14
8.1	8.15
8.1	8.16
8.2	8.17
8.6	8.18
8.1	8.19
8.1	8.20
8.3	8.21
8.1	8.22
8.1	8.23
8.1	8.24
8.1	8.25
8.1	8.26
8.6	8.27
8.1	8.28
8.1	8.29
8.1	8.30
8.1	8.31
8.1	8.32
8.1	8.33
8.1	8.34
8.1	8.35
8.1	8.36
8.1	8.37
8.1	8.38
8.5	8.39
8.1	8.40
8.1	8.41
8.1	8.42
8.1	8.43
8.1	8.44
8.6	8.45
8.1	8.46
8.1	8.47
8.1	8.48
8.1	8.49
8.1	8.50
8.1	8.51
8.1	8.52
8.1	8.53
8.1	8.54
8.1	8.55
8.1	8.56
8.1	8.57
8.1	8.58
8.1	8.59
8.1	8.60
8.1	8.61
8.4	8.62
8.1	8.63
8.1	8.64
9.1	9.1
9.12	9.2
9.12	9.3
9.12	9.4
9.12	9.5
9.12	9.6
9.12	9.7
9.12	9.8
9.12	9.9
9.12	9.10
9.12	9.11
9.12	9.12
9.12	9.13
9.11	9.14
9.12	9.15
9.12	9.16
9.8	9.17
9.12	9.18
9.12	9.19
9.12	9.20
9.12	9.21
9.12	9.22
9.13	9.23
9.1	9.24
9.9	9.25
9.2	9.26
9.12	9.27
9.11	9.28
9.12	9.29
9.12	9.30
9.12	9.31
9.1	9.32
9.7	9.33
9.12	9.34
9.12	9.35
9.12	9.36
9.1	9.37
9.10	9.38
9.4	9.39
9.6	9.40
9.12	9.41
9.3	9.42
9.13	9.43
9.4	9.44
9.13	9.45
9.5	9.46
9.12	9.47
9.12	9.48
9.11	9.49
9.12	9.50
9.12	9.51
9.12	9.52
9.12	9.53
9.12	9.54
9.1	9.55
9.12	9.56
9.12	9.57
9.11	9.58
9.12	9.59
9.12	9.60
9.12	9.61
9.12	9.62
9.12	9.63
9.1	9.64
10.12	10.1
10.12	10.2
10.1	10.3
10.1	10.4
10.12	10.5
10.12	10.6
10.12	10.7
10.8	10.8
10.12	10.9
10.12	10.10
10.12	10.11
10.1	10.12
10.10	10.13
10.12	10.14
10.12	10.15
10.12	10.16
10.12	10.17
10.12	10.18
10.12	10.19
10.12	10.20
10.1	10.21
10.12	10.22
10.8	10.23
10.12	10.24
10.11	10.25
10.11	10.26
10.1	10.27
10.1	10.28
10.12	10.29
10.12	10.30
10.7	10.31
10.1	10.32
10.3	10.33
10.6	10.34
10.12	10.35
10.1	10.36
10.12	10.37
10.12	10.38
10.1	10.39
10.11	10.40
10.12	10.41
10.2	10.42
10.2	10.43
10.12	10.44
10.12	10.45
10.12	10.46
10.12	10.47
10.9	10.48
10.12	10.49
10.1	10.50
10.1	10.51
10.12	10.52
10.11	10.53
10.12	10.54
10.1	10.55
10.12	10.56
10.1	10.57
10.12	10.58
10.1	10.59
10.5	10.60
10.1	10.61
10.4	10.62
10.12	10.63
10.2	10.64
11.15	11.1
11.1	11.2
11.15	11.3
11.3	11.4
11.3	11.5
11.3	11.6
11.14	11.7
11.3	11.8
11.3	11.9
11.3	11.10
11.3	11.11
11.3	11.12
11.15	11.13
11.3	11.14
11.7	11.15
11.3	11.16
11.8	11.17
11.7	11.18
11.3	11.19
11.15	11.20
11.5	11.21
11.4	11.22
11.3	11.23
11.11	11.24
11.12	11.25
11.3	11.26
11.16	11.27
11.15	11.28
11.15	11.29
11.15	11.30
11.3	11.31
11.15	11.32
11.3	11.33
11.3	11.34
11.3	11.35
11.3	11.36
11.3	11.37
11.15	11.38
11.3	11.39
11.10	11.40
11.3	11.41
11.16	11.42
11.3	11.43
11.3	11.44
11.3	11.45
11.3	11.46
11.3	11.47
11.6	11.48
11.3	11.49
11.14	11.50
11.3	11.51
11.12	11.52
11.15	11.53
11.3	11.54
11.3	11.55
11.9	11.56
11.3	11.57
11.13	11.58
11.2	11.59
11.12	11.60
11.3	11.61
11.3	11.62
11.3	11.63
11.3	11.64
12.11	12.1
12.6	12.2
12.13	12.3
12.3	12.4
12.11	12.5
12.1	12.6
12.14	12.7
12.11	12.8
12.11	12.9
12.4	12.10
12.1	12.11
12.1	12.12
12.1	12.13
12.1	12.14
12.9	12.15
12.1	12.16
12.11	12.17
12.7	12.18
12.1	12.19
12.13	12.20
12.12	12.21
12.1	12.22
12.5	12.23
12.1	12.24
12.1	12.25
12.14	12.26
12.14	12.27
12.11	12.28
12.1	12.29
12.11	12.30
12.1	12.31
12.12	12.32
12.11	12.33
12.1	12.34
12.2	12.35
12.1	12.36
12.12	12.37
12.1	12.38
12.8	12.39
12.1	12.40
12.11	12.41
12.12	12.42
12.11	12.43
12.10	12.44
12.11	12.45
12.1	12.46
12.1	12.47
12.1	12.48
12.14	12.49
12.12	12.50
12.11	12.51
12.11	12.52
12.12	12.53
12.1	12.54
12.14	12.55
12.11	12.56
12.12	12.57
12.11	12.58
12.12	12.59
12.11	12.60
12.11	12.61
12.1	12.62
12.11	12.63
12.1	12.64
13.5	13.1
13.1	13.2
13.5	13.3
13.4	13.4
13.5	13.5
13.5	13.6
13.2	13.7
13.5	13.8
13.6	13.9
13.5	13.10
13.5	13.11
13.5	13.12
13.1	13.13
13.5	13.14
13.5	13.15
13.5	13.16
13.5	13.17
13.5	13.18
13.5	13.19
13.5	13.20
13.5	13.21
13.5	13.22
13.5	13.23
13.5	13.24
13.5	13.25
13.5	13.26
13.5	13.27
13.5	13.28
13.5	13.29
13.5	13.30
13.1	13.31
13.1	13.32
13.1	13.33
13.5	13.34
13.1	13.35
13.5	13.36
13.5	13.37
13.3	13.38
13.5	13.39
13.5	13.40
13.5	13.41
13.7	13.42
13.1	13.43
13.1	13.44
13.5	13.45
13.5	13.46
13.1	13.47
13.5	13.48
13.5	13.49
13.5	13.50
13.5	13.51
13.1	13.52
13.1	13.53
13.5	13.54
13.5	13.55
13.5	13.56
13.1	13.57
13.3	13.58
13.5	13.59
13.1	13.60
13.5	13.61
13.5	13.62
13.5	13.63
13.5	13.64
14.1	14.1
14.12	14.2
14.12	14.3
14.12	14.4
14.1	14.5
14.1	14.6
14.4	14.7
14.1	14.8
14.1	14.9
14.1	14.10
14.12	14.11
14.2	14.12
14.1	14.13
14.12	14.14
14.1	14.15
14.12	14.16
14.7	14.17
14.1	14.18
14.3	14.19
14.6	14.20
14.1	14.21
14.8	14.22
14.7	14.23
14.1	14.24
14.7	14.25
14.1	14.26
14.12	14.27
14.5	14.28
14.7	14.29
14.1	14.30
14.6	14.31
14.1	14.32
14.1	14.33
14.6	14.34
14.6	14.35
14.1	14.36
14.12	14.37
14.12	14.38
14.6	14.39
14.12	14.40
14.12	14.41
14.6	14.42
14.1	14.43
14.1	14.44
14.1	14.45
14.7	14.46
14.1	14.47
14.12	14.48
14.9	14.49
14.7	14.50
14.10	14.51
14.12	14.52
14.12	14.53
14.11	14.54
14.6	14.55
14.7	14.56
14.12	14.57
14.7	14.58
14.13	14.59
14.7	14.60
14.7	14.61
14.1	14.62
14.12	14.63
14.12	14.64
15.1	15.1
15.1	15.2
15.4	15.3
15.1	15.4
15.1	15.5
15.1	15.6
15.1	15.7
15.1	15.8
15.1	15.9
15.1	15.10
15.1	15.11
15.1	15.12
15.7	15.13
15.1	15.14
15.1	15.15
15.1	15.16
15.1	15.17
15.1	15.18
15.1	15.19
15.1	15.20
15.1	15.21
15.1	15.22
15.1	15.23
15.7	15.24
15.1	15.25
15.1	15.26
15.1	15.27
15.1	15.28
15.1	15.29
15.1	15.30
15.1	15.31
15.1	15.32
15.1	15.33
15.1	15.34
15.1	15.35
15.1	15.36
15.1	15.37
15.1	15.38
15.1	15.39
15.1	15.40
15.1	15.41
15.1	15.42
15.1	15.43
15.7	15.44
15.1	15.45
15.7	15.46
15.1	15.47
15.2	15.48
15.1	15.49
15.5	15.50
15.1	15.51
15.1	15.52
15.7	15.53
15.2	15.54
15.1	15.55
15.6	15.56
15.1	15.57
15.1	15.58
15.1	15.59
15.1	15.60
15.3	15.61
15.1	15.62
15.1	15.63
15.1	15.64
16.1	16.1
16.8	16.2
16.1	16.3
16.1	16.4
16.1	16.5
16.1	16.6
16.1	16.7
16.9	16.8
16.1	16.9
16.1	16.10
16.1	16.11
16.13	16.12
16.1	16.13
16.15	16.14
16.1	16.15
16.1	16.16
16.15	16.17
16.1	16.18
16.1	16.19
16.1	16.20
16.1	16.21
16.2	16.22
16.15	16.23
16.1	16.24
16.1	16.25
16.1	16.26
16.1	16.27
16.1	16.28
16.4	16.29
16.1	16.30
16.1	16.31
16.1	16.32
16.11	16.33
16.1	16.34
16.6	16.35
16.15	16.36
16.15	16.37
16.1	16.38
16.1	16.39
16.15	16.40
16.15	16.41
16.3	16.42
16.1	16.43
16.1	16.44
16.13	16.45
16.12	16.46
16.1	16.47
16.5	16.48
16.9	16.49
16.10	16.50
16.1	16.51
16.1	16.52
16.1	16.53
16.1	16.54
16.15	16.55
16.7	16.56
16.15	16.57
16.15	16.58
16.11	16.59
16.1	16.60
16.1	16.61
16.11	16.62
16.14	16.63
16.1	16.64
17.1	17.1
17.1	17.2
17.1	17.3
17.1	17.4
17.1	17.5
17.6	17.6
17.1	17.7
17.1	17.8
17.1	17.9
17.5	17.10
17.1	17.11
17.5	17.12
17.1	17.13
17.5	17.14
17.1	17.15
17.1	17.16
17.1	17.17
17.1	17.18
17.1	17.19
17.1	17.20
17.7	17.21
17.4	17.22
17.6	17.23
17.1	17.24
17.1	17.25
17.1	17.26
17.1	17.27
17.6	17.28
17.1	17.29
17.1	17.30
17.6	17.31
17.1	17.32
17.1	17.33
17.1	17.34
17.6	17.35
17.7	17.36
17.1	17.37
17.2	17.38
17.1	17.39
17.6	17.40
17.1	17.41
17.1	17.42
17.1	17.43
17.6	17.44
17.1	17.45
17.1	17.46
17.4	17.47
17.1	17.48
17.6	17.49
17.7	17.50
17.3	17.51
17.5	17.52
17.1	17.53
17.1	17.54
17.6	17.55
17.5	17.56
17.4	17.57
17.1	17.58
17.1	17.59
17.1	17.60
17.1	17.61
17.5	17.62
17.1	17.63
17.1	17.64
18.8	18.1
18.1	18.2
18.1	18.3
18.1	18.4
18.9	18.5
18.1	18.6
18.1	18.7
18.1	18.8
18.9	18.9
18.11	18.10
18.1	18.11
18.10	18.12
18.9	18.13
18.1	18.14
18.7	18.15
18.11	18.16
18.9	18.17
18.4	18.18
18.9	18.19
18.1	18.20
18.9	18.21
18.1	18.22
18.11	18.23
18.9	18.24
18.1	18.25
18.1	18.26
18.1	18.27
18.1	18.28
18.2	18.29
18.1	18.30
18.9	18.31
18.9	18.32
18.1	18.33
18.9	18.34
18.11	18.35
18.1	18.36
18.13	18.37
18.1	18.38
18.6	18.39
18.9	18.40
18.1	18.41
18.1	18.42
18.5	18.43
18.1	18.44
18.12	18.45
18.1	18.46
18.1	18.47
18.9	18.48
18.1	18.49
18.8	18.50
18.10	18.51
18.11	18.52
18.4	18.53
18.1	18.54
18.1	18.55
18.3	18.56
18.9	18.57
18.9	18.58
18.9	18.59
18.1	18.60
18.1	18.61
18.9	18.62
18.1	18.63
18.12	18.64
19.18	19.1
19.13	19.2
19.14	19.3
19.14	19.4
19.14	19.5
19.17	19.6
19.13	19.7
19.14	19.8
19.12	19.9
19.4	19.10
19.14	19.11
19.6	19.12
19.10	19.13
19.11	19.14
19.14	19.15
19.4	19.16
19.14	19.17
19.7	19.18
19.14	19.19
19.14	19.20
19.7	19.21
19.1	19.22
19.14	19.23
19.14	19.24
19.14	19.25
19.18	19.26
19.8	19.27
19.14	19.28
19.7	19.29
19.4	19.30
19.14	19.31
19.4	19.32
19.14	19.33
19.2	19.34
19.14	19.35
19.14	19.36
19.14	19.37
19.14	19.38
19.4	19.39
19.7	19.40
19.14	19.41
19.16	19.42
19.14	19.43
19.14	19.44
19.14	19.45
19.15	19.46
19.14	19.47
19.14	19.48
19.4	19.49
19.11	19.50
19.18	19.51
19.9	19.52
19.4	19.53
19.18	19.54
19.10	19.55
19.18	19.56
19.3	19.57
19.5	19.58
19.4	19.59
19.4	19.60
19.12	19.61
19.4	19.62
19.14	19.63
19.14	19.64
20.11	20.1
20.11	20.2
20.11	20.3
20.11	20.4
20.11	20.5
20.11	20.6
20.11	20.7
20.11	20.8
20.9	20.9
20.1	20.10
20.11	20.11
20.11	20.12
20.11	20.13
20.11	20.14
20.11	20.15
20.11	20.16
20.11	20.17
20.2	20.18
20.11	20.19
20.8	20.20
20.1	20.21
20.11	20.22
20.11	20.23
20.1	20.24
20.11	20.25
20.11	20.26
20.11	20.27
20.1	20.28
20.11	20.29
20.7	20.30
20.8	20.31
20.10	20.32
20.8	20.33
20.11	20.34
20.11	20.35
20.8	20.36
20.11	20.37
20.11	20.38
20.11	20.39
20.11	20.40
20.1	20.41
20.6	20.42
20.11	20.43
20.11	20.44
20.1	20.45
20.11	20.46
20.11	20.47
20.11	20.48
20.8	20.49
20.11	20.50
20.11	20.51
20.11	20.52
20.1	20.53
20.11	20.54
20.5	20.55
20.3	20.56
20.1	20.57
20.11	20.58
20.11	20.59
20.11	20.60
20.5	20.61
20.4	20.62
20.11	20.63
20.11	20.64
21.1	21.1
21.1	21.2
21.12	21.3
21.1	21.4
21.1	21.5
21.12	21.6
21.1	21.7
21.3	21.8
21.1	21.9
21.11	21.10
21.1	21.11
21.2	21.12
21.11	21.13
21.12	21.14
21.12	21.15
21.1	21.16
21.1	21.17
21.1	21.18
21.12	21.19
21.1	21.20
21.12	21.21
21.8	21.22
21.7	21.23
21.6	21.24
21.11	21.25
21.1	21.26
21.1	21.27
21.11	21.28
21.1	21.29
21.12	21.30
21.1	21.31
21.1	21.32
21.1	21.33
21.12	21.34
21.12	21.35
21.12	21.36
21.11	21.37
21.12	21.38
21.6	21.39
21.11	21.40
21.13	21.41
21.1	21.42
21.1	21.43
21.1	21.44
21.11	21.45
21.11	21.46
21.12	21.47
21.12	21.48
21.1	21.49
21.1	21.50
21.11	21.51
21.11	21.52
21.11	21.53
21.11	21.54
21.12	21.55
21.14	21.56
21.11	21.57
21.12	21.58
21.11	21.59
21.5	21.60
21.4	21.61
21.12	21.62
21.9	21.63
21.10	21.64
22.2	22.1
22.2	22.2
22.2	22.3
22.2	22.4
22.2	22.5
22.2	22.6
22.2	22.7
22.2	22.8
22.2	22.9
22.2	22.10
22.2	22.11
22.2	22.12
22.2	22.13
22.2	22.14
22.5	22.15
22.2	22.16
22.2	22.17
22.2	22.18
22.2	22.19
22.2	22.20
22.7	22.21
22.2	22.22
22.6	22.23
22.2	22.24
22.2	22.25
22.4	22.26
22.2	22.27
22.2	22.28
22.2	22.29
22.2	22.30
22.2	22.31
22.2	22.32
22.7	22.33
22.1	22.34
22.7	22.35
22.2	22.36
22.7	22.37
22.2	22.38
22.2	22.39
22.2	22.40
22.2	22.41
22.2	22.42
22.2	22.43
22.2	22.44
22.2	22.45
22.7	22.46
22.2	22.47
22.2	22.48
22.2	22.49
22.7	22.50
22.2	22.51
22.2	22.52
22.2	22.53
22.2	22.54
22.2	22.55
22.5	22.56
22.2	22.57
22.2	22.58
22.2	22.59
22.2	22.60
22.2	22.61
22.2	22.62
22.3	22.63
22.2	22.64
23.1	23.1
23.1	23.2
23.1	23.3
23.1	23.4
23.1	23.5
23.1	23.6
23.1	23.7
23.1	23.8
23.4	23.9
23.1	23.10
23.1	23.11
23.1	23.12
23.1	23.13
23.1	23.14
23.1	23.15
23.1	23.16
23.1	23.17
23.1	23.18
23.1	23.19
23.1	23.20
23.4	23.21
23.1	23.22
23.1	23.23
23.1	23.24
23.1	23.25
23.1	23.26
23.1	23.27
23.1	23.28
23.1	23.29
23.1	23.30
23.4	23.31
23.1	23.32
23.1	23.33
23.1	23.34
23.1	23.35
23.1	23.36
23.1	23.37
23.1	23.38
23.1	23.39
23.1	23.40
23.1	23.41
23.1	23.42
23.1	23.43
23.2	23.44
23.1	23.45
23.1	23.46
23.4	23.47
23.1	23.48
23.1	23.49
23.4	23.50
23.4	23.51
23.1	23.52
23.1	23.53
23.1	23.54
23.1	23.55
23.3	23.56
23.1	23.57
23.1	23.58
23.1	23.59
23.1	23.60
23.1	23.61
23.1	23.62
23.1	23.63
23.1	23.64
24.5	24.1
24.16	24.2
24.6	24.3
24.9	24.4
24.15	24.5
24.17	24.6
24.6	24.7
24.1	24.8
24.6	24.9
24.3	24.10
24.19	24.11
24.14	24.12
24.6	24.13
24.6	24.14
24.6	24.15
24.6	24.16
24.6	24.17
24.17	24.18
24.6	24.19
24.6	24.20
24.13	24.21
24.6	24.22
24.7	24.23
24.6	24.24
24.12	24.25
24.8	24.26
24.6	24.27
24.6	24.28
24.6	24.29
24.6	24.30
24.4	24.31
24.6	24.32
24.17	24.33
24.6	24.34
24.11	24.35
24.13	24.36
24.6	24.37
24.17	24.38
24.1	24.39
24.6	24.40
24.2	24.41
24.18	24.42
24.6	24.43
24.6	24.44
24.6	24.45
24.18	24.46
24.10	24.47
24.16	24.48
24.6	24.49
24.6	24.50
24.6	24.51
24.6	24.52
24.17	24.53
24.6	24.54
24.6	24.55
24.11	24.56
24.17	24.57
24.6	24.58
24.17	24.59
24.16	24.60
24.6	24.61
24.17	24.62
24.6	24.63
24.6	24.64
25.8	25.1
25.8	25.2
25.8	25.3
25.14	25.4
25.8	25.5
25.8	25.6
25.8	25.7
25.10	25.8
25.8	25.9
25.8	25.10
25.8	25.11
25.8	25.12
25.8	25.13
25.8	25.14
25.8	25.15
25.1	25.16
25.7	25.17
25.8	25.18
25.9	25.19
25.8	25.20
25.13	25.21
25.13	25.22
25.8	25.23
25.8	25.24
25.2	25.25
25.1	25.26
25.5	25.27
25.13	25.28
25.8	25.29
25.12	25.30
25.8	25.31
25.8	25.32
25.14	25.33
25.6	25.34
25.13	25.35
25.8	25.36
25.12	25.37
25.13	25.38
25.13	25.39
25.13	25.40
25.8	25.41
25.8	25.42
25.12	25.43
25.8	25.44
25.8	25.45
25.1	25.46
25.13	25.47
25.8	25.48
25.13	25.49
25.3	25.50
25.13	25.51
25.8	25.52
25.12	25.53
25.8	25.54
25.4	25.55
25.13	25.56
25.8	25.57
25.13	25.58
25.11	25.59
25.8	25.60
25.13	25.61
25.8	25.62
25.13	25.63
25.13	25.64
26.1	26.1
26.1	26.2
26.1	26.3
26.1	26.4
26.1	26.5
26.1	26.6
26.1	26.7
26.6	26.8
26.6	26.9
26.1	26.10
26.1	26.11
26.1	26.12
26.6	26.13
26.6	26.14
26.1	26.15
26.1	26.16
26.5	26.17
26.1	26.18
26.1	26.19
26.1	26.20
26.5	26.21
26.1	26.22
26.1	26.23
26.1	26.24
26.3	26.25
26.5	26.26
26.6	26.27
26.6	26.28
26.1	26.29
26.2	26.30
26.1	26.31
26.1	26.32
26.5	26.33
26.1	26.34
26.1	26.35
26.1	26.36
26.6	26.37
26.1	26.38
26.1	26.39
26.1	26.40
26.1	26.41
26.1	26.42
26.1	26.43
26.1	26.44
26.1	26.45
26.1	26.46
26.1	26.47
26.1	26.48
26.1	26.49
26.1	26.50
26.6	26.51
26.1	26.52
26.1	26.53
26.1	26.54
26.1	26.55
26.4	26.56
26.6	26.57
26.1	26.58
26.1	26.59
26.6	26.60
26.6	26.61
26.6	26.62
26.1	26.63
26.1	26.64
27.1	27.1
27.1	27.2
27.14	27.3
27.14	27.4
27.8	27.5
27.10	27.6
27.14	27.7
27.14	27.8
27.14	27.9
27.14	27.10
27.7	27.11
27.1	27.12
27.15	27.13
27.13	27.14
27.14	27.15
27.14	27.16
27.1	27.17
27.10	27.18
27.6	27.19
27.11	27.20
27.13	27.21
27.1	27.22
27.2	27.23
27.5	27.24
27.14	27.25
27.14	27.26
27.10	27.27
27.5	27.28
27.14	27.29
27.1	27.30
27.11	27.31
27.9	27.32
27.14	27.33
27.1	27.34
27.14	27.35
27.13	27.36
27.10	27.37
27.13	27.38
27.12	27.39
27.14	27.40
27.11	27.41
27.14	27.42
27.14	27.43
27.14	27.44
27.4	27.45
27.14	27.46
27.15	27.47
27.1	27.48
27.10	27.49
27.1	27.50
27.13	27.51
27.1	27.52
27.1	27.53
27.14	27.54
27.14	27.55
27.14	27.56
27.14	27.57
27.1	27.58
27.1	27.59
27.10	27.60
27.11	27.61
27.7	27.62
27.3	27.63
27.1	27.64
28.1	28.1
28.1	28.2
28.7	28.3
28.1	28.4
28.12	28.5
28.1	28.6
28.1	28.7
28.12	28.8
28.1	28.9
28.1	28.10
28.1	28.11
28.12	28.12
28.1	28.13
28.1	28.14
28.1	28.15
28.4	28.16
28.1	28.17
28.12	28.18
28.8	28.19
28.1	28.20
28.1	28.21
28.1	28.22
28.10	28.23
28.1	28.24
28.1	28.25
28.1	28.26
28.1	28.27
28.1	28.28
28.11	28.29
28.1	28.30
28.6	28.31
28.12	28.32
28.1	28.33
28.1	28.34
28.6	28.35
28.6	28.36
28.5	28.37
28.1	28.38
28.13	28.39
28.1	28.40
28.9	28.41
28.10	28.42
28.1	28.43
28.12	28.44
28.2	28.45
28.11	28.46
28.12	28.47
28.3	28.48
28.1	28.49
28.1	28.50
28.1	28.51
28.1	28.52
28.1	28.53
28.10	28.54
28.1	28.55
28.1	28.56
28.14	28.57
28.12	28.58
28.1	28.59
28.15	28.60
28.10	28.61
28.12	28.62
28.1	28.63
28.12	28.64
29.13	29.1
29.1	29.2
29.1	29.3
29.1	29.4
29.1	29.5
29.1	29.6
29.1	29.7
29.1	29.8
29.1	29.9
29.1	29.10
29.1	29.11
29.13	29.12
29.1	29.13
29.12	29.14
29.1	29.15
29.7	29.16
29.5	29.17
29.11	29.18
29.8	29.19
29.13	29.20
29.7	29.21
29.10	29.22
29.1	29.23
29.13	29.24
29.3	29.25
29.4	29.26
29.1	29.27
29.1	29.28
29.1	29.29
29.13	29.30
29.13	29.31
29.2	29.32
29.1	29.33
29.13	29.34
29.1	29.35
29.13	29.36
29.9	29.37
29.1	29.38
29.10	29.39
29.1	29.40
29.1	29.41
29.7	29.42
29.1	29.43
29.1	29.44
29.13	29.45
29.13	29.46
29.6	29.47
29.1	29.48
29.13	29.49
29.13	29.50
29.1	29.51
29.12	29.52
29.13	29.53
29.13	29.54
29.13	29.55
29.1	29.56
29.1	29.57
29.1	29.58
29.1	29.59
29.1	29.60
29.1	29.61
29.1	29.62
29.1	29.63
29.1	29.64
30.1	30.1
30.1	30.2
30.18	30.3
30.17	30.4
30.1	30.5
30.1	30.6
30.7	30.7
30.1	30.8
30.1	30.9
30.1	30.10
30.1	30.11
30.1	30.12
30.1	30.13
30.1	30.14
30.1	30.15
30.1	30.16
30.3	30.17
30.1	30.18
30.18	30.19
30.1	30.20
30.1	30.21
30.14	30.22
30.1	30.23
30.1	30.24
30.1	30.25
30.6	30.26
30.11	30.27
30.9	30.28
30.1	30.29
30.2	30.30
30.1	30.31
30.1	30.32
30.16	30.33
30.13	30.34
30.1	30.35
30.4	30.36
30.18	30.37
30.1	30.38
30.1	30.39
30.1	30.40
30.1	30.41
30.1	30.42
30.1	30.43
30.10	30.44
30.1	30.45
30.1	30.46
30.1	30.47
30.1	30.48
30.1	30.49
30.12	30.50
30.8	30.51
30.1	30.52
30.1	30.53
30.1	30.54
30.1	30.55
30.1	30.56
30.1	30.57
30.1	30.58
30.1	30.59
30.15	30.60
30.5	30.61
30.1	30.62
30.1	30.63
30.1	30.64
31.14	31.1
31.14	31.2
31.1	31.3
31.5	31.4
31.7	31.5
31.13	31.6
31.1	31.7
31.13	31.8
31.14	31.9
31.13	31.10
31.14	31.11
31.1	31.12
31.14	31.13
31.1	31.14
31.1	31.15
31.12	31.16
31.13	31.17
31.14	31.18
31.14	31.19
31.1	31.20
31.14	31.21
31.1	31.22
31.14	31.23
31.12	31.24
31.12	31.25
31.6	31.26
31.12	31.27
31.13	31.28
31.10	31.29
31.14	31.30
31.8	31.31
31.14	31.32
31.1	31.33
31.1	31.34
31.13	31.35
31.10	31.36
31.9	31.37
31.10	31.38
31.1	31.39
31.14	31.40
31.10	31.41
31.1	31.42
31.10	31.43
31.9	31.44
31.2	31.45
31.9	31.46
31.1	31.47
31.11	31.48
31.14	31.49
31.14	31.50
31.3	31.51
31.1	31.52
31.1	31.53
31.1	31.54
31.14	31.55
31.1	31.56
31.10	31.57
31.14	31.58
31.13	31.59
31.1	31.60
31.4	31.61
31.1	31.62
31.14	31.63
31.1	31.64
32.1	32.1
32.1	32.2
32.1	32.3
32.5	32.4
32.5	32.5
32.1	32.6
32.1	32.7
32.1	32.8
32.1	32.9
32.1	32.10
32.1	32.11
32.1	32.12
32.1	32.13
32.1	32.14
32.1	32.15
32.6	32.16
32.1	32.17
32.1	32.18
32.1	32.19
32.6	32.20
32.1	32.21
32.1	32.22
32.6	32.23
32.1	32.24
32.1	32.25
32.1	32.26
32.1	32.27
32.1	32.28
32.1	32.29
32.1	32.30
32.1	32.31
32.1	32.32
32.1	32.33
32.1	32.34
32.1	32.35
32.1	32.36
32.4	32.37
32.1	32.38
32.1	32.39
32.3	32.40
32.1	32.41
32.1	32.42
32.5	32.43
32.2	32.44
32.6	32.45
32.1	32.46
32.1	32.47
32.6	32.48
32.1	32.49
32.6	32.50
32.1	32.51
32.5	32.52
32.1	32.53
32.5	32.54
32.1	32.55
32.1	32.56
32.1	32.57
32.1	32.58
32.1	32.59
32.1	32.60
32.1	32.61
32.1	32.62
32.1	32.63
32.4	32.64
33.1	33.1
33.9	33.2
33.1	33.3
33.1	33.4
33.1	33.5
33.1	33.6
33.1	33.7
33.1	33.8
33.1	33.9
33.1	33.10
33.1	33.11
33.1	33.12
33.1	33.13
33.1	33.14
33.9	33.15
33.7	33.16
33.1	33.17
33.1	33.18
33.3	33.19
33.4	33.20
33.5	33.21
33.1	33.22
33.6	33.23
33.1	33.24
33.8	33.25
33.1	33.26
33.1	33.27
33.1	33.28
33.1	33.29
33.1	33.30
33.1	33.31
33.9	33.32
33.1	33.33
33.1	33.34
33.9	33.35
33.1	33.36
33.1	33.37
33.1	33.38
33.1	33.39
33.1	33.40
33.1	33.41
33.1	33.42
33.1	33.43
33.9	33.44
33.1	33.45
33.1	33.46
33.9	33.47
33.1	33.48
33.1	33.49
33.1	33.50
33.1	33.51
33.1	33.52
33.1	33.53
33.7	33.54
33.9	33.55
33.2	33.56
33.1	33.57
33.1	33.58
33.1	33.59
33.7	33.60
33.1	33.61
33.1	33.62
33.1	33.63
33.1	33.64
34.11	34.1
34.1	34.2
34.1	34.3
34.1	34.4
34.1	34.5
34.1	34.6
34.1	34.7
34.11	34.8
34.1	34.9
34.13	34.10
34.13	34.11
34.11	34.12
34.15	34.13
34.1	34.14
34.1	34.15
34.1	34.16
34.11	34.17
34.11	34.18
34.1	34.19
34.1	34.20
34.13	34.21
34.1	34.22
34.1	34.23
34.1	34.24
34.11	34.25
34.13	34.26
34.14	34.27
34.1	34.28
34.1	34.29
34.8	34.30
34.7	34.31
34.1	34.32
34.11	34.33
34.4	34.34
34.1	34.35
34.9	34.36
34.1	34.37
34.11	34.38
34.13	34.39
34.1	34.40
34.1	34.41
34.10	34.42
34.2	34.43
34.1	34.44
34.5	34.45
34.12	34.46
34.1	34.47
34.1	34.48
34.13	34.49
34.6	34.50
34.9	34.51
34.1	34.52
34.15	34.53
34.13	34.54
34.1	34.55
34.1	34.56
34.16	34.57
34.8	34.58
34.3	34.59
34.1	34.60
34.1	34.61
34.9	34.62
34.12	34.63
34.1	34.64
35.1	35.1
35.13	35.2
35.15	35.3
35.13	35.4
35.1	35.5
35.6	35.6
35.13	35.7
35.13	35.8
35.14	35.9
35.1	35.10
35.1	35.11
35.2	35.12
35.1	35.13
35.13	35.14
35.13	35.15
35.13	35.16
35.15	35.17
35.1	35.18
35.13	35.19
35.1	35.20
35.13	35.21
35.13	35.22
35.9	35.23
35.1	35.24
35.13	35.25
35.13	35.26
35.1	35.27
35.1	35.28
35.13	35.29
35.14	35.30
35.8	35.31
35.1	35.32
35.15	35.33
35.15	35.34
35.13	35.35
35.1	35.36
35.13	35.37
35.11	35.38
35.1	35.39
35.13	35.40
35.13	35.41
35.13	35.42
35.15	35.43
35.7	35.44
35.15	35.45
35.13	35.46
35.13	35.47
35.13	35.48
35.4	35.49
35.13	35.50
35.13	35.51
35.11	35.52
35.13	35.53
35.13	35.54
35.13	35.55
35.13	35.56
35.13	35.57
35.5	35.58
35.13	35.59
35.10	35.60
35.9	35.61
35.12	35.62
35.11	35.63
35.3	35.64
36.20	36.1
36.1	36.2
36.7	36.3
36.14	36.4
36.7	36.5
36.1	36.6
36.1	36.7
36.19	36.8
36.17	36.9
36.1	36.10
36.1	36.11
36.8	36.12
36.11	36.13
36.20	36.14
36.20	36.15
36.1	36.16
36.4	36.17
36.20	36.18
36.1	36.19
36.1	36.20
36.20	36.21
36.1	36.22
36.2	36.23
36.16	36.24
36.1	36.25
36.1	36.26
36.1	36.27
36.20	36.28
36.1	36.29
36.16	36.30
36.1	36.31
36.1	36.32
36.20	36.33
36.1	36.34
36.1	36.35
36.1	36.36
36.5	36.37
36.9	36.38
36.12	36.39
36.6	36.40
36.1	36.41
36.17	36.42
36.16	36.43
36.2	36.44
36.20	36.45
36.13	36.46
36.20	36.47
36.12	36.48
36.20	36.49
36.20	36.50
36.20	36.51
36.17	36.52
36.20	36.53
36.3	36.54
36.1	36.55
36.1	36.56
36.10	36.57
36.12	36.58
36.20	36.59
36.18	36.60
36.17	36.61
36.20	36.62
36.20	36.63
36.15	36.64
37.1	37.1
37.1	37.2
37.1	37.3
37.6	37.4
37.1	37.5
37.1	37.6
37.1	37.7
37.1	37.8
37.1	37.9
37.1	37.10
37.1	37.11
37.6	37.12
37.1	37.13
37.1	37.14
37.1	37.15
37.2	37.16
37.1	37.17
37.1	37.18
37.1	37.19
37.1	37.20
37.1	37.21
37.1	37.22
37.6	37.23
37.1	37.24
37.1	37.25
37.1	37.26
37.1	37.27
37.1	37.28
37.1	37.29
37.1	37.30
37.3	37.31
37.1	37.32
37.1	37.33
37.7	37.34
37.1	37.35
37.6	37.36
37.1	37.37
37.1	37.38
37.1	37.39
37.1	37.40
37.1	37.41
37.1	37.42
37.1	37.43
37.1	37.44
37.1	37.45
37.1	37.46
37.1	37.47
37.1	37.48
37.1	37.49
37.1	37.50
37.4	37.51
37.1	37.52
37.1	37.53
37.1	37.54
37.6	37.55
37.6	37.56
37.1	37.57
37.1	37.58
37.1	37.59
37.1	37.60
37.1	37.61
37.1	37.62
37.1	37.63
37.5	37.64
38.1	38.1
38.1	38.2
38.1	38.3
38.1	38.4
38.1	38.5
38.1	38.6
38.1	38.7
38.4	38.8
38.1	38.9
38.1	38.10
38.1	38.11
38.2	38.12
38.1	38.13
38.3	38.14
38.1	38.15
38.1	38.16
38.1	38.17
38.1	38.18
38.1	38.19
38.1	38.20
38.1	38.21
38.3	38.22
38.1	38.23
38.4	38.24
38.1	38.25
38.1	38.26
38.4	38.27
38.1	38.28
38.1	38.29
38.1	38.30
38.1	38.31
38.4	38.32
38.1	38.33
38.1	38.34
38.1	38.35
38.1	38.36
38.4	38.37
38.1	38.38
38.1	38.39
38.1	38.40
38.1	38.41
38.1	38.42
38.1	38.43
38.3	38.44
38.1	38.45
38.3	38.46
38.1	38.47
38.1	38.48
38.1	38.49
38.4	38.50
38.1	38.51
38.1	38.52
38.1	38.53
38.1	38.54
38.3	38.55
38.1	38.56
38.1	38.57
38.1	38.58
38.4	38.59
38.1	38.60
38.1	38.61
38.1	38.62
38.1	38.63
38.1	38.64
39.13	39.1
39.13	39.2
39.12	39.3
39.12	39.4
39.1	39.5
39.13	39.6
39.15	39.7
39.8	39.8
39.13	39.9
39.15	39.10
39.3	39.11
39.15	39.12
39.5	39.13
39.2	39.14
39.1	39.15
39.13	39.16
39.1	39.17
39.13	39.18
39.5	39.19
39.12	39.20
39.1	39.21
39.1	39.22
39.13	39.23
39.13	39.24
39.13	39.25
39.1	39.26
39.13	39.27
39.14	39.28
39.12	39.29
39.12	39.30
39.13	39.31
39.13	39.32
39.6	39.33
39.1	39.34
39.1	39.35
39.10	39.36
39.1	39.37
39.13	39.38
39.13	39.39
39.13	39.40
39.7	39.41
39.1	39.42
39.13	39.43
39.4	39.44
39.13	39.45
39.1	39.46
39.9	39.47
39.13	39.48
39.13	39.49
39.12	39.50
39.1	39.51
39.1	39.52
39.1	39.53
39.1	39.54
39.12	39.55
39.13	39.56
39.1	39.57
39.13	39.58
39.13	39.59
39.12	39.60
39.11	39.61
39.13	39.62
39.13	39.63
39.1	39.64
40.11	40.1
40.11	40.2
40.11	40.3
40.1	40.4
40.1	40.5
40.11	40.6
40.11	40.7
40.11	40.8
40.11	40.9
40.11	40.10
40.11	40.11
40.11	40.12
40.11	40.13
40.11	40.14
40.11	40.15
40.11	40.16
40.11	40.17
40.4	40.18
40.10	40.19
40.8	40.20
40.11	40.21
40.11	40.22
40.11	40.23
40.11	40.24
40.9	40.25
40.1	40.26
40.12	40.27
40.11	40.28
40.11	40.29
40.5	40.30
40.11	40.31
40.11	40.32
40.11	40.33
40.1	40.34
40.11	40.35
40.11	40.36
40.1	40.37
40.11	40.38
40.11	40.39
40.11	40.40
40.11	40.41
40.11	40.42
40.2	40.43
40.11	40.44
40.11	40.45
40.11	40.46
40.11	40.47
40.6	40.48
40.3	40.49
40.11	40.50
40.11	40.51
40.11	40.52
40.11	40.53
40.1	40.54
40.11	40.55
40.11	40.56
40.11	40.57
40.1	40.58
40.11	40.59
40.1	40.60
40.11	40.61
40.6	40.62
40.7	40.63
40.11	40.64
41.4	41.1
41.15	41.2
41.4	41.3
41.15	41.4
41.15	41.5
41.9	41.6
41.15	41.7
41.15	41.8
41.3	41.9
41.4	41.10
41.14	41.11
41.15	41.12
41.4	41.13
41.4	41.14
41.15	41.15
41.15	41.16
41.15	41.17
41.10	41.18
41.17	41.19
41.14	41.20
41.14	41.21
41.15	41.22
41.15	41.23
41.15	41.24
41.10	41.25
41.15	41.26
41.15	41.27
41.15	41.28
41.15	41.29
41.14	41.30
41.14	41.31
41.15	41.32
41.6	41.33
41.18	41.34
41.15	41.35
41.12	41.36
41.4	41.37
41.4	41.38
41.4	41.39
41.5	41.40
41.8	41.41
41.4	41.42
41.15	41.43
41.4	41.44
41.1	41.45
41.4	41.46
41.11	41.47
41.15	41.48
41.2	41.49
41.14	41.50
41.4	41.51
41.4	41.52
41.15	41.53
41.15	41.54
41.16	41.55
41.14	41.56
41.15	41.57
41.15	41.58
41.15	41.59
41.15	41.60
41.13	41.61
41.14	41.62
41.7	41.63
41.14	41.64
42.10	42.1
42.10	42.2
42.10	42.3
42.10	42.4
42.1	42.5
42.11	42.6
42.1	42.7
42.11	42.8
42.11	42.9
42.8	42.10
42.10	42.11
42.1	42.12
42.10	42.13
42.11	42.14
42.10	42.15
42.8	42.16
42.5	42.17
42.4	42.18
42.11	42.19
42.10	42.20
42.1	42.21
42.9	42.22
42.10	42.23
42.1	42.24
42.10	42.25
42.1	42.26
42.1	42.27
42.11	42.28
42.9	42.29
42.10	42.30
42.11	42.31
42.11	42.32
42.10	42.33
42.1	42.34
42.8	42.35
42.1	42.36
42.11	42.37
42.10	42.38
42.10	42.39
42.6	42.40
42.10	42.41
42.10	42.42
42.11	42.43
42.1	42.44
42.11	42.45
42.1	42.46
42.1	42.47
42.13	42.48
42.9	42.49
42.13	42.50
42.12	42.51
42.11	42.52
42.7	42.53
42.7	42.54
42.2	42.55
42.10	42.56
42.3	42.57
42.11	42.58
42.1	42.59
42.10	42.60
42.11	42.61
42.1	42.62
42.10	42.63
42.10	42.64
43.11	43.1
43.14	43.2
43.14	43.3
43.14	43.4
43.14	43.5
43.12	43.6
43.14	43.7
43.2	43.8
43.11	43.9
43.11	43.10
43.6	43.11
43.13	43.12
43.1	43.13
43.10	43.14
43.14	43.15
43.14	43.16
43.1	43.17
43.14	43.18
43.14	43.19
43.14	43.20
43.14	43.21
43.11	43.22
43.14	43.23
43.14	43.24
43.1	43.25
43.11	43.26
43.11	43.27
43.11	43.28
43.14	43.29
43.11	43.30
43.14	43.31
43.1	43.32
43.11	43.33
43.14	43.34
43.1	43.35
43.9	43.36
43.14	43.37
43.15	43.38
43.1	43.39
43.15	43.40
43.14	43.41
43.11	43.42
43.1	43.43
43.5	43.44
43.15	43.45
43.3	43.46
43.11	43.47
43.1	43.48
43.11	43.49
43.4	43.50
43.7	43.51
43.15	43.52
43.11	43.53
43.11	43.54
43.8	43.55
43.14	43.56
43.11	43.57
43.11	43.58
43.15	43.59
43.11	43.60
43.15	43.61
43.15	43.62
43.11	43.63
43.11	43.64
44.7	44.1
44.7	44.2
44.7	44.3
44.7	44.4
44.7	44.5
44.6	44.6
44.6	44.7
44.4	44.8
44.9	44.9
44.6	44.10
44.6	44.11
44.7	44.12
44.6	44.13
44.11	44.14
44.6	44.15
44.7	44.16
44.3	44.17
44.6	44.18
44.7	44.19
44.6	44.20
44.6	44.21
44.6	44.22
44.6	44.23
44.6	44.24
44.6	44.25
44.6	44.26
44.7	44.27
44.6	44.28
44.6	44.29
44.6	44.30
44.11	44.31
44.1	44.32
44.6	44.33
44.6	44.34
44.7	44.35
44.7	44.36
44.7	44.37
44.6	44.38
44.6	44.39
44.1	44.40
44.7	44.41
44.7	44.42
44.6	44.43
44.7	44.44
44.6	44.45
44.2	44.46
44.6	44.47
44.6	44.48
44.7	44.49
44.1	44.50
44.5	44.51
44.7	44.52
44.7	44.53
44.6	44.54
44.10	44.55
44.9	44.56
44.9	44.57
44.8	44.58
44.9	44.59
44.7	44.60
44.1	44.61
44.7	44.62
44.9	44.63
44.11	44.64
45.1	45.1
45.16	45.2
45.8	45.3
45.16	45.4
45.1	45.5
45.16	45.6
45.1	45.7
45.16	45.8
45.5	45.9
45.16	45.10
45.16	45.11
45.16	45.12
45.16	45.13
45.15	45.14
45.16	45.15
45.1	45.16
45.14	45.17
45.16	45.18
45.1	45.19
45.5	45.20
45.1	45.21
45.4	45.22
45.16	45.23
45.16	45.24
45.16	45.25
45.3	45.26
45.1	45.27
45.16	45.28
45.16	45.29
45.16	45.30
45.1	45.31
45.15	45.32
45.7	45.33
45.1	45.34
45.7	45.35
45.16	45.36
45.10	45.37
45.16	45.38
45.12	45.39
45.1	45.40
45.11	45.41
45.16	45.42
45.1	45.43
45.16	45.44
45.1	45.45
45.1	45.46
45.1	45.47
45.6	45.48
45.1	45.49
45.15	45.50
45.16	45.51
45.1	45.52
45.15	45.53
45.16	45.54
45.1	45.55
45.2	45.56
45.9	45.57
45.15	45.58
45.16	45.59
45.11	45.60
45.15	45.61
45.15	45.62
45.13	45.63
45.1	45.64
46.14	46.1
46.7	46.2
46.12	46.3
46.14	46.4
46.7	46.5
46.14	46.6
46.14	46.7
46.14	46.8
46.7	46.9
46.14	46.10
46.12	46.11
46.13	46.12
46.14	46.13
46.14	46.14
46.14	46.15
46.7	46.16
46.10	46.17
46.1	46.18
46.7	46.19
46.12	46.20
46.15	46.21
46.14	46.22
46.14	46.23
46.9	46.24
46.15	46.25
46.4	46.26
46.14	46.27
46.14	46.28
46.14	46.29
46.14	46.30
46.14	46.31
46.7	46.32
46.7	46.33
46.11	46.34
46.14	46.35
46.7	46.36
46.14	46.37
46.7	46.38
46.12	46.39
46.14	46.40
46.15	46.41
46.2	46.42
46.12	46.43
46.12	46.44
46.7	46.45
46.9	46.46
46.14	46.47
46.14	46.48
46.12	46.49
46.7	46.50
46.5	46.51
46.10	46.52
46.7	46.53
46.3	46.54
46.1	46.55
46.14	46.56
46.13	46.57
46.14	46.58
46.8	46.59
46.7	46.60
46.6	46.61
46.12	46.62
46.14	46.63
46.14	46.64
47.1	47.1
47.15	47.2
47.11	47.3
47.7	47.4
47.14	47.5
47.13	47.6
47.11	47.7
47.1	47.8
47.5	47.9
47.12	47.10
47.14	47.11
47.11	47.12
47.1	47.13
47.1	47.14
47.13	47.15
47.7	47.16
47.6	47.17
47.14	47.18
47.14	47.19
47.10	47.20
47.7	47.21
47.14	47.22
47.1	47.23
47.14	47.24
47.1	47.25
47.10	47.26
47.1	47.27
47.14	47.28
47.14	47.29
47.12	47.30
47.14	47.31
47.7	47.32
47.7	47.33
47.11	47.34
47.14	47.35
47.14	47.36
47.15	47.37
47.1	47.38
47.14	47.39
47.14	47.40
47.1	47.41
47.13	47.42
47.3	47.43
47.14	47.44
47.1	47.45
47.13	47.46
47.13	47.47
47.1	47.48
47.12	47.49
47.14	47.50
47.1	47.51
47.4	47.52
47.12	47.53
47.8	47.54
47.11	47.55
47.14	47.56
47.1	47.57
47.15	47.58
47.7	47.59
47.2	47.60
47.9	47.61
47.14	47.62
47.12	47.63
47.1	47.64
48.6	48.1
48.6	48.2
48.6	48.3
48.6	48.4
48.6	48.5
48.1	48.6
48.6	48.7
48.6	48.8
48.1	48.9
48.1	48.10
48.4	48.11
48.6	48.12
48.6	48.13
48.7	48.14
48.6	48.15
48.6	48.16
48.1	48.17
48.5	48.18
48.6	48.19
48.7	48.20
48.6	48.21
48.1	48.22
48.1	48.23
48.1	48.24
48.1	48.25
48.1	48.26
48.1	48.27
48.6	48.28
48.6	48.29
48.2	48.30
48.6	48.31
48.6	48.32
48.7	48.33
48.6	48.34
48.6	48.35
48.6	48.36
48.1	48.37
48.7	48.38
48.6	48.39
48.1	48.40
48.1	48.41
48.6	48.42
48.6	48.43
48.6	48.44
48.6	48.45
48.5	48.46
48.1	48.47
48.7	48.48
48.7	48.49
48.3	48.50
48.6	48.51
48.1	48.52
48.6	48.53
48.1	48.54
48.6	48.55
48.6	48.56
48.6	48.57
48.6	48.58
48.6	48.59
48.6	48.60
48.6	48.61
48.6	48.62
48.6	48.63
48.1	48.64
49.14	49.1
49.13	49.2
49.14	49.3
49.13	49.4
49.12	49.5
49.14	49.6
49.12	49.7
49.1	49.8
49.1	49.9
49.1	49.10
49.2	49.11
49.14	49.12
49.1	49.13
49.6	49.14
49.1	49.15
49.12	49.16
49.13	49.17
49.5	49.18
49.1	49.19
49.14	49.20
49.13	49.21
49.10	49.22
49.13	49.23
49.14	49.24
49.13	49.25
49.1	49.26
49.13	49.27
49.14	49.28
49.13	49.29
49.13	49.30
49.13	49.31
49.13	49.32
49.12	49.33
49.13	49.34
49.13	49.35
49.13	49.36
49.13	49.37
49.13	49.38
49.13	49.39
49.1	49.40
49.9	49.41
49.1	49.42
49.1	49.43
49.14	49.44
49.13	49.45
49.8	49.46
49.14	49.47
49.13	49.48
49.12	49.49
49.1	49.50
49.3	49.51
49.1	49.52
49.13	49.53
49.5	49.54
49.13	49.55
49.1	49.56
49.10	49.57
49.1	49.58
49.13	49.59
49.14	49.60
49.1	49.61
49.7	49.62
49.11	49.63
49.4	49.64
50.10	50.1
50.10	50.2
50.2	50.3
50.10	50.4
50.2	50.5
50.10	50.6
50.10	50.7
50.10	50.8
50.10	50.9
50.10	50.10
50.11	50.11
50.2	50.12
50.10	50.13
50.10	50.14
50.10	50.15
50.11	50.16
50.2	50.17
50.2	50.18
50.10	50.19
50.2	50.20
50.10	50.21
50.10	50.22
50.2	50.23
50.10	50.24
50.10	50.25
50.2	50.26
50.11	50.27
50.10	50.28
50.10	50.29
50.1	50.30
50.2	50.31
50.10	50.32
50.11	50.33
50.2	50.34
50.10	50.35
50.10	50.36
50.10	50.37
50.10	50.38
50.4	50.39
50.10	50.40
50.10	50.41
50.8	50.42
50.7	50.43
50.6	50.44
50.10	50.45
50.10	50.46
50.10	50.47
50.6	50.48
50.2	50.49
50.10	50.50
50.5	50.51
50.10	50.52
50.11	50.53
50.2	50.54
50.10	50.55
50.10	50.56
50.2	50.57
50.3	50.58
50.10	50.59
50.10	50.60
50.9	50.61
50.10	50.62
50.10	50.63
50.2	50.64
51.1	51.1
51.13	51.2
51.13	51.3
51.7	51.4
51.1	51.5
51.13	51.6
51.13	51.7
51.14	51.8
51.16	51.9
51.16	51.10
51.16	51.11
51.6	51.12
51.13	51.13
51.15	51.14
51.1	51.15
51.1	51.16
51.16	51.17
51.6	51.18
51.13	51.19
51.12	51.20
51.4	51.21
51.13	51.22
51.6	51.23
51.13	51.24
51.6	51.25
51.13	51.26
51.16	51.27
51.10	51.28
51.13	51.29
51.9	51.30
51.16	51.31
51.13	51.32
51.12	51.33
51.2	51.34
51.13	51.35
51.13	51.36
51.14	51.37
51.13	51.38
51.13	51.39
51.13	51.40
51.13	51.41
51.13	51.42
51.10	51.43
51.16	51.44
51.5	51.45
51.16	51.46
51.14	51.47
51.1	51.48
51.16	51.49
51.13	51.50
51.8	51.51
51.11	51.52
51.16	51.53
51.13	51.54
51.13	51.55
51.16	51.56
51.16	51.57
51.3	51.58
51.13	51.59
51.7	51.60
51.16	51.61
51.13	51.62
51.14	51.63
51.12	51.64
52.1	52.1
52.1	52.2
52.1	52.3
52.1	52.4
52.1	52.5
52.1	52.6
52.9	52.7
52.1	52.8
52.1	52.9
52.5	52.10
52.11	52.11
52.1	52.12
52.16	52.13
52.1	52.14
52.16	52.15
52.16	52.16
52.1	52.17
52.1	52.18
52.16	52.19
52.1	52.20
52.12	52.21
52.1	52.22
52.13	52.23
52.1	52.24
52.1	52.25
52.1	52.26
52.1	52.27
52.16	52.28
52.1	52.29
52.16	52.30
52.1	52.31
52.8	52.32
52.18	52.33
52.1	52.34
52.12	52.35
52.12	52.36
52.16	52.37
52.17	52.38
52.16	52.39
52.1	52.40
52.1	52.41
52.17	52.42
52.1	52.43
52.16	52.44
52.12	52.45
52.1	52.46
52.3	52.47
52.12	52.48
52.16	52.49
52.1	52.50
52.10	52.51
52.1	52.52
52.2	52.53
52.7	52.54
52.1	52.55
52.16	52.56
52.4	52.57
52.6	52.58
52.1	52.59
52.14	52.60
52.14	52.61
52.15	52.62
52.1	52.63
52.16	52.64
53.1	53.1
53.1	53.2
53.1	53.3
53.1	53.4
53.1	53.5
53.1	53.6
53.9	53.7
53.9	53.8
53.1	53.9
53.1	53.10
53.1	53.11
53.1	53.12
53.1	53.13
53.10	53.14
53.6	53.15
53.1	53.16
53.1	53.17
53.8	53.18
53.1	53.19
53.1	53.20
53.1	53.21
53.1	53.22
53.1	53.23
53.3	53.24
53.1	53.25
53.1	53.26
53.1	53.27
53.7	53.28
53.9	53.29
53.1	53.30
53.11	53.31
53.1	53.32
53.8	53.33
53.1	53.34
53.1	53.35
53.9	53.36
53.1	53.37
53.9	53.38
53.5	53.39
53.1	53.40
53.1	53.41
53.1	53.42
53.4	53.43
53.1	53.44
53.6	53.45
53.1	53.46
53.1	53.47
53.9	53.48
53.1	53.49
53.9	53.50
53.1	53.51
53.2	53.52
53.1	53.53
53.1	53.54
53.1	53.55
53.1	53.56
53.10	53.57
53.1	53.58
53.1	53.59
53.1	53.60
53.1	53.61
53.1	53.62
53.1	53.63
53.1	53.64
54.17	54.1
54.17	54.2
54.11	54.3
54.17	54.4
54.17	54.5
54.7	54.6
54.7	54.7
54.7	54.8
54.7	54.9
54.7	54.10
54.1	54.11
54.17	54.12
54.7	54.13
54.7	54.14
54.17	54.15
54.7	54.16
54.11	54.17
54.12	54.18
54.7	54.19
54.11	54.20
54.7	54.21
54.1	54.22
54.11	54.23
54.2	54.24
54.10	54.25
54.5	54.26
54.11	54.27
54.11	54.28
54.17	54.29
54.17	54.30
54.17	54.31
54.12	54.32
54.11	54.33
54.11	54.34
54.17	54.35
54.6	54.36
54.1	54.37
54.7	54.38
54.17	54.39
54.7	54.40
54.8	54.41
54.7	54.42
54.7	54.43
54.3	54.44
54.17	54.45
54.11	54.46
54.11	54.47
54.4	54.48
54.7	54.49
54.1	54.50
54.11	54.51
54.11	54.52
54.7	54.53
54.15	54.54
54.13	54.55
54.17	54.56
54.16	54.57
54.7	54.58
54.14	54.59
54.9	54.60
54.11	54.61
54.17	54.62
54.7	54.63
54.7	54.64
55.1	55.1
55.12	55.2
55.6	55.3
55.12	55.4
55.1	55.5
55.11	55.6
55.12	55.7
55.1	55.8
55.4	55.9
55.1	55.10
55.12	55.11
55.7	55.12
55.1	55.13
55.1	55.14
55.1	55.15
55.1	55.16
55.12	55.17
55.1	55.18
55.9	55.19
55.5	55.20
55.1	55.21
55.9	55.22
55.2	55.23
55.1	55.24
55.1	55.25
55.1	55.26
55.1	55.27
55.1	55.28
55.1	55.29
55.12	55.30
55.11	55.31
55.12	55.32
55.1	55.33
55.1	55.34
55.1	55.35
55.12	55.36
55.12	55.37
55.8	55.38
55.1	55.39
55.12	55.40
55.3	55.41
55.1	55.42
55.1	55.43
55.1	55.44
55.1	55.45
55.1	55.46
55.1	55.47
55.9	55.48
55.9	55.49
55.1	55.50
55.1	55.51
55.1	55.52
55.12	55.53
55.1	55.54
55.1	55.55
55.1	55.56
55.1	55.57
55.12	55.58
55.1	55.59
55.9	55.60
55.10	55.61
55.1	55.62
55.1	55.63
55.1	55.64
56.10	56.1
56.10	56.2
56.10	56.3
56.1	56.4
56.4	56.5
56.2	56.6
56.1	56.7
56.1	56.8
56.10	56.9
56.10	56.10
56.1	56.11
56.10	56.12
56.1	56.13
56.1	56.14
56.1	56.15
56.10	56.16
56.10	56.17
56.1	56.18
56.8	56.19
56.1	56.20
56.1	56.21
56.4	56.22
56.1	56.23
56.1	56.24
56.10	56.25
56.1	56.26
56.12	56.27
56.1	56.28
56.10	56.29
56.10	56.30
56.6	56.31
56.11	56.32
56.10	56.33
56.10	56.34
56.12	56.35
56.1	56.36
56.13	56.37
56.1	56.38
56.12	56.39
56.1	56.40
56.8	56.41
56.10	56.42
56.13	56.43
56.12	56.44
56.10	56.45
56.10	56.46
56.10	56.47
56.1	56.48
56.8	56.49
56.13	56.50
56.10	56.51
56.1	56.52
56.7	56.53
56.1	56.54
56.3	56.55
56.1	56.56
56.11	56.57
56.5	56.58
56.5	56.59
56.9	56.60
56.1	56.61
56.10	56.62
56.10	56.63
56.10	56.64
57.11	57.1
57.11	57.2
57.11	57.3
57.1	57.4
57.11	57.5
57.11	57.6
57.11	57.7
57.11	57.8
57.11	57.9
57.11	57.10
57.11	57.11
57.11	57.12
57.11	57.13
57.11	57.14
57.12	57.15
57.11	57.16
57.11	57.17
57.11	57.18
57.11	57.19
57.10	57.20
57.11	57.21
57.7	57.22
57.11	57.23
57.11	57.24
57.1	57.25
57.14	57.26
57.11	57.27
57.1	57.28
57.2	57.29
57.1	57.30
57.1	57.31
57.11	57.32
57.1	57.33
57.1	57.34
57.13	57.35
57.1	57.36
57.4	57.37
57.1	57.38
57.11	57.39
57.16	57.40
57.17	57.41
57.8	57.42
57.1	57.43
57.11	57.44
57.11	57.45
57.11	57.46
57.9	57.47
57.11	57.48
57.6	57.49
57.1	57.50
57.11	57.51
57.15	57.52
57.13	57.53
57.10	57.54
57.11	57.55
57.11	57.56
57.5	57.57
57.12	57.58
57.16	57.59
57.14	57.60
57.3	57.61
57.1	57.62
57.1	57.63
57.14	57.64
58.5	58.1
58.5	58.2
58.1	58.3
58.5	58.4
58.5	58.5
58.5	58.6
58.5	58.7
58.5	58.8
58.1	58.9
58.5	58.10
58.5	58.11
58.5	58.12
58.5	58.13
58.4	58.14
58.5	58.15
58.1	58.16
58.5	58.17
58.5	58.18
58.1	58.19
58.1	58.20
58.5	58.21
58.1	58.22
58.5	58.23
58.5	58.24
58.1	58.25
58.5	58.26
58.5	58.27
58.5	58.28
58.5	58.29
58.5	58.30
58.5	58.31
58.5	58.32
58.5	58.33
58.5	58.34
58.5	58.35
58.5	58.36
58.5	58.37
58.1	58.38
58.5	58.39
58.5	58.40
58.5	58.41
58.5	58.42
58.1	58.43
58.1	58.44
58.5	58.45
58.1	58.46
58.5	58.47
58.5	58.48
58.5	58.49
58.5	58.50
58.4	58.51
58.4	58.52
58.5	58.53
58.3	58.54
58.1	58.55
58.5	58.56
58.5	58.57
58.5	58.58
58.1	58.59
58.1	58.60
58.1	58.61
58.5	58.62
58.5	58.63
58.2	58.64
59.10	59.1
59.10	59.2
59.7	59.3
59.10	59.4
59.10	59.5
59.10	59.6
59.1	59.7
59.10	59.8
59.10	59.9
59.1	59.10
59.10	59.11
59.10	59.12
59.1	59.13
59.10	59.14
59.10	59.15
59.1	59.16
59.7	59.17
59.10	59.18
59.10	59.19
59.9	59.20
59.10	59.21
59.10	59.22
59.10	59.23
59.5	59.24
59.10	59.25
59.10	59.26
59.10	59.27
59.9	59.28
59.10	59.29
59.10	59.30
59.10	59.31
59.4	59.32
59.10	59.33
59.6	59.34
59.1	59.35
59.1	59.36
59.3	59.37
59.8	59.38
59.10	59.39
59.10	59.40
59.11	59.41
59.1	59.42
59.10	59.43
59.10	59.44
59.10	59.45
59.10	59.46
59.10	59.47
59.10	59.48
59.1	59.49
59.10	59.50
59.10	59.51
59.10	59.52
59.9	59.53
59.10	59.54
59.10	59.55
59.10	59.56
59.1	59.57
59.4	59.58
59.10	59.59
59.7	59.60
59.11	59.61
59.10	59.62
59.2	59.63
59.10	59.64
60.4	60.1
60.4	60.2
60.19	60.3
60.4	60.4
60.19	60.5
60.4	60.6
60.4	60.7
60.4	60.8
60.20	60.9
60.19	60.10
60.4	60.11
60.19	60.12
60.19	60.13
60.17	60.14
60.4	60.15
60.17	60.16
60.3	60.17
60.4	60.18
60.10	60.19
60.19	60.20
60.4	60.21
60.4	60.22
60.4	60.23
60.14	60.24
60.14	60.25
60.17	60.26
60.4	60.27
60.17	60.28
60.19	60.29
60.8	60.30
60.19	60.31
60.20	60.32
60.15	60.33
60.19	60.34
60.4	60.35
60.2	60.36
60.1	60.37
60.4	60.38
60.7	60.39
60.15	60.40
60.4	60.41
60.16	60.42
60.19	60.43
60.20	60.44
60.9	60.45
60.4	60.46
60.4	60.47
60.4	60.48
60.15	60.49
60.17	60.50
60.4	60.51
60.4	60.52
60.5	60.53
60.15	60.54
60.4	60.55
60.19	60.56
60.19	60.57
60.12	60.58
60.6	60.59
60.19	60.60
60.11	60.61
60.13	60.62
60.18	60.63
60.16	60.64
61.6	61.1
61.1	61.2
61.8	61.3
61.6	61.4
61.11	61.5
61.7	61.6
61.10	61.7
61.10	61.8
61.11	61.9
61.8	61.10
61.6	61.11
61.11	61.12
61.6	61.13
61.1	61.14
61.6	61.15
61.6	61.16
61.8	61.17
61.6	61.18
61.10	61.19
61.11	61.20
61.9	61.21
61.1	61.22
61.6	61.23
61.3	61.24
61.11	61.25
61.1	61.26
61.6	61.27
61.1	61.28
61.4	61.29
61.4	61.30
61.10	61.31
61.11	61.32
61.6	61.33
61.6	61.34
61.4	61.35
61.10	61.36
61.6	61.37
61.1	61.38
61.10	61.39
61.6	61.40
61.10	61.41
61.6	61.42
61.2	61.43
61.9	61.44
61.10	61.45
61.1	61.46
61.6	61.47
61.9	61.48
61.6	61.49
61.1	61.50
61.11	61.51
61.10	61.52
61.1	61.53
61.10	61.54
61.6	61.55
61.6	61.56
61.6	61.57
61.6	61.58
61.6	61.59
61.6	61.60
61.10	61.61
61.10	61.62
61.6	61.63
61.5	61.64
62.4	62.1
62.4	62.2
62.4	62.3
62.4	62.4
62.4	62.5
62.4	62.6
62.10	62.7
62.9	62.8
62.4	62.9
62.4	62.10
62.4	62.11
62.4	62.12
62.10	62.13
62.9	62.14
62.4	62.15
62.6	62.16
62.4	62.17
62.4	62.18
62.9	62.19
62.4	62.20
62.8	62.21
62.4	62.22
62.2	62.23
62.8	62.24
62.8	62.25
62.9	62.26
62.4	62.27
62.9	62.28
62.4	62.29
62.4	62.30
62.5	62.31
62.6	62.32
62.8	62.33
62.9	62.34
62.6	62.35
62.7	62.36
62.4	62.37
62.8	62.38
62.4	62.39
62.9	62.40
62.4	62.41
62.9	62.42
62.1	62.43
62.4	62.44
62.4	62.45
62.4	62.46
62.4	62.47
62.1	62.48
62.8	62.49
62.4	62.50
62.4	62.51
62.9	62.52
62.3	62.53
62.9	62.54
62.4	62.55
62.8	62.56
62.4	62.57
62.8	62.58
62.8	62.59
62.4	62.60
62.4	62.61
62.9	62.62
62.4	62.63
62.9	62.64
63.1	63.1
63.1	63.2
63.1	63.3
63.1	63.4
63.1	63.5
63.1	63.6
63.9	63.7
63.1	63.8
63.9	63.9
63.1	63.10
63.1	63.11
63.11	63.12
63.1	63.13
63.11	63.14
63.1	63.15
63.1	63.16
63.1	63.17
63.11	63.18
63.9	63.19
63.11	63.20
63.11	63.21
63.1	63.22
63.11	63.23
63.1	63.24
63.1	63.25
63.8	63.26
63.1	63.27
63.1	63.28
63.1	63.29
63.1	63.30
63.1	63.31
63.1	63.32
63.1	63.33
63.1	63.34
63.11	63.35
63.1	63.36
63.10	63.37
63.1	63.38
63.1	63.39
63.1	63.40
63.1	63.41
63.1	63.42
63.3	63.43
63.4	63.44
63.6	63.45
63.11	63.46
63.1	63.47
63.1	63.48
63.7	63.49
63.1	63.50
63.2	63.51
63.5	63.52
63.11	63.53
63.1	63.54
63.1	63.55
63.10	63.56
63.11	63.57
63.9	63.58
63.1	63.59
63.1	63.60
63.1	63.61
63.1	63.62
63.1	63.63
63.9	63.64
64.1	64.1
64.5	64.2
64.1	64.3
64.1	64.4
64.1	64.5
64.2	64.6
64.1	64.7
64.1	64.8
64.1	64.9
64.5	64.10
64.3	64.11
64.1	64.12
64.5	64.13
64.1	64.14
64.1	64.15
64.1	64.16
64.1	64.17
64.1	64.18
64.1	64.19
64.1	64.20
64.1	64.21
64.1	64.22
64.1	64.23
64.1	64.24
64.5	64.25
64.1	64.26
64.1	64.27
64.5	64.28
64.4	64.29
64.1	64.30
64.1	64.31
64.1	64.32
64.1	64.33
64.1	64.34
64.5	64.35
64.5	64.36
64.1	64.37
64.1	64.38
64.5	64.39
64.1	64.40
64.1	64.41
64.1	64.42
64.1	64.43
64.1	64.44
64.1	64.45
64.1	64.46
64.5	64.47
64.1	64.48
64.1	64.49
64.1	64.50
64.5	64.51
64.1	64.52
64.1	64.53
64.1	64.54
64.1	64.55
64.1	64.56
64.1	64.57
64.1	64.58
64.1	64.59
64.1	64.60
64.5	64.61
64.1	64.62
64.1	64.63
64.5	64.64
65.5	65.1
65.1	65.2
65.4	65.3
65.1	65.4
65.1	65.5
65.5	65.6
65.1	65.7
65.1	65.8
65.1	65.9
65.1	65.10
65.1	65.11
65.5	65.12
65.1	65.13
65.1	65.14
65.4	65.15
65.1	65.16
65.1	65.17
65.1	65.18
65.1	65.19
65.1	65.20
65.1	65.21
65.1	65.22
65.1	65.23
65.1	65.24
65.1	65.25
65.1	65.26
65.1	65.27
65.5	65.28
65.2	65.29
65.1	65.30
65.1	65.31
65.1	65.32
65.6	65.33
65.1	65.34
65.1	65.35
65.1	65.36
65.5	65.37
65.1	65.38
65.1	65.39
65.1	65.40
65.1	65.41
65.1	65.42
65.1	65.43
65.1	65.44
65.1	65.45
65.5	65.46
65.1	65.47
65.1	65.48
65.1	65.49
65.1	65.50
65.5	65.51
65.1	65.52
65.5	65.53
65.1	65.54
65.1	65.55
65.3	65.56
65.1	65.57
65.1	65.58
65.1	65.59
65.1	65.60
65.1	65.61
65.1	65.62
65.5	65.63
65.1	65.64
66.18	66.1
66.1	66.2
66.19	66.3
66.19	66.4
66.1	66.5
66.19	66.6
66.12	66.7
66.18	66.8
66.19	66.9
66.18	66.10
66.19	66.11
66.18	66.12
66.3	66.13
66.19	66.14
66.19	66.15
66.18	66.16
66.12	66.17
66.18	66.18
66.15	66.19
66.1	66.20
66.1	66.21
66.13	66.22
66.14	66.23
66.12	66.24
66.18	66.25
66.19	66.26
66.18	66.27
66.19	66.28
66.13	66.29
66.1	66.30
66.1	66.31
66.19	66.32
66.11	66.33
66.20	66.34
66.14	66.35
66.8	66.36
66.9	66.37
66.1	66.38
66.19	66.39
66.18	66.40
66.19	66.41
66.19	66.42
66.19	66.43
66.14	66.44
66.6	66.45
66.19	66.46
66.1	66.47
66.14	66.48
66.16	66.49
66.14	66.50
66.12	66.51
66.1	66.52
66.7	66.53
66.5	66.54
66.19	66.55
66.17	66.56
66.1	66.57
66.10	66.58
66.20	66.59
66.4	66.60
66.9	66.61
66.19	66.62
66.2	66.63
66.1	66.64
67.1	67.1
67.1	67.2
67.1	67.3
67.1	67.4
67.1	67.5
67.1	67.6
67.1	67.7
67.1	67.8
67.1	67.9
67.1	67.10
67.5	67.11
67.1	67.12
67.1	67.13
67.5	67.14
67.1	67.15
67.5	67.16
67.1	67.17
67.1	67.18
67.1	67.19
67.1	67.20
67.1	67.21
67.1	67.22
67.4	67.23
67.5	67.24
67.1	67.25
67.1	67.26
67.1	67.27
67.1	67.28
67.1	67.29
67.1	67.30
67.2	67.31
67.1	67.32
67.5	67.33
67.1	67.34
67.1	67.35
67.1	67.36
67.1	67.37
67.1	67.38
67.1	67.39
67.5	67.40
67.1	67.41
67.1	67.42
67.1	67.43
67.1	67.44
67.3	67.45
67.1	67.46
67.1	67.47
67.1	67.48
67.1	67.49
67.5	67.50
67.1	67.51
67.5	67.52
67.5	67.53
67.1	67.54
67.1	67.55
67.1	67.56
67.1	67.57
67.1	67.58
67.1	67.59
67.5	67.60
67.5	67.61
67.5	67.62
67.5	67.63
67.1	67.64
68.9	68.1
68.9	68.2
68.10	68.3
68.9	68.4
68.9	68.5
68.11	68.6
68.9	68.7
68.1	68.8
68.7	68.9
68.7	68.10
68.9	68.11
68.4	68.12
68.1	68.13
68.9	68.14
68.9	68.15
68.1	68.16
68.7	68.17
68.7	68.18
68.7	68.19
68.7	68.20
68.9	68.21
68.6	68.22
68.9	68.23
68.7	68.24
68.9	68.25
68.9	68.26
68.7	68.27
68.8	68.28
68.5	68.29
68.10	68.30
68.9	68.31
68.9	68.32
68.1	68.33
68.9	68.34
68.9	68.35
68.4	68.36
68.3	68.37
68.9	68.38
68.9	68.39
68.9	68.40
68.9	68.41
68.7	68.42
68.10	68.43
68.7	68.44
68.10	68.45
68.1	68.46
68.11	68.47
68.7	68.48
68.9	68.49
68.9	68.50
68.2	68.51
68.9	68.52
68.9	68.53
68.7	68.54
68.7	68.55
68.7	68.56
68.11	68.57
68.10	68.58
68.9	68.59
68.9	68.60
68.9	68.61
68.1	68.62
68.9	68.63
68.7	68.64
69.1	69.1
69.13	69.2
69.17	69.3
69.1	69.4
69.16	69.5
69.10	69.6
69.17	69.7
69.7	69.8
69.1	69.9
69.1	69.10
69.16	69.11
69.14	69.12
69.16	69.13
69.17	69.14
69.2	69.15
69.1	69.16
69.17	69.17
69.1	69.18
69.14	69.19
69.17	69.20
69.4	69.21
69.1	69.22
69.1	69.23
69.8	69.24
69.6	69.25
69.17	69.26
69.16	69.27
69.1	69.28
69.1	69.29
69.5	69.30
69.1	69.31
69.1	69.32
69.1	69.33
69.15	69.34
69.1	69.35
69.11	69.36
69.5	69.37
69.1	69.38
69.1	69.39
69.16	69.40
69.1	69.41
69.16	69.42
69.15	69.43
69.17	69.44
69.9	69.45
69.17	69.46
69.1	69.47
69.1	69.48
69.1	69.49
69.12	69.50
69.1	69.51
69.13	69.52
69.1	69.53
69.13	69.54
69.1	69.55
69.1	69.56
69.16	69.57
69.1	69.58
69.1	69.59
69.3	69.60
69.17	69.61
69.1	69.62
69.1	69.63
69.1	69.64
70.1	70.1
70.13	70.2
70.1	70.3
70.13	70.4
70.12	70.5
70.12	70.6
70.12	70.7
70.1	70.8
70.13	70.9
70.12	70.10
70.13	70.11
70.13	70.12
70.7	70.13
70.7	70.14
70.1	70.15
70.7	70.16
70.13	70.17
70.1	70.18
70.1	70.19
70.13	70.20
70.12	70.21
70.13	70.22
70.12	70.23
70.1	70.24
70.10	70.25
70.8	70.26
70.1	70.27
70.13	70.28
70.1	70.29
70.12	70.30
70.1	70.31
70.6	70.32
70.3	70.33
70.2	70.34
70.12	70.35
70.12	70.36
70.13	70.37
70.13	70.38
70.12	70.39
70.1	70.40
70.7	70.41
70.13	70.42
70.9	70.43
70.7	70.44
70.5	70.45
70.13	70.46
70.1	70.47
70.1	70.48
70.1	70.49
70.1	70.50
70.1	70.51
70.13	70.52
70.9	70.53
70.13	70.54
70.1	70.55
70.4	70.56
70.11	70.57
70.1	70.58
70.13	70.59
70.1	70.60
70.13	70.61
70.13	70.62
70.7	70.63
70.1	70.64
71.6	71.1
71.9	71.2
71.17	71.3
71.17	71.4
71.9	71.5
71.9	71.6
71.17	71.7
71.9	71.8
71.17	71.9
71.17	71.10
71.9	71.11
71.9	71.12
71.9	71.13
71.1	71.14
71.9	71.15
71.9	71.16
71.17	71.17
71.17	71.18
71.9	71.19
71.9	71.20
71.9	71.21
71.4	71.22
71.17	71.23
71.9	71.24
71.11	71.25
71.12	71.26
71.8	71.27
71.9	71.28
71.9	71.29
71.9	71.30
71.17	71.31
71.9	71.32
71.6	71.33
71.11	71.34
71.9	71.35
71.2	71.36
71.1	71.37
71.9	71.38
71.17	71.39
71.14	71.40
71.10	71.41
71.8	71.42
71.17	71.43
71.5	71.44
71.1	71.45
71.9	71.46
71.9	71.47
71.17	71.48
71.8	71.49
71.7	71.50
71.17	71.51
71.13	71.52
71.10	71.53
71.17	71.54
71.17	71.55
71.9	71.56
71.16	71.57
71.15	71.58
71.13	71.59
71.3	71.60
71.17	71.61
71.17	71.62
71.9	71.63
71.17	71.64
72.1	72.1
72.7	72.2
72.1	72.3
72.1	72.4
72.9	72.5
72.9	72.6
72.1	72.7
72.1	72.8
72.9	72.9
72.9	72.10
72.9	72.11
72.2	72.12
72.9	72.13
72.9	72.14
72.9	72.15
72.9	72.16
72.1	72.17
72.5	72.18
72.1	72.19
72.9	72.20
72.9	72.21
72.9	72.22
72.9	72.23
72.9	72.24
72.9	72.25
72.9	72.26
72.1	72.27
72.9	72.28
72.10	72.29
72.9	72.30
72.1	72.31
72.9	72.32
72.10	72.33
72.9	72.34
72.9	72.35
72.1	72.36
72.1	72.37
72.1	72.38
72.9	72.39
72.9	72.40
72.9	72.41
72.9	72.42
72.9	72.43
72.10	72.44
72.10	72.45
72.9	72.46
72.9	72.47
72.9	72.48
72.9	72.49
72.3	72.50
72.1	72.51
72.1	72.52
72.6	72.53
72.9	72.54
72.9	72.55
72.6	72.56
72.1	72.57
72.1	72.58
72.1	72.59
72.8	72.60
72.1	72.61
72.9	72.62
72.4	72.63
72.1	72.64
73.8	73.1
73.8	73.2
73.5	73.3
73.8	73.4
73.2	73.5
73.8	73.6
73.8	73.7
73.8	73.8
73.1	73.9
73.8	73.10
73.8	73.11
73.8	73.12
73.1	73.13
73.8	73.14
73.8	73.15
73.8	73.16
73.8	73.17
73.8	73.18
73.8	73.19
73.5	73.20
73.1	73.21
73.8	73.22
73.8	73.23
73.5	73.24
73.1	73.25
73.8	73.26
73.8	73.27
73.3	73.28
73.7	73.29
73.8	73.30
73.1	73.31
73.1	73.32
73.1	73.33
73.8	73.34
73.6	73.35
73.1	73.36
73.1	73.37
73.8	73.38
73.6	73.39
73.8	73.40
73.8	73.41
73.8	73.42
73.8	73.43
73.1	73.44
73.8	73.45
73.1	73.46
73.8	73.47
73.5	73.48
73.1	73.49
73.8	73.50
73.8	73.51
73.8	73.52
73.8	73.53
73.4	73.54
73.5	73.55
73.7	73.56
73.1	73.57
73.1	73.58
73.1	73.59
73.1	73.60
73.6	73.61
73.8	73.62
73.4	73.63
73.8	73.64
74.1	74.1
74.9	74.2
74.1	74.3
74.9	74.4
74.1	74.5
74.9	74.6
74.1	74.7
74.6	74.8
74.1	74.9
74.1	74.10
74.1	74.11
74.1	74.12
74.1	74.13
74.1	74.14
74.1	74.15
74.9	74.16
74.1	74.17
74.1	74.18
74.1	74.19
74.1	74.20
74.9	74.21
74.9	74.22
74.1	74.23
74.1	74.24
74.9	74.25
74.9	74.26
74.6	74.27
74.1	74.28
74.1	74.29
74.1	74.30
74.1	74.31
74.9	74.32
74.1	74.33
74.1	74.34
74.9	74.35
74.1	74.36
74.6	74.37
74.9	74.38
74.1	74.39
74.1	74.40
74.8	74.41
74.1	74.42
74.1	74.43
74.1	74.44
74.1	74.45
74.8	74.46
74.9	74.47
74.1	74.48
74.5	74.49
74.3	74.50
74.5	74.51
74.7	74.52
74.1	74.53
74.1	74.54
74.5	74.55
74.6	74.56
74.1	74.57
74.1	74.58
74.9	74.59
74.2	74.60
74.1	74.61
74.8	74.62
74.7	74.63
74.4	74.64
75.15	75.1
75.18	75.2
75.18	75.3
75.15	75.4
75.18	75.5
75.1	75.6
75.12	75.7
75.18	75.8
75.18	75.9
75.18	75.10
75.15	75.11
75.1	75.12
75.1	75.13
75.15	75.14
75.1	75.15
75.20	75.16
75.16	75.17
75.15	75.18
75.18	75.19
75.2	75.20
75.14	75.21
75.15	75.22
75.15	75.23
75.3	75.24
75.6	75.25
75.14	75.26
75.20	75.27
75.1	75.28
75.11	75.29
75.17	75.30
75.18	75.31
75.1	75.32
75.1	75.33
75.18	75.34
75.15	75.35
75.1	75.36
75.15	75.37
75.18	75.38
75.7	75.39
75.15	75.40
75.18	75.41
75.18	75.42
75.18	75.43
75.9	75.44
75.4	75.45
75.8	75.46
75.9	75.47
75.18	75.48
75.15	75.49
75.14	75.50
75.12	75.51
75.19	75.52
75.15	75.53
75.18	75.54
75.15	75.55
75.9	75.56
75.5	75.57
75.15	75.58
75.14	75.59
75.14	75.60
75.10	75.61
75.20	75.62
75.13	75.63
75.18	75.64
76.1	76.1
76.1	76.2
76.9	76.3
76.1	76.4
76.1	76.5
76.1	76.6
76.1	76.7
76.1	76.8
76.1	76.9
76.5	76.10
76.1	76.11
76.1	76.12
76.1	76.13
76.1	76.14
76.1	76.15
76.9	76.16
76.7	76.17
76.1	76.18
76.1	76.19
76.1	76.20
76.4	76.21
76.8	76.22
76.1	76.23
76.9	76.24
76.1	76.25
76.1	76.26
76.1	76.27
76.1	76.28
76.1	76.29
76.8	76.30
76.9	76.31
76.9	76.32
76.1	76.33
76.1	76.34
76.1	76.35
76.6	76.36
76.1	76.37
76.1	76.38
76.10	76.39
76.1	76.40
76.6	76.41
76.10	76.42
76.1	76.43
76.5	76.44
76.10	76.45
76.9	76.46
76.1	76.47
76.9	76.48
76.9	76.49
76.5	76.50
76.1	76.51
76.6	76.52
76.9	76.53
76.6	76.54
76.2	76.55
76.1	76.56
76.1	76.57
76.1	76.58
76.1	76.59
76.1	76.60
76.1	76.61
76.3	76.62
76.8	76.63
76.1	76.64
77.17	77.1
77.16	77.2
77.17	77.3
77.17	77.4
77.13	77.5
77.13	77.6
77.13	77.7
77.12	77.8
77.17	77.9
77.1	77.10
77.17	77.11
77.12	77.12
77.13	77.13
77.13	77.14
77.13	77.15
77.17	77.16
77.3	77.17
77.17	77.18
77.13	77.19
77.10	77.20
77.9	77.21
77.13	77.22
77.14	77.23
77.17	77.24
77.17	77.25
77.14	77.26
77.16	77.27
77.17	77.28
77.4	77.29
77.12	77.30
77.17	77.31
77.13	77.32
77.12	77.33
77.8	77.34
77.7	77.35
77.17	77.36
77.13	77.37
77.14	77.38
77.11	77.39
77.11	77.40
77.15	77.41
77.13	77.42
77.13	77.43
77.13	77.44
77.6	77.45
77.7	77.46
77.1	77.47
77.5	77.48
77.13	77.49
77.13	77.50
77.9	77.51
77.15	77.52
77.6	77.53
77.2	77.54
77.17	77.55
77.13	77.56
77.16	77.57
77.17	77.58
77.17	77.59
77.17	77.60
77.17	77.61
77.13	77.62
77.13	77.63
77.9	77.64
78.14	78.1
78.1	78.2
78.6	78.3
78.1	78.4
78.6	78.5
78.11	78.6
78.6	78.7
78.2	78.8
78.1	78.9
78.6	78.10
78.6	78.11
78.1	78.12
78.12	78.13
78.6	78.14
78.1	78.15
78.6	78.16
78.6	78.17
78.10	78.18
78.6	78.19
78.11	78.20
78.7	78.21
78.1	78.22
78.1	78.23
78.6	78.24
78.14	78.25
78.7	78.26
78.6	78.27
78.6	78.28
78.1	78.29
78.6	78.30
78.6	78.31
78.6	78.32
78.1	78.33
78.6	78.34
78.6	78.35
78.6	78.36
78.4	78.37
78.1	78.38
78.6	78.39
78.10	78.40
78.1	78.41
78.6	78.42
78.9	78.43
78.6	78.44
78.6	78.45
78.6	78.46
78.3	78.47
78.6	78.48
78.6	78.49
78.13	78.50
78.5	78.51
78.6	78.52
78.11	78.53
78.14	78.54
78.6	78.55
78.8	78.56
78.6	78.57
78.6	78.58
78.1	78.59
78.6	78.60
78.6	78.61
78.14	78.62
78.1	78.63
78.6	78.64
79.1	79.1
79.9	79.2
79.1	79.3
79.1	79.4
79.1	79.5
79.1	79.6
79.1	79.7
79.1	79.8
79.1	79.9
79.1	79.10
79.1	79.11
79.9	79.12
79.1	79.13
79.3	79.14
79.1	79.15
79.1	79.16
79.1	79.17
79.1	79.18
79.1	79.19
79.1	79.20
79.9	79.21
79.1	79.22
79.1	79.23
79.1	79.24
79.1	79.25
79.9	79.26
79.1	79.27
79.9	79.28
79.1	79.29
79.1	79.30
79.1	79.31
79.1	79.32
79.8	79.33
79.8	79.34
79.9	79.35
79.5	79.36
79.1	79.37
79.2	79.38
79.9	79.39
79.1	79.40
79.1	79.41
79.8	79.42
79.9	79.43
79.6	79.44
79.6	79.45
79.1	79.46
79.1	79.47
79.1	79.48
79.7	79.49
79.4	79.50
79.1	79.51
79.1	79.52
79.1	79.53
79.1	79.54
79.1	79.55
79.1	79.56
79.8	79.57
79.6	79.58
79.1	79.59
79.1	79.60
79.1	79.61
79.1	79.62
79.1	79.63
79.9	79.64
80.5	80.1
80.10	80.2
80.11	80.3
80.5	80.4
80.5	80.5
80.5	80.6
80.5	80.7
80.2	80.8
80.11	80.9
80.11	80.10
80.9	80.11
80.5	80.12
80.10	80.13
80.11	80.14
80.9	80.15
80.10	80.16
80.5	80.17
80.9	80.18
80.5	80.19
80.10	80.20
80.9	80.21
80.11	80.22
80.5	80.23
80.9	80.24
80.5	80.25
80.5	80.26
80.5	80.27
80.11	80.28
80.5	80.29
80.5	80.30
80.9	80.31
80.9	80.32
80.5	80.33
80.7	80.34
80.5	80.35
80.5	80.36
80.5	80.37
80.7	80.38
80.10	80.39
80.5	80.40
80.7	80.41
80.10	80.42
80.5	80.43
80.6	80.44
80.7	80.45
80.9	80.46
80.9	80.47
80.10	80.48
80.7	80.49
80.1	80.50
80.10	80.51
80.7	80.52
80.5	80.53
80.4	80.54
80.10	80.55
80.5	80.56
80.5	80.57
80.5	80.58
80.8	80.59
80.10	80.60
80.7	80.61
80.3	80.62
80.10	80.63
80.5	80.64
81.10	81.1
81.1	81.2
81.1	81.3
81.10	81.4
81.1	81.5
81.6	81.6
81.1	81.7
81.1	81.8
81.1	81.9
81.1	81.10
81.10	81.11
81.1	81.12
81.10	81.13
81.1	81.14
81.10	81.15
81.1	81.16
81.7	81.17
81.1	81.18
81.13	81.19
81.7	81.20
81.7	81.21
81.10	81.22
81.1	81.23
81.1	81.24
81.7	81.25
81.10	81.26
81.8	81.27
81.9	81.28
81.1	81.29
81.9	81.30
81.1	81.31
81.10	81.32
81.7	81.33
81.6	81.34
81.10	81.35
81.10	81.36
81.1	81.37
81.10	81.38
81.12	81.39
81.4	81.40
81.3	81.41
81.1	81.42
81.10	81.43
81.1	81.44
81.1	81.45
81.7	81.46
81.6	81.47
81.1	81.48
81.1	81.49
81.1	81.50
81.6	81.51
81.1	81.52
81.5	81.53
81.10	81.54
81.10	81.55
81.1	81.56
81.10	81.57
81.1	81.58
81.6	81.59
81.1	81.60
81.12	81.61
81.2	81.62
81.1	81.63
81.11	81.64
82.13	82.1
82.13	82.2
82.11	82.3
82.13	82.4
82.10	82.5
82.7	82.6
82.8	82.7
82.13	82.8
82.8	82.9
82.9	82.10
82.13	82.11
82.8	82.12
82.8	82.13
82.13	82.14
82.13	82.15
82.8	82.16
82.3	82.17
82.10	82.18
82.3	82.19
82.13	82.20
82.12	82.21
82.8	82.22
82.2	82.23
82.4	82.24
82.8	82.25
82.10	82.26
82.13	82.27
82.8	82.28
82.10	82.29
82.8	82.30
82.13	82.31
82.13	82.32
82.13	82.33
82.10	82.34
82.13	82.35
82.8	82.36
82.11	82.37
82.13	82.38
82.8	82.39
82.8	82.40
82.11	82.41
82.13	82.42
82.13	82.43
82.8	82.44
82.8	82.45
82.11	82.46
82.11	82.47
82.8	82.48
82.8	82.49
82.9	82.50
82.8	82.51
82.11	82.52
82.13	82.53
82.8	82.54
82.11	82.55
82.6	82.56
82.1	82.57
82.3	82.58
82.3	82.59
82.8	82.60
82.11	82.61
82.5	82.62
82.13	82.63
82.13	82.64
83.1	83.1
83.1	83.2
83.1	83.3
83.1	83.4
83.10	83.5
83.13	83.6
83.12	83.7
83.11	83.8
83.16	83.9
83.15	83.10
83.4	83.11
83.1	83.12
83.16	83.13
83.14	83.14
83.13	83.15
83.16	83.16
83.13	83.17
83.16	83.18
83.1	83.19
83.16	83.20
83.17	83.21
83.5	83.22
83.1	83.23
83.13	83.24
83.5	83.25
83.1	83.26
83.1	83.27
83.13	83.28
83.3	83.29
83.1	83.30
83.1	83.31
83.2	83.32
83.13	83.33
83.8	83.34
83.1	83.35
83.13	83.36
83.1	83.37
83.1	83.38
83.6	83.39
83.17	83.40
83.13	83.41
83.1	83.42
83.9	83.43
83.1	83.44
83.16	83.45
83.1	83.46
83.1	83.47
83.16	83.48
83.16	83.49
83.1	83.50
83.1	83.51
83.1	83.52
83.1	83.53
83.17	83.54
83.1	83.55
83.1	83.56
83.12	83.57
83.1	83.58
83.1	83.59
83.16	83.60
83.1	83.61
83.1	83.62
83.1	83.63
83.7	83.64
84.15	84.1
84.14	84.2
84.15	84.3
84.1	84.4
84.14	84.5
84.1	84.6
84.11	84.7
84.11	84.8
84.7	84.9
84.13	84.10
84.14	84.11
84.12	84.12
84.14	84.13
84.6	84.14
84.14	84.15
84.9	84.16
84.14	84.17
84.3	84.18
84.1	84.19
84.15	84.20
84.1	84.21
84.6	84.22
84.9	84.23
84.9	84.24
84.1	84.25
84.14	84.26
84.1	84.27
84.14	84.28
84.1	84.29
84.14	84.30
84.14	84.31
84.11	84.32
84.11	84.33
84.1	84.34
84.1	84.35
84.6	84.36
84.1	84.37
84.15	84.38
84.9	84.39
84.1	84.40
84.15	84.41
84.11	84.42
84.4	84.43
84.6	84.44
84.10	84.45
84.1	84.46
84.14	84.47
84.1	84.48
84.1	84.49
84.11	84.50
84.8	84.51
84.1	84.52
84.1	84.53
84.2	84.54
84.1	84.55
84.14	84.56
84.14	84.57
84.14	84.58
84.1	84.59
84.11	84.60
84.1	84.61
84.1	84.62
84.5	84.63
84.1	84.64
85.1	85.1
85.1	85.2
85.1	85.3
85.8	85.4
85.9	85.5
85.1	85.6
85.1	85.7
85.7	85.8
85.1	85.9
85.9	85.10
85.1	85.11
85.2	85.12
85.3	85.13
85.6	85.14
85.7	85.15
85.1	85.16
85.1	85.17
85.1	85.18
85.6	85.19
85.1	85.20
85.1	85.21
85.7	85.22
85.9	85.23
85.7	85.24
85.6	85.25
85.1	85.26
85.1	85.27
85.1	85.28
85.4	85.29
85.1	85.30
85.7	85.31
85.1	85.32
85.9	85.33
85.1	85.34
85.9	85.35
85.9	85.36
85.1	85.37
85.7	85.38
85.9	85.39
85.6	85.40
85.1	85.41
85.6	85.42
85.9	85.43
85.1	85.44
85.7	85.45
85.1	85.46
85.9	85.47
85.1	85.48
85.9	85.49
85.9	85.50
85.1	85.51
85.9	85.52
85.1	85.53
85.1	85.54
85.1	85.55
85.1	85.56
85.1	85.57
85.5	85.58
85.8	85.59
85.1	85.60
85.1	85.61
85.9	85.62
85.5	85.63
85.9	85.64
86.6	86.1
86.1	86.2
86.1	86.3
86.1	86.4
86.1	86.5
86.1	86.6
86.1	86.7
86.1	86.8
86.5	86.9
86.8	86.10
86.4	86.11
86.5	86.12
86.1	86.13
86.1	86.14
86.7	86.15
86.5	86.16
86.1	86.17
86.1	86.18
86.1	86.19
86.1	86.20
86.1	86.21
86.1	86.22
86.5	86.23
86.1	86.24
86.1	86.25
86.1	86.26
86.8	86.27
86.5	86.28
86.1	86.29
86.4	86.30
86.5	86.31
86.1	86.32
86.1	86.33
86.1	86.34
86.2	86.35
86.5	86.36
86.1	86.37
86.1	86.38
86.1	86.39
86.5	86.40
86.1	86.41
86.5	86.42
86.4	86.43
86.5	86.44
86.1	86.45
86.1	86.46
86.5	86.47
86.4	86.48
86.5	86.49
86.3	86.50
86.1	86.51
86.1	86.52
86.5	86.53
86.5	86.54
86.5	86.55
86.1	86.56
86.8	86.57
86.5	86.58
86.5	86.59
86.5	86.60
86.8	86.61
86.1	86.62
86.1	86.63
86.1	86.64
87.1	87.1
87.1	87.2
87.1	87.3
87.1	87.4
87.6	87.5
87.1	87.6
87.1	87.7
87.1	87.8
87.1	87.9
87.1	87.10
87.1	87.11
87.1	87.12
87.1	87.13
87.6	87.14
87.1	87.15
87.1	87.16
87.1	87.17
87.1	87.18
87.1	87.19
87.1	87.20
87.1	87.21
87.1	87.22
87.1	87.23
87.1	87.24
87.6	87.25
87.4	87.26
87.1	87.27
87.1	87.28
87.3	87.29
87.1	87.30
87.1	87.31
87.1	87.32
87.1	87.33
87.1	87.34
87.2	87.35
87.1	87.36
87.1	87.37
87.1	87.38
87.1	87.39
87.1	87.40
87.1	87.41
87.1	87.42
87.6	87.43
87.6	87.44
87.1	87.45
87.6	87.46
87.6	87.47
87.1	87.48
87.6	87.49
87.5	87.50
87.6	87.51
87.1	87.52
87.1	87.53
87.1	87.54
87.1	87.55
87.1	87.56
87.1	87.57
87.6	87.58
87.1	87.59
87.1	87.60
87.6	87.61
87.5	87.62
87.1	87.63
87.1	87.64
88.11	88.1
88.11	88.2
88.1	88.3
88.1	88.4
88.11	88.5
88.11	88.6
88.11	88.7
88.1	88.8
88.11	88.9
88.8	88.10
88.1	88.11
88.12	88.12
88.12	88.13
88.8	88.14
88.1	88.15
88.1	88.16
88.1	88.17
88.11	88.18
88.8	88.19
88.7	88.20
88.1	88.21
88.6	88.22
88.1	88.23
88.1	88.24
88.1	88.25
88.1	88.26
88.11	88.27
88.12	88.28
88.4	88.29
88.11	88.30
88.10	88.31
88.5	88.32
88.1	88.33
88.1	88.34
88.7	88.35
88.11	88.36
88.11	88.37
88.1	88.38
88.12	88.39
88.1	88.40
88.1	88.41
88.11	88.42
88.7	88.43
88.3	88.44
88.1	88.45
88.11	88.46
88.11	88.47
88.2	88.48
88.1	88.49
88.1	88.50
88.12	88.51
88.1	88.52
88.1	88.53
88.1	88.54
88.12	88.55
88.11	88.56
88.11	88.57
88.1	88.58
88.11	88.59
88.9	88.60
88.11	88.61
88.1	88.62
88.11	88.63
88.11	88.64
89.1	89.1
89.10	89.2
89.1	89.3
89.1	89.4
89.1	89.5
89.1	89.6
89.10	89.7
89.10	89.8
89.6	89.9
89.7	89.10
89.10	89.11
89.10	89.12
89.10	89.13
89.1	89.14
89.1	89.15
89.1	89.16
89.10	89.17
89.1	89.18
89.1	89.19
89.1	89.20
89.3	89.21
89.1	89.22
89.2	89.23
89.10	89.24
89.1	89.25
89.10	89.26
89.11	89.27
89.1	89.28
89.1	89.29
89.10	89.30
89.7	89.31
89.10	89.32
89.1	89.33
89.5	89.34
89.10	89.35
89.10	89.36
89.4	89.37
89.1	89.38
89.1	89.39
89.1	89.40
89.1	89.41
89.10	89.42
89.9	89.43
89.1	89.44
89.9	89.45
89.10	89.46
89.10	89.47
89.1	89.48
89.10	89.49
89.10	89.50
89.9	89.51
89.10	89.52
89.8	89.53
89.1	89.54
89.10	89.55
89.10	89.56
89.10	89.57
89.9	89.58
89.9	89.59
89.10	89.60
89.1	89.61
89.9	89.62
89.1	89.63
89.10	89.64
90.13	90.1
90.13	90.2
90.13	90.3
90.13	90.4
90.13	90.5
90.16	90.6
90.13	90.7
90.16	90.8
90.16	90.9
90.13	90.10
90.17	90.11
90.13	90.12
90.13	90.13
90.12	90.14
90.13	90.15
90.1	90.16
90.13	90.17
90.16	90.18
90.1	90.19
90.13	90.20
90.1	90.21
90.1	90.22
90.17	90.23
90.1	90.24
90.4	90.25
90.7	90.26
90.13	90.27
90.10	90.28
90.16	90.29
90.1	90.30
90.17	90.31
90.13	90.32
90.12	90.33
90.3	90.34
90.17	90.35
90.13	90.36
90.16	90.37
90.9	90.38
90.1	90.39
90.1	90.40
90.17	90.41
90.14	90.42
90.6	90.43
90.15	90.44
90.17	90.45
90.13	90.46
90.13	90.47
90.13	90.48
90.10	90.49
90.5	90.50
90.1	90.51
90.11	90.52
90.14	90.53
90.1	90.54
90.13	90.55
90.8	90.56
90.16	90.57
90.1	90.58
90.1	90.59
90.12	90.60
90.6	90.61
90.1	90.62
90.17	90.63
90.2	90.64
91.1	91.1
91.8	91.2
91.1	91.3
91.9	91.4
91.8	91.5
91.8	91.6
91.8	91.7
91.8	91.8
91.8	91.9
91.8	91.10
91.8	91.11
91.1	91.12
91.9	91.13
91.1	91.14
91.8	91.15
91.8	91.16
91.1	91.17
91.8	91.18
91.9	91.19
91.8	91.20
91.4	91.21
91.8	91.22
91.10	91.23
91.8	91.24
91.8	91.25
91.8	91.26
91.8	91.27
91.1	91.28
91.7	91.29
91.1	91.30
91.1	91.31
91.1	91.32
91.8	91.33
91.8	91.34
91.8	91.35
91.1	91.36
91.8	91.37
91.8	91.38
91.3	91.39
91.8	91.40
91.8	91.41
91.2	91.42
91.8	91.43
91.1	91.44
91.8	91.45
91.6	91.46
91.1	91.47
91.1	91.48
91.8	91.49
91.6	91.50
91.8	91.51
91.8	91.52
91.9	91.53
91.6	91.54
91.1	91.55
91.1	91.56
91.5	91.57
91.8	91.58
91.8	91.59
91.10	91.60
91.1	91.61
91.8	91.62
91.8	91.63
91.8	91.64
92.2	92.1
92.2	92.2
92.5	92.3
92.2	92.4
92.2	92.5
92.2	92.6
92.5	92.7
92.2	92.8
92.5	92.9
92.5	92.10
92.2	92.11
92.2	92.12
92.2	92.13
92.4	92.14
92.2	92.15
92.2	92.16
92.2	92.17
92.2	92.18
92.2	92.19
92.2	92.20
92.2	92.21
92.2	92.22
92.3	92.23
92.2	92.24
92.5	92.25
92.2	92.26
92.2	92.27
92.5	92.28
92.2	92.29
92.2	92.30
92.5	92.31
92.2	92.32
92.2	92.33
92.5	92.34
92.2	92.35
92.4	92.36
92.2	92.37
92.5	92.38
92.5	92.39
92.2	92.40
92.2	92.41
92.2	92.42
92.2	92.43
92.5	92.44
92.2	92.45
92.2	92.46
92.2	92.47
92.2	92.48
92.2	92.49
92.2	92.50
92.1	92.51
92.2	92.52
92.2	92.53
92.5	92.54
92.2	92.55
92.2	92.56
92.5	92.57
92.2	92.58
92.2	92.59
92.2	92.60
92.2	92.61
92.2	92.62
92.2	92.63
92.2	92.64
93.3	93.1
93.3	93.2
93.3	93.3
93.9	93.4
93.3	93.5
93.3	93.6
93.3	93.7
93.3	93.8
93.3	93.9
93.3	93.10
93.3	93.11
93.3	93.12
93.7	93.13
93.4	93.14
93.3	93.15
93.7	93.16
93.9	93.17
93.3	93.18
93.3	93.19
93.3	93.20
93.3	93.21
93.3	93.22
93.3	93.23
93.3	93.24
93.2	93.25
93.3	93.26
93.3	93.27
93.3	93.28
93.3	93.29
93.3	93.30
93.9	93.31
93.3	93.32
93.5	93.33
93.3	93.34
93.9	93.35
93.3	93.36
93.8	93.37
93.3	93.38
93.9	93.39
93.3	93.40
93.3	93.41
93.3	93.42
93.9	93.43
93.7	93.44
93.6	93.45
93.3	93.46
93.3	93.47
93.3	93.48
93.9	93.49
93.7	93.50
93.7	93.51
93.9	93.52
93.3	93.53
93.9	93.54
93.6	93.55
93.3	93.56
93.3	93.57
93.5	93.58
93.5	93.59
93.3	93.60
93.3	93.61
93.3	93.62
93.1	93.63
93.9	93.64
94.12	94.1
94.1	94.2
94.10	94.3
94.1	94.4
94.1	94.5
94.1	94.6
94.1	94.7
94.7	94.8
94.1	94.9
94.1	94.10
94.1	94.11
94.12	94.12
94.1	94.13
94.10	94.14
94.1	94.15
94.4	94.16
94.1	94.17
94.12	94.18
94.12	94.19
94.9	94.20
94.1	94.21
94.12	94.22
94.12	94.23
94.12	94.24
94.1	94.25
94.1	94.26
94.1	94.27
94.9	94.28
94.12	94.29
94.1	94.30
94.10	94.31
94.3	94.32
94.1	94.33
94.1	94.34
94.1	94.35
94.2	94.36
94.11	94.37
94.2	94.38
94.1	94.39
94.1	94.40
94.6	94.41
94.13	94.42
94.8	94.43
94.1	94.44
94.10	94.45
94.12	94.46
94.1	94.47
94.1	94.48
94.12	94.49
94.1	94.50
94.1	94.51
94.12	94.52
94.5	94.53
94.1	94.54
94.1	94.55
94.1	94.56
94.1	94.57
94.1	94.58
94.1	94.59
94.10	94.60
94.12	94.61
94.12	94.62
94.1	94.63
94.10	94.64
95.3	95.1
95.8	95.2
95.8	95.3
95.5	95.4
95.8	95.5
95.2	95.6
95.11	95.7
95.7	95.8
95.4	95.9
95.11	95.10
95.8	95.11
95.3	95.12
95.1	95.13
95.11	95.14
95.1	95.15
95.9	95.16
95.8	95.17
95.3	95.18
95.3	95.19
95.8	95.20
95.11	95.21
95.3	95.22
95.3	95.23
95.11	95.24
95.3	95.25
95.10	95.26
95.11	95.27
95.3	95.28
95.3	95.29
95.8	95.30
95.3	95.31
95.3	95.32
95.3	95.33
95.3	95.34
95.11	95.35
95.1	95.36
95.3	95.37
95.9	95.38
95.7	95.39
95.10	95.40
95.8	95.41
95.11	95.42
95.3	95.43
95.3	95.44
95.11	95.45
95.3	95.46
95.11	95.47
95.9	95.48
95.8	95.49
95.3	95.50
95.11	95.51
95.3	95.52
95.3	95.53
95.3	95.54
95.9	95.55
95.5	95.56
95.3	95.57
95.9	95.58
95.11	95.59
95.3	95.60
95.3	95.61
95.11	95.62
95.6	95.63
95.11	95.64
96.1	96.1
96.6	96.2
96.11	96.3
96.11	96.4
96.1	96.5
96.1	96.6
96.1	96.7
96.11	96.8
96.11	96.9
96.1	96.10
96.11	96.11
96.1	96.12
96.5	96.13
96.1	96.14
96.2	96.15
96.1	96.16
96.1	96.17
96.1	96.18
96.1	96.19
96.1	96.20
96.9	96.21
96.11	96.22
96.1	96.23
96.1	96.24
96.1	96.25
96.1	96.26
96.9	96.27
96.10	96.28
96.1	96.29
96.1	96.30
96.1	96.31
96.11	96.32
96.1	96.33
96.1	96.34
96.1	96.35
96.1	96.36
96.7	96.37
96.1	96.38
96.11	96.39
96.10	96.40
96.11	96.41
96.6	96.42
96.1	96.43
96.1	96.44
96.1	96.45
96.1	96.46
96.1	96.47
96.1	96.48
96.1	96.49
96.1	96.50
96.10	96.51
96.1	96.52
96.6	96.53
96.8	96.54
96.1	96.55
96.1	96.56
96.1	96.57
96.4	96.58
96.11	96.59
96.3	96.60
96.1	96.61
96.1	96.62
96.6	96.63
96.6	96.64
97.9	97.1
97.1	97.2
97.7	97.3
97.1	97.4
97.9	97.5
97.3	97.6
97.10	97.7
97.9	97.8
97.9	97.9
97.9	97.10
97.9	97.11
97.1	97.12
97.1	97.13
97.1	97.14
97.9	97.15
97.9	97.16
97.9	97.17
97.9	97.18
97.4	97.19
97.9	97.20
97.9	97.21
97.9	97.22
97.9	97.23
97.9	97.24
97.5	97.25
97.5	97.26
97.9	97.27
97.7	97.28
97.9	97.29
97.3	97.30
97.7	97.31
97.9	97.32
97.9	97.33
97.9	97.34
97.7	97.35
97.1	97.36
97.9	97.37
97.9	97.38
97.9	97.39
97.9	97.40
97.2	97.41
97.9	97.42
97.5	97.43
97.9	97.44
97.9	97.45
97.6	97.46
97.6	97.47
97.7	97.48
97.1	97.49
97.9	97.50
97.6	97.51
97.9	97.52
97.1	97.53
97.9	97.54
97.7	97.55
97.1	97.56
97.1	97.57
97.8	97.58
97.7	97.59
97.9	97.60
97.9	97.61
97.1	97.62
97.1	97.63
97.9	97.64
98.1	98.1
98.15	98.2
98.1	98.3
98.1	98.4
98.1	98.5
98.1	98.6
98.10	98.7
98.1	98.8
98.12	98.9
98.1	98.10
98.15	98.11
98.8	98.12
98.1	98.13
98.8	98.14
98.9	98.15
98.15	98.16
98.12	98.17
98.1	98.18
98.15	98.19
98.13	98.20
98.8	98.21
98.15	98.22
98.1	98.23
98.16	98.24
98.1	98.25
98.15	98.26
98.16	98.27
98.11	98.28
98.12	98.29
98.16	98.30
98.14	98.31
98.14	98.32
98.1	98.33
98.1	98.34
98.15	98.35
98.1	98.36
98.7	98.37
98.16	98.38
98.5	98.39
98.12	98.40
98.14	98.41
98.6	98.42
98.1	98.43
98.12	98.44
98.8	98.45
98.15	98.46
98.1	98.47
98.12	98.48
98.14	98.49
98.14	98.50
98.1	98.51
98.16	98.52
98.16	98.53
98.2	98.54
98.15	98.55
98.12	98.56
98.1	98.57
98.4	98.58
98.1	98.59
98.8	98.60
98.3	98.61
98.1	98.62
98.16	98.63
98.1	98.64
99.1	99.1
99.8	99.2
99.12	99.3
99.13	99.4
99.1	99.5
99.8	99.6
99.11	99.7
99.1	99.8
99.11	99.9
99.8	99.10
99.1	99.11
99.8	99.12
99.6	99.13
99.8	99.14
99.6	99.15
99.1	99.16
99.5	99.17
99.8	99.18
99.8	99.19
99.8	99.20
99.11	99.21
99.11	99.22
99.11	99.23
99.2	99.24
99.1	99.25
99.10	99.26
99.7	99.27
99.9	99.28
99.8	99.29
99.9	99.30
99.8	99.31
99.9	99.32
99.8	99.33
99.1	99.34
99.4	99.35
99.8	99.36
99.13	99.37
99.12	99.38
99.11	99.39
99.8	99.40
99.1	99.41
99.1	99.42
99.8	99.43
99.9	99.44
99.8	99.45
99.3	99.46
99.9	99.47
99.12	99.48
99.8	99.49
99.8	99.50
99.1	99.51
99.9	99.52
99.8	99.53
99.8	99.54
99.8	99.55
99.9	99.56
99.8	99.57
99.6	99.58
99.1	99.59
99.1	99.60
99.1	99.61
99.8	99.62
99.6	99.63
99.1	99.64
100.5	100.1
100.13	100.2
100.13	100.3
100.7	100.4
100.1	100.5
100.13	100.6
100.13	100.7
100.13	100.8
100.13	100.9
100.11	100.10
100.9	100.11
100.5	100.12
100.13	100.13
100.13	100.14
100.13	100.15
100.9	100.16
100.12	100.17
100.8	100.18
100.13	100.19
100.1	100.20
100.13	100.21
100.13	100.22
100.7	100.23
100.5	100.24
100.13	100.25
100.5	100.26
100.1	100.27
100.5	100.28
100.13	100.29
100.9	100.30
100.6	100.31
100.9	100.32
100.13	100.33
100.10	100.34
100.10	100.35
100.9	100.36
100.13	100.37
100.13	100.38
100.13	100.39
100.9	100.40
100.13	100.41
100.9	100.42
100.9	100.43
100.13	100.44
100.13	100.45
100.12	100.46
100.13	100.47
100.5	100.48
100.13	100.49
100.9	100.50
100.12	100.51
100.9	100.52
100.3	100.53
100.11	100.54
100.2	100.55
100.1	100.56
100.10	100.57
100.9	100.58
100.4	100.59
100.5	100.60
100.14	100.61
100.9	100.62
100.13	100.63
100.9	100.64