subTopicID	resultID
1.5	1.1
1.3	1.2
1.3	1.3
1.3	1.4
1.9	1.5
1.3	1.6
1.3	1.7
1.3	1.8
1.3	1.9
1.3	1.10
1.5	1.11
1.3	1.12
1.3	1.13
1.3	1.14
1.3	1.15
1.3	1.16
1.3	1.17
1.3	1.18
1.5	1.19
1.8	1.20
1.3	1.21
1.5	1.22
1.3	1.23
1.3	1.24
1.3	1.25
1.5	1.26
1.3	1.27
1.3	1.28
1.5	1.29
1.8	1.30
1.3	1.31
1.3	1.32
1.5	1.33
1.5	1.34
1.3	1.35
1.3	1.36
1.9	1.37
1.3	1.38
1.1	1.39
1.3	1.40
1.3	1.41
1.3	1.42
1.3	1.43
1.3	1.44
1.3	1.45
1.5	1.46
1.3	1.47
1.5	1.48
1.6	1.49
1.7	1.50
1.3	1.51
1.5	1.52
1.3	1.53
1.5	1.54
1.4	1.55
1.3	1.56
1.3	1.57
1.3	1.58
1.9	1.59
1.3	1.60
1.2	1.61
1.5	1.62
1.3	1.63
1.3	1.64
2.7	2.1
2.7	2.2
2.7	2.3
2.13	2.4
2.12	2.5
2.7	2.6
2.13	2.7
2.7	2.8
2.13	2.9
2.7	2.10
2.13	2.11
2.6	2.12
2.13	2.13
2.13	2.14
2.13	2.15
2.13	2.16
2.1	2.17
2.13	2.18
2.13	2.19
2.7	2.20
2.12	2.21
2.4	2.22
2.3	2.23
2.13	2.24
2.7	2.25
2.13	2.26
2.7	2.27
2.14	2.28
2.1	2.29
2.7	2.30
2.13	2.31
2.11	2.32
2.13	2.33
2.7	2.34
2.11	2.35
2.8	2.36
2.7	2.37
2.8	2.38
2.11	2.39
2.2	2.40
2.7	2.41
2.9	2.42
2.13	2.43
2.7	2.44
2.13	2.45
2.9	2.46
2.11	2.47
2.5	2.48
2.7	2.49
2.1	2.50
2.13	2.51
2.7	2.52
2.10	2.53
2.7	2.54
2.7	2.55
2.11	2.56
2.1	2.57
2.14	2.58
2.11	2.59
2.10	2.60
2.7	2.61
2.1	2.62
2.8	2.63
2.11	2.64
3.1	3.1
3.1	3.2
3.13	3.3
3.10	3.4
3.13	3.5
3.13	3.6
3.13	3.7
3.1	3.8
3.1	3.9
3.1	3.10
3.1	3.11
3.1	3.12
3.1	3.13
3.13	3.14
3.1	3.15
3.13	3.16
3.11	3.17
3.1	3.18
3.11	3.19
3.11	3.20
3.1	3.21
3.13	3.22
3.4	3.23
3.13	3.24
3.1	3.25
3.13	3.26
3.3	3.27
3.1	3.28
3.13	3.29
3.11	3.30
3.1	3.31
3.11	3.32
3.1	3.33
3.13	3.34
3.1	3.35
3.12	3.36
3.13	3.37
3.7	3.38
3.5	3.39
3.13	3.40
3.13	3.41
3.13	3.42
3.1	3.43
3.11	3.44
3.1	3.45
3.13	3.46
3.8	3.47
3.11	3.48
3.1	3.49
3.9	3.50
3.6	3.51
3.1	3.52
3.1	3.53
3.13	3.54
3.1	3.55
3.11	3.56
3.11	3.57
3.2	3.58
3.1	3.59
3.11	3.60
3.1	3.61
3.1	3.62
3.9	3.63
3.13	3.64
4.10	4.1
4.4	4.2
4.1	4.3
4.1	4.4
4.1	4.5
4.7	4.6
4.1	4.7
4.1	4.8
4.10	4.9
4.5	4.10
4.10	4.11
4.1	4.12
4.1	4.13
4.1	4.14
4.10	4.15
4.1	4.16
4.10	4.17
4.10	4.18
4.10	4.19
4.10	4.20
4.1	4.21
4.7	4.22
4.3	4.23
4.7	4.24
4.7	4.25
4.1	4.26
4.5	4.27
4.10	4.28
4.10	4.29
4.1	4.30
4.5	4.31
4.7	4.32
4.1	4.33
4.10	4.34
4.7	4.35
4.10	4.36
4.5	4.37
4.1	4.38
4.1	4.39
4.7	4.40
4.7	4.41
4.1	4.42
4.1	4.43
4.9	4.44
4.1	4.45
4.2	4.46
4.10	4.47
4.1	4.48
4.8	4.49
4.10	4.50
4.10	4.51
4.10	4.52
4.1	4.53
4.10	4.54
4.6	4.55
4.7	4.56
4.8	4.57
4.10	4.58
4.8	4.59
4.10	4.60
4.7	4.61
4.1	4.62
4.7	4.63
4.5	4.64
5.14	5.1
5.6	5.2
5.15	5.3
5.14	5.4
5.7	5.5
5.6	5.6
5.1	5.7
5.14	5.8
5.14	5.9
5.6	5.10
5.6	5.11
5.6	5.12
5.15	5.13
5.10	5.14
5.10	5.15
5.6	5.16
5.12	5.17
5.14	5.18
5.13	5.19
5.14	5.20
5.14	5.21
5.15	5.22
5.12	5.23
5.10	5.24
5.9	5.25
5.11	5.26
5.6	5.27
5.15	5.28
5.6	5.29
5.6	5.30
5.14	5.31
5.10	5.32
5.4	5.33
5.14	5.34
5.15	5.35
5.15	5.36
5.6	5.37
5.2	5.38
5.14	5.39
5.14	5.40
5.6	5.41
5.14	5.42
5.6	5.43
5.5	5.44
5.14	5.45
5.14	5.46
5.8	5.47
5.12	5.48
5.6	5.49
5.10	5.50
5.14	5.51
5.14	5.52
5.1	5.53
5.3	5.54
5.10	5.55
5.6	5.56
5.14	5.57
5.14	5.58
5.6	5.59
5.15	5.60
5.6	5.61
5.14	5.62
5.1	5.63
5.6	5.64
6.7	6.1
6.1	6.2
6.1	6.3
6.6	6.4
6.3	6.5
6.10	6.6
6.7	6.7
6.1	6.8
6.7	6.9
6.9	6.10
6.1	6.11
6.1	6.12
6.1	6.13
6.1	6.14
6.1	6.15
6.7	6.16
6.1	6.17
6.1	6.18
6.9	6.19
6.2	6.20
6.8	6.21
6.10	6.22
6.10	6.23
6.8	6.24
6.1	6.25
6.1	6.26
6.1	6.27
6.7	6.28
6.1	6.29
6.1	6.30
6.4	6.31
6.1	6.32
6.7	6.33
6.1	6.34
6.9	6.35
6.1	6.36
6.5	6.37
6.7	6.38
6.9	6.39
6.7	6.40
6.1	6.41
6.1	6.42
6.1	6.43
6.1	6.44
6.1	6.45
6.1	6.46
6.7	6.47
6.7	6.48
6.7	6.49
6.7	6.50
6.7	6.51
6.9	6.52
6.1	6.53
6.1	6.54
6.6	6.55
6.1	6.56
6.9	6.57
6.7	6.58
6.9	6.59
6.9	6.60
6.7	6.61
6.7	6.62
6.9	6.63
6.1	6.64
7.1	7.1
7.1	7.2
7.1	7.3
7.1	7.4
7.3	7.5
7.3	7.6
7.1	7.7
7.1	7.8
7.3	7.9
7.1	7.10
7.1	7.11
7.1	7.12
7.1	7.13
7.1	7.14
7.1	7.15
7.1	7.16
7.1	7.17
7.1	7.18
7.1	7.19
7.1	7.20
7.1	7.21
7.3	7.22
7.1	7.23
7.1	7.24
7.1	7.25
7.1	7.26
7.1	7.27
7.1	7.28
7.1	7.29
7.1	7.30
7.3	7.31
7.3	7.32
7.3	7.33
7.5	7.34
7.1	7.35
7.2	7.36
7.1	7.37
7.3	7.38
7.3	7.39
7.1	7.40
7.1	7.41
7.3	7.42
7.1	7.43
7.1	7.44
7.1	7.45
7.3	7.46
7.1	7.47
7.1	7.48
7.4	7.49
7.1	7.50
7.5	7.51
7.1	7.52
7.1	7.53
7.1	7.54
7.1	7.55
7.1	7.56
7.1	7.57
7.1	7.58
7.4	7.59
7.3	7.60
7.5	7.61
7.3	7.62
7.3	7.63
7.1	7.64
8.7	8.1
8.7	8.2
8.7	8.3
8.7	8.4
8.1	8.5
8.1	8.6
8.4	8.7
8.1	8.8
8.1	8.9
8.7	8.10
8.1	8.11
8.5	8.12
8.1	8.13
8.1	8.14
8.7	8.15
8.1	8.16
8.3	8.17
8.4	8.18
8.1	8.19
8.1	8.20
8.2	8.21
8.4	8.22
8.1	8.23
8.1	8.24
8.7	8.25
8.7	8.26
8.5	8.27
8.4	8.28
8.4	8.29
8.7	8.30
8.4	8.31
8.4	8.32
8.1	8.33
8.7	8.34
8.1	8.35
8.7	8.36
8.7	8.37
8.7	8.38
8.5	8.39
8.4	8.40
8.7	8.41
8.7	8.42
8.4	8.43
8.1	8.44
8.4	8.45
8.1	8.46
8.1	8.47
8.7	8.48
8.7	8.49
8.7	8.50
8.7	8.51
8.4	8.52
8.7	8.53
8.7	8.54
8.7	8.55
8.4	8.56
8.1	8.57
8.4	8.58
8.4	8.59
8.5	8.60
8.4	8.61
8.6	8.62
8.1	8.63
8.1	8.64
9.8	9.1
9.11	9.2
9.6	9.3
9.6	9.4
9.11	9.5
9.11	9.6
9.11	9.7
9.9	9.8
9.11	9.9
9.11	9.10
9.11	9.11
9.6	9.12
9.9	9.13
9.1	9.14
9.9	9.15
9.6	9.16
9.4	9.17
9.6	9.18
9.6	9.19
9.6	9.20
9.6	9.21
9.6	9.22
9.1	9.23
9.9	9.24
9.10	9.25
9.2	9.26
9.9	9.27
9.8	9.28
9.6	9.29
9.11	9.30
9.6	9.31
9.8	9.32
9.7	9.33
9.6	9.34
9.11	9.35
9.11	9.36
9.9	9.37
9.5	9.38
9.3	9.39
9.4	9.40
9.6	9.41
9.7	9.42
9.1	9.43
9.3	9.44
9.1	9.45
9.12	9.46
9.9	9.47
9.11	9.48
9.8	9.49
9.6	9.50
9.11	9.51
9.6	9.52
9.11	9.53
9.11	9.54
9.8	9.55
9.9	9.56
9.6	9.57
9.8	9.58
9.6	9.59
9.11	9.60
9.11	9.61
9.9	9.62
9.11	9.63
9.9	9.64
10.8	10.1
10.8	10.2
10.1	10.3
10.1	10.4
10.8	10.5
10.8	10.6
10.8	10.7
10.9	10.8
10.1	10.9
10.8	10.10
10.8	10.11
10.1	10.12
10.6	10.13
10.8	10.14
10.8	10.15
10.8	10.16
10.8	10.17
10.8	10.18
10.8	10.19
10.8	10.20
10.9	10.21
10.8	10.22
10.9	10.23
10.8	10.24
10.10	10.25
10.10	10.26
10.10	10.27
10.1	10.28
10.8	10.29
10.1	10.30
10.6	10.31
10.10	10.32
10.3	10.33
10.5	10.34
10.8	10.35
10.10	10.36
10.8	10.37
10.8	10.38
10.1	10.39
10.10	10.40
10.8	10.41
10.2	10.42
10.2	10.43
10.8	10.44
10.1	10.45
10.8	10.46
10.1	10.47
10.6	10.48
10.1	10.49
10.1	10.50
10.1	10.51
10.8	10.52
10.9	10.53
10.8	10.54
10.10	10.55
10.1	10.56
10.1	10.57
10.1	10.58
10.1	10.59
10.7	10.60
10.1	10.61
10.4	10.62
10.8	10.63
10.2	10.64
11.9	11.1
11.5	11.2
11.9	11.3
11.1	11.4
11.1	11.5
11.1	11.6
11.8	11.7
11.1	11.8
11.1	11.9
11.9	11.10
11.1	11.11
11.1	11.12
11.9	11.13
11.1	11.14
11.8	11.15
11.1	11.16
11.3	11.17
11.8	11.18
11.1	11.19
11.9	11.20
11.3	11.21
11.4	11.22
11.1	11.23
11.7	11.24
11.9	11.25
11.1	11.26
11.8	11.27
11.9	11.28
11.9	11.29
11.9	11.30
11.1	11.31
11.9	11.32
11.1	11.33
11.1	11.34
11.1	11.35
11.1	11.36
11.1	11.37
11.9	11.38
11.1	11.39
11.7	11.40
11.1	11.41
11.9	11.42
11.1	11.43
11.1	11.44
11.1	11.45
11.1	11.46
11.1	11.47
11.6	11.48
11.1	11.49
11.8	11.50
11.1	11.51
11.9	11.52
11.9	11.53
11.1	11.54
11.9	11.55
11.7	11.56
11.1	11.57
11.8	11.58
11.2	11.59
11.9	11.60
11.1	11.61
11.1	11.62
11.1	11.63
11.1	11.64
12.12	12.1
12.4	12.2
12.8	12.3
12.2	12.4
12.1	12.5
12.12	12.6
12.10	12.7
12.12	12.8
12.1	12.9
12.5	12.10
12.12	12.11
12.12	12.12
12.12	12.13
12.12	12.14
12.11	12.15
12.12	12.16
12.12	12.17
12.7	12.18
12.12	12.19
12.14	12.20
12.13	12.21
12.12	12.22
12.6	12.23
12.12	12.24
12.12	12.25
12.13	12.26
12.9	12.27
12.1	12.28
12.12	12.29
12.1	12.30
12.1	12.31
12.13	12.32
12.1	12.33
12.12	12.34
12.3	12.35
12.12	12.36
12.1	12.37
12.12	12.38
12.11	12.39
12.12	12.40
12.1	12.41
12.13	12.42
12.1	12.43
12.7	12.44
12.1	12.45
12.12	12.46
12.12	12.47
12.12	12.48
12.7	12.49
12.1	12.50
12.1	12.51
12.1	12.52
12.13	12.53
12.12	12.54
12.9	12.55
12.1	12.56
12.10	12.57
12.12	12.58
12.13	12.59
12.12	12.60
12.12	12.61
12.12	12.62
12.13	12.63
12.1	12.64
13.1	13.1
13.1	13.2
13.1	13.3
13.7	13.4
13.1	13.5
13.1	13.6
13.2	13.7
13.9	13.8
13.5	13.9
13.9	13.10
13.9	13.11
13.1	13.12
13.8	13.13
13.9	13.14
13.9	13.15
13.1	13.16
13.9	13.17
13.9	13.18
13.9	13.19
13.1	13.20
13.1	13.21
13.9	13.22
13.1	13.23
13.9	13.24
13.1	13.25
13.9	13.26
13.9	13.27
13.1	13.28
13.1	13.29
13.9	13.30
13.8	13.31
13.7	13.32
13.8	13.33
13.1	13.34
13.8	13.35
13.9	13.36
13.9	13.37
13.3	13.38
13.1	13.39
13.1	13.40
13.9	13.41
13.6	13.42
13.8	13.43
13.8	13.44
13.9	13.45
13.9	13.46
13.8	13.47
13.9	13.48
13.9	13.49
13.7	13.50
13.1	13.51
13.7	13.52
13.8	13.53
13.1	13.54
13.9	13.55
13.9	13.56
13.8	13.57
13.4	13.58
13.9	13.59
13.7	13.60
13.9	13.61
13.1	13.62
13.1	13.63
13.1	13.64
14.1	14.1
14.1	14.2
14.1	14.3
14.1	14.4
14.6	14.5
14.6	14.6
14.7	14.7
14.6	14.8
14.6	14.9
14.6	14.10
14.1	14.11
14.2	14.12
14.6	14.13
14.1	14.14
14.6	14.15
14.1	14.16
14.5	14.17
14.6	14.18
14.4	14.19
14.5	14.20
14.6	14.21
14.8	14.22
14.5	14.23
14.6	14.24
14.5	14.25
14.6	14.26
14.1	14.27
14.3	14.28
14.5	14.29
14.6	14.30
14.5	14.31
14.6	14.32
14.6	14.33
14.8	14.34
14.5	14.35
14.6	14.36
14.1	14.37
14.1	14.38
14.5	14.39
14.1	14.40
14.1	14.41
14.5	14.42
14.6	14.43
14.6	14.44
14.6	14.45
14.5	14.46
14.6	14.47
14.1	14.48
14.5	14.49
14.1	14.50
14.8	14.51
14.1	14.52
14.1	14.53
14.5	14.54
14.5	14.55
14.1	14.56
14.1	14.57
14.1	14.58
14.8	14.59
14.1	14.60
14.1	14.61
14.6	14.62
14.1	14.63
14.1	14.64
15.16	15.1
15.15	15.2
15.4	15.3
15.15	15.4
15.15	15.5
15.1	15.6
15.15	15.7
15.8	15.8
15.15	15.9
15.15	15.10
15.9	15.11
15.15	15.12
15.13	15.13
15.8	15.14
15.8	15.15
15.15	15.16
15.9	15.17
15.15	15.18
15.15	15.19
15.15	15.20
15.15	15.21
15.8	15.22
15.15	15.23
15.10	15.24
15.15	15.25
15.15	15.26
15.15	15.27
15.9	15.28
15.8	15.29
15.8	15.30
15.8	15.31
15.1	15.32
15.15	15.33
15.1	15.34
15.15	15.35
15.8	15.36
15.10	15.37
15.15	15.38
15.1	15.39
15.8	15.40
15.9	15.41
15.8	15.42
15.15	15.43
15.6	15.44
15.8	15.45
15.16	15.46
15.16	15.47
15.11	15.48
15.8	15.49
15.5	15.50
15.9	15.51
15.9	15.52
15.7	15.53
15.2	15.54
15.15	15.55
15.12	15.56
15.16	15.57
15.16	15.58
15.13	15.59
15.14	15.60
15.3	15.61
15.16	15.62
15.16	15.63
15.1	15.64
16.10	16.1
16.4	16.2
16.10	16.3
16.15	16.4
16.15	16.5
16.15	16.6
16.15	16.7
16.1	16.8
16.15	16.9
16.10	16.10
16.10	16.11
16.13	16.12
16.10	16.13
16.14	16.14
16.10	16.15
16.10	16.16
16.12	16.17
16.10	16.18
16.10	16.19
16.15	16.20
16.15	16.21
16.2	16.22
16.13	16.23
16.10	16.24
16.10	16.25
16.10	16.26
16.15	16.27
16.15	16.28
16.7	16.29
16.15	16.30
16.15	16.31
16.10	16.32
16.13	16.33
16.10	16.34
16.5	16.35
16.14	16.36
16.14	16.37
16.10	16.38
16.11	16.39
16.15	16.40
16.11	16.41
16.8	16.42
16.10	16.43
16.15	16.44
16.16	16.45
16.16	16.46
16.15	16.47
16.6	16.48
16.9	16.49
16.9	16.50
16.15	16.51
16.10	16.52
16.15	16.53
16.10	16.54
16.14	16.55
16.3	16.56
16.14	16.57
16.14	16.58
16.13	16.59
16.15	16.60
16.15	16.61
16.1	16.62
16.12	16.63
16.15	16.64
17.1	17.1
17.7	17.2
17.14	17.3
17.1	17.4
17.14	17.5
17.14	17.6
17.1	17.7
17.14	17.8
17.14	17.9
17.11	17.10
17.1	17.11
17.6	17.12
17.1	17.13
17.12	17.14
17.14	17.15
17.1	17.16
17.8	17.17
17.14	17.18
17.1	17.19
17.1	17.20
17.5	17.21
17.3	17.22
17.7	17.23
17.1	17.24
17.14	17.25
17.1	17.26
17.14	17.27
17.8	17.28
17.1	17.29
17.14	17.30
17.9	17.31
17.1	17.32
17.1	17.33
17.8	17.34
17.10	17.35
17.13	17.36
17.14	17.37
17.2	17.38
17.8	17.39
17.7	17.40
17.1	17.41
17.1	17.42
17.1	17.43
17.7	17.44
17.1	17.45
17.1	17.46
17.3	17.47
17.14	17.48
17.7	17.49
17.9	17.50
17.4	17.51
17.10	17.52
17.1	17.53
17.1	17.54
17.10	17.55
17.5	17.56
17.12	17.57
17.1	17.58
17.14	17.59
17.14	17.60
17.14	17.61
17.10	17.62
17.14	17.63
17.14	17.64
18.1	18.1
18.4	18.2
18.8	18.3
18.4	18.4
18.4	18.5
18.4	18.6
18.4	18.7
18.4	18.8
18.8	18.9
18.6	18.10
18.4	18.11
18.5	18.12
18.6	18.13
18.4	18.14
18.6	18.15
18.8	18.16
18.8	18.17
18.10	18.18
18.6	18.19
18.4	18.20
18.8	18.21
18.4	18.22
18.6	18.23
18.8	18.24
18.4	18.25
18.4	18.26
18.4	18.27
18.4	18.28
18.2	18.29
18.8	18.30
18.4	18.31
18.8	18.32
18.4	18.33
18.4	18.34
18.5	18.35
18.4	18.36
18.7	18.37
18.4	18.38
18.10	18.39
18.8	18.40
18.4	18.41
18.4	18.42
18.6	18.43
18.8	18.44
18.6	18.45
18.4	18.46
18.4	18.47
18.8	18.48
18.8	18.49
18.9	18.50
18.4	18.51
18.6	18.52
18.11	18.53
18.8	18.54
18.8	18.55
18.3	18.56
18.6	18.57
18.8	18.58
18.8	18.59
18.4	18.60
18.4	18.61
18.4	18.62
18.8	18.63
18.8	18.64
19.9	19.1
19.1	19.2
19.5	19.3
19.5	19.4
19.10	19.5
19.1	19.6
19.8	19.7
19.5	19.8
19.11	19.9
19.10	19.10
19.10	19.11
19.3	19.12
19.11	19.13
19.9	19.14
19.5	19.15
19.10	19.16
19.5	19.17
19.8	19.18
19.10	19.19
19.5	19.20
19.6	19.21
19.4	19.22
19.10	19.23
19.5	19.24
19.5	19.25
19.9	19.26
19.7	19.27
19.10	19.28
19.8	19.29
19.10	19.30
19.5	19.31
19.10	19.32
19.5	19.33
19.2	19.34
19.5	19.35
19.5	19.36
19.5	19.37
19.5	19.38
19.10	19.39
19.8	19.40
19.5	19.41
19.8	19.42
19.5	19.43
19.10	19.44
19.5	19.45
19.10	19.46
19.5	19.47
19.5	19.48
19.10	19.49
19.9	19.50
19.9	19.51
19.1	19.52
19.10	19.53
19.9	19.54
19.11	19.55
19.9	19.56
19.11	19.57
19.3	19.58
19.10	19.59
19.10	19.60
19.1	19.61
19.5	19.62
19.5	19.63
19.5	19.64
20.1	20.1
20.1	20.2
20.8	20.3
20.8	20.4
20.12	20.5
20.1	20.6
20.1	20.7
20.1	20.8
20.4	20.9
20.12	20.10
20.8	20.11
20.10	20.12
20.1	20.13
20.1	20.14
20.8	20.15
20.1	20.16
20.1	20.17
20.2	20.18
20.12	20.19
20.3	20.20
20.12	20.21
20.12	20.22
20.1	20.23
20.11	20.24
20.8	20.25
20.8	20.26
20.1	20.27
20.11	20.28
20.1	20.29
20.6	20.30
20.3	20.31
20.9	20.32
20.11	20.33
20.1	20.34
20.12	20.35
20.3	20.36
20.8	20.37
20.1	20.38
20.1	20.39
20.8	20.40
20.11	20.41
20.5	20.42
20.1	20.43
20.1	20.44
20.12	20.45
20.1	20.46
20.1	20.47
20.8	20.48
20.3	20.49
20.1	20.50
20.8	20.51
20.12	20.52
20.11	20.53
20.1	20.54
20.6	20.55
20.7	20.56
20.11	20.57
20.8	20.58
20.1	20.59
20.1	20.60
20.6	20.61
20.4	20.62
20.1	20.63
20.1	20.64
21.7	21.1
21.7	21.2
21.8	21.3
21.7	21.4
21.7	21.5
21.1	21.6
21.1	21.7
21.3	21.8
21.7	21.9
21.7	21.10
21.7	21.11
21.2	21.12
21.1	21.13
21.1	21.14
21.7	21.15
21.1	21.16
21.7	21.17
21.7	21.18
21.8	21.19
21.7	21.20
21.6	21.21
21.9	21.22
21.4	21.23
21.8	21.24
21.7	21.25
21.7	21.26
21.1	21.27
21.1	21.28
21.7	21.29
21.8	21.30
21.7	21.31
21.7	21.32
21.8	21.33
21.8	21.34
21.8	21.35
21.8	21.36
21.1	21.37
21.8	21.38
21.8	21.39
21.7	21.40
21.9	21.41
21.7	21.42
21.7	21.43
21.1	21.44
21.7	21.45
21.1	21.46
21.1	21.47
21.1	21.48
21.7	21.49
21.7	21.50
21.1	21.51
21.1	21.52
21.1	21.53
21.1	21.54
21.1	21.55
21.6	21.56
21.1	21.57
21.6	21.58
21.1	21.59
21.5	21.60
21.4	21.61
21.1	21.62
21.8	21.63
21.6	21.64
22.1	22.1
22.7	22.2
22.14	22.3
22.11	22.4
22.14	22.5
22.14	22.6
22.13	22.7
22.14	22.8
22.1	22.9
22.7	22.10
22.7	22.11
22.7	22.12
22.7	22.13
22.7	22.14
22.8	22.15
22.7	22.16
22.14	22.17
22.7	22.18
22.7	22.19
22.11	22.20
22.9	22.21
22.7	22.22
22.10	22.23
22.11	22.24
22.11	22.25
22.6	22.26
22.1	22.27
22.7	22.28
22.7	22.29
22.7	22.30
22.7	22.31
22.11	22.32
22.9	22.33
22.2	22.34
22.1	22.35
22.7	22.36
22.1	22.37
22.7	22.38
22.7	22.39
22.14	22.40
22.1	22.41
22.1	22.42
22.7	22.43
22.14	22.44
22.7	22.45
22.12	22.46
22.14	22.47
22.14	22.48
22.7	22.49
22.1	22.50
22.7	22.51
22.14	22.52
22.7	22.53
22.7	22.54
22.7	22.55
22.5	22.56
22.7	22.57
22.14	22.58
22.7	22.59
22.7	22.60
22.11	22.61
22.14	22.62
22.3	22.63
22.4	22.64
23.10	23.1
23.4	23.2
23.1	23.3
23.1	23.4
23.7	23.5
23.7	23.6
23.7	23.7
23.1	23.8
23.5	23.9
23.7	23.10
23.1	23.11
23.10	23.12
23.1	23.13
23.7	23.14
23.10	23.15
23.7	23.16
23.1	23.17
23.1	23.18
23.7	23.19
23.7	23.20
23.8	23.21
23.7	23.22
23.1	23.23
23.10	23.24
23.10	23.25
23.7	23.26
23.1	23.27
23.1	23.28
23.1	23.29
23.10	23.30
23.9	23.31
23.1	23.32
23.7	23.33
23.1	23.34
23.7	23.35
23.7	23.36
23.7	23.37
23.7	23.38
23.1	23.39
23.7	23.40
23.10	23.41
23.7	23.42
23.1	23.43
23.2	23.44
23.7	23.45
23.1	23.46
23.6	23.47
23.7	23.48
23.7	23.49
23.11	23.50
23.4	23.51
23.1	23.52
23.10	23.53
23.7	23.54
23.1	23.55
23.3	23.56
23.1	23.57
23.11	23.58
23.7	23.59
23.7	23.60
23.10	23.61
23.10	23.62
23.1	23.63
23.7	23.64
24.5	24.1
24.13	24.2
24.10	24.3
24.8	24.4
24.11	24.5
24.1	24.6
24.10	24.7
24.12	24.8
24.10	24.9
24.4	24.10
24.8	24.11
24.11	24.12
24.10	24.13
24.10	24.14
24.16	24.15
24.10	24.16
24.10	24.17
24.1	24.18
24.16	24.19
24.10	24.20
24.14	24.21
24.10	24.22
24.7	24.23
24.10	24.24
24.9	24.25
24.6	24.26
24.10	24.27
24.10	24.28
24.10	24.29
24.10	24.30
24.3	24.31
24.10	24.32
24.1	24.33
24.16	24.34
24.11	24.35
24.11	24.36
24.10	24.37
24.1	24.38
24.12	24.39
24.10	24.40
24.2	24.41
24.11	24.42
24.16	24.43
24.16	24.44
24.16	24.45
24.11	24.46
24.11	24.47
24.15	24.48
24.10	24.49
24.10	24.50
24.10	24.51
24.10	24.52
24.1	24.53
24.10	24.54
24.16	24.55
24.14	24.56
24.16	24.57
24.10	24.58
24.1	24.59
24.13	24.60
24.16	24.61
24.10	24.62
24.16	24.63
24.16	24.64
25.1	25.1
25.6	25.2
25.1	25.3
25.5	25.4
25.1	25.5
25.1	25.6
25.1	25.7
25.1	25.8
25.1	25.9
25.1	25.10
25.1	25.11
25.1	25.12
25.1	25.13
25.1	25.14
25.1	25.15
25.5	25.16
25.4	25.17
25.1	25.18
25.4	25.19
25.1	25.20
25.6	25.21
25.6	25.22
25.1	25.23
25.1	25.24
25.2	25.25
25.6	25.26
25.4	25.27
25.6	25.28
25.1	25.29
25.6	25.30
25.6	25.31
25.1	25.32
25.5	25.33
25.4	25.34
25.6	25.35
25.1	25.36
25.6	25.37
25.6	25.38
25.1	25.39
25.6	25.40
25.1	25.41
25.1	25.42
25.6	25.43
25.1	25.44
25.1	25.45
25.5	25.46
25.6	25.47
25.1	25.48
25.6	25.49
25.3	25.50
25.6	25.51
25.1	25.52
25.6	25.53
25.1	25.54
25.4	25.55
25.6	25.56
25.1	25.57
25.6	25.58
25.5	25.59
25.1	25.60
25.6	25.61
25.1	25.62
25.6	25.63
25.6	25.64
26.1	26.1
26.1	26.2
26.1	26.3
26.1	26.4
26.1	26.5
26.1	26.6
26.1	26.7
26.6	26.8
26.6	26.9
26.1	26.10
26.1	26.11
26.1	26.12
26.6	26.13
26.6	26.14
26.1	26.15
26.1	26.16
26.3	26.17
26.1	26.18
26.1	26.19
26.1	26.20
26.7	26.21
26.1	26.22
26.6	26.23
26.1	26.24
26.5	26.25
26.3	26.26
26.6	26.27
26.6	26.28
26.1	26.29
26.2	26.30
26.1	26.31
26.1	26.32
26.6	26.33
26.1	26.34
26.1	26.35
26.1	26.36
26.6	26.37
26.1	26.38
26.1	26.39
26.1	26.40
26.1	26.41
26.1	26.42
26.1	26.43
26.1	26.44
26.1	26.45
26.1	26.46
26.1	26.47
26.1	26.48
26.6	26.49
26.1	26.50
26.6	26.51
26.1	26.52
26.1	26.53
26.6	26.54
26.1	26.55
26.4	26.56
26.6	26.57
26.1	26.58
26.1	26.59
26.6	26.60
26.6	26.61
26.6	26.62
26.1	26.63
26.1	26.64
27.6	27.1
27.1	27.2
27.1	27.3
27.1	27.4
27.8	27.5
27.5	27.6
27.1	27.7
27.1	27.8
27.1	27.9
27.1	27.10
27.10	27.11
27.6	27.12
27.10	27.13
27.6	27.14
27.1	27.15
27.1	27.16
27.6	27.17
27.5	27.18
27.9	27.19
27.5	27.20
27.6	27.21
27.6	27.22
27.2	27.23
27.3	27.24
27.1	27.25
27.1	27.26
27.5	27.27
27.3	27.28
27.1	27.29
27.6	27.30
27.5	27.31
27.10	27.32
27.1	27.33
27.1	27.34
27.1	27.35
27.6	27.36
27.6	27.37
27.6	27.38
27.10	27.39
27.1	27.40
27.8	27.41
27.1	27.42
27.1	27.43
27.1	27.44
27.7	27.45
27.1	27.46
27.8	27.47
27.1	27.48
27.5	27.49
27.1	27.50
27.6	27.51
27.6	27.52
27.1	27.53
27.1	27.54
27.1	27.55
27.1	27.56
27.1	27.57
27.1	27.58
27.6	27.59
27.5	27.60
27.8	27.61
27.3	27.62
27.4	27.63
27.6	27.64
28.8	28.1
28.9	28.2
28.5	28.3
28.9	28.4
28.2	28.5
28.9	28.6
28.8	28.7
28.2	28.8
28.9	28.9
28.8	28.10
28.9	28.11
28.8	28.12
28.9	28.13
28.9	28.14
28.9	28.15
28.12	28.16
28.9	28.17
28.8	28.18
28.11	28.19
28.9	28.20
28.9	28.21
28.8	28.22
28.6	28.23
28.9	28.24
28.9	28.25
28.8	28.26
28.2	28.27
28.9	28.28
28.13	28.29
28.9	28.30
28.5	28.31
28.2	28.32
28.9	28.33
28.9	28.34
28.5	28.35
28.5	28.36
28.3	28.37
28.8	28.38
28.14	28.39
28.8	28.40
28.5	28.41
28.11	28.42
28.9	28.43
28.2	28.44
28.1	28.45
28.10	28.46
28.2	28.47
28.4	28.48
28.9	28.49
28.9	28.50
28.9	28.51
28.9	28.52
28.8	28.53
28.11	28.54
28.8	28.55
28.9	28.56
28.7	28.57
28.2	28.58
28.9	28.59
28.6	28.60
28.11	28.61
28.6	28.62
28.8	28.63
28.2	28.64
29.13	29.1
29.5	29.2
29.5	29.3
29.5	29.4
29.17	29.5
29.17	29.6
29.5	29.7
29.17	29.8
29.16	29.9
29.5	29.10
29.8	29.11
29.14	29.12
29.5	29.13
29.16	29.14
29.17	29.15
29.1	29.16
29.6	29.17
29.8	29.18
29.7	29.19
29.5	29.20
29.10	29.21
29.8	29.22
29.17	29.23
29.14	29.24
29.4	29.25
29.10	29.26
29.13	29.27
29.5	29.28
29.17	29.29
29.5	29.30
29.15	29.31
29.2	29.32
29.17	29.33
29.14	29.34
29.5	29.35
29.15	29.36
29.12	29.37
29.5	29.38
29.9	29.39
29.13	29.40
29.17	29.41
29.8	29.42
29.5	29.43
29.5	29.44
29.17	29.45
29.15	29.46
29.3	29.47
29.17	29.48
29.5	29.49
29.5	29.50
29.11	29.51
29.9	29.52
29.16	29.53
29.16	29.54
29.5	29.55
29.5	29.56
29.17	29.57
29.17	29.58
29.5	29.59
29.5	29.60
29.5	29.61
29.5	29.62
29.13	29.63
29.5	29.64
30.20	30.1
30.17	30.2
30.20	30.3
30.7	30.4
30.1	30.5
30.1	30.6
30.10	30.7
30.1	30.8
30.20	30.9
30.1	30.10
30.1	30.11
30.1	30.12
30.1	30.13
30.1	30.14
30.1	30.15
30.1	30.16
30.3	30.17
30.1	30.18
30.1	30.19
30.1	30.20
30.1	30.21
30.13	30.22
30.1	30.23
30.1	30.24
30.1	30.25
30.6	30.26
30.8	30.27
30.11	30.28
30.1	30.29
30.2	30.30
30.20	30.31
30.1	30.32
30.15	30.33
30.14	30.34
30.1	30.35
30.5	30.36
30.18	30.37
30.1	30.38
30.1	30.39
30.1	30.40
30.1	30.41
30.20	30.42
30.1	30.43
30.9	30.44
30.1	30.45
30.1	30.46
30.1	30.47
30.1	30.48
30.1	30.49
30.16	30.50
30.12	30.51
30.1	30.52
30.1	30.53
30.1	30.54
30.1	30.55
30.1	30.56
30.1	30.57
30.1	30.58
30.1	30.59
30.19	30.60
30.4	30.61
30.1	30.62
30.1	30.63
30.1	30.64
31.17	31.1
31.1	31.2
31.1	31.3
31.11	31.4
31.6	31.5
31.17	31.6
31.1	31.7
31.1	31.8
31.1	31.9
31.17	31.10
31.17	31.11
31.1	31.12
31.17	31.13
31.1	31.14
31.17	31.15
31.1	31.16
31.17	31.17
31.1	31.18
31.1	31.19
31.15	31.20
31.15	31.21
31.16	31.22
31.17	31.23
31.17	31.24
31.17	31.25
31.9	31.26
31.15	31.27
31.16	31.28
31.5	31.29
31.17	31.30
31.4	31.31
31.1	31.32
31.1	31.33
31.1	31.34
31.7	31.35
31.12	31.36
31.15	31.37
31.5	31.38
31.1	31.39
31.17	31.40
31.17	31.41
31.1	31.42
31.15	31.43
31.15	31.44
31.2	31.45
31.18	31.46
31.1	31.47
31.14	31.48
31.17	31.49
31.17	31.50
31.3	31.51
31.1	31.52
31.1	31.53
31.13	31.54
31.17	31.55
31.1	31.56
31.17	31.57
31.8	31.58
31.16	31.59
31.1	31.60
31.10	31.61
31.1	31.62
31.17	31.63
31.1	31.64
32.5	32.1
32.5	32.2
32.5	32.3
32.1	32.4
32.4	32.5
32.5	32.6
32.5	32.7
32.5	32.8
32.5	32.9
32.5	32.10
32.5	32.11
32.1	32.12
32.5	32.13
32.5	32.14
32.5	32.15
32.4	32.16
32.5	32.17
32.5	32.18
32.5	32.19
32.4	32.20
32.5	32.21
32.5	32.22
32.4	32.23
32.1	32.24
32.5	32.25
32.5	32.26
32.5	32.27
32.5	32.28
32.5	32.29
32.5	32.30
32.5	32.31
32.5	32.32
32.5	32.33
32.5	32.34
32.5	32.35
32.5	32.36
32.4	32.37
32.5	32.38
32.5	32.39
32.3	32.40
32.5	32.41
32.5	32.42
32.1	32.43
32.2	32.44
32.4	32.45
32.5	32.46
32.5	32.47
32.4	32.48
32.5	32.49
32.4	32.50
32.1	32.51
32.1	32.52
32.5	32.53
32.1	32.54
32.5	32.55
32.5	32.56
32.5	32.57
32.5	32.58
32.5	32.59
32.5	32.60
32.5	32.61
32.5	32.62
32.5	32.63
32.1	32.64
33.1	33.1
33.8	33.2
33.5	33.3
33.5	33.4
33.1	33.5
33.1	33.6
33.5	33.7
33.5	33.8
33.5	33.9
33.5	33.10
33.5	33.11
33.5	33.12
33.5	33.13
33.5	33.14
33.1	33.15
33.8	33.16
33.5	33.17
33.5	33.18
33.2	33.19
33.4	33.20
33.6	33.21
33.5	33.22
33.6	33.23
33.5	33.24
33.7	33.25
33.5	33.26
33.5	33.27
33.1	33.28
33.5	33.29
33.5	33.30
33.5	33.31
33.1	33.32
33.5	33.33
33.5	33.34
33.1	33.35
33.5	33.36
33.5	33.37
33.5	33.38
33.5	33.39
33.5	33.40
33.5	33.41
33.1	33.42
33.5	33.43
33.1	33.44
33.5	33.45
33.1	33.46
33.1	33.47
33.1	33.48
33.9	33.49
33.5	33.50
33.5	33.51
33.5	33.52
33.1	33.53
33.8	33.54
33.8	33.55
33.3	33.56
33.5	33.57
33.5	33.58
33.5	33.59
33.8	33.60
33.1	33.61
33.9	33.62
33.5	33.63
33.5	33.64
34.9	34.1
34.1	34.2
34.1	34.3
34.1	34.4
34.1	34.5
34.1	34.6
34.1	34.7
34.9	34.8
34.1	34.9
34.9	34.10
34.9	34.11
34.1	34.12
34.9	34.13
34.1	34.14
34.1	34.15
34.1	34.16
34.1	34.17
34.1	34.18
34.1	34.19
34.1	34.20
34.9	34.21
34.1	34.22
34.1	34.23
34.1	34.24
34.1	34.25
34.1	34.26
34.7	34.27
34.1	34.28
34.1	34.29
34.7	34.30
34.8	34.31
34.1	34.32
34.1	34.33
34.3	34.34
34.1	34.35
34.9	34.36
34.1	34.37
34.1	34.38
34.9	34.39
34.1	34.40
34.1	34.41
34.7	34.42
34.2	34.43
34.1	34.44
34.5	34.45
34.9	34.46
34.1	34.47
34.1	34.48
34.9	34.49
34.6	34.50
34.9	34.51
34.1	34.52
34.9	34.53
34.9	34.54
34.1	34.55
34.1	34.56
34.7	34.57
34.7	34.58
34.4	34.59
34.1	34.60
34.1	34.61
34.9	34.62
34.9	34.63
34.1	34.64
35.16	35.1
35.1	35.2
35.12	35.3
35.13	35.4
35.13	35.5
35.3	35.6
35.13	35.7
35.1	35.8
35.10	35.9
35.16	35.10
35.16	35.11
35.4	35.12
35.16	35.13
35.13	35.14
35.1	35.15
35.1	35.16
35.10	35.17
35.12	35.18
35.1	35.19
35.16	35.20
35.13	35.21
35.13	35.22
35.7	35.23
35.16	35.24
35.1	35.25
35.1	35.26
35.12	35.27
35.16	35.28
35.1	35.29
35.9	35.30
35.11	35.31
35.16	35.32
35.12	35.33
35.12	35.34
35.13	35.35
35.12	35.36
35.13	35.37
35.15	35.38
35.12	35.39
35.1	35.40
35.1	35.41
35.13	35.42
35.12	35.43
35.8	35.44
35.10	35.45
35.1	35.46
35.1	35.47
35.13	35.48
35.2	35.49
35.1	35.50
35.1	35.51
35.15	35.52
35.1	35.53
35.1	35.54
35.1	35.55
35.13	35.56
35.16	35.57
35.6	35.58
35.13	35.59
35.7	35.60
35.7	35.61
35.9	35.62
35.14	35.63
35.5	35.64
36.6	36.1
36.8	36.2
36.11	36.3
36.5	36.4
36.11	36.5
36.8	36.6
36.8	36.7
36.1	36.8
36.1	36.9
36.8	36.10
36.8	36.11
36.6	36.12
36.12	36.13
36.8	36.14
36.1	36.15
36.8	36.16
36.3	36.17
36.1	36.18
36.8	36.19
36.8	36.20
36.8	36.21
36.8	36.22
36.4	36.23
36.10	36.24
36.8	36.25
36.8	36.26
36.1	36.27
36.8	36.28
36.8	36.29
36.1	36.30
36.8	36.31
36.1	36.32
36.1	36.33
36.8	36.34
36.8	36.35
36.8	36.36
36.9	36.37
36.6	36.38
36.10	36.39
36.7	36.40
36.8	36.41
36.1	36.42
36.10	36.43
36.4	36.44
36.8	36.45
36.12	36.46
36.1	36.47
36.10	36.48
36.1	36.49
36.8	36.50
36.8	36.51
36.1	36.52
36.8	36.53
36.2	36.54
36.8	36.55
36.8	36.56
36.6	36.57
36.10	36.58
36.8	36.59
36.12	36.60
36.1	36.61
36.8	36.62
36.1	36.63
36.12	36.64
37.12	37.1
37.6	37.2
37.12	37.3
37.9	37.4
37.18	37.5
37.12	37.6
37.18	37.7
37.17	37.8
37.12	37.9
37.12	37.10
37.1	37.11
37.11	37.12
37.12	37.13
37.8	37.14
37.18	37.15
37.2	37.16
37.15	37.17
37.19	37.18
37.18	37.19
37.18	37.20
37.1	37.21
37.18	37.22
37.16	37.23
37.14	37.24
37.18	37.25
37.12	37.26
37.10	37.27
37.19	37.28
37.18	37.29
37.12	37.30
37.4	37.31
37.18	37.32
37.18	37.33
37.7	37.34
37.18	37.35
37.11	37.36
37.19	37.37
37.8	37.38
37.6	37.39
37.8	37.40
37.18	37.41
37.12	37.42
37.6	37.43
37.18	37.44
37.8	37.45
37.12	37.46
37.12	37.47
37.8	37.48
37.8	37.49
37.18	37.50
37.5	37.51
37.18	37.52
37.17	37.53
37.16	37.54
37.13	37.55
37.11	37.56
37.15	37.57
37.17	37.58
37.12	37.59
37.12	37.60
37.19	37.61
37.12	37.62
37.15	37.63
37.3	37.64
38.15	38.1
38.10	38.2
38.10	38.3
38.1	38.4
38.1	38.5
38.10	38.6
38.1	38.7
38.15	38.8
38.9	38.9
38.10	38.10
38.9	38.11
38.2	38.12
38.6	38.13
38.16	38.14
38.10	38.15
38.1	38.16
38.15	38.17
38.1	38.18
38.1	38.19
38.10	38.20
38.9	38.21
38.5	38.22
38.10	38.23
38.15	38.24
38.1	38.25
38.15	38.26
38.14	38.27
38.15	38.28
38.12	38.29
38.9	38.30
38.1	38.31
38.13	38.32
38.13	38.33
38.11	38.34
38.1	38.35
38.9	38.36
38.6	38.37
38.1	38.38
38.15	38.39
38.10	38.40
38.14	38.41
38.1	38.42
38.9	38.43
38.8	38.44
38.1	38.45
38.3	38.46
38.1	38.47
38.15	38.48
38.1	38.49
38.1	38.50
38.7	38.51
38.1	38.52
38.9	38.53
38.13	38.54
38.4	38.55
38.10	38.56
38.9	38.57
38.9	38.58
38.11	38.59
38.9	38.60
38.1	38.61
38.13	38.62
38.1	38.63
38.1	38.64
39.13	39.1
39.13	39.2
39.1	39.3
39.1	39.4
39.13	39.5
39.13	39.6
39.1	39.7
39.8	39.8
39.13	39.9
39.1	39.10
39.2	39.11
39.1	39.12
39.7	39.13
39.3	39.14
39.13	39.15
39.10	39.16
39.13	39.17
39.13	39.18
39.7	39.19
39.1	39.20
39.13	39.21
39.13	39.22
39.13	39.23
39.6	39.24
39.13	39.25
39.1	39.26
39.13	39.27
39.11	39.28
39.1	39.29
39.1	39.30
39.13	39.31
39.13	39.32
39.9	39.33
39.13	39.34
39.13	39.35
39.5	39.36
39.13	39.37
39.13	39.38
39.13	39.39
39.13	39.40
39.5	39.41
39.13	39.42
39.12	39.43
39.4	39.44
39.13	39.45
39.13	39.46
39.8	39.47
39.13	39.48
39.13	39.49
39.1	39.50
39.1	39.51
39.1	39.52
39.13	39.53
39.1	39.54
39.1	39.55
39.13	39.56
39.1	39.57
39.13	39.58
39.13	39.59
39.1	39.60
39.11	39.61
39.13	39.62
39.1	39.63
39.13	39.64
40.11	40.1
40.15	40.2
40.15	40.3
40.1	40.4
40.14	40.5
40.15	40.6
40.11	40.7
40.14	40.8
40.15	40.9
40.5	40.10
40.5	40.11
40.15	40.12
40.15	40.13
40.5	40.14
40.15	40.15
40.11	40.16
40.5	40.17
40.6	40.18
40.4	40.19
40.12	40.20
40.15	40.21
40.15	40.22
40.5	40.23
40.11	40.24
40.10	40.25
40.1	40.26
40.7	40.27
40.15	40.28
40.15	40.29
40.3	40.30
40.5	40.31
40.11	40.32
40.5	40.33
40.1	40.34
40.11	40.35
40.5	40.36
40.1	40.37
40.5	40.38
40.11	40.39
40.11	40.40
40.15	40.41
40.14	40.42
40.2	40.43
40.5	40.44
40.11	40.45
40.11	40.46
40.5	40.47
40.8	40.48
40.9	40.49
40.5	40.50
40.11	40.51
40.11	40.52
40.11	40.53
40.14	40.54
40.15	40.55
40.11	40.56
40.15	40.57
40.1	40.58
40.15	40.59
40.13	40.60
40.13	40.61
40.8	40.62
40.12	40.63
40.15	40.64
41.12	41.1
41.4	41.2
41.12	41.3
41.4	41.4
41.4	41.5
41.6	41.6
41.4	41.7
41.4	41.8
41.3	41.9
41.12	41.10
41.13	41.11
41.4	41.12
41.12	41.13
41.12	41.14
41.4	41.15
41.4	41.16
41.4	41.17
41.14	41.18
41.9	41.19
41.13	41.20
41.13	41.21
41.4	41.22
41.4	41.23
41.4	41.24
41.11	41.25
41.4	41.26
41.12	41.27
41.4	41.28
41.12	41.29
41.13	41.30
41.13	41.31
41.12	41.32
41.5	41.33
41.9	41.34
41.4	41.35
41.9	41.36
41.12	41.37
41.12	41.38
41.12	41.39
41.8	41.40
41.1	41.41
41.12	41.42
41.4	41.43
41.12	41.44
41.10	41.45
41.12	41.46
41.9	41.47
41.4	41.48
41.2	41.49
41.12	41.50
41.12	41.51
41.12	41.52
41.12	41.53
41.4	41.54
41.6	41.55
41.13	41.56
41.4	41.57
41.4	41.58
41.12	41.59
41.4	41.60
41.6	41.61
41.12	41.62
41.7	41.63
41.13	41.64
42.8	42.1
42.1	42.2
42.1	42.3
42.8	42.4
42.8	42.5
42.6	42.6
42.8	42.7
42.6	42.8
42.6	42.9
42.7	42.10
42.1	42.11
42.8	42.12
42.1	42.13
42.6	42.14
42.1	42.15
42.7	42.16
42.3	42.17
42.7	42.18
42.6	42.19
42.1	42.20
42.8	42.21
42.7	42.22
42.1	42.23
42.8	42.24
42.1	42.25
42.6	42.26
42.8	42.27
42.8	42.28
42.7	42.29
42.8	42.30
42.6	42.31
42.6	42.32
42.1	42.33
42.8	42.34
42.7	42.35
42.8	42.36
42.6	42.37
42.8	42.38
42.1	42.39
42.3	42.40
42.1	42.41
42.8	42.42
42.7	42.43
42.8	42.44
42.6	42.45
42.8	42.46
42.8	42.47
42.5	42.48
42.7	42.49
42.7	42.50
42.7	42.51
42.6	42.52
42.5	42.53
42.5	42.54
42.2	42.55
42.1	42.56
42.4	42.57
42.6	42.58
42.8	42.59
42.1	42.60
42.6	42.61
42.8	42.62
42.1	42.63
42.1	42.64
43.15	43.1
43.14	43.2
43.14	43.3
43.14	43.4
43.14	43.5
43.7	43.6
43.14	43.7
43.2	43.8
43.15	43.9
43.15	43.10
43.9	43.11
43.12	43.12
43.13	43.13
43.5	43.14
43.14	43.15
43.14	43.16
43.15	43.17
43.14	43.18
43.14	43.19
43.13	43.20
43.1	43.21
43.1	43.22
43.14	43.23
43.1	43.24
43.11	43.25
43.1	43.26
43.15	43.27
43.1	43.28
43.14	43.29
43.15	43.30
43.1	43.31
43.15	43.32
43.15	43.33
43.12	43.34
43.13	43.35
43.6	43.36
43.1	43.37
43.11	43.38
43.11	43.39
43.1	43.40
43.14	43.41
43.14	43.42
43.11	43.43
43.8	43.44
43.11	43.45
43.3	43.46
43.15	43.47
43.11	43.48
43.1	43.49
43.4	43.50
43.7	43.51
43.15	43.52
43.15	43.53
43.1	43.54
43.10	43.55
43.14	43.56
43.11	43.57
43.1	43.58
43.15	43.59
43.1	43.60
43.15	43.61
43.15	43.62
43.1	43.63
43.1	43.64
44.1	44.1
44.1	44.2
44.1	44.3
44.1	44.4
44.6	44.5
44.1	44.6
44.1	44.7
44.4	44.8
44.6	44.9
44.1	44.10
44.1	44.11
44.1	44.12
44.1	44.13
44.6	44.14
44.1	44.15
44.1	44.16
44.3	44.17
44.1	44.18
44.1	44.19
44.1	44.20
44.1	44.21
44.1	44.22
44.1	44.23
44.1	44.24
44.1	44.25
44.1	44.26
44.1	44.27
44.1	44.28
44.1	44.29
44.1	44.30
44.6	44.31
44.6	44.32
44.1	44.33
44.1	44.34
44.1	44.35
44.1	44.36
44.1	44.37
44.1	44.38
44.1	44.39
44.6	44.40
44.1	44.41
44.1	44.42
44.1	44.43
44.1	44.44
44.1	44.45
44.2	44.46
44.1	44.47
44.1	44.48
44.6	44.49
44.5	44.50
44.5	44.51
44.1	44.52
44.6	44.53
44.1	44.54
44.5	44.55
44.6	44.56
44.6	44.57
44.5	44.58
44.6	44.59
44.1	44.60
44.6	44.61
44.1	44.62
44.6	44.63
44.6	44.64
45.7	45.1
45.4	45.2
45.4	45.3
45.4	45.4
45.4	45.5
45.4	45.6
45.7	45.7
45.7	45.8
45.6	45.9
45.4	45.10
45.4	45.11
45.4	45.12
45.4	45.13
45.7	45.14
45.4	45.15
45.4	45.16
45.4	45.17
45.4	45.18
45.4	45.19
45.7	45.20
45.7	45.21
45.5	45.22
45.4	45.23
45.4	45.24
45.4	45.25
45.3	45.26
45.7	45.27
45.4	45.28
45.7	45.29
45.4	45.30
45.4	45.31
45.7	45.32
45.6	45.33
45.7	45.34
45.1	45.35
45.4	45.36
45.4	45.37
45.4	45.38
45.1	45.39
45.7	45.40
45.7	45.41
45.4	45.42
45.7	45.43
45.4	45.44
45.4	45.45
45.4	45.46
45.4	45.47
45.1	45.48
45.4	45.49
45.7	45.50
45.4	45.51
45.7	45.52
45.7	45.53
45.4	45.54
45.4	45.55
45.2	45.56
45.7	45.57
45.7	45.58
45.4	45.59
45.7	45.60
45.7	45.61
45.7	45.62
45.1	45.63
45.4	45.64
46.1	46.1
46.1	46.2
46.6	46.3
46.1	46.4
46.1	46.5
46.1	46.6
46.1	46.7
46.1	46.8
46.1	46.9
46.1	46.10
46.7	46.11
46.7	46.12
46.1	46.13
46.1	46.14
46.1	46.15
46.1	46.16
46.7	46.17
46.7	46.18
46.1	46.19
46.7	46.20
46.7	46.21
46.1	46.22
46.1	46.23
46.6	46.24
46.7	46.25
46.4	46.26
46.1	46.27
46.1	46.28
46.1	46.29
46.1	46.30
46.1	46.31
46.1	46.32
46.1	46.33
46.6	46.34
46.1	46.35
46.1	46.36
46.1	46.37
46.7	46.38
46.1	46.39
46.1	46.40
46.7	46.41
46.2	46.42
46.6	46.43
46.1	46.44
46.1	46.45
46.6	46.46
46.1	46.47
46.1	46.48
46.7	46.49
46.1	46.50
46.5	46.51
46.7	46.52
46.1	46.53
46.3	46.54
46.7	46.55
46.1	46.56
46.7	46.57
46.1	46.58
46.6	46.59
46.1	46.60
46.6	46.61
46.1	46.62
46.1	46.63
46.1	46.64
47.1	47.1
47.6	47.2
47.7	47.3
47.7	47.4
47.8	47.5
47.8	47.6
47.7	47.7
47.1	47.8
47.6	47.9
47.7	47.10
47.1	47.11
47.7	47.12
47.1	47.13
47.1	47.14
47.8	47.15
47.7	47.16
47.4	47.17
47.8	47.18
47.1	47.19
47.6	47.20
47.7	47.21
47.8	47.22
47.1	47.23
47.8	47.24
47.1	47.25
47.6	47.26
47.1	47.27
47.1	47.28
47.8	47.29
47.8	47.30
47.1	47.31
47.7	47.32
47.7	47.33
47.7	47.34
47.8	47.35
47.8	47.36
47.7	47.37
47.9	47.38
47.8	47.39
47.1	47.40
47.1	47.41
47.8	47.42
47.3	47.43
47.1	47.44
47.1	47.45
47.8	47.46
47.8	47.47
47.1	47.48
47.8	47.49
47.1	47.50
47.1	47.51
47.5	47.52
47.8	47.53
47.6	47.54
47.6	47.55
47.8	47.56
47.1	47.57
47.7	47.58
47.7	47.59
47.2	47.60
47.4	47.61
47.8	47.62
47.7	47.63
47.1	47.64
48.7	48.1
48.6	48.2
48.7	48.3
48.6	48.4
48.6	48.5
48.1	48.6
48.6	48.7
48.6	48.8
48.5	48.9
48.1	48.10
48.8	48.11
48.7	48.12
48.7	48.13
48.5	48.14
48.6	48.15
48.6	48.16
48.1	48.17
48.4	48.18
48.6	48.19
48.1	48.20
48.6	48.21
48.1	48.22
48.1	48.23
48.5	48.24
48.1	48.25
48.5	48.26
48.1	48.27
48.6	48.28
48.6	48.29
48.2	48.30
48.1	48.31
48.6	48.32
48.5	48.33
48.7	48.34
48.6	48.35
48.6	48.36
48.5	48.37
48.5	48.38
48.6	48.39
48.1	48.40
48.1	48.41
48.7	48.42
48.6	48.43
48.6	48.44
48.7	48.45
48.5	48.46
48.1	48.47
48.5	48.48
48.5	48.49
48.3	48.50
48.6	48.51
48.1	48.52
48.6	48.53
48.1	48.54
48.7	48.55
48.7	48.56
48.6	48.57
48.6	48.58
48.6	48.59
48.6	48.60
48.7	48.61
48.7	48.62
48.6	48.63
48.1	48.64
49.9	49.1
49.1	49.2
49.10	49.3
49.10	49.4
49.11	49.5
49.10	49.6
49.7	49.7
49.10	49.8
49.5	49.9
49.5	49.10
49.2	49.11
49.9	49.12
49.10	49.13
49.4	49.14
49.5	49.15
49.7	49.16
49.1	49.17
49.8	49.18
49.5	49.19
49.10	49.20
49.1	49.21
49.11	49.22
49.9	49.23
49.10	49.24
49.9	49.25
49.5	49.26
49.9	49.27
49.9	49.28
49.1	49.29
49.1	49.30
49.9	49.31
49.1	49.32
49.7	49.33
49.9	49.34
49.9	49.35
49.1	49.36
49.9	49.37
49.1	49.38
49.9	49.39
49.5	49.40
49.12	49.41
49.5	49.42
49.1	49.43
49.10	49.44
49.1	49.45
49.7	49.46
49.10	49.47
49.9	49.48
49.1	49.49
49.9	49.50
49.3	49.51
49.10	49.52
49.9	49.53
49.8	49.54
49.9	49.55
49.10	49.56
49.4	49.57
49.5	49.58
49.9	49.59
49.9	49.60
49.10	49.61
49.11	49.62
49.12	49.63
49.6	49.64
50.1	50.1
50.1	50.2
50.8	50.3
50.8	50.4
50.8	50.5
50.1	50.6
50.1	50.7
50.1	50.8
50.1	50.9
50.1	50.10
50.7	50.11
50.8	50.12
50.1	50.13
50.1	50.14
50.1	50.15
50.7	50.16
50.8	50.17
50.8	50.18
50.1	50.19
50.7	50.20
50.1	50.21
50.8	50.22
50.8	50.23
50.1	50.24
50.1	50.25
50.8	50.26
50.7	50.27
50.1	50.28
50.1	50.29
50.2	50.30
50.8	50.31
50.1	50.32
50.7	50.33
50.8	50.34
50.1	50.35
50.1	50.36
50.8	50.37
50.1	50.38
50.4	50.39
50.1	50.40
50.1	50.41
50.6	50.42
50.5	50.43
50.7	50.44
50.1	50.45
50.1	50.46
50.1	50.47
50.6	50.48
50.8	50.49
50.1	50.50
50.6	50.51
50.1	50.52
50.7	50.53
50.8	50.54
50.1	50.55
50.1	50.56
50.8	50.57
50.3	50.58
50.1	50.59
50.1	50.60
50.6	50.61
50.1	50.62
50.1	50.63
50.8	50.64
51.7	51.1
51.1	51.2
51.1	51.3
51.8	51.4
51.7	51.5
51.1	51.6
51.1	51.7
51.7	51.8
51.9	51.9
51.1	51.10
51.9	51.11
51.5	51.12
51.1	51.13
51.7	51.14
51.7	51.15
51.1	51.16
51.9	51.17
51.8	51.18
51.1	51.19
51.9	51.20
51.4	51.21
51.1	51.22
51.5	51.23
51.1	51.24
51.5	51.25
51.1	51.26
51.9	51.27
51.3	51.28
51.7	51.29
51.5	51.30
51.1	51.31
51.1	51.32
51.9	51.33
51.2	51.34
51.1	51.35
51.1	51.36
51.7	51.37
51.1	51.38
51.1	51.39
51.1	51.40
51.1	51.41
51.1	51.42
51.8	51.43
51.9	51.44
51.5	51.45
51.1	51.46
51.7	51.47
51.1	51.48
51.9	51.49
51.1	51.50
51.6	51.51
51.5	51.52
51.9	51.53
51.1	51.54
51.1	51.55
51.9	51.56
51.1	51.57
51.3	51.58
51.1	51.59
51.8	51.60
51.9	51.61
51.1	51.62
51.7	51.63
51.8	51.64
52.4	52.1
52.4	52.2
52.12	52.3
52.4	52.4
52.4	52.5
52.4	52.6
52.7	52.7
52.4	52.8
52.4	52.9
52.1	52.10
52.11	52.11
52.4	52.12
52.12	52.13
52.4	52.14
52.12	52.15
52.12	52.16
52.4	52.17
52.12	52.18
52.12	52.19
52.4	52.20
52.10	52.21
52.4	52.22
52.9	52.23
52.12	52.24
52.4	52.25
52.4	52.26
52.4	52.27
52.12	52.28
52.4	52.29
52.12	52.30
52.4	52.31
52.7	52.32
52.11	52.33
52.4	52.34
52.12	52.35
52.10	52.36
52.12	52.37
52.7	52.38
52.12	52.39
52.12	52.40
52.4	52.41
52.7	52.42
52.4	52.43
52.12	52.44
52.10	52.45
52.12	52.46
52.3	52.47
52.10	52.48
52.12	52.49
52.4	52.50
52.8	52.51
52.4	52.52
52.2	52.53
52.5	52.54
52.4	52.55
52.12	52.56
52.6	52.57
52.5	52.58
52.4	52.59
52.11	52.60
52.11	52.61
52.7	52.62
52.4	52.63
52.12	52.64
53.10	53.1
53.7	53.2
53.11	53.3
53.7	53.4
53.9	53.5
53.11	53.6
53.1	53.7
53.8	53.8
53.7	53.9
53.9	53.10
53.7	53.11
53.9	53.12
53.9	53.13
53.1	53.14
53.6	53.15
53.7	53.16
53.10	53.17
53.6	53.18
53.1	53.19
53.10	53.20
53.7	53.21
53.11	53.22
53.11	53.23
53.3	53.24
53.1	53.25
53.10	53.26
53.10	53.27
53.8	53.28
53.1	53.29
53.1	53.30
53.5	53.31
53.7	53.32
53.6	53.33
53.7	53.34
53.1	53.35
53.1	53.36
53.7	53.37
53.1	53.38
53.5	53.39
53.9	53.40
53.1	53.41
53.7	53.42
53.4	53.43
53.7	53.44
53.6	53.45
53.10	53.46
53.11	53.47
53.1	53.48
53.7	53.49
53.1	53.50
53.7	53.51
53.2	53.52
53.9	53.53
53.1	53.54
53.10	53.55
53.7	53.56
53.1	53.57
53.10	53.58
53.10	53.59
53.7	53.60
53.10	53.61
53.7	53.62
53.10	53.63
53.9	53.64
54.11	54.1
54.11	54.2
54.11	54.3
54.1	54.4
54.11	54.5
54.11	54.6
54.1	54.7
54.1	54.8
54.1	54.9
54.11	54.10
54.9	54.11
54.1	54.12
54.11	54.13
54.1	54.14
54.11	54.15
54.1	54.16
54.11	54.17
54.7	54.18
54.1	54.19
54.11	54.20
54.1	54.21
54.9	54.22
54.11	54.23
54.2	54.24
54.13	54.25
54.4	54.26
54.9	54.27
54.11	54.28
54.1	54.29
54.11	54.30
54.11	54.31
54.7	54.32
54.9	54.33
54.9	54.34
54.11	54.35
54.5	54.36
54.9	54.37
54.1	54.38
54.11	54.39
54.1	54.40
54.10	54.41
54.1	54.42
54.11	54.43
54.3	54.44
54.11	54.45
54.9	54.46
54.9	54.47
54.8	54.48
54.1	54.49
54.9	54.50
54.11	54.51
54.9	54.52
54.1	54.53
54.5	54.54
54.9	54.55
54.1	54.56
54.9	54.57
54.1	54.58
54.6	54.59
54.12	54.60
54.11	54.61
54.11	54.62
54.1	54.63
54.1	54.64
55.1	55.1
55.6	55.2
55.4	55.3
55.6	55.4
55.1	55.5
55.5	55.6
55.1	55.7
55.1	55.8
55.4	55.9
55.1	55.10
55.6	55.11
55.5	55.12
55.1	55.13
55.1	55.14
55.1	55.15
55.1	55.16
55.5	55.17
55.1	55.18
55.6	55.19
55.3	55.20
55.1	55.21
55.6	55.22
55.2	55.23
55.1	55.24
55.1	55.25
55.1	55.26
55.1	55.27
55.6	55.28
55.1	55.29
55.6	55.30
55.5	55.31
55.6	55.32
55.1	55.33
55.1	55.34
55.1	55.35
55.6	55.36
55.6	55.37
55.4	55.38
55.1	55.39
55.6	55.40
55.3	55.41
55.1	55.42
55.1	55.43
55.1	55.44
55.1	55.45
55.1	55.46
55.6	55.47
55.5	55.48
55.5	55.49
55.1	55.50
55.6	55.51
55.1	55.52
55.6	55.53
55.1	55.54
55.1	55.55
55.1	55.56
55.1	55.57
55.6	55.58
55.1	55.59
55.6	55.60
55.5	55.61
55.6	55.62
55.1	55.63
55.1	55.64
56.10	56.1
56.10	56.2
56.10	56.3
56.1	56.4
56.5	56.5
56.2	56.6
56.7	56.7
56.1	56.8
56.1	56.9
56.10	56.10
56.1	56.11
56.10	56.12
56.1	56.13
56.1	56.14
56.7	56.15
56.10	56.16
56.10	56.17
56.1	56.18
56.9	56.19
56.1	56.20
56.1	56.21
56.5	56.22
56.1	56.23
56.1	56.24
56.10	56.25
56.1	56.26
56.12	56.27
56.1	56.28
56.10	56.29
56.10	56.30
56.5	56.31
56.9	56.32
56.10	56.33
56.10	56.34
56.12	56.35
56.1	56.36
56.1	56.37
56.7	56.38
56.12	56.39
56.1	56.40
56.9	56.41
56.1	56.42
56.10	56.43
56.12	56.44
56.10	56.45
56.10	56.46
56.10	56.47
56.1	56.48
56.9	56.49
56.12	56.50
56.10	56.51
56.1	56.52
56.8	56.53
56.7	56.54
56.6	56.55
56.1	56.56
56.12	56.57
56.3	56.58
56.11	56.59
56.4	56.60
56.1	56.61
56.10	56.62
56.10	56.63
56.10	56.64
57.1	57.1
57.1	57.2
57.1	57.3
57.1	57.4
57.1	57.5
57.1	57.6
57.1	57.7
57.1	57.8
57.1	57.9
57.1	57.10
57.1	57.11
57.1	57.12
57.1	57.13
57.1	57.14
57.7	57.15
57.1	57.16
57.1	57.17
57.1	57.18
57.1	57.19
57.7	57.20
57.1	57.21
57.4	57.22
57.1	57.23
57.1	57.24
57.1	57.25
57.7	57.26
57.1	57.27
57.1	57.28
57.2	57.29
57.1	57.30
57.1	57.31
57.1	57.32
57.1	57.33
57.1	57.34
57.7	57.35
57.1	57.36
57.3	57.37
57.1	57.38
57.1	57.39
57.7	57.40
57.7	57.41
57.7	57.42
57.1	57.43
57.1	57.44
57.1	57.45
57.1	57.46
57.6	57.47
57.1	57.48
57.6	57.49
57.1	57.50
57.1	57.51
57.7	57.52
57.7	57.53
57.7	57.54
57.1	57.55
57.1	57.56
57.5	57.57
57.7	57.58
57.1	57.59
57.7	57.60
57.3	57.61
57.1	57.62
57.1	57.63
57.7	57.64
58.1	58.1
58.1	58.2
58.6	58.3
58.1	58.4
58.9	58.5
58.1	58.6
58.9	58.7
58.9	58.8
58.6	58.9
58.9	58.10
58.1	58.11
58.9	58.12
58.9	58.13
58.7	58.14
58.9	58.15
58.5	58.16
58.9	58.17
58.9	58.18
58.4	58.19
58.5	58.20
58.9	58.21
58.5	58.22
58.9	58.23
58.1	58.24
58.6	58.25
58.6	58.26
58.9	58.27
58.9	58.28
58.9	58.29
58.1	58.30
58.6	58.31
58.9	58.32
58.1	58.33
58.9	58.34
58.1	58.35
58.6	58.36
58.1	58.37
58.6	58.38
58.6	58.39
58.9	58.40
58.1	58.41
58.9	58.42
58.4	58.43
58.5	58.44
58.9	58.45
58.5	58.46
58.9	58.47
58.1	58.48
58.6	58.49
58.1	58.50
58.8	58.51
58.5	58.52
58.9	58.53
58.3	58.54
58.6	58.55
58.1	58.56
58.9	58.57
58.9	58.58
58.6	58.59
58.5	58.60
58.6	58.61
58.9	58.62
58.9	58.63
58.2	58.64
59.1	59.1
59.1	59.2
59.5	59.3
59.1	59.4
59.8	59.5
59.1	59.6
59.8	59.7
59.1	59.8
59.1	59.9
59.8	59.10
59.1	59.11
59.1	59.12
59.8	59.13
59.1	59.14
59.1	59.15
59.8	59.16
59.5	59.17
59.1	59.18
59.1	59.19
59.5	59.20
59.1	59.21
59.1	59.22
59.1	59.23
59.3	59.24
59.1	59.25
59.1	59.26
59.1	59.27
59.8	59.28
59.1	59.29
59.1	59.30
59.1	59.31
59.4	59.32
59.1	59.33
59.6	59.34
59.8	59.35
59.8	59.36
59.3	59.37
59.7	59.38
59.1	59.39
59.1	59.40
59.5	59.41
59.8	59.42
59.1	59.43
59.1	59.44
59.1	59.45
59.1	59.46
59.8	59.47
59.1	59.48
59.8	59.49
59.1	59.50
59.1	59.51
59.1	59.52
59.5	59.53
59.1	59.54
59.1	59.55
59.1	59.56
59.8	59.57
59.4	59.58
59.1	59.59
59.5	59.60
59.5	59.61
59.1	59.62
59.2	59.63
59.1	59.64
60.15	60.1
60.1	60.2
60.15	60.3
60.15	60.4
60.15	60.5
60.1	60.6
60.16	60.7
60.15	60.8
60.14	60.9
60.15	60.10
60.1	60.11
60.15	60.12
60.15	60.13
60.14	60.14
60.1	60.15
60.14	60.16
60.3	60.17
60.1	60.18
60.11	60.19
60.14	60.20
60.1	60.21
60.1	60.22
60.1	60.23
60.14	60.24
60.14	60.25
60.14	60.26
60.15	60.27
60.13	60.28
60.15	60.29
60.7	60.30
60.15	60.31
60.16	60.32
60.11	60.33
60.15	60.34
60.1	60.35
60.2	60.36
60.9	60.37
60.1	60.38
60.6	60.39
60.11	60.40
60.1	60.41
60.5	60.42
60.15	60.43
60.14	60.44
60.12	60.45
60.1	60.46
60.14	60.47
60.1	60.48
60.11	60.49
60.14	60.50
60.1	60.51
60.1	60.52
60.5	60.53
60.14	60.54
60.1	60.55
60.15	60.56
60.15	60.57
60.4	60.58
60.8	60.59
60.15	60.60
60.10	60.61
60.11	60.62
60.5	60.63
60.16	60.64
61.1	61.1
61.5	61.2
61.6	61.3
61.1	61.4
61.5	61.5
61.6	61.6
61.5	61.7
61.5	61.8
61.6	61.9
61.6	61.10
61.1	61.11
61.5	61.12
61.1	61.13
61.5	61.14
61.1	61.15
61.5	61.16
61.6	61.17
61.1	61.18
61.5	61.19
61.5	61.20
61.6	61.21
61.6	61.22
61.1	61.23
61.3	61.24
61.5	61.25
61.6	61.26
61.1	61.27
61.6	61.28
61.7	61.29
61.7	61.30
61.1	61.31
61.5	61.32
61.1	61.33
61.1	61.34
61.7	61.35
61.5	61.36
61.1	61.37
61.6	61.38
61.5	61.39
61.1	61.40
61.1	61.41
61.1	61.42
61.2	61.43
61.7	61.44
61.5	61.45
61.5	61.46
61.1	61.47
61.4	61.48
61.1	61.49
61.6	61.50
61.5	61.51
61.5	61.52
61.5	61.53
61.1	61.54
61.1	61.55
61.1	61.56
61.1	61.57
61.1	61.58
61.1	61.59
61.1	61.60
61.5	61.61
61.5	61.62
61.1	61.63
61.7	61.64
62.7	62.1
62.3	62.2
62.3	62.3
62.3	62.4
62.3	62.5
62.7	62.6
62.5	62.7
62.3	62.8
62.3	62.9
62.3	62.10
62.7	62.11
62.7	62.12
62.5	62.13
62.6	62.14
62.3	62.15
62.6	62.16
62.7	62.17
62.7	62.18
62.6	62.19
62.3	62.20
62.6	62.21
62.3	62.22
62.2	62.23
62.1	62.24
62.6	62.25
62.6	62.26
62.7	62.27
62.6	62.28
62.3	62.29
62.3	62.30
62.4	62.31
62.6	62.32
62.6	62.33
62.3	62.34
62.6	62.35
62.1	62.36
62.3	62.37
62.1	62.38
62.7	62.39
62.6	62.40
62.3	62.41
62.6	62.42
62.1	62.43
62.7	62.44
62.3	62.45
62.3	62.46
62.3	62.47
62.1	62.48
62.1	62.49
62.3	62.50
62.3	62.51
62.6	62.52
62.4	62.53
62.6	62.54
62.3	62.55
62.1	62.56
62.3	62.57
62.6	62.58
62.6	62.59
62.3	62.60
62.3	62.61
62.6	62.62
62.3	62.63
62.6	62.64
63.1	63.1
63.8	63.2
63.8	63.3
63.8	63.4
63.8	63.5
63.8	63.6
63.1	63.7
63.8	63.8
63.1	63.9
63.8	63.10
63.8	63.11
63.1	63.12
63.8	63.13
63.1	63.14
63.8	63.15
63.8	63.16
63.8	63.17
63.1	63.18
63.1	63.19
63.1	63.20
63.1	63.21
63.8	63.22
63.1	63.23
63.1	63.24
63.8	63.25
63.7	63.26
63.8	63.27
63.8	63.28
63.8	63.29
63.8	63.30
63.8	63.31
63.8	63.32
63.8	63.33
63.1	63.34
63.1	63.35
63.8	63.36
63.7	63.37
63.8	63.38
63.8	63.39
63.8	63.40
63.8	63.41
63.8	63.42
63.2	63.43
63.4	63.44
63.6	63.45
63.1	63.46
63.8	63.47
63.1	63.48
63.7	63.49
63.8	63.50
63.3	63.51
63.5	63.52
63.1	63.53
63.8	63.54
63.8	63.55
63.1	63.56
63.1	63.57
63.1	63.58
63.8	63.59
63.8	63.60
63.8	63.61
63.8	63.62
63.8	63.63
63.1	63.64
64.6	64.1
64.6	64.2
64.1	64.3
64.6	64.4
64.4	64.5
64.6	64.6
64.1	64.7
64.1	64.8
64.4	64.9
64.4	64.10
64.5	64.11
64.1	64.12
64.4	64.13
64.1	64.14
64.1	64.15
64.1	64.16
64.1	64.17
64.1	64.18
64.1	64.19
64.1	64.20
64.1	64.21
64.1	64.22
64.1	64.23
64.4	64.24
64.6	64.25
64.4	64.26
64.4	64.27
64.6	64.28
64.2	64.29
64.1	64.30
64.1	64.31
64.1	64.32
64.1	64.33
64.1	64.34
64.4	64.35
64.4	64.36
64.1	64.37
64.1	64.38
64.3	64.39
64.1	64.40
64.4	64.41
64.1	64.42
64.4	64.43
64.1	64.44
64.1	64.45
64.1	64.46
64.3	64.47
64.1	64.48
64.4	64.49
64.4	64.50
64.6	64.51
64.1	64.52
64.4	64.53
64.4	64.54
64.4	64.55
64.1	64.56
64.1	64.57
64.1	64.58
64.4	64.59
64.1	64.60
64.6	64.61
64.4	64.62
64.1	64.63
64.6	64.64
65.1	65.1
65.5	65.2
65.4	65.3
65.5	65.4
65.7	65.5
65.1	65.6
65.7	65.7
65.5	65.8
65.7	65.9
65.5	65.10
65.5	65.11
65.1	65.12
65.5	65.13
65.5	65.14
65.6	65.15
65.5	65.16
65.5	65.17
65.5	65.18
65.7	65.19
65.7	65.20
65.5	65.21
65.7	65.22
65.7	65.23
65.7	65.24
65.5	65.25
65.7	65.26
65.5	65.27
65.1	65.28
65.2	65.29
65.1	65.30
65.5	65.31
65.7	65.32
65.6	65.33
65.5	65.34
65.5	65.35
65.5	65.36
65.6	65.37
65.5	65.38
65.5	65.39
65.5	65.40
65.5	65.41
65.7	65.42
65.1	65.43
65.5	65.44
65.7	65.45
65.1	65.46
65.7	65.47
65.5	65.48
65.5	65.49
65.7	65.50
65.1	65.51
65.5	65.52
65.1	65.53
65.5	65.54
65.5	65.55
65.3	65.56
65.7	65.57
65.7	65.58
65.7	65.59
65.7	65.60
65.7	65.61
65.5	65.62
65.1	65.63
65.7	65.64
66.1	66.1
66.5	66.2
66.1	66.3
66.1	66.4
66.1	66.5
66.5	66.6
66.5	66.7
66.1	66.8
66.5	66.9
66.1	66.10
66.5	66.11
66.1	66.12
66.3	66.13
66.5	66.14
66.5	66.15
66.1	66.16
66.5	66.17
66.1	66.18
66.6	66.19
66.1	66.20
66.1	66.21
66.7	66.22
66.7	66.23
66.7	66.24
66.1	66.25
66.1	66.26
66.1	66.27
66.1	66.28
66.7	66.29
66.5	66.30
66.7	66.31
66.5	66.32
66.7	66.33
66.7	66.34
66.7	66.35
66.8	66.36
66.7	66.37
66.7	66.38
66.5	66.39
66.1	66.40
66.5	66.41
66.5	66.42
66.5	66.43
66.7	66.44
66.6	66.45
66.5	66.46
66.7	66.47
66.1	66.48
66.6	66.49
66.7	66.50
66.7	66.51
66.7	66.52
66.6	66.53
66.6	66.54
66.7	66.55
66.7	66.56
66.5	66.57
66.6	66.58
66.7	66.59
66.4	66.60
66.7	66.61
66.1	66.62
66.2	66.63
66.7	66.64
67.6	67.1
67.4	67.2
67.6	67.3
67.4	67.4
67.1	67.5
67.4	67.6
67.4	67.7
67.4	67.8
67.6	67.9
67.4	67.10
67.1	67.11
67.4	67.12
67.4	67.13
67.7	67.14
67.4	67.15
67.6	67.16
67.6	67.17
67.4	67.18
67.4	67.19
67.6	67.20
67.4	67.21
67.6	67.22
67.5	67.23
67.7	67.24
67.6	67.25
67.4	67.26
67.4	67.27
67.6	67.28
67.4	67.29
67.4	67.30
67.2	67.31
67.6	67.32
67.1	67.33
67.4	67.34
67.4	67.35
67.6	67.36
67.4	67.37
67.6	67.38
67.4	67.39
67.1	67.40
67.4	67.41
67.4	67.42
67.6	67.43
67.6	67.44
67.3	67.45
67.4	67.46
67.4	67.47
67.4	67.48
67.6	67.49
67.1	67.50
67.4	67.51
67.1	67.52
67.1	67.53
67.4	67.54
67.4	67.55
67.4	67.56
67.4	67.57
67.4	67.58
67.6	67.59
67.1	67.60
67.1	67.61
67.1	67.62
67.1	67.63
67.6	67.64
68.6	68.1
68.8	68.2
68.7	68.3
68.6	68.4
68.6	68.5
68.5	68.6
68.8	68.7
68.3	68.8
68.3	68.9
68.3	68.10
68.6	68.11
68.4	68.12
68.3	68.13
68.6	68.14
68.6	68.15
68.7	68.16
68.3	68.17
68.3	68.18
68.3	68.19
68.3	68.20
68.3	68.21
68.5	68.22
68.6	68.23
68.3	68.24
68.6	68.25
68.6	68.26
68.3	68.27
68.4	68.28
68.5	68.29
68.3	68.30
68.6	68.31
68.6	68.32
68.7	68.33
68.6	68.34
68.6	68.35
68.4	68.36
68.1	68.37
68.6	68.38
68.6	68.39
68.6	68.40
68.6	68.41
68.3	68.42
68.7	68.43
68.3	68.44
68.7	68.45
68.7	68.46
68.5	68.47
68.3	68.48
68.3	68.49
68.6	68.50
68.2	68.51
68.6	68.52
68.6	68.53
68.3	68.54
68.6	68.55
68.3	68.56
68.7	68.57
68.7	68.58
68.3	68.59
68.6	68.60
68.6	68.61
68.3	68.62
68.6	68.63
68.3	68.64
69.8	69.1
69.6	69.2
69.8	69.3
69.1	69.4
69.8	69.5
69.7	69.6
69.8	69.7
69.10	69.8
69.1	69.9
69.1	69.10
69.6	69.11
69.6	69.12
69.6	69.13
69.8	69.14
69.2	69.15
69.11	69.16
69.8	69.17
69.8	69.18
69.6	69.19
69.8	69.20
69.4	69.21
69.11	69.22
69.8	69.23
69.12	69.24
69.7	69.25
69.8	69.26
69.6	69.27
69.11	69.28
69.8	69.29
69.7	69.30
69.1	69.31
69.11	69.32
69.1	69.33
69.5	69.34
69.1	69.35
69.5	69.36
69.5	69.37
69.11	69.38
69.1	69.39
69.6	69.40
69.1	69.41
69.6	69.42
69.4	69.43
69.8	69.44
69.9	69.45
69.6	69.46
69.1	69.47
69.1	69.48
69.1	69.49
69.5	69.50
69.1	69.51
69.6	69.52
69.8	69.53
69.6	69.54
69.11	69.55
69.8	69.56
69.6	69.57
69.1	69.58
69.8	69.59
69.3	69.60
69.8	69.61
69.1	69.62
69.11	69.63
69.1	69.64
70.10	70.1
70.1	70.2
70.10	70.3
70.1	70.4
70.1	70.5
70.5	70.6
70.7	70.7
70.10	70.8
70.10	70.9
70.1	70.10
70.1	70.11
70.10	70.12
70.1	70.13
70.9	70.14
70.10	70.15
70.9	70.16
70.10	70.17
70.10	70.18
70.10	70.19
70.1	70.20
70.1	70.21
70.1	70.22
70.1	70.23
70.10	70.24
70.6	70.25
70.6	70.26
70.10	70.27
70.1	70.28
70.10	70.29
70.1	70.30
70.10	70.31
70.4	70.32
70.2	70.33
70.3	70.34
70.1	70.35
70.1	70.36
70.10	70.37
70.10	70.38
70.1	70.39
70.10	70.40
70.1	70.41
70.1	70.42
70.9	70.43
70.9	70.44
70.6	70.45
70.1	70.46
70.10	70.47
70.10	70.48
70.10	70.49
70.10	70.50
70.10	70.51
70.1	70.52
70.6	70.53
70.10	70.54
70.10	70.55
70.8	70.56
70.9	70.57
70.10	70.58
70.1	70.59
70.10	70.60
70.1	70.61
70.1	70.62
70.1	70.63
70.10	70.64
71.6	71.1
71.7	71.2
71.9	71.3
71.9	71.4
71.7	71.5
71.7	71.6
71.9	71.7
71.9	71.8
71.9	71.9
71.9	71.10
71.9	71.11
71.7	71.12
71.7	71.13
71.3	71.14
71.7	71.15
71.7	71.16
71.9	71.17
71.9	71.18
71.7	71.19
71.7	71.20
71.7	71.21
71.1	71.22
71.9	71.23
71.7	71.24
71.5	71.25
71.6	71.26
71.5	71.27
71.7	71.28
71.7	71.29
71.7	71.30
71.9	71.31
71.7	71.32
71.1	71.33
71.3	71.34
71.7	71.35
71.2	71.36
71.3	71.37
71.9	71.38
71.9	71.39
71.5	71.40
71.3	71.41
71.5	71.42
71.9	71.43
71.4	71.44
71.3	71.45
71.7	71.46
71.7	71.47
71.9	71.48
71.5	71.49
71.5	71.50
71.9	71.51
71.5	71.52
71.3	71.53
71.9	71.54
71.9	71.55
71.7	71.56
71.5	71.57
71.6	71.58
71.5	71.59
71.8	71.60
71.9	71.61
71.9	71.62
71.9	71.63
71.9	71.64
72.3	72.1
72.1	72.2
72.3	72.3
72.3	72.4
72.3	72.5
72.3	72.6
72.3	72.7
72.3	72.8
72.3	72.9
72.3	72.10
72.3	72.11
72.2	72.12
72.3	72.13
72.6	72.14
72.3	72.15
72.3	72.16
72.3	72.17
72.5	72.18
72.3	72.19
72.3	72.20
72.3	72.21
72.3	72.22
72.3	72.23
72.3	72.24
72.3	72.25
72.3	72.26
72.3	72.27
72.6	72.28
72.1	72.29
72.6	72.30
72.3	72.31
72.3	72.32
72.1	72.33
72.3	72.34
72.3	72.35
72.3	72.36
72.3	72.37
72.3	72.38
72.3	72.39
72.3	72.40
72.6	72.41
72.3	72.42
72.3	72.43
72.1	72.44
72.1	72.45
72.3	72.46
72.3	72.47
72.6	72.48
72.3	72.49
72.4	72.50
72.3	72.51
72.3	72.52
72.1	72.53
72.3	72.54
72.3	72.55
72.1	72.56
72.3	72.57
72.3	72.58
72.3	72.59
72.1	72.60
72.3	72.61
72.3	72.62
72.4	72.63
72.1	72.64
73.6	73.1
73.4	73.2
73.5	73.3
73.4	73.4
73.2	73.5
73.6	73.6
73.4	73.7
73.6	73.8
73.6	73.9
73.6	73.10
73.4	73.11
73.4	73.12
73.5	73.13
73.4	73.14
73.4	73.15
73.6	73.16
73.4	73.17
73.6	73.18
73.4	73.19
73.6	73.20
73.5	73.21
73.4	73.22
73.4	73.23
73.1	73.24
73.5	73.25
73.4	73.26
73.6	73.27
73.3	73.28
73.1	73.29
73.4	73.30
73.5	73.31
73.5	73.32
73.6	73.33
73.4	73.34
73.5	73.35
73.6	73.36
73.5	73.37
73.6	73.38
73.1	73.39
73.4	73.40
73.4	73.41
73.4	73.42
73.4	73.43
73.1	73.44
73.4	73.45
73.5	73.46
73.4	73.47
73.1	73.48
73.6	73.49
73.4	73.50
73.4	73.51
73.4	73.52
73.6	73.53
73.1	73.54
73.5	73.55
73.1	73.56
73.6	73.57
73.6	73.58
73.5	73.59
73.5	73.60
73.5	73.61
73.6	73.62
73.3	73.63
73.4	73.64
74.5	74.1
74.11	74.2
74.5	74.3
74.1	74.4
74.5	74.5
74.11	74.6
74.11	74.7
74.8	74.8
74.5	74.9
74.11	74.10
74.5	74.11
74.5	74.12
74.5	74.13
74.5	74.14
74.5	74.15
74.11	74.16
74.5	74.17
74.5	74.18
74.11	74.19
74.5	74.20
74.11	74.21
74.1	74.22
74.11	74.23
74.5	74.24
74.11	74.25
74.1	74.26
74.1	74.27
74.11	74.28
74.5	74.29
74.5	74.30
74.5	74.31
74.11	74.32
74.5	74.33
74.11	74.34
74.11	74.35
74.5	74.36
74.1	74.37
74.11	74.38
74.11	74.39
74.11	74.40
74.9	74.41
74.11	74.42
74.5	74.43
74.5	74.44
74.5	74.45
74.8	74.46
74.11	74.47
74.11	74.48
74.6	74.49
74.3	74.50
74.4	74.51
74.1	74.52
74.5	74.53
74.11	74.54
74.8	74.55
74.1	74.56
74.11	74.57
74.5	74.58
74.11	74.59
74.2	74.60
74.11	74.61
74.10	74.62
74.11	74.63
74.7	74.64
75.11	75.1
75.1	75.2
75.1	75.3
75.11	75.4
75.1	75.5
75.11	75.6
75.8	75.7
75.1	75.8
75.1	75.9
75.1	75.10
75.11	75.11
75.11	75.12
75.11	75.13
75.1	75.14
75.11	75.15
75.10	75.16
75.5	75.17
75.11	75.18
75.1	75.19
75.2	75.20
75.10	75.21
75.11	75.22
75.11	75.23
75.3	75.24
75.9	75.25
75.10	75.26
75.10	75.27
75.11	75.28
75.9	75.29
75.8	75.30
75.1	75.31
75.11	75.32
75.11	75.33
75.1	75.34
75.11	75.35
75.11	75.36
75.1	75.37
75.1	75.38
75.6	75.39
75.11	75.40
75.1	75.41
75.1	75.42
75.1	75.43
75.12	75.44
75.4	75.45
75.4	75.46
75.13	75.47
75.1	75.48
75.1	75.49
75.10	75.50
75.8	75.51
75.5	75.52
75.1	75.53
75.1	75.54
75.1	75.55
75.8	75.56
75.7	75.57
75.1	75.58
75.11	75.59
75.10	75.60
75.5	75.61
75.10	75.62
75.12	75.63
75.1	75.64
76.7	76.1
76.1	76.2
76.7	76.3
76.1	76.4
76.1	76.5
76.1	76.6
76.1	76.7
76.1	76.8
76.1	76.9
76.5	76.10
76.1	76.11
76.1	76.12
76.7	76.13
76.7	76.14
76.1	76.15
76.7	76.16
76.5	76.17
76.1	76.18
76.1	76.19
76.1	76.20
76.4	76.21
76.7	76.22
76.7	76.23
76.7	76.24
76.1	76.25
76.1	76.26
76.1	76.27
76.1	76.28
76.1	76.29
76.7	76.30
76.7	76.31
76.7	76.32
76.1	76.33
76.1	76.34
76.1	76.35
76.5	76.36
76.1	76.37
76.1	76.38
76.8	76.39
76.7	76.40
76.6	76.41
76.8	76.42
76.7	76.43
76.5	76.44
76.8	76.45
76.7	76.46
76.1	76.47
76.7	76.48
76.7	76.49
76.5	76.50
76.1	76.51
76.6	76.52
76.7	76.53
76.5	76.54
76.2	76.55
76.1	76.56
76.1	76.57
76.1	76.58
76.1	76.59
76.1	76.60
76.7	76.61
76.3	76.62
76.6	76.63
76.1	76.64
77.6	77.1
77.11	77.2
77.1	77.3
77.14	77.4
77.1	77.5
77.15	77.6
77.15	77.7
77.13	77.8
77.1	77.9
77.11	77.10
77.14	77.11
77.6	77.12
77.1	77.13
77.1	77.14
77.15	77.15
77.14	77.16
77.3	77.17
77.14	77.18
77.1	77.19
77.4	77.20
77.6	77.21
77.1	77.22
77.6	77.23
77.1	77.24
77.1	77.25
77.6	77.26
77.11	77.27
77.14	77.28
77.5	77.29
77.6	77.30
77.14	77.31
77.15	77.32
77.6	77.33
77.10	77.34
77.9	77.35
77.14	77.36
77.1	77.37
77.6	77.38
77.4	77.39
77.4	77.40
77.11	77.41
77.1	77.42
77.1	77.43
77.8	77.44
77.7	77.45
77.11	77.46
77.12	77.47
77.4	77.48
77.1	77.49
77.14	77.50
77.6	77.51
77.11	77.52
77.5	77.53
77.2	77.54
77.14	77.55
77.14	77.56
77.11	77.57
77.1	77.58
77.14	77.59
77.14	77.60
77.14	77.61
77.1	77.62
77.1	77.63
77.6	77.64
78.8	78.1
78.1	78.2
78.5	78.3
78.9	78.4
78.5	78.5
78.8	78.6
78.5	78.7
78.2	78.8
78.9	78.9
78.5	78.10
78.5	78.11
78.1	78.12
78.7	78.13
78.9	78.14
78.9	78.15
78.5	78.16
78.5	78.17
78.7	78.18
78.5	78.19
78.1	78.20
78.1	78.21
78.9	78.22
78.5	78.23
78.5	78.24
78.9	78.25
78.1	78.26
78.5	78.27
78.5	78.28
78.9	78.29
78.5	78.30
78.5	78.31
78.5	78.32
78.9	78.33
78.5	78.34
78.5	78.35
78.5	78.36
78.4	78.37
78.9	78.38
78.5	78.39
78.8	78.40
78.5	78.41
78.5	78.42
78.6	78.43
78.5	78.44
78.5	78.45
78.5	78.46
78.3	78.47
78.5	78.48
78.5	78.49
78.8	78.50
78.7	78.51
78.5	78.52
78.8	78.53
78.9	78.54
78.9	78.55
78.7	78.56
78.5	78.57
78.5	78.58
78.9	78.59
78.5	78.60
78.5	78.61
78.9	78.62
78.9	78.63
78.5	78.64
79.9	79.1
79.9	79.2
79.9	79.3
79.1	79.4
79.8	79.5
79.1	79.6
79.8	79.7
79.8	79.8
79.8	79.9
79.1	79.10
79.8	79.11
79.9	79.12
79.1	79.13
79.3	79.14
79.1	79.15
79.1	79.16
79.9	79.17
79.1	79.18
79.8	79.19
79.1	79.20
79.9	79.21
79.1	79.22
79.8	79.23
79.8	79.24
79.8	79.25
79.9	79.26
79.9	79.27
79.9	79.28
79.8	79.29
79.1	79.30
79.1	79.31
79.8	79.32
79.5	79.33
79.5	79.34
79.1	79.35
79.6	79.36
79.9	79.37
79.2	79.38
79.9	79.39
79.1	79.40
79.8	79.41
79.5	79.42
79.9	79.43
79.7	79.44
79.7	79.45
79.1	79.46
79.8	79.47
79.1	79.48
79.7	79.49
79.4	79.50
79.8	79.51
79.8	79.52
79.1	79.53
79.8	79.54
79.1	79.55
79.8	79.56
79.5	79.57
79.7	79.58
79.1	79.59
79.1	79.60
79.8	79.61
79.1	79.62
79.1	79.63
79.9	79.64
80.5	80.1
80.11	80.2
80.1	80.3
80.5	80.4
80.5	80.5
80.9	80.6
80.5	80.7
80.2	80.8
80.8	80.9
80.8	80.10
80.7	80.11
80.11	80.12
80.11	80.13
80.8	80.14
80.10	80.15
80.11	80.16
80.11	80.17
80.7	80.18
80.11	80.19
80.11	80.20
80.10	80.21
80.8	80.22
80.5	80.23
80.7	80.24
80.9	80.25
80.9	80.26
80.5	80.27
80.8	80.28
80.5	80.29
80.5	80.30
80.7	80.31
80.1	80.32
80.5	80.33
80.8	80.34
80.5	80.35
80.11	80.36
80.11	80.37
80.9	80.38
80.11	80.39
80.5	80.40
80.9	80.41
80.11	80.42
80.5	80.43
80.6	80.44
80.9	80.45
80.8	80.46
80.7	80.47
80.11	80.48
80.9	80.49
80.6	80.50
80.11	80.51
80.8	80.52
80.11	80.53
80.4	80.54
80.5	80.55
80.5	80.56
80.5	80.57
80.11	80.58
80.7	80.59
80.5	80.60
80.8	80.61
80.3	80.62
80.11	80.63
80.11	80.64
81.6	81.1
81.5	81.2
81.5	81.3
81.5	81.4
81.5	81.5
81.6	81.6
81.5	81.7
81.5	81.8
81.5	81.9
81.5	81.10
81.5	81.11
81.6	81.12
81.6	81.13
81.5	81.14
81.5	81.15
81.5	81.16
81.6	81.17
81.5	81.18
81.4	81.19
81.6	81.20
81.6	81.21
81.6	81.22
81.5	81.23
81.5	81.24
81.6	81.25
81.6	81.26
81.1	81.27
81.1	81.28
81.6	81.29
81.1	81.30
81.5	81.31
81.6	81.32
81.6	81.33
81.6	81.34
81.5	81.35
81.5	81.36
81.5	81.37
81.5	81.38
81.6	81.39
81.3	81.40
81.4	81.41
81.5	81.42
81.5	81.43
81.5	81.44
81.5	81.45
81.6	81.46
81.6	81.47
81.5	81.48
81.6	81.49
81.5	81.50
81.1	81.51
81.5	81.52
81.4	81.53
81.5	81.54
81.5	81.55
81.6	81.56
81.5	81.57
81.5	81.58
81.1	81.59
81.5	81.60
81.6	81.61
81.2	81.62
81.5	81.63
81.4	81.64
82.1	82.1
82.1	82.2
82.9	82.3
82.1	82.4
82.6	82.5
82.10	82.6
82.8	82.7
82.9	82.8
82.8	82.9
82.10	82.10
82.1	82.11
82.8	82.12
82.8	82.13
82.1	82.14
82.1	82.15
82.8	82.16
82.6	82.17
82.9	82.18
82.9	82.19
82.1	82.20
82.10	82.21
82.8	82.22
82.2	82.23
82.7	82.24
82.8	82.25
82.6	82.26
82.1	82.27
82.8	82.28
82.6	82.29
82.8	82.30
82.1	82.31
82.1	82.32
82.9	82.33
82.6	82.34
82.1	82.35
82.8	82.36
82.9	82.37
82.1	82.38
82.8	82.39
82.8	82.40
82.9	82.41
82.1	82.42
82.1	82.43
82.8	82.44
82.8	82.45
82.9	82.46
82.1	82.47
82.8	82.48
82.8	82.49
82.5	82.50
82.1	82.51
82.9	82.52
82.1	82.53
82.1	82.54
82.1	82.55
82.5	82.56
82.4	82.57
82.9	82.58
82.6	82.59
82.8	82.60
82.9	82.61
82.3	82.62
82.1	82.63
82.1	82.64
83.8	83.1
83.11	83.2
83.8	83.3
83.8	83.4
83.7	83.5
83.5	83.6
83.1	83.7
83.1	83.8
83.8	83.9
83.10	83.10
83.3	83.11
83.8	83.12
83.8	83.13
83.9	83.14
83.5	83.15
83.8	83.16
83.5	83.17
83.8	83.18
83.11	83.19
83.8	83.20
83.11	83.21
83.9	83.22
83.8	83.23
83.5	83.24
83.9	83.25
83.8	83.26
83.8	83.27
83.5	83.28
83.6	83.29
83.11	83.30
83.8	83.31
83.2	83.32
83.5	83.33
83.9	83.34
83.8	83.35
83.5	83.36
83.8	83.37
83.8	83.38
83.4	83.39
83.10	83.40
83.5	83.41
83.8	83.42
83.1	83.43
83.8	83.44
83.8	83.45
83.11	83.46
83.8	83.47
83.8	83.48
83.8	83.49
83.11	83.50
83.11	83.51
83.11	83.52
83.11	83.53
83.11	83.54
83.8	83.55
83.11	83.56
83.1	83.57
83.11	83.58
83.11	83.59
83.8	83.60
83.11	83.61
83.8	83.62
83.8	83.63
83.9	83.64
84.6	84.1
84.6	84.2
84.6	84.3
84.1	84.4
84.1	84.5
84.9	84.6
84.10	84.7
84.8	84.8
84.11	84.9
84.11	84.10
84.1	84.11
84.10	84.12
84.1	84.13
84.5	84.14
84.1	84.15
84.6	84.16
84.1	84.17
84.3	84.18
84.1	84.19
84.6	84.20
84.9	84.21
84.5	84.22
84.6	84.23
84.6	84.24
84.9	84.25
84.1	84.26
84.1	84.27
84.1	84.28
84.9	84.29
84.1	84.30
84.1	84.31
84.1	84.32
84.10	84.33
84.9	84.34
84.9	84.35
84.5	84.36
84.1	84.37
84.6	84.38
84.6	84.39
84.9	84.40
84.6	84.41
84.1	84.42
84.7	84.43
84.5	84.44
84.5	84.45
84.9	84.46
84.1	84.47
84.1	84.48
84.1	84.49
84.1	84.50
84.4	84.51
84.9	84.52
84.1	84.53
84.2	84.54
84.9	84.55
84.1	84.56
84.1	84.57
84.1	84.58
84.1	84.59
84.10	84.60
84.9	84.61
84.1	84.62
84.5	84.63
84.9	84.64
85.7	85.1
85.7	85.2
85.1	85.3
85.6	85.4
85.1	85.5
85.7	85.6
85.1	85.7
85.6	85.8
85.7	85.9
85.1	85.10
85.7	85.11
85.2	85.12
85.3	85.13
85.4	85.14
85.4	85.15
85.1	85.16
85.1	85.17
85.6	85.18
85.4	85.19
85.1	85.20
85.7	85.21
85.4	85.22
85.1	85.23
85.6	85.24
85.4	85.25
85.1	85.26
85.7	85.27
85.7	85.28
85.5	85.29
85.6	85.30
85.4	85.31
85.1	85.32
85.1	85.33
85.6	85.34
85.6	85.35
85.6	85.36
85.1	85.37
85.6	85.38
85.6	85.39
85.4	85.40
85.6	85.41
85.4	85.42
85.6	85.43
85.1	85.44
85.6	85.45
85.1	85.46
85.1	85.47
85.1	85.48
85.6	85.49
85.6	85.50
85.1	85.51
85.6	85.52
85.1	85.53
85.1	85.54
85.7	85.55
85.7	85.56
85.1	85.57
85.4	85.58
85.4	85.59
85.7	85.60
85.1	85.61
85.6	85.62
85.4	85.63
85.6	85.64
86.5	86.1
86.1	86.2
86.1	86.3
86.1	86.4
86.1	86.5
86.1	86.6
86.1	86.7
86.1	86.8
86.6	86.9
86.4	86.10
86.5	86.11
86.4	86.12
86.1	86.13
86.1	86.14
86.3	86.15
86.6	86.16
86.6	86.17
86.1	86.18
86.6	86.19
86.1	86.20
86.1	86.21
86.1	86.22
86.6	86.23
86.1	86.24
86.1	86.25
86.1	86.26
86.5	86.27
86.6	86.28
86.1	86.29
86.5	86.30
86.6	86.31
86.1	86.32
86.1	86.33
86.1	86.34
86.2	86.35
86.6	86.36
86.6	86.37
86.1	86.38
86.1	86.39
86.4	86.40
86.1	86.41
86.6	86.42
86.4	86.43
86.6	86.44
86.1	86.45
86.1	86.46
86.6	86.47
86.5	86.48
86.6	86.49
86.3	86.50
86.1	86.51
86.1	86.52
86.6	86.53
86.6	86.54
86.6	86.55
86.6	86.56
86.6	86.57
86.6	86.58
86.6	86.59
86.6	86.60
86.6	86.61
86.1	86.62
86.1	86.63
86.1	86.64
87.1	87.1
87.1	87.2
87.1	87.3
87.12	87.4
87.10	87.5
87.13	87.6
87.12	87.7
87.1	87.8
87.11	87.9
87.12	87.10
87.11	87.11
87.12	87.12
87.1	87.13
87.8	87.14
87.13	87.15
87.13	87.16
87.12	87.17
87.13	87.18
87.1	87.19
87.1	87.20
87.13	87.21
87.13	87.22
87.1	87.23
87.13	87.24
87.10	87.25
87.5	87.26
87.1	87.27
87.13	87.28
87.3	87.29
87.1	87.30
87.11	87.31
87.13	87.32
87.9	87.33
87.13	87.34
87.2	87.35
87.13	87.36
87.1	87.37
87.1	87.38
87.1	87.39
87.13	87.40
87.12	87.41
87.1	87.42
87.11	87.43
87.8	87.44
87.1	87.45
87.6	87.46
87.8	87.47
87.13	87.48
87.11	87.49
87.4	87.50
87.8	87.51
87.11	87.52
87.12	87.53
87.11	87.54
87.12	87.55
87.1	87.56
87.11	87.57
87.10	87.58
87.13	87.59
87.1	87.60
87.6	87.61
87.7	87.62
87.1	87.63
87.1	87.64
88.8	88.1
88.8	88.2
88.11	88.3
88.11	88.4
88.9	88.5
88.8	88.6
88.8	88.7
88.11	88.8
88.8	88.9
88.5	88.10
88.9	88.11
88.10	88.12
88.1	88.13
88.7	88.14
88.9	88.15
88.9	88.16
88.9	88.17
88.8	88.18
88.7	88.19
88.7	88.20
88.8	88.21
88.10	88.22
88.9	88.23
88.11	88.24
88.11	88.25
88.11	88.26
88.8	88.27
88.1	88.28
88.3	88.29
88.9	88.30
88.5	88.31
88.6	88.32
88.9	88.33
88.9	88.34
88.7	88.35
88.8	88.36
88.8	88.37
88.9	88.38
88.7	88.39
88.8	88.40
88.11	88.41
88.8	88.42
88.7	88.43
88.4	88.44
88.9	88.45
88.8	88.46
88.8	88.47
88.2	88.48
88.11	88.49
88.9	88.50
88.1	88.51
88.9	88.52
88.9	88.53
88.11	88.54
88.1	88.55
88.8	88.56
88.1	88.57
88.11	88.58
88.8	88.59
88.10	88.60
88.8	88.61
88.11	88.62
88.8	88.63
88.8	88.64
89.4	89.1
89.9	89.2
89.4	89.3
89.9	89.4
89.9	89.5
89.4	89.6
89.9	89.7
89.8	89.8
89.1	89.9
89.1	89.10
89.8	89.11
89.8	89.12
89.9	89.13
89.9	89.14
89.9	89.15
89.9	89.16
89.8	89.17
89.4	89.18
89.9	89.19
89.9	89.20
89.7	89.21
89.4	89.22
89.2	89.23
89.8	89.24
89.9	89.25
89.8	89.26
89.1	89.27
89.4	89.28
89.9	89.29
89.8	89.30
89.1	89.31
89.8	89.32
89.4	89.33
89.3	89.34
89.8	89.35
89.9	89.36
89.5	89.37
89.9	89.38
89.9	89.39
89.9	89.40
89.4	89.41
89.8	89.42
89.8	89.43
89.9	89.44
89.1	89.45
89.9	89.46
89.9	89.47
89.9	89.48
89.8	89.49
89.9	89.50
89.8	89.51
89.8	89.52
89.6	89.53
89.9	89.54
89.8	89.55
89.8	89.56
89.9	89.57
89.1	89.58
89.1	89.59
89.8	89.60
89.9	89.61
89.8	89.62
89.4	89.63
89.9	89.64
90.6	90.1
90.6	90.2
90.6	90.3
90.6	90.4
90.6	90.5
90.1	90.6
90.6	90.7
90.1	90.8
90.1	90.9
90.6	90.10
90.1	90.11
90.6	90.12
90.6	90.13
90.5	90.14
90.6	90.15
90.6	90.16
90.6	90.17
90.1	90.18
90.6	90.19
90.6	90.20
90.6	90.21
90.6	90.22
90.1	90.23
90.6	90.24
90.3	90.25
90.8	90.26
90.6	90.27
90.5	90.28
90.1	90.29
90.6	90.30
90.1	90.31
90.6	90.32
90.5	90.33
90.9	90.34
90.1	90.35
90.6	90.36
90.6	90.37
90.7	90.38
90.1	90.39
90.6	90.40
90.1	90.41
90.5	90.42
90.4	90.43
90.8	90.44
90.1	90.45
90.6	90.46
90.6	90.47
90.6	90.48
90.5	90.49
90.4	90.50
90.6	90.51
90.6	90.52
90.5	90.53
90.6	90.54
90.6	90.55
90.5	90.56
90.1	90.57
90.6	90.58
90.6	90.59
90.5	90.60
90.8	90.61
90.1	90.62
90.1	90.63
90.2	90.64
91.8	91.1
91.3	91.2
91.4	91.3
91.6	91.4
91.3	91.5
91.8	91.6
91.3	91.7
91.3	91.8
91.8	91.9
91.8	91.10
91.3	91.11
91.8	91.12
91.6	91.13
91.3	91.14
91.3	91.15
91.3	91.16
91.8	91.17
91.3	91.18
91.6	91.19
91.3	91.20
91.1	91.21
91.3	91.22
91.4	91.23
91.3	91.24
91.3	91.25
91.3	91.26
91.3	91.27
91.8	91.28
91.1	91.29
91.8	91.30
91.8	91.31
91.8	91.32
91.3	91.33
91.8	91.34
91.8	91.35
91.3	91.36
91.3	91.37
91.6	91.38
91.5	91.39
91.3	91.40
91.3	91.41
91.2	91.42
91.8	91.43
91.4	91.44
91.3	91.45
91.4	91.46
91.6	91.47
91.8	91.48
91.3	91.49
91.4	91.50
91.3	91.51
91.3	91.52
91.6	91.53
91.6	91.54
91.6	91.55
91.8	91.56
91.7	91.57
91.3	91.58
91.8	91.59
91.4	91.60
91.8	91.61
91.3	91.62
91.8	91.63
91.3	91.64
92.11	92.1
92.9	92.2
92.3	92.3
92.1	92.4
92.7	92.5
92.1	92.6
92.5	92.7
92.9	92.8
92.8	92.9
92.3	92.10
92.11	92.11
92.9	92.12
92.9	92.13
92.6	92.14
92.9	92.15
92.11	92.16
92.9	92.17
92.9	92.18
92.1	92.19
92.9	92.20
92.9	92.21
92.9	92.22
92.4	92.23
92.9	92.24
92.8	92.25
92.9	92.26
92.9	92.27
92.3	92.28
92.9	92.29
92.9	92.30
92.3	92.31
92.8	92.32
92.1	92.33
92.3	92.34
92.1	92.35
92.10	92.36
92.1	92.37
92.5	92.38
92.3	92.39
92.9	92.40
92.9	92.41
92.8	92.42
92.11	92.43
92.8	92.44
92.1	92.45
92.1	92.46
92.9	92.47
92.1	92.48
92.1	92.49
92.11	92.50
92.2	92.51
92.9	92.52
92.9	92.53
92.5	92.54
92.11	92.55
92.3	92.56
92.5	92.57
92.9	92.58
92.9	92.59
92.9	92.60
92.1	92.61
92.1	92.62
92.9	92.63
92.8	92.64
93.10	93.1
93.10	93.2
93.1	93.3
93.1	93.4
93.10	93.5
93.1	93.6
93.10	93.7
93.10	93.8
93.10	93.9
93.10	93.10
93.10	93.11
93.10	93.12
93.8	93.13
93.5	93.14
93.10	93.15
93.8	93.16
93.1	93.17
93.10	93.18
93.10	93.19
93.10	93.20
93.10	93.21
93.10	93.22
93.10	93.23
93.10	93.24
93.5	93.25
93.10	93.26
93.10	93.27
93.10	93.28
93.10	93.29
93.1	93.30
93.1	93.31
93.10	93.32
93.2	93.33
93.10	93.34
93.8	93.35
93.10	93.36
93.9	93.37
93.10	93.38
93.1	93.39
93.10	93.40
93.1	93.41
93.1	93.42
93.1	93.43
93.6	93.44
93.7	93.45
93.10	93.46
93.1	93.47
93.10	93.48
93.1	93.49
93.8	93.50
93.8	93.51
93.8	93.52
93.10	93.53
93.8	93.54
93.7	93.55
93.1	93.56
93.10	93.57
93.3	93.58
93.4	93.59
93.10	93.60
93.10	93.61
93.10	93.62
93.9	93.63
93.1	93.64
94.1	94.1
94.9	94.2
94.1	94.3
94.9	94.4
94.9	94.5
94.9	94.6
94.9	94.7
94.8	94.8
94.9	94.9
94.9	94.10
94.9	94.11
94.1	94.12
94.9	94.13
94.7	94.14
94.1	94.15
94.4	94.16
94.9	94.17
94.1	94.18
94.1	94.19
94.7	94.20
94.9	94.21
94.1	94.22
94.1	94.23
94.1	94.24
94.9	94.25
94.9	94.26
94.9	94.27
94.1	94.28
94.1	94.29
94.9	94.30
94.1	94.31
94.6	94.32
94.9	94.33
94.9	94.34
94.9	94.35
94.10	94.36
94.9	94.37
94.2	94.38
94.9	94.39
94.9	94.40
94.7	94.41
94.7	94.42
94.5	94.43
94.9	94.44
94.7	94.45
94.1	94.46
94.9	94.47
94.9	94.48
94.1	94.49
94.9	94.50
94.9	94.51
94.1	94.52
94.3	94.53
94.9	94.54
94.9	94.55
94.9	94.56
94.9	94.57
94.9	94.58
94.9	94.59
94.1	94.60
94.1	94.61
94.9	94.62
94.9	94.63
94.1	94.64
95.8	95.1
95.1	95.2
95.7	95.3
95.4	95.4
95.1	95.5
95.2	95.6
95.7	95.7
95.6	95.8
95.3	95.9
95.7	95.10
95.7	95.11
95.8	95.12
95.5	95.13
95.7	95.14
95.5	95.15
95.1	95.16
95.7	95.17
95.7	95.18
95.8	95.19
95.7	95.20
95.7	95.21
95.8	95.22
95.8	95.23
95.7	95.24
95.8	95.25
95.6	95.26
95.7	95.27
95.8	95.28
95.7	95.29
95.1	95.30
95.8	95.31
95.8	95.32
95.7	95.33
95.8	95.34
95.7	95.35
95.5	95.36
95.7	95.37
95.1	95.38
95.6	95.39
95.6	95.40
95.1	95.41
95.7	95.42
95.8	95.43
95.8	95.44
95.7	95.45
95.8	95.46
95.7	95.47
95.1	95.48
95.7	95.49
95.8	95.50
95.7	95.51
95.8	95.52
95.8	95.53
95.8	95.54
95.6	95.55
95.4	95.56
95.7	95.57
95.1	95.58
95.7	95.59
95.8	95.60
95.8	95.61
95.7	95.62
95.4	95.63
95.7	95.64
96.4	96.1
96.7	96.2
96.1	96.3
96.1	96.4
96.4	96.5
96.4	96.6
96.4	96.7
96.4	96.8
96.1	96.9
96.1	96.10
96.1	96.11
96.4	96.12
96.7	96.13
96.1	96.14
96.3	96.15
96.4	96.16
96.4	96.17
96.4	96.18
96.4	96.19
96.4	96.20
96.7	96.21
96.1	96.22
96.4	96.23
96.4	96.24
96.4	96.25
96.4	96.26
96.7	96.27
96.1	96.28
96.1	96.29
96.4	96.30
96.4	96.31
96.1	96.32
96.4	96.33
96.4	96.34
96.4	96.35
96.4	96.36
96.5	96.37
96.4	96.38
96.1	96.39
96.1	96.40
96.4	96.41
96.1	96.42
96.4	96.43
96.4	96.44
96.1	96.45
96.4	96.46
96.4	96.47
96.4	96.48
96.4	96.49
96.4	96.50
96.1	96.51
96.4	96.52
96.7	96.53
96.2	96.54
96.1	96.55
96.4	96.56
96.4	96.57
96.8	96.58
96.1	96.59
96.6	96.60
96.4	96.61
96.4	96.62
96.7	96.63
96.7	96.64
97.3	97.1
97.3	97.2
97.3	97.3
97.3	97.4
97.6	97.5
97.4	97.6
97.7	97.7
97.3	97.8
97.6	97.9
97.6	97.10
97.3	97.11
97.3	97.12
97.6	97.13
97.3	97.14
97.3	97.15
97.3	97.16
97.6	97.17
97.3	97.18
97.5	97.19
97.6	97.20
97.3	97.21
97.6	97.22
97.6	97.23
97.3	97.24
97.9	97.25
97.9	97.26
97.6	97.27
97.10	97.28
97.6	97.29
97.4	97.30
97.10	97.31
97.6	97.32
97.6	97.33
97.6	97.34
97.4	97.35
97.3	97.36
97.6	97.37
97.6	97.38
97.3	97.39
97.6	97.40
97.2	97.41
97.6	97.42
97.1	97.43
97.6	97.44
97.6	97.45
97.10	97.46
97.4	97.47
97.10	97.48
97.10	97.49
97.3	97.50
97.4	97.51
97.8	97.52
97.3	97.53
97.6	97.54
97.10	97.55
97.3	97.56
97.6	97.57
97.7	97.58
97.10	97.59
97.6	97.60
97.6	97.61
97.3	97.62
97.3	97.63
97.6	97.64
98.1	98.1
98.1	98.2
98.1	98.3
98.1	98.4
98.1	98.5
98.1	98.6
98.9	98.7
98.1	98.8
98.10	98.9
98.1	98.10
98.1	98.11
98.10	98.12
98.1	98.13
98.10	98.14
98.3	98.15
98.1	98.16
98.10	98.17
98.1	98.18
98.1	98.19
98.8	98.20
98.9	98.21
98.1	98.22
98.1	98.23
98.1	98.24
98.1	98.25
98.1	98.26
98.10	98.27
98.5	98.28
98.9	98.29
98.1	98.30
98.9	98.31
98.6	98.32
98.1	98.33
98.1	98.34
98.1	98.35
98.1	98.36
98.6	98.37
98.10	98.38
98.8	98.39
98.10	98.40
98.9	98.41
98.5	98.42
98.1	98.43
98.10	98.44
98.10	98.45
98.1	98.46
98.1	98.47
98.10	98.48
98.9	98.49
98.9	98.50
98.1	98.51
98.10	98.52
98.10	98.53
98.2	98.54
98.1	98.55
98.10	98.56
98.1	98.57
98.7	98.58
98.1	98.59
98.10	98.60
98.4	98.61
98.1	98.62
98.1	98.63
98.10	98.64
99.7	99.1
99.1	99.2
99.3	99.3
99.6	99.4
99.1	99.5
99.1	99.6
99.3	99.7
99.1	99.8
99.7	99.9
99.1	99.10
99.7	99.11
99.1	99.12
99.3	99.13
99.1	99.14
99.6	99.15
99.1	99.16
99.8	99.17
99.1	99.18
99.1	99.19
99.1	99.20
99.3	99.21
99.7	99.22
99.7	99.23
99.2	99.24
99.1	99.25
99.6	99.26
99.6	99.27
99.3	99.28
99.1	99.29
99.7	99.30
99.1	99.31
99.7	99.32
99.1	99.33
99.7	99.34
99.5	99.35
99.1	99.36
99.3	99.37
99.7	99.38
99.7	99.39
99.1	99.40
99.1	99.41
99.7	99.42
99.1	99.43
99.1	99.44
99.1	99.45
99.4	99.46
99.3	99.47
99.7	99.48
99.1	99.49
99.1	99.50
99.1	99.51
99.3	99.52
99.1	99.53
99.1	99.54
99.1	99.55
99.3	99.56
99.1	99.57
99.3	99.58
99.1	99.59
99.1	99.60
99.7	99.61
99.1	99.62
99.3	99.63
99.7	99.64
100.11	100.1
100.1	100.2
100.15	100.3
100.6	100.4
100.7	100.5
100.15	100.6
100.15	100.7
100.9	100.8
100.15	100.9
100.14	100.10
100.9	100.11
100.7	100.12
100.15	100.13
100.1	100.14
100.15	100.15
100.9	100.16
100.7	100.17
100.12	100.18
100.9	100.19
100.15	100.20
100.1	100.21
100.9	100.22
100.10	100.23
100.15	100.24
100.9	100.25
100.15	100.26
100.7	100.27
100.11	100.28
100.15	100.29
100.9	100.30
100.8	100.31
100.9	100.32
100.15	100.33
100.5	100.34
100.5	100.35
100.9	100.36
100.15	100.37
100.15	100.38
100.9	100.39
100.9	100.40
100.9	100.41
100.9	100.42
100.9	100.43
100.15	100.44
100.15	100.45
100.7	100.46
100.9	100.47
100.9	100.48
100.15	100.49
100.9	100.50
100.10	100.51
100.9	100.52
100.3	100.53
100.13	100.54
100.2	100.55
100.11	100.56
100.5	100.57
100.9	100.58
100.4	100.59
100.11	100.60
100.7	100.61
100.9	100.62
100.15	100.63
100.1	100.64