subTopicID	resultID
1.1	1.1
1.1	1.2
1.1	1.3
1.1	1.4
1.7	1.5
1.1	1.6
1.1	1.7
1.1	1.8
1.1	1.9
1.1	1.10
1.6	1.11
1.1	1.12
1.1	1.13
1.1	1.14
1.1	1.15
1.1	1.16
1.1	1.17
1.1	1.18
1.1	1.19
1.8	1.20
1.1	1.21
1.7	1.22
1.1	1.23
1.1	1.24
1.1	1.25
1.7	1.26
1.1	1.27
1.1	1.28
1.7	1.29
1.8	1.30
1.1	1.31
1.1	1.32
1.7	1.33
1.1	1.34
1.1	1.35
1.1	1.36
1.6	1.37
1.1	1.38
1.3	1.39
1.1	1.40
1.1	1.41
1.1	1.42
1.1	1.43
1.1	1.44
1.1	1.45
1.7	1.46
1.1	1.47
1.1	1.48
1.5	1.49
1.4	1.50
1.1	1.51
1.7	1.52
1.1	1.53
1.7	1.54
1.6	1.55
1.1	1.56
1.1	1.57
1.1	1.58
1.6	1.59
1.1	1.60
1.2	1.61
1.1	1.62
1.1	1.63
1.1	1.64
2.15	2.1
2.3	2.2
2.3	2.3
2.15	2.4
2.7	2.5
2.3	2.6
2.15	2.7
2.15	2.8
2.15	2.9
2.3	2.10
2.15	2.11
2.6	2.12
2.15	2.13
2.15	2.14
2.15	2.15
2.15	2.16
2.11	2.17
2.15	2.18
2.15	2.19
2.15	2.20
2.7	2.21
2.4	2.22
2.1	2.23
2.15	2.24
2.3	2.25
2.15	2.26
2.3	2.27
2.13	2.28
2.11	2.29
2.15	2.30
2.15	2.31
2.16	2.32
2.15	2.33
2.3	2.34
2.16	2.35
2.10	2.36
2.3	2.37
2.9	2.38
2.16	2.39
2.2	2.40
2.3	2.41
2.8	2.42
2.15	2.43
2.3	2.44
2.15	2.45
2.14	2.46
2.16	2.47
2.5	2.48
2.3	2.49
2.11	2.50
2.15	2.51
2.3	2.52
2.13	2.53
2.15	2.54
2.3	2.55
2.16	2.56
2.11	2.57
2.9	2.58
2.16	2.59
2.13	2.60
2.3	2.61
2.11	2.62
2.9	2.63
2.12	2.64
3.1	3.1
3.1	3.2
3.15	3.3
3.10	3.4
3.17	3.5
3.15	3.6
3.16	3.7
3.1	3.8
3.1	3.9
3.1	3.10
3.1	3.11
3.17	3.12
3.1	3.13
3.15	3.14
3.1	3.15
3.16	3.16
3.5	3.17
3.1	3.18
3.12	3.19
3.9	3.20
3.1	3.21
3.15	3.22
3.4	3.23
3.12	3.24
3.1	3.25
3.15	3.26
3.2	3.27
3.1	3.28
3.15	3.29
3.1	3.30
3.1	3.31
3.8	3.32
3.1	3.33
3.15	3.34
3.1	3.35
3.12	3.36
3.13	3.37
3.9	3.38
3.11	3.39
3.17	3.40
3.15	3.41
3.17	3.42
3.15	3.43
3.8	3.44
3.16	3.45
3.1	3.46
3.6	3.47
3.14	3.48
3.1	3.49
3.9	3.50
3.7	3.51
3.1	3.52
3.17	3.53
3.15	3.54
3.1	3.55
3.9	3.56
3.5	3.57
3.3	3.58
3.1	3.59
3.9	3.60
3.1	3.61
3.1	3.62
3.9	3.63
3.15	3.64
4.11	4.1
4.4	4.2
4.1	4.3
4.1	4.4
4.1	4.5
4.9	4.6
4.1	4.7
4.1	4.8
4.11	4.9
4.8	4.10
4.11	4.11
4.1	4.12
4.1	4.13
4.1	4.14
4.1	4.15
4.1	4.16
4.11	4.17
4.1	4.18
4.11	4.19
4.1	4.20
4.1	4.21
4.9	4.22
4.3	4.23
4.9	4.24
4.9	4.25
4.1	4.26
4.8	4.27
4.1	4.28
4.1	4.29
4.1	4.30
4.8	4.31
4.9	4.32
4.1	4.33
4.1	4.34
4.11	4.35
4.11	4.36
4.12	4.37
4.1	4.38
4.1	4.39
4.9	4.40
4.12	4.41
4.1	4.42
4.1	4.43
4.7	4.44
4.1	4.45
4.2	4.46
4.1	4.47
4.1	4.48
4.10	4.49
4.11	4.50
4.11	4.51
4.1	4.52
4.1	4.53
4.11	4.54
4.5	4.55
4.9	4.56
4.10	4.57
4.11	4.58
4.6	4.59
4.1	4.60
4.11	4.61
4.1	4.62
4.11	4.63
4.12	4.64
5.5	5.1
5.5	5.2
5.5	5.3
5.5	5.4
5.6	5.5
5.5	5.6
5.8	5.7
5.5	5.8
5.5	5.9
5.5	5.10
5.5	5.11
5.5	5.12
5.5	5.13
5.8	5.14
5.8	5.15
5.5	5.16
5.8	5.17
5.5	5.18
5.8	5.19
5.5	5.20
5.5	5.21
5.5	5.22
5.8	5.23
5.8	5.24
5.7	5.25
5.7	5.26
5.5	5.27
5.5	5.28
5.5	5.29
5.5	5.30
5.5	5.31
5.8	5.32
5.3	5.33
5.5	5.34
5.5	5.35
5.5	5.36
5.5	5.37
5.2	5.38
5.5	5.39
5.5	5.40
5.5	5.41
5.5	5.42
5.5	5.43
5.4	5.44
5.5	5.45
5.5	5.46
5.1	5.47
5.8	5.48
5.5	5.49
5.5	5.50
5.5	5.51
5.5	5.52
5.8	5.53
5.4	5.54
5.5	5.55
5.5	5.56
5.5	5.57
5.5	5.58
5.5	5.59
5.5	5.60
5.5	5.61
5.5	5.62
5.8	5.63
5.5	5.64
6.14	6.1
6.1	6.2
6.1	6.3
6.10	6.4
6.3	6.5
6.7	6.6
6.13	6.7
6.1	6.8
6.14	6.9
6.8	6.10
6.1	6.11
6.1	6.12
6.1	6.13
6.14	6.14
6.1	6.15
6.14	6.16
6.1	6.17
6.1	6.18
6.9	6.19
6.2	6.20
6.8	6.21
6.1	6.22
6.1	6.23
6.7	6.24
6.14	6.25
6.1	6.26
6.14	6.27
6.14	6.28
6.1	6.29
6.1	6.30
6.4	6.31
6.1	6.32
6.12	6.33
6.1	6.34
6.13	6.35
6.1	6.36
6.5	6.37
6.12	6.38
6.9	6.39
6.14	6.40
6.1	6.41
6.1	6.42
6.1	6.43
6.14	6.44
6.1	6.45
6.14	6.46
6.14	6.47
6.12	6.48
6.14	6.49
6.14	6.50
6.14	6.51
6.11	6.52
6.1	6.53
6.1	6.54
6.6	6.55
6.1	6.56
6.13	6.57
6.12	6.58
6.13	6.59
6.13	6.60
6.14	6.61
6.9	6.62
6.11	6.63
6.1	6.64
7.1	7.1
7.1	7.2
7.1	7.3
7.1	7.4
7.8	7.5
7.8	7.6
7.1	7.7
7.1	7.8
7.8	7.9
7.8	7.10
7.1	7.11
7.1	7.12
7.1	7.13
7.8	7.14
7.1	7.15
7.1	7.16
7.1	7.17
7.1	7.18
7.1	7.19
7.1	7.20
7.1	7.21
7.7	7.22
7.1	7.23
7.1	7.24
7.1	7.25
7.1	7.26
7.1	7.27
7.1	7.28
7.8	7.29
7.1	7.30
7.7	7.31
7.8	7.32
7.7	7.33
7.4	7.34
7.1	7.35
7.2	7.36
7.1	7.37
7.8	7.38
7.8	7.39
7.1	7.40
7.1	7.41
7.8	7.42
7.1	7.43
7.1	7.44
7.1	7.45
7.8	7.46
7.1	7.47
7.1	7.48
7.5	7.49
7.1	7.50
7.4	7.51
7.1	7.52
7.1	7.53
7.1	7.54
7.1	7.55
7.8	7.56
7.1	7.57
7.1	7.58
7.3	7.59
7.7	7.60
7.6	7.61
7.8	7.62
7.7	7.63
7.1	7.64
8.4	8.1
8.4	8.2
8.4	8.3
8.4	8.4
8.4	8.5
8.4	8.6
8.4	8.7
8.4	8.8
8.4	8.9
8.5	8.10
8.4	8.11
8.1	8.12
8.4	8.13
8.4	8.14
8.4	8.15
8.4	8.16
8.2	8.17
8.5	8.18
8.4	8.19
8.4	8.20
8.3	8.21
8.4	8.22
8.4	8.23
8.4	8.24
8.4	8.25
8.4	8.26
8.5	8.27
8.4	8.28
8.4	8.29
8.4	8.30
8.4	8.31
8.4	8.32
8.4	8.33
8.4	8.34
8.4	8.35
8.4	8.36
8.4	8.37
8.4	8.38
8.1	8.39
8.4	8.40
8.4	8.41
8.4	8.42
8.4	8.43
8.4	8.44
8.5	8.45
8.4	8.46
8.4	8.47
8.4	8.48
8.4	8.49
8.4	8.50
8.4	8.51
8.4	8.52
8.4	8.53
8.4	8.54
8.4	8.55
8.4	8.56
8.4	8.57
8.4	8.58
8.4	8.59
8.4	8.60
8.4	8.61
8.6	8.62
8.4	8.63
8.4	8.64
9.8	9.1
9.5	9.2
9.5	9.3
9.5	9.4
9.5	9.5
9.5	9.6
9.5	9.7
9.5	9.8
9.5	9.9
9.5	9.10
9.5	9.11
9.5	9.12
9.8	9.13
9.2	9.14
9.5	9.15
9.5	9.16
9.9	9.17
9.5	9.18
9.5	9.19
9.5	9.20
9.5	9.21
9.5	9.22
9.2	9.23
9.8	9.24
9.6	9.25
9.1	9.26
9.8	9.27
9.2	9.28
9.5	9.29
9.5	9.30
9.5	9.31
9.8	9.32
9.3	9.33
9.5	9.34
9.5	9.35
9.5	9.36
9.8	9.37
9.3	9.38
9.7	9.39
9.6	9.40
9.5	9.41
9.3	9.42
9.2	9.43
9.7	9.44
9.2	9.45
9.4	9.46
9.5	9.47
9.5	9.48
9.2	9.49
9.5	9.50
9.5	9.51
9.5	9.52
9.5	9.53
9.5	9.54
9.8	9.55
9.5	9.56
9.5	9.57
9.8	9.58
9.5	9.59
9.5	9.60
9.5	9.61
9.5	9.62
9.5	9.63
9.8	9.64
10.10	10.1
10.10	10.2
10.1	10.3
10.1	10.4
10.10	10.5
10.10	10.6
10.10	10.7
10.9	10.8
10.10	10.9
10.10	10.10
10.10	10.11
10.1	10.12
10.8	10.13
10.10	10.14
10.10	10.15
10.10	10.16
10.10	10.17
10.10	10.18
10.10	10.19
10.10	10.20
10.11	10.21
10.10	10.22
10.9	10.23
10.10	10.24
10.11	10.25
10.11	10.26
10.1	10.27
10.1	10.28
10.10	10.29
10.10	10.30
10.6	10.31
10.1	10.32
10.3	10.33
10.7	10.34
10.10	10.35
10.1	10.36
10.10	10.37
10.10	10.38
10.1	10.39
10.11	10.40
10.10	10.41
10.2	10.42
10.2	10.43
10.10	10.44
10.10	10.45
10.10	10.46
10.10	10.47
10.8	10.48
10.10	10.49
10.1	10.50
10.1	10.51
10.10	10.52
10.11	10.53
10.10	10.54
10.1	10.55
10.10	10.56
10.1	10.57
10.10	10.58
10.1	10.59
10.4	10.60
10.1	10.61
10.5	10.62
10.10	10.63
10.2	10.64
11.11	11.1
11.5	11.2
11.11	11.3
11.8	11.4
11.8	11.5
11.8	11.6
11.1	11.7
11.8	11.8
11.8	11.9
11.8	11.10
11.8	11.11
11.8	11.12
11.8	11.13
11.8	11.14
11.10	11.15
11.8	11.16
11.7	11.17
11.10	11.18
11.8	11.19
11.11	11.20
11.3	11.21
11.4	11.22
11.8	11.23
11.9	11.24
11.11	11.25
11.8	11.26
11.1	11.27
11.11	11.28
11.11	11.29
11.11	11.30
11.8	11.31
11.8	11.32
11.8	11.33
11.8	11.34
11.8	11.35
11.8	11.36
11.8	11.37
11.11	11.38
11.8	11.39
11.9	11.40
11.8	11.41
11.11	11.42
11.8	11.43
11.8	11.44
11.8	11.45
11.8	11.46
11.8	11.47
11.6	11.48
11.8	11.49
11.1	11.50
11.8	11.51
11.11	11.52
11.11	11.53
11.8	11.54
11.8	11.55
11.9	11.56
11.8	11.57
11.12	11.58
11.2	11.59
11.11	11.60
11.8	11.61
11.8	11.62
11.8	11.63
11.8	11.64
12.14	12.1
12.4	12.2
12.9	12.3
12.2	12.4
12.1	12.5
12.14	12.6
12.12	12.7
12.14	12.8
12.1	12.9
12.5	12.10
12.14	12.11
12.14	12.12
12.14	12.13
12.14	12.14
12.11	12.15
12.14	12.16
12.14	12.17
12.10	12.18
12.14	12.19
12.13	12.20
12.15	12.21
12.14	12.22
12.6	12.23
12.14	12.24
12.14	12.25
12.15	12.26
12.8	12.27
12.1	12.28
12.14	12.29
12.1	12.30
12.1	12.31
12.15	12.32
12.1	12.33
12.14	12.34
12.3	12.35
12.14	12.36
12.1	12.37
12.14	12.38
12.7	12.39
12.14	12.40
12.1	12.41
12.15	12.42
12.1	12.43
12.10	12.44
12.1	12.45
12.14	12.46
12.14	12.47
12.14	12.48
12.10	12.49
12.15	12.50
12.1	12.51
12.1	12.52
12.15	12.53
12.14	12.54
12.8	12.55
12.1	12.56
12.12	12.57
12.14	12.58
12.15	12.59
12.14	12.60
12.14	12.61
12.14	12.62
12.15	12.63
12.1	12.64
13.10	13.1
13.10	13.2
13.10	13.3
13.8	13.4
13.10	13.5
13.10	13.6
13.2	13.7
13.1	13.8
13.5	13.9
13.1	13.10
13.1	13.11
13.10	13.12
13.9	13.13
13.1	13.14
13.1	13.15
13.10	13.16
13.1	13.17
13.1	13.18
13.1	13.19
13.10	13.20
13.10	13.21
13.1	13.22
13.10	13.23
13.10	13.24
13.10	13.25
13.1	13.26
13.10	13.27
13.10	13.28
13.10	13.29
13.10	13.30
13.9	13.31
13.7	13.32
13.9	13.33
13.10	13.34
13.9	13.35
13.1	13.36
13.1	13.37
13.6	13.38
13.10	13.39
13.10	13.40
13.10	13.41
13.3	13.42
13.9	13.43
13.9	13.44
13.1	13.45
13.1	13.46
13.9	13.47
13.10	13.48
13.1	13.49
13.9	13.50
13.10	13.51
13.9	13.52
13.9	13.53
13.10	13.54
13.1	13.55
13.1	13.56
13.9	13.57
13.4	13.58
13.1	13.59
13.7	13.60
13.1	13.61
13.10	13.62
13.10	13.63
13.10	13.64
14.1	14.1
14.1	14.2
14.1	14.3
14.1	14.4
14.10	14.5
14.10	14.6
14.6	14.7
14.10	14.8
14.10	14.9
14.10	14.10
14.1	14.11
14.2	14.12
14.10	14.13
14.1	14.14
14.10	14.15
14.1	14.16
14.8	14.17
14.10	14.18
14.3	14.19
14.8	14.20
14.10	14.21
14.5	14.22
14.8	14.23
14.10	14.24
14.8	14.25
14.10	14.26
14.1	14.27
14.4	14.28
14.8	14.29
14.10	14.30
14.8	14.31
14.10	14.32
14.10	14.33
14.7	14.34
14.8	14.35
14.10	14.36
14.1	14.37
14.1	14.38
14.8	14.39
14.1	14.40
14.1	14.41
14.8	14.42
14.10	14.43
14.10	14.44
14.10	14.45
14.8	14.46
14.10	14.47
14.1	14.48
14.9	14.49
14.1	14.50
14.5	14.51
14.1	14.52
14.1	14.53
14.7	14.54
14.8	14.55
14.1	14.56
14.1	14.57
14.1	14.58
14.9	14.59
14.1	14.60
14.8	14.61
14.10	14.62
14.1	14.63
14.1	14.64
15.9	15.1
15.1	15.2
15.4	15.3
15.1	15.4
15.18	15.5
15.17	15.6
15.1	15.7
15.1	15.8
15.18	15.9
15.18	15.10
15.13	15.11
15.18	15.12
15.8	15.13
15.14	15.14
15.1	15.15
15.18	15.16
15.9	15.17
15.18	15.18
15.18	15.19
15.18	15.20
15.18	15.21
15.1	15.22
15.1	15.23
15.19	15.24
15.18	15.25
15.1	15.26
15.18	15.27
15.9	15.28
15.14	15.29
15.14	15.30
15.14	15.31
15.17	15.32
15.1	15.33
15.17	15.34
15.18	15.35
15.1	15.36
15.8	15.37
15.18	15.38
15.17	15.39
15.1	15.40
15.16	15.41
15.1	15.42
15.1	15.43
15.6	15.44
15.14	15.45
15.8	15.46
15.9	15.47
15.10	15.48
15.1	15.49
15.5	15.50
15.11	15.51
15.9	15.52
15.12	15.53
15.2	15.54
15.18	15.55
15.7	15.56
15.9	15.57
15.9	15.58
15.9	15.59
15.15	15.60
15.3	15.61
15.9	15.62
15.9	15.63
15.11	15.64
16.11	16.1
16.5	16.2
16.11	16.3
16.11	16.4
16.11	16.5
16.11	16.6
16.11	16.7
16.8	16.8
16.11	16.9
16.11	16.10
16.11	16.11
16.12	16.12
16.11	16.13
16.9	16.14
16.11	16.15
16.11	16.16
16.11	16.17
16.11	16.18
16.11	16.19
16.11	16.20
16.11	16.21
16.2	16.22
16.9	16.23
16.11	16.24
16.11	16.25
16.11	16.26
16.11	16.27
16.11	16.28
16.3	16.29
16.11	16.30
16.11	16.31
16.11	16.32
16.10	16.33
16.11	16.34
16.5	16.35
16.9	16.36
16.9	16.37
16.11	16.38
16.9	16.39
16.9	16.40
16.9	16.41
16.6	16.42
16.11	16.43
16.11	16.44
16.12	16.45
16.8	16.46
16.11	16.47
16.4	16.48
16.8	16.49
16.8	16.50
16.9	16.51
16.11	16.52
16.11	16.53
16.11	16.54
16.9	16.55
16.7	16.56
16.9	16.57
16.9	16.58
16.10	16.59
16.11	16.60
16.9	16.61
16.12	16.62
16.1	16.63
16.11	16.64
17.6	17.1
17.1	17.2
17.15	17.3
17.15	17.4
17.15	17.5
17.1	17.6
17.6	17.7
17.13	17.8
17.15	17.9
17.7	17.10
17.6	17.11
17.11	17.12
17.6	17.13
17.14	17.14
17.13	17.15
17.6	17.16
17.13	17.17
17.13	17.18
17.6	17.19
17.6	17.20
17.5	17.21
17.4	17.22
17.16	17.23
17.6	17.24
17.15	17.25
17.15	17.26
17.13	17.27
17.1	17.28
17.15	17.29
17.15	17.30
17.8	17.31
17.6	17.32
17.15	17.33
17.13	17.34
17.16	17.35
17.10	17.36
17.15	17.37
17.2	17.38
17.13	17.39
17.16	17.40
17.15	17.41
17.15	17.42
17.6	17.43
17.16	17.44
17.6	17.45
17.6	17.46
17.4	17.47
17.13	17.48
17.16	17.49
17.9	17.50
17.3	17.51
17.8	17.52
17.15	17.53
17.6	17.54
17.12	17.55
17.7	17.56
17.5	17.57
17.6	17.58
17.15	17.59
17.13	17.60
17.15	17.61
17.8	17.62
17.13	17.63
17.15	17.64
18.5	18.1
18.10	18.2
18.1	18.3
18.10	18.4
18.1	18.5
18.10	18.6
18.10	18.7
18.10	18.8
18.1	18.9
18.6	18.10
18.10	18.11
18.4	18.12
18.1	18.13
18.10	18.14
18.6	18.15
18.1	18.16
18.10	18.17
18.4	18.18
18.1	18.19
18.10	18.20
18.1	18.21
18.10	18.22
18.1	18.23
18.1	18.24
18.10	18.25
18.10	18.26
18.10	18.27
18.10	18.28
18.2	18.29
18.10	18.30
18.1	18.31
18.1	18.32
18.10	18.33
18.10	18.34
18.6	18.35
18.10	18.36
18.8	18.37
18.10	18.38
18.8	18.39
18.1	18.40
18.10	18.41
18.10	18.42
18.7	18.43
18.1	18.44
18.1	18.45
18.10	18.46
18.10	18.47
18.1	18.48
18.10	18.49
18.9	18.50
18.4	18.51
18.6	18.52
18.4	18.53
18.10	18.54
18.10	18.55
18.3	18.56
18.1	18.57
18.1	18.58
18.1	18.59
18.10	18.60
18.10	18.61
18.10	18.62
18.10	18.63
18.1	18.64
19.15	19.1
19.9	19.2
19.1	19.3
19.1	19.4
19.14	19.5
19.9	19.6
19.8	19.7
19.1	19.8
19.8	19.9
19.16	19.10
19.14	19.11
19.6	19.12
19.12	19.13
19.10	19.14
19.1	19.15
19.14	19.16
19.1	19.17
19.4	19.18
19.14	19.19
19.1	19.20
19.11	19.21
19.7	19.22
19.1	19.23
19.1	19.24
19.1	19.25
19.17	19.26
19.5	19.27
19.1	19.28
19.4	19.29
19.14	19.30
19.1	19.31
19.16	19.32
19.1	19.33
19.2	19.34
19.1	19.35
19.1	19.36
19.1	19.37
19.1	19.38
19.14	19.39
19.4	19.40
19.1	19.41
19.13	19.42
19.1	19.43
19.14	19.44
19.1	19.45
19.10	19.46
19.1	19.47
19.1	19.48
19.16	19.49
19.10	19.50
19.15	19.51
19.8	19.52
19.14	19.53
19.10	19.54
19.12	19.55
19.17	19.56
19.11	19.57
19.3	19.58
19.16	19.59
19.14	19.60
19.8	19.61
19.14	19.62
19.1	19.63
19.1	19.64
20.19	20.1
20.19	20.2
20.3	20.3
20.3	20.4
20.15	20.5
20.19	20.6
20.19	20.7
20.19	20.8
20.13	20.9
20.14	20.10
20.17	20.11
20.12	20.12
20.19	20.13
20.19	20.14
20.17	20.15
20.19	20.16
20.19	20.17
20.2	20.18
20.15	20.19
20.11	20.20
20.15	20.21
20.15	20.22
20.19	20.23
20.16	20.24
20.17	20.25
20.3	20.26
20.19	20.27
20.16	20.28
20.19	20.29
20.9	20.30
20.10	20.31
20.6	20.32
20.10	20.33
20.19	20.34
20.15	20.35
20.1	20.36
20.3	20.37
20.3	20.38
20.19	20.39
20.3	20.40
20.14	20.41
20.4	20.42
20.19	20.43
20.19	20.44
20.14	20.45
20.19	20.46
20.19	20.47
20.17	20.48
20.18	20.49
20.3	20.50
20.3	20.51
20.15	20.52
20.14	20.53
20.19	20.54
20.5	20.55
20.7	20.56
20.14	20.57
20.17	20.58
20.19	20.59
20.19	20.60
20.13	20.61
20.8	20.62
20.3	20.63
20.19	20.64
21.1	21.1
21.1	21.2
21.11	21.3
21.1	21.4
21.1	21.5
21.12	21.6
21.12	21.7
21.3	21.8
21.1	21.9
21.1	21.10
21.1	21.11
21.2	21.12
21.12	21.13
21.12	21.14
21.12	21.15
21.1	21.16
21.1	21.17
21.1	21.18
21.8	21.19
21.1	21.20
21.8	21.21
21.13	21.22
21.4	21.23
21.11	21.24
21.1	21.25
21.1	21.26
21.12	21.27
21.12	21.28
21.1	21.29
21.11	21.30
21.1	21.31
21.1	21.32
21.12	21.33
21.11	21.34
21.8	21.35
21.8	21.36
21.12	21.37
21.12	21.38
21.11	21.39
21.1	21.40
21.9	21.41
21.1	21.42
21.1	21.43
21.12	21.44
21.1	21.45
21.12	21.46
21.12	21.47
21.12	21.48
21.1	21.49
21.1	21.50
21.1	21.51
21.12	21.52
21.1	21.53
21.12	21.54
21.12	21.55
21.10	21.56
21.1	21.57
21.8	21.58
21.1	21.59
21.5	21.60
21.6	21.61
21.12	21.62
21.8	21.63
21.7	21.64
22.9	22.1
22.1	22.2
22.1	22.3
22.1	22.4
22.1	22.5
22.1	22.6
22.7	22.7
22.1	22.8
22.9	22.9
22.1	22.10
22.1	22.11
22.1	22.12
22.1	22.13
22.1	22.14
22.6	22.15
22.1	22.16
22.1	22.17
22.1	22.18
22.1	22.19
22.1	22.20
22.7	22.21
22.1	22.22
22.7	22.23
22.1	22.24
22.1	22.25
22.5	22.26
22.9	22.27
22.1	22.28
22.1	22.29
22.1	22.30
22.1	22.31
22.1	22.32
22.7	22.33
22.2	22.34
22.9	22.35
22.1	22.36
22.9	22.37
22.1	22.38
22.1	22.39
22.1	22.40
22.9	22.41
22.9	22.42
22.1	22.43
22.1	22.44
22.1	22.45
22.8	22.46
22.1	22.47
22.1	22.48
22.1	22.49
22.9	22.50
22.1	22.51
22.1	22.52
22.1	22.53
22.1	22.54
22.1	22.55
22.5	22.56
22.1	22.57
22.1	22.58
22.1	22.59
22.1	22.60
22.1	22.61
22.1	22.62
22.3	22.63
22.4	22.64
23.12	23.1
23.15	23.2
23.14	23.3
23.12	23.4
23.1	23.5
23.14	23.6
23.1	23.7
23.12	23.8
23.4	23.9
23.1	23.10
23.14	23.11
23.13	23.12
23.14	23.13
23.1	23.14
23.13	23.15
23.14	23.16
23.14	23.17
23.12	23.18
23.1	23.19
23.14	23.20
23.7	23.21
23.1	23.22
23.14	23.23
23.12	23.24
23.13	23.25
23.1	23.26
23.14	23.27
23.14	23.28
23.14	23.29
23.8	23.30
23.6	23.31
23.14	23.32
23.1	23.33
23.14	23.34
23.1	23.35
23.1	23.36
23.14	23.37
23.1	23.38
23.14	23.39
23.1	23.40
23.12	23.41
23.1	23.42
23.14	23.43
23.2	23.44
23.1	23.45
23.14	23.46
23.5	23.47
23.14	23.48
23.1	23.49
23.11	23.50
23.10	23.51
23.12	23.52
23.9	23.53
23.1	23.54
23.14	23.55
23.3	23.56
23.12	23.57
23.7	23.58
23.14	23.59
23.14	23.60
23.12	23.61
23.13	23.62
23.14	23.63
23.14	23.64
24.6	24.1
24.10	24.2
24.14	24.3
24.10	24.4
24.15	24.5
24.5	24.6
24.14	24.7
24.16	24.8
24.14	24.9
24.3	24.10
24.12	24.11
24.12	24.12
24.14	24.13
24.14	24.14
24.18	24.15
24.14	24.16
24.14	24.17
24.5	24.18
24.18	24.19
24.14	24.20
24.17	24.21
24.14	24.22
24.1	24.23
24.14	24.24
24.8	24.25
24.7	24.26
24.14	24.27
24.14	24.28
24.14	24.29
24.14	24.30
24.4	24.31
24.14	24.32
24.5	24.33
24.14	24.34
24.15	24.35
24.13	24.36
24.14	24.37
24.5	24.38
24.9	24.39
24.14	24.40
24.2	24.41
24.11	24.42
24.18	24.43
24.18	24.44
24.14	24.45
24.11	24.46
24.11	24.47
24.10	24.48
24.14	24.49
24.14	24.50
24.14	24.51
24.14	24.52
24.5	24.53
24.14	24.54
24.18	24.55
24.13	24.56
24.18	24.57
24.14	24.58
24.5	24.59
24.10	24.60
24.14	24.61
24.18	24.62
24.18	24.63
24.14	24.64
25.11	25.1
25.5	25.2
25.11	25.3
25.13	25.4
25.11	25.5
25.11	25.6
25.11	25.7
25.10	25.8
25.11	25.9
25.11	25.10
25.11	25.11
25.11	25.12
25.11	25.13
25.11	25.14
25.11	25.15
25.1	25.16
25.8	25.17
25.11	25.18
25.9	25.19
25.11	25.20
25.5	25.21
25.5	25.22
25.11	25.23
25.11	25.24
25.2	25.25
25.1	25.26
25.7	25.27
25.5	25.28
25.12	25.29
25.14	25.30
25.11	25.31
25.11	25.32
25.13	25.33
25.6	25.34
25.5	25.35
25.12	25.36
25.14	25.37
25.5	25.38
25.5	25.39
25.5	25.40
25.11	25.41
25.11	25.42
25.14	25.43
25.12	25.44
25.11	25.45
25.1	25.46
25.5	25.47
25.12	25.48
25.5	25.49
25.3	25.50
25.5	25.51
25.11	25.52
25.14	25.53
25.11	25.54
25.4	25.55
25.5	25.56
25.11	25.57
25.5	25.58
25.8	25.59
25.11	25.60
25.5	25.61
25.11	25.62
25.5	25.63
25.5	25.64
26.10	26.1
26.8	26.2
26.1	26.3
26.10	26.4
26.1	26.5
26.1	26.6
26.10	26.7
26.9	26.8
26.9	26.9
26.1	26.10
26.1	26.11
26.10	26.12
26.6	26.13
26.9	26.14
26.1	26.15
26.10	26.16
26.5	26.17
26.1	26.18
26.10	26.19
26.10	26.20
26.5	26.21
26.1	26.22
26.8	26.23
26.10	26.24
26.4	26.25
26.7	26.26
26.9	26.27
26.9	26.28
26.1	26.29
26.2	26.30
26.10	26.31
26.8	26.32
26.7	26.33
26.1	26.34
26.10	26.35
26.1	26.36
26.6	26.37
26.10	26.38
26.10	26.39
26.10	26.40
26.1	26.41
26.8	26.42
26.1	26.43
26.1	26.44
26.1	26.45
26.1	26.46
26.1	26.47
26.1	26.48
26.8	26.49
26.8	26.50
26.9	26.51
26.1	26.52
26.10	26.53
26.8	26.54
26.10	26.55
26.3	26.56
26.9	26.57
26.1	26.58
26.10	26.59
26.9	26.60
26.9	26.61
26.6	26.62
26.10	26.63
26.1	26.64
27.9	27.1
27.3	27.2
27.3	27.3
27.3	27.4
27.1	27.5
27.9	27.6
27.3	27.7
27.3	27.8
27.3	27.9
27.3	27.10
27.7	27.11
27.3	27.12
27.7	27.13
27.9	27.14
27.3	27.15
27.3	27.16
27.9	27.17
27.9	27.18
27.4	27.19
27.1	27.20
27.9	27.21
27.3	27.22
27.2	27.23
27.5	27.24
27.3	27.25
27.3	27.26
27.1	27.27
27.5	27.28
27.3	27.29
27.3	27.30
27.1	27.31
27.7	27.32
27.3	27.33
27.3	27.34
27.3	27.35
27.9	27.36
27.9	27.37
27.9	27.38
27.7	27.39
27.3	27.40
27.1	27.41
27.3	27.42
27.3	27.43
27.3	27.44
27.6	27.45
27.3	27.46
27.7	27.47
27.3	27.48
27.9	27.49
27.3	27.50
27.9	27.51
27.3	27.52
27.3	27.53
27.3	27.54
27.3	27.55
27.3	27.56
27.3	27.57
27.3	27.58
27.3	27.59
27.9	27.60
27.1	27.61
27.5	27.62
27.8	27.63
27.3	27.64
28.11	28.1
28.11	28.2
28.10	28.3
28.11	28.4
28.1	28.5
28.11	28.6
28.11	28.7
28.1	28.8
28.11	28.9
28.11	28.10
28.11	28.11
28.1	28.12
28.11	28.13
28.11	28.14
28.11	28.15
28.5	28.16
28.11	28.17
28.1	28.18
28.8	28.19
28.11	28.20
28.11	28.21
28.11	28.22
28.14	28.23
28.11	28.24
28.11	28.25
28.1	28.26
28.1	28.27
28.11	28.28
28.8	28.29
28.11	28.30
28.7	28.31
28.1	28.32
28.11	28.33
28.11	28.34
28.7	28.35
28.7	28.36
28.3	28.37
28.11	28.38
28.6	28.39
28.11	28.40
28.13	28.41
28.14	28.42
28.11	28.43
28.1	28.44
28.2	28.45
28.8	28.46
28.1	28.47
28.4	28.48
28.11	28.49
28.11	28.50
28.11	28.51
28.11	28.52
28.11	28.53
28.12	28.54
28.1	28.55
28.11	28.56
28.8	28.57
28.1	28.58
28.11	28.59
28.9	28.60
28.12	28.61
28.9	28.62
28.11	28.63
28.1	28.64
29.19	29.1
29.19	29.2
29.1	29.3
29.1	29.4
29.12	29.5
29.12	29.6
29.1	29.7
29.12	29.8
29.19	29.9
29.1	29.10
29.11	29.11
29.14	29.12
29.1	29.13
29.17	29.14
29.12	29.15
29.7	29.16
29.4	29.17
29.13	29.18
29.5	29.19
29.1	29.20
29.10	29.21
29.16	29.22
29.12	29.23
29.14	29.24
29.3	29.25
29.7	29.26
29.19	29.27
29.1	29.28
29.12	29.29
29.1	29.30
29.14	29.31
29.2	29.32
29.12	29.33
29.14	29.34
29.1	29.35
29.14	29.36
29.15	29.37
29.12	29.38
29.8	29.39
29.19	29.40
29.12	29.41
29.13	29.42
29.1	29.43
29.1	29.44
29.12	29.45
29.14	29.46
29.6	29.47
29.12	29.48
29.1	29.49
29.1	29.50
29.9	29.51
29.18	29.52
29.11	29.53
29.11	29.54
29.19	29.55
29.1	29.56
29.12	29.57
29.12	29.58
29.1	29.59
29.1	29.60
29.1	29.61
29.1	29.62
29.19	29.63
29.1	29.64
30.1	30.1
30.1	30.2
30.1	30.3
30.3	30.4
30.1	30.5
30.1	30.6
30.3	30.7
30.1	30.8
30.1	30.9
30.1	30.10
30.1	30.11
30.1	30.12
30.1	30.13
30.1	30.14
30.1	30.15
30.1	30.16
30.3	30.17
30.1	30.18
30.1	30.19
30.1	30.20
30.1	30.21
30.3	30.22
30.1	30.23
30.1	30.24
30.1	30.25
30.3	30.26
30.1	30.27
30.3	30.28
30.1	30.29
30.2	30.30
30.1	30.31
30.1	30.32
30.1	30.33
30.1	30.34
30.1	30.35
30.1	30.36
30.1	30.37
30.1	30.38
30.1	30.39
30.1	30.40
30.1	30.41
30.1	30.42
30.1	30.43
30.3	30.44
30.1	30.45
30.1	30.46
30.1	30.47
30.1	30.48
30.1	30.49
30.3	30.50
30.3	30.51
30.1	30.52
30.1	30.53
30.1	30.54
30.1	30.55
30.1	30.56
30.1	30.57
30.1	30.58
30.1	30.59
30.1	30.60
30.3	30.61
30.1	30.62
30.1	30.63
30.1	30.64
31.12	31.1
31.12	31.2
31.10	31.3
31.6	31.4
31.13	31.5
31.12	31.6
31.10	31.7
31.12	31.8
31.12	31.9
31.12	31.10
31.12	31.11
31.10	31.12
31.12	31.13
31.10	31.14
31.10	31.15
31.11	31.16
31.1	31.17
31.12	31.18
31.12	31.19
31.10	31.20
31.10	31.21
31.10	31.22
31.10	31.23
31.11	31.24
31.11	31.25
31.4	31.26
31.9	31.27
31.1	31.28
31.9	31.29
31.12	31.30
31.7	31.31
31.12	31.32
31.10	31.33
31.10	31.34
31.11	31.35
31.9	31.36
31.9	31.37
31.9	31.38
31.10	31.39
31.12	31.40
31.1	31.41
31.10	31.42
31.11	31.43
31.9	31.44
31.2	31.45
31.5	31.46
31.10	31.47
31.13	31.48
31.12	31.49
31.12	31.50
31.3	31.51
31.10	31.52
31.10	31.53
31.10	31.54
31.12	31.55
31.10	31.56
31.1	31.57
31.1	31.58
31.1	31.59
31.10	31.60
31.8	31.61
31.10	31.62
31.12	31.63
31.10	31.64
32.1	32.1
32.1	32.2
32.1	32.3
32.4	32.4
32.4	32.5
32.1	32.6
32.1	32.7
32.1	32.8
32.1	32.9
32.1	32.10
32.1	32.11
32.1	32.12
32.1	32.13
32.1	32.14
32.1	32.15
32.6	32.16
32.1	32.17
32.1	32.18
32.1	32.19
32.6	32.20
32.1	32.21
32.1	32.22
32.6	32.23
32.1	32.24
32.1	32.25
32.1	32.26
32.1	32.27
32.1	32.28
32.1	32.29
32.1	32.30
32.1	32.31
32.1	32.32
32.1	32.33
32.1	32.34
32.1	32.35
32.1	32.36
32.5	32.37
32.1	32.38
32.1	32.39
32.3	32.40
32.1	32.41
32.1	32.42
32.4	32.43
32.2	32.44
32.6	32.45
32.1	32.46
32.1	32.47
32.6	32.48
32.1	32.49
32.6	32.50
32.1	32.51
32.4	32.52
32.1	32.53
32.4	32.54
32.1	32.55
32.1	32.56
32.1	32.57
32.1	32.58
32.1	32.59
32.1	32.60
32.1	32.61
32.1	32.62
32.1	32.63
32.6	32.64
33.5	33.1
33.8	33.2
33.5	33.3
33.5	33.4
33.5	33.5
33.9	33.6
33.5	33.7
33.5	33.8
33.5	33.9
33.5	33.10
33.5	33.11
33.5	33.12
33.5	33.13
33.5	33.14
33.9	33.15
33.2	33.16
33.5	33.17
33.5	33.18
33.3	33.19
33.6	33.20
33.4	33.21
33.5	33.22
33.7	33.23
33.5	33.24
33.4	33.25
33.5	33.26
33.5	33.27
33.5	33.28
33.5	33.29
33.5	33.30
33.5	33.31
33.9	33.32
33.5	33.33
33.5	33.34
33.9	33.35
33.5	33.36
33.5	33.37
33.5	33.38
33.5	33.39
33.5	33.40
33.5	33.41
33.9	33.42
33.5	33.43
33.9	33.44
33.5	33.45
33.5	33.46
33.9	33.47
33.9	33.48
33.5	33.49
33.5	33.50
33.5	33.51
33.5	33.52
33.9	33.53
33.8	33.54
33.8	33.55
33.1	33.56
33.5	33.57
33.5	33.58
33.5	33.59
33.2	33.60
33.5	33.61
33.5	33.62
33.5	33.63
33.5	33.64
34.16	34.1
34.8	34.2
34.12	34.3
34.8	34.4
34.8	34.5
34.8	34.6
34.8	34.7
34.16	34.8
34.8	34.9
34.16	34.10
34.11	34.11
34.12	34.12
34.9	34.13
34.8	34.14
34.8	34.15
34.8	34.16
34.12	34.17
34.12	34.18
34.8	34.19
34.8	34.20
34.16	34.21
34.8	34.22
34.8	34.23
34.8	34.24
34.12	34.25
34.16	34.26
34.14	34.27
34.12	34.28
34.8	34.29
34.1	34.30
34.7	34.31
34.8	34.32
34.12	34.33
34.3	34.34
34.8	34.35
34.9	34.36
34.12	34.37
34.12	34.38
34.16	34.39
34.8	34.40
34.8	34.41
34.10	34.42
34.2	34.43
34.8	34.44
34.4	34.45
34.13	34.46
34.12	34.47
34.8	34.48
34.16	34.49
34.6	34.50
34.9	34.51
34.8	34.52
34.15	34.53
34.11	34.54
34.8	34.55
34.8	34.56
34.14	34.57
34.1	34.58
34.5	34.59
34.8	34.60
34.12	34.61
34.9	34.62
34.13	34.63
34.8	34.64
35.10	35.1
35.1	35.2
35.17	35.3
35.18	35.4
35.10	35.5
35.6	35.6
35.18	35.7
35.1	35.8
35.15	35.9
35.10	35.10
35.10	35.11
35.2	35.12
35.10	35.13
35.18	35.14
35.1	35.15
35.1	35.16
35.14	35.17
35.19	35.18
35.1	35.19
35.10	35.20
35.18	35.21
35.18	35.22
35.11	35.23
35.10	35.24
35.1	35.25
35.1	35.26
35.17	35.27
35.10	35.28
35.1	35.29
35.15	35.30
35.7	35.31
35.19	35.32
35.14	35.33
35.14	35.34
35.18	35.35
35.17	35.36
35.1	35.37
35.13	35.38
35.17	35.39
35.1	35.40
35.1	35.41
35.1	35.42
35.17	35.43
35.8	35.44
35.14	35.45
35.1	35.46
35.1	35.47
35.18	35.48
35.4	35.49
35.1	35.50
35.1	35.51
35.16	35.52
35.1	35.53
35.1	35.54
35.1	35.55
35.18	35.56
35.18	35.57
35.5	35.58
35.18	35.59
35.12	35.60
35.11	35.61
35.9	35.62
35.16	35.63
35.3	35.64
36.13	36.1
36.14	36.2
36.7	36.3
36.7	36.4
36.7	36.5
36.14	36.6
36.14	36.7
36.13	36.8
36.13	36.9
36.1	36.10
36.1	36.11
36.12	36.12
36.11	36.13
36.14	36.14
36.14	36.15
36.1	36.16
36.4	36.17
36.14	36.18
36.1	36.19
36.14	36.20
36.14	36.21
36.1	36.22
36.3	36.23
36.10	36.24
36.1	36.25
36.1	36.26
36.14	36.27
36.14	36.28
36.1	36.29
36.10	36.30
36.1	36.31
36.14	36.32
36.14	36.33
36.1	36.34
36.1	36.35
36.1	36.36
36.6	36.37
36.9	36.38
36.10	36.39
36.5	36.40
36.1	36.41
36.13	36.42
36.10	36.43
36.3	36.44
36.14	36.45
36.9	36.46
36.14	36.47
36.10	36.48
36.14	36.49
36.14	36.50
36.14	36.51
36.13	36.52
36.1	36.53
36.2	36.54
36.1	36.55
36.14	36.56
36.8	36.57
36.10	36.58
36.14	36.59
36.9	36.60
36.13	36.61
36.14	36.62
36.14	36.63
36.11	36.64
37.9	37.1
37.9	37.2
37.9	37.3
37.8	37.4
37.9	37.5
37.9	37.6
37.9	37.7
37.1	37.8
37.9	37.9
37.9	37.10
37.1	37.11
37.6	37.12
37.9	37.13
37.9	37.14
37.9	37.15
37.2	37.16
37.1	37.17
37.9	37.18
37.9	37.19
37.9	37.20
37.1	37.21
37.9	37.22
37.6	37.23
37.9	37.24
37.9	37.25
37.9	37.26
37.9	37.27
37.9	37.28
37.1	37.29
37.9	37.30
37.3	37.31
37.9	37.32
37.9	37.33
37.7	37.34
37.9	37.35
37.6	37.36
37.9	37.37
37.9	37.38
37.9	37.39
37.9	37.40
37.9	37.41
37.9	37.42
37.9	37.43
37.9	37.44
37.9	37.45
37.9	37.46
37.9	37.47
37.9	37.48
37.9	37.49
37.9	37.50
37.5	37.51
37.9	37.52
37.1	37.53
37.1	37.54
37.6	37.55
37.8	37.56
37.1	37.57
37.1	37.58
37.9	37.59
37.9	37.60
37.9	37.61
37.9	37.62
37.1	37.63
37.4	37.64
38.4	38.1
38.4	38.2
38.4	38.3
38.4	38.4
38.4	38.5
38.4	38.6
38.4	38.7
38.10	38.8
38.4	38.9
38.4	38.10
38.4	38.11
38.2	38.12
38.8	38.13
38.1	38.14
38.4	38.15
38.4	38.16
38.4	38.17
38.10	38.18
38.4	38.19
38.4	38.20
38.4	38.21
38.1	38.22
38.4	38.23
38.10	38.24
38.4	38.25
38.4	38.26
38.8	38.27
38.4	38.28
38.10	38.29
38.4	38.30
38.4	38.31
38.10	38.32
38.10	38.33
38.8	38.34
38.4	38.35
38.4	38.36
38.9	38.37
38.4	38.38
38.10	38.39
38.4	38.40
38.9	38.41
38.4	38.42
38.4	38.43
38.6	38.44
38.4	38.45
38.3	38.46
38.4	38.47
38.10	38.48
38.4	38.49
38.10	38.50
38.7	38.51
38.4	38.52
38.4	38.53
38.10	38.54
38.5	38.55
38.4	38.56
38.4	38.57
38.4	38.58
38.9	38.59
38.4	38.60
38.4	38.61
38.10	38.62
38.10	38.63
38.10	38.64
39.1	39.1
39.1	39.2
39.12	39.3
39.12	39.4
39.1	39.5
39.1	39.6
39.10	39.7
39.8	39.8
39.1	39.9
39.10	39.10
39.3	39.11
39.10	39.12
39.13	39.13
39.2	39.14
39.12	39.15
39.1	39.16
39.12	39.17
39.1	39.18
39.5	39.19
39.12	39.20
39.12	39.21
39.12	39.22
39.1	39.23
39.1	39.24
39.1	39.25
39.12	39.26
39.1	39.27
39.10	39.28
39.12	39.29
39.12	39.30
39.1	39.31
39.1	39.32
39.7	39.33
39.12	39.34
39.1	39.35
39.6	39.36
39.12	39.37
39.1	39.38
39.1	39.39
39.1	39.40
39.6	39.41
39.12	39.42
39.1	39.43
39.4	39.44
39.1	39.45
39.1	39.46
39.9	39.47
39.1	39.48
39.1	39.49
39.12	39.50
39.12	39.51
39.12	39.52
39.1	39.53
39.12	39.54
39.12	39.55
39.1	39.56
39.12	39.57
39.1	39.58
39.1	39.59
39.12	39.60
39.11	39.61
39.1	39.62
39.1	39.63
39.12	39.64
40.1	40.1
40.1	40.2
40.1	40.3
40.13	40.4
40.13	40.5
40.1	40.6
40.1	40.7
40.15	40.8
40.14	40.9
40.14	40.10
40.14	40.11
40.1	40.12
40.14	40.13
40.14	40.14
40.1	40.15
40.1	40.16
40.14	40.17
40.5	40.18
40.4	40.19
40.10	40.20
40.1	40.21
40.14	40.22
40.1	40.23
40.1	40.24
40.8	40.25
40.13	40.26
40.10	40.27
40.1	40.28
40.1	40.29
40.3	40.30
40.14	40.31
40.1	40.32
40.14	40.33
40.13	40.34
40.1	40.35
40.14	40.36
40.13	40.37
40.14	40.38
40.1	40.39
40.1	40.40
40.1	40.41
40.15	40.42
40.2	40.43
40.14	40.44
40.1	40.45
40.1	40.46
40.14	40.47
40.12	40.48
40.9	40.49
40.14	40.50
40.1	40.51
40.1	40.52
40.1	40.53
40.15	40.54
40.1	40.55
40.1	40.56
40.1	40.57
40.13	40.58
40.1	40.59
40.11	40.60
40.15	40.61
40.6	40.62
40.7	40.63
40.1	40.64
41.17	41.1
41.9	41.2
41.17	41.3
41.9	41.4
41.9	41.5
41.11	41.6
41.9	41.7
41.9	41.8
41.3	41.9
41.17	41.10
41.12	41.11
41.9	41.12
41.17	41.13
41.17	41.14
41.9	41.15
41.9	41.16
41.9	41.17
41.16	41.18
41.13	41.19
41.12	41.20
41.12	41.21
41.9	41.22
41.9	41.23
41.9	41.24
41.1	41.25
41.9	41.26
41.17	41.27
41.9	41.28
41.9	41.29
41.12	41.30
41.12	41.31
41.17	41.32
41.8	41.33
41.14	41.34
41.9	41.35
41.4	41.36
41.17	41.37
41.17	41.38
41.17	41.39
41.7	41.40
41.6	41.41
41.17	41.42
41.9	41.43
41.17	41.44
41.10	41.45
41.17	41.46
41.14	41.47
41.9	41.48
41.2	41.49
41.12	41.50
41.17	41.51
41.17	41.52
41.9	41.53
41.9	41.54
41.4	41.55
41.12	41.56
41.9	41.57
41.9	41.58
41.17	41.59
41.9	41.60
41.15	41.61
41.12	41.62
41.5	41.63
41.12	41.64
42.13	42.1
42.1	42.2
42.1	42.3
42.1	42.4
42.13	42.5
42.12	42.6
42.13	42.7
42.7	42.8
42.7	42.9
42.10	42.10
42.1	42.11
42.13	42.12
42.1	42.13
42.14	42.14
42.1	42.15
42.10	42.16
42.8	42.17
42.10	42.18
42.14	42.19
42.1	42.20
42.13	42.21
42.11	42.22
42.1	42.23
42.13	42.24
42.1	42.25
42.7	42.26
42.13	42.27
42.7	42.28
42.6	42.29
42.1	42.30
42.7	42.31
42.7	42.32
42.1	42.33
42.13	42.34
42.10	42.35
42.13	42.36
42.14	42.37
42.1	42.38
42.1	42.39
42.4	42.40
42.1	42.41
42.1	42.42
42.12	42.43
42.13	42.44
42.7	42.45
42.13	42.46
42.13	42.47
42.9	42.48
42.11	42.49
42.9	42.50
42.15	42.51
42.14	42.52
42.5	42.53
42.5	42.54
42.2	42.55
42.1	42.56
42.3	42.57
42.7	42.58
42.13	42.59
42.1	42.60
42.7	42.61
42.13	42.62
42.1	42.63
42.1	42.64
43.1	43.1
43.7	43.2
43.16	43.3
43.16	43.4
43.7	43.5
43.12	43.6
43.16	43.7
43.2	43.8
43.1	43.9
43.1	43.10
43.6	43.11
43.13	43.12
43.14	43.13
43.5	43.14
43.7	43.15
43.7	43.16
43.20	43.17
43.7	43.18
43.7	43.19
43.18	43.20
43.16	43.21
43.1	43.22
43.7	43.23
43.16	43.24
43.19	43.25
43.1	43.26
43.1	43.27
43.16	43.28
43.7	43.29
43.1	43.30
43.16	43.31
43.20	43.32
43.1	43.33
43.17	43.34
43.14	43.35
43.10	43.36
43.16	43.37
43.15	43.38
43.20	43.39
43.18	43.40
43.7	43.41
43.16	43.42
43.19	43.43
43.8	43.44
43.15	43.45
43.3	43.46
43.18	43.47
43.14	43.48
43.1	43.49
43.4	43.50
43.9	43.51
43.15	43.52
43.1	43.53
43.1	43.54
43.11	43.55
43.7	43.56
43.18	43.57
43.1	43.58
43.18	43.59
43.1	43.60
43.18	43.61
43.18	43.62
43.1	43.63
43.1	43.64
44.1	44.1
44.1	44.2
44.1	44.3
44.1	44.4
44.1	44.5
44.1	44.6
44.1	44.7
44.4	44.8
44.5	44.9
44.1	44.10
44.1	44.11
44.1	44.12
44.1	44.13
44.5	44.14
44.1	44.15
44.1	44.16
44.3	44.17
44.1	44.18
44.1	44.19
44.1	44.20
44.1	44.21
44.1	44.22
44.1	44.23
44.1	44.24
44.1	44.25
44.1	44.26
44.1	44.27
44.1	44.28
44.1	44.29
44.1	44.30
44.5	44.31
44.5	44.32
44.1	44.33
44.1	44.34
44.1	44.35
44.1	44.36
44.1	44.37
44.1	44.38
44.1	44.39
44.5	44.40
44.1	44.41
44.1	44.42
44.1	44.43
44.1	44.44
44.1	44.45
44.2	44.46
44.1	44.47
44.1	44.48
44.1	44.49
44.6	44.50
44.6	44.51
44.1	44.52
44.5	44.53
44.1	44.54
44.6	44.55
44.5	44.56
44.5	44.57
44.7	44.58
44.5	44.59
44.1	44.60
44.5	44.61
44.1	44.62
44.5	44.63
44.5	44.64
45.1	45.1
45.1	45.2
45.9	45.3
45.1	45.4
45.1	45.5
45.1	45.6
45.12	45.7
45.1	45.8
45.5	45.9
45.1	45.10
45.1	45.11
45.1	45.12
45.1	45.13
45.12	45.14
45.1	45.15
45.1	45.16
45.9	45.17
45.1	45.18
45.1	45.19
45.6	45.20
45.1	45.21
45.4	45.22
45.1	45.23
45.1	45.24
45.1	45.25
45.3	45.26
45.1	45.27
45.1	45.28
45.1	45.29
45.1	45.30
45.1	45.31
45.12	45.32
45.7	45.33
45.12	45.34
45.5	45.35
45.1	45.36
45.11	45.37
45.1	45.38
45.8	45.39
45.12	45.40
45.12	45.41
45.1	45.42
45.1	45.43
45.1	45.44
45.1	45.45
45.1	45.46
45.1	45.47
45.8	45.48
45.1	45.49
45.12	45.50
45.1	45.51
45.12	45.52
45.12	45.53
45.1	45.54
45.1	45.55
45.2	45.56
45.10	45.57
45.12	45.58
45.1	45.59
45.12	45.60
45.12	45.61
45.12	45.62
45.8	45.63
45.1	45.64
46.1	46.1
46.1	46.2
46.7	46.3
46.1	46.4
46.1	46.5
46.1	46.6
46.1	46.7
46.1	46.8
46.1	46.9
46.1	46.10
46.7	46.11
46.7	46.12
46.1	46.13
46.1	46.14
46.1	46.15
46.1	46.16
46.7	46.17
46.7	46.18
46.1	46.19
46.7	46.20
46.7	46.21
46.1	46.22
46.1	46.23
46.6	46.24
46.7	46.25
46.4	46.26
46.1	46.27
46.1	46.28
46.1	46.29
46.1	46.30
46.1	46.31
46.1	46.32
46.1	46.33
46.7	46.34
46.1	46.35
46.1	46.36
46.1	46.37
46.1	46.38
46.1	46.39
46.1	46.40
46.7	46.41
46.2	46.42
46.7	46.43
46.1	46.44
46.1	46.45
46.6	46.46
46.1	46.47
46.1	46.48
46.1	46.49
46.1	46.50
46.5	46.51
46.7	46.52
46.1	46.53
46.3	46.54
46.7	46.55
46.1	46.56
46.7	46.57
46.1	46.58
46.6	46.59
46.1	46.60
46.6	46.61
46.1	46.62
46.1	46.63
46.1	46.64
47.11	47.1
47.1	47.2
47.1	47.3
47.9	47.4
47.4	47.5
47.10	47.6
47.1	47.7
47.11	47.8
47.7	47.9
47.9	47.10
47.4	47.11
47.1	47.12
47.11	47.13
47.11	47.14
47.10	47.15
47.9	47.16
47.6	47.17
47.4	47.18
47.4	47.19
47.7	47.20
47.9	47.21
47.4	47.22
47.11	47.23
47.4	47.24
47.11	47.25
47.7	47.26
47.11	47.27
47.4	47.28
47.4	47.29
47.10	47.30
47.4	47.31
47.9	47.32
47.9	47.33
47.1	47.34
47.4	47.35
47.4	47.36
47.1	47.37
47.11	47.38
47.4	47.39
47.4	47.40
47.4	47.41
47.10	47.42
47.3	47.43
47.4	47.44
47.11	47.45
47.10	47.46
47.10	47.47
47.11	47.48
47.10	47.49
47.4	47.50
47.11	47.51
47.5	47.52
47.10	47.53
47.7	47.54
47.1	47.55
47.4	47.56
47.11	47.57
47.1	47.58
47.9	47.59
47.2	47.60
47.8	47.61
47.4	47.62
47.9	47.63
47.11	47.64
48.12	48.1
48.7	48.2
48.14	48.3
48.12	48.4
48.12	48.5
48.10	48.6
48.7	48.7
48.12	48.8
48.1	48.9
48.10	48.10
48.5	48.11
48.11	48.12
48.11	48.13
48.9	48.14
48.7	48.15
48.7	48.16
48.10	48.17
48.8	48.18
48.12	48.19
48.13	48.20
48.12	48.21
48.1	48.22
48.10	48.23
48.1	48.24
48.10	48.25
48.1	48.26
48.10	48.27
48.7	48.28
48.7	48.29
48.2	48.30
48.14	48.31
48.7	48.32
48.4	48.33
48.11	48.34
48.12	48.35
48.12	48.36
48.1	48.37
48.13	48.38
48.7	48.39
48.10	48.40
48.10	48.41
48.14	48.42
48.7	48.43
48.7	48.44
48.12	48.45
48.6	48.46
48.1	48.47
48.9	48.48
48.9	48.49
48.3	48.50
48.12	48.51
48.10	48.52
48.7	48.53
48.10	48.54
48.11	48.55
48.11	48.56
48.7	48.57
48.12	48.58
48.12	48.59
48.12	48.60
48.11	48.61
48.12	48.62
48.12	48.63
48.10	48.64
49.6	49.1
49.6	49.2
49.6	49.3
49.6	49.4
49.1	49.5
49.6	49.6
49.1	49.7
49.6	49.8
49.6	49.9
49.6	49.10
49.2	49.11
49.6	49.12
49.6	49.13
49.5	49.14
49.6	49.15
49.1	49.16
49.6	49.17
49.7	49.18
49.6	49.19
49.6	49.20
49.6	49.21
49.5	49.22
49.6	49.23
49.6	49.24
49.6	49.25
49.6	49.26
49.6	49.27
49.6	49.28
49.6	49.29
49.6	49.30
49.6	49.31
49.6	49.32
49.1	49.33
49.6	49.34
49.6	49.35
49.6	49.36
49.6	49.37
49.6	49.38
49.6	49.39
49.6	49.40
49.7	49.41
49.6	49.42
49.6	49.43
49.6	49.44
49.6	49.45
49.1	49.46
49.6	49.47
49.6	49.48
49.6	49.49
49.6	49.50
49.3	49.51
49.6	49.52
49.6	49.53
49.7	49.54
49.6	49.55
49.6	49.56
49.5	49.57
49.6	49.58
49.6	49.59
49.6	49.60
49.6	49.61
49.1	49.62
49.5	49.63
49.4	49.64
50.9	50.1
50.9	50.2
50.1	50.3
50.1	50.4
50.1	50.5
50.9	50.6
50.9	50.7
50.9	50.8
50.9	50.9
50.9	50.10
50.10	50.11
50.1	50.12
50.9	50.13
50.9	50.14
50.9	50.15
50.10	50.16
50.1	50.17
50.1	50.18
50.9	50.19
50.1	50.20
50.9	50.21
50.1	50.22
50.1	50.23
50.9	50.24
50.9	50.25
50.1	50.26
50.10	50.27
50.9	50.28
50.9	50.29
50.2	50.30
50.1	50.31
50.9	50.32
50.10	50.33
50.1	50.34
50.9	50.35
50.9	50.36
50.1	50.37
50.9	50.38
50.4	50.39
50.9	50.40
50.9	50.41
50.5	50.42
50.6	50.43
50.8	50.44
50.9	50.45
50.9	50.46
50.9	50.47
50.8	50.48
50.1	50.49
50.9	50.50
50.7	50.51
50.9	50.52
50.10	50.53
50.1	50.54
50.9	50.55
50.9	50.56
50.1	50.57
50.3	50.58
50.9	50.59
50.9	50.60
50.5	50.61
50.9	50.62
50.9	50.63
50.1	50.64
51.8	51.1
51.10	51.2
51.10	51.3
51.11	51.4
51.8	51.5
51.10	51.6
51.10	51.7
51.8	51.8
51.1	51.9
51.1	51.10
51.1	51.11
51.4	51.12
51.10	51.13
51.6	51.14
51.8	51.15
51.10	51.16
51.1	51.17
51.4	51.18
51.10	51.19
51.1	51.20
51.3	51.21
51.10	51.22
51.4	51.23
51.10	51.24
51.4	51.25
51.10	51.26
51.1	51.27
51.7	51.28
51.8	51.29
51.7	51.30
51.1	51.31
51.10	51.32
51.1	51.33
51.2	51.34
51.10	51.35
51.10	51.36
51.8	51.37
51.10	51.38
51.10	51.39
51.10	51.40
51.10	51.41
51.10	51.42
51.11	51.43
51.1	51.44
51.7	51.45
51.1	51.46
51.8	51.47
51.10	51.48
51.1	51.49
51.10	51.50
51.9	51.51
51.7	51.52
51.1	51.53
51.10	51.54
51.10	51.55
51.1	51.56
51.1	51.57
51.5	51.58
51.10	51.59
51.12	51.60
51.1	51.61
51.1	51.62
51.8	51.63
51.12	51.64
52.11	52.1
52.11	52.2
52.1	52.3
52.1	52.4
52.11	52.5
52.1	52.6
52.9	52.7
52.11	52.8
52.11	52.9
52.10	52.10
52.12	52.11
52.11	52.12
52.13	52.13
52.11	52.14
52.1	52.15
52.13	52.16
52.11	52.17
52.1	52.18
52.13	52.19
52.11	52.20
52.15	52.21
52.11	52.22
52.8	52.23
52.1	52.24
52.1	52.25
52.11	52.26
52.11	52.27
52.1	52.28
52.11	52.29
52.1	52.30
52.1	52.31
52.14	52.32
52.7	52.33
52.1	52.34
52.15	52.35
52.16	52.36
52.13	52.37
52.9	52.38
52.13	52.39
52.1	52.40
52.11	52.41
52.9	52.42
52.11	52.43
52.13	52.44
52.16	52.45
52.1	52.46
52.3	52.47
52.15	52.48
52.1	52.49
52.11	52.50
52.7	52.51
52.11	52.52
52.2	52.53
52.5	52.54
52.11	52.55
52.13	52.56
52.4	52.57
52.6	52.58
52.1	52.59
52.7	52.60
52.7	52.61
52.9	52.62
52.11	52.63
52.13	52.64
53.1	53.1
53.1	53.2
53.1	53.3
53.1	53.4
53.1	53.5
53.1	53.6
53.8	53.7
53.8	53.8
53.1	53.9
53.1	53.10
53.1	53.11
53.1	53.12
53.1	53.13
53.8	53.14
53.6	53.15
53.1	53.16
53.1	53.17
53.6	53.18
53.1	53.19
53.1	53.20
53.1	53.21
53.1	53.22
53.1	53.23
53.3	53.24
53.8	53.25
53.1	53.26
53.1	53.27
53.6	53.28
53.8	53.29
53.8	53.30
53.4	53.31
53.1	53.32
53.6	53.33
53.1	53.34
53.8	53.35
53.8	53.36
53.1	53.37
53.8	53.38
53.7	53.39
53.1	53.40
53.8	53.41
53.1	53.42
53.5	53.43
53.1	53.44
53.6	53.45
53.1	53.46
53.1	53.47
53.8	53.48
53.1	53.49
53.8	53.50
53.1	53.51
53.2	53.52
53.1	53.53
53.8	53.54
53.1	53.55
53.1	53.56
53.8	53.57
53.1	53.58
53.1	53.59
53.1	53.60
53.1	53.61
53.1	53.62
53.1	53.63
53.1	53.64
54.9	54.1
54.9	54.2
54.9	54.3
54.9	54.4
54.9	54.5
54.9	54.6
54.9	54.7
54.9	54.8
54.9	54.9
54.9	54.10
54.1	54.11
54.9	54.12
54.9	54.13
54.9	54.14
54.9	54.15
54.9	54.16
54.9	54.17
54.11	54.18
54.9	54.19
54.9	54.20
54.9	54.21
54.1	54.22
54.9	54.23
54.2	54.24
54.4	54.25
54.10	54.26
54.1	54.27
54.9	54.28
54.9	54.29
54.9	54.30
54.9	54.31
54.11	54.32
54.1	54.33
54.1	54.34
54.9	54.35
54.5	54.36
54.1	54.37
54.9	54.38
54.9	54.39
54.9	54.40
54.8	54.41
54.9	54.42
54.9	54.43
54.3	54.44
54.9	54.45
54.1	54.46
54.9	54.47
54.4	54.48
54.9	54.49
54.1	54.50
54.9	54.51
54.1	54.52
54.9	54.53
54.5	54.54
54.1	54.55
54.9	54.56
54.1	54.57
54.9	54.58
54.7	54.59
54.6	54.60
54.1	54.61
54.9	54.62
54.9	54.63
54.9	54.64
55.9	55.1
55.1	55.2
55.7	55.3
55.1	55.4
55.9	55.5
55.6	55.6
55.9	55.7
55.9	55.8
55.5	55.9
55.9	55.10
55.1	55.11
55.6	55.12
55.9	55.13
55.9	55.14
55.9	55.15
55.9	55.16
55.1	55.17
55.9	55.18
55.1	55.19
55.4	55.20
55.9	55.21
55.1	55.22
55.2	55.23
55.9	55.24
55.9	55.25
55.9	55.26
55.9	55.27
55.9	55.28
55.9	55.29
55.1	55.30
55.6	55.31
55.1	55.32
55.9	55.33
55.9	55.34
55.9	55.35
55.1	55.36
55.1	55.37
55.8	55.38
55.9	55.39
55.1	55.40
55.3	55.41
55.9	55.42
55.9	55.43
55.9	55.44
55.9	55.45
55.9	55.46
55.9	55.47
55.1	55.48
55.1	55.49
55.9	55.50
55.9	55.51
55.9	55.52
55.9	55.53
55.9	55.54
55.9	55.55
55.9	55.56
55.9	55.57
55.1	55.58
55.9	55.59
55.1	55.60
55.6	55.61
55.9	55.62
55.9	55.63
55.9	55.64
56.12	56.1
56.12	56.2
56.12	56.3
56.1	56.4
56.4	56.5
56.2	56.6
56.9	56.7
56.1	56.8
56.12	56.9
56.12	56.10
56.1	56.11
56.12	56.12
56.1	56.13
56.1	56.14
56.9	56.15
56.12	56.16
56.12	56.17
56.1	56.18
56.7	56.19
56.1	56.20
56.1	56.21
56.4	56.22
56.1	56.23
56.1	56.24
56.1	56.25
56.1	56.26
56.10	56.27
56.1	56.28
56.12	56.29
56.12	56.30
56.4	56.31
56.11	56.32
56.12	56.33
56.12	56.34
56.10	56.35
56.1	56.36
56.10	56.37
56.9	56.38
56.10	56.39
56.1	56.40
56.11	56.41
56.12	56.42
56.10	56.43
56.10	56.44
56.12	56.45
56.12	56.46
56.12	56.47
56.1	56.48
56.7	56.49
56.13	56.50
56.12	56.51
56.1	56.52
56.5	56.53
56.9	56.54
56.3	56.55
56.1	56.56
56.13	56.57
56.6	56.58
56.6	56.59
56.8	56.60
56.1	56.61
56.12	56.62
56.12	56.63
56.12	56.64
57.1	57.1
57.1	57.2
57.1	57.3
57.14	57.4
57.14	57.5
57.1	57.6
57.1	57.7
57.1	57.8
57.1	57.9
57.1	57.10
57.1	57.11
57.1	57.12
57.1	57.13
57.1	57.14
57.15	57.15
57.1	57.16
57.14	57.17
57.1	57.18
57.1	57.19
57.10	57.20
57.1	57.21
57.5	57.22
57.1	57.23
57.1	57.24
57.14	57.25
57.11	57.26
57.1	57.27
57.14	57.28
57.2	57.29
57.14	57.30
57.14	57.31
57.1	57.32
57.14	57.33
57.14	57.34
57.15	57.35
57.14	57.36
57.6	57.37
57.14	57.38
57.1	57.39
57.12	57.40
57.15	57.41
57.13	57.42
57.14	57.43
57.1	57.44
57.1	57.45
57.1	57.46
57.8	57.47
57.1	57.48
57.7	57.49
57.14	57.50
57.1	57.51
57.9	57.52
57.10	57.53
57.10	57.54
57.1	57.55
57.1	57.56
57.4	57.57
57.15	57.58
57.12	57.59
57.11	57.60
57.3	57.61
57.14	57.62
57.14	57.63
57.13	57.64
58.4	58.1
58.4	58.2
58.1	58.3
58.4	58.4
58.4	58.5
58.4	58.6
58.4	58.7
58.4	58.8
58.1	58.9
58.4	58.10
58.4	58.11
58.4	58.12
58.4	58.13
58.5	58.14
58.4	58.15
58.1	58.16
58.4	58.17
58.4	58.18
58.6	58.19
58.6	58.20
58.4	58.21
58.6	58.22
58.4	58.23
58.4	58.24
58.1	58.25
58.1	58.26
58.4	58.27
58.4	58.28
58.4	58.29
58.4	58.30
58.1	58.31
58.4	58.32
58.4	58.33
58.4	58.34
58.4	58.35
58.4	58.36
58.4	58.37
58.1	58.38
58.1	58.39
58.4	58.40
58.4	58.41
58.4	58.42
58.6	58.43
58.6	58.44
58.4	58.45
58.6	58.46
58.4	58.47
58.4	58.48
58.1	58.49
58.4	58.50
58.5	58.51
58.6	58.52
58.4	58.53
58.3	58.54
58.1	58.55
58.4	58.56
58.4	58.57
58.4	58.58
58.1	58.59
58.1	58.60
58.1	58.61
58.4	58.62
58.4	58.63
58.2	58.64
59.14	59.1
59.14	59.2
59.13	59.3
59.10	59.4
59.1	59.5
59.14	59.6
59.1	59.7
59.10	59.8
59.14	59.9
59.11	59.10
59.10	59.11
59.14	59.12
59.11	59.13
59.10	59.14
59.10	59.15
59.1	59.16
59.13	59.17
59.14	59.18
59.10	59.19
59.4	59.20
59.10	59.21
59.10	59.22
59.14	59.23
59.7	59.24
59.14	59.25
59.14	59.26
59.14	59.27
59.12	59.28
59.14	59.29
59.10	59.30
59.14	59.31
59.5	59.32
59.14	59.33
59.6	59.34
59.11	59.35
59.1	59.36
59.3	59.37
59.8	59.38
59.14	59.39
59.14	59.40
59.4	59.41
59.11	59.42
59.14	59.43
59.14	59.44
59.10	59.45
59.10	59.46
59.1	59.47
59.10	59.48
59.1	59.49
59.14	59.50
59.10	59.51
59.10	59.52
59.4	59.53
59.10	59.54
59.10	59.55
59.10	59.56
59.11	59.57
59.5	59.58
59.10	59.59
59.9	59.60
59.9	59.61
59.10	59.62
59.2	59.63
59.10	59.64
60.1	60.1
60.1	60.2
60.1	60.3
60.1	60.4
60.1	60.5
60.1	60.6
60.1	60.7
60.1	60.8
60.1	60.9
60.1	60.10
60.1	60.11
60.1	60.12
60.1	60.13
60.1	60.14
60.1	60.15
60.1	60.16
60.3	60.17
60.1	60.18
60.6	60.19
60.1	60.20
60.1	60.21
60.1	60.22
60.1	60.23
60.1	60.24
60.1	60.25
60.1	60.26
60.1	60.27
60.1	60.28
60.1	60.29
60.4	60.30
60.1	60.31
60.1	60.32
60.1	60.33
60.1	60.34
60.1	60.35
60.2	60.36
60.6	60.37
60.1	60.38
60.5	60.39
60.1	60.40
60.1	60.41
60.1	60.42
60.1	60.43
60.1	60.44
60.4	60.45
60.1	60.46
60.1	60.47
60.1	60.48
60.1	60.49
60.1	60.50
60.1	60.51
60.1	60.52
60.6	60.53
60.1	60.54
60.1	60.55
60.1	60.56
60.1	60.57
60.1	60.58
60.1	60.59
60.1	60.60
60.6	60.61
60.1	60.62
60.6	60.63
60.1	60.64
61.1	61.1
61.5	61.2
61.5	61.3
61.1	61.4
61.11	61.5
61.6	61.6
61.7	61.7
61.7	61.8
61.5	61.9
61.6	61.10
61.1	61.11
61.11	61.12
61.1	61.13
61.5	61.14
61.1	61.15
61.7	61.16
61.5	61.17
61.1	61.18
61.7	61.19
61.11	61.20
61.6	61.21
61.5	61.22
61.1	61.23
61.3	61.24
61.11	61.25
61.5	61.26
61.1	61.27
61.5	61.28
61.4	61.29
61.4	61.30
61.7	61.31
61.11	61.32
61.1	61.33
61.1	61.34
61.4	61.35
61.7	61.36
61.1	61.37
61.5	61.38
61.7	61.39
61.7	61.40
61.7	61.41
61.1	61.42
61.2	61.43
61.9	61.44
61.7	61.45
61.11	61.46
61.1	61.47
61.8	61.48
61.1	61.49
61.5	61.50
61.11	61.51
61.7	61.52
61.5	61.53
61.7	61.54
61.1	61.55
61.1	61.56
61.1	61.57
61.1	61.58
61.1	61.59
61.1	61.60
61.7	61.61
61.7	61.62
61.1	61.63
61.10	61.64
62.3	62.1
62.3	62.2
62.3	62.3
62.3	62.4
62.3	62.5
62.3	62.6
62.6	62.7
62.7	62.8
62.7	62.9
62.3	62.10
62.3	62.11
62.3	62.12
62.6	62.13
62.7	62.14
62.3	62.15
62.9	62.16
62.3	62.17
62.3	62.18
62.7	62.19
62.3	62.20
62.10	62.21
62.3	62.22
62.2	62.23
62.9	62.24
62.10	62.25
62.7	62.26
62.3	62.27
62.7	62.28
62.3	62.29
62.3	62.30
62.5	62.31
62.9	62.32
62.10	62.33
62.7	62.34
62.9	62.35
62.4	62.36
62.3	62.37
62.9	62.38
62.3	62.39
62.7	62.40
62.3	62.41
62.7	62.42
62.8	62.43
62.3	62.44
62.3	62.45
62.3	62.46
62.3	62.47
62.8	62.48
62.9	62.49
62.3	62.50
62.3	62.51
62.7	62.52
62.1	62.53
62.7	62.54
62.3	62.55
62.9	62.56
62.3	62.57
62.9	62.58
62.10	62.59
62.3	62.60
62.3	62.61
62.7	62.62
62.3	62.63
62.7	62.64
63.7	63.1
63.1	63.2
63.1	63.3
63.1	63.4
63.1	63.5
63.1	63.6
63.7	63.7
63.1	63.8
63.8	63.9
63.1	63.10
63.1	63.11
63.7	63.12
63.1	63.13
63.7	63.14
63.1	63.15
63.1	63.16
63.1	63.17
63.7	63.18
63.7	63.19
63.7	63.20
63.7	63.21
63.1	63.22
63.7	63.23
63.1	63.24
63.1	63.25
63.9	63.26
63.1	63.27
63.1	63.28
63.1	63.29
63.1	63.30
63.1	63.31
63.1	63.32
63.1	63.33
63.7	63.34
63.7	63.35
63.1	63.36
63.8	63.37
63.1	63.38
63.1	63.39
63.1	63.40
63.1	63.41
63.1	63.42
63.2	63.43
63.4	63.44
63.6	63.45
63.7	63.46
63.1	63.47
63.1	63.48
63.8	63.49
63.1	63.50
63.3	63.51
63.5	63.52
63.7	63.53
63.1	63.54
63.1	63.55
63.8	63.56
63.7	63.57
63.8	63.58
63.1	63.59
63.1	63.60
63.1	63.61
63.1	63.62
63.1	63.63
63.8	63.64
64.6	64.1
64.8	64.2
64.5	64.3
64.6	64.4
64.8	64.5
64.4	64.6
64.1	64.7
64.1	64.8
64.5	64.9
64.6	64.10
64.3	64.11
64.1	64.12
64.6	64.13
64.5	64.14
64.1	64.15
64.1	64.16
64.1	64.17
64.1	64.18
64.1	64.19
64.1	64.20
64.1	64.21
64.1	64.22
64.1	64.23
64.5	64.24
64.8	64.25
64.6	64.26
64.6	64.27
64.8	64.28
64.2	64.29
64.1	64.30
64.1	64.31
64.6	64.32
64.1	64.33
64.5	64.34
64.8	64.35
64.8	64.36
64.1	64.37
64.1	64.38
64.8	64.39
64.1	64.40
64.5	64.41
64.1	64.42
64.5	64.43
64.1	64.44
64.5	64.45
64.1	64.46
64.8	64.47
64.1	64.48
64.5	64.49
64.6	64.50
64.8	64.51
64.1	64.52
64.6	64.53
64.5	64.54
64.6	64.55
64.6	64.56
64.1	64.57
64.1	64.58
64.5	64.59
64.1	64.60
64.8	64.61
64.5	64.62
64.1	64.63
64.7	64.64
65.1	65.1
65.4	65.2
65.5	65.3
65.4	65.4
65.4	65.5
65.1	65.6
65.6	65.7
65.4	65.8
65.4	65.9
65.4	65.10
65.4	65.11
65.1	65.12
65.4	65.13
65.4	65.14
65.5	65.15
65.4	65.16
65.4	65.17
65.4	65.18
65.6	65.19
65.6	65.20
65.4	65.21
65.6	65.22
65.6	65.23
65.6	65.24
65.4	65.25
65.6	65.26
65.4	65.27
65.1	65.28
65.2	65.29
65.6	65.30
65.4	65.31
65.6	65.32
65.7	65.33
65.4	65.34
65.4	65.35
65.4	65.36
65.1	65.37
65.4	65.38
65.4	65.39
65.4	65.40
65.4	65.41
65.4	65.42
65.1	65.43
65.4	65.44
65.6	65.45
65.1	65.46
65.6	65.47
65.4	65.48
65.4	65.49
65.6	65.50
65.1	65.51
65.4	65.52
65.1	65.53
65.4	65.54
65.4	65.55
65.3	65.56
65.6	65.57
65.4	65.58
65.4	65.59
65.4	65.60
65.4	65.61
65.4	65.62
65.1	65.63
65.6	65.64
66.1	66.1
66.1	66.2
66.1	66.3
66.1	66.4
66.1	66.5
66.1	66.6
66.6	66.7
66.1	66.8
66.1	66.9
66.1	66.10
66.1	66.11
66.1	66.12
66.3	66.13
66.1	66.14
66.1	66.15
66.1	66.16
66.6	66.17
66.1	66.18
66.5	66.19
66.1	66.20
66.1	66.21
66.7	66.22
66.6	66.23
66.6	66.24
66.1	66.25
66.1	66.26
66.1	66.27
66.1	66.28
66.7	66.29
66.1	66.30
66.1	66.31
66.1	66.32
66.6	66.33
66.6	66.34
66.6	66.35
66.4	66.36
66.6	66.37
66.1	66.38
66.1	66.39
66.1	66.40
66.1	66.41
66.1	66.42
66.1	66.43
66.6	66.44
66.5	66.45
66.1	66.46
66.1	66.47
66.1	66.48
66.7	66.49
66.6	66.50
66.6	66.51
66.1	66.52
66.7	66.53
66.5	66.54
66.1	66.55
66.6	66.56
66.1	66.57
66.7	66.58
66.6	66.59
66.4	66.60
66.6	66.61
66.1	66.62
66.2	66.63
66.1	66.64
67.1	67.1
67.1	67.2
67.1	67.3
67.1	67.4
67.1	67.5
67.1	67.6
67.1	67.7
67.1	67.8
67.1	67.9
67.1	67.10
67.5	67.11
67.1	67.12
67.1	67.13
67.5	67.14
67.1	67.15
67.5	67.16
67.1	67.17
67.1	67.18
67.1	67.19
67.1	67.20
67.1	67.21
67.1	67.22
67.4	67.23
67.5	67.24
67.1	67.25
67.1	67.26
67.1	67.27
67.1	67.28
67.1	67.29
67.1	67.30
67.2	67.31
67.1	67.32
67.5	67.33
67.1	67.34
67.1	67.35
67.1	67.36
67.1	67.37
67.1	67.38
67.1	67.39
67.5	67.40
67.1	67.41
67.1	67.42
67.1	67.43
67.1	67.44
67.3	67.45
67.1	67.46
67.1	67.47
67.1	67.48
67.1	67.49
67.5	67.50
67.1	67.51
67.5	67.52
67.5	67.53
67.1	67.54
67.1	67.55
67.1	67.56
67.1	67.57
67.1	67.58
67.1	67.59
67.5	67.60
67.5	67.61
67.5	67.62
67.5	67.63
67.1	67.64
68.9	68.1
68.9	68.2
68.6	68.3
68.9	68.4
68.9	68.5
68.8	68.6
68.9	68.7
68.7	68.8
68.1	68.9
68.1	68.10
68.9	68.11
68.4	68.12
68.1	68.13
68.9	68.14
68.9	68.15
68.7	68.16
68.1	68.17
68.1	68.18
68.1	68.19
68.1	68.20
68.1	68.21
68.5	68.22
68.9	68.23
68.1	68.24
68.9	68.25
68.9	68.26
68.1	68.27
68.4	68.28
68.10	68.29
68.7	68.30
68.9	68.31
68.9	68.32
68.7	68.33
68.9	68.34
68.9	68.35
68.4	68.36
68.3	68.37
68.9	68.38
68.9	68.39
68.9	68.40
68.9	68.41
68.1	68.42
68.7	68.43
68.1	68.44
68.6	68.45
68.7	68.46
68.8	68.47
68.1	68.48
68.1	68.49
68.1	68.50
68.2	68.51
68.9	68.52
68.9	68.53
68.1	68.54
68.1	68.55
68.1	68.56
68.8	68.57
68.6	68.58
68.1	68.59
68.9	68.60
68.9	68.61
68.7	68.62
68.9	68.63
68.1	68.64
69.14	69.1
69.10	69.2
69.1	69.3
69.14	69.4
69.17	69.5
69.11	69.6
69.1	69.7
69.6	69.8
69.14	69.9
69.14	69.10
69.17	69.11
69.12	69.12
69.12	69.13
69.17	69.14
69.2	69.15
69.9	69.16
69.1	69.17
69.14	69.18
69.12	69.19
69.1	69.20
69.15	69.21
69.9	69.22
69.1	69.23
69.5	69.24
69.16	69.25
69.1	69.26
69.12	69.27
69.9	69.28
69.14	69.29
69.11	69.30
69.14	69.31
69.9	69.32
69.14	69.33
69.7	69.34
69.14	69.35
69.13	69.36
69.8	69.37
69.9	69.38
69.9	69.39
69.17	69.40
69.14	69.41
69.12	69.42
69.11	69.43
69.17	69.44
69.4	69.45
69.17	69.46
69.14	69.47
69.14	69.48
69.9	69.49
69.7	69.50
69.14	69.51
69.10	69.52
69.14	69.53
69.10	69.54
69.9	69.55
69.1	69.56
69.12	69.57
69.14	69.58
69.14	69.59
69.3	69.60
69.1	69.61
69.14	69.62
69.9	69.63
69.9	69.64
70.10	70.1
70.1	70.2
70.10	70.3
70.1	70.4
70.1	70.5
70.8	70.6
70.5	70.7
70.10	70.8
70.10	70.9
70.11	70.10
70.1	70.11
70.1	70.12
70.11	70.13
70.12	70.14
70.10	70.15
70.12	70.16
70.11	70.17
70.10	70.18
70.10	70.19
70.1	70.20
70.11	70.21
70.1	70.22
70.11	70.23
70.10	70.24
70.6	70.25
70.5	70.26
70.10	70.27
70.1	70.28
70.10	70.29
70.11	70.30
70.10	70.31
70.4	70.32
70.3	70.33
70.2	70.34
70.11	70.35
70.1	70.36
70.1	70.37
70.1	70.38
70.11	70.39
70.10	70.40
70.11	70.41
70.10	70.42
70.6	70.43
70.12	70.44
70.6	70.45
70.1	70.46
70.10	70.47
70.10	70.48
70.1	70.49
70.1	70.50
70.10	70.51
70.1	70.52
70.6	70.53
70.11	70.54
70.10	70.55
70.7	70.56
70.9	70.57
70.10	70.58
70.1	70.59
70.10	70.60
70.1	70.61
70.1	70.62
70.11	70.63
70.10	70.64
71.9	71.1
71.11	71.2
71.6	71.3
71.6	71.4
71.11	71.5
71.11	71.6
71.6	71.7
71.11	71.8
71.6	71.9
71.6	71.10
71.11	71.11
71.11	71.12
71.11	71.13
71.6	71.14
71.11	71.15
71.11	71.16
71.6	71.17
71.6	71.18
71.11	71.19
71.11	71.20
71.11	71.21
71.7	71.22
71.6	71.23
71.11	71.24
71.8	71.25
71.9	71.26
71.10	71.27
71.11	71.28
71.11	71.29
71.11	71.30
71.6	71.31
71.11	71.32
71.5	71.33
71.8	71.34
71.11	71.35
71.2	71.36
71.6	71.37
71.11	71.38
71.6	71.39
71.1	71.40
71.8	71.41
71.10	71.42
71.6	71.43
71.3	71.44
71.8	71.45
71.11	71.46
71.11	71.47
71.6	71.48
71.10	71.49
71.1	71.50
71.6	71.51
71.10	71.52
71.8	71.53
71.6	71.54
71.6	71.55
71.11	71.56
71.1	71.57
71.5	71.58
71.10	71.59
71.4	71.60
71.6	71.61
71.6	71.62
71.11	71.63
71.6	71.64
72.1	72.1
72.6	72.2
72.1	72.3
72.1	72.4
72.1	72.5
72.1	72.6
72.1	72.7
72.1	72.8
72.1	72.9
72.1	72.10
72.1	72.11
72.2	72.12
72.1	72.13
72.1	72.14
72.1	72.15
72.1	72.16
72.1	72.17
72.3	72.18
72.1	72.19
72.1	72.20
72.1	72.21
72.1	72.22
72.1	72.23
72.1	72.24
72.1	72.25
72.1	72.26
72.1	72.27
72.1	72.28
72.6	72.29
72.1	72.30
72.1	72.31
72.1	72.32
72.6	72.33
72.1	72.34
72.1	72.35
72.1	72.36
72.1	72.37
72.1	72.38
72.1	72.39
72.1	72.40
72.1	72.41
72.1	72.42
72.1	72.43
72.6	72.44
72.6	72.45
72.1	72.46
72.1	72.47
72.1	72.48
72.1	72.49
72.4	72.50
72.1	72.51
72.1	72.52
72.6	72.53
72.1	72.54
72.1	72.55
72.6	72.56
72.1	72.57
72.1	72.58
72.1	72.59
72.5	72.60
72.1	72.61
72.1	72.62
72.5	72.63
72.1	72.64
73.1	73.1
73.1	73.2
73.6	73.3
73.1	73.4
73.2	73.5
73.1	73.6
73.1	73.7
73.1	73.8
73.1	73.9
73.1	73.10
73.1	73.11
73.1	73.12
73.1	73.13
73.1	73.14
73.1	73.15
73.1	73.16
73.1	73.17
73.1	73.18
73.1	73.19
73.6	73.20
73.6	73.21
73.1	73.22
73.1	73.23
73.6	73.24
73.6	73.25
73.1	73.26
73.1	73.27
73.7	73.28
73.3	73.29
73.1	73.30
73.6	73.31
73.1	73.32
73.1	73.33
73.1	73.34
73.5	73.35
73.6	73.36
73.1	73.37
73.1	73.38
73.5	73.39
73.1	73.40
73.1	73.41
73.1	73.42
73.1	73.43
73.6	73.44
73.1	73.45
73.1	73.46
73.1	73.47
73.6	73.48
73.1	73.49
73.1	73.50
73.1	73.51
73.1	73.52
73.1	73.53
73.8	73.54
73.6	73.55
73.8	73.56
73.1	73.57
73.1	73.58
73.6	73.59
73.1	73.60
73.5	73.61
73.1	73.62
73.4	73.63
73.1	73.64
74.9	74.1
74.9	74.2
74.9	74.3
74.1	74.4
74.9	74.5
74.1	74.6
74.9	74.7
74.8	74.8
74.9	74.9
74.9	74.10
74.9	74.11
74.9	74.12
74.9	74.13
74.9	74.14
74.9	74.15
74.1	74.16
74.9	74.17
74.9	74.18
74.9	74.19
74.9	74.20
74.1	74.21
74.1	74.22
74.9	74.23
74.9	74.24
74.1	74.25
74.1	74.26
74.8	74.27
74.9	74.28
74.9	74.29
74.9	74.30
74.9	74.31
74.1	74.32
74.9	74.33
74.9	74.34
74.1	74.35
74.9	74.36
74.8	74.37
74.1	74.38
74.9	74.39
74.9	74.40
74.10	74.41
74.9	74.42
74.9	74.43
74.9	74.44
74.9	74.45
74.6	74.46
74.1	74.47
74.9	74.48
74.5	74.49
74.3	74.50
74.4	74.51
74.1	74.52
74.9	74.53
74.9	74.54
74.6	74.55
74.8	74.56
74.9	74.57
74.9	74.58
74.1	74.59
74.2	74.60
74.9	74.61
74.8	74.62
74.1	74.63
74.7	74.64
75.11	75.1
75.1	75.2
75.1	75.3
75.11	75.4
75.1	75.5
75.11	75.6
75.8	75.7
75.1	75.8
75.1	75.9
75.1	75.10
75.11	75.11
75.11	75.12
75.11	75.13
75.1	75.14
75.11	75.15
75.15	75.16
75.7	75.17
75.11	75.18
75.1	75.19
75.2	75.20
75.10	75.21
75.11	75.22
75.11	75.23
75.3	75.24
75.13	75.25
75.10	75.26
75.10	75.27
75.11	75.28
75.9	75.29
75.8	75.30
75.1	75.31
75.11	75.32
75.11	75.33
75.1	75.34
75.11	75.35
75.11	75.36
75.11	75.37
75.1	75.38
75.6	75.39
75.11	75.40
75.1	75.41
75.1	75.42
75.1	75.43
75.12	75.44
75.4	75.45
75.4	75.46
75.7	75.47
75.1	75.48
75.1	75.49
75.10	75.50
75.8	75.51
75.7	75.52
75.1	75.53
75.1	75.54
75.1	75.55
75.16	75.56
75.5	75.57
75.11	75.58
75.10	75.59
75.10	75.60
75.14	75.61
75.15	75.62
75.12	75.63
75.1	75.64
76.1	76.1
76.1	76.2
76.9	76.3
76.1	76.4
76.1	76.5
76.1	76.6
76.1	76.7
76.1	76.8
76.1	76.9
76.5	76.10
76.1	76.11
76.1	76.12
76.9	76.13
76.9	76.14
76.1	76.15
76.9	76.16
76.5	76.17
76.1	76.18
76.1	76.19
76.1	76.20
76.3	76.21
76.9	76.22
76.1	76.23
76.9	76.24
76.1	76.25
76.1	76.26
76.1	76.27
76.1	76.28
76.1	76.29
76.9	76.30
76.9	76.31
76.9	76.32
76.1	76.33
76.1	76.34
76.1	76.35
76.7	76.36
76.1	76.37
76.1	76.38
76.8	76.39
76.1	76.40
76.6	76.41
76.8	76.42
76.9	76.43
76.7	76.44
76.8	76.45
76.9	76.46
76.1	76.47
76.9	76.48
76.9	76.49
76.5	76.50
76.1	76.51
76.7	76.52
76.9	76.53
76.6	76.54
76.2	76.55
76.1	76.56
76.1	76.57
76.1	76.58
76.1	76.59
76.1	76.60
76.9	76.61
76.4	76.62
76.6	76.63
76.1	76.64
77.11	77.1
77.12	77.2
77.10	77.3
77.11	77.4
77.10	77.5
77.10	77.6
77.10	77.7
77.10	77.8
77.10	77.9
77.12	77.10
77.11	77.11
77.1	77.12
77.10	77.13
77.10	77.14
77.10	77.15
77.11	77.16
77.3	77.17
77.11	77.18
77.10	77.19
77.14	77.20
77.11	77.21
77.10	77.22
77.1	77.23
77.10	77.24
77.10	77.25
77.1	77.26
77.12	77.27
77.11	77.28
77.5	77.29
77.1	77.30
77.11	77.31
77.10	77.32
77.1	77.33
77.4	77.34
77.15	77.35
77.11	77.36
77.10	77.37
77.1	77.38
77.8	77.39
77.8	77.40
77.12	77.41
77.10	77.42
77.10	77.43
77.10	77.44
77.9	77.45
77.6	77.46
77.16	77.47
77.7	77.48
77.10	77.49
77.10	77.50
77.11	77.51
77.12	77.52
77.13	77.53
77.2	77.54
77.11	77.55
77.10	77.56
77.12	77.57
77.10	77.58
77.11	77.59
77.11	77.60
77.11	77.61
77.10	77.62
77.10	77.63
77.11	77.64
78.8	78.1
78.11	78.2
78.1	78.3
78.9	78.4
78.1	78.5
78.5	78.6
78.1	78.7
78.2	78.8
78.9	78.9
78.1	78.10
78.1	78.11
78.11	78.12
78.6	78.13
78.9	78.14
78.9	78.15
78.1	78.16
78.1	78.17
78.7	78.18
78.9	78.19
78.8	78.20
78.5	78.21
78.11	78.22
78.11	78.23
78.9	78.24
78.11	78.25
78.5	78.26
78.1	78.27
78.1	78.28
78.9	78.29
78.9	78.30
78.1	78.31
78.9	78.32
78.11	78.33
78.9	78.34
78.9	78.35
78.9	78.36
78.4	78.37
78.9	78.38
78.1	78.39
78.12	78.40
78.11	78.41
78.1	78.42
78.10	78.43
78.1	78.44
78.9	78.45
78.1	78.46
78.3	78.47
78.9	78.48
78.1	78.49
78.12	78.50
78.6	78.51
78.1	78.52
78.5	78.53
78.11	78.54
78.9	78.55
78.6	78.56
78.1	78.57
78.1	78.58
78.11	78.59
78.1	78.60
78.1	78.61
78.11	78.62
78.9	78.63
78.1	78.64
79.1	79.1
79.8	79.2
79.8	79.3
79.1	79.4
79.1	79.5
79.1	79.6
79.1	79.7
79.1	79.8
79.1	79.9
79.1	79.10
79.1	79.11
79.8	79.12
79.1	79.13
79.3	79.14
79.1	79.15
79.1	79.16
79.1	79.17
79.1	79.18
79.1	79.19
79.1	79.20
79.8	79.21
79.1	79.22
79.1	79.23
79.1	79.24
79.1	79.25
79.8	79.26
79.1	79.27
79.8	79.28
79.1	79.29
79.1	79.30
79.1	79.31
79.1	79.32
79.6	79.33
79.6	79.34
79.8	79.35
79.4	79.36
79.8	79.37
79.2	79.38
79.8	79.39
79.1	79.40
79.1	79.41
79.6	79.42
79.8	79.43
79.7	79.44
79.7	79.45
79.1	79.46
79.1	79.47
79.1	79.48
79.7	79.49
79.5	79.50
79.1	79.51
79.1	79.52
79.1	79.53
79.1	79.54
79.1	79.55
79.1	79.56
79.6	79.57
79.7	79.58
79.1	79.59
79.1	79.60
79.1	79.61
79.1	79.62
79.1	79.63
79.8	79.64
80.1	80.1
80.1	80.2
80.8	80.3
80.1	80.4
80.1	80.5
80.5	80.6
80.1	80.7
80.2	80.8
80.5	80.9
80.5	80.10
80.8	80.11
80.1	80.12
80.1	80.13
80.5	80.14
80.7	80.15
80.1	80.16
80.1	80.17
80.8	80.18
80.1	80.19
80.1	80.20
80.8	80.21
80.5	80.22
80.1	80.23
80.8	80.24
80.1	80.25
80.1	80.26
80.1	80.27
80.5	80.28
80.1	80.29
80.1	80.30
80.8	80.31
80.8	80.32
80.1	80.33
80.5	80.34
80.1	80.35
80.1	80.36
80.1	80.37
80.5	80.38
80.1	80.39
80.1	80.40
80.5	80.41
80.1	80.42
80.1	80.43
80.6	80.44
80.5	80.45
80.5	80.46
80.8	80.47
80.1	80.48
80.5	80.49
80.6	80.50
80.1	80.51
80.5	80.52
80.1	80.53
80.4	80.54
80.1	80.55
80.1	80.56
80.1	80.57
80.1	80.58
80.8	80.59
80.1	80.60
80.5	80.61
80.3	80.62
80.1	80.63
80.1	80.64
81.1	81.1
81.8	81.2
81.8	81.3
81.1	81.4
81.8	81.5
81.6	81.6
81.8	81.7
81.8	81.8
81.8	81.9
81.8	81.10
81.8	81.11
81.8	81.12
81.1	81.13
81.8	81.14
81.1	81.15
81.8	81.16
81.1	81.17
81.8	81.18
81.5	81.19
81.1	81.20
81.1	81.21
81.1	81.22
81.8	81.23
81.8	81.24
81.1	81.25
81.1	81.26
81.4	81.27
81.4	81.28
81.1	81.29
81.4	81.30
81.8	81.31
81.1	81.32
81.1	81.33
81.6	81.34
81.8	81.35
81.1	81.36
81.8	81.37
81.1	81.38
81.6	81.39
81.3	81.40
81.5	81.41
81.8	81.42
81.8	81.43
81.8	81.44
81.8	81.45
81.1	81.46
81.6	81.47
81.8	81.48
81.1	81.49
81.8	81.50
81.6	81.51
81.8	81.52
81.7	81.53
81.1	81.54
81.8	81.55
81.1	81.56
81.8	81.57
81.8	81.58
81.6	81.59
81.8	81.60
81.6	81.61
81.2	81.62
81.8	81.63
81.7	81.64
82.8	82.1
82.11	82.2
82.11	82.3
82.8	82.4
82.7	82.5
82.10	82.6
82.8	82.7
82.11	82.8
82.8	82.9
82.6	82.10
82.8	82.11
82.8	82.12
82.8	82.13
82.11	82.14
82.8	82.15
82.8	82.16
82.1	82.17
82.7	82.18
82.1	82.19
82.8	82.20
82.9	82.21
82.8	82.22
82.2	82.23
82.5	82.24
82.8	82.25
82.7	82.26
82.11	82.27
82.8	82.28
82.7	82.29
82.8	82.30
82.11	82.31
82.11	82.32
82.11	82.33
82.7	82.34
82.11	82.35
82.8	82.36
82.11	82.37
82.11	82.38
82.8	82.39
82.8	82.40
82.11	82.41
82.8	82.42
82.11	82.43
82.8	82.44
82.8	82.45
82.11	82.46
82.11	82.47
82.8	82.48
82.8	82.49
82.6	82.50
82.8	82.51
82.11	82.52
82.11	82.53
82.8	82.54
82.11	82.55
82.6	82.56
82.3	82.57
82.1	82.58
82.1	82.59
82.8	82.60
82.11	82.61
82.4	82.62
82.8	82.63
82.8	82.64
83.1	83.1
83.1	83.2
83.1	83.3
83.1	83.4
83.7	83.5
83.17	83.6
83.9	83.7
83.8	83.8
83.13	83.9
83.16	83.10
83.6	83.11
83.1	83.12
83.13	83.13
83.15	83.14
83.17	83.15
83.13	83.16
83.17	83.17
83.13	83.18
83.1	83.19
83.13	83.20
83.12	83.21
83.4	83.22
83.1	83.23
83.17	83.24
83.4	83.25
83.1	83.26
83.1	83.27
83.17	83.28
83.3	83.29
83.1	83.30
83.1	83.31
83.2	83.32
83.17	83.33
83.10	83.34
83.1	83.35
83.17	83.36
83.1	83.37
83.1	83.38
83.5	83.39
83.12	83.40
83.17	83.41
83.1	83.42
83.11	83.43
83.1	83.44
83.13	83.45
83.1	83.46
83.1	83.47
83.13	83.48
83.13	83.49
83.1	83.50
83.1	83.51
83.1	83.52
83.12	83.53
83.12	83.54
83.1	83.55
83.1	83.56
83.9	83.57
83.1	83.58
83.1	83.59
83.13	83.60
83.1	83.61
83.1	83.62
83.1	83.63
83.14	83.64
84.14	84.1
84.10	84.2
84.14	84.3
84.10	84.4
84.1	84.5
84.1	84.6
84.14	84.7
84.13	84.8
84.7	84.9
84.7	84.10
84.10	84.11
84.11	84.12
84.10	84.13
84.8	84.14
84.10	84.15
84.13	84.16
84.10	84.17
84.4	84.18
84.1	84.19
84.14	84.20
84.1	84.21
84.8	84.22
84.14	84.23
84.13	84.24
84.1	84.25
84.10	84.26
84.10	84.27
84.10	84.28
84.1	84.29
84.10	84.30
84.10	84.31
84.10	84.32
84.14	84.33
84.1	84.34
84.1	84.35
84.8	84.36
84.1	84.37
84.14	84.38
84.14	84.39
84.1	84.40
84.9	84.41
84.10	84.42
84.3	84.43
84.8	84.44
84.6	84.45
84.1	84.46
84.10	84.47
84.1	84.48
84.1	84.49
84.10	84.50
84.5	84.51
84.1	84.52
84.1	84.53
84.2	84.54
84.1	84.55
84.1	84.56
84.10	84.57
84.10	84.58
84.1	84.59
84.14	84.60
84.1	84.61
84.10	84.62
84.12	84.63
84.1	84.64
85.5	85.1
85.5	85.2
85.5	85.3
85.8	85.4
85.7	85.5
85.5	85.6
85.5	85.7
85.7	85.8
85.5	85.9
85.7	85.10
85.5	85.11
85.2	85.12
85.3	85.13
85.1	85.14
85.8	85.15
85.5	85.16
85.5	85.17
85.7	85.18
85.1	85.19
85.5	85.20
85.5	85.21
85.8	85.22
85.7	85.23
85.7	85.24
85.1	85.25
85.5	85.26
85.5	85.27
85.5	85.28
85.4	85.29
85.7	85.30
85.8	85.31
85.5	85.32
85.7	85.33
85.7	85.34
85.7	85.35
85.7	85.36
85.5	85.37
85.7	85.38
85.8	85.39
85.1	85.40
85.7	85.41
85.6	85.42
85.7	85.43
85.5	85.44
85.8	85.45
85.5	85.46
85.7	85.47
85.5	85.48
85.7	85.49
85.7	85.50
85.5	85.51
85.7	85.52
85.5	85.53
85.5	85.54
85.5	85.55
85.5	85.56
85.5	85.57
85.6	85.58
85.1	85.59
85.5	85.60
85.5	85.61
85.7	85.62
85.6	85.63
85.7	85.64
86.6	86.1
86.5	86.2
86.5	86.3
86.5	86.4
86.5	86.5
86.5	86.6
86.5	86.7
86.5	86.8
86.3	86.9
86.1	86.10
86.6	86.11
86.3	86.12
86.5	86.13
86.7	86.14
86.4	86.15
86.7	86.16
86.7	86.17
86.5	86.18
86.7	86.19
86.7	86.20
86.5	86.21
86.7	86.22
86.3	86.23
86.5	86.24
86.7	86.25
86.5	86.26
86.1	86.27
86.3	86.28
86.5	86.29
86.6	86.30
86.3	86.31
86.5	86.32
86.7	86.33
86.5	86.34
86.2	86.35
86.3	86.36
86.7	86.37
86.7	86.38
86.5	86.39
86.3	86.40
86.7	86.41
86.3	86.42
86.1	86.43
86.3	86.44
86.5	86.45
86.5	86.46
86.3	86.47
86.6	86.48
86.3	86.49
86.4	86.50
86.5	86.51
86.5	86.52
86.3	86.53
86.3	86.54
86.3	86.55
86.7	86.56
86.1	86.57
86.7	86.58
86.3	86.59
86.3	86.60
86.1	86.61
86.5	86.62
86.5	86.63
86.5	86.64
87.1	87.1
87.1	87.2
87.1	87.3
87.1	87.4
87.6	87.5
87.1	87.6
87.1	87.7
87.1	87.8
87.1	87.9
87.1	87.10
87.1	87.11
87.1	87.12
87.1	87.13
87.6	87.14
87.1	87.15
87.1	87.16
87.1	87.17
87.1	87.18
87.1	87.19
87.1	87.20
87.1	87.21
87.1	87.22
87.1	87.23
87.1	87.24
87.6	87.25
87.4	87.26
87.1	87.27
87.1	87.28
87.3	87.29
87.1	87.30
87.1	87.31
87.1	87.32
87.1	87.33
87.1	87.34
87.2	87.35
87.1	87.36
87.1	87.37
87.1	87.38
87.1	87.39
87.1	87.40
87.1	87.41
87.1	87.42
87.6	87.43
87.6	87.44
87.1	87.45
87.6	87.46
87.6	87.47
87.1	87.48
87.6	87.49
87.5	87.50
87.6	87.51
87.1	87.52
87.1	87.53
87.1	87.54
87.1	87.55
87.1	87.56
87.1	87.57
87.6	87.58
87.1	87.59
87.1	87.60
87.6	87.61
87.5	87.62
87.1	87.63
87.1	87.64
88.1	88.1
88.1	88.2
88.8	88.3
88.8	88.4
88.1	88.5
88.1	88.6
88.1	88.7
88.8	88.8
88.1	88.9
88.9	88.10
88.1	88.11
88.5	88.12
88.10	88.13
88.9	88.14
88.8	88.15
88.8	88.16
88.8	88.17
88.1	88.18
88.9	88.19
88.5	88.20
88.8	88.21
88.7	88.22
88.8	88.23
88.8	88.24
88.8	88.25
88.8	88.26
88.1	88.27
88.10	88.28
88.4	88.29
88.1	88.30
88.7	88.31
88.6	88.32
88.8	88.33
88.8	88.34
88.5	88.35
88.1	88.36
88.1	88.37
88.8	88.38
88.10	88.39
88.1	88.40
88.8	88.41
88.1	88.42
88.5	88.43
88.3	88.44
88.8	88.45
88.1	88.46
88.1	88.47
88.2	88.48
88.8	88.49
88.8	88.50
88.10	88.51
88.8	88.52
88.8	88.53
88.8	88.54
88.10	88.55
88.1	88.56
88.1	88.57
88.8	88.58
88.1	88.59
88.9	88.60
88.1	88.61
88.8	88.62
88.1	88.63
88.1	88.64
89.11	89.1
89.1	89.2
89.11	89.3
89.1	89.4
89.1	89.5
89.12	89.6
89.10	89.7
89.10	89.8
89.6	89.9
89.7	89.10
89.10	89.11
89.10	89.12
89.10	89.13
89.1	89.14
89.1	89.15
89.1	89.16
89.10	89.17
89.1	89.18
89.1	89.19
89.1	89.20
89.3	89.21
89.11	89.22
89.2	89.23
89.10	89.24
89.1	89.25
89.10	89.26
89.9	89.27
89.1	89.28
89.1	89.29
89.10	89.30
89.6	89.31
89.10	89.32
89.1	89.33
89.5	89.34
89.10	89.35
89.1	89.36
89.4	89.37
89.1	89.38
89.1	89.39
89.1	89.40
89.11	89.41
89.10	89.42
89.9	89.43
89.1	89.44
89.7	89.45
89.1	89.46
89.1	89.47
89.1	89.48
89.10	89.49
89.1	89.50
89.9	89.51
89.10	89.52
89.8	89.53
89.1	89.54
89.10	89.55
89.10	89.56
89.1	89.57
89.9	89.58
89.9	89.59
89.10	89.60
89.1	89.61
89.9	89.62
89.1	89.63
89.10	89.64
90.11	90.1
90.11	90.2
90.11	90.3
90.11	90.4
90.11	90.5
90.6	90.6
90.11	90.7
90.6	90.8
90.6	90.9
90.11	90.10
90.6	90.11
90.11	90.12
90.11	90.13
90.10	90.14
90.11	90.15
90.11	90.16
90.11	90.17
90.6	90.18
90.11	90.19
90.11	90.20
90.11	90.21
90.11	90.22
90.6	90.23
90.11	90.24
90.4	90.25
90.7	90.26
90.11	90.27
90.8	90.28
90.6	90.29
90.11	90.30
90.6	90.31
90.11	90.32
90.10	90.33
90.3	90.34
90.6	90.35
90.11	90.36
90.6	90.37
90.9	90.38
90.11	90.39
90.11	90.40
90.6	90.41
90.10	90.42
90.7	90.43
90.1	90.44
90.6	90.45
90.11	90.46
90.11	90.47
90.11	90.48
90.8	90.49
90.5	90.50
90.11	90.51
90.11	90.52
90.10	90.53
90.11	90.54
90.11	90.55
90.8	90.56
90.6	90.57
90.11	90.58
90.11	90.59
90.10	90.60
90.1	90.61
90.6	90.62
90.6	90.63
90.2	90.64
91.7	91.1
91.8	91.2
91.5	91.3
91.5	91.4
91.8	91.5
91.8	91.6
91.8	91.7
91.8	91.8
91.8	91.9
91.7	91.10
91.8	91.11
91.7	91.12
91.5	91.13
91.7	91.14
91.8	91.15
91.8	91.16
91.7	91.17
91.8	91.18
91.5	91.19
91.8	91.20
91.6	91.21
91.8	91.22
91.1	91.23
91.8	91.24
91.8	91.25
91.8	91.26
91.8	91.27
91.7	91.28
91.10	91.29
91.7	91.30
91.7	91.31
91.7	91.32
91.8	91.33
91.8	91.34
91.7	91.35
91.8	91.36
91.8	91.37
91.7	91.38
91.3	91.39
91.8	91.40
91.8	91.41
91.2	91.42
91.8	91.43
91.5	91.44
91.8	91.45
91.9	91.46
91.7	91.47
91.7	91.48
91.8	91.49
91.9	91.50
91.8	91.51
91.8	91.52
91.5	91.53
91.1	91.54
91.5	91.55
91.7	91.56
91.4	91.57
91.8	91.58
91.8	91.59
91.1	91.60
91.7	91.61
91.8	91.62
91.8	91.63
91.8	91.64
92.9	92.1
92.1	92.2
92.7	92.3
92.10	92.4
92.8	92.5
92.10	92.6
92.5	92.7
92.10	92.8
92.12	92.9
92.7	92.10
92.9	92.11
92.1	92.12
92.10	92.13
92.11	92.14
92.1	92.15
92.9	92.16
92.1	92.17
92.1	92.18
92.10	92.19
92.1	92.20
92.1	92.21
92.10	92.22
92.3	92.23
92.1	92.24
92.6	92.25
92.1	92.26
92.10	92.27
92.12	92.28
92.1	92.29
92.1	92.30
92.12	92.31
92.6	92.32
92.9	92.33
92.12	92.34
92.10	92.35
92.4	92.36
92.10	92.37
92.5	92.38
92.7	92.39
92.1	92.40
92.1	92.41
92.6	92.42
92.9	92.43
92.6	92.44
92.10	92.45
92.9	92.46
92.1	92.47
92.10	92.48
92.10	92.49
92.9	92.50
92.2	92.51
92.1	92.52
92.1	92.53
92.5	92.54
92.9	92.55
92.12	92.56
92.5	92.57
92.1	92.58
92.10	92.59
92.1	92.60
92.10	92.61
92.9	92.62
92.1	92.63
92.6	92.64
93.14	93.1
93.14	93.2
93.1	93.3
93.16	93.4
93.1	93.5
93.1	93.6
93.14	93.7
93.14	93.8
93.14	93.9
93.14	93.10
93.14	93.11
93.14	93.12
93.7	93.13
93.4	93.14
93.1	93.15
93.6	93.16
93.16	93.17
93.14	93.18
93.1	93.19
93.1	93.20
93.1	93.21
93.1	93.22
93.1	93.23
93.14	93.24
93.2	93.25
93.14	93.26
93.1	93.27
93.14	93.28
93.14	93.29
93.14	93.30
93.16	93.31
93.1	93.32
93.10	93.33
93.14	93.34
93.13	93.35
93.1	93.36
93.5	93.37
93.1	93.38
93.16	93.39
93.14	93.40
93.12	93.41
93.12	93.42
93.16	93.43
93.6	93.44
93.8	93.45
93.14	93.46
93.15	93.47
93.14	93.48
93.16	93.49
93.6	93.50
93.7	93.51
93.13	93.52
93.1	93.53
93.16	93.54
93.8	93.55
93.17	93.56
93.1	93.57
93.3	93.58
93.9	93.59
93.14	93.60
93.14	93.61
93.14	93.62
93.11	93.63
93.16	93.64
94.6	94.1
94.10	94.2
94.9	94.3
94.10	94.4
94.10	94.5
94.10	94.6
94.10	94.7
94.8	94.8
94.10	94.9
94.10	94.10
94.10	94.11
94.6	94.12
94.10	94.13
94.9	94.14
94.6	94.15
94.5	94.16
94.10	94.17
94.6	94.18
94.6	94.19
94.1	94.20
94.10	94.21
94.6	94.22
94.6	94.23
94.6	94.24
94.10	94.25
94.10	94.26
94.10	94.27
94.9	94.28
94.6	94.29
94.10	94.30
94.11	94.31
94.3	94.32
94.10	94.33
94.10	94.34
94.10	94.35
94.2	94.36
94.10	94.37
94.2	94.38
94.10	94.39
94.6	94.40
94.1	94.41
94.1	94.42
94.7	94.43
94.10	94.44
94.9	94.45
94.6	94.46
94.10	94.47
94.10	94.48
94.6	94.49
94.10	94.50
94.10	94.51
94.6	94.52
94.4	94.53
94.10	94.54
94.10	94.55
94.10	94.56
94.10	94.57
94.10	94.58
94.10	94.59
94.11	94.60
94.6	94.61
94.10	94.62
94.10	94.63
94.11	94.64
95.1	95.1
95.8	95.2
95.9	95.3
95.3	95.4
95.9	95.5
95.2	95.6
95.12	95.7
95.5	95.8
95.4	95.9
95.12	95.10
95.9	95.11
95.1	95.12
95.7	95.13
95.12	95.14
95.7	95.15
95.11	95.16
95.9	95.17
95.12	95.18
95.1	95.19
95.9	95.20
95.12	95.21
95.1	95.22
95.1	95.23
95.12	95.24
95.1	95.25
95.10	95.26
95.9	95.27
95.1	95.28
95.12	95.29
95.9	95.30
95.1	95.31
95.1	95.32
95.1	95.33
95.1	95.34
95.12	95.35
95.7	95.36
95.12	95.37
95.8	95.38
95.5	95.39
95.5	95.40
95.8	95.41
95.12	95.42
95.1	95.43
95.1	95.44
95.12	95.45
95.1	95.46
95.12	95.47
95.8	95.48
95.9	95.49
95.1	95.50
95.12	95.51
95.1	95.52
95.1	95.53
95.1	95.54
95.11	95.55
95.3	95.56
95.12	95.57
95.8	95.58
95.12	95.59
95.1	95.60
95.1	95.61
95.12	95.62
95.6	95.63
95.12	95.64
96.5	96.1
96.1	96.2
96.7	96.3
96.7	96.4
96.5	96.5
96.5	96.6
96.5	96.7
96.7	96.8
96.7	96.9
96.5	96.10
96.7	96.11
96.5	96.12
96.8	96.13
96.5	96.14
96.2	96.15
96.5	96.16
96.5	96.17
96.5	96.18
96.5	96.19
96.7	96.20
96.10	96.21
96.7	96.22
96.5	96.23
96.5	96.24
96.5	96.25
96.5	96.26
96.10	96.27
96.9	96.28
96.7	96.29
96.5	96.30
96.5	96.31
96.7	96.32
96.7	96.33
96.5	96.34
96.5	96.35
96.5	96.36
96.4	96.37
96.5	96.38
96.7	96.39
96.9	96.40
96.7	96.41
96.1	96.42
96.5	96.43
96.5	96.44
96.5	96.45
96.5	96.46
96.5	96.47
96.5	96.48
96.5	96.49
96.5	96.50
96.9	96.51
96.5	96.52
96.1	96.53
96.4	96.54
96.5	96.55
96.5	96.56
96.5	96.57
96.6	96.58
96.7	96.59
96.3	96.60
96.5	96.61
96.5	96.62
96.1	96.63
96.1	96.64
97.1	97.1
97.1	97.2
97.7	97.3
97.1	97.4
97.9	97.5
97.5	97.6
97.4	97.7
97.1	97.8
97.9	97.9
97.9	97.10
97.9	97.11
97.1	97.12
97.1	97.13
97.1	97.14
97.1	97.15
97.1	97.16
97.9	97.17
97.1	97.18
97.3	97.19
97.9	97.20
97.1	97.21
97.9	97.22
97.9	97.23
97.1	97.24
97.4	97.25
97.4	97.26
97.1	97.27
97.7	97.28
97.9	97.29
97.5	97.30
97.7	97.31
97.9	97.32
97.9	97.33
97.9	97.34
97.8	97.35
97.1	97.36
97.9	97.37
97.9	97.38
97.1	97.39
97.9	97.40
97.2	97.41
97.9	97.42
97.4	97.43
97.9	97.44
97.9	97.45
97.8	97.46
97.8	97.47
97.7	97.48
97.7	97.49
97.1	97.50
97.8	97.51
97.9	97.52
97.1	97.53
97.9	97.54
97.7	97.55
97.1	97.56
97.1	97.57
97.6	97.58
97.7	97.59
97.9	97.60
97.9	97.61
97.1	97.62
97.1	97.63
97.9	97.64
98.1	98.1
98.1	98.2
98.11	98.3
98.1	98.4
98.1	98.5
98.11	98.6
98.16	98.7
98.1	98.8
98.10	98.9
98.1	98.10
98.1	98.11
98.17	98.12
98.1	98.13
98.17	98.14
98.7	98.15
98.1	98.16
98.10	98.17
98.11	98.18
98.1	98.19
98.8	98.20
98.14	98.21
98.1	98.22
98.11	98.23
98.11	98.24
98.11	98.25
98.1	98.26
98.11	98.27
98.12	98.28
98.17	98.29
98.11	98.30
98.5	98.31
98.16	98.32
98.1	98.33
98.1	98.34
98.1	98.35
98.1	98.36
98.13	98.37
98.11	98.38
98.6	98.39
98.10	98.40
98.15	98.41
98.9	98.42
98.11	98.43
98.10	98.44
98.17	98.45
98.1	98.46
98.11	98.47
98.10	98.48
98.15	98.49
98.5	98.50
98.11	98.51
98.10	98.52
98.10	98.53
98.2	98.54
98.1	98.55
98.10	98.56
98.1	98.57
98.4	98.58
98.11	98.59
98.14	98.60
98.3	98.61
98.11	98.62
98.11	98.63
98.11	98.64
99.5	99.1
99.8	99.2
99.6	99.3
99.7	99.4
99.5	99.5
99.8	99.6
99.10	99.7
99.5	99.8
99.5	99.9
99.8	99.10
99.5	99.11
99.8	99.12
99.9	99.13
99.8	99.14
99.7	99.15
99.5	99.16
99.4	99.17
99.8	99.18
99.8	99.19
99.8	99.20
99.10	99.21
99.10	99.22
99.10	99.23
99.2	99.24
99.5	99.25
99.1	99.26
99.1	99.27
99.10	99.28
99.8	99.29
99.10	99.30
99.8	99.31
99.10	99.32
99.8	99.33
99.5	99.34
99.4	99.35
99.8	99.36
99.7	99.37
99.10	99.38
99.5	99.39
99.8	99.40
99.5	99.41
99.5	99.42
99.8	99.43
99.5	99.44
99.8	99.45
99.3	99.46
99.6	99.47
99.10	99.48
99.8	99.49
99.8	99.50
99.5	99.51
99.6	99.52
99.8	99.53
99.8	99.54
99.8	99.55
99.10	99.56
99.8	99.57
99.9	99.58
99.5	99.59
99.8	99.60
99.5	99.61
99.8	99.62
99.9	99.63
99.5	99.64
100.13	100.1
100.1	100.2
100.1	100.3
100.8	100.4
100.7	100.5
100.1	100.6
100.1	100.7
100.11	100.8
100.1	100.9
100.12	100.10
100.11	100.11
100.13	100.12
100.1	100.13
100.1	100.14
100.1	100.15
100.11	100.16
100.7	100.17
100.12	100.18
100.11	100.19
100.13	100.20
100.1	100.21
100.1	100.22
100.6	100.23
100.11	100.24
100.1	100.25
100.11	100.26
100.7	100.27
100.13	100.28
100.1	100.29
100.11	100.30
100.5	100.31
100.11	100.32
100.1	100.33
100.10	100.34
100.10	100.35
100.11	100.36
100.1	100.37
100.1	100.38
100.11	100.39
100.11	100.40
100.11	100.41
100.11	100.42
100.11	100.43
100.1	100.44
100.1	100.45
100.7	100.46
100.11	100.47
100.11	100.48
100.1	100.49
100.11	100.50
100.12	100.51
100.11	100.52
100.3	100.53
100.12	100.54
100.2	100.55
100.13	100.56
100.9	100.57
100.11	100.58
100.4	100.59
100.13	100.60
100.7	100.61
100.11	100.62
100.1	100.63
100.1	100.64