subTopicID	resultID
1.1	1.1
1.1	1.2
1.1	1.3
1.1	1.4
1.9	1.5
1.1	1.6
1.1	1.7
1.1	1.8
1.1	1.9
1.1	1.10
1.7	1.11
1.1	1.12
1.1	1.13
1.1	1.14
1.1	1.15
1.1	1.16
1.1	1.17
1.1	1.18
1.1	1.19
1.8	1.20
1.1	1.21
1.1	1.22
1.1	1.23
1.1	1.24
1.1	1.25
1.9	1.26
1.1	1.27
1.1	1.28
1.9	1.29
1.10	1.30
1.1	1.31
1.1	1.32
1.9	1.33
1.1	1.34
1.1	1.35
1.1	1.36
1.7	1.37
1.1	1.38
1.3	1.39
1.1	1.40
1.1	1.41
1.1	1.42
1.1	1.43
1.1	1.44
1.1	1.45
1.9	1.46
1.1	1.47
1.1	1.48
1.5	1.49
1.4	1.50
1.1	1.51
1.9	1.52
1.1	1.53
1.1	1.54
1.6	1.55
1.1	1.56
1.1	1.57
1.1	1.58
1.7	1.59
1.1	1.60
1.2	1.61
1.1	1.62
1.1	1.63
1.1	1.64
2.8	2.1
2.8	2.2
2.8	2.3
2.8	2.4
2.12	2.5
2.8	2.6
2.8	2.7
2.8	2.8
2.8	2.9
2.8	2.10
2.8	2.11
2.10	2.12
2.8	2.13
2.8	2.14
2.8	2.15
2.8	2.16
2.12	2.17
2.8	2.18
2.8	2.19
2.8	2.20
2.12	2.21
2.3	2.22
2.4	2.23
2.8	2.24
2.8	2.25
2.8	2.26
2.8	2.27
2.13	2.28
2.11	2.29
2.8	2.30
2.8	2.31
2.8	2.32
2.8	2.33
2.8	2.34
2.8	2.35
2.10	2.36
2.8	2.37
2.8	2.38
2.8	2.39
2.2	2.40
2.8	2.41
2.5	2.42
2.8	2.43
2.8	2.44
2.8	2.45
2.1	2.46
2.8	2.47
2.6	2.48
2.11	2.49
2.11	2.50
2.8	2.51
2.8	2.52
2.9	2.53
2.8	2.54
2.8	2.55
2.8	2.56
2.11	2.57
2.7	2.58
2.8	2.59
2.9	2.60
2.8	2.61
2.11	2.62
2.7	2.63
2.8	2.64
3.19	3.1
3.13	3.2
3.17	3.3
3.5	3.4
3.14	3.5
3.13	3.6
3.18	3.7
3.19	3.8
3.19	3.9
3.19	3.10
3.13	3.11
3.14	3.12
3.19	3.13
3.17	3.14
3.19	3.15
3.18	3.16
3.6	3.17
3.19	3.18
3.1	3.19
3.12	3.20
3.19	3.21
3.13	3.22
3.3	3.23
3.1	3.24
3.19	3.25
3.17	3.26
3.2	3.27
3.13	3.28
3.13	3.29
3.13	3.30
3.19	3.31
3.8	3.32
3.19	3.33
3.17	3.34
3.19	3.35
3.1	3.36
3.15	3.37
3.1	3.38
3.11	3.39
3.14	3.40
3.17	3.41
3.10	3.42
3.17	3.43
3.16	3.44
3.18	3.45
3.19	3.46
3.9	3.47
3.7	3.48
3.19	3.49
3.1	3.50
3.11	3.51
3.13	3.52
3.14	3.53
3.17	3.54
3.19	3.55
3.12	3.56
3.6	3.57
3.4	3.58
3.19	3.59
3.12	3.60
3.19	3.61
3.19	3.62
3.1	3.63
3.17	3.64
4.5	4.1
4.4	4.2
4.5	4.3
4.5	4.4
4.5	4.5
4.11	4.6
4.5	4.7
4.5	4.8
4.5	4.9
4.6	4.10
4.11	4.11
4.5	4.12
4.5	4.13
4.5	4.14
4.5	4.15
4.5	4.16
4.11	4.17
4.5	4.18
4.11	4.19
4.5	4.20
4.5	4.21
4.14	4.22
4.3	4.23
4.11	4.24
4.14	4.25
4.5	4.26
4.6	4.27
4.5	4.28
4.5	4.29
4.5	4.30
4.15	4.31
4.14	4.32
4.5	4.33
4.5	4.34
4.11	4.35
4.5	4.36
4.13	4.37
4.5	4.38
4.5	4.39
4.11	4.40
4.12	4.41
4.5	4.42
4.5	4.43
4.9	4.44
4.5	4.45
4.2	4.46
4.5	4.47
4.5	4.48
4.8	4.49
4.11	4.50
4.5	4.51
4.5	4.52
4.5	4.53
4.11	4.54
4.10	4.55
4.11	4.56
4.7	4.57
4.11	4.58
4.1	4.59
4.5	4.60
4.11	4.61
4.5	4.62
4.11	4.63
4.14	4.64
5.1	5.1
5.1	5.2
5.7	5.3
5.1	5.4
5.3	5.5
5.1	5.6
5.1	5.7
5.1	5.8
5.1	5.9
5.1	5.10
5.1	5.11
5.1	5.12
5.7	5.13
5.9	5.14
5.7	5.15
5.1	5.16
5.6	5.17
5.1	5.18
5.8	5.19
5.1	5.20
5.1	5.21
5.1	5.22
5.6	5.23
5.7	5.24
5.5	5.25
5.5	5.26
5.1	5.27
5.1	5.28
5.1	5.29
5.1	5.30
5.1	5.31
5.9	5.32
5.3	5.33
5.1	5.34
5.7	5.35
5.9	5.36
5.1	5.37
5.2	5.38
5.1	5.39
5.1	5.40
5.1	5.41
5.1	5.42
5.1	5.43
5.3	5.44
5.1	5.45
5.1	5.46
5.4	5.47
5.7	5.48
5.1	5.49
5.9	5.50
5.1	5.51
5.1	5.52
5.6	5.53
5.3	5.54
5.1	5.55
5.1	5.56
5.1	5.57
5.1	5.58
5.1	5.59
5.1	5.60
5.1	5.61
5.1	5.62
5.6	5.63
5.1	5.64
6.1	6.1
6.1	6.2
6.1	6.3
6.6	6.4
6.3	6.5
6.1	6.6
6.12	6.7
6.1	6.8
6.11	6.9
6.8	6.10
6.1	6.11
6.1	6.12
6.1	6.13
6.1	6.14
6.1	6.15
6.1	6.16
6.1	6.17
6.1	6.18
6.10	6.19
6.2	6.20
6.7	6.21
6.1	6.22
6.1	6.23
6.1	6.24
6.1	6.25
6.1	6.26
6.1	6.27
6.1	6.28
6.1	6.29
6.1	6.30
6.4	6.31
6.1	6.32
6.11	6.33
6.1	6.34
6.9	6.35
6.1	6.36
6.5	6.37
6.11	6.38
6.10	6.39
6.11	6.40
6.1	6.41
6.1	6.42
6.1	6.43
6.1	6.44
6.1	6.45
6.11	6.46
6.1	6.47
6.11	6.48
6.1	6.49
6.1	6.50
6.1	6.51
6.12	6.52
6.11	6.53
6.1	6.54
6.7	6.55
6.1	6.56
6.10	6.57
6.11	6.58
6.10	6.59
6.9	6.60
6.11	6.61
6.10	6.62
6.12	6.63
6.1	6.64
7.1	7.1
7.1	7.2
7.1	7.3
7.1	7.4
7.10	7.5
7.1	7.6
7.1	7.7
7.1	7.8
7.1	7.9
7.1	7.10
7.1	7.11
7.1	7.12
7.1	7.13
7.10	7.14
7.1	7.15
7.1	7.16
7.1	7.17
7.1	7.18
7.1	7.19
7.1	7.20
7.1	7.21
7.8	7.22
7.1	7.23
7.1	7.24
7.1	7.25
7.1	7.26
7.1	7.27
7.1	7.28
7.1	7.29
7.1	7.30
7.10	7.31
7.1	7.32
7.11	7.33
7.5	7.34
7.1	7.35
7.2	7.36
7.1	7.37
7.10	7.38
7.10	7.39
7.1	7.40
7.1	7.41
7.10	7.42
7.1	7.43
7.1	7.44
7.1	7.45
7.10	7.46
7.1	7.47
7.1	7.48
7.3	7.49
7.1	7.50
7.7	7.51
7.1	7.52
7.1	7.53
7.1	7.54
7.1	7.55
7.10	7.56
7.1	7.57
7.1	7.58
7.4	7.59
7.9	7.60
7.6	7.61
7.10	7.62
7.9	7.63
7.1	7.64
8.1	8.1
8.1	8.2
8.1	8.3
8.1	8.4
8.1	8.5
8.1	8.6
8.1	8.7
8.1	8.8
8.1	8.9
8.6	8.10
8.1	8.11
8.5	8.12
8.1	8.13
8.1	8.14
8.1	8.15
8.1	8.16
8.2	8.17
8.6	8.18
8.1	8.19
8.1	8.20
8.3	8.21
8.1	8.22
8.1	8.23
8.1	8.24
8.1	8.25
8.1	8.26
8.6	8.27
8.1	8.28
8.1	8.29
8.1	8.30
8.1	8.31
8.1	8.32
8.1	8.33
8.1	8.34
8.1	8.35
8.1	8.36
8.1	8.37
8.1	8.38
8.5	8.39
8.1	8.40
8.1	8.41
8.1	8.42
8.1	8.43
8.1	8.44
8.6	8.45
8.1	8.46
8.1	8.47
8.1	8.48
8.1	8.49
8.1	8.50
8.1	8.51
8.1	8.52
8.1	8.53
8.1	8.54
8.1	8.55
8.1	8.56
8.1	8.57
8.1	8.58
8.1	8.59
8.1	8.60
8.1	8.61
8.4	8.62
8.1	8.63
8.1	8.64
9.18	9.1
9.1	9.2
9.1	9.3
9.1	9.4
9.14	9.5
9.18	9.6
9.14	9.7
9.20	9.8
9.1	9.9
9.14	9.10
9.14	9.11
9.1	9.12
9.18	9.13
9.17	9.14
9.20	9.15
9.1	9.16
9.7	9.17
9.1	9.18
9.1	9.19
9.1	9.20
9.1	9.21
9.1	9.22
9.10	9.23
9.18	9.24
9.5	9.25
9.2	9.26
9.20	9.27
9.19	9.28
9.1	9.29
9.14	9.30
9.1	9.31
9.13	9.32
9.4	9.33
9.1	9.34
9.1	9.35
9.1	9.36
9.15	9.37
9.8	9.38
9.3	9.39
9.9	9.40
9.1	9.41
9.6	9.42
9.10	9.43
9.3	9.44
9.10	9.45
9.12	9.46
9.14	9.47
9.14	9.48
9.11	9.49
9.1	9.50
9.1	9.51
9.1	9.52
9.14	9.53
9.20	9.54
9.13	9.55
9.14	9.56
9.1	9.57
9.16	9.58
9.1	9.59
9.14	9.60
9.14	9.61
9.14	9.62
9.14	9.63
9.15	9.64
10.10	10.1
10.10	10.2
10.2	10.3
10.2	10.4
10.10	10.5
10.10	10.6
10.10	10.7
10.8	10.8
10.10	10.9
10.10	10.10
10.10	10.11
10.2	10.12
10.11	10.13
10.10	10.14
10.10	10.15
10.10	10.16
10.10	10.17
10.10	10.18
10.10	10.19
10.10	10.20
10.2	10.21
10.10	10.22
10.8	10.23
10.10	10.24
10.12	10.25
10.12	10.26
10.2	10.27
10.2	10.28
10.10	10.29
10.10	10.30
10.9	10.31
10.2	10.32
10.3	10.33
10.7	10.34
10.10	10.35
10.2	10.36
10.10	10.37
10.10	10.38
10.2	10.39
10.12	10.40
10.10	10.41
10.1	10.42
10.1	10.43
10.10	10.44
10.10	10.45
10.10	10.46
10.10	10.47
10.6	10.48
10.10	10.49
10.2	10.50
10.2	10.51
10.10	10.52
10.12	10.53
10.10	10.54
10.2	10.55
10.10	10.56
10.2	10.57
10.10	10.58
10.2	10.59
10.4	10.60
10.2	10.61
10.5	10.62
10.10	10.63
10.1	10.64
11.1	11.1
11.3	11.2
11.1	11.3
11.16	11.4
11.16	11.5
11.18	11.6
11.11	11.7
11.16	11.8
11.16	11.9
11.18	11.10
11.16	11.11
11.16	11.12
11.18	11.13
11.18	11.14
11.9	11.15
11.18	11.16
11.7	11.17
11.17	11.18
11.16	11.19
11.1	11.20
11.6	11.21
11.4	11.22
11.16	11.23
11.10	11.24
11.15	11.25
11.16	11.26
11.13	11.27
11.1	11.28
11.15	11.29
11.1	11.30
11.16	11.31
11.1	11.32
11.18	11.33
11.16	11.34
11.16	11.35
11.16	11.36
11.16	11.37
11.1	11.38
11.18	11.39
11.8	11.40
11.16	11.41
11.13	11.42
11.16	11.43
11.16	11.44
11.16	11.45
11.16	11.46
11.16	11.47
11.5	11.48
11.16	11.49
11.19	11.50
11.16	11.51
11.15	11.52
11.1	11.53
11.18	11.54
11.18	11.55
11.12	11.56
11.16	11.57
11.14	11.58
11.2	11.59
11.15	11.60
11.16	11.61
11.16	11.62
11.16	11.63
11.16	11.64
12.1	12.1
12.11	12.2
12.14	12.3
12.3	12.4
12.12	12.5
12.1	12.6
12.14	12.7
12.1	12.8
12.12	12.9
12.4	12.10
12.1	12.11
12.1	12.12
12.1	12.13
12.1	12.14
12.6	12.15
12.1	12.16
12.1	12.17
12.8	12.18
12.1	12.19
12.10	12.20
12.9	12.21
12.1	12.22
12.5	12.23
12.1	12.24
12.1	12.25
12.9	12.26
12.13	12.27
12.12	12.28
12.1	12.29
12.12	12.30
12.1	12.31
12.13	12.32
12.12	12.33
12.1	12.34
12.2	12.35
12.1	12.36
12.13	12.37
12.1	12.38
12.7	12.39
12.1	12.40
12.13	12.41
12.13	12.42
12.12	12.43
12.8	12.44
12.12	12.45
12.1	12.46
12.1	12.47
12.1	12.48
12.14	12.49
12.13	12.50
12.12	12.51
12.12	12.52
12.9	12.53
12.1	12.54
12.13	12.55
12.1	12.56
12.13	12.57
12.12	12.58
12.13	12.59
12.1	12.60
12.1	12.61
12.1	12.62
12.12	12.63
12.1	12.64
13.11	13.1
13.9	13.2
13.11	13.3
13.5	13.4
13.11	13.5
13.11	13.6
13.2	13.7
13.11	13.8
13.7	13.9
13.1	13.10
13.11	13.11
13.11	13.12
13.9	13.13
13.1	13.14
13.1	13.15
13.11	13.16
13.11	13.17
13.11	13.18
13.1	13.19
13.11	13.20
13.11	13.21
13.1	13.22
13.11	13.23
13.11	13.24
13.11	13.25
13.11	13.26
13.11	13.27
13.11	13.28
13.11	13.29
13.11	13.30
13.10	13.31
13.8	13.32
13.10	13.33
13.11	13.34
13.9	13.35
13.1	13.36
13.1	13.37
13.3	13.38
13.11	13.39
13.11	13.40
13.11	13.41
13.4	13.42
13.9	13.43
13.9	13.44
13.11	13.45
13.1	13.46
13.12	13.47
13.11	13.48
13.1	13.49
13.10	13.50
13.1	13.51
13.10	13.52
13.9	13.53
13.11	13.54
13.1	13.55
13.1	13.56
13.10	13.57
13.6	13.58
13.11	13.59
13.8	13.60
13.11	13.61
13.11	13.62
13.11	13.63
13.11	13.64
14.13	14.1
14.14	14.2
14.13	14.3
14.13	14.4
14.4	14.5
14.4	14.6
14.6	14.7
14.4	14.8
14.4	14.9
14.4	14.10
14.13	14.11
14.2	14.12
14.4	14.13
14.13	14.14
14.4	14.15
14.13	14.16
14.14	14.17
14.4	14.18
14.3	14.19
14.1	14.20
14.4	14.21
14.11	14.22
14.14	14.23
14.4	14.24
14.14	14.25
14.4	14.26
14.14	14.27
14.5	14.28
14.14	14.29
14.4	14.30
14.1	14.31
14.4	14.32
14.4	14.33
14.1	14.34
14.1	14.35
14.4	14.36
14.13	14.37
14.13	14.38
14.1	14.39
14.13	14.40
14.13	14.41
14.1	14.42
14.4	14.43
14.4	14.44
14.4	14.45
14.14	14.46
14.13	14.47
14.13	14.48
14.8	14.49
14.14	14.50
14.7	14.51
14.13	14.52
14.13	14.53
14.12	14.54
14.1	14.55
14.9	14.56
14.14	14.57
14.14	14.58
14.10	14.59
14.9	14.60
14.9	14.61
14.4	14.62
14.13	14.63
14.13	14.64
15.9	15.1
15.1	15.2
15.3	15.3
15.1	15.4
15.1	15.5
15.1	15.6
15.1	15.7
15.1	15.8
15.1	15.9
15.1	15.10
15.10	15.11
15.1	15.12
15.7	15.13
15.1	15.14
15.1	15.15
15.1	15.16
15.9	15.17
15.1	15.18
15.1	15.19
15.1	15.20
15.1	15.21
15.1	15.22
15.1	15.23
15.8	15.24
15.1	15.25
15.1	15.26
15.1	15.27
15.9	15.28
15.1	15.29
15.1	15.30
15.1	15.31
15.12	15.32
15.1	15.33
15.12	15.34
15.1	15.35
15.1	15.36
15.13	15.37
15.1	15.38
15.12	15.39
15.1	15.40
15.10	15.41
15.1	15.42
15.1	15.43
15.14	15.44
15.1	15.45
15.7	15.46
15.9	15.47
15.11	15.48
15.1	15.49
15.5	15.50
15.12	15.51
15.9	15.52
15.14	15.53
15.2	15.54
15.1	15.55
15.6	15.56
15.9	15.57
15.9	15.58
15.9	15.59
15.13	15.60
15.4	15.61
15.9	15.62
15.9	15.63
15.12	15.64
16.15	16.1
16.6	16.2
16.15	16.3
16.15	16.4
16.15	16.5
16.15	16.6
16.15	16.7
16.14	16.8
16.15	16.9
16.15	16.10
16.15	16.11
16.11	16.12
16.15	16.13
16.1	16.14
16.15	16.15
16.15	16.16
16.10	16.17
16.15	16.18
16.15	16.19
16.15	16.20
16.15	16.21
16.2	16.22
16.1	16.23
16.15	16.24
16.15	16.25
16.15	16.26
16.15	16.27
16.15	16.28
16.4	16.29
16.15	16.30
16.15	16.31
16.15	16.32
16.16	16.33
16.15	16.34
16.7	16.35
16.1	16.36
16.1	16.37
16.15	16.38
16.15	16.39
16.1	16.40
16.1	16.41
16.3	16.42
16.15	16.43
16.15	16.44
16.11	16.45
16.9	16.46
16.15	16.47
16.5	16.48
16.13	16.49
16.11	16.50
16.15	16.51
16.15	16.52
16.15	16.53
16.15	16.54
16.1	16.55
16.8	16.56
16.1	16.57
16.1	16.58
16.10	16.59
16.15	16.60
16.15	16.61
16.16	16.62
16.12	16.63
16.15	16.64
17.6	17.1
17.6	17.2
17.6	17.3
17.6	17.4
17.6	17.5
17.1	17.6
17.6	17.7
17.6	17.8
17.6	17.9
17.7	17.10
17.6	17.11
17.7	17.12
17.6	17.13
17.7	17.14
17.6	17.15
17.6	17.16
17.6	17.17
17.6	17.18
17.6	17.19
17.6	17.20
17.5	17.21
17.4	17.22
17.1	17.23
17.6	17.24
17.6	17.25
17.6	17.26
17.6	17.27
17.1	17.28
17.6	17.29
17.6	17.30
17.1	17.31
17.6	17.32
17.6	17.33
17.6	17.34
17.1	17.35
17.5	17.36
17.6	17.37
17.2	17.38
17.6	17.39
17.1	17.40
17.6	17.41
17.6	17.42
17.6	17.43
17.1	17.44
17.6	17.45
17.6	17.46
17.4	17.47
17.6	17.48
17.1	17.49
17.5	17.50
17.3	17.51
17.7	17.52
17.6	17.53
17.6	17.54
17.1	17.55
17.7	17.56
17.4	17.57
17.6	17.58
17.6	17.59
17.6	17.60
17.6	17.61
17.7	17.62
17.6	17.63
17.6	17.64
18.9	18.1
18.1	18.2
18.1	18.3
18.1	18.4
18.13	18.5
18.1	18.6
18.1	18.7
18.1	18.8
18.13	18.9
18.12	18.10
18.1	18.11
18.6	18.12
18.13	18.13
18.1	18.14
18.11	18.15
18.12	18.16
18.13	18.17
18.8	18.18
18.13	18.19
18.1	18.20
18.13	18.21
18.1	18.22
18.12	18.23
18.13	18.24
18.1	18.25
18.1	18.26
18.1	18.27
18.1	18.28
18.2	18.29
18.1	18.30
18.13	18.31
18.13	18.32
18.1	18.33
18.13	18.34
18.12	18.35
18.1	18.36
18.5	18.37
18.1	18.38
18.7	18.39
18.1	18.40
18.1	18.41
18.1	18.42
18.4	18.43
18.1	18.44
18.13	18.45
18.1	18.46
18.1	18.47
18.13	18.48
18.1	18.49
18.9	18.50
18.10	18.51
18.12	18.52
18.8	18.53
18.1	18.54
18.1	18.55
18.3	18.56
18.13	18.57
18.13	18.58
18.13	18.59
18.1	18.60
18.1	18.61
18.13	18.62
18.1	18.63
18.12	18.64
19.8	19.1
19.8	19.2
19.9	19.3
19.9	19.4
19.9	19.5
19.1	19.6
19.8	19.7
19.9	19.8
19.1	19.9
19.9	19.10
19.9	19.11
19.7	19.12
19.10	19.13
19.8	19.14
19.9	19.15
19.9	19.16
19.9	19.17
19.5	19.18
19.9	19.19
19.9	19.20
19.6	19.21
19.4	19.22
19.9	19.23
19.9	19.24
19.9	19.25
19.8	19.26
19.9	19.27
19.9	19.28
19.5	19.29
19.9	19.30
19.9	19.31
19.9	19.32
19.9	19.33
19.2	19.34
19.9	19.35
19.9	19.36
19.9	19.37
19.9	19.38
19.9	19.39
19.5	19.40
19.9	19.41
19.4	19.42
19.9	19.43
19.9	19.44
19.9	19.45
19.8	19.46
19.9	19.47
19.9	19.48
19.9	19.49
19.8	19.50
19.9	19.51
19.10	19.52
19.9	19.53
19.8	19.54
19.10	19.55
19.8	19.56
19.4	19.57
19.3	19.58
19.9	19.59
19.9	19.60
19.1	19.61
19.9	19.62
19.9	19.63
19.9	19.64
20.1	20.1
20.1	20.2
20.1	20.3
20.1	20.4
20.1	20.5
20.1	20.6
20.1	20.7
20.1	20.8
20.8	20.9
20.10	20.10
20.1	20.11
20.1	20.12
20.1	20.13
20.1	20.14
20.1	20.15
20.1	20.16
20.1	20.17
20.2	20.18
20.1	20.19
20.9	20.20
20.10	20.21
20.1	20.22
20.1	20.23
20.7	20.24
20.1	20.25
20.1	20.26
20.1	20.27
20.7	20.28
20.1	20.29
20.8	20.30
20.7	20.31
20.6	20.32
20.7	20.33
20.1	20.34
20.1	20.35
20.7	20.36
20.1	20.37
20.1	20.38
20.1	20.39
20.1	20.40
20.10	20.41
20.3	20.42
20.1	20.43
20.1	20.44
20.10	20.45
20.1	20.46
20.1	20.47
20.1	20.48
20.9	20.49
20.1	20.50
20.1	20.51
20.10	20.52
20.10	20.53
20.1	20.54
20.6	20.55
20.4	20.56
20.10	20.57
20.1	20.58
20.1	20.59
20.1	20.60
20.6	20.61
20.5	20.62
20.1	20.63
20.1	20.64
21.11	21.1
21.1	21.2
21.7	21.3
21.11	21.4
21.11	21.5
21.7	21.6
21.10	21.7
21.3	21.8
21.11	21.9
21.1	21.10
21.11	21.11
21.2	21.12
21.1	21.13
21.7	21.14
21.7	21.15
21.11	21.16
21.11	21.17
21.11	21.18
21.12	21.19
21.1	21.20
21.8	21.21
21.9	21.22
21.11	21.23
21.7	21.24
21.11	21.25
21.11	21.26
21.11	21.27
21.11	21.28
21.11	21.29
21.10	21.30
21.11	21.31
21.11	21.32
21.1	21.33
21.11	21.34
21.6	21.35
21.6	21.36
21.11	21.37
21.11	21.38
21.7	21.39
21.11	21.40
21.4	21.41
21.1	21.42
21.1	21.43
21.10	21.44
21.11	21.45
21.11	21.46
21.10	21.47
21.7	21.48
21.11	21.49
21.11	21.50
21.7	21.51
21.11	21.52
21.10	21.53
21.1	21.54
21.11	21.55
21.5	21.56
21.11	21.57
21.11	21.58
21.1	21.59
21.8	21.60
21.7	21.61
21.7	21.62
21.6	21.63
21.11	21.64
22.5	22.1
22.1	22.2
22.1	22.3
22.5	22.4
22.1	22.5
22.1	22.6
22.1	22.7
22.1	22.8
22.5	22.9
22.1	22.10
22.1	22.11
22.1	22.12
22.1	22.13
22.1	22.14
22.1	22.15
22.1	22.16
22.1	22.17
22.1	22.18
22.1	22.19
22.5	22.20
22.1	22.21
22.1	22.22
22.1	22.23
22.5	22.24
22.5	22.25
22.1	22.26
22.5	22.27
22.1	22.28
22.1	22.29
22.1	22.30
22.1	22.31
22.1	22.32
22.1	22.33
22.2	22.34
22.1	22.35
22.1	22.36
22.1	22.37
22.1	22.38
22.1	22.39
22.1	22.40
22.5	22.41
22.5	22.42
22.1	22.43
22.1	22.44
22.1	22.45
22.1	22.46
22.1	22.47
22.1	22.48
22.1	22.49
22.1	22.50
22.1	22.51
22.1	22.52
22.1	22.53
22.1	22.54
22.1	22.55
22.4	22.56
22.1	22.57
22.1	22.58
22.1	22.59
22.1	22.60
22.1	22.61
22.1	22.62
22.3	22.63
22.1	22.64
23.1	23.1
23.6	23.2
23.1	23.3
23.1	23.4
23.1	23.5
23.1	23.6
23.1	23.7
23.9	23.8
23.4	23.9
23.1	23.10
23.9	23.11
23.1	23.12
23.1	23.13
23.1	23.14
23.9	23.15
23.1	23.16
23.1	23.17
23.1	23.18
23.1	23.19
23.1	23.20
23.7	23.21
23.1	23.22
23.1	23.23
23.9	23.24
23.9	23.25
23.1	23.26
23.1	23.27
23.1	23.28
23.1	23.29
23.6	23.30
23.4	23.31
23.1	23.32
23.1	23.33
23.1	23.34
23.1	23.35
23.1	23.36
23.1	23.37
23.1	23.38
23.1	23.39
23.1	23.40
23.1	23.41
23.1	23.42
23.1	23.43
23.2	23.44
23.1	23.45
23.1	23.46
23.7	23.47
23.1	23.48
23.1	23.49
23.5	23.50
23.4	23.51
23.1	23.52
23.8	23.53
23.1	23.54
23.1	23.55
23.3	23.56
23.1	23.57
23.6	23.58
23.1	23.59
23.1	23.60
23.9	23.61
23.9	23.62
23.1	23.63
23.1	23.64
24.6	24.1
24.11	24.2
24.1	24.3
24.10	24.4
24.12	24.5
24.15	24.6
24.1	24.7
24.8	24.8
24.1	24.9
24.3	24.10
24.11	24.11
24.13	24.12
24.1	24.13
24.1	24.14
24.1	24.15
24.1	24.16
24.1	24.17
24.15	24.18
24.1	24.19
24.1	24.20
24.14	24.21
24.1	24.22
24.7	24.23
24.1	24.24
24.9	24.25
24.5	24.26
24.1	24.27
24.1	24.28
24.1	24.29
24.1	24.30
24.4	24.31
24.1	24.32
24.15	24.33
24.1	24.34
24.14	24.35
24.14	24.36
24.1	24.37
24.15	24.38
24.8	24.39
24.1	24.40
24.2	24.41
24.11	24.42
24.1	24.43
24.1	24.44
24.1	24.45
24.11	24.46
24.11	24.47
24.11	24.48
24.1	24.49
24.1	24.50
24.1	24.51
24.1	24.52
24.15	24.53
24.1	24.54
24.1	24.55
24.12	24.56
24.15	24.57
24.1	24.58
24.15	24.59
24.11	24.60
24.1	24.61
24.15	24.62
24.1	24.63
24.1	24.64
25.1	25.1
25.1	25.2
25.1	25.3
25.3	25.4
25.1	25.5
25.1	25.6
25.1	25.7
25.1	25.8
25.1	25.9
25.1	25.10
25.1	25.11
25.1	25.12
25.1	25.13
25.1	25.14
25.1	25.15
25.3	25.16
25.3	25.17
25.1	25.18
25.3	25.19
25.1	25.20
25.1	25.21
25.1	25.22
25.1	25.23
25.1	25.24
25.2	25.25
25.3	25.26
25.3	25.27
25.1	25.28
25.1	25.29
25.1	25.30
25.1	25.31
25.1	25.32
25.3	25.33
25.3	25.34
25.1	25.35
25.1	25.36
25.3	25.37
25.1	25.38
25.1	25.39
25.1	25.40
25.1	25.41
25.1	25.42
25.1	25.43
25.1	25.44
25.1	25.45
25.3	25.46
25.1	25.47
25.1	25.48
25.1	25.49
25.1	25.50
25.1	25.51
25.1	25.52
25.1	25.53
25.1	25.54
25.3	25.55
25.1	25.56
25.1	25.57
25.1	25.58
25.3	25.59
25.1	25.60
25.1	25.61
25.1	25.62
25.1	25.63
25.1	25.64
26.1	26.1
26.1	26.2
26.1	26.3
26.1	26.4
26.1	26.5
26.1	26.6
26.1	26.7
26.5	26.8
26.5	26.9
26.1	26.10
26.1	26.11
26.1	26.12
26.5	26.13
26.5	26.14
26.1	26.15
26.1	26.16
26.6	26.17
26.1	26.18
26.1	26.19
26.1	26.20
26.6	26.21
26.1	26.22
26.1	26.23
26.1	26.24
26.3	26.25
26.6	26.26
26.5	26.27
26.5	26.28
26.1	26.29
26.2	26.30
26.1	26.31
26.1	26.32
26.6	26.33
26.1	26.34
26.1	26.35
26.1	26.36
26.5	26.37
26.1	26.38
26.1	26.39
26.1	26.40
26.1	26.41
26.1	26.42
26.1	26.43
26.1	26.44
26.1	26.45
26.1	26.46
26.1	26.47
26.1	26.48
26.1	26.49
26.1	26.50
26.5	26.51
26.1	26.52
26.1	26.53
26.1	26.54
26.1	26.55
26.4	26.56
26.5	26.57
26.1	26.58
26.1	26.59
26.5	26.60
26.5	26.61
26.5	26.62
26.1	26.63
26.1	26.64
27.1	27.1
27.1	27.2
27.1	27.3
27.1	27.4
27.8	27.5
27.13	27.6
27.1	27.7
27.1	27.8
27.1	27.9
27.1	27.10
27.9	27.11
27.1	27.12
27.4	27.13
27.13	27.14
27.1	27.15
27.1	27.16
27.1	27.17
27.13	27.18
27.5	27.19
27.12	27.20
27.1	27.21
27.1	27.22
27.2	27.23
27.6	27.24
27.1	27.25
27.1	27.26
27.13	27.27
27.6	27.28
27.1	27.29
27.1	27.30
27.12	27.31
27.10	27.32
27.1	27.33
27.1	27.34
27.1	27.35
27.1	27.36
27.13	27.37
27.13	27.38
27.11	27.39
27.1	27.40
27.12	27.41
27.1	27.42
27.1	27.43
27.1	27.44
27.7	27.45
27.1	27.46
27.4	27.47
27.1	27.48
27.13	27.49
27.1	27.50
27.13	27.51
27.1	27.52
27.1	27.53
27.1	27.54
27.1	27.55
27.1	27.56
27.1	27.57
27.1	27.58
27.1	27.59
27.13	27.60
27.12	27.61
27.9	27.62
27.3	27.63
27.1	27.64
28.14	28.1
28.14	28.2
28.8	28.3
28.14	28.4
28.1	28.5
28.14	28.6
28.14	28.7
28.13	28.8
28.14	28.9
28.14	28.10
28.14	28.11
28.1	28.12
28.14	28.13
28.14	28.14
28.14	28.15
28.6	28.16
28.14	28.17
28.1	28.18
28.10	28.19
28.14	28.20
28.14	28.21
28.14	28.22
28.17	28.23
28.14	28.24
28.14	28.25
28.1	28.26
28.14	28.27
28.14	28.28
28.16	28.29
28.14	28.30
28.5	28.31
28.13	28.32
28.14	28.33
28.14	28.34
28.5	28.35
28.5	28.36
28.3	28.37
28.14	28.38
28.15	28.39
28.14	28.40
28.7	28.41
28.17	28.42
28.14	28.43
28.1	28.44
28.2	28.45
28.10	28.46
28.1	28.47
28.4	28.48
28.14	28.49
28.14	28.50
28.14	28.51
28.14	28.52
28.14	28.53
28.9	28.54
28.1	28.55
28.14	28.56
28.12	28.57
28.1	28.58
28.14	28.59
28.11	28.60
28.9	28.61
28.13	28.62
28.14	28.63
28.1	28.64
29.6	29.1
29.4	29.2
29.4	29.3
29.4	29.4
29.6	29.5
29.4	29.6
29.4	29.7
29.4	29.8
29.4	29.9
29.4	29.10
29.6	29.11
29.4	29.12
29.4	29.13
29.6	29.14
29.4	29.15
29.1	29.16
29.5	29.17
29.1	29.18
29.5	29.19
29.4	29.20
29.1	29.21
29.7	29.22
29.4	29.23
29.4	29.24
29.3	29.25
29.5	29.26
29.6	29.27
29.4	29.28
29.6	29.29
29.4	29.30
29.4	29.31
29.2	29.32
29.4	29.33
29.4	29.34
29.4	29.35
29.4	29.36
29.5	29.37
29.4	29.38
29.7	29.39
29.4	29.40
29.4	29.41
29.1	29.42
29.4	29.43
29.4	29.44
29.4	29.45
29.4	29.46
29.3	29.47
29.4	29.48
29.4	29.49
29.4	29.50
29.4	29.51
29.1	29.52
29.6	29.53
29.6	29.54
29.6	29.55
29.4	29.56
29.4	29.57
29.4	29.58
29.4	29.59
29.4	29.60
29.6	29.61
29.4	29.62
29.4	29.63
29.4	29.64
30.1	30.1
30.1	30.2
30.1	30.3
30.3	30.4
30.1	30.5
30.1	30.6
30.3	30.7
30.1	30.8
30.1	30.9
30.1	30.10
30.1	30.11
30.1	30.12
30.1	30.13
30.1	30.14
30.1	30.15
30.1	30.16
30.2	30.17
30.1	30.18
30.1	30.19
30.1	30.20
30.1	30.21
30.3	30.22
30.1	30.23
30.1	30.24
30.1	30.25
30.3	30.26
30.3	30.27
30.3	30.28
30.1	30.29
30.1	30.30
30.1	30.31
30.1	30.32
30.1	30.33
30.3	30.34
30.1	30.35
30.3	30.36
30.1	30.37
30.1	30.38
30.1	30.39
30.1	30.40
30.1	30.41
30.1	30.42
30.1	30.43
30.3	30.44
30.1	30.45
30.1	30.46
30.1	30.47
30.1	30.48
30.1	30.49
30.3	30.50
30.3	30.51
30.1	30.52
30.1	30.53
30.1	30.54
30.1	30.55
30.1	30.56
30.1	30.57
30.1	30.58
30.1	30.59
30.1	30.60
30.3	30.61
30.1	30.62
30.1	30.63
30.1	30.64
31.7	31.1
31.7	31.2
31.13	31.3
31.1	31.4
31.6	31.5
31.14	31.6
31.13	31.7
31.7	31.8
31.7	31.9
31.14	31.10
31.7	31.11
31.13	31.12
31.7	31.13
31.13	31.14
31.13	31.15
31.10	31.16
31.14	31.17
31.7	31.18
31.7	31.19
31.13	31.20
31.7	31.21
31.13	31.22
31.13	31.23
31.10	31.24
31.10	31.25
31.12	31.26
31.10	31.27
31.14	31.28
31.9	31.29
31.7	31.30
31.11	31.31
31.7	31.32
31.13	31.33
31.13	31.34
31.14	31.35
31.9	31.36
31.10	31.37
31.9	31.38
31.13	31.39
31.7	31.40
31.9	31.41
31.13	31.42
31.9	31.43
31.4	31.44
31.2	31.45
31.10	31.46
31.13	31.47
31.5	31.48
31.7	31.49
31.7	31.50
31.3	31.51
31.13	31.52
31.13	31.53
31.13	31.54
31.7	31.55
31.13	31.56
31.9	31.57
31.7	31.58
31.14	31.59
31.13	31.60
31.8	31.61
31.13	31.62
31.7	31.63
31.13	31.64
32.5	32.1
32.5	32.2
32.5	32.3
32.1	32.4
32.1	32.5
32.5	32.6
32.5	32.7
32.5	32.8
32.5	32.9
32.5	32.10
32.5	32.11
32.5	32.12
32.5	32.13
32.5	32.14
32.5	32.15
32.6	32.16
32.5	32.17
32.5	32.18
32.5	32.19
32.6	32.20
32.5	32.21
32.5	32.22
32.6	32.23
32.5	32.24
32.5	32.25
32.5	32.26
32.5	32.27
32.5	32.28
32.5	32.29
32.5	32.30
32.5	32.31
32.5	32.32
32.5	32.33
32.5	32.34
32.5	32.35
32.5	32.36
32.4	32.37
32.5	32.38
32.5	32.39
32.3	32.40
32.5	32.41
32.5	32.42
32.1	32.43
32.2	32.44
32.6	32.45
32.5	32.46
32.5	32.47
32.6	32.48
32.5	32.49
32.6	32.50
32.5	32.51
32.1	32.52
32.5	32.53
32.1	32.54
32.5	32.55
32.5	32.56
32.5	32.57
32.5	32.58
32.5	32.59
32.5	32.60
32.5	32.61
32.5	32.62
32.5	32.63
32.4	32.64
33.12	33.1
33.17	33.2
33.13	33.3
33.13	33.4
33.12	33.5
33.15	33.6
33.13	33.7
33.12	33.8
33.13	33.9
33.12	33.10
33.13	33.11
33.12	33.12
33.12	33.13
33.13	33.14
33.9	33.15
33.14	33.16
33.1	33.17
33.13	33.18
33.2	33.19
33.5	33.20
33.4	33.21
33.12	33.22
33.6	33.23
33.1	33.24
33.8	33.25
33.13	33.26
33.13	33.27
33.12	33.28
33.13	33.29
33.13	33.30
33.1	33.31
33.9	33.32
33.12	33.33
33.1	33.34
33.9	33.35
33.13	33.36
33.13	33.37
33.13	33.38
33.13	33.39
33.1	33.40
33.13	33.41
33.12	33.42
33.13	33.43
33.18	33.44
33.13	33.45
33.12	33.46
33.17	33.47
33.15	33.48
33.10	33.49
33.1	33.50
33.1	33.51
33.1	33.52
33.15	33.53
33.11	33.54
33.16	33.55
33.3	33.56
33.13	33.57
33.13	33.58
33.13	33.59
33.7	33.60
33.12	33.61
33.10	33.62
33.12	33.63
33.13	33.64
34.1	34.1
34.1	34.2
34.1	34.3
34.1	34.4
34.1	34.5
34.1	34.6
34.1	34.7
34.1	34.8
34.1	34.9
34.14	34.10
34.14	34.11
34.1	34.12
34.13	34.13
34.1	34.14
34.1	34.15
34.1	34.16
34.1	34.17
34.1	34.18
34.1	34.19
34.1	34.20
34.14	34.21
34.1	34.22
34.1	34.23
34.1	34.24
34.1	34.25
34.14	34.26
34.15	34.27
34.1	34.28
34.1	34.29
34.8	34.30
34.7	34.31
34.1	34.32
34.1	34.33
34.3	34.34
34.1	34.35
34.13	34.36
34.1	34.37
34.1	34.38
34.14	34.39
34.1	34.40
34.1	34.41
34.11	34.42
34.2	34.43
34.1	34.44
34.5	34.45
34.10	34.46
34.1	34.47
34.1	34.48
34.14	34.49
34.6	34.50
34.13	34.51
34.1	34.52
34.14	34.53
34.14	34.54
34.1	34.55
34.1	34.56
34.12	34.57
34.8	34.58
34.4	34.59
34.1	34.60
34.1	34.61
34.13	34.62
34.9	34.63
34.1	34.64
35.15	35.1
35.12	35.2
35.16	35.3
35.12	35.4
35.15	35.5
35.7	35.6
35.15	35.7
35.12	35.8
35.14	35.9
35.15	35.10
35.15	35.11
35.2	35.12
35.15	35.13
35.12	35.14
35.12	35.15
35.12	35.16
35.16	35.17
35.15	35.18
35.12	35.19
35.15	35.20
35.12	35.21
35.15	35.22
35.8	35.23
35.15	35.24
35.12	35.25
35.12	35.26
35.16	35.27
35.15	35.28
35.12	35.29
35.1	35.30
35.6	35.31
35.15	35.32
35.16	35.33
35.16	35.34
35.12	35.35
35.16	35.36
35.12	35.37
35.11	35.38
35.15	35.39
35.12	35.40
35.12	35.41
35.12	35.42
35.16	35.43
35.5	35.44
35.1	35.45
35.12	35.46
35.12	35.47
35.12	35.48
35.4	35.49
35.12	35.50
35.12	35.51
35.11	35.52
35.12	35.53
35.12	35.54
35.12	35.55
35.12	35.56
35.12	35.57
35.13	35.58
35.12	35.59
35.9	35.60
35.8	35.61
35.10	35.62
35.17	35.63
35.3	35.64
36.15	36.1
36.1	36.2
36.7	36.3
36.7	36.4
36.7	36.5
36.1	36.6
36.1	36.7
36.1	36.8
36.15	36.9
36.1	36.10
36.1	36.11
36.11	36.12
36.13	36.13
36.1	36.14
36.1	36.15
36.1	36.16
36.4	36.17
36.1	36.18
36.1	36.19
36.1	36.20
36.15	36.21
36.1	36.22
36.2	36.23
36.10	36.24
36.1	36.25
36.1	36.26
36.1	36.27
36.1	36.28
36.1	36.29
36.10	36.30
36.1	36.31
36.1	36.32
36.15	36.33
36.1	36.34
36.1	36.35
36.1	36.36
36.6	36.37
36.14	36.38
36.10	36.39
36.5	36.40
36.1	36.41
36.15	36.42
36.10	36.43
36.2	36.44
36.15	36.45
36.9	36.46
36.15	36.47
36.10	36.48
36.15	36.49
36.1	36.50
36.1	36.51
36.15	36.52
36.1	36.53
36.3	36.54
36.1	36.55
36.1	36.56
36.8	36.57
36.10	36.58
36.1	36.59
36.12	36.60
36.15	36.61
36.1	36.62
36.15	36.63
36.10	36.64
37.14	37.1
37.1	37.2
37.14	37.3
37.8	37.4
37.14	37.5
37.14	37.6
37.14	37.7
37.1	37.8
37.14	37.9
37.14	37.10
37.12	37.11
37.10	37.12
37.14	37.13
37.14	37.14
37.14	37.15
37.3	37.16
37.1	37.17
37.14	37.18
37.14	37.19
37.14	37.20
37.12	37.21
37.14	37.22
37.13	37.23
37.1	37.24
37.14	37.25
37.14	37.26
37.7	37.27
37.14	37.28
37.12	37.29
37.14	37.30
37.2	37.31
37.14	37.32
37.14	37.33
37.6	37.34
37.14	37.35
37.10	37.36
37.14	37.37
37.1	37.38
37.1	37.39
37.1	37.40
37.14	37.41
37.14	37.42
37.1	37.43
37.14	37.44
37.14	37.45
37.14	37.46
37.14	37.47
37.1	37.48
37.14	37.49
37.14	37.50
37.4	37.51
37.14	37.52
37.1	37.53
37.12	37.54
37.9	37.55
37.11	37.56
37.1	37.57
37.15	37.58
37.14	37.59
37.14	37.60
37.14	37.61
37.14	37.62
37.12	37.63
37.5	37.64
38.1	38.1
38.1	38.2
38.1	38.3
38.1	38.4
38.1	38.5
38.1	38.6
38.1	38.7
38.1	38.8
38.1	38.9
38.1	38.10
38.1	38.11
38.2	38.12
38.11	38.13
38.7	38.14
38.1	38.15
38.1	38.16
38.1	38.17
38.1	38.18
38.1	38.19
38.1	38.20
38.1	38.21
38.6	38.22
38.1	38.23
38.14	38.24
38.1	38.25
38.1	38.26
38.14	38.27
38.1	38.28
38.1	38.29
38.1	38.30
38.1	38.31
38.1	38.32
38.13	38.33
38.11	38.34
38.1	38.35
38.1	38.36
38.10	38.37
38.1	38.38
38.14	38.39
38.1	38.40
38.8	38.41
38.1	38.42
38.1	38.43
38.5	38.44
38.1	38.45
38.3	38.46
38.1	38.47
38.14	38.48
38.1	38.49
38.1	38.50
38.9	38.51
38.1	38.52
38.1	38.53
38.14	38.54
38.4	38.55
38.1	38.56
38.1	38.57
38.1	38.58
38.14	38.59
38.1	38.60
38.1	38.61
38.12	38.62
38.13	38.63
38.1	38.64
39.3	39.1
39.3	39.2
39.13	39.3
39.13	39.4
39.3	39.5
39.3	39.6
39.14	39.7
39.8	39.8
39.3	39.9
39.14	39.10
39.4	39.11
39.14	39.12
39.1	39.13
39.2	39.14
39.15	39.15
39.3	39.16
39.15	39.17
39.3	39.18
39.1	39.19
39.13	39.20
39.15	39.21
39.15	39.22
39.3	39.23
39.3	39.24
39.3	39.25
39.15	39.26
39.3	39.27
39.12	39.28
39.13	39.29
39.13	39.30
39.3	39.31
39.3	39.32
39.7	39.33
39.15	39.34
39.3	39.35
39.6	39.36
39.15	39.37
39.3	39.38
39.3	39.39
39.3	39.40
39.9	39.41
39.15	39.42
39.3	39.43
39.5	39.44
39.3	39.45
39.3	39.46
39.11	39.47
39.3	39.48
39.3	39.49
39.13	39.50
39.15	39.51
39.15	39.52
39.3	39.53
39.15	39.54
39.15	39.55
39.3	39.56
39.15	39.57
39.3	39.58
39.3	39.59
39.13	39.60
39.10	39.61
39.3	39.62
39.3	39.63
39.15	39.64
40.1	40.1
40.1	40.2
40.1	40.3
40.11	40.4
40.11	40.5
40.1	40.6
40.1	40.7
40.1	40.8
40.1	40.9
40.1	40.10
40.1	40.11
40.1	40.12
40.1	40.13
40.1	40.14
40.1	40.15
40.1	40.16
40.1	40.17
40.4	40.18
40.3	40.19
40.5	40.20
40.1	40.21
40.1	40.22
40.1	40.23
40.1	40.24
40.9	40.25
40.11	40.26
40.5	40.27
40.1	40.28
40.1	40.29
40.6	40.30
40.1	40.31
40.1	40.32
40.1	40.33
40.11	40.34
40.1	40.35
40.1	40.36
40.1	40.37
40.1	40.38
40.1	40.39
40.1	40.40
40.1	40.41
40.1	40.42
40.2	40.43
40.1	40.44
40.1	40.45
40.1	40.46
40.1	40.47
40.8	40.48
40.3	40.49
40.1	40.50
40.1	40.51
40.1	40.52
40.1	40.53
40.11	40.54
40.1	40.55
40.1	40.56
40.1	40.57
40.11	40.58
40.1	40.59
40.11	40.60
40.1	40.61
40.10	40.62
40.7	40.63
40.1	40.64
41.1	41.1
41.1	41.2
41.16	41.3
41.1	41.4
41.1	41.5
41.9	41.6
41.1	41.7
41.1	41.8
41.3	41.9
41.16	41.10
41.14	41.11
41.1	41.12
41.1	41.13
41.16	41.14
41.1	41.15
41.1	41.16
41.1	41.17
41.12	41.18
41.11	41.19
41.14	41.20
41.14	41.21
41.1	41.22
41.1	41.23
41.1	41.24
41.12	41.25
41.1	41.26
41.1	41.27
41.1	41.28
41.1	41.29
41.14	41.30
41.14	41.31
41.1	41.32
41.4	41.33
41.15	41.34
41.1	41.35
41.10	41.36
41.16	41.37
41.16	41.38
41.16	41.39
41.6	41.40
41.8	41.41
41.16	41.42
41.1	41.43
41.1	41.44
41.5	41.45
41.16	41.46
41.15	41.47
41.1	41.48
41.2	41.49
41.14	41.50
41.1	41.51
41.16	41.52
41.1	41.53
41.1	41.54
41.9	41.55
41.14	41.56
41.1	41.57
41.1	41.58
41.1	41.59
41.1	41.60
41.13	41.61
41.14	41.62
41.7	41.63
41.14	41.64
42.1	42.1
42.1	42.2
42.1	42.3
42.1	42.4
42.1	42.5
42.10	42.6
42.1	42.7
42.10	42.8
42.10	42.9
42.8	42.10
42.1	42.11
42.1	42.12
42.1	42.13
42.10	42.14
42.1	42.15
42.8	42.16
42.5	42.17
42.7	42.18
42.10	42.19
42.1	42.20
42.1	42.21
42.11	42.22
42.1	42.23
42.1	42.24
42.1	42.25
42.1	42.26
42.1	42.27
42.10	42.28
42.11	42.29
42.1	42.30
42.10	42.31
42.10	42.32
42.1	42.33
42.1	42.34
42.8	42.35
42.1	42.36
42.10	42.37
42.1	42.38
42.1	42.39
42.4	42.40
42.1	42.41
42.1	42.42
42.10	42.43
42.1	42.44
42.10	42.45
42.1	42.46
42.1	42.47
42.9	42.48
42.11	42.49
42.6	42.50
42.8	42.51
42.10	42.52
42.6	42.53
42.6	42.54
42.2	42.55
42.1	42.56
42.3	42.57
42.1	42.58
42.1	42.59
42.1	42.60
42.10	42.61
42.1	42.62
42.1	42.63
42.1	42.64
43.13	43.1
43.10	43.2
43.10	43.3
43.10	43.4
43.10	43.5
43.14	43.6
43.10	43.7
43.2	43.8
43.13	43.9
43.13	43.10
43.6	43.11
43.11	43.12
43.1	43.13
43.9	43.14
43.10	43.15
43.10	43.16
43.1	43.17
43.10	43.18
43.10	43.19
43.15	43.20
43.10	43.21
43.13	43.22
43.10	43.23
43.10	43.24
43.1	43.25
43.13	43.26
43.13	43.27
43.10	43.28
43.10	43.29
43.10	43.30
43.10	43.31
43.1	43.32
43.10	43.33
43.10	43.34
43.1	43.35
43.7	43.36
43.10	43.37
43.13	43.38
43.1	43.39
43.13	43.40
43.10	43.41
43.10	43.42
43.1	43.43
43.4	43.44
43.13	43.45
43.5	43.46
43.13	43.47
43.14	43.48
43.13	43.49
43.3	43.50
43.8	43.51
43.1	43.52
43.10	43.53
43.13	43.54
43.12	43.55
43.10	43.56
43.13	43.57
43.13	43.58
43.13	43.59
43.13	43.60
43.13	43.61
43.13	43.62
43.13	43.63
43.13	43.64
44.1	44.1
44.1	44.2
44.1	44.3
44.8	44.4
44.1	44.5
44.9	44.6
44.9	44.7
44.4	44.8
44.8	44.9
44.1	44.10
44.9	44.11
44.1	44.12
44.9	44.13
44.8	44.14
44.9	44.15
44.1	44.16
44.3	44.17
44.9	44.18
44.1	44.19
44.9	44.20
44.9	44.21
44.9	44.22
44.9	44.23
44.9	44.24
44.9	44.25
44.9	44.26
44.1	44.27
44.9	44.28
44.9	44.29
44.9	44.30
44.6	44.31
44.6	44.32
44.9	44.33
44.9	44.34
44.1	44.35
44.1	44.36
44.1	44.37
44.9	44.38
44.9	44.39
44.6	44.40
44.1	44.41
44.1	44.42
44.9	44.43
44.1	44.44
44.9	44.45
44.2	44.46
44.9	44.47
44.9	44.48
44.1	44.49
44.10	44.50
44.7	44.51
44.1	44.52
44.1	44.53
44.9	44.54
44.5	44.55
44.8	44.56
44.8	44.57
44.4	44.58
44.8	44.59
44.1	44.60
44.6	44.61
44.1	44.62
44.8	44.63
44.6	44.64
45.3	45.1
45.18	45.2
45.16	45.3
45.18	45.4
45.3	45.5
45.18	45.6
45.19	45.7
45.18	45.8
45.11	45.9
45.18	45.10
45.18	45.11
45.18	45.12
45.18	45.13
45.19	45.14
45.18	45.15
45.3	45.16
45.14	45.17
45.18	45.18
45.3	45.19
45.7	45.20
45.3	45.21
45.1	45.22
45.18	45.23
45.18	45.24
45.18	45.25
45.4	45.26
45.19	45.27
45.18	45.28
45.18	45.29
45.18	45.30
45.3	45.31
45.17	45.32
45.8	45.33
45.3	45.34
45.5	45.35
45.18	45.36
45.10	45.37
45.18	45.38
45.9	45.39
45.3	45.40
45.15	45.41
45.18	45.42
45.3	45.43
45.18	45.44
45.3	45.45
45.3	45.46
45.3	45.47
45.6	45.48
45.3	45.49
45.17	45.50
45.18	45.51
45.19	45.52
45.19	45.53
45.3	45.54
45.3	45.55
45.2	45.56
45.12	45.57
45.17	45.58
45.18	45.59
45.15	45.60
45.17	45.61
45.17	45.62
45.13	45.63
45.3	45.64
46.1	46.1
46.13	46.2
46.9	46.3
46.1	46.4
46.13	46.5
46.1	46.6
46.1	46.7
46.1	46.8
46.13	46.9
46.1	46.10
46.9	46.11
46.10	46.12
46.1	46.13
46.1	46.14
46.1	46.15
46.13	46.16
46.16	46.17
46.15	46.18
46.13	46.19
46.7	46.20
46.15	46.21
46.1	46.22
46.1	46.23
46.12	46.24
46.7	46.25
46.4	46.26
46.1	46.27
46.1	46.28
46.1	46.29
46.1	46.30
46.1	46.31
46.13	46.32
46.13	46.33
46.11	46.34
46.1	46.35
46.13	46.36
46.1	46.37
46.13	46.38
46.9	46.39
46.1	46.40
46.7	46.41
46.2	46.42
46.9	46.43
46.9	46.44
46.13	46.45
46.14	46.46
46.1	46.47
46.1	46.48
46.9	46.49
46.13	46.50
46.6	46.51
46.16	46.52
46.13	46.53
46.3	46.54
46.15	46.55
46.1	46.56
46.10	46.57
46.1	46.58
46.8	46.59
46.13	46.60
46.5	46.61
46.9	46.62
46.1	46.63
46.1	46.64
47.1	47.1
47.7	47.2
47.7	47.3
47.1	47.4
47.1	47.5
47.1	47.6
47.7	47.7
47.1	47.8
47.7	47.9
47.1	47.10
47.1	47.11
47.7	47.12
47.1	47.13
47.1	47.14
47.1	47.15
47.7	47.16
47.5	47.17
47.1	47.18
47.1	47.19
47.6	47.20
47.1	47.21
47.1	47.22
47.1	47.23
47.1	47.24
47.1	47.25
47.6	47.26
47.1	47.27
47.1	47.28
47.1	47.29
47.1	47.30
47.1	47.31
47.7	47.32
47.7	47.33
47.7	47.34
47.1	47.35
47.1	47.36
47.7	47.37
47.1	47.38
47.1	47.39
47.1	47.40
47.1	47.41
47.1	47.42
47.3	47.43
47.1	47.44
47.1	47.45
47.1	47.46
47.1	47.47
47.1	47.48
47.1	47.49
47.1	47.50
47.1	47.51
47.4	47.52
47.1	47.53
47.6	47.54
47.7	47.55
47.1	47.56
47.1	47.57
47.7	47.58
47.7	47.59
47.2	47.60
47.4	47.61
47.1	47.62
47.1	47.63
47.1	47.64
48.6	48.1
48.6	48.2
48.6	48.3
48.6	48.4
48.6	48.5
48.1	48.6
48.6	48.7
48.6	48.8
48.1	48.9
48.6	48.10
48.4	48.11
48.6	48.12
48.6	48.13
48.1	48.14
48.6	48.15
48.6	48.16
48.6	48.17
48.5	48.18
48.6	48.19
48.1	48.20
48.6	48.21
48.1	48.22
48.1	48.23
48.1	48.24
48.1	48.25
48.1	48.26
48.6	48.27
48.6	48.28
48.6	48.29
48.2	48.30
48.6	48.31
48.6	48.32
48.5	48.33
48.6	48.34
48.6	48.35
48.6	48.36
48.1	48.37
48.1	48.38
48.6	48.39
48.6	48.40
48.6	48.41
48.6	48.42
48.6	48.43
48.6	48.44
48.6	48.45
48.5	48.46
48.1	48.47
48.1	48.48
48.1	48.49
48.3	48.50
48.6	48.51
48.1	48.52
48.6	48.53
48.6	48.54
48.6	48.55
48.6	48.56
48.6	48.57
48.6	48.58
48.6	48.59
48.6	48.60
48.6	48.61
48.6	48.62
48.6	48.63
48.6	48.64
49.8	49.1
49.8	49.2
49.8	49.3
49.8	49.4
49.1	49.5
49.8	49.6
49.1	49.7
49.8	49.8
49.8	49.9
49.8	49.10
49.2	49.11
49.8	49.12
49.8	49.13
49.6	49.14
49.8	49.15
49.1	49.16
49.1	49.17
49.5	49.18
49.8	49.19
49.8	49.20
49.8	49.21
49.6	49.22
49.8	49.23
49.8	49.24
49.8	49.25
49.8	49.26
49.8	49.27
49.8	49.28
49.8	49.29
49.8	49.30
49.8	49.31
49.8	49.32
49.1	49.33
49.8	49.34
49.1	49.35
49.8	49.36
49.8	49.37
49.8	49.38
49.8	49.39
49.8	49.40
49.5	49.41
49.8	49.42
49.8	49.43
49.8	49.44
49.8	49.45
49.7	49.46
49.8	49.47
49.8	49.48
49.1	49.49
49.8	49.50
49.3	49.51
49.8	49.52
49.8	49.53
49.5	49.54
49.8	49.55
49.8	49.56
49.6	49.57
49.8	49.58
49.8	49.59
49.8	49.60
49.8	49.61
49.7	49.62
49.6	49.63
49.4	49.64
50.10	50.1
50.10	50.2
50.13	50.3
50.5	50.4
50.5	50.5
50.10	50.6
50.10	50.7
50.10	50.8
50.10	50.9
50.10	50.10
50.13	50.11
50.5	50.12
50.10	50.13
50.10	50.14
50.10	50.15
50.9	50.16
50.13	50.17
50.5	50.18
50.10	50.19
50.5	50.20
50.10	50.21
50.10	50.22
50.5	50.23
50.10	50.24
50.10	50.25
50.13	50.26
50.13	50.27
50.10	50.28
50.10	50.29
50.2	50.30
50.5	50.31
50.10	50.32
50.12	50.33
50.5	50.34
50.10	50.35
50.10	50.36
50.5	50.37
50.10	50.38
50.4	50.39
50.10	50.40
50.10	50.41
50.11	50.42
50.1	50.43
50.8	50.44
50.10	50.45
50.10	50.46
50.10	50.47
50.8	50.48
50.5	50.49
50.10	50.50
50.7	50.51
50.10	50.52
50.9	50.53
50.5	50.54
50.10	50.55
50.10	50.56
50.5	50.57
50.3	50.58
50.10	50.59
50.10	50.60
50.6	50.61
50.10	50.62
50.10	50.63
50.5	50.64
51.13	51.1
51.18	51.2
51.1	51.3
51.9	51.4
51.1	51.5
51.1	51.6
51.1	51.7
51.13	51.8
51.15	51.9
51.18	51.10
51.18	51.11
51.14	51.12
51.18	51.13
51.8	51.14
51.13	51.15
51.13	51.16
51.18	51.17
51.10	51.18
51.1	51.19
51.12	51.20
51.3	51.21
51.1	51.22
51.10	51.23
51.1	51.24
51.10	51.25
51.1	51.26
51.18	51.27
51.6	51.28
51.1	51.29
51.11	51.30
51.15	51.31
51.1	51.32
51.19	51.33
51.2	51.34
51.1	51.35
51.1	51.36
51.17	51.37
51.1	51.38
51.1	51.39
51.1	51.40
51.1	51.41
51.1	51.42
51.16	51.43
51.18	51.44
51.7	51.45
51.18	51.46
51.17	51.47
51.13	51.48
51.18	51.49
51.1	51.50
51.8	51.51
51.4	51.52
51.15	51.53
51.1	51.54
51.1	51.55
51.18	51.56
51.18	51.57
51.5	51.58
51.1	51.59
51.9	51.60
51.18	51.61
51.18	51.62
51.17	51.63
51.12	51.64
52.13	52.1
52.13	52.2
52.13	52.3
52.13	52.4
52.13	52.5
52.13	52.6
52.6	52.7
52.13	52.8
52.13	52.9
52.8	52.10
52.11	52.11
52.13	52.12
52.15	52.13
52.13	52.14
52.15	52.15
52.15	52.16
52.13	52.17
52.13	52.18
52.15	52.19
52.13	52.20
52.15	52.21
52.13	52.22
52.7	52.23
52.13	52.24
52.13	52.25
52.13	52.26
52.13	52.27
52.13	52.28
52.13	52.29
52.15	52.30
52.13	52.31
52.12	52.32
52.9	52.33
52.13	52.34
52.1	52.35
52.1	52.36
52.15	52.37
52.6	52.38
52.15	52.39
52.13	52.40
52.13	52.41
52.6	52.42
52.13	52.43
52.15	52.44
52.1	52.45
52.13	52.46
52.3	52.47
52.1	52.48
52.15	52.49
52.13	52.50
52.9	52.51
52.13	52.52
52.2	52.53
52.10	52.54
52.13	52.55
52.15	52.56
52.4	52.57
52.5	52.58
52.13	52.59
52.9	52.60
52.11	52.61
52.14	52.62
52.13	52.63
52.15	52.64
53.1	53.1
53.1	53.2
53.1	53.3
53.1	53.4
53.1	53.5
53.1	53.6
53.4	53.7
53.4	53.8
53.1	53.9
53.4	53.10
53.1	53.11
53.1	53.12
53.1	53.13
53.4	53.14
53.4	53.15
53.1	53.16
53.1	53.17
53.4	53.18
53.4	53.19
53.1	53.20
53.1	53.21
53.1	53.22
53.1	53.23
53.4	53.24
53.4	53.25
53.1	53.26
53.1	53.27
53.4	53.28
53.4	53.29
53.4	53.30
53.4	53.31
53.1	53.32
53.4	53.33
53.1	53.34
53.4	53.35
53.4	53.36
53.1	53.37
53.4	53.38
53.4	53.39
53.4	53.40
53.4	53.41
53.1	53.42
53.3	53.43
53.1	53.44
53.4	53.45
53.1	53.46
53.1	53.47
53.4	53.48
53.1	53.49
53.4	53.50
53.1	53.51
53.2	53.52
53.4	53.53
53.4	53.54
53.1	53.55
53.1	53.56
53.4	53.57
53.1	53.58
53.1	53.59
53.1	53.60
53.1	53.61
53.1	53.62
53.1	53.63
53.1	53.64
54.17	54.1
54.17	54.2
54.15	54.3
54.17	54.4
54.17	54.5
54.4	54.6
54.4	54.7
54.4	54.8
54.4	54.9
54.4	54.10
54.14	54.11
54.17	54.12
54.4	54.13
54.4	54.14
54.17	54.15
54.4	54.16
54.15	54.17
54.11	54.18
54.4	54.19
54.15	54.20
54.4	54.21
54.14	54.22
54.15	54.23
54.2	54.24
54.1	54.25
54.7	54.26
54.16	54.27
54.15	54.28
54.17	54.29
54.17	54.30
54.17	54.31
54.11	54.32
54.15	54.33
54.15	54.34
54.17	54.35
54.12	54.36
54.14	54.37
54.4	54.38
54.17	54.39
54.4	54.40
54.6	54.41
54.4	54.42
54.4	54.43
54.3	54.44
54.17	54.45
54.16	54.46
54.15	54.47
54.8	54.48
54.4	54.49
54.14	54.50
54.15	54.51
54.15	54.52
54.4	54.53
54.9	54.54
54.13	54.55
54.17	54.56
54.16	54.57
54.4	54.58
54.10	54.59
54.5	54.60
54.16	54.61
54.17	54.62
54.4	54.63
54.4	54.64
55.1	55.1
55.11	55.2
55.7	55.3
55.11	55.4
55.1	55.5
55.9	55.6
55.11	55.7
55.1	55.8
55.4	55.9
55.1	55.10
55.11	55.11
55.8	55.12
55.1	55.13
55.1	55.14
55.1	55.15
55.1	55.16
55.11	55.17
55.1	55.18
55.10	55.19
55.5	55.20
55.1	55.21
55.10	55.22
55.2	55.23
55.1	55.24
55.1	55.25
55.1	55.26
55.1	55.27
55.1	55.28
55.1	55.29
55.11	55.30
55.9	55.31
55.11	55.32
55.1	55.33
55.1	55.34
55.1	55.35
55.11	55.36
55.11	55.37
55.6	55.38
55.1	55.39
55.11	55.40
55.3	55.41
55.1	55.42
55.1	55.43
55.1	55.44
55.1	55.45
55.1	55.46
55.1	55.47
55.10	55.48
55.10	55.49
55.1	55.50
55.1	55.51
55.1	55.52
55.11	55.53
55.1	55.54
55.1	55.55
55.1	55.56
55.1	55.57
55.11	55.58
55.1	55.59
55.10	55.60
55.12	55.61
55.1	55.62
55.1	55.63
55.1	55.64
56.16	56.1
56.8	56.2
56.8	56.3
56.8	56.4
56.4	56.5
56.2	56.6
56.12	56.7
56.12	56.8
56.8	56.9
56.8	56.10
56.12	56.11
56.16	56.12
56.12	56.13
56.8	56.14
56.12	56.15
56.8	56.16
56.16	56.17
56.12	56.18
56.7	56.19
56.12	56.20
56.12	56.21
56.4	56.22
56.12	56.23
56.12	56.24
56.8	56.25
56.12	56.26
56.14	56.27
56.12	56.28
56.8	56.29
56.8	56.30
56.4	56.31
56.15	56.32
56.8	56.33
56.16	56.34
56.14	56.35
56.12	56.36
56.11	56.37
56.12	56.38
56.10	56.39
56.12	56.40
56.13	56.41
56.8	56.42
56.11	56.43
56.10	56.44
56.16	56.45
56.8	56.46
56.16	56.47
56.12	56.48
56.13	56.49
56.1	56.50
56.16	56.51
56.12	56.52
56.9	56.53
56.12	56.54
56.3	56.55
56.12	56.56
56.11	56.57
56.6	56.58
56.6	56.59
56.5	56.60
56.12	56.61
56.8	56.62
56.8	56.63
56.8	56.64
57.1	57.1
57.1	57.2
57.1	57.3
57.16	57.4
57.1	57.5
57.16	57.6
57.1	57.7
57.1	57.8
57.1	57.9
57.1	57.10
57.1	57.11
57.1	57.12
57.1	57.13
57.1	57.14
57.11	57.15
57.1	57.16
57.1	57.17
57.1	57.18
57.1	57.19
57.9	57.20
57.1	57.21
57.10	57.22
57.1	57.23
57.1	57.24
57.13	57.25
57.6	57.26
57.1	57.27
57.16	57.28
57.2	57.29
57.16	57.30
57.16	57.31
57.1	57.32
57.13	57.33
57.16	57.34
57.14	57.35
57.16	57.36
57.4	57.37
57.16	57.38
57.1	57.39
57.17	57.40
57.15	57.41
57.6	57.42
57.16	57.43
57.1	57.44
57.1	57.45
57.1	57.46
57.7	57.47
57.1	57.48
57.8	57.49
57.16	57.50
57.1	57.51
57.12	57.52
57.14	57.53
57.9	57.54
57.1	57.55
57.1	57.56
57.5	57.57
57.11	57.58
57.17	57.59
57.6	57.60
57.3	57.61
57.16	57.62
57.16	57.63
57.6	57.64
58.1	58.1
58.1	58.2
58.7	58.3
58.1	58.4
58.1	58.5
58.1	58.6
58.1	58.7
58.1	58.8
58.6	58.9
58.1	58.10
58.1	58.11
58.1	58.12
58.1	58.13
58.4	58.14
58.5	58.15
58.7	58.16
58.1	58.17
58.1	58.18
58.8	58.19
58.7	58.20
58.1	58.21
58.7	58.22
58.1	58.23
58.1	58.24
58.7	58.25
58.1	58.26
58.1	58.27
58.1	58.28
58.1	58.29
58.1	58.30
58.6	58.31
58.1	58.32
58.6	58.33
58.1	58.34
58.1	58.35
58.1	58.36
58.1	58.37
58.7	58.38
58.6	58.39
58.1	58.40
58.1	58.41
58.1	58.42
58.8	58.43
58.7	58.44
58.1	58.45
58.7	58.46
58.1	58.47
58.1	58.48
58.1	58.49
58.1	58.50
58.4	58.51
58.4	58.52
58.1	58.53
58.3	58.54
58.7	58.55
58.1	58.56
58.1	58.57
58.1	58.58
58.6	58.59
58.6	58.60
58.6	58.61
58.1	58.62
58.1	58.63
58.2	58.64
59.10	59.1
59.10	59.2
59.13	59.3
59.10	59.4
59.1	59.5
59.10	59.6
59.1	59.7
59.10	59.8
59.10	59.9
59.11	59.10
59.10	59.11
59.10	59.12
59.11	59.13
59.10	59.14
59.10	59.15
59.1	59.16
59.13	59.17
59.10	59.18
59.10	59.19
59.15	59.20
59.10	59.21
59.10	59.22
59.10	59.23
59.3	59.24
59.10	59.25
59.10	59.26
59.10	59.27
59.14	59.28
59.1	59.29
59.10	59.30
59.10	59.31
59.4	59.32
59.1	59.33
59.6	59.34
59.11	59.35
59.1	59.36
59.5	59.37
59.7	59.38
59.10	59.39
59.10	59.40
59.12	59.41
59.11	59.42
59.10	59.43
59.1	59.44
59.10	59.45
59.10	59.46
59.1	59.47
59.10	59.48
59.1	59.49
59.10	59.50
59.10	59.51
59.10	59.52
59.9	59.53
59.10	59.54
59.10	59.55
59.10	59.56
59.11	59.57
59.4	59.58
59.10	59.59
59.8	59.60
59.12	59.61
59.10	59.62
59.2	59.63
59.10	59.64
60.13	60.1
60.13	60.2
60.19	60.3
60.13	60.4
60.13	60.5
60.13	60.6
60.20	60.7
60.13	60.8
60.19	60.9
60.13	60.10
60.13	60.11
60.13	60.12
60.13	60.13
60.19	60.14
60.13	60.15
60.19	60.16
60.3	60.17
60.13	60.18
60.11	60.19
60.13	60.20
60.13	60.21
60.13	60.22
60.13	60.23
60.13	60.24
60.13	60.25
60.13	60.26
60.13	60.27
60.16	60.28
60.13	60.29
60.1	60.30
60.13	60.31
60.5	60.32
60.14	60.33
60.13	60.34
60.13	60.35
60.2	60.36
60.9	60.37
60.13	60.38
60.4	60.39
60.14	60.40
60.13	60.41
60.5	60.42
60.5	60.43
60.5	60.44
60.18	60.45
60.13	60.46
60.19	60.47
60.13	60.48
60.14	60.49
60.13	60.50
60.13	60.51
60.13	60.52
60.10	60.53
60.7	60.54
60.13	60.55
60.13	60.56
60.19	60.57
60.8	60.58
60.17	60.59
60.13	60.60
60.6	60.61
60.12	60.62
60.15	60.63
60.13	60.64
61.14	61.1
61.6	61.2
61.12	61.3
61.14	61.4
61.7	61.5
61.1	61.6
61.5	61.7
61.5	61.8
61.15	61.9
61.12	61.10
61.5	61.11
61.7	61.12
61.14	61.13
61.13	61.14
61.14	61.15
61.5	61.16
61.6	61.17
61.5	61.18
61.7	61.19
61.7	61.20
61.9	61.21
61.13	61.22
61.5	61.23
61.3	61.24
61.7	61.25
61.13	61.26
61.14	61.27
61.13	61.28
61.4	61.29
61.4	61.30
61.5	61.31
61.15	61.32
61.5	61.33
61.14	61.34
61.11	61.35
61.7	61.36
61.14	61.37
61.13	61.38
61.7	61.39
61.5	61.40
61.5	61.41
61.5	61.42
61.2	61.43
61.1	61.44
61.7	61.45
61.15	61.46
61.14	61.47
61.10	61.48
61.14	61.49
61.15	61.50
61.7	61.51
61.7	61.52
61.6	61.53
61.5	61.54
61.5	61.55
61.14	61.56
61.14	61.57
61.14	61.58
61.5	61.59
61.14	61.60
61.7	61.61
61.5	61.62
61.14	61.63
61.8	61.64
62.1	62.1
62.1	62.2
62.1	62.3
62.1	62.4
62.1	62.5
62.1	62.6
62.8	62.7
62.10	62.8
62.1	62.9
62.1	62.10
62.1	62.11
62.1	62.12
62.8	62.13
62.10	62.14
62.1	62.15
62.7	62.16
62.1	62.17
62.1	62.18
62.10	62.19
62.1	62.20
62.9	62.21
62.1	62.22
62.2	62.23
62.9	62.24
62.9	62.25
62.10	62.26
62.1	62.27
62.10	62.28
62.1	62.29
62.1	62.30
62.4	62.31
62.7	62.32
62.7	62.33
62.1	62.34
62.7	62.35
62.5	62.36
62.1	62.37
62.9	62.38
62.1	62.39
62.10	62.40
62.1	62.41
62.10	62.42
62.6	62.43
62.1	62.44
62.1	62.45
62.1	62.46
62.1	62.47
62.6	62.48
62.9	62.49
62.1	62.50
62.1	62.51
62.10	62.52
62.3	62.53
62.10	62.54
62.1	62.55
62.9	62.56
62.1	62.57
62.7	62.58
62.9	62.59
62.1	62.60
62.1	62.61
62.10	62.62
62.1	62.63
62.10	62.64
63.1	63.1
63.1	63.2
63.1	63.3
63.1	63.4
63.1	63.5
63.1	63.6
63.9	63.7
63.1	63.8
63.9	63.9
63.1	63.10
63.1	63.11
63.10	63.12
63.1	63.13
63.10	63.14
63.1	63.15
63.1	63.16
63.1	63.17
63.10	63.18
63.9	63.19
63.10	63.20
63.1	63.21
63.1	63.22
63.10	63.23
63.1	63.24
63.1	63.25
63.7	63.26
63.1	63.27
63.1	63.28
63.1	63.29
63.1	63.30
63.1	63.31
63.1	63.32
63.1	63.33
63.1	63.34
63.10	63.35
63.1	63.36
63.9	63.37
63.1	63.38
63.1	63.39
63.1	63.40
63.1	63.41
63.1	63.42
63.2	63.43
63.4	63.44
63.6	63.45
63.10	63.46
63.1	63.47
63.1	63.48
63.8	63.49
63.1	63.50
63.3	63.51
63.5	63.52
63.10	63.53
63.1	63.54
63.1	63.55
63.9	63.56
63.10	63.57
63.9	63.58
63.1	63.59
63.1	63.60
63.1	63.61
63.1	63.62
63.1	63.63
63.9	63.64
64.1	64.1
64.5	64.2
64.1	64.3
64.1	64.4
64.1	64.5
64.2	64.6
64.1	64.7
64.1	64.8
64.1	64.9
64.5	64.10
64.3	64.11
64.1	64.12
64.5	64.13
64.1	64.14
64.1	64.15
64.1	64.16
64.1	64.17
64.1	64.18
64.1	64.19
64.1	64.20
64.1	64.21
64.1	64.22
64.1	64.23
64.1	64.24
64.5	64.25
64.1	64.26
64.1	64.27
64.5	64.28
64.4	64.29
64.1	64.30
64.1	64.31
64.1	64.32
64.1	64.33
64.1	64.34
64.5	64.35
64.5	64.36
64.1	64.37
64.1	64.38
64.5	64.39
64.1	64.40
64.1	64.41
64.1	64.42
64.1	64.43
64.1	64.44
64.1	64.45
64.1	64.46
64.5	64.47
64.1	64.48
64.1	64.49
64.1	64.50
64.5	64.51
64.1	64.52
64.1	64.53
64.1	64.54
64.1	64.55
64.1	64.56
64.1	64.57
64.1	64.58
64.1	64.59
64.1	64.60
64.5	64.61
64.1	64.62
64.1	64.63
64.5	64.64
65.8	65.1
65.9	65.2
65.5	65.3
65.9	65.4
65.9	65.5
65.8	65.6
65.1	65.7
65.9	65.8
65.9	65.9
65.9	65.10
65.9	65.11
65.7	65.12
65.9	65.13
65.9	65.14
65.4	65.15
65.9	65.16
65.9	65.17
65.9	65.18
65.9	65.19
65.1	65.20
65.1	65.21
65.9	65.22
65.1	65.23
65.1	65.24
65.9	65.25
65.1	65.26
65.9	65.27
65.8	65.28
65.2	65.29
65.8	65.30
65.9	65.31
65.1	65.32
65.6	65.33
65.9	65.34
65.9	65.35
65.9	65.36
65.8	65.37
65.9	65.38
65.9	65.39
65.9	65.40
65.9	65.41
65.9	65.42
65.8	65.43
65.9	65.44
65.1	65.45
65.8	65.46
65.9	65.47
65.9	65.48
65.9	65.49
65.1	65.50
65.7	65.51
65.9	65.52
65.8	65.53
65.9	65.54
65.9	65.55
65.3	65.56
65.9	65.57
65.9	65.58
65.9	65.59
65.9	65.60
65.9	65.61
65.9	65.62
65.7	65.63
65.1	65.64
66.1	66.1
66.1	66.2
66.1	66.3
66.1	66.4
66.1	66.5
66.1	66.6
66.1	66.7
66.1	66.8
66.1	66.9
66.1	66.10
66.1	66.11
66.1	66.12
66.3	66.13
66.1	66.14
66.1	66.15
66.1	66.16
66.1	66.17
66.1	66.18
66.5	66.19
66.1	66.20
66.1	66.21
66.5	66.22
66.1	66.23
66.1	66.24
66.1	66.25
66.1	66.26
66.1	66.27
66.1	66.28
66.5	66.29
66.1	66.30
66.1	66.31
66.1	66.32
66.1	66.33
66.1	66.34
66.1	66.35
66.4	66.36
66.1	66.37
66.1	66.38
66.1	66.39
66.1	66.40
66.1	66.41
66.1	66.42
66.1	66.43
66.1	66.44
66.4	66.45
66.1	66.46
66.1	66.47
66.1	66.48
66.5	66.49
66.1	66.50
66.1	66.51
66.1	66.52
66.5	66.53
66.5	66.54
66.1	66.55
66.1	66.56
66.1	66.57
66.1	66.58
66.1	66.59
66.4	66.60
66.1	66.61
66.1	66.62
66.2	66.63
66.1	66.64
67.1	67.1
67.1	67.2
67.1	67.3
67.1	67.4
67.1	67.5
67.1	67.6
67.1	67.7
67.1	67.8
67.1	67.9
67.1	67.10
67.5	67.11
67.1	67.12
67.1	67.13
67.5	67.14
67.1	67.15
67.5	67.16
67.1	67.17
67.1	67.18
67.1	67.19
67.1	67.20
67.1	67.21
67.1	67.22
67.4	67.23
67.5	67.24
67.1	67.25
67.1	67.26
67.1	67.27
67.1	67.28
67.1	67.29
67.1	67.30
67.2	67.31
67.1	67.32
67.5	67.33
67.1	67.34
67.1	67.35
67.1	67.36
67.1	67.37
67.1	67.38
67.1	67.39
67.5	67.40
67.1	67.41
67.1	67.42
67.1	67.43
67.1	67.44
67.3	67.45
67.1	67.46
67.1	67.47
67.1	67.48
67.1	67.49
67.5	67.50
67.1	67.51
67.5	67.52
67.5	67.53
67.1	67.54
67.1	67.55
67.1	67.56
67.1	67.57
67.1	67.58
67.1	67.59
67.5	67.60
67.5	67.61
67.5	67.62
67.5	67.63
67.1	67.64
68.1	68.1
68.1	68.2
68.6	68.3
68.1	68.4
68.1	68.5
68.8	68.6
68.1	68.7
68.14	68.8
68.11	68.9
68.11	68.10
68.1	68.11
68.9	68.12
68.12	68.13
68.1	68.14
68.1	68.15
68.15	68.16
68.15	68.17
68.11	68.18
68.11	68.19
68.11	68.20
68.1	68.21
68.13	68.22
68.1	68.23
68.11	68.24
68.1	68.25
68.1	68.26
68.11	68.27
68.4	68.28
68.5	68.29
68.6	68.30
68.1	68.31
68.1	68.32
68.12	68.33
68.1	68.34
68.1	68.35
68.9	68.36
68.3	68.37
68.1	68.38
68.1	68.39
68.1	68.40
68.1	68.41
68.15	68.42
68.10	68.43
68.11	68.44
68.6	68.45
68.14	68.46
68.7	68.47
68.11	68.48
68.1	68.49
68.1	68.50
68.2	68.51
68.1	68.52
68.1	68.53
68.11	68.54
68.11	68.55
68.11	68.56
68.7	68.57
68.10	68.58
68.1	68.59
68.1	68.60
68.1	68.61
68.12	68.62
68.1	68.63
68.11	68.64
69.20	69.1
69.18	69.2
69.1	69.3
69.20	69.4
69.17	69.5
69.10	69.6
69.1	69.7
69.5	69.8
69.20	69.9
69.20	69.10
69.19	69.11
69.11	69.12
69.17	69.13
69.1	69.14
69.2	69.15
69.20	69.16
69.1	69.17
69.20	69.18
69.11	69.19
69.1	69.20
69.7	69.21
69.20	69.22
69.20	69.23
69.13	69.24
69.9	69.25
69.1	69.26
69.17	69.27
69.20	69.28
69.20	69.29
69.6	69.30
69.20	69.31
69.20	69.32
69.20	69.33
69.8	69.34
69.20	69.35
69.12	69.36
69.10	69.37
69.20	69.38
69.20	69.39
69.19	69.40
69.20	69.41
69.19	69.42
69.16	69.43
69.19	69.44
69.4	69.45
69.1	69.46
69.20	69.47
69.20	69.48
69.20	69.49
69.15	69.50
69.20	69.51
69.18	69.52
69.20	69.53
69.14	69.54
69.20	69.55
69.20	69.56
69.17	69.57
69.20	69.58
69.20	69.59
69.3	69.60
69.1	69.61
69.20	69.62
69.20	69.63
69.20	69.64
70.11	70.1
70.13	70.2
70.11	70.3
70.13	70.4
70.1	70.5
70.1	70.6
70.1	70.7
70.11	70.8
70.13	70.9
70.1	70.10
70.13	70.11
70.13	70.12
70.10	70.13
70.10	70.14
70.11	70.15
70.12	70.16
70.13	70.17
70.11	70.18
70.11	70.19
70.13	70.20
70.14	70.21
70.13	70.22
70.14	70.23
70.11	70.24
70.8	70.25
70.7	70.26
70.11	70.27
70.13	70.28
70.11	70.29
70.1	70.30
70.11	70.31
70.5	70.32
70.3	70.33
70.2	70.34
70.14	70.35
70.1	70.36
70.13	70.37
70.13	70.38
70.14	70.39
70.11	70.40
70.10	70.41
70.13	70.42
70.6	70.43
70.12	70.44
70.6	70.45
70.1	70.46
70.11	70.47
70.11	70.48
70.11	70.49
70.11	70.50
70.11	70.51
70.13	70.52
70.9	70.53
70.13	70.54
70.11	70.55
70.4	70.56
70.12	70.57
70.11	70.58
70.13	70.59
70.11	70.60
70.13	70.61
70.13	70.62
70.10	70.63
70.11	70.64
71.12	71.1
71.11	71.2
71.13	71.3
71.13	71.4
71.11	71.5
71.11	71.6
71.13	71.7
71.11	71.8
71.13	71.9
71.13	71.10
71.11	71.11
71.11	71.12
71.11	71.13
71.3	71.14
71.11	71.15
71.11	71.16
71.13	71.17
71.13	71.18
71.11	71.19
71.11	71.20
71.11	71.21
71.5	71.22
71.13	71.23
71.11	71.24
71.3	71.25
71.6	71.26
71.10	71.27
71.11	71.28
71.11	71.29
71.11	71.30
71.13	71.31
71.11	71.32
71.6	71.33
71.3	71.34
71.11	71.35
71.2	71.36
71.3	71.37
71.11	71.38
71.13	71.39
71.8	71.40
71.9	71.41
71.10	71.42
71.13	71.43
71.1	71.44
71.3	71.45
71.11	71.46
71.11	71.47
71.13	71.48
71.10	71.49
71.7	71.50
71.13	71.51
71.7	71.52
71.9	71.53
71.13	71.54
71.13	71.55
71.11	71.56
71.8	71.57
71.14	71.58
71.7	71.59
71.4	71.60
71.13	71.61
71.13	71.62
71.11	71.63
71.13	71.64
72.16	72.1
72.7	72.2
72.16	72.3
72.17	72.4
72.9	72.5
72.9	72.6
72.16	72.7
72.16	72.8
72.9	72.9
72.9	72.10
72.9	72.11
72.2	72.12
72.9	72.13
72.13	72.14
72.9	72.15
72.9	72.16
72.18	72.17
72.6	72.18
72.18	72.19
72.9	72.20
72.9	72.21
72.9	72.22
72.9	72.23
72.9	72.24
72.9	72.25
72.9	72.26
72.18	72.27
72.12	72.28
72.14	72.29
72.8	72.30
72.16	72.31
72.9	72.32
72.14	72.33
72.9	72.34
72.9	72.35
72.16	72.36
72.18	72.37
72.15	72.38
72.9	72.39
72.9	72.40
72.13	72.41
72.9	72.42
72.9	72.43
72.1	72.44
72.1	72.45
72.9	72.46
72.9	72.47
72.12	72.48
72.13	72.49
72.3	72.50
72.16	72.51
72.18	72.52
72.10	72.53
72.9	72.54
72.9	72.55
72.11	72.56
72.18	72.57
72.16	72.58
72.18	72.59
72.4	72.60
72.16	72.61
72.9	72.62
72.5	72.63
72.15	72.64
73.1	73.1
73.1	73.2
73.9	73.3
73.1	73.4
73.2	73.5
73.1	73.6
73.1	73.7
73.1	73.8
73.1	73.9
73.1	73.10
73.1	73.11
73.1	73.12
73.1	73.13
73.1	73.14
73.1	73.15
73.1	73.16
73.1	73.17
73.1	73.18
73.1	73.19
73.11	73.20
73.7	73.21
73.1	73.22
73.1	73.23
73.11	73.24
73.7	73.25
73.1	73.26
73.1	73.27
73.3	73.28
73.8	73.29
73.1	73.30
73.7	73.31
73.7	73.32
73.7	73.33
73.1	73.34
73.5	73.35
73.7	73.36
73.1	73.37
73.1	73.38
73.5	73.39
73.1	73.40
73.1	73.41
73.1	73.42
73.1	73.43
73.7	73.44
73.1	73.45
73.1	73.46
73.1	73.47
73.11	73.48
73.1	73.49
73.1	73.50
73.1	73.51
73.1	73.52
73.1	73.53
73.6	73.54
73.11	73.55
73.4	73.56
73.1	73.57
73.1	73.58
73.7	73.59
73.1	73.60
73.5	73.61
73.1	73.62
73.10	73.63
73.1	73.64
74.1	74.1
74.1	74.2
74.1	74.3
74.1	74.4
74.1	74.5
74.1	74.6
74.1	74.7
74.10	74.8
74.1	74.9
74.1	74.10
74.1	74.11
74.1	74.12
74.1	74.13
74.1	74.14
74.1	74.15
74.12	74.16
74.1	74.17
74.1	74.18
74.1	74.19
74.1	74.20
74.1	74.21
74.14	74.22
74.1	74.23
74.1	74.24
74.1	74.25
74.14	74.26
74.13	74.27
74.1	74.28
74.1	74.29
74.1	74.30
74.1	74.31
74.12	74.32
74.1	74.33
74.1	74.34
74.12	74.35
74.1	74.36
74.10	74.37
74.12	74.38
74.1	74.39
74.1	74.40
74.6	74.41
74.1	74.42
74.1	74.43
74.1	74.44
74.1	74.45
74.6	74.46
74.12	74.47
74.12	74.48
74.5	74.49
74.3	74.50
74.7	74.51
74.12	74.52
74.1	74.53
74.1	74.54
74.8	74.55
74.11	74.56
74.1	74.57
74.1	74.58
74.12	74.59
74.2	74.60
74.1	74.61
74.9	74.62
74.12	74.63
74.4	74.64
75.14	75.1
75.14	75.2
75.14	75.3
75.14	75.4
75.14	75.5
75.3	75.6
75.11	75.7
75.14	75.8
75.14	75.9
75.14	75.10
75.14	75.11
75.3	75.12
75.3	75.13
75.14	75.14
75.3	75.15
75.17	75.16
75.12	75.17
75.14	75.18
75.14	75.19
75.2	75.20
75.15	75.21
75.14	75.22
75.14	75.23
75.1	75.24
75.6	75.25
75.16	75.26
75.15	75.27
75.3	75.28
75.8	75.29
75.11	75.30
75.14	75.31
75.3	75.32
75.3	75.33
75.14	75.34
75.14	75.35
75.3	75.36
75.14	75.37
75.14	75.38
75.9	75.39
75.14	75.40
75.14	75.41
75.14	75.42
75.14	75.43
75.10	75.44
75.7	75.45
75.4	75.46
75.10	75.47
75.14	75.48
75.14	75.49
75.15	75.50
75.11	75.51
75.12	75.52
75.14	75.53
75.14	75.54
75.14	75.55
75.10	75.56
75.5	75.57
75.14	75.58
75.16	75.59
75.16	75.60
75.13	75.61
75.17	75.62
75.10	75.63
75.14	75.64
76.1	76.1
76.1	76.2
76.9	76.3
76.1	76.4
76.1	76.5
76.1	76.6
76.1	76.7
76.1	76.8
76.1	76.9
76.7	76.10
76.1	76.11
76.1	76.12
76.1	76.13
76.1	76.14
76.1	76.15
76.9	76.16
76.5	76.17
76.1	76.18
76.1	76.19
76.1	76.20
76.4	76.21
76.9	76.22
76.1	76.23
76.9	76.24
76.1	76.25
76.1	76.26
76.1	76.27
76.1	76.28
76.1	76.29
76.9	76.30
76.1	76.31
76.9	76.32
76.1	76.33
76.1	76.34
76.1	76.35
76.6	76.36
76.1	76.37
76.1	76.38
76.1	76.39
76.1	76.40
76.6	76.41
76.1	76.42
76.1	76.43
76.7	76.44
76.1	76.45
76.9	76.46
76.1	76.47
76.9	76.48
76.9	76.49
76.5	76.50
76.1	76.51
76.6	76.52
76.1	76.53
76.8	76.54
76.2	76.55
76.1	76.56
76.1	76.57
76.1	76.58
76.1	76.59
76.1	76.60
76.1	76.61
76.3	76.62
76.8	76.63
76.1	76.64
77.4	77.1
77.16	77.2
77.4	77.3
77.13	77.4
77.4	77.5
77.4	77.6
77.4	77.7
77.15	77.8
77.4	77.9
77.1	77.10
77.13	77.11
77.15	77.12
77.4	77.13
77.4	77.14
77.4	77.15
77.13	77.16
77.5	77.17
77.13	77.18
77.4	77.19
77.12	77.20
77.13	77.21
77.4	77.22
77.14	77.23
77.4	77.24
77.4	77.25
77.14	77.26
77.16	77.27
77.13	77.28
77.6	77.29
77.15	77.30
77.4	77.31
77.4	77.32
77.15	77.33
77.7	77.34
77.11	77.35
77.4	77.36
77.4	77.37
77.14	77.38
77.9	77.39
77.9	77.40
77.1	77.41
77.4	77.42
77.4	77.43
77.4	77.44
77.3	77.45
77.11	77.46
77.16	77.47
77.8	77.48
77.4	77.49
77.4	77.50
77.13	77.51
77.1	77.52
77.10	77.53
77.2	77.54
77.13	77.55
77.4	77.56
77.16	77.57
77.4	77.58
77.13	77.59
77.13	77.60
77.13	77.61
77.4	77.62
77.4	77.63
77.13	77.64
78.16	78.1
78.16	78.2
78.18	78.3
78.1	78.4
78.18	78.5
78.12	78.6
78.18	78.7
78.2	78.8
78.1	78.9
78.18	78.10
78.18	78.11
78.16	78.12
78.7	78.13
78.1	78.14
78.1	78.15
78.18	78.16
78.18	78.17
78.17	78.18
78.18	78.19
78.11	78.20
78.8	78.21
78.16	78.22
78.16	78.23
78.18	78.24
78.16	78.25
78.8	78.26
78.18	78.27
78.18	78.28
78.1	78.29
78.1	78.30
78.18	78.31
78.18	78.32
78.16	78.33
78.18	78.34
78.18	78.35
78.18	78.36
78.4	78.37
78.1	78.38
78.18	78.39
78.13	78.40
78.16	78.41
78.18	78.42
78.9	78.43
78.18	78.44
78.18	78.45
78.18	78.46
78.3	78.47
78.18	78.48
78.18	78.49
78.10	78.50
78.5	78.51
78.18	78.52
78.12	78.53
78.16	78.54
78.1	78.55
78.6	78.56
78.18	78.57
78.18	78.58
78.1	78.59
78.14	78.60
78.18	78.61
78.15	78.62
78.1	78.63
78.18	78.64
79.7	79.1
79.9	79.2
79.7	79.3
79.7	79.4
79.7	79.5
79.7	79.6
79.7	79.7
79.7	79.8
79.7	79.9
79.7	79.10
79.7	79.11
79.7	79.12
79.7	79.13
79.3	79.14
79.7	79.15
79.7	79.16
79.7	79.17
79.7	79.18
79.7	79.19
79.7	79.20
79.9	79.21
79.7	79.22
79.7	79.23
79.7	79.24
79.7	79.25
79.9	79.26
79.7	79.27
79.9	79.28
79.7	79.29
79.7	79.30
79.7	79.31
79.7	79.32
79.1	79.33
79.1	79.34
79.9	79.35
79.4	79.36
79.7	79.37
79.2	79.38
79.9	79.39
79.7	79.40
79.7	79.41
79.1	79.42
79.9	79.43
79.10	79.44
79.8	79.45
79.7	79.46
79.7	79.47
79.7	79.48
79.6	79.49
79.5	79.50
79.7	79.51
79.7	79.52
79.7	79.53
79.7	79.54
79.7	79.55
79.7	79.56
79.1	79.57
79.8	79.58
79.7	79.59
79.7	79.60
79.7	79.61
79.7	79.62
79.7	79.63
79.9	79.64
80.10	80.1
80.10	80.2
80.10	80.3
80.10	80.4
80.10	80.5
80.1	80.6
80.10	80.7
80.2	80.8
80.10	80.9
80.10	80.10
80.9	80.11
80.10	80.12
80.10	80.13
80.1	80.14
80.7	80.15
80.10	80.16
80.10	80.17
80.9	80.18
80.10	80.19
80.10	80.20
80.10	80.21
80.10	80.22
80.10	80.23
80.8	80.24
80.10	80.25
80.1	80.26
80.10	80.27
80.1	80.28
80.1	80.29
80.10	80.30
80.9	80.31
80.10	80.32
80.10	80.33
80.1	80.34
80.10	80.35
80.10	80.36
80.10	80.37
80.1	80.38
80.10	80.39
80.10	80.40
80.1	80.41
80.10	80.42
80.10	80.43
80.4	80.44
80.1	80.45
80.10	80.46
80.8	80.47
80.10	80.48
80.1	80.49
80.6	80.50
80.10	80.51
80.10	80.52
80.1	80.53
80.5	80.54
80.10	80.55
80.10	80.56
80.10	80.57
80.10	80.58
80.9	80.59
80.10	80.60
80.1	80.61
80.3	80.62
80.10	80.63
80.10	80.64
81.9	81.1
81.1	81.2
81.1	81.3
81.8	81.4
81.1	81.5
81.6	81.6
81.1	81.7
81.1	81.8
81.1	81.9
81.1	81.10
81.9	81.11
81.1	81.12
81.9	81.13
81.1	81.14
81.9	81.15
81.9	81.16
81.8	81.17
81.1	81.18
81.3	81.19
81.8	81.20
81.8	81.21
81.9	81.22
81.1	81.23
81.1	81.24
81.8	81.25
81.9	81.26
81.5	81.27
81.5	81.28
81.9	81.29
81.5	81.30
81.1	81.31
81.9	81.32
81.8	81.33
81.10	81.34
81.9	81.35
81.8	81.36
81.9	81.37
81.9	81.38
81.11	81.39
81.3	81.40
81.3	81.41
81.1	81.42
81.9	81.43
81.1	81.44
81.1	81.45
81.8	81.46
81.10	81.47
81.1	81.48
81.9	81.49
81.9	81.50
81.10	81.51
81.1	81.52
81.7	81.53
81.9	81.54
81.9	81.55
81.9	81.56
81.9	81.57
81.9	81.58
81.10	81.59
81.1	81.60
81.6	81.61
81.2	81.62
81.1	81.63
81.4	81.64
82.11	82.1
82.11	82.2
82.15	82.3
82.11	82.4
82.12	82.5
82.6	82.6
82.13	82.7
82.11	82.8
82.13	82.9
82.9	82.10
82.13	82.11
82.13	82.12
82.13	82.13
82.11	82.14
82.13	82.15
82.13	82.16
82.1	82.17
82.14	82.18
82.1	82.19
82.11	82.20
82.8	82.21
82.13	82.22
82.2	82.23
82.4	82.24
82.13	82.25
82.10	82.26
82.11	82.27
82.13	82.28
82.14	82.29
82.13	82.30
82.11	82.31
82.11	82.32
82.11	82.33
82.14	82.34
82.11	82.35
82.13	82.36
82.15	82.37
82.11	82.38
82.13	82.39
82.13	82.40
82.11	82.41
82.11	82.42
82.11	82.43
82.13	82.44
82.13	82.45
82.15	82.46
82.15	82.47
82.13	82.48
82.13	82.49
82.9	82.50
82.13	82.51
82.15	82.52
82.11	82.53
82.13	82.54
82.15	82.55
82.7	82.56
82.5	82.57
82.1	82.58
82.1	82.59
82.13	82.60
82.15	82.61
82.3	82.62
82.11	82.63
82.11	82.64
83.17	83.1
83.3	83.2
83.17	83.3
83.17	83.4
83.10	83.5
83.16	83.6
83.8	83.7
83.12	83.8
83.17	83.9
83.15	83.10
83.5	83.11
83.3	83.12
83.17	83.13
83.9	83.14
83.16	83.15
83.17	83.16
83.16	83.17
83.17	83.18
83.3	83.19
83.17	83.20
83.18	83.21
83.7	83.22
83.17	83.23
83.16	83.24
83.7	83.25
83.17	83.26
83.17	83.27
83.16	83.28
83.1	83.29
83.17	83.30
83.3	83.31
83.2	83.32
83.16	83.33
83.13	83.34
83.17	83.35
83.16	83.36
83.17	83.37
83.3	83.38
83.4	83.39
83.14	83.40
83.16	83.41
83.17	83.42
83.11	83.43
83.17	83.44
83.17	83.45
83.19	83.46
83.17	83.47
83.17	83.48
83.17	83.49
83.3	83.50
83.3	83.51
83.3	83.52
83.19	83.53
83.18	83.54
83.17	83.55
83.3	83.56
83.8	83.57
83.3	83.58
83.3	83.59
83.17	83.60
83.17	83.61
83.17	83.62
83.17	83.63
83.6	83.64
84.9	84.1
84.13	84.2
84.9	84.3
84.1	84.4
84.13	84.5
84.1	84.6
84.14	84.7
84.14	84.8
84.11	84.9
84.8	84.10
84.13	84.11
84.7	84.12
84.13	84.13
84.15	84.14
84.13	84.15
84.12	84.16
84.13	84.17
84.3	84.18
84.1	84.19
84.9	84.20
84.1	84.21
84.15	84.22
84.12	84.23
84.12	84.24
84.1	84.25
84.13	84.26
84.1	84.27
84.13	84.28
84.1	84.29
84.13	84.30
84.13	84.31
84.14	84.32
84.14	84.33
84.1	84.34
84.1	84.35
84.15	84.36
84.1	84.37
84.9	84.38
84.12	84.39
84.1	84.40
84.9	84.41
84.14	84.42
84.4	84.43
84.15	84.44
84.5	84.45
84.1	84.46
84.1	84.47
84.1	84.48
84.1	84.49
84.14	84.50
84.6	84.51
84.1	84.52
84.1	84.53
84.2	84.54
84.1	84.55
84.13	84.56
84.13	84.57
84.13	84.58
84.1	84.59
84.14	84.60
84.1	84.61
84.1	84.62
84.10	84.63
84.1	84.64
85.1	85.1
85.1	85.2
85.1	85.3
85.9	85.4
85.10	85.5
85.1	85.6
85.1	85.7
85.9	85.8
85.1	85.9
85.10	85.10
85.1	85.11
85.2	85.12
85.3	85.13
85.6	85.14
85.9	85.15
85.1	85.16
85.1	85.17
85.1	85.18
85.8	85.19
85.1	85.20
85.1	85.21
85.9	85.22
85.10	85.23
85.9	85.24
85.8	85.25
85.1	85.26
85.1	85.27
85.1	85.28
85.4	85.29
85.1	85.30
85.9	85.31
85.1	85.32
85.10	85.33
85.1	85.34
85.10	85.35
85.10	85.36
85.1	85.37
85.9	85.38
85.10	85.39
85.8	85.40
85.1	85.41
85.6	85.42
85.10	85.43
85.1	85.44
85.9	85.45
85.1	85.46
85.10	85.47
85.1	85.48
85.10	85.49
85.10	85.50
85.1	85.51
85.1	85.52
85.1	85.53
85.1	85.54
85.1	85.55
85.1	85.56
85.1	85.57
85.5	85.58
85.9	85.59
85.1	85.60
85.1	85.61
85.10	85.62
85.7	85.63
85.10	85.64
86.4	86.1
86.1	86.2
86.1	86.3
86.1	86.4
86.1	86.5
86.1	86.6
86.1	86.7
86.1	86.8
86.6	86.9
86.7	86.10
86.5	86.11
86.6	86.12
86.1	86.13
86.1	86.14
86.3	86.15
86.6	86.16
86.1	86.17
86.1	86.18
86.1	86.19
86.1	86.20
86.1	86.21
86.1	86.22
86.6	86.23
86.1	86.24
86.1	86.25
86.1	86.26
86.7	86.27
86.6	86.28
86.1	86.29
86.8	86.30
86.6	86.31
86.1	86.32
86.1	86.33
86.1	86.34
86.2	86.35
86.6	86.36
86.1	86.37
86.1	86.38
86.1	86.39
86.6	86.40
86.1	86.41
86.6	86.42
86.8	86.43
86.6	86.44
86.1	86.45
86.1	86.46
86.6	86.47
86.5	86.48
86.6	86.49
86.3	86.50
86.1	86.51
86.1	86.52
86.6	86.53
86.6	86.54
86.6	86.55
86.1	86.56
86.7	86.57
86.6	86.58
86.6	86.59
86.6	86.60
86.7	86.61
86.1	86.62
86.1	86.63
86.1	86.64
87.1	87.1
87.1	87.2
87.1	87.3
87.1	87.4
87.7	87.5
87.1	87.6
87.1	87.7
87.1	87.8
87.1	87.9
87.1	87.10
87.1	87.11
87.1	87.12
87.1	87.13
87.7	87.14
87.1	87.15
87.1	87.16
87.1	87.17
87.1	87.18
87.1	87.19
87.1	87.20
87.1	87.21
87.1	87.22
87.1	87.23
87.1	87.24
87.7	87.25
87.4	87.26
87.1	87.27
87.1	87.28
87.3	87.29
87.1	87.30
87.1	87.31
87.1	87.32
87.1	87.33
87.1	87.34
87.2	87.35
87.1	87.36
87.1	87.37
87.1	87.38
87.1	87.39
87.1	87.40
87.1	87.41
87.1	87.42
87.7	87.43
87.6	87.44
87.1	87.45
87.7	87.46
87.6	87.47
87.1	87.48
87.7	87.49
87.6	87.50
87.6	87.51
87.7	87.52
87.1	87.53
87.1	87.54
87.1	87.55
87.1	87.56
87.1	87.57
87.7	87.58
87.1	87.59
87.1	87.60
87.7	87.61
87.5	87.62
87.1	87.63
87.1	87.64
88.13	88.1
88.13	88.2
88.1	88.3
88.1	88.4
88.13	88.5
88.13	88.6
88.13	88.7
88.1	88.8
88.13	88.9
88.7	88.10
88.1	88.11
88.8	88.12
88.8	88.13
88.7	88.14
88.1	88.15
88.1	88.16
88.1	88.17
88.13	88.18
88.7	88.19
88.10	88.20
88.1	88.21
88.11	88.22
88.1	88.23
88.1	88.24
88.1	88.25
88.1	88.26
88.13	88.27
88.8	88.28
88.5	88.29
88.1	88.30
88.6	88.31
88.4	88.32
88.1	88.33
88.1	88.34
88.12	88.35
88.1	88.36
88.13	88.37
88.1	88.38
88.8	88.39
88.1	88.40
88.1	88.41
88.13	88.42
88.12	88.43
88.3	88.44
88.1	88.45
88.1	88.46
88.13	88.47
88.2	88.48
88.1	88.49
88.1	88.50
88.8	88.51
88.1	88.52
88.1	88.53
88.1	88.54
88.13	88.55
88.13	88.56
88.13	88.57
88.1	88.58
88.13	88.59
88.9	88.60
88.13	88.61
88.1	88.62
88.13	88.63
88.13	88.64
89.1	89.1
89.1	89.2
89.1	89.3
89.1	89.4
89.1	89.5
89.1	89.6
89.1	89.7
89.1	89.8
89.4	89.9
89.4	89.10
89.1	89.11
89.1	89.12
89.1	89.13
89.1	89.14
89.1	89.15
89.1	89.16
89.1	89.17
89.1	89.18
89.1	89.19
89.1	89.20
89.4	89.21
89.1	89.22
89.2	89.23
89.1	89.24
89.1	89.25
89.1	89.26
89.4	89.27
89.1	89.28
89.1	89.29
89.1	89.30
89.4	89.31
89.1	89.32
89.1	89.33
89.3	89.34
89.1	89.35
89.1	89.36
89.4	89.37
89.1	89.38
89.1	89.39
89.1	89.40
89.1	89.41
89.1	89.42
89.4	89.43
89.1	89.44
89.4	89.45
89.1	89.46
89.1	89.47
89.1	89.48
89.1	89.49
89.1	89.50
89.4	89.51
89.1	89.52
89.1	89.53
89.1	89.54
89.1	89.55
89.1	89.56
89.1	89.57
89.4	89.58
89.4	89.59
89.1	89.60
89.1	89.61
89.4	89.62
89.1	89.63
89.1	89.64
90.1	90.1
90.1	90.2
90.1	90.3
90.1	90.4
90.1	90.5
90.13	90.6
90.1	90.7
90.13	90.8
90.13	90.9
90.1	90.10
90.1	90.11
90.1	90.12
90.1	90.13
90.9	90.14
90.1	90.15
90.1	90.16
90.1	90.17
90.13	90.18
90.1	90.19
90.1	90.20
90.1	90.21
90.1	90.22
90.13	90.23
90.1	90.24
90.4	90.25
90.6	90.26
90.1	90.27
90.9	90.28
90.13	90.29
90.1	90.30
90.1	90.31
90.1	90.32
90.10	90.33
90.3	90.34
90.1	90.35
90.1	90.36
90.13	90.37
90.11	90.38
90.1	90.39
90.1	90.40
90.1	90.41
90.10	90.42
90.7	90.43
90.12	90.44
90.13	90.45
90.1	90.46
90.1	90.47
90.1	90.48
90.9	90.49
90.5	90.50
90.1	90.51
90.1	90.52
90.10	90.53
90.1	90.54
90.1	90.55
90.8	90.56
90.13	90.57
90.1	90.58
90.1	90.59
90.10	90.60
90.7	90.61
90.1	90.62
90.1	90.63
90.2	90.64
91.6	91.1
91.9	91.2
91.6	91.3
91.1	91.4
91.9	91.5
91.9	91.6
91.9	91.7
91.9	91.8
91.9	91.9
91.9	91.10
91.9	91.11
91.6	91.12
91.1	91.13
91.6	91.14
91.9	91.15
91.9	91.16
91.6	91.17
91.9	91.18
91.1	91.19
91.9	91.20
91.5	91.21
91.9	91.22
91.8	91.23
91.9	91.24
91.9	91.25
91.9	91.26
91.9	91.27
91.6	91.28
91.5	91.29
91.6	91.30
91.6	91.31
91.6	91.32
91.9	91.33
91.9	91.34
91.9	91.35
91.6	91.36
91.9	91.37
91.9	91.38
91.3	91.39
91.9	91.40
91.9	91.41
91.2	91.42
91.9	91.43
91.6	91.44
91.9	91.45
91.7	91.46
91.6	91.47
91.6	91.48
91.9	91.49
91.7	91.50
91.9	91.51
91.9	91.52
91.1	91.53
91.7	91.54
91.6	91.55
91.6	91.56
91.4	91.57
91.9	91.58
91.9	91.59
91.8	91.60
91.6	91.61
91.9	91.62
91.9	91.63
91.9	91.64
92.1	92.1
92.1	92.2
92.5	92.3
92.1	92.4
92.1	92.5
92.1	92.6
92.5	92.7
92.1	92.8
92.5	92.9
92.5	92.10
92.1	92.11
92.1	92.12
92.1	92.13
92.4	92.14
92.1	92.15
92.1	92.16
92.1	92.17
92.1	92.18
92.1	92.19
92.1	92.20
92.1	92.21
92.1	92.22
92.3	92.23
92.1	92.24
92.5	92.25
92.1	92.26
92.1	92.27
92.5	92.28
92.1	92.29
92.1	92.30
92.5	92.31
92.1	92.32
92.1	92.33
92.5	92.34
92.1	92.35
92.4	92.36
92.1	92.37
92.5	92.38
92.5	92.39
92.1	92.40
92.1	92.41
92.1	92.42
92.1	92.43
92.5	92.44
92.1	92.45
92.1	92.46
92.1	92.47
92.1	92.48
92.1	92.49
92.1	92.50
92.2	92.51
92.1	92.52
92.1	92.53
92.5	92.54
92.1	92.55
92.1	92.56
92.5	92.57
92.1	92.58
92.1	92.59
92.1	92.60
92.1	92.61
92.1	92.62
92.1	92.63
92.1	92.64
93.13	93.1
93.13	93.2
93.13	93.3
93.11	93.4
93.13	93.5
93.11	93.6
93.13	93.7
93.13	93.8
93.13	93.9
93.13	93.10
93.13	93.11
93.13	93.12
93.14	93.13
93.4	93.14
93.13	93.15
93.9	93.16
93.11	93.17
93.13	93.18
93.13	93.19
93.13	93.20
93.13	93.21
93.13	93.22
93.13	93.23
93.13	93.24
93.2	93.25
93.13	93.26
93.13	93.27
93.13	93.28
93.13	93.29
93.13	93.30
93.11	93.31
93.13	93.32
93.6	93.33
93.13	93.34
93.14	93.35
93.13	93.36
93.5	93.37
93.13	93.38
93.11	93.39
93.13	93.40
93.1	93.41
93.1	93.42
93.11	93.43
93.9	93.44
93.7	93.45
93.13	93.46
93.12	93.47
93.13	93.48
93.11	93.49
93.8	93.50
93.9	93.51
93.14	93.52
93.13	93.53
93.11	93.54
93.7	93.55
93.1	93.56
93.13	93.57
93.10	93.58
93.3	93.59
93.13	93.60
93.13	93.61
93.13	93.62
93.5	93.63
93.11	93.64
94.13	94.1
94.9	94.2
94.11	94.3
94.9	94.4
94.9	94.5
94.9	94.6
94.9	94.7
94.5	94.8
94.9	94.9
94.9	94.10
94.9	94.11
94.1	94.12
94.9	94.13
94.11	94.14
94.9	94.15
94.6	94.16
94.9	94.17
94.1	94.18
94.1	94.19
94.10	94.20
94.9	94.21
94.1	94.22
94.1	94.23
94.1	94.24
94.9	94.25
94.9	94.26
94.9	94.27
94.10	94.28
94.1	94.29
94.9	94.30
94.13	94.31
94.3	94.32
94.9	94.33
94.9	94.34
94.9	94.35
94.4	94.36
94.9	94.37
94.12	94.38
94.9	94.39
94.9	94.40
94.8	94.41
94.8	94.42
94.2	94.43
94.9	94.44
94.11	94.45
94.9	94.46
94.9	94.47
94.9	94.48
94.1	94.49
94.9	94.50
94.9	94.51
94.1	94.52
94.7	94.53
94.9	94.54
94.9	94.55
94.9	94.56
94.9	94.57
94.9	94.58
94.9	94.59
94.13	94.60
94.1	94.61
94.1	94.62
94.9	94.63
94.13	94.64
95.4	95.1
95.11	95.2
95.13	95.3
95.6	95.4
95.11	95.5
95.2	95.6
95.13	95.7
95.7	95.8
95.3	95.9
95.13	95.10
95.13	95.11
95.4	95.12
95.1	95.13
95.13	95.14
95.1	95.15
95.10	95.16
95.13	95.17
95.4	95.18
95.4	95.19
95.13	95.20
95.4	95.21
95.4	95.22
95.4	95.23
95.4	95.24
95.4	95.25
95.9	95.26
95.13	95.27
95.4	95.28
95.4	95.29
95.13	95.30
95.4	95.31
95.4	95.32
95.4	95.33
95.4	95.34
95.4	95.35
95.1	95.36
95.4	95.37
95.8	95.38
95.7	95.39
95.12	95.40
95.11	95.41
95.4	95.42
95.4	95.43
95.4	95.44
95.13	95.45
95.4	95.46
95.4	95.47
95.8	95.48
95.13	95.49
95.4	95.50
95.13	95.51
95.4	95.52
95.4	95.53
95.4	95.54
95.10	95.55
95.6	95.56
95.4	95.57
95.8	95.58
95.13	95.59
95.4	95.60
95.4	95.61
95.13	95.62
95.5	95.63
95.13	95.64
96.1	96.1
96.8	96.2
96.15	96.3
96.15	96.4
96.1	96.5
96.1	96.6
96.1	96.7
96.15	96.8
96.13	96.9
96.1	96.10
96.13	96.11
96.1	96.12
96.4	96.13
96.1	96.14
96.2	96.15
96.1	96.16
96.1	96.17
96.1	96.18
96.1	96.19
96.15	96.20
96.10	96.21
96.13	96.22
96.1	96.23
96.1	96.24
96.1	96.25
96.1	96.26
96.10	96.27
96.11	96.28
96.15	96.29
96.1	96.30
96.1	96.31
96.13	96.32
96.15	96.33
96.1	96.34
96.1	96.35
96.1	96.36
96.5	96.37
96.1	96.38
96.13	96.39
96.9	96.40
96.15	96.41
96.12	96.42
96.1	96.43
96.1	96.44
96.1	96.45
96.1	96.46
96.1	96.47
96.1	96.48
96.1	96.49
96.1	96.50
96.11	96.51
96.1	96.52
96.7	96.53
96.4	96.54
96.15	96.55
96.1	96.56
96.1	96.57
96.3	96.58
96.13	96.59
96.6	96.60
96.1	96.61
96.1	96.62
96.14	96.63
96.14	96.64
97.12	97.1
97.12	97.2
97.10	97.3
97.12	97.4
97.1	97.5
97.4	97.6
97.5	97.7
97.1	97.8
97.1	97.9
97.1	97.10
97.1	97.11
97.12	97.12
97.12	97.13
97.12	97.14
97.1	97.15
97.1	97.16
97.1	97.17
97.1	97.18
97.3	97.19
97.1	97.20
97.1	97.21
97.1	97.22
97.1	97.23
97.1	97.24
97.6	97.25
97.6	97.26
97.1	97.27
97.9	97.28
97.1	97.29
97.4	97.30
97.10	97.31
97.1	97.32
97.1	97.33
97.1	97.34
97.9	97.35
97.12	97.36
97.1	97.37
97.1	97.38
97.1	97.39
97.1	97.40
97.2	97.41
97.1	97.42
97.11	97.43
97.1	97.44
97.1	97.45
97.7	97.46
97.7	97.47
97.9	97.48
97.10	97.49
97.1	97.50
97.7	97.51
97.1	97.52
97.12	97.53
97.1	97.54
97.10	97.55
97.12	97.56
97.12	97.57
97.8	97.58
97.10	97.59
97.1	97.60
97.1	97.61
97.12	97.62
97.12	97.63
97.1	97.64
98.15	98.1
98.15	98.2
98.6	98.3
98.15	98.4
98.15	98.5
98.6	98.6
98.11	98.7
98.6	98.8
98.13	98.9
98.6	98.10
98.15	98.11
98.16	98.12
98.6	98.13
98.16	98.14
98.9	98.15
98.15	98.16
98.14	98.17
98.15	98.18
98.15	98.19
98.10	98.20
98.18	98.21
98.15	98.22
98.6	98.23
98.19	98.24
98.6	98.25
98.15	98.26
98.19	98.27
98.10	98.28
98.14	98.29
98.19	98.30
98.1	98.31
98.1	98.32
98.15	98.33
98.15	98.34
98.15	98.35
98.15	98.36
98.8	98.37
98.19	98.38
98.7	98.39
98.14	98.40
98.1	98.41
98.4	98.42
98.6	98.43
98.17	98.44
98.18	98.45
98.15	98.46
98.6	98.47
98.14	98.48
98.12	98.49
98.12	98.50
98.6	98.51
98.19	98.52
98.19	98.53
98.2	98.54
98.15	98.55
98.14	98.56
98.15	98.57
98.3	98.58
98.6	98.59
98.18	98.60
98.5	98.61
98.6	98.62
98.19	98.63
98.6	98.64
99.12	99.1
99.7	99.2
99.10	99.3
99.9	99.4
99.12	99.5
99.7	99.6
99.12	99.7
99.12	99.8
99.12	99.9
99.7	99.10
99.12	99.11
99.7	99.12
99.6	99.13
99.7	99.14
99.11	99.15
99.7	99.16
99.5	99.17
99.7	99.18
99.7	99.19
99.7	99.20
99.3	99.21
99.3	99.22
99.3	99.23
99.2	99.24
99.12	99.25
99.8	99.26
99.9	99.27
99.3	99.28
99.7	99.29
99.3	99.30
99.7	99.31
99.3	99.32
99.7	99.33
99.12	99.34
99.4	99.35
99.7	99.36
99.9	99.37
99.10	99.38
99.12	99.39
99.7	99.40
99.7	99.41
99.12	99.42
99.7	99.43
99.10	99.44
99.7	99.45
99.1	99.46
99.3	99.47
99.10	99.48
99.7	99.49
99.7	99.50
99.12	99.51
99.3	99.52
99.7	99.53
99.7	99.54
99.7	99.55
99.3	99.56
99.7	99.57
99.11	99.58
99.7	99.59
99.12	99.60
99.12	99.61
99.7	99.62
99.11	99.63
99.12	99.64
100.7	100.1
100.1	100.2
100.1	100.3
100.6	100.4
100.12	100.5
100.1	100.6
100.1	100.7
100.1	100.8
100.1	100.9
100.9	100.10
100.16	100.11
100.15	100.12
100.1	100.13
100.1	100.14
100.1	100.15
100.16	100.16
100.10	100.17
100.13	100.18
100.1	100.19
100.14	100.20
100.1	100.21
100.1	100.22
100.8	100.23
100.15	100.24
100.1	100.25
100.15	100.26
100.12	100.27
100.15	100.28
100.1	100.29
100.16	100.30
100.5	100.31
100.16	100.32
100.1	100.33
100.11	100.34
100.11	100.35
100.1	100.36
100.1	100.37
100.1	100.38
100.1	100.39
100.16	100.40
100.1	100.41
100.16	100.42
100.16	100.43
100.1	100.44
100.1	100.45
100.10	100.46
100.1	100.47
100.15	100.48
100.1	100.49
100.16	100.50
100.10	100.51
100.16	100.52
100.3	100.53
100.9	100.54
100.2	100.55
100.14	100.56
100.11	100.57
100.16	100.58
100.4	100.59
100.7	100.60
100.12	100.61
100.16	100.62
100.1	100.63
100.16	100.64