subTopicID	resultID
1.4	1.1
1.4	1.2
1.4	1.3
1.4	1.4
1.1	1.5
1.4	1.6
1.4	1.7
1.4	1.8
1.4	1.9
1.4	1.10
1.4	1.11
1.4	1.12
1.4	1.13
1.4	1.14
1.4	1.15
1.6	1.16
1.4	1.17
1.4	1.18
1.1	1.19
1.6	1.20
1.4	1.21
1.1	1.22
1.4	1.23
1.4	1.24
1.4	1.25
1.4	1.26
1.4	1.27
1.4	1.28
1.4	1.29
1.6	1.30
1.4	1.31
1.4	1.32
1.4	1.33
1.4	1.34
1.4	1.35
1.4	1.36
1.1	1.37
1.6	1.38
1.3	1.39
1.4	1.40
1.4	1.41
1.4	1.42
1.4	1.43
1.4	1.44
1.4	1.45
1.4	1.46
1.4	1.47
1.1	1.48
1.3	1.49
1.3	1.50
1.1	1.51
1.4	1.52
1.4	1.53
1.1	1.54
1.5	1.55
1.4	1.56
1.4	1.57
1.4	1.58
1.1	1.59
1.4	1.60
1.2	1.61
1.4	1.62
1.4	1.63
1.4	1.64
2.1	2.1
2.1	2.2
2.7	2.3
2.1	2.4
2.6	2.5
2.7	2.6
2.1	2.7
2.1	2.8
2.1	2.9
2.1	2.10
2.1	2.11
2.8	2.12
2.1	2.13
2.1	2.14
2.1	2.15
2.1	2.16
2.7	2.17
2.1	2.18
2.1	2.19
2.1	2.20
2.6	2.21
2.4	2.22
2.3	2.23
2.1	2.24
2.1	2.25
2.1	2.26
2.7	2.27
2.6	2.28
2.7	2.29
2.1	2.30
2.1	2.31
2.7	2.32
2.1	2.33
2.7	2.34
2.7	2.35
2.6	2.36
2.7	2.37
2.6	2.38
2.7	2.39
2.2	2.40
2.7	2.41
2.5	2.42
2.1	2.43
2.7	2.44
2.1	2.45
2.5	2.46
2.7	2.47
2.8	2.48
2.7	2.49
2.7	2.50
2.1	2.51
2.7	2.52
2.6	2.53
2.1	2.54
2.1	2.55
2.7	2.56
2.7	2.57
2.6	2.58
2.7	2.59
2.6	2.60
2.7	2.61
2.7	2.62
2.6	2.63
2.7	2.64
3.1	3.1
3.1	3.2
3.1	3.3
3.1	3.4
3.1	3.5
3.1	3.6
3.1	3.7
3.1	3.8
3.1	3.9
3.1	3.10
3.1	3.11
3.1	3.12
3.1	3.13
3.1	3.14
3.1	3.15
3.1	3.16
3.1	3.17
3.1	3.18
3.1	3.19
3.1	3.20
3.1	3.21
3.1	3.22
3.1	3.23
3.1	3.24
3.1	3.25
3.1	3.26
3.1	3.27
3.1	3.28
3.1	3.29
3.1	3.30
3.1	3.31
3.1	3.32
3.1	3.33
3.1	3.34
3.1	3.35
3.1	3.36
3.1	3.37
3.1	3.38
3.3	3.39
3.1	3.40
3.1	3.41
3.1	3.42
3.1	3.43
3.1	3.44
3.1	3.45
3.1	3.46
3.1	3.47
3.1	3.48
3.1	3.49
3.1	3.50
3.2	3.51
3.1	3.52
3.1	3.53
3.1	3.54
3.1	3.55
3.1	3.56
3.1	3.57
3.4	3.58
3.1	3.59
3.1	3.60
3.1	3.61
3.1	3.62
3.1	3.63
3.1	3.64
4.1	4.1
4.4	4.2
4.1	4.3
4.1	4.4
4.1	4.5
4.4	4.6
4.1	4.7
4.1	4.8
4.1	4.9
4.4	4.10
4.1	4.11
4.1	4.12
4.1	4.13
4.1	4.14
4.1	4.15
4.1	4.16
4.1	4.17
4.1	4.18
4.1	4.19
4.1	4.20
4.1	4.21
4.1	4.22
4.3	4.23
4.1	4.24
4.1	4.25
4.1	4.26
4.4	4.27
4.1	4.28
4.1	4.29
4.1	4.30
4.4	4.31
4.1	4.32
4.1	4.33
4.1	4.34
4.1	4.35
4.1	4.36
4.1	4.37
4.1	4.38
4.1	4.39
4.1	4.40
4.1	4.41
4.1	4.42
4.1	4.43
4.4	4.44
4.1	4.45
4.2	4.46
4.1	4.47
4.1	4.48
4.4	4.49
4.1	4.50
4.1	4.51
4.1	4.52
4.1	4.53
4.1	4.54
4.4	4.55
4.1	4.56
4.4	4.57
4.1	4.58
4.4	4.59
4.1	4.60
4.1	4.61
4.1	4.62
4.1	4.63
4.4	4.64
5.1	5.1
5.1	5.2
5.1	5.3
5.1	5.4
5.5	5.5
5.1	5.6
5.8	5.7
5.1	5.8
5.1	5.9
5.1	5.10
5.1	5.11
5.8	5.12
5.1	5.13
5.8	5.14
5.8	5.15
5.1	5.16
5.8	5.17
5.1	5.18
5.6	5.19
5.1	5.20
5.1	5.21
5.1	5.22
5.8	5.23
5.8	5.24
5.7	5.25
5.6	5.26
5.1	5.27
5.8	5.28
5.1	5.29
5.1	5.30
5.1	5.31
5.8	5.32
5.4	5.33
5.1	5.34
5.1	5.35
5.8	5.36
5.1	5.37
5.2	5.38
5.1	5.39
5.1	5.40
5.1	5.41
5.1	5.42
5.1	5.43
5.3	5.44
5.1	5.45
5.1	5.46
5.6	5.47
5.8	5.48
5.1	5.49
5.8	5.50
5.1	5.51
5.1	5.52
5.8	5.53
5.5	5.54
5.8	5.55
5.1	5.56
5.1	5.57
5.1	5.58
5.1	5.59
5.8	5.60
5.1	5.61
5.1	5.62
5.8	5.63
5.1	5.64
6.5	6.1
6.8	6.2
6.6	6.3
6.9	6.4
6.3	6.5
6.1	6.6
6.6	6.7
6.6	6.8
6.5	6.9
6.5	6.10
6.6	6.11
6.8	6.12
6.8	6.13
6.6	6.14
6.8	6.15
6.6	6.16
6.6	6.17
6.8	6.18
6.5	6.19
6.2	6.20
6.7	6.21
6.1	6.22
6.1	6.23
6.1	6.24
6.6	6.25
6.6	6.26
6.6	6.27
6.6	6.28
6.6	6.29
6.6	6.30
6.4	6.31
6.6	6.32
6.5	6.33
6.6	6.34
6.5	6.35
6.6	6.36
6.9	6.37
6.5	6.38
6.5	6.39
6.6	6.40
6.8	6.41
6.6	6.42
6.8	6.43
6.8	6.44
6.8	6.45
6.8	6.46
6.6	6.47
6.5	6.48
6.6	6.49
6.6	6.50
6.6	6.51
6.5	6.52
6.8	6.53
6.6	6.54
6.9	6.55
6.6	6.56
6.5	6.57
6.5	6.58
6.5	6.59
6.5	6.60
6.5	6.61
6.6	6.62
6.5	6.63
6.8	6.64
7.1	7.1
7.1	7.2
7.1	7.3
7.6	7.4
7.10	7.5
7.9	7.6
7.1	7.7
7.6	7.8
7.10	7.9
7.9	7.10
7.9	7.11
7.1	7.12
7.9	7.13
7.9	7.14
7.1	7.15
7.1	7.16
7.1	7.17
7.1	7.18
7.9	7.19
7.1	7.20
7.9	7.21
7.10	7.22
7.6	7.23
7.1	7.24
7.1	7.25
7.1	7.26
7.8	7.27
7.6	7.28
7.9	7.29
7.1	7.30
7.9	7.31
7.5	7.32
7.10	7.33
7.3	7.34
7.1	7.35
7.2	7.36
7.9	7.37
7.9	7.38
7.10	7.39
7.9	7.40
7.8	7.41
7.10	7.42
7.1	7.43
7.1	7.44
7.9	7.45
7.10	7.46
7.9	7.47
7.9	7.48
7.3	7.49
7.1	7.50
7.3	7.51
7.1	7.52
7.6	7.53
7.8	7.54
7.1	7.55
7.9	7.56
7.1	7.57
7.6	7.58
7.7	7.59
7.4	7.60
7.3	7.61
7.10	7.62
7.5	7.63
7.9	7.64
8.1	8.1
8.1	8.2
8.8	8.3
8.6	8.4
8.3	8.5
8.3	8.6
8.6	8.7
8.3	8.8
8.3	8.9
8.6	8.10
8.3	8.11
8.6	8.12
8.3	8.13
8.3	8.14
8.5	8.15
8.3	8.16
8.4	8.17
8.6	8.18
8.3	8.19
8.3	8.20
8.2	8.21
8.3	8.22
8.3	8.23
8.3	8.24
8.8	8.25
8.8	8.26
8.7	8.27
8.6	8.28
8.6	8.29
8.8	8.30
8.6	8.31
8.6	8.32
8.3	8.33
8.8	8.34
8.3	8.35
8.8	8.36
8.8	8.37
8.8	8.38
8.5	8.39
8.6	8.40
8.8	8.41
8.8	8.42
8.6	8.43
8.3	8.44
8.6	8.45
8.3	8.46
8.3	8.47
8.5	8.48
8.8	8.49
8.8	8.50
8.8	8.51
8.6	8.52
8.8	8.53
8.8	8.54
8.8	8.55
8.3	8.56
8.3	8.57
8.6	8.58
8.6	8.59
8.5	8.60
8.6	8.61
8.5	8.62
8.3	8.63
8.3	8.64
9.1	9.1
9.6	9.2
9.6	9.3
9.6	9.4
9.1	9.5
9.6	9.6
9.6	9.7
9.1	9.8
9.6	9.9
9.6	9.10
9.6	9.11
9.6	9.12
9.1	9.13
9.1	9.14
9.1	9.15
9.6	9.16
9.3	9.17
9.6	9.18
9.6	9.19
9.6	9.20
9.6	9.21
9.6	9.22
9.1	9.23
9.6	9.24
9.1	9.25
9.2	9.26
9.1	9.27
9.1	9.28
9.6	9.29
9.6	9.30
9.6	9.31
9.1	9.32
9.3	9.33
9.6	9.34
9.6	9.35
9.6	9.36
9.1	9.37
9.5	9.38
9.3	9.39
9.4	9.40
9.6	9.41
9.3	9.42
9.1	9.43
9.3	9.44
9.1	9.45
9.4	9.46
9.1	9.47
9.6	9.48
9.1	9.49
9.6	9.50
9.6	9.51
9.6	9.52
9.6	9.53
9.6	9.54
9.1	9.55
9.1	9.56
9.6	9.57
9.1	9.58
9.6	9.59
9.1	9.60
9.6	9.61
9.1	9.62
9.6	9.63
9.1	9.64
10.18	10.1
10.18	10.2
10.15	10.3
10.16	10.4
10.9	10.5
10.18	10.6
10.9	10.7
10.10	10.8
10.6	10.9
10.9	10.10
10.9	10.11
10.6	10.12
10.8	10.13
10.18	10.14
10.17	10.15
10.9	10.16
10.1	10.17
10.1	10.18
10.1	10.19
10.1	10.20
10.8	10.21
10.9	10.22
10.7	10.23
10.1	10.24
10.13	10.25
10.15	10.26
10.10	10.27
10.6	10.28
10.18	10.29
10.16	10.30
10.7	10.31
10.10	10.32
10.4	10.33
10.11	10.34
10.9	10.35
10.7	10.36
10.18	10.37
10.9	10.38
10.6	10.39
10.15	10.40
10.16	10.41
10.2	10.42
10.12	10.43
10.17	10.44
10.15	10.45
10.1	10.46
10.6	10.47
10.14	10.48
10.16	10.49
10.6	10.50
10.15	10.51
10.9	10.52
10.7	10.53
10.9	10.54
10.7	10.55
10.16	10.56
10.6	10.57
10.16	10.58
10.16	10.59
10.3	10.60
10.15	10.61
10.5	10.62
10.9	10.63
10.12	10.64
11.8	11.1
11.3	11.2
11.8	11.3
11.1	11.4
11.1	11.5
11.7	11.6
11.8	11.7
11.1	11.8
11.7	11.9
11.8	11.10
11.1	11.11
11.1	11.12
11.8	11.13
11.1	11.14
11.5	11.15
11.8	11.16
11.4	11.17
11.5	11.18
11.7	11.19
11.8	11.20
11.4	11.21
11.6	11.22
11.1	11.23
11.5	11.24
11.8	11.25
11.8	11.26
11.5	11.27
11.8	11.28
11.8	11.29
11.8	11.30
11.7	11.31
11.8	11.32
11.1	11.33
11.1	11.34
11.1	11.35
11.1	11.36
11.8	11.37
11.1	11.38
11.1	11.39
11.5	11.40
11.7	11.41
11.8	11.42
11.1	11.43
11.1	11.44
11.1	11.45
11.1	11.46
11.1	11.47
11.4	11.48
11.1	11.49
11.8	11.50
11.8	11.51
11.8	11.52
11.8	11.53
11.1	11.54
11.8	11.55
11.5	11.56
11.1	11.57
11.5	11.58
11.2	11.59
11.8	11.60
11.1	11.61
11.1	11.62
11.1	11.63
11.1	11.64
12.1	12.1
12.4	12.2
12.5	12.3
12.2	12.4
12.1	12.5
12.1	12.6
12.1	12.7
12.1	12.8
12.1	12.9
12.1	12.10
12.1	12.11
12.1	12.12
12.1	12.13
12.1	12.14
12.1	12.15
12.1	12.16
12.1	12.17
12.1	12.18
12.1	12.19
12.1	12.20
12.1	12.21
12.1	12.22
12.1	12.23
12.1	12.24
12.1	12.25
12.1	12.26
12.5	12.27
12.1	12.28
12.1	12.29
12.1	12.30
12.1	12.31
12.1	12.32
12.1	12.33
12.1	12.34
12.3	12.35
12.1	12.36
12.1	12.37
12.1	12.38
12.1	12.39
12.1	12.40
12.1	12.41
12.1	12.42
12.1	12.43
12.1	12.44
12.1	12.45
12.1	12.46
12.1	12.47
12.1	12.48
12.1	12.49
12.1	12.50
12.1	12.51
12.1	12.52
12.1	12.53
12.1	12.54
12.5	12.55
12.1	12.56
12.1	12.57
12.1	12.58
12.1	12.59
12.1	12.60
12.1	12.61
12.1	12.62
12.1	12.63
12.1	12.64
13.1	13.1
13.1	13.2
13.1	13.3
13.1	13.4
13.1	13.5
13.1	13.6
13.2	13.7
13.1	13.8
13.1	13.9
13.1	13.10
13.1	13.11
13.1	13.12
13.1	13.13
13.1	13.14
13.1	13.15
13.1	13.16
13.1	13.17
13.1	13.18
13.1	13.19
13.1	13.20
13.1	13.21
13.1	13.22
13.1	13.23
13.1	13.24
13.1	13.25
13.1	13.26
13.1	13.27
13.1	13.28
13.1	13.29
13.1	13.30
13.1	13.31
13.1	13.32
13.1	13.33
13.1	13.34
13.1	13.35
13.1	13.36
13.1	13.37
13.1	13.38
13.1	13.39
13.1	13.40
13.1	13.41
13.1	13.42
13.1	13.43
13.1	13.44
13.1	13.45
13.1	13.46
13.1	13.47
13.1	13.48
13.1	13.49
13.1	13.50
13.1	13.51
13.1	13.52
13.1	13.53
13.1	13.54
13.1	13.55
13.1	13.56
13.1	13.57
13.1	13.58
13.1	13.59
13.1	13.60
13.1	13.61
13.1	13.62
13.1	13.63
13.1	13.64
14.15	14.1
14.16	14.2
14.6	14.3
14.15	14.4
14.10	14.5
14.10	14.6
14.3	14.7
14.5	14.8
14.5	14.9
14.5	14.10
14.16	14.11
14.2	14.12
14.10	14.13
14.15	14.14
14.11	14.15
14.16	14.16
14.1	14.17
14.5	14.18
14.4	14.19
14.6	14.20
14.7	14.21
14.14	14.22
14.1	14.23
14.5	14.24
14.9	14.25
14.11	14.26
14.16	14.27
14.14	14.28
14.9	14.29
14.10	14.30
14.6	14.31
14.5	14.32
14.5	14.33
14.17	14.34
14.12	14.35
14.5	14.36
14.16	14.37
14.15	14.38
14.6	14.39
14.15	14.40
14.15	14.41
14.6	14.42
14.10	14.43
14.5	14.44
14.10	14.45
14.13	14.46
14.10	14.47
14.15	14.48
14.1	14.49
14.16	14.50
14.13	14.51
14.15	14.52
14.15	14.53
14.12	14.54
14.12	14.55
14.8	14.56
14.15	14.57
14.8	14.58
14.13	14.59
14.8	14.60
14.8	14.61
14.11	14.62
14.6	14.63
14.8	14.64
15.8	15.1
15.10	15.2
15.1	15.3
15.10	15.4
15.10	15.5
15.10	15.6
15.10	15.7
15.10	15.8
15.10	15.9
15.10	15.10
15.10	15.11
15.10	15.12
15.1	15.13
15.10	15.14
15.10	15.15
15.10	15.16
15.8	15.17
15.10	15.18
15.1	15.19
15.10	15.20
15.10	15.21
15.10	15.22
15.1	15.23
15.10	15.24
15.10	15.25
15.1	15.26
15.1	15.27
15.8	15.28
15.10	15.29
15.10	15.30
15.10	15.31
15.10	15.32
15.10	15.33
15.10	15.34
15.10	15.35
15.10	15.36
15.7	15.37
15.10	15.38
15.10	15.39
15.10	15.40
15.10	15.41
15.10	15.42
15.10	15.43
15.1	15.44
15.10	15.45
15.10	15.46
15.8	15.47
15.6	15.48
15.10	15.49
15.5	15.50
15.8	15.51
15.8	15.52
15.4	15.53
15.2	15.54
15.10	15.55
15.1	15.56
15.8	15.57
15.11	15.58
15.9	15.59
15.5	15.60
15.3	15.61
15.11	15.62
15.11	15.63
15.10	15.64
16.1	16.1
16.8	16.2
16.9	16.3
16.1	16.4
16.1	16.5
16.1	16.6
16.1	16.7
16.6	16.8
16.1	16.9
16.1	16.10
16.9	16.11
16.6	16.12
16.9	16.13
16.1	16.14
16.1	16.15
16.9	16.16
16.9	16.17
16.1	16.18
16.9	16.19
16.1	16.20
16.1	16.21
16.2	16.22
16.6	16.23
16.1	16.24
16.9	16.25
16.9	16.26
16.1	16.27
16.1	16.28
16.4	16.29
16.1	16.30
16.1	16.31
16.9	16.32
16.6	16.33
16.9	16.34
16.5	16.35
16.1	16.36
16.1	16.37
16.1	16.38
16.1	16.39
16.1	16.40
16.1	16.41
16.4	16.42
16.1	16.43
16.1	16.44
16.7	16.45
16.6	16.46
16.1	16.47
16.3	16.48
16.7	16.49
16.7	16.50
16.1	16.51
16.9	16.52
16.1	16.53
16.9	16.54
16.1	16.55
16.4	16.56
16.1	16.57
16.1	16.58
16.6	16.59
16.1	16.60
16.1	16.61
16.6	16.62
16.9	16.63
16.1	16.64
17.1	17.1
17.1	17.2
17.1	17.3
17.1	17.4
17.1	17.5
17.3	17.6
17.1	17.7
17.1	17.8
17.1	17.9
17.1	17.10
17.1	17.11
17.1	17.12
17.1	17.13
17.1	17.14
17.1	17.15
17.1	17.16
17.1	17.17
17.1	17.18
17.1	17.19
17.1	17.20
17.1	17.21
17.1	17.22
17.1	17.23
17.1	17.24
17.1	17.25
17.1	17.26
17.1	17.27
17.1	17.28
17.1	17.29
17.1	17.30
17.1	17.31
17.1	17.32
17.1	17.33
17.1	17.34
17.1	17.35
17.1	17.36
17.1	17.37
17.1	17.38
17.1	17.39
17.1	17.40
17.1	17.41
17.1	17.42
17.1	17.43
17.1	17.44
17.1	17.45
17.1	17.46
17.1	17.47
17.1	17.48
17.1	17.49
17.1	17.50
17.1	17.51
17.1	17.52
17.1	17.53
17.1	17.54
17.1	17.55
17.2	17.56
17.1	17.57
17.1	17.58
17.1	17.59
17.1	17.60
17.1	17.61
17.1	17.62
17.1	17.63
17.1	17.64
18.5	18.1
18.9	18.2
18.8	18.3
18.1	18.4
18.8	18.5
18.1	18.6
18.8	18.7
18.1	18.8
18.1	18.9
18.1	18.10
18.1	18.11
18.8	18.12
18.8	18.13
18.1	18.14
18.1	18.15
18.1	18.16
18.1	18.17
18.8	18.18
18.8	18.19
18.1	18.20
18.1	18.21
18.1	18.22
18.1	18.23
18.1	18.24
18.1	18.25
18.1	18.26
18.9	18.27
18.1	18.28
18.2	18.29
18.1	18.30
18.1	18.31
18.1	18.32
18.1	18.33
18.1	18.34
18.6	18.35
18.1	18.36
18.1	18.37
18.9	18.38
18.8	18.39
18.1	18.40
18.1	18.41
18.9	18.42
18.4	18.43
18.8	18.44
18.1	18.45
18.9	18.46
18.1	18.47
18.1	18.48
18.1	18.49
18.10	18.50
18.7	18.51
18.1	18.52
18.1	18.53
18.9	18.54
18.9	18.55
18.3	18.56
18.7	18.57
18.9	18.58
18.9	18.59
18.9	18.60
18.1	18.61
18.8	18.62
18.9	18.63
18.1	18.64
19.1	19.1
19.1	19.2
19.1	19.3
19.1	19.4
19.1	19.5
19.1	19.6
19.1	19.7
19.1	19.8
19.1	19.9
19.1	19.10
19.1	19.11
19.4	19.12
19.1	19.13
19.1	19.14
19.1	19.15
19.1	19.16
19.1	19.17
19.1	19.18
19.1	19.19
19.1	19.20
19.1	19.21
19.3	19.22
19.1	19.23
19.1	19.24
19.1	19.25
19.1	19.26
19.1	19.27
19.1	19.28
19.1	19.29
19.1	19.30
19.1	19.31
19.1	19.32
19.1	19.33
19.2	19.34
19.1	19.35
19.1	19.36
19.1	19.37
19.1	19.38
19.1	19.39
19.1	19.40
19.1	19.41
19.1	19.42
19.1	19.43
19.1	19.44
19.1	19.45
19.1	19.46
19.1	19.47
19.1	19.48
19.1	19.49
19.1	19.50
19.1	19.51
19.1	19.52
19.1	19.53
19.1	19.54
19.1	19.55
19.1	19.56
19.1	19.57
19.3	19.58
19.1	19.59
19.1	19.60
19.1	19.61
19.1	19.62
19.1	19.63
19.1	19.64
20.9	20.1
20.1	20.2
20.1	20.3
20.1	20.4
20.1	20.5
20.9	20.6
20.9	20.7
20.9	20.8
20.5	20.9
20.1	20.10
20.1	20.11
20.9	20.12
20.9	20.13
20.1	20.14
20.1	20.15
20.9	20.16
20.1	20.17
20.2	20.18
20.1	20.19
20.6	20.20
20.1	20.21
20.1	20.22
20.9	20.23
20.6	20.24
20.1	20.25
20.1	20.26
20.1	20.27
20.6	20.28
20.9	20.29
20.8	20.30
20.6	20.31
20.4	20.32
20.6	20.33
20.9	20.34
20.1	20.35
20.6	20.36
20.1	20.37
20.1	20.38
20.9	20.39
20.1	20.40
20.6	20.41
20.3	20.42
20.9	20.43
20.9	20.44
20.1	20.45
20.9	20.46
20.9	20.47
20.1	20.48
20.6	20.49
20.9	20.50
20.1	20.51
20.1	20.52
20.6	20.53
20.1	20.54
20.5	20.55
20.7	20.56
20.6	20.57
20.1	20.58
20.9	20.59
20.9	20.60
20.5	20.61
20.5	20.62
20.1	20.63
20.9	20.64
21.4	21.1
21.4	21.2
21.5	21.3
21.4	21.4
21.4	21.5
21.5	21.6
21.4	21.7
21.3	21.8
21.4	21.9
21.4	21.10
21.4	21.11
21.2	21.12
21.5	21.13
21.5	21.14
21.4	21.15
21.4	21.16
21.4	21.17
21.4	21.18
21.5	21.19
21.4	21.20
21.1	21.21
21.1	21.22
21.1	21.23
21.5	21.24
21.4	21.25
21.4	21.26
21.5	21.27
21.4	21.28
21.4	21.29
21.5	21.30
21.4	21.31
21.4	21.32
21.5	21.33
21.5	21.34
21.4	21.35
21.5	21.36
21.5	21.37
21.5	21.38
21.5	21.39
21.4	21.40
21.1	21.41
21.4	21.42
21.4	21.43
21.4	21.44
21.4	21.45
21.5	21.46
21.4	21.47
21.4	21.48
21.4	21.49
21.4	21.50
21.4	21.51
21.4	21.52
21.4	21.53
21.4	21.54
21.4	21.55
21.5	21.56
21.4	21.57
21.1	21.58
21.4	21.59
21.5	21.60
21.1	21.61
21.4	21.62
21.5	21.63
21.5	21.64
22.1	22.1
22.1	22.2
22.1	22.3
22.1	22.4
22.1	22.5
22.1	22.6
22.1	22.7
22.1	22.8
22.1	22.9
22.1	22.10
22.1	22.11
22.1	22.12
22.1	22.13
22.1	22.14
22.1	22.15
22.1	22.16
22.1	22.17
22.1	22.18
22.1	22.19
22.1	22.20
22.1	22.21
22.1	22.22
22.1	22.23
22.1	22.24
22.1	22.25
22.1	22.26
22.1	22.27
22.1	22.28
22.1	22.29
22.1	22.30
22.1	22.31
22.1	22.32
22.1	22.33
22.2	22.34
22.1	22.35
22.1	22.36
22.1	22.37
22.1	22.38
22.1	22.39
22.1	22.40
22.1	22.41
22.1	22.42
22.1	22.43
22.1	22.44
22.1	22.45
22.1	22.46
22.1	22.47
22.1	22.48
22.1	22.49
22.1	22.50
22.1	22.51
22.1	22.52
22.1	22.53
22.1	22.54
22.1	22.55
22.1	22.56
22.1	22.57
22.1	22.58
22.1	22.59
22.1	22.60
22.1	22.61
22.1	22.62
22.1	22.63
22.1	22.64
23.8	23.1
23.10	23.2
23.8	23.3
23.8	23.4
23.7	23.5
23.1	23.6
23.7	23.7
23.15	23.8
23.5	23.9
23.13	23.10
23.1	23.11
23.15	23.12
23.1	23.13
23.13	23.14
23.15	23.15
23.13	23.16
23.1	23.17
23.8	23.18
23.13	23.19
23.13	23.20
23.6	23.21
23.7	23.22
23.1	23.23
23.15	23.24
23.6	23.25
23.7	23.26
23.8	23.27
23.1	23.28
23.1	23.29
23.6	23.30
23.4	23.31
23.8	23.32
23.7	23.33
23.1	23.34
23.13	23.35
23.7	23.36
23.1	23.37
23.13	23.38
23.1	23.39
23.7	23.40
23.8	23.41
23.7	23.42
23.8	23.43
23.2	23.44
23.7	23.45
23.1	23.46
23.9	23.47
23.13	23.48
23.13	23.49
23.14	23.50
23.11	23.51
23.1	23.52
23.15	23.53
23.13	23.54
23.1	23.55
23.3	23.56
23.8	23.57
23.12	23.58
23.13	23.59
23.1	23.60
23.6	23.61
23.15	23.62
23.1	23.63
23.1	23.64
24.3	24.1
24.13	24.2
24.1	24.3
24.14	24.4
24.14	24.5
24.1	24.6
24.1	24.7
24.6	24.8
24.12	24.9
24.4	24.10
24.10	24.11
24.14	24.12
24.12	24.13
24.12	24.14
24.1	24.15
24.12	24.16
24.12	24.17
24.1	24.18
24.1	24.19
24.1	24.20
24.1	24.21
24.1	24.22
24.6	24.23
24.1	24.24
24.9	24.25
24.5	24.26
24.12	24.27
24.1	24.28
24.1	24.29
24.12	24.30
24.8	24.31
24.1	24.32
24.1	24.33
24.1	24.34
24.7	24.35
24.14	24.36
24.1	24.37
24.1	24.38
24.15	24.39
24.1	24.40
24.2	24.41
24.14	24.42
24.1	24.43
24.1	24.44
24.1	24.45
24.14	24.46
24.14	24.47
24.6	24.48
24.1	24.49
24.1	24.50
24.1	24.51
24.1	24.52
24.1	24.53
24.12	24.54
24.1	24.55
24.14	24.56
24.12	24.57
24.1	24.58
24.1	24.59
24.11	24.60
24.1	24.61
24.12	24.62
24.1	24.63
24.1	24.64
25.1	25.1
25.3	25.2
25.1	25.3
25.1	25.4
25.1	25.5
25.1	25.6
25.1	25.7
25.1	25.8
25.1	25.9
25.1	25.10
25.1	25.11
25.1	25.12
25.1	25.13
25.1	25.14
25.1	25.15
25.1	25.16
25.3	25.17
25.1	25.18
25.3	25.19
25.1	25.20
25.1	25.21
25.1	25.22
25.1	25.23
25.1	25.24
25.2	25.25
25.1	25.26
25.3	25.27
25.1	25.28
25.1	25.29
25.1	25.30
25.1	25.31
25.1	25.32
25.3	25.33
25.3	25.34
25.1	25.35
25.1	25.36
25.1	25.37
25.1	25.38
25.1	25.39
25.1	25.40
25.1	25.41
25.1	25.42
25.1	25.43
25.1	25.44
25.1	25.45
25.1	25.46
25.1	25.47
25.1	25.48
25.1	25.49
25.4	25.50
25.1	25.51
25.1	25.52
25.1	25.53
25.1	25.54
25.3	25.55
25.1	25.56
25.1	25.57
25.1	25.58
25.3	25.59
25.1	25.60
25.1	25.61
25.1	25.62
25.1	25.63
25.3	25.64
26.1	26.1
26.4	26.2
26.4	26.3
26.4	26.4
26.4	26.5
26.4	26.6
26.4	26.7
26.6	26.8
26.6	26.9
26.4	26.10
26.4	26.11
26.1	26.12
26.1	26.13
26.6	26.14
26.4	26.15
26.1	26.16
26.3	26.17
26.1	26.18
26.1	26.19
26.1	26.20
26.5	26.21
26.4	26.22
26.6	26.23
26.4	26.24
26.5	26.25
26.3	26.26
26.1	26.27
26.6	26.28
26.4	26.29
26.2	26.30
26.1	26.31
26.1	26.32
26.1	26.33
26.4	26.34
26.1	26.35
26.4	26.36
26.6	26.37
26.4	26.38
26.4	26.39
26.4	26.40
26.4	26.41
26.1	26.42
26.4	26.43
26.4	26.44
26.4	26.45
26.4	26.46
26.4	26.47
26.4	26.48
26.6	26.49
26.1	26.50
26.6	26.51
26.4	26.52
26.1	26.53
26.6	26.54
26.1	26.55
26.5	26.56
26.1	26.57
26.4	26.58
26.1	26.59
26.6	26.60
26.6	26.61
26.3	26.62
26.1	26.63
26.4	26.64
27.1	27.1
27.1	27.2
27.1	27.3
27.1	27.4
27.4	27.5
27.4	27.6
27.1	27.7
27.1	27.8
27.1	27.9
27.1	27.10
27.4	27.11
27.1	27.12
27.4	27.13
27.1	27.14
27.1	27.15
27.1	27.16
27.1	27.17
27.4	27.18
27.3	27.19
27.4	27.20
27.1	27.21
27.1	27.22
27.2	27.23
27.3	27.24
27.1	27.25
27.1	27.26
27.4	27.27
27.3	27.28
27.1	27.29
27.1	27.30
27.4	27.31
27.4	27.32
27.1	27.33
27.1	27.34
27.1	27.35
27.1	27.36
27.1	27.37
27.1	27.38
27.4	27.39
27.1	27.40
27.4	27.41
27.1	27.42
27.1	27.43
27.1	27.44
27.3	27.45
27.1	27.46
27.4	27.47
27.1	27.48
27.4	27.49
27.1	27.50
27.1	27.51
27.1	27.52
27.1	27.53
27.1	27.54
27.1	27.55
27.1	27.56
27.1	27.57
27.1	27.58
27.1	27.59
27.4	27.60
27.4	27.61
27.3	27.62
27.3	27.63
27.1	27.64
28.1	28.1
28.1	28.2
28.6	28.3
28.14	28.4
28.10	28.5
28.8	28.6
28.11	28.7
28.10	28.8
28.1	28.9
28.11	28.10
28.1	28.11
28.14	28.12
28.8	28.13
28.14	28.14
28.8	28.15
28.6	28.16
28.14	28.17
28.14	28.18
28.17	28.19
28.14	28.20
28.14	28.21
28.1	28.22
28.15	28.23
28.14	28.24
28.14	28.25
28.11	28.26
28.10	28.27
28.1	28.28
28.17	28.29
28.8	28.30
28.9	28.31
28.10	28.32
28.14	28.33
28.14	28.34
28.4	28.35
28.12	28.36
28.3	28.37
28.1	28.38
28.19	28.39
28.1	28.40
28.4	28.41
28.5	28.42
28.14	28.43
28.10	28.44
28.2	28.45
28.18	28.46
28.10	28.47
28.7	28.48
28.8	28.49
28.13	28.50
28.1	28.51
28.1	28.52
28.1	28.53
28.9	28.54
28.11	28.55
28.1	28.56
28.16	28.57
28.10	28.58
28.1	28.59
28.15	28.60
28.17	28.61
28.5	28.62
28.11	28.63
28.11	28.64
29.1	29.1
29.1	29.2
29.1	29.3
29.1	29.4
29.1	29.5
29.1	29.6
29.1	29.7
29.1	29.8
29.4	29.9
29.1	29.10
29.4	29.11
29.1	29.12
29.1	29.13
29.1	29.14
29.1	29.15
29.4	29.16
29.4	29.17
29.1	29.18
29.4	29.19
29.1	29.20
29.4	29.21
29.1	29.22
29.1	29.23
29.1	29.24
29.3	29.25
29.1	29.26
29.1	29.27
29.1	29.28
29.1	29.29
29.1	29.30
29.1	29.31
29.2	29.32
29.1	29.33
29.1	29.34
29.1	29.35
29.1	29.36
29.4	29.37
29.1	29.38
29.1	29.39
29.1	29.40
29.1	29.41
29.1	29.42
29.1	29.43
29.1	29.44
29.1	29.45
29.1	29.46
29.3	29.47
29.1	29.48
29.1	29.49
29.1	29.50
29.1	29.51
29.1	29.52
29.1	29.53
29.1	29.54
29.1	29.55
29.1	29.56
29.1	29.57
29.1	29.58
29.1	29.59
29.1	29.60
29.1	29.61
29.1	29.62
29.1	29.63
29.1	29.64
30.1	30.1
30.1	30.2
30.1	30.3
30.3	30.4
30.1	30.5
30.1	30.6
30.1	30.7
30.1	30.8
30.1	30.9
30.1	30.10
30.1	30.11
30.1	30.12
30.1	30.13
30.1	30.14
30.1	30.15
30.1	30.16
30.3	30.17
30.1	30.18
30.1	30.19
30.1	30.20
30.1	30.21
30.1	30.22
30.1	30.23
30.1	30.24
30.1	30.25
30.1	30.26
30.1	30.27
30.1	30.28
30.1	30.29
30.2	30.30
30.1	30.31
30.1	30.32
30.1	30.33
30.1	30.34
30.1	30.35
30.3	30.36
30.1	30.37
30.1	30.38
30.1	30.39
30.1	30.40
30.1	30.41
30.1	30.42
30.1	30.43
30.1	30.44
30.1	30.45
30.1	30.46
30.1	30.47
30.1	30.48
30.1	30.49
30.1	30.50
30.1	30.51
30.1	30.52
30.1	30.53
30.1	30.54
30.1	30.55
30.1	30.56
30.1	30.57
30.1	30.58
30.1	30.59
30.1	30.60
30.1	30.61
30.1	30.62
30.1	30.63
30.1	30.64
31.1	31.1
31.1	31.2
31.1	31.3
31.1	31.4
31.5	31.5
31.1	31.6
31.1	31.7
31.1	31.8
31.1	31.9
31.1	31.10
31.1	31.11
31.1	31.12
31.1	31.13
31.1	31.14
31.1	31.15
31.1	31.16
31.1	31.17
31.1	31.18
31.1	31.19
31.1	31.20
31.1	31.21
31.1	31.22
31.1	31.23
31.1	31.24
31.1	31.25
31.1	31.26
31.1	31.27
31.1	31.28
31.4	31.29
31.1	31.30
31.1	31.31
31.1	31.32
31.1	31.33
31.1	31.34
31.1	31.35
31.3	31.36
31.1	31.37
31.6	31.38
31.1	31.39
31.1	31.40
31.1	31.41
31.1	31.42
31.1	31.43
31.1	31.44
31.5	31.45
31.2	31.46
31.1	31.47
31.1	31.48
31.1	31.49
31.1	31.50
31.1	31.51
31.1	31.52
31.1	31.53
31.1	31.54
31.1	31.55
31.1	31.56
31.1	31.57
31.1	31.58
31.1	31.59
31.1	31.60
31.1	31.61
31.1	31.62
31.1	31.63
31.1	31.64
32.10	32.1
32.1	32.2
32.8	32.3
32.7	32.4
32.6	32.5
32.8	32.6
32.8	32.7
32.8	32.8
32.1	32.9
32.8	32.10
32.8	32.11
32.7	32.12
32.1	32.13
32.1	32.14
32.8	32.15
32.4	32.16
32.8	32.17
32.8	32.18
32.8	32.19
32.3	32.20
32.10	32.21
32.8	32.22
32.3	32.23
32.9	32.24
32.5	32.25
32.8	32.26
32.5	32.27
32.1	32.28
32.5	32.29
32.5	32.30
32.5	32.31
32.1	32.32
32.5	32.33
32.10	32.34
32.5	32.35
32.1	32.36
32.8	32.37
32.5	32.38
32.5	32.39
32.8	32.40
32.5	32.41
32.10	32.42
32.1	32.43
32.2	32.44
32.4	32.45
32.8	32.46
32.8	32.47
32.3	32.48
32.10	32.49
32.3	32.50
32.9	32.51
32.10	32.52
32.5	32.53
32.5	32.54
32.1	32.55
32.5	32.56
32.5	32.57
32.5	32.58
32.5	32.59
32.5	32.60
32.5	32.61
32.5	32.62
32.5	32.63
32.10	32.64
33.7	33.1
33.4	33.2
33.1	33.3
33.1	33.4
33.7	33.5
33.7	33.6
33.1	33.7
33.1	33.8
33.1	33.9
33.1	33.10
33.1	33.11
33.1	33.12
33.1	33.13
33.1	33.14
33.7	33.15
33.7	33.16
33.1	33.17
33.1	33.18
33.2	33.19
33.5	33.20
33.4	33.21
33.1	33.22
33.4	33.23
33.1	33.24
33.4	33.25
33.1	33.26
33.1	33.27
33.7	33.28
33.1	33.29
33.1	33.30
33.1	33.31
33.7	33.32
33.1	33.33
33.1	33.34
33.7	33.35
33.1	33.36
33.1	33.37
33.1	33.38
33.1	33.39
33.1	33.40
33.1	33.41
33.7	33.42
33.1	33.43
33.7	33.44
33.1	33.45
33.7	33.46
33.1	33.47
33.1	33.48
33.1	33.49
33.1	33.50
33.1	33.51
33.1	33.52
33.1	33.53
33.7	33.54
33.7	33.55
33.3	33.56
33.1	33.57
33.1	33.58
33.1	33.59
33.7	33.60
33.7	33.61
33.6	33.62
33.1	33.63
33.1	33.64
34.6	34.1
34.1	34.2
34.1	34.3
34.1	34.4
34.1	34.5
34.1	34.6
34.1	34.7
34.6	34.8
34.1	34.9
34.1	34.10
34.1	34.11
34.1	34.12
34.6	34.13
34.1	34.14
34.1	34.15
34.1	34.16
34.1	34.17
34.1	34.18
34.1	34.19
34.1	34.20
34.6	34.21
34.1	34.22
34.1	34.23
34.1	34.24
34.1	34.25
34.1	34.26
34.6	34.27
34.1	34.28
34.1	34.29
34.6	34.30
34.6	34.31
34.1	34.32
34.1	34.33
34.5	34.34
34.1	34.35
34.6	34.36
34.1	34.37
34.1	34.38
34.6	34.39
34.1	34.40
34.1	34.41
34.6	34.42
34.2	34.43
34.1	34.44
34.4	34.45
34.6	34.46
34.6	34.47
34.1	34.48
34.1	34.49
34.6	34.50
34.6	34.51
34.1	34.52
34.1	34.53
34.1	34.54
34.1	34.55
34.1	34.56
34.6	34.57
34.6	34.58
34.3	34.59
34.1	34.60
34.1	34.61
34.6	34.62
34.6	34.63
34.1	34.64
35.1	35.1
35.1	35.2
35.1	35.3
35.1	35.4
35.1	35.5
35.3	35.6
35.1	35.7
35.1	35.8
35.1	35.9
35.1	35.10
35.1	35.11
35.1	35.12
35.1	35.13
35.1	35.14
35.1	35.15
35.1	35.16
35.1	35.17
35.1	35.18
35.1	35.19
35.1	35.20
35.1	35.21
35.1	35.22
35.1	35.23
35.1	35.24
35.1	35.25
35.1	35.26
35.1	35.27
35.1	35.28
35.1	35.29
35.1	35.30
35.1	35.31
35.1	35.32
35.1	35.33
35.1	35.34
35.1	35.35
35.1	35.36
35.1	35.37
35.1	35.38
35.1	35.39
35.1	35.40
35.1	35.41
35.1	35.42
35.1	35.43
35.1	35.44
35.1	35.45
35.1	35.46
35.1	35.47
35.1	35.48
35.2	35.49
35.1	35.50
35.1	35.51
35.1	35.52
35.1	35.53
35.1	35.54
35.1	35.55
35.1	35.56
35.1	35.57
35.1	35.58
35.1	35.59
35.1	35.60
35.1	35.61
35.1	35.62
35.1	35.63
35.1	35.64
36.9	36.1
36.11	36.2
36.5	36.3
36.7	36.4
36.5	36.5
36.3	36.6
36.11	36.7
36.11	36.8
36.11	36.9
36.3	36.10
36.3	36.11
36.8	36.12
36.6	36.13
36.11	36.14
36.3	36.15
36.3	36.16
36.2	36.17
36.3	36.18
36.3	36.19
36.11	36.20
36.11	36.21
36.3	36.22
36.1	36.23
36.6	36.24
36.3	36.25
36.3	36.26
36.11	36.27
36.11	36.28
36.3	36.29
36.6	36.30
36.3	36.31
36.11	36.32
36.11	36.33
36.3	36.34
36.3	36.35
36.11	36.36
36.10	36.37
36.8	36.38
36.6	36.39
36.10	36.40
36.3	36.41
36.11	36.42
36.6	36.43
36.1	36.44
36.3	36.45
36.8	36.46
36.11	36.47
36.6	36.48
36.11	36.49
36.11	36.50
36.11	36.51
36.11	36.52
36.3	36.53
36.4	36.54
36.3	36.55
36.11	36.56
36.8	36.57
36.3	36.58
36.11	36.59
36.8	36.60
36.11	36.61
36.11	36.62
36.11	36.63
36.11	36.64
37.1	37.1
37.1	37.2
37.1	37.3
37.1	37.4
37.1	37.5
37.1	37.6
37.1	37.7
37.1	37.8
37.1	37.9
37.1	37.10
37.1	37.11
37.1	37.12
37.1	37.13
37.1	37.14
37.1	37.15
37.2	37.16
37.1	37.17
37.1	37.18
37.1	37.19
37.1	37.20
37.1	37.21
37.1	37.22
37.1	37.23
37.1	37.24
37.1	37.25
37.1	37.26
37.1	37.27
37.1	37.28
37.1	37.29
37.1	37.30
37.1	37.31
37.1	37.32
37.1	37.33
37.1	37.34
37.1	37.35
37.1	37.36
37.1	37.37
37.1	37.38
37.1	37.39
37.1	37.40
37.1	37.41
37.1	37.42
37.1	37.43
37.1	37.44
37.1	37.45
37.1	37.46
37.1	37.47
37.1	37.48
37.1	37.49
37.1	37.50
37.1	37.51
37.1	37.52
37.1	37.53
37.1	37.54
37.1	37.55
37.1	37.56
37.1	37.57
37.1	37.58
37.1	37.59
37.1	37.60
37.1	37.61
37.1	37.62
37.1	37.63
37.3	37.64
38.9	38.1
38.11	38.2
38.6	38.3
38.7	38.4
38.11	38.5
38.6	38.6
38.1	38.7
38.1	38.8
38.12	38.9
38.6	38.10
38.12	38.11
38.2	38.12
38.10	38.13
38.5	38.14
38.6	38.15
38.1	38.16
38.9	38.17
38.11	38.18
38.11	38.19
38.6	38.20
38.12	38.21
38.3	38.22
38.6	38.23
38.11	38.24
38.1	38.25
38.7	38.26
38.3	38.27
38.9	38.28
38.3	38.29
38.12	38.30
38.9	38.31
38.1	38.32
38.9	38.33
38.9	38.34
38.7	38.35
38.12	38.36
38.5	38.37
38.7	38.38
38.7	38.39
38.6	38.40
38.1	38.41
38.7	38.42
38.6	38.43
38.10	38.44
38.7	38.45
38.4	38.46
38.7	38.47
38.7	38.48
38.11	38.49
38.11	38.50
38.8	38.51
38.11	38.52
38.12	38.53
38.7	38.54
38.5	38.55
38.6	38.56
38.12	38.57
38.12	38.58
38.1	38.59
38.6	38.60
38.1	38.61
38.1	38.62
38.11	38.63
38.11	38.64
39.1	39.1
39.11	39.2
39.13	39.3
39.11	39.4
39.1	39.5
39.1	39.6
39.13	39.7
39.9	39.8
39.1	39.9
39.13	39.10
39.2	39.11
39.13	39.12
39.12	39.13
39.3	39.14
39.11	39.15
39.6	39.16
39.11	39.17
39.1	39.18
39.7	39.19
39.13	39.20
39.1	39.21
39.11	39.22
39.11	39.23
39.5	39.24
39.11	39.25
39.10	39.26
39.1	39.27
39.10	39.28
39.13	39.29
39.13	39.30
39.1	39.31
39.11	39.32
39.4	39.33
39.11	39.34
39.11	39.35
39.4	39.36
39.11	39.37
39.1	39.38
39.1	39.39
39.11	39.40
39.4	39.41
39.11	39.42
39.8	39.43
39.14	39.44
39.1	39.45
39.11	39.46
39.9	39.47
39.11	39.48
39.1	39.49
39.13	39.50
39.13	39.51
39.10	39.52
39.11	39.53
39.13	39.54
39.13	39.55
39.11	39.56
39.13	39.57
39.1	39.58
39.1	39.59
39.13	39.60
39.10	39.61
39.1	39.62
39.1	39.63
39.13	39.64
40.4	40.1
40.4	40.2
40.4	40.3
40.1	40.4
40.1	40.5
40.4	40.6
40.4	40.7
40.1	40.8
40.4	40.9
40.4	40.10
40.4	40.11
40.4	40.12
40.4	40.13
40.4	40.14
40.4	40.15
40.4	40.16
40.4	40.17
40.5	40.18
40.3	40.19
40.5	40.20
40.4	40.21
40.4	40.22
40.4	40.23
40.4	40.24
40.5	40.25
40.1	40.26
40.5	40.27
40.4	40.28
40.4	40.29
40.5	40.30
40.1	40.31
40.4	40.32
40.4	40.33
40.1	40.34
40.4	40.35
40.4	40.36
40.1	40.37
40.4	40.38
40.4	40.39
40.4	40.40
40.4	40.41
40.1	40.42
40.2	40.43
40.1	40.44
40.4	40.45
40.4	40.46
40.4	40.47
40.5	40.48
40.3	40.49
40.1	40.50
40.4	40.51
40.4	40.52
40.4	40.53
40.1	40.54
40.4	40.55
40.4	40.56
40.4	40.57
40.1	40.58
40.4	40.59
40.1	40.60
40.5	40.61
40.5	40.62
40.5	40.63
40.4	40.64
41.5	41.1
41.5	41.2
41.5	41.3
41.1	41.4
41.1	41.5
41.8	41.6
41.1	41.7
41.1	41.8
41.3	41.9
41.5	41.10
41.5	41.11
41.1	41.12
41.5	41.13
41.5	41.14
41.1	41.15
41.1	41.16
41.1	41.17
41.1	41.18
41.8	41.19
41.5	41.20
41.5	41.21
41.1	41.22
41.1	41.23
41.1	41.24
41.1	41.25
41.1	41.26
41.5	41.27
41.1	41.28
41.5	41.29
41.5	41.30
41.5	41.31
41.5	41.32
41.4	41.33
41.5	41.34
41.1	41.35
41.1	41.36
41.5	41.37
41.5	41.38
41.5	41.39
41.6	41.40
41.8	41.41
41.5	41.42
41.1	41.43
41.5	41.44
41.4	41.45
41.5	41.46
41.5	41.47
41.1	41.48
41.2	41.49
41.5	41.50
41.5	41.51
41.5	41.52
41.5	41.53
41.5	41.54
41.8	41.55
41.5	41.56
41.1	41.57
41.1	41.58
41.5	41.59
41.1	41.60
41.8	41.61
41.5	41.62
41.7	41.63
41.5	41.64
42.2	42.1
42.2	42.2
42.2	42.3
42.2	42.4
42.2	42.5
42.2	42.6
42.2	42.7
42.2	42.8
42.2	42.9
42.5	42.10
42.2	42.11
42.2	42.12
42.2	42.13
42.5	42.14
42.2	42.15
42.5	42.16
42.4	42.17
42.2	42.18
42.2	42.19
42.2	42.20
42.2	42.21
42.5	42.22
42.2	42.23
42.2	42.24
42.2	42.25
42.2	42.26
42.2	42.27
42.2	42.28
42.2	42.29
42.2	42.30
42.2	42.31
42.2	42.32
42.2	42.33
42.2	42.34
42.5	42.35
42.2	42.36
42.5	42.37
42.2	42.38
42.2	42.39
42.4	42.40
42.2	42.41
42.2	42.42
42.5	42.43
42.2	42.44
42.2	42.45
42.2	42.46
42.2	42.47
42.5	42.48
42.5	42.49
42.2	42.50
42.5	42.51
42.2	42.52
42.5	42.53
42.5	42.54
42.1	42.55
42.2	42.56
42.3	42.57
42.2	42.58
42.2	42.59
42.2	42.60
42.2	42.61
42.2	42.62
42.2	42.63
42.2	42.64
43.1	43.1
43.1	43.2
43.1	43.3
43.1	43.4
43.1	43.5
43.5	43.6
43.1	43.7
43.2	43.8
43.1	43.9
43.1	43.10
43.5	43.11
43.1	43.12
43.5	43.13
43.4	43.14
43.1	43.15
43.1	43.16
43.1	43.17
43.1	43.18
43.1	43.19
43.1	43.20
43.1	43.21
43.1	43.22
43.1	43.23
43.1	43.24
43.1	43.25
43.1	43.26
43.1	43.27
43.1	43.28
43.1	43.29
43.1	43.30
43.1	43.31
43.1	43.32
43.1	43.33
43.1	43.34
43.5	43.35
43.5	43.36
43.1	43.37
43.1	43.38
43.1	43.39
43.1	43.40
43.1	43.41
43.1	43.42
43.1	43.43
43.5	43.44
43.1	43.45
43.3	43.46
43.1	43.47
43.1	43.48
43.1	43.49
43.4	43.50
43.1	43.51
43.1	43.52
43.1	43.53
43.1	43.54
43.1	43.55
43.1	43.56
43.5	43.57
43.1	43.58
43.1	43.59
43.1	43.60
43.1	43.61
43.1	43.62
43.1	43.63
43.1	43.64
44.7	44.1
44.7	44.2
44.7	44.3
44.7	44.4
44.1	44.5
44.4	44.6
44.4	44.7
44.6	44.8
44.1	44.9
44.7	44.10
44.7	44.11
44.7	44.12
44.7	44.13
44.1	44.14
44.7	44.15
44.7	44.16
44.3	44.17
44.7	44.18
44.7	44.19
44.4	44.20
44.7	44.21
44.7	44.22
44.4	44.23
44.4	44.24
44.4	44.25
44.7	44.26
44.7	44.27
44.7	44.28
44.4	44.29
44.4	44.30
44.1	44.31
44.1	44.32
44.4	44.33
44.7	44.34
44.7	44.35
44.1	44.36
44.7	44.37
44.7	44.38
44.7	44.39
44.1	44.40
44.7	44.41
44.7	44.42
44.7	44.43
44.7	44.44
44.7	44.45
44.2	44.46
44.4	44.47
44.4	44.48
44.1	44.49
44.5	44.50
44.5	44.51
44.7	44.52
44.5	44.53
44.7	44.54
44.5	44.55
44.1	44.56
44.1	44.57
44.5	44.58
44.1	44.59
44.7	44.60
44.1	44.61
44.7	44.62
44.1	44.63
44.1	44.64
45.9	45.1
45.9	45.2
45.1	45.3
45.1	45.4
45.1	45.5
45.1	45.6
45.9	45.7
45.9	45.8
45.3	45.9
45.1	45.10
45.1	45.11
45.1	45.12
45.1	45.13
45.9	45.14
45.1	45.15
45.9	45.16
45.5	45.17
45.1	45.18
45.9	45.19
45.5	45.20
45.9	45.21
45.4	45.22
45.1	45.23
45.1	45.24
45.1	45.25
45.6	45.26
45.9	45.27
45.9	45.28
45.8	45.29
45.1	45.30
45.9	45.31
45.9	45.32
45.3	45.33
45.8	45.34
45.10	45.35
45.1	45.36
45.5	45.37
45.1	45.38
45.8	45.39
45.7	45.40
45.8	45.41
45.9	45.42
45.8	45.43
45.9	45.44
45.9	45.45
45.9	45.46
45.9	45.47
45.8	45.48
45.9	45.49
45.9	45.50
45.9	45.51
45.9	45.52
45.9	45.53
45.9	45.54
45.1	45.55
45.2	45.56
45.9	45.57
45.8	45.58
45.9	45.59
45.9	45.60
45.9	45.61
45.9	45.62
45.8	45.63
45.9	45.64
46.5	46.1
46.5	46.2
46.1	46.3
46.5	46.4
46.5	46.5
46.5	46.6
46.5	46.7
46.5	46.8
46.5	46.9
46.5	46.10
46.1	46.11
46.1	46.12
46.5	46.13
46.5	46.14
46.5	46.15
46.5	46.16
46.1	46.17
46.5	46.18
46.5	46.19
46.5	46.20
46.5	46.21
46.5	46.22
46.5	46.23
46.1	46.24
46.1	46.25
46.4	46.26
46.5	46.27
46.5	46.28
46.5	46.29
46.5	46.30
46.5	46.31
46.5	46.32
46.5	46.33
46.1	46.34
46.5	46.35
46.5	46.36
46.5	46.37
46.5	46.38
46.5	46.39
46.5	46.40
46.5	46.41
46.2	46.42
46.4	46.43
46.5	46.44
46.5	46.45
46.1	46.46
46.5	46.47
46.5	46.48
46.5	46.49
46.5	46.50
46.4	46.51
46.1	46.52
46.5	46.53
46.3	46.54
46.5	46.55
46.5	46.56
46.1	46.57
46.5	46.58
46.1	46.59
46.5	46.60
46.1	46.61
46.5	46.62
46.5	46.63
46.5	46.64
47.1	47.1
47.7	47.2
47.5	47.3
47.11	47.4
47.12	47.5
47.5	47.6
47.5	47.7
47.1	47.8
47.7	47.9
47.11	47.10
47.1	47.11
47.11	47.12
47.1	47.13
47.1	47.14
47.12	47.15
47.1	47.16
47.11	47.17
47.12	47.18
47.1	47.19
47.11	47.20
47.5	47.21
47.1	47.22
47.12	47.23
47.9	47.24
47.1	47.25
47.11	47.26
47.12	47.27
47.10	47.28
47.1	47.29
47.12	47.30
47.1	47.31
47.12	47.32
47.5	47.33
47.11	47.34
47.12	47.35
47.8	47.36
47.5	47.37
47.1	47.38
47.12	47.39
47.1	47.40
47.1	47.41
47.12	47.42
47.6	47.43
47.12	47.44
47.1	47.45
47.12	47.46
47.12	47.47
47.1	47.48
47.5	47.49
47.1	47.50
47.1	47.51
47.2	47.52
47.12	47.53
47.11	47.54
47.3	47.55
47.12	47.56
47.12	47.57
47.13	47.58
47.12	47.59
47.4	47.60
47.7	47.61
47.1	47.62
47.5	47.63
47.1	47.64
48.1	48.1
48.1	48.2
48.5	48.3
48.1	48.4
48.1	48.5
48.5	48.6
48.1	48.7
48.1	48.8
48.6	48.9
48.5	48.10
48.4	48.11
48.5	48.12
48.5	48.13
48.6	48.14
48.1	48.15
48.1	48.16
48.5	48.17
48.4	48.18
48.1	48.19
48.5	48.20
48.1	48.21
48.5	48.22
48.5	48.23
48.6	48.24
48.5	48.25
48.6	48.26
48.5	48.27
48.1	48.28
48.1	48.29
48.2	48.30
48.5	48.31
48.1	48.32
48.6	48.33
48.5	48.34
48.1	48.35
48.1	48.36
48.6	48.37
48.6	48.38
48.1	48.39
48.5	48.40
48.5	48.41
48.1	48.42
48.1	48.43
48.1	48.44
48.1	48.45
48.6	48.46
48.5	48.47
48.6	48.48
48.6	48.49
48.3	48.50
48.1	48.51
48.5	48.52
48.1	48.53
48.5	48.54
48.5	48.55
48.1	48.56
48.1	48.57
48.1	48.58
48.1	48.59
48.1	48.60
48.1	48.61
48.1	48.62
48.1	48.63
48.5	48.64
49.5	49.1
49.1	49.2
49.1	49.3
49.1	49.4
49.4	49.5
49.6	49.6
49.5	49.7
49.1	49.8
49.6	49.9
49.6	49.10
49.2	49.11
49.1	49.12
49.1	49.13
49.4	49.14
49.6	49.15
49.5	49.16
49.5	49.17
49.4	49.18
49.6	49.19
49.6	49.20
49.1	49.21
49.5	49.22
49.1	49.23
49.1	49.24
49.1	49.25
49.6	49.26
49.1	49.27
49.1	49.28
49.5	49.29
49.1	49.30
49.1	49.31
49.1	49.32
49.5	49.33
49.1	49.34
49.1	49.35
49.5	49.36
49.1	49.37
49.5	49.38
49.1	49.39
49.6	49.40
49.4	49.41
49.6	49.42
49.5	49.43
49.1	49.44
49.1	49.45
49.5	49.46
49.1	49.47
49.1	49.48
49.5	49.49
49.1	49.50
49.3	49.51
49.6	49.52
49.1	49.53
49.4	49.54
49.1	49.55
49.1	49.56
49.4	49.57
49.6	49.58
49.1	49.59
49.1	49.60
49.1	49.61
49.4	49.62
49.4	49.63
49.7	49.64
50.1	50.1
50.1	50.2
50.6	50.3
50.1	50.4
50.6	50.5
50.1	50.6
50.1	50.7
50.1	50.8
50.1	50.9
50.1	50.10
50.6	50.11
50.6	50.12
50.1	50.13
50.1	50.14
50.1	50.15
50.6	50.16
50.6	50.17
50.6	50.18
50.1	50.19
50.6	50.20
50.1	50.21
50.6	50.22
50.6	50.23
50.1	50.24
50.1	50.25
50.6	50.26
50.6	50.27
50.1	50.28
50.1	50.29
50.3	50.30
50.6	50.31
50.1	50.32
50.6	50.33
50.6	50.34
50.1	50.35
50.1	50.36
50.1	50.37
50.1	50.38
50.4	50.39
50.1	50.40
50.1	50.41
50.5	50.42
50.6	50.43
50.6	50.44
50.1	50.45
50.1	50.46
50.1	50.47
50.5	50.48
50.6	50.49
50.1	50.50
50.5	50.51
50.1	50.52
50.6	50.53
50.1	50.54
50.1	50.55
50.1	50.56
50.6	50.57
50.2	50.58
50.1	50.59
50.1	50.60
50.5	50.61
50.1	50.62
50.1	50.63
50.1	50.64
51.12	51.1
51.13	51.2
51.8	51.3
51.3	51.4
51.1	51.5
51.4	51.6
51.8	51.7
51.1	51.8
51.6	51.9
51.13	51.10
51.6	51.11
51.11	51.12
51.8	51.13
51.12	51.14
51.12	51.15
51.8	51.16
51.13	51.17
51.13	51.18
51.4	51.19
51.6	51.20
51.5	51.21
51.4	51.22
51.3	51.23
51.4	51.24
51.3	51.25
51.4	51.26
51.13	51.27
51.5	51.28
51.1	51.29
51.11	51.30
51.4	51.31
51.4	51.32
51.6	51.33
51.2	51.34
51.4	51.35
51.4	51.36
51.12	51.37
51.4	51.38
51.4	51.39
51.4	51.40
51.4	51.41
51.4	51.42
51.10	51.43
51.13	51.44
51.7	51.45
51.13	51.46
51.1	51.47
51.8	51.48
51.13	51.49
51.13	51.50
51.9	51.51
51.10	51.52
51.6	51.53
51.4	51.54
51.4	51.55
51.13	51.56
51.13	51.57
51.7	51.58
51.4	51.59
51.10	51.60
51.13	51.61
51.13	51.62
51.12	51.63
51.10	51.64
52.1	52.1
52.1	52.2
52.1	52.3
52.1	52.4
52.1	52.5
52.1	52.6
52.5	52.7
52.1	52.8
52.1	52.9
52.6	52.10
52.5	52.11
52.1	52.12
52.1	52.13
52.1	52.14
52.1	52.15
52.1	52.16
52.1	52.17
52.1	52.18
52.1	52.19
52.1	52.20
52.5	52.21
52.1	52.22
52.6	52.23
52.1	52.24
52.1	52.25
52.1	52.26
52.1	52.27
52.1	52.28
52.1	52.29
52.1	52.30
52.1	52.31
52.5	52.32
52.5	52.33
52.1	52.34
52.1	52.35
52.1	52.36
52.1	52.37
52.5	52.38
52.1	52.39
52.1	52.40
52.1	52.41
52.5	52.42
52.1	52.43
52.1	52.44
52.1	52.45
52.1	52.46
52.3	52.47
52.1	52.48
52.1	52.49
52.1	52.50
52.5	52.51
52.1	52.52
52.2	52.53
52.4	52.54
52.1	52.55
52.1	52.56
52.4	52.57
52.6	52.58
52.1	52.59
52.5	52.60
52.5	52.61
52.5	52.62
52.1	52.63
52.1	52.64
53.1	53.1
53.1	53.2
53.1	53.3
53.1	53.4
53.1	53.5
53.1	53.6
53.4	53.7
53.3	53.8
53.1	53.9
53.1	53.10
53.1	53.11
53.4	53.12
53.4	53.13
53.4	53.14
53.4	53.15
53.1	53.16
53.1	53.17
53.4	53.18
53.4	53.19
53.1	53.20
53.1	53.21
53.1	53.22
53.1	53.23
53.3	53.24
53.4	53.25
53.1	53.26
53.1	53.27
53.4	53.28
53.4	53.29
53.4	53.30
53.3	53.31
53.1	53.32
53.4	53.33
53.1	53.34
53.4	53.35
53.4	53.36
53.1	53.37
53.4	53.38
53.3	53.39
53.1	53.40
53.4	53.41
53.1	53.42
53.3	53.43
53.1	53.44
53.4	53.45
53.1	53.46
53.1	53.47
53.4	53.48
53.1	53.49
53.4	53.50
53.1	53.51
53.2	53.52
53.1	53.53
53.4	53.54
53.1	53.55
53.1	53.56
53.4	53.57
53.1	53.58
53.1	53.59
53.1	53.60
53.1	53.61
53.1	53.62
53.4	53.63
53.4	53.64
54.1	54.1
54.1	54.2
54.1	54.3
54.1	54.4
54.1	54.5
54.1	54.6
54.1	54.7
54.1	54.8
54.1	54.9
54.1	54.10
54.1	54.11
54.1	54.12
54.4	54.13
54.4	54.14
54.1	54.15
54.1	54.16
54.1	54.17
54.1	54.18
54.1	54.19
54.1	54.20
54.1	54.21
54.1	54.22
54.1	54.23
54.3	54.24
54.5	54.25
54.5	54.26
54.1	54.27
54.1	54.28
54.1	54.29
54.1	54.30
54.1	54.31
54.1	54.32
54.1	54.33
54.1	54.34
54.1	54.35
54.5	54.36
54.1	54.37
54.1	54.38
54.1	54.39
54.1	54.40
54.5	54.41
54.1	54.42
54.4	54.43
54.2	54.44
54.4	54.45
54.1	54.46
54.1	54.47
54.5	54.48
54.1	54.49
54.1	54.50
54.1	54.51
54.1	54.52
54.1	54.53
54.5	54.54
54.1	54.55
54.1	54.56
54.1	54.57
54.1	54.58
54.5	54.59
54.1	54.60
54.1	54.61
54.1	54.62
54.1	54.63
54.1	54.64
55.1	55.1
55.1	55.2
55.4	55.3
55.1	55.4
55.1	55.5
55.4	55.6
55.1	55.7
55.1	55.8
55.4	55.9
55.1	55.10
55.1	55.11
55.4	55.12
55.1	55.13
55.3	55.14
55.1	55.15
55.1	55.16
55.4	55.17
55.1	55.18
55.1	55.19
55.4	55.20
55.1	55.21
55.1	55.22
55.2	55.23
55.1	55.24
55.1	55.25
55.1	55.26
55.1	55.27
55.1	55.28
55.1	55.29
55.4	55.30
55.4	55.31
55.1	55.32
55.1	55.33
55.1	55.34
55.1	55.35
55.1	55.36
55.1	55.37
55.4	55.38
55.1	55.39
55.1	55.40
55.1	55.41
55.1	55.42
55.1	55.43
55.1	55.44
55.1	55.45
55.1	55.46
55.1	55.47
55.1	55.48
55.4	55.49
55.3	55.50
55.1	55.51
55.1	55.52
55.1	55.53
55.1	55.54
55.1	55.55
55.1	55.56
55.3	55.57
55.1	55.58
55.1	55.59
55.1	55.60
55.1	55.61
55.1	55.62
55.1	55.63
55.1	55.64
56.4	56.1
56.4	56.2
56.4	56.3
56.4	56.4
56.3	56.5
56.2	56.6
56.4	56.7
56.4	56.8
56.4	56.9
56.4	56.10
56.4	56.11
56.4	56.12
56.4	56.13
56.4	56.14
56.4	56.15
56.4	56.16
56.4	56.17
56.4	56.18
56.1	56.19
56.4	56.20
56.4	56.21
56.3	56.22
56.4	56.23
56.4	56.24
56.4	56.25
56.4	56.26
56.4	56.27
56.4	56.28
56.4	56.29
56.4	56.30
56.3	56.31
56.1	56.32
56.4	56.33
56.4	56.34
56.4	56.35
56.4	56.36
56.4	56.37
56.4	56.38
56.4	56.39
56.4	56.40
56.1	56.41
56.4	56.42
56.4	56.43
56.4	56.44
56.4	56.45
56.4	56.46
56.4	56.47
56.4	56.48
56.1	56.49
56.4	56.50
56.4	56.51
56.4	56.52
56.3	56.53
56.4	56.54
56.3	56.55
56.4	56.56
56.4	56.57
56.6	56.58
56.5	56.59
56.1	56.60
56.4	56.61
56.4	56.62
56.4	56.63
56.4	56.64
57.1	57.1
57.1	57.2
57.1	57.3
57.1	57.4
57.1	57.5
57.1	57.6
57.1	57.7
57.1	57.8
57.1	57.9
57.1	57.10
57.1	57.11
57.1	57.12
57.1	57.13
57.1	57.14
57.5	57.15
57.1	57.16
57.5	57.17
57.1	57.18
57.1	57.19
57.1	57.20
57.1	57.21
57.6	57.22
57.1	57.23
57.1	57.24
57.1	57.25
57.1	57.26
57.1	57.27
57.1	57.28
57.2	57.29
57.1	57.30
57.1	57.31
57.1	57.32
57.1	57.33
57.1	57.34
57.1	57.35
57.1	57.36
57.3	57.37
57.1	57.38
57.1	57.39
57.5	57.40
57.5	57.41
57.5	57.42
57.1	57.43
57.1	57.44
57.1	57.45
57.1	57.46
57.5	57.47
57.1	57.48
57.8	57.49
57.1	57.50
57.1	57.51
57.5	57.52
57.5	57.53
57.5	57.54
57.1	57.55
57.1	57.56
57.4	57.57
57.5	57.58
57.1	57.59
57.5	57.60
57.7	57.61
57.1	57.62
57.1	57.63
57.5	57.64
58.1	58.1
58.1	58.2
58.1	58.3
58.1	58.4
58.1	58.5
58.1	58.6
58.1	58.7
58.1	58.8
58.1	58.9
58.1	58.10
58.1	58.11
58.1	58.12
58.1	58.13
58.7	58.14
58.1	58.15
58.7	58.16
58.1	58.17
58.1	58.18
58.3	58.19
58.6	58.20
58.1	58.21
58.5	58.22
58.1	58.23
58.1	58.24
58.1	58.25
58.1	58.26
58.1	58.27
58.1	58.28
58.1	58.29
58.1	58.30
58.1	58.31
58.1	58.32
58.1	58.33
58.1	58.34
58.1	58.35
58.1	58.36
58.1	58.37
58.1	58.38
58.1	58.39
58.1	58.40
58.1	58.41
58.1	58.42
58.3	58.43
58.6	58.44
58.1	58.45
58.5	58.46
58.1	58.47
58.1	58.48
58.6	58.49
58.1	58.50
58.7	58.51
58.7	58.52
58.1	58.53
58.4	58.54
58.1	58.55
58.1	58.56
58.1	58.57
58.1	58.58
58.1	58.59
58.7	58.60
58.1	58.61
58.1	58.62
58.1	58.63
58.2	58.64
59.1	59.1
59.1	59.2
59.17	59.3
59.5	59.4
59.13	59.5
59.1	59.6
59.10	59.7
59.12	59.8
59.1	59.9
59.10	59.10
59.5	59.11
59.1	59.12
59.13	59.13
59.5	59.14
59.5	59.15
59.13	59.16
59.9	59.17
59.1	59.18
59.5	59.19
59.6	59.20
59.5	59.21
59.5	59.22
59.1	59.23
59.3	59.24
59.1	59.25
59.1	59.26
59.1	59.27
59.10	59.28
59.1	59.29
59.5	59.30
59.1	59.31
59.7	59.32
59.1	59.33
59.11	59.34
59.13	59.35
59.13	59.36
59.14	59.37
59.3	59.38
59.1	59.39
59.1	59.40
59.9	59.41
59.13	59.42
59.13	59.43
59.1	59.44
59.12	59.45
59.16	59.46
59.13	59.47
59.5	59.48
59.13	59.49
59.1	59.50
59.5	59.51
59.12	59.52
59.15	59.53
59.5	59.54
59.5	59.55
59.16	59.56
59.10	59.57
59.8	59.58
59.5	59.59
59.9	59.60
59.4	59.61
59.5	59.62
59.2	59.63
59.5	59.64
60.13	60.1
60.13	60.2
60.13	60.3
60.13	60.4
60.1	60.5
60.13	60.6
60.10	60.7
60.1	60.8
60.1	60.9
60.1	60.10
60.13	60.11
60.13	60.12
60.1	60.13
60.1	60.14
60.13	60.15
60.1	60.16
60.4	60.17
60.13	60.18
60.8	60.19
60.1	60.20
60.13	60.21
60.13	60.22
60.13	60.23
60.1	60.24
60.1	60.25
60.1	60.26
60.1	60.27
60.10	60.28
60.1	60.29
60.12	60.30
60.1	60.31
60.10	60.32
60.11	60.33
60.1	60.34
60.13	60.35
60.2	60.36
60.3	60.37
60.13	60.38
60.6	60.39
60.12	60.40
60.13	60.41
60.6	60.42
60.1	60.43
60.1	60.44
60.7	60.45
60.13	60.46
60.1	60.47
60.13	60.48
60.9	60.49
60.1	60.50
60.13	60.51
60.13	60.52
60.8	60.53
60.13	60.54
60.13	60.55
60.1	60.56
60.1	60.57
60.5	60.58
60.8	60.59
60.13	60.60
60.8	60.61
60.8	60.62
60.8	60.63
60.10	60.64
61.8	61.1
61.11	61.2
61.7	61.3
61.6	61.4
61.7	61.5
61.7	61.6
61.1	61.7
61.1	61.8
61.7	61.9
61.10	61.10
61.6	61.11
61.11	61.12
61.8	61.13
61.11	61.14
61.8	61.15
61.7	61.16
61.7	61.17
61.6	61.18
61.1	61.19
61.13	61.20
61.7	61.21
61.7	61.22
61.6	61.23
61.4	61.24
61.13	61.25
61.7	61.26
61.6	61.27
61.7	61.28
61.9	61.29
61.10	61.30
61.6	61.31
61.6	61.32
61.6	61.33
61.8	61.34
61.10	61.35
61.1	61.36
61.8	61.37
61.7	61.38
61.1	61.39
61.6	61.40
61.6	61.41
61.6	61.42
61.2	61.43
61.12	61.44
61.1	61.45
61.13	61.46
61.8	61.47
61.3	61.48
61.8	61.49
61.7	61.50
61.11	61.51
61.1	61.52
61.11	61.53
61.1	61.54
61.6	61.55
61.8	61.56
61.8	61.57
61.8	61.58
61.6	61.59
61.8	61.60
61.1	61.61
61.1	61.62
61.6	61.63
61.5	61.64
62.3	62.1
62.3	62.2
62.3	62.3
62.3	62.4
62.2	62.5
62.3	62.6
62.5	62.7
62.2	62.8
62.2	62.9
62.3	62.10
62.3	62.11
62.3	62.12
62.5	62.13
62.2	62.14
62.2	62.15
62.2	62.16
62.3	62.17
62.3	62.18
62.2	62.19
62.3	62.20
62.2	62.21
62.3	62.22
62.1	62.23
62.6	62.24
62.2	62.25
62.2	62.26
62.3	62.27
62.2	62.28
62.2	62.29
62.2	62.30
62.4	62.31
62.2	62.32
62.2	62.33
62.2	62.34
62.2	62.35
62.6	62.36
62.3	62.37
62.4	62.38
62.3	62.39
62.2	62.40
62.3	62.41
62.2	62.42
62.2	62.43
62.3	62.44
62.2	62.45
62.3	62.46
62.3	62.47
62.6	62.48
62.6	62.49
62.3	62.50
62.2	62.51
62.2	62.52
62.4	62.53
62.2	62.54
62.3	62.55
62.6	62.56
62.3	62.57
62.2	62.58
62.2	62.59
62.3	62.60
62.2	62.61
62.2	62.62
62.3	62.63
62.2	62.64
63.1	63.1
63.1	63.2
63.1	63.3
63.1	63.4
63.1	63.5
63.1	63.6
63.1	63.7
63.1	63.8
63.1	63.9
63.1	63.10
63.1	63.11
63.1	63.12
63.1	63.13
63.1	63.14
63.1	63.15
63.1	63.16
63.1	63.17
63.1	63.18
63.1	63.19
63.1	63.20
63.1	63.21
63.1	63.22
63.1	63.23
63.1	63.24
63.1	63.25
63.1	63.26
63.1	63.27
63.1	63.28
63.1	63.29
63.1	63.30
63.1	63.31
63.1	63.32
63.1	63.33
63.1	63.34
63.1	63.35
63.1	63.36
63.1	63.37
63.1	63.38
63.1	63.39
63.1	63.40
63.1	63.41
63.1	63.42
63.2	63.43
63.1	63.44
63.1	63.45
63.1	63.46
63.1	63.47
63.1	63.48
63.1	63.49
63.1	63.50
63.3	63.51
63.1	63.52
63.1	63.53
63.1	63.54
63.1	63.55
63.1	63.56
63.1	63.57
63.1	63.58
63.1	63.59
63.1	63.60
63.1	63.61
63.1	63.62
63.1	63.63
63.1	63.64
64.4	64.1
64.1	64.2
64.1	64.3
64.1	64.4
64.1	64.5
64.1	64.6
64.1	64.7
64.1	64.8
64.1	64.9
64.1	64.10
64.1	64.11
64.1	64.12
64.1	64.13
64.1	64.14
64.1	64.15
64.1	64.16
64.1	64.17
64.1	64.18
64.1	64.19
64.1	64.20
64.1	64.21
64.1	64.22
64.1	64.23
64.1	64.24
64.1	64.25
64.1	64.26
64.1	64.27
64.1	64.28
64.5	64.29
64.1	64.30
64.1	64.31
64.1	64.32
64.1	64.33
64.1	64.34
64.1	64.35
64.1	64.36
64.1	64.37
64.1	64.38
64.3	64.39
64.1	64.40
64.1	64.41
64.1	64.42
64.1	64.43
64.1	64.44
64.1	64.45
64.1	64.46
64.2	64.47
64.1	64.48
64.1	64.49
64.1	64.50
64.1	64.51
64.1	64.52
64.1	64.53
64.1	64.54
64.1	64.55
64.1	64.56
64.1	64.57
64.1	64.58
64.1	64.59
64.1	64.60
64.1	64.61
64.1	64.62
64.1	64.63
64.1	64.64
65.6	65.1
65.8	65.2
65.4	65.3
65.8	65.4
65.1	65.5
65.6	65.6
65.1	65.7
65.8	65.8
65.1	65.9
65.8	65.10
65.8	65.11
65.6	65.12
65.8	65.13
65.8	65.14
65.7	65.15
65.8	65.16
65.5	65.17
65.5	65.18
65.1	65.19
65.6	65.20
65.5	65.21
65.8	65.22
65.1	65.23
65.1	65.24
65.8	65.25
65.6	65.26
65.8	65.27
65.7	65.28
65.2	65.29
65.6	65.30
65.5	65.31
65.1	65.32
65.7	65.33
65.8	65.34
65.5	65.35
65.8	65.36
65.7	65.37
65.8	65.38
65.1	65.39
65.8	65.40
65.8	65.41
65.1	65.42
65.6	65.43
65.1	65.44
65.6	65.45
65.6	65.46
65.1	65.47
65.1	65.48
65.8	65.49
65.6	65.50
65.7	65.51
65.8	65.52
65.6	65.53
65.8	65.54
65.8	65.55
65.3	65.56
65.1	65.57
65.1	65.58
65.1	65.59
65.1	65.60
65.1	65.61
65.1	65.62
65.1	65.63
65.6	65.64
66.1	66.1
66.5	66.2
66.1	66.3
66.1	66.4
66.1	66.5
66.1	66.6
66.1	66.7
66.1	66.8
66.5	66.9
66.1	66.10
66.5	66.11
66.1	66.12
66.3	66.13
66.1	66.14
66.5	66.15
66.1	66.16
66.1	66.17
66.1	66.18
66.5	66.19
66.1	66.20
66.1	66.21
66.5	66.22
66.5	66.23
66.5	66.24
66.1	66.25
66.1	66.26
66.1	66.27
66.1	66.28
66.5	66.29
66.5	66.30
66.5	66.31
66.5	66.32
66.5	66.33
66.5	66.34
66.5	66.35
66.6	66.36
66.5	66.37
66.7	66.38
66.1	66.39
66.1	66.40
66.1	66.41
66.1	66.42
66.5	66.43
66.5	66.44
66.7	66.45
66.5	66.46
66.5	66.47
66.1	66.48
66.7	66.49
66.5	66.50
66.5	66.51
66.5	66.52
66.7	66.53
66.4	66.54
66.5	66.55
66.7	66.56
66.1	66.57
66.7	66.58
66.5	66.59
66.8	66.60
66.5	66.61
66.1	66.62
66.2	66.63
66.5	66.64
67.5	67.1
67.4	67.2
67.4	67.3
67.4	67.4
67.5	67.5
67.4	67.6
67.4	67.7
67.4	67.8
67.5	67.9
67.4	67.10
67.5	67.11
67.4	67.12
67.4	67.13
67.1	67.14
67.4	67.15
67.5	67.16
67.5	67.17
67.4	67.18
67.4	67.19
67.5	67.20
67.4	67.21
67.5	67.22
67.1	67.23
67.1	67.24
67.5	67.25
67.4	67.26
67.4	67.27
67.5	67.28
67.4	67.29
67.4	67.30
67.2	67.31
67.4	67.32
67.5	67.33
67.4	67.34
67.4	67.35
67.5	67.36
67.4	67.37
67.4	67.38
67.4	67.39
67.5	67.40
67.4	67.41
67.4	67.42
67.5	67.43
67.5	67.44
67.3	67.45
67.4	67.46
67.4	67.47
67.4	67.48
67.5	67.49
67.5	67.50
67.4	67.51
67.5	67.52
67.5	67.53
67.4	67.54
67.4	67.55
67.4	67.56
67.4	67.57
67.4	67.58
67.5	67.59
67.5	67.60
67.5	67.61
67.5	67.62
67.5	67.63
67.5	67.64
68.3	68.1
68.3	68.2
68.1	68.3
68.3	68.4
68.3	68.5
68.1	68.6
68.3	68.7
68.1	68.8
68.5	68.9
68.1	68.10
68.3	68.11
68.4	68.12
68.3	68.13
68.3	68.14
68.3	68.15
68.4	68.16
68.1	68.17
68.1	68.18
68.3	68.19
68.4	68.20
68.1	68.21
68.1	68.22
68.3	68.23
68.4	68.24
68.3	68.25
68.3	68.26
68.1	68.27
68.4	68.28
68.4	68.29
68.3	68.30
68.3	68.31
68.3	68.32
68.4	68.33
68.3	68.34
68.3	68.35
68.4	68.36
68.5	68.37
68.3	68.38
68.3	68.39
68.3	68.40
68.3	68.41
68.3	68.42
68.1	68.43
68.1	68.44
68.1	68.45
68.4	68.46
68.1	68.47
68.3	68.48
68.1	68.49
68.3	68.50
68.2	68.51
68.3	68.52
68.3	68.53
68.1	68.54
68.3	68.55
68.1	68.56
68.1	68.57
68.1	68.58
68.1	68.59
68.3	68.60
68.3	68.61
68.1	68.62
68.3	68.63
68.1	68.64
69.3	69.1
69.1	69.2
69.3	69.3
69.3	69.4
69.3	69.5
69.4	69.6
69.3	69.7
69.4	69.8
69.3	69.9
69.3	69.10
69.1	69.11
69.1	69.12
69.1	69.13
69.1	69.14
69.2	69.15
69.3	69.16
69.3	69.17
69.3	69.18
69.3	69.19
69.3	69.20
69.1	69.21
69.3	69.22
69.3	69.23
69.1	69.24
69.1	69.25
69.3	69.26
69.1	69.27
69.3	69.28
69.3	69.29
69.4	69.30
69.3	69.31
69.3	69.32
69.3	69.33
69.1	69.34
69.3	69.35
69.1	69.36
69.1	69.37
69.3	69.38
69.3	69.39
69.1	69.40
69.3	69.41
69.1	69.42
69.4	69.43
69.3	69.44
69.4	69.45
69.1	69.46
69.3	69.47
69.3	69.48
69.3	69.49
69.1	69.50
69.3	69.51
69.1	69.52
69.3	69.53
69.1	69.54
69.3	69.55
69.3	69.56
69.1	69.57
69.3	69.58
69.3	69.59
69.4	69.60
69.3	69.61
69.3	69.62
69.3	69.63
69.3	69.64
70.1	70.1
70.1	70.2
70.1	70.3
70.1	70.4
70.1	70.5
70.4	70.6
70.1	70.7
70.1	70.8
70.1	70.9
70.1	70.10
70.1	70.11
70.1	70.12
70.1	70.13
70.1	70.14
70.1	70.15
70.1	70.16
70.1	70.17
70.1	70.18
70.1	70.19
70.1	70.20
70.1	70.21
70.1	70.22
70.1	70.23
70.1	70.24
70.1	70.25
70.1	70.26
70.1	70.27
70.1	70.28
70.1	70.29
70.1	70.30
70.1	70.31
70.3	70.32
70.2	70.33
70.1	70.34
70.1	70.35
70.1	70.36
70.1	70.37
70.1	70.38
70.1	70.39
70.1	70.40
70.1	70.41
70.1	70.42
70.1	70.43
70.1	70.44
70.1	70.45
70.1	70.46
70.1	70.47
70.1	70.48
70.1	70.49
70.1	70.50
70.1	70.51
70.1	70.52
70.1	70.53
70.1	70.54
70.1	70.55
70.1	70.56
70.1	70.57
70.1	70.58
70.1	70.59
70.1	70.60
70.1	70.61
70.1	70.62
70.1	70.63
70.1	70.64
71.4	71.1
71.5	71.2
71.5	71.3
71.1	71.4
71.5	71.5
71.5	71.6
71.1	71.7
71.5	71.8
71.1	71.9
71.5	71.10
71.1	71.11
71.5	71.12
71.5	71.13
71.1	71.14
71.5	71.15
71.5	71.16
71.1	71.17
71.1	71.18
71.5	71.19
71.5	71.20
71.5	71.21
71.4	71.22
71.1	71.23
71.5	71.24
71.4	71.25
71.4	71.26
71.1	71.27
71.5	71.28
71.5	71.29
71.5	71.30
71.1	71.31
71.5	71.32
71.4	71.33
71.1	71.34
71.5	71.35
71.2	71.36
71.1	71.37
71.1	71.38
71.1	71.39
71.4	71.40
71.1	71.41
71.4	71.42
71.1	71.43
71.3	71.44
71.1	71.45
71.5	71.46
71.5	71.47
71.1	71.48
71.4	71.49
71.4	71.50
71.1	71.51
71.4	71.52
71.1	71.53
71.1	71.54
71.1	71.55
71.5	71.56
71.4	71.57
71.4	71.58
71.4	71.59
71.3	71.60
71.1	71.61
71.1	71.62
71.5	71.63
71.1	71.64
72.1	72.1
72.1	72.2
72.1	72.3
72.1	72.4
72.1	72.5
72.1	72.6
72.1	72.7
72.1	72.8
72.1	72.9
72.1	72.10
72.1	72.11
72.2	72.12
72.1	72.13
72.1	72.14
72.1	72.15
72.1	72.16
72.1	72.17
72.1	72.18
72.1	72.19
72.1	72.20
72.1	72.21
72.1	72.22
72.1	72.23
72.1	72.24
72.1	72.25
72.1	72.26
72.1	72.27
72.1	72.28
72.1	72.29
72.1	72.30
72.1	72.31
72.1	72.32
72.1	72.33
72.1	72.34
72.1	72.35
72.1	72.36
72.1	72.37
72.1	72.38
72.1	72.39
72.1	72.40
72.1	72.41
72.1	72.42
72.1	72.43
72.1	72.44
72.1	72.45
72.1	72.46
72.1	72.47
72.1	72.48
72.1	72.49
72.1	72.50
72.1	72.51
72.1	72.52
72.1	72.53
72.1	72.54
72.1	72.55
72.1	72.56
72.1	72.57
72.1	72.58
72.1	72.59
72.1	72.60
72.1	72.61
72.1	72.62
72.1	72.63
72.1	72.64
73.6	73.1
73.4	73.2
73.6	73.3
73.4	73.4
73.2	73.5
73.6	73.6
73.4	73.7
73.6	73.8
73.6	73.9
73.6	73.10
73.4	73.11
73.4	73.12
73.1	73.13
73.4	73.14
73.4	73.15
73.6	73.16
73.4	73.17
73.6	73.18
73.4	73.19
73.6	73.20
73.6	73.21
73.4	73.22
73.4	73.23
73.1	73.24
73.6	73.25
73.4	73.26
73.6	73.27
73.5	73.28
73.1	73.29
73.4	73.30
73.1	73.31
73.6	73.32
73.6	73.33
73.4	73.34
73.6	73.35
73.6	73.36
73.1	73.37
73.6	73.38
73.1	73.39
73.4	73.40
73.4	73.41
73.4	73.42
73.4	73.43
73.1	73.44
73.6	73.45
73.1	73.46
73.4	73.47
73.1	73.48
73.6	73.49
73.4	73.50
73.4	73.51
73.6	73.52
73.6	73.53
73.1	73.54
73.1	73.55
73.1	73.56
73.6	73.57
73.6	73.58
73.1	73.59
73.6	73.60
73.6	73.61
73.6	73.62
73.3	73.63
73.4	73.64
74.1	74.1
74.1	74.2
74.1	74.3
74.5	74.4
74.1	74.5
74.5	74.6
74.5	74.7
74.4	74.8
74.1	74.9
74.1	74.10
74.1	74.11
74.1	74.12
74.1	74.13
74.1	74.14
74.1	74.15
74.1	74.16
74.1	74.17
74.1	74.18
74.1	74.19
74.1	74.20
74.1	74.21
74.5	74.22
74.1	74.23
74.1	74.24
74.1	74.25
74.5	74.26
74.5	74.27
74.1	74.28
74.1	74.29
74.1	74.30
74.1	74.31
74.1	74.32
74.1	74.33
74.1	74.34
74.1	74.35
74.1	74.36
74.5	74.37
74.1	74.38
74.1	74.39
74.1	74.40
74.4	74.41
74.1	74.42
74.1	74.43
74.1	74.44
74.1	74.45
74.5	74.46
74.5	74.47
74.1	74.48
74.4	74.49
74.3	74.50
74.6	74.51
74.5	74.52
74.1	74.53
74.1	74.54
74.5	74.55
74.5	74.56
74.1	74.57
74.1	74.58
74.1	74.59
74.2	74.60
74.1	74.61
74.5	74.62
74.1	74.63
74.6	74.64
75.8	75.1
75.1	75.2
75.1	75.3
75.7	75.4
75.1	75.5
75.7	75.6
75.8	75.7
75.1	75.8
75.1	75.9
75.1	75.10
75.7	75.11
75.7	75.12
75.7	75.13
75.1	75.14
75.7	75.15
75.8	75.16
75.4	75.17
75.7	75.18
75.1	75.19
75.2	75.20
75.7	75.21
75.7	75.22
75.7	75.23
75.3	75.24
75.6	75.25
75.8	75.26
75.8	75.27
75.7	75.28
75.6	75.29
75.8	75.30
75.1	75.31
75.7	75.32
75.7	75.33
75.1	75.34
75.7	75.35
75.7	75.36
75.1	75.37
75.1	75.38
75.6	75.39
75.7	75.40
75.1	75.41
75.7	75.42
75.1	75.43
75.8	75.44
75.5	75.45
75.5	75.46
75.6	75.47
75.1	75.48
75.1	75.49
75.8	75.50
75.8	75.51
75.4	75.52
75.1	75.53
75.1	75.54
75.1	75.55
75.8	75.56
75.5	75.57
75.1	75.58
75.7	75.59
75.8	75.60
75.4	75.61
75.8	75.62
75.4	75.63
75.1	75.64
76.4	76.1
76.4	76.2
76.4	76.3
76.4	76.4
76.4	76.5
76.4	76.6
76.4	76.7
76.4	76.8
76.4	76.9
76.1	76.10
76.4	76.11
76.4	76.12
76.1	76.13
76.4	76.14
76.4	76.15
76.1	76.16
76.1	76.17
76.4	76.18
76.4	76.19
76.4	76.20
76.3	76.21
76.4	76.22
76.1	76.23
76.4	76.24
76.4	76.25
76.4	76.26
76.4	76.27
76.4	76.28
76.4	76.29
76.4	76.30
76.1	76.31
76.4	76.32
76.4	76.33
76.4	76.34
76.4	76.35
76.1	76.36
76.4	76.37
76.4	76.38
76.4	76.39
76.4	76.40
76.1	76.41
76.4	76.42
76.1	76.43
76.1	76.44
76.4	76.45
76.4	76.46
76.4	76.47
76.4	76.48
76.4	76.49
76.1	76.50
76.4	76.51
76.1	76.52
76.4	76.53
76.1	76.54
76.2	76.55
76.4	76.56
76.4	76.57
76.4	76.58
76.4	76.59
76.4	76.60
76.4	76.61
76.5	76.62
76.1	76.63
76.4	76.64
77.1	77.1
77.7	77.2
77.6	77.3
77.11	77.4
77.6	77.5
77.6	77.6
77.6	77.7
77.6	77.8
77.6	77.9
77.7	77.10
77.6	77.11
77.7	77.12
77.6	77.13
77.6	77.14
77.6	77.15
77.6	77.16
77.2	77.17
77.6	77.18
77.6	77.19
77.1	77.20
77.11	77.21
77.6	77.22
77.11	77.23
77.6	77.24
77.6	77.25
77.11	77.26
77.8	77.27
77.6	77.28
77.9	77.29
77.11	77.30
77.6	77.31
77.6	77.32
77.7	77.33
77.3	77.34
77.8	77.35
77.6	77.36
77.6	77.37
77.11	77.38
77.8	77.39
77.8	77.40
77.11	77.41
77.6	77.42
77.6	77.43
77.6	77.44
77.10	77.45
77.7	77.46
77.9	77.47
77.5	77.48
77.6	77.49
77.1	77.50
77.11	77.51
77.7	77.52
77.3	77.53
77.4	77.54
77.6	77.55
77.1	77.56
77.8	77.57
77.6	77.58
77.6	77.59
77.6	77.60
77.6	77.61
77.6	77.62
77.6	77.63
77.11	77.64
78.6	78.1
78.13	78.2
78.14	78.3
78.7	78.4
78.9	78.5
78.13	78.6
78.9	78.7
78.2	78.8
78.10	78.9
78.9	78.10
78.11	78.11
78.13	78.12
78.6	78.13
78.7	78.14
78.14	78.15
78.9	78.16
78.9	78.17
78.6	78.18
78.1	78.19
78.10	78.20
78.10	78.21
78.14	78.22
78.12	78.23
78.9	78.24
78.7	78.25
78.10	78.26
78.9	78.27
78.14	78.28
78.14	78.29
78.1	78.30
78.12	78.31
78.1	78.32
78.7	78.33
78.1	78.34
78.9	78.35
78.1	78.36
78.5	78.37
78.7	78.38
78.9	78.39
78.4	78.40
78.12	78.41
78.1	78.42
78.8	78.43
78.1	78.44
78.9	78.45
78.9	78.46
78.3	78.47
78.1	78.48
78.9	78.49
78.13	78.50
78.13	78.51
78.1	78.52
78.6	78.53
78.7	78.54
78.14	78.55
78.6	78.56
78.1	78.57
78.9	78.58
78.7	78.59
78.11	78.60
78.9	78.61
78.7	78.62
78.14	78.63
78.9	78.64
79.10	79.1
79.12	79.2
79.10	79.3
79.13	79.4
79.19	79.5
79.13	79.6
79.3	79.7
79.13	79.8
79.11	79.9
79.13	79.10
79.3	79.11
79.10	79.12
79.13	79.13
79.5	79.14
79.19	79.15
79.19	79.16
79.8	79.17
79.19	79.18
79.13	79.19
79.6	79.20
79.15	79.21
79.13	79.22
79.3	79.23
79.16	79.24
79.3	79.25
79.15	79.26
79.8	79.27
79.10	79.28
79.16	79.29
79.6	79.30
79.19	79.31
79.11	79.32
79.20	79.33
79.18	79.34
79.14	79.35
79.9	79.36
79.12	79.37
79.2	79.38
79.10	79.39
79.13	79.40
79.15	79.41
79.4	79.42
79.10	79.43
79.1	79.44
79.1	79.45
79.6	79.46
79.16	79.47
79.14	79.48
79.8	79.49
79.7	79.50
79.15	79.51
79.11	79.52
79.19	79.53
79.3	79.54
79.13	79.55
79.11	79.56
79.17	79.57
79.1	79.58
79.6	79.59
79.13	79.60
79.13	79.61
79.6	79.62
79.13	79.63
79.16	79.64
80.3	80.1
80.3	80.2
80.5	80.3
80.3	80.4
80.3	80.5
80.8	80.6
80.3	80.7
80.2	80.8
80.8	80.9
80.8	80.10
80.8	80.11
80.3	80.12
80.8	80.13
80.8	80.14
80.5	80.15
80.8	80.16
80.3	80.17
80.7	80.18
80.3	80.19
80.3	80.20
80.1	80.21
80.8	80.22
80.3	80.23
80.7	80.24
80.8	80.25
80.8	80.26
80.3	80.27
80.8	80.28
80.3	80.29
80.3	80.30
80.7	80.31
80.5	80.32
80.3	80.33
80.8	80.34
80.3	80.35
80.3	80.36
80.3	80.37
80.8	80.38
80.3	80.39
80.3	80.40
80.8	80.41
80.3	80.42
80.3	80.43
80.5	80.44
80.8	80.45
80.8	80.46
80.7	80.47
80.3	80.48
80.8	80.49
80.5	80.50
80.3	80.51
80.8	80.52
80.3	80.53
80.6	80.54
80.3	80.55
80.3	80.56
80.3	80.57
80.3	80.58
80.7	80.59
80.3	80.60
80.8	80.61
80.4	80.62
80.3	80.63
80.3	80.64
81.3	81.1
81.1	81.2
81.1	81.3
81.1	81.4
81.1	81.5
81.5	81.6
81.5	81.7
81.6	81.8
81.6	81.9
81.6	81.10
81.1	81.11
81.5	81.12
81.3	81.13
81.1	81.14
81.1	81.15
81.1	81.16
81.5	81.17
81.1	81.18
81.7	81.19
81.3	81.20
81.5	81.21
81.5	81.22
81.6	81.23
81.1	81.24
81.5	81.25
81.5	81.26
81.3	81.27
81.3	81.28
81.3	81.29
81.3	81.30
81.1	81.31
81.5	81.32
81.5	81.33
81.5	81.34
81.1	81.35
81.1	81.36
81.6	81.37
81.5	81.38
81.5	81.39
81.4	81.40
81.7	81.41
81.6	81.42
81.1	81.43
81.1	81.44
81.1	81.45
81.5	81.46
81.5	81.47
81.1	81.48
81.5	81.49
81.6	81.50
81.3	81.51
81.1	81.52
81.7	81.53
81.5	81.54
81.1	81.55
81.3	81.56
81.1	81.57
81.1	81.58
81.4	81.59
81.5	81.60
81.3	81.61
81.2	81.62
81.1	81.63
81.7	81.64
82.1	82.1
82.1	82.2
82.1	82.3
82.1	82.4
82.1	82.5
82.1	82.6
82.1	82.7
82.1	82.8
82.1	82.9
82.1	82.10
82.1	82.11
82.1	82.12
82.1	82.13
82.1	82.14
82.1	82.15
82.1	82.16
82.1	82.17
82.1	82.18
82.1	82.19
82.1	82.20
82.1	82.21
82.1	82.22
82.1	82.23
82.1	82.24
82.1	82.25
82.1	82.26
82.1	82.27
82.1	82.28
82.1	82.29
82.1	82.30
82.1	82.31
82.1	82.32
82.1	82.33
82.1	82.34
82.1	82.35
82.1	82.36
82.1	82.37
82.1	82.38
82.1	82.39
82.1	82.40
82.1	82.41
82.1	82.42
82.1	82.43
82.1	82.44
82.1	82.45
82.1	82.46
82.1	82.47
82.1	82.48
82.1	82.49
82.1	82.50
82.1	82.51
82.1	82.52
82.1	82.53
82.1	82.54
82.1	82.55
82.1	82.56
82.2	82.57
82.1	82.58
82.1	82.59
82.1	82.60
82.1	82.61
82.3	82.62
82.1	82.63
82.1	82.64
83.9	83.1
83.1	83.2
83.9	83.3
83.9	83.4
83.8	83.5
83.4	83.6
83.6	83.7
83.6	83.8
83.9	83.9
83.6	83.10
83.3	83.11
83.9	83.12
83.9	83.13
83.7	83.14
83.9	83.15
83.9	83.16
83.4	83.17
83.9	83.18
83.1	83.19
83.9	83.20
83.1	83.21
83.7	83.22
83.9	83.23
83.4	83.24
83.7	83.25
83.9	83.26
83.9	83.27
83.4	83.28
83.3	83.29
83.1	83.30
83.9	83.31
83.2	83.32
83.4	83.33
83.7	83.34
83.9	83.35
83.4	83.36
83.1	83.37
83.9	83.38
83.5	83.39
83.1	83.40
83.4	83.41
83.9	83.42
83.6	83.43
83.9	83.44
83.9	83.45
83.1	83.46
83.1	83.47
83.9	83.48
83.9	83.49
83.1	83.50
83.1	83.51
83.1	83.52
83.1	83.53
83.1	83.54
83.9	83.55
83.1	83.56
83.6	83.57
83.1	83.58
83.1	83.59
83.9	83.60
83.1	83.61
83.9	83.62
83.9	83.63
83.6	83.64
84.1	84.1
84.1	84.2
84.1	84.3
84.1	84.4
84.1	84.5
84.1	84.6
84.3	84.7
84.3	84.8
84.1	84.9
84.1	84.10
84.1	84.11
84.1	84.12
84.1	84.13
84.1	84.14
84.1	84.15
84.1	84.16
84.1	84.17
84.1	84.18
84.1	84.19
84.1	84.20
84.1	84.21
84.1	84.22
84.1	84.23
84.1	84.24
84.1	84.25
84.1	84.26
84.1	84.27
84.1	84.28
84.1	84.29
84.1	84.30
84.1	84.31
84.1	84.32
84.3	84.33
84.1	84.34
84.1	84.35
84.1	84.36
84.1	84.37
84.1	84.38
84.1	84.39
84.1	84.40
84.1	84.41
84.1	84.42
84.1	84.43
84.1	84.44
84.1	84.45
84.1	84.46
84.1	84.47
84.1	84.48
84.1	84.49
84.1	84.50
84.2	84.51
84.1	84.52
84.1	84.53
84.1	84.54
84.1	84.55
84.1	84.56
84.1	84.57
84.1	84.58
84.1	84.59
84.3	84.60
84.1	84.61
84.1	84.62
84.1	84.63
84.1	84.64
85.1	85.1
85.1	85.2
85.1	85.3
85.1	85.4
85.1	85.5
85.1	85.6
85.1	85.7
85.1	85.8
85.1	85.9
85.1	85.10
85.1	85.11
85.2	85.12
85.3	85.13
85.5	85.14
85.4	85.15
85.1	85.16
85.1	85.17
85.5	85.18
85.5	85.19
85.1	85.20
85.1	85.21
85.4	85.22
85.1	85.23
85.1	85.24
85.5	85.25
85.1	85.26
85.1	85.27
85.1	85.28
85.4	85.29
85.5	85.30
85.4	85.31
85.1	85.32
85.1	85.33
85.5	85.34
85.5	85.35
85.5	85.36
85.1	85.37
85.1	85.38
85.5	85.39
85.4	85.40
85.5	85.41
85.4	85.42
85.5	85.43
85.1	85.44
85.5	85.45
85.1	85.46
85.1	85.47
85.1	85.48
85.5	85.49
85.5	85.50
85.1	85.51
85.5	85.52
85.1	85.53
85.1	85.54
85.1	85.55
85.1	85.56
85.1	85.57
85.5	85.58
85.4	85.59
85.1	85.60
85.1	85.61
85.5	85.62
85.4	85.63
85.5	85.64
86.3	86.1
86.1	86.2
86.1	86.3
86.1	86.4
86.1	86.5
86.1	86.6
86.1	86.7
86.1	86.8
86.1	86.9
86.1	86.10
86.3	86.11
86.3	86.12
86.1	86.13
86.1	86.14
86.3	86.15
86.1	86.16
86.1	86.17
86.1	86.18
86.1	86.19
86.1	86.20
86.1	86.21
86.1	86.22
86.1	86.23
86.1	86.24
86.1	86.25
86.1	86.26
86.3	86.27
86.1	86.28
86.1	86.29
86.3	86.30
86.1	86.31
86.1	86.32
86.1	86.33
86.1	86.34
86.2	86.35
86.1	86.36
86.1	86.37
86.1	86.38
86.1	86.39
86.3	86.40
86.1	86.41
86.1	86.42
86.1	86.43
86.1	86.44
86.1	86.45
86.1	86.46
86.1	86.47
86.3	86.48
86.1	86.49
86.3	86.50
86.1	86.51
86.1	86.52
86.1	86.53
86.1	86.54
86.1	86.55
86.1	86.56
86.1	86.57
86.1	86.58
86.1	86.59
86.1	86.60
86.1	86.61
86.1	86.62
86.1	86.63
86.1	86.64
87.1	87.1
87.1	87.2
87.1	87.3
87.8	87.4
87.5	87.5
87.9	87.6
87.8	87.7
87.1	87.8
87.5	87.9
87.8	87.10
87.1	87.11
87.8	87.12
87.1	87.13
87.6	87.14
87.9	87.15
87.9	87.16
87.9	87.17
87.9	87.18
87.9	87.19
87.9	87.20
87.9	87.21
87.9	87.22
87.1	87.23
87.9	87.24
87.5	87.25
87.4	87.26
87.1	87.27
87.9	87.28
87.3	87.29
87.1	87.30
87.5	87.31
87.9	87.32
87.7	87.33
87.9	87.34
87.2	87.35
87.9	87.36
87.1	87.37
87.1	87.38
87.1	87.39
87.9	87.40
87.9	87.41
87.1	87.42
87.5	87.43
87.5	87.44
87.1	87.45
87.5	87.46
87.5	87.47
87.9	87.48
87.1	87.49
87.6	87.50
87.5	87.51
87.1	87.52
87.8	87.53
87.5	87.54
87.9	87.55
87.1	87.56
87.5	87.57
87.5	87.58
87.1	87.59
87.1	87.60
87.5	87.61
87.6	87.62
87.1	87.63
87.1	87.64
88.4	88.1
88.4	88.2
88.1	88.3
88.1	88.4
88.5	88.5
88.4	88.6
88.5	88.7
88.5	88.8
88.5	88.9
88.6	88.10
88.5	88.11
88.6	88.12
88.4	88.13
88.7	88.14
88.5	88.15
88.5	88.16
88.1	88.17
88.5	88.18
88.7	88.19
88.7	88.20
88.4	88.21
88.7	88.22
88.1	88.23
88.1	88.24
88.1	88.25
88.1	88.26
88.5	88.27
88.4	88.28
88.6	88.29
88.5	88.30
88.6	88.31
88.3	88.32
88.1	88.33
88.5	88.34
88.7	88.35
88.5	88.36
88.5	88.37
88.5	88.38
88.7	88.39
88.5	88.40
88.1	88.41
88.4	88.42
88.7	88.43
88.3	88.44
88.1	88.45
88.5	88.46
88.5	88.47
88.2	88.48
88.1	88.49
88.5	88.50
88.4	88.51
88.5	88.52
88.5	88.53
88.1	88.54
88.4	88.55
88.4	88.56
88.4	88.57
88.1	88.58
88.5	88.59
88.7	88.60
88.5	88.61
88.1	88.62
88.5	88.63
88.4	88.64
89.3	89.1
89.3	89.2
89.3	89.3
89.3	89.4
89.3	89.5
89.3	89.6
89.3	89.7
89.3	89.8
89.1	89.9
89.1	89.10
89.3	89.11
89.3	89.12
89.3	89.13
89.3	89.14
89.3	89.15
89.3	89.16
89.3	89.17
89.3	89.18
89.3	89.19
89.3	89.20
89.1	89.21
89.3	89.22
89.2	89.23
89.3	89.24
89.3	89.25
89.3	89.26
89.1	89.27
89.3	89.28
89.3	89.29
89.3	89.30
89.1	89.31
89.3	89.32
89.3	89.33
89.3	89.34
89.3	89.35
89.3	89.36
89.1	89.37
89.3	89.38
89.3	89.39
89.3	89.40
89.3	89.41
89.3	89.42
89.1	89.43
89.3	89.44
89.1	89.45
89.3	89.46
89.3	89.47
89.3	89.48
89.1	89.49
89.3	89.50
89.1	89.51
89.3	89.52
89.3	89.53
89.3	89.54
89.1	89.55
89.1	89.56
89.3	89.57
89.1	89.58
89.1	89.59
89.1	89.60
89.3	89.61
89.1	89.62
89.3	89.63
89.3	89.64
90.3	90.1
90.3	90.2
90.3	90.3
90.3	90.4
90.3	90.5
90.6	90.6
90.6	90.7
90.6	90.8
90.6	90.9
90.3	90.10
90.6	90.11
90.3	90.12
90.3	90.13
90.6	90.14
90.3	90.15
90.3	90.16
90.3	90.17
90.6	90.18
90.3	90.19
90.3	90.20
90.3	90.21
90.3	90.22
90.6	90.23
90.3	90.24
90.5	90.25
90.7	90.26
90.3	90.27
90.4	90.28
90.6	90.29
90.3	90.30
90.6	90.31
90.3	90.32
90.6	90.33
90.5	90.34
90.6	90.35
90.3	90.36
90.3	90.37
90.1	90.38
90.6	90.39
90.3	90.40
90.6	90.41
90.6	90.42
90.7	90.43
90.7	90.44
90.3	90.45
90.3	90.46
90.3	90.47
90.3	90.48
90.6	90.49
90.7	90.50
90.3	90.51
90.3	90.52
90.6	90.53
90.3	90.54
90.3	90.55
90.4	90.56
90.6	90.57
90.3	90.58
90.3	90.59
90.6	90.60
90.4	90.61
90.6	90.62
90.6	90.63
90.2	90.64
91.5	91.1
91.1	91.2
91.3	91.3
91.5	91.4
91.1	91.5
91.5	91.6
91.1	91.7
91.1	91.8
91.5	91.9
91.1	91.10
91.1	91.11
91.5	91.12
91.5	91.13
91.1	91.14
91.1	91.15
91.1	91.16
91.1	91.17
91.1	91.18
91.5	91.19
91.1	91.20
91.3	91.21
91.1	91.22
91.5	91.23
91.1	91.24
91.1	91.25
91.1	91.26
91.1	91.27
91.5	91.28
91.3	91.29
91.5	91.30
91.5	91.31
91.5	91.32
91.1	91.33
91.5	91.34
91.5	91.35
91.1	91.36
91.1	91.37
91.3	91.38
91.4	91.39
91.1	91.40
91.1	91.41
91.2	91.42
91.3	91.43
91.4	91.44
91.1	91.45
91.5	91.46
91.5	91.47
91.5	91.48
91.1	91.49
91.5	91.50
91.1	91.51
91.1	91.52
91.5	91.53
91.5	91.54
91.5	91.55
91.5	91.56
91.1	91.57
91.1	91.58
91.5	91.59
91.5	91.60
91.5	91.61
91.1	91.62
91.1	91.63
91.1	91.64
92.1	92.1
92.1	92.2
92.5	92.3
92.1	92.4
92.4	92.5
92.1	92.6
92.5	92.7
92.1	92.8
92.5	92.9
92.5	92.10
92.1	92.11
92.1	92.12
92.1	92.13
92.5	92.14
92.1	92.15
92.1	92.16
92.1	92.17
92.1	92.18
92.1	92.19
92.1	92.20
92.1	92.21
92.1	92.22
92.3	92.23
92.1	92.24
92.1	92.25
92.1	92.26
92.1	92.27
92.5	92.28
92.1	92.29
92.1	92.30
92.5	92.31
92.5	92.32
92.1	92.33
92.5	92.34
92.1	92.35
92.5	92.36
92.1	92.37
92.5	92.38
92.5	92.39
92.1	92.40
92.1	92.41
92.1	92.42
92.1	92.43
92.1	92.44
92.1	92.45
92.1	92.46
92.1	92.47
92.1	92.48
92.1	92.49
92.1	92.50
92.2	92.51
92.1	92.52
92.1	92.53
92.5	92.54
92.1	92.55
92.5	92.56
92.5	92.57
92.1	92.58
92.1	92.59
92.1	92.60
92.1	92.61
92.1	92.62
92.1	92.63
92.1	92.64
93.1	93.1
93.1	93.2
93.13	93.3
93.13	93.4
93.16	93.5
93.13	93.6
93.1	93.7
93.1	93.8
93.1	93.9
93.1	93.10
93.1	93.11
93.1	93.12
93.15	93.13
93.11	93.14
93.16	93.15
93.13	93.16
93.13	93.17
93.1	93.18
93.1	93.19
93.16	93.20
93.9	93.21
93.9	93.22
93.13	93.23
93.1	93.24
93.11	93.25
93.1	93.26
93.16	93.27
93.1	93.28
93.1	93.29
93.1	93.30
93.13	93.31
93.16	93.32
93.6	93.33
93.1	93.34
93.15	93.35
93.7	93.36
93.12	93.37
93.16	93.38
93.13	93.39
93.1	93.40
93.1	93.41
93.13	93.42
93.10	93.43
93.2	93.44
93.13	93.45
93.1	93.46
93.16	93.47
93.16	93.48
93.13	93.49
93.7	93.50
93.7	93.51
93.9	93.52
93.9	93.53
93.4	93.54
93.9	93.55
93.16	93.56
93.16	93.57
93.5	93.58
93.3	93.59
93.16	93.60
93.8	93.61
93.14	93.62
93.12	93.63
93.1	93.64
94.1	94.1
94.1	94.2
94.1	94.3
94.1	94.4
94.1	94.5
94.1	94.6
94.1	94.7
94.1	94.8
94.1	94.9
94.1	94.10
94.1	94.11
94.1	94.12
94.1	94.13
94.1	94.14
94.1	94.15
94.1	94.16
94.1	94.17
94.1	94.18
94.1	94.19
94.1	94.20
94.1	94.21
94.1	94.22
94.1	94.23
94.1	94.24
94.1	94.25
94.1	94.26
94.1	94.27
94.1	94.28
94.1	94.29
94.1	94.30
94.1	94.31
94.1	94.32
94.1	94.33
94.1	94.34
94.1	94.35
94.2	94.36
94.1	94.37
94.2	94.38
94.1	94.39
94.1	94.40
94.1	94.41
94.1	94.42
94.2	94.43
94.1	94.44
94.1	94.45
94.1	94.46
94.1	94.47
94.1	94.48
94.1	94.49
94.1	94.50
94.1	94.51
94.1	94.52
94.1	94.53
94.1	94.54
94.1	94.55
94.1	94.56
94.1	94.57
94.1	94.58
94.1	94.59
94.1	94.60
94.1	94.61
94.1	94.62
94.1	94.63
94.1	94.64
95.11	95.1
95.1	95.2
95.1	95.3
95.8	95.4
95.10	95.5
95.2	95.6
95.1	95.7
95.9	95.8
95.6	95.9
95.1	95.10
95.1	95.11
95.11	95.12
95.5	95.13
95.1	95.14
95.5	95.15
95.10	95.16
95.1	95.17
95.1	95.18
95.4	95.19
95.1	95.20
95.11	95.21
95.4	95.22
95.4	95.23
95.11	95.24
95.11	95.25
95.10	95.26
95.1	95.27
95.4	95.28
95.1	95.29
95.10	95.30
95.11	95.31
95.11	95.32
95.1	95.33
95.4	95.34
95.11	95.35
95.5	95.36
95.11	95.37
95.1	95.38
95.9	95.39
95.7	95.40
95.10	95.41
95.11	95.42
95.11	95.43
95.4	95.44
95.1	95.45
95.4	95.46
95.11	95.47
95.10	95.48
95.1	95.49
95.11	95.50
95.11	95.51
95.4	95.52
95.11	95.53
95.11	95.54
95.7	95.55
95.12	95.56
95.11	95.57
95.10	95.58
95.1	95.59
95.4	95.60
95.4	95.61
95.1	95.62
95.3	95.63
95.1	95.64
96.6	96.1
96.7	96.2
96.1	96.3
96.1	96.4
96.4	96.5
96.10	96.6
96.6	96.7
96.6	96.8
96.1	96.9
96.3	96.10
96.11	96.11
96.10	96.12
96.8	96.13
96.1	96.14
96.5	96.15
96.6	96.16
96.6	96.17
96.10	96.18
96.10	96.19
96.12	96.20
96.7	96.21
96.1	96.22
96.10	96.23
96.10	96.24
96.6	96.25
96.6	96.26
96.7	96.27
96.11	96.28
96.1	96.29
96.10	96.30
96.10	96.31
96.1	96.32
96.9	96.33
96.10	96.34
96.10	96.35
96.10	96.36
96.5	96.37
96.6	96.38
96.1	96.39
96.11	96.40
96.6	96.41
96.1	96.42
96.10	96.43
96.10	96.44
96.1	96.45
96.10	96.46
96.6	96.47
96.10	96.48
96.10	96.49
96.10	96.50
96.11	96.51
96.6	96.52
96.11	96.53
96.2	96.54
96.1	96.55
96.6	96.56
96.6	96.57
96.3	96.58
96.11	96.59
96.5	96.60
96.6	96.61
96.10	96.62
96.8	96.63
96.7	96.64
97.3	97.1
97.3	97.2
97.1	97.3
97.1	97.4
97.3	97.5
97.8	97.6
97.8	97.7
97.3	97.8
97.7	97.9
97.3	97.10
97.1	97.11
97.1	97.12
97.3	97.13
97.1	97.14
97.3	97.15
97.1	97.16
97.3	97.17
97.1	97.18
97.4	97.19
97.3	97.20
97.3	97.21
97.7	97.22
97.7	97.23
97.3	97.24
97.6	97.25
97.6	97.26
97.3	97.27
97.1	97.28
97.7	97.29
97.8	97.30
97.8	97.31
97.7	97.32
97.3	97.33
97.7	97.34
97.8	97.35
97.1	97.36
97.3	97.37
97.7	97.38
97.1	97.39
97.3	97.40
97.2	97.41
97.3	97.42
97.5	97.43
97.7	97.44
97.3	97.45
97.1	97.46
97.8	97.47
97.1	97.48
97.8	97.49
97.1	97.50
97.8	97.51
97.7	97.52
97.1	97.53
97.3	97.54
97.1	97.55
97.1	97.56
97.3	97.57
97.5	97.58
97.1	97.59
97.3	97.60
97.3	97.61
97.1	97.62
97.3	97.63
97.3	97.64
98.1	98.1
98.1	98.2
98.1	98.3
98.14	98.4
98.14	98.5
98.1	98.6
98.16	98.7
98.14	98.8
98.14	98.9
98.14	98.10
98.14	98.11
98.11	98.12
98.6	98.13
98.17	98.14
98.18	98.15
98.14	98.16
98.16	98.17
98.17	98.18
98.14	98.19
98.10	98.20
98.7	98.21
98.6	98.22
98.17	98.23
98.1	98.24
98.14	98.25
98.14	98.26
98.17	98.27
98.5	98.28
98.7	98.29
98.6	98.30
98.15	98.31
98.9	98.32
98.1	98.33
98.14	98.34
98.6	98.35
98.14	98.36
98.13	98.37
98.17	98.38
98.13	98.39
98.17	98.40
98.7	98.41
98.12	98.42
98.11	98.43
98.11	98.44
98.16	98.45
98.14	98.46
98.14	98.47
98.17	98.48
98.1	98.49
98.8	98.50
98.17	98.51
98.16	98.52
98.11	98.53
98.2	98.54
98.6	98.55
98.1	98.56
98.1	98.57
98.4	98.58
98.17	98.59
98.11	98.60
98.3	98.61
98.14	98.62
98.1	98.63
98.11	98.64
99.1	99.1
99.1	99.2
99.1	99.3
99.3	99.4
99.1	99.5
99.1	99.6
99.1	99.7
99.1	99.8
99.1	99.9
99.1	99.10
99.1	99.11
99.1	99.12
99.3	99.13
99.1	99.14
99.3	99.15
99.1	99.16
99.4	99.17
99.1	99.18
99.1	99.19
99.1	99.20
99.1	99.21
99.1	99.22
99.1	99.23
99.2	99.24
99.1	99.25
99.3	99.26
99.3	99.27
99.1	99.28
99.1	99.29
99.1	99.30
99.1	99.31
99.1	99.32
99.1	99.33
99.1	99.34
99.4	99.35
99.1	99.36
99.3	99.37
99.1	99.38
99.1	99.39
99.1	99.40
99.1	99.41
99.1	99.42
99.1	99.43
99.1	99.44
99.1	99.45
99.4	99.46
99.3	99.47
99.1	99.48
99.1	99.49
99.1	99.50
99.1	99.51
99.1	99.52
99.1	99.53
99.1	99.54
99.1	99.55
99.1	99.56
99.1	99.57
99.1	99.58
99.1	99.59
99.1	99.60
99.1	99.61
99.1	99.62
99.1	99.63
99.1	99.64
100.5	100.1
100.7	100.2
100.1	100.3
100.4	100.4
100.5	100.5
100.1	100.6
100.1	100.7
100.1	100.8
100.1	100.9
100.5	100.10
100.1	100.11
100.5	100.12
100.1	100.13
100.7	100.14
100.1	100.15
100.1	100.16
100.5	100.17
100.5	100.18
100.1	100.19
100.1	100.20
100.7	100.21
100.1	100.22
100.5	100.23
100.1	100.24
100.1	100.25
100.1	100.26
100.5	100.27
100.5	100.28
100.1	100.29
100.1	100.30
100.6	100.31
100.5	100.32
100.1	100.33
100.9	100.34
100.9	100.35
100.1	100.36
100.1	100.37
100.1	100.38
100.1	100.39
100.1	100.40
100.1	100.41
100.1	100.42
100.5	100.43
100.1	100.44
100.1	100.45
100.5	100.46
100.1	100.47
100.1	100.48
100.1	100.49
100.1	100.50
100.6	100.51
100.1	100.52
100.8	100.53
100.5	100.54
100.2	100.55
100.5	100.56
100.9	100.57
100.1	100.58
100.3	100.59
100.5	100.60
100.5	100.61
100.1	100.62
100.1	100.63
100.7	100.64