subTopicID	resultID
1.4	1.1
1.5	1.2
1.5	1.3
1.5	1.4
1.1	1.5
1.5	1.6
1.5	1.7
1.4	1.8
1.5	1.9
1.5	1.10
1.4	1.11
1.5	1.12
1.5	1.13
1.5	1.14
1.5	1.15
1.5	1.16
1.5	1.17
1.4	1.18
1.4	1.19
1.5	1.20
1.5	1.21
1.1	1.22
1.5	1.23
1.5	1.24
1.5	1.25
1.4	1.26
1.4	1.27
1.5	1.28
1.4	1.29
1.5	1.30
1.5	1.31
1.5	1.32
1.4	1.33
1.4	1.34
1.4	1.35
1.4	1.36
1.1	1.37
1.5	1.38
1.3	1.39
1.4	1.40
1.5	1.41
1.5	1.42
1.5	1.43
1.5	1.44
1.4	1.45
1.4	1.46
1.5	1.47
1.4	1.48
1.3	1.49
1.3	1.50
1.4	1.51
1.4	1.52
1.5	1.53
1.4	1.54
1.1	1.55
1.5	1.56
1.4	1.57
1.4	1.58
1.1	1.59
1.4	1.60
1.2	1.61
1.4	1.62
1.5	1.63
1.5	1.64
2.1	2.1
2.10	2.2
2.10	2.3
2.1	2.4
2.9	2.5
2.10	2.6
2.1	2.7
2.1	2.8
2.1	2.9
2.10	2.10
2.1	2.11
2.8	2.12
2.1	2.13
2.1	2.14
2.1	2.15
2.1	2.16
2.9	2.17
2.1	2.18
2.1	2.19
2.1	2.20
2.9	2.21
2.4	2.22
2.3	2.23
2.1	2.24
2.10	2.25
2.1	2.26
2.10	2.27
2.7	2.28
2.9	2.29
2.1	2.30
2.1	2.31
2.10	2.32
2.1	2.33
2.10	2.34
2.10	2.35
2.7	2.36
2.10	2.37
2.7	2.38
2.9	2.39
2.2	2.40
2.10	2.41
2.5	2.42
2.1	2.43
2.10	2.44
2.1	2.45
2.5	2.46
2.10	2.47
2.6	2.48
2.10	2.49
2.9	2.50
2.1	2.51
2.10	2.52
2.7	2.53
2.1	2.54
2.10	2.55
2.10	2.56
2.9	2.57
2.7	2.58
2.10	2.59
2.7	2.60
2.10	2.61
2.9	2.62
2.7	2.63
2.9	2.64
3.1	3.1
3.1	3.2
3.1	3.3
3.11	3.4
3.1	3.5
3.1	3.6
3.12	3.7
3.1	3.8
3.1	3.9
3.1	3.10
3.1	3.11
3.1	3.12
3.1	3.13
3.12	3.14
3.1	3.15
3.12	3.16
3.12	3.17
3.1	3.18
3.11	3.19
3.12	3.20
3.1	3.21
3.1	3.22
3.5	3.23
3.12	3.24
3.1	3.25
3.1	3.26
3.7	3.27
3.1	3.28
3.12	3.29
3.11	3.30
3.1	3.31
3.11	3.32
3.1	3.33
3.12	3.34
3.1	3.35
3.10	3.36
3.1	3.37
3.8	3.38
3.3	3.39
3.12	3.40
3.1	3.41
3.1	3.42
3.1	3.43
3.11	3.44
3.1	3.45
3.1	3.46
3.6	3.47
3.1	3.48
3.1	3.49
3.9	3.50
3.4	3.51
3.1	3.52
3.1	3.53
3.1	3.54
3.1	3.55
3.12	3.56
3.12	3.57
3.2	3.58
3.1	3.59
3.12	3.60
3.1	3.61
3.1	3.62
3.9	3.63
3.1	3.64
4.1	4.1
4.4	4.2
4.8	4.3
4.8	4.4
4.8	4.5
4.6	4.6
4.8	4.7
4.8	4.8
4.1	4.9
4.6	4.10
4.1	4.11
4.8	4.12
4.8	4.13
4.8	4.14
4.8	4.15
4.8	4.16
4.1	4.17
4.1	4.18
4.1	4.19
4.8	4.20
4.8	4.21
4.1	4.22
4.3	4.23
4.1	4.24
4.6	4.25
4.8	4.26
4.6	4.27
4.8	4.28
4.8	4.29
4.8	4.30
4.6	4.31
4.1	4.32
4.8	4.33
4.8	4.34
4.1	4.35
4.1	4.36
4.6	4.37
4.8	4.38
4.8	4.39
4.1	4.40
4.1	4.41
4.8	4.42
4.8	4.43
4.6	4.44
4.8	4.45
4.2	4.46
4.8	4.47
4.8	4.48
4.5	4.49
4.1	4.50
4.1	4.51
4.8	4.52
4.8	4.53
4.1	4.54
4.7	4.55
4.1	4.56
4.5	4.57
4.1	4.58
4.5	4.59
4.8	4.60
4.1	4.61
4.8	4.62
4.1	4.63
4.6	4.64
5.5	5.1
5.5	5.2
5.9	5.3
5.5	5.4
5.8	5.5
5.5	5.6
5.1	5.7
5.5	5.8
5.5	5.9
5.5	5.10
5.9	5.11
5.9	5.12
5.9	5.13
5.1	5.14
5.1	5.15
5.5	5.16
5.1	5.17
5.5	5.18
5.7	5.19
5.5	5.20
5.5	5.21
5.9	5.22
5.1	5.23
5.9	5.24
5.10	5.25
5.7	5.26
5.5	5.27
5.9	5.28
5.5	5.29
5.9	5.30
5.5	5.31
5.9	5.32
5.6	5.33
5.5	5.34
5.9	5.35
5.9	5.36
5.5	5.37
5.2	5.38
5.5	5.39
5.5	5.40
5.5	5.41
5.5	5.42
5.5	5.43
5.3	5.44
5.5	5.45
5.5	5.46
5.7	5.47
5.1	5.48
5.5	5.49
5.1	5.50
5.5	5.51
5.5	5.52
5.1	5.53
5.4	5.54
5.1	5.55
5.9	5.56
5.5	5.57
5.5	5.58
5.5	5.59
5.9	5.60
5.9	5.61
5.5	5.62
5.1	5.63
5.5	5.64
6.1	6.1
6.5	6.2
6.5	6.3
6.7	6.4
6.4	6.5
6.5	6.6
6.1	6.7
6.5	6.8
6.1	6.9
6.1	6.10
6.5	6.11
6.5	6.12
6.5	6.13
6.5	6.14
6.5	6.15
6.5	6.16
6.5	6.17
6.5	6.18
6.1	6.19
6.2	6.20
6.5	6.21
6.5	6.22
6.5	6.23
6.5	6.24
6.5	6.25
6.5	6.26
6.5	6.27
6.5	6.28
6.5	6.29
6.5	6.30
6.3	6.31
6.5	6.32
6.1	6.33
6.5	6.34
6.1	6.35
6.5	6.36
6.6	6.37
6.1	6.38
6.1	6.39
6.5	6.40
6.5	6.41
6.5	6.42
6.5	6.43
6.5	6.44
6.5	6.45
6.5	6.46
6.5	6.47
6.1	6.48
6.1	6.49
6.5	6.50
6.5	6.51
6.1	6.52
6.5	6.53
6.5	6.54
6.7	6.55
6.5	6.56
6.1	6.57
6.1	6.58
6.1	6.59
6.1	6.60
6.1	6.61
6.1	6.62
6.1	6.63
6.5	6.64
7.5	7.1
7.5	7.2
7.7	7.3
7.7	7.4
7.8	7.5
7.8	7.6
7.5	7.7
7.1	7.8
7.8	7.9
7.8	7.10
7.5	7.11
7.7	7.12
7.5	7.13
7.8	7.14
7.5	7.15
7.7	7.16
7.7	7.17
7.5	7.18
7.8	7.19
7.5	7.20
7.5	7.21
7.4	7.22
7.7	7.23
7.7	7.24
7.7	7.25
7.5	7.26
7.9	7.27
7.1	7.28
7.8	7.29
7.5	7.30
7.4	7.31
7.4	7.32
7.4	7.33
7.6	7.34
7.5	7.35
7.2	7.36
7.5	7.37
7.8	7.38
7.8	7.39
7.5	7.40
7.1	7.41
7.8	7.42
7.5	7.43
7.7	7.44
7.5	7.45
7.4	7.46
7.5	7.47
7.5	7.48
7.3	7.49
7.7	7.50
7.6	7.51
7.5	7.52
7.7	7.53
7.9	7.54
7.5	7.55
7.8	7.56
7.5	7.57
7.7	7.58
7.9	7.59
7.1	7.60
7.6	7.61
7.4	7.62
7.4	7.63
7.8	7.64
8.1	8.1
8.1	8.2
8.1	8.3
8.6	8.4
8.5	8.5
8.5	8.6
8.6	8.7
8.5	8.8
8.5	8.9
8.6	8.10
8.5	8.11
8.1	8.12
8.5	8.13
8.5	8.14
8.1	8.15
8.5	8.16
8.3	8.17
8.6	8.18
8.5	8.19
8.5	8.20
8.2	8.21
8.6	8.22
8.5	8.23
8.5	8.24
8.1	8.25
8.1	8.26
8.4	8.27
8.6	8.28
8.6	8.29
8.1	8.30
8.6	8.31
8.6	8.32
8.5	8.33
8.1	8.34
8.5	8.35
8.1	8.36
8.1	8.37
8.1	8.38
8.1	8.39
8.6	8.40
8.1	8.41
8.1	8.42
8.6	8.43
8.5	8.44
8.6	8.45
8.5	8.46
8.5	8.47
8.1	8.48
8.1	8.49
8.1	8.50
8.1	8.51
8.6	8.52
8.1	8.53
8.1	8.54
8.1	8.55
8.6	8.56
8.5	8.57
8.6	8.58
8.6	8.59
8.1	8.60
8.6	8.61
8.4	8.62
8.5	8.63
8.5	8.64
9.7	9.1
9.1	9.2
9.1	9.3
9.1	9.4
9.1	9.5
9.1	9.6
9.1	9.7
9.7	9.8
9.1	9.9
9.1	9.10
9.1	9.11
9.1	9.12
9.1	9.13
9.7	9.14
9.1	9.15
9.1	9.16
9.4	9.17
9.1	9.18
9.1	9.19
9.1	9.20
9.1	9.21
9.1	9.22
9.7	9.23
9.1	9.24
9.5	9.25
9.2	9.26
9.7	9.27
9.7	9.28
9.1	9.29
9.1	9.30
9.1	9.31
9.7	9.32
9.6	9.33
9.1	9.34
9.1	9.35
9.1	9.36
9.7	9.37
9.3	9.38
9.6	9.39
9.4	9.40
9.1	9.41
9.6	9.42
9.7	9.43
9.6	9.44
9.7	9.45
9.4	9.46
9.1	9.47
9.1	9.48
9.7	9.49
9.1	9.50
9.1	9.51
9.1	9.52
9.1	9.53
9.1	9.54
9.7	9.55
9.1	9.56
9.1	9.57
9.7	9.58
9.1	9.59
9.1	9.60
9.1	9.61
9.7	9.62
9.1	9.63
9.7	9.64
10.1	10.1
10.1	10.2
10.10	10.3
10.10	10.4
10.1	10.5
10.1	10.6
10.1	10.7
10.9	10.8
10.10	10.9
10.1	10.10
10.1	10.11
10.10	10.12
10.5	10.13
10.1	10.14
10.1	10.15
10.1	10.16
10.1	10.17
10.1	10.18
10.1	10.19
10.1	10.20
10.6	10.21
10.1	10.22
10.6	10.23
10.1	10.24
10.9	10.25
10.10	10.26
10.9	10.27
10.10	10.28
10.1	10.29
10.10	10.30
10.6	10.31
10.9	10.32
10.3	10.33
10.8	10.34
10.1	10.35
10.9	10.36
10.1	10.37
10.1	10.38
10.10	10.39
10.9	10.40
10.1	10.41
10.2	10.42
10.2	10.43
10.1	10.44
10.10	10.45
10.1	10.46
10.10	10.47
10.5	10.48
10.10	10.49
10.10	10.50
10.10	10.51
10.1	10.52
10.9	10.53
10.1	10.54
10.9	10.55
10.10	10.56
10.10	10.57
10.10	10.58
10.10	10.59
10.7	10.60
10.10	10.61
10.4	10.62
10.1	10.63
10.2	10.64
11.7	11.1
11.5	11.2
11.7	11.3
11.7	11.4
11.1	11.5
11.1	11.6
11.9	11.7
11.1	11.8
11.1	11.9
11.7	11.10
11.1	11.11
11.7	11.12
11.7	11.13
11.7	11.14
11.8	11.15
11.7	11.16
11.4	11.17
11.8	11.18
11.1	11.19
11.7	11.20
11.4	11.21
11.3	11.22
11.1	11.23
11.6	11.24
11.7	11.25
11.7	11.26
11.8	11.27
11.7	11.28
11.7	11.29
11.7	11.30
11.1	11.31
11.7	11.32
11.7	11.33
11.1	11.34
11.1	11.35
11.1	11.36
11.7	11.37
11.7	11.38
11.1	11.39
11.6	11.40
11.1	11.41
11.7	11.42
11.1	11.43
11.1	11.44
11.1	11.45
11.1	11.46
11.1	11.47
11.4	11.48
11.1	11.49
11.9	11.50
11.7	11.51
11.7	11.52
11.7	11.53
11.7	11.54
11.7	11.55
11.6	11.56
11.1	11.57
11.9	11.58
11.2	11.59
11.7	11.60
11.1	11.61
11.1	11.62
11.1	11.63
11.7	11.64
12.12	12.1
12.4	12.2
12.6	12.3
12.2	12.4
12.1	12.5
12.12	12.6
12.14	12.7
12.12	12.8
12.1	12.9
12.5	12.10
12.12	12.11
12.12	12.12
12.12	12.13
12.12	12.14
12.13	12.15
12.12	12.16
12.12	12.17
12.15	12.18
12.12	12.19
12.7	12.20
12.7	12.21
12.12	12.22
12.9	12.23
12.12	12.24
12.12	12.25
12.7	12.26
12.8	12.27
12.1	12.28
12.12	12.29
12.1	12.30
12.1	12.31
12.1	12.32
12.1	12.33
12.12	12.34
12.3	12.35
12.12	12.36
12.1	12.37
12.12	12.38
12.10	12.39
12.12	12.40
12.1	12.41
12.7	12.42
12.1	12.43
12.15	12.44
12.1	12.45
12.12	12.46
12.12	12.47
12.12	12.48
12.15	12.49
12.1	12.50
12.1	12.51
12.1	12.52
12.7	12.53
12.12	12.54
12.11	12.55
12.1	12.56
12.14	12.57
12.12	12.58
12.7	12.59
12.12	12.60
12.12	12.61
12.12	12.62
12.7	12.63
12.1	12.64
13.8	13.1
13.8	13.2
13.5	13.3
13.10	13.4
13.5	13.5
13.5	13.6
13.2	13.7
13.11	13.8
13.3	13.9
13.11	13.10
13.11	13.11
13.5	13.12
13.9	13.13
13.11	13.14
13.11	13.15
13.5	13.16
13.11	13.17
13.11	13.18
13.11	13.19
13.5	13.20
13.5	13.21
13.11	13.22
13.5	13.23
13.11	13.24
13.5	13.25
13.11	13.26
13.5	13.27
13.5	13.28
13.5	13.29
13.11	13.30
13.9	13.31
13.10	13.32
13.9	13.33
13.5	13.34
13.9	13.35
13.11	13.36
13.11	13.37
13.4	13.38
13.5	13.39
13.5	13.40
13.11	13.41
13.7	13.42
13.9	13.43
13.9	13.44
13.5	13.45
13.11	13.46
13.10	13.47
13.11	13.48
13.11	13.49
13.1	13.50
13.5	13.51
13.7	13.52
13.9	13.53
13.5	13.54
13.11	13.55
13.9	13.56
13.9	13.57
13.6	13.58
13.11	13.59
13.10	13.60
13.11	13.61
13.5	13.62
13.5	13.63
13.5	13.64
14.5	14.1
14.1	14.2
14.1	14.3
14.5	14.4
14.5	14.5
14.5	14.6
14.3	14.7
14.5	14.8
14.5	14.9
14.5	14.10
14.1	14.11
14.2	14.12
14.5	14.13
14.1	14.14
14.5	14.15
14.1	14.16
14.1	14.17
14.5	14.18
14.3	14.19
14.1	14.20
14.5	14.21
14.4	14.22
14.1	14.23
14.5	14.24
14.4	14.25
14.5	14.26
14.1	14.27
14.4	14.28
14.4	14.29
14.5	14.30
14.1	14.31
14.5	14.32
14.5	14.33
14.4	14.34
14.1	14.35
14.5	14.36
14.1	14.37
14.1	14.38
14.1	14.39
14.1	14.40
14.5	14.41
14.1	14.42
14.5	14.43
14.5	14.44
14.5	14.45
14.4	14.46
14.5	14.47
14.5	14.48
14.4	14.49
14.1	14.50
14.4	14.51
14.1	14.52
14.1	14.53
14.1	14.54
14.1	14.55
14.1	14.56
14.1	14.57
14.1	14.58
14.4	14.59
14.1	14.60
14.1	14.61
14.5	14.62
14.1	14.63
14.1	14.64
15.14	15.1
15.15	15.2
15.4	15.3
15.15	15.4
15.1	15.5
15.13	15.6
15.1	15.7
15.15	15.8
15.1	15.9
15.1	15.10
15.7	15.11
15.1	15.12
15.14	15.13
15.15	15.14
15.15	15.15
15.1	15.16
15.14	15.17
15.1	15.18
15.1	15.19
15.1	15.20
15.1	15.21
15.15	15.22
15.15	15.23
15.12	15.24
15.1	15.25
15.15	15.26
15.1	15.27
15.14	15.28
15.15	15.29
15.15	15.30
15.15	15.31
15.13	15.32
15.1	15.33
15.13	15.34
15.1	15.35
15.15	15.36
15.10	15.37
15.1	15.38
15.13	15.39
15.15	15.40
15.7	15.41
15.15	15.42
15.15	15.43
15.8	15.44
15.15	15.45
15.14	15.46
15.14	15.47
15.2	15.48
15.15	15.49
15.9	15.50
15.7	15.51
15.14	15.52
15.6	15.53
15.5	15.54
15.1	15.55
15.10	15.56
15.14	15.57
15.12	15.58
15.12	15.59
15.11	15.60
15.3	15.61
15.12	15.62
15.12	15.63
15.13	15.64
16.7	16.1
16.14	16.2
16.7	16.3
16.12	16.4
16.12	16.5
16.7	16.6
16.7	16.7
16.9	16.8
16.7	16.9
16.7	16.10
16.7	16.11
16.15	16.12
16.7	16.13
16.12	16.14
16.7	16.15
16.7	16.16
16.13	16.17
16.7	16.18
16.7	16.19
16.7	16.20
16.12	16.21
16.2	16.22
16.15	16.23
16.7	16.24
16.7	16.25
16.7	16.26
16.7	16.27
16.7	16.28
16.3	16.29
16.12	16.30
16.12	16.31
16.7	16.32
16.1	16.33
16.7	16.34
16.5	16.35
16.12	16.36
16.12	16.37
16.7	16.38
16.1	16.39
16.7	16.40
16.12	16.41
16.8	16.42
16.7	16.43
16.7	16.44
16.11	16.45
16.9	16.46
16.7	16.47
16.4	16.48
16.11	16.49
16.6	16.50
16.12	16.51
16.7	16.52
16.7	16.53
16.7	16.54
16.12	16.55
16.10	16.56
16.12	16.57
16.12	16.58
16.9	16.59
16.12	16.60
16.12	16.61
16.9	16.62
16.13	16.63
16.12	16.64
17.1	17.1
17.8	17.2
17.7	17.3
17.7	17.4
17.7	17.5
17.8	17.6
17.7	17.7
17.8	17.8
17.7	17.9
17.10	17.10
17.1	17.11
17.5	17.12
17.1	17.13
17.10	17.14
17.7	17.15
17.1	17.16
17.8	17.17
17.7	17.18
17.1	17.19
17.1	17.20
17.3	17.21
17.4	17.22
17.8	17.23
17.1	17.24
17.7	17.25
17.1	17.26
17.7	17.27
17.7	17.28
17.7	17.29
17.7	17.30
17.3	17.31
17.1	17.32
17.7	17.33
17.8	17.34
17.5	17.35
17.3	17.36
17.7	17.37
17.2	17.38
17.7	17.39
17.9	17.40
17.7	17.41
17.7	17.42
17.1	17.43
17.8	17.44
17.1	17.45
17.1	17.46
17.4	17.47
17.7	17.48
17.9	17.49
17.10	17.50
17.6	17.51
17.9	17.52
17.7	17.53
17.1	17.54
17.9	17.55
17.4	17.56
17.5	17.57
17.1	17.58
17.7	17.59
17.7	17.60
17.7	17.61
17.9	17.62
17.7	17.63
17.7	17.64
18.4	18.1
18.7	18.2
18.1	18.3
18.6	18.4
18.6	18.5
18.6	18.6
18.6	18.7
18.6	18.8
18.1	18.9
18.1	18.10
18.6	18.11
18.1	18.12
18.1	18.13
18.6	18.14
18.1	18.15
18.1	18.16
18.1	18.17
18.7	18.18
18.1	18.19
18.6	18.20
18.6	18.21
18.6	18.22
18.1	18.23
18.1	18.24
18.6	18.25
18.6	18.26
18.1	18.27
18.6	18.28
18.2	18.29
18.1	18.30
18.6	18.31
18.6	18.32
18.6	18.33
18.6	18.34
18.7	18.35
18.6	18.36
18.7	18.37
18.1	18.38
18.1	18.39
18.1	18.40
18.6	18.41
18.1	18.42
18.5	18.43
18.1	18.44
18.1	18.45
18.1	18.46
18.6	18.47
18.6	18.48
18.1	18.49
18.5	18.50
18.8	18.51
18.1	18.52
18.9	18.53
18.1	18.54
18.7	18.55
18.3	18.56
18.7	18.57
18.1	18.58
18.1	18.59
18.1	18.60
18.6	18.61
18.6	18.62
18.1	18.63
18.6	18.64
19.3	19.1
19.12	19.2
19.10	19.3
19.11	19.4
19.3	19.5
19.12	19.6
19.6	19.7
19.10	19.8
19.9	19.9
19.11	19.10
19.11	19.11
19.1	19.12
19.7	19.13
19.3	19.14
19.11	19.15
19.11	19.16
19.10	19.17
19.7	19.18
19.11	19.19
19.10	19.20
19.5	19.21
19.4	19.22
19.11	19.23
19.10	19.24
19.10	19.25
19.3	19.26
19.8	19.27
19.11	19.28
19.9	19.29
19.11	19.30
19.10	19.31
19.3	19.32
19.10	19.33
19.2	19.34
19.10	19.35
19.11	19.36
19.10	19.37
19.10	19.38
19.11	19.39
19.7	19.40
19.10	19.41
19.9	19.42
19.11	19.43
19.11	19.44
19.10	19.45
19.10	19.46
19.11	19.47
19.10	19.48
19.11	19.49
19.3	19.50
19.3	19.51
19.12	19.52
19.11	19.53
19.12	19.54
19.12	19.55
19.3	19.56
19.12	19.57
19.1	19.58
19.11	19.59
19.11	19.60
19.12	19.61
19.10	19.62
19.11	19.63
19.10	19.64
20.1	20.1
20.1	20.2
20.6	20.3
20.6	20.4
20.6	20.5
20.1	20.6
20.1	20.7
20.1	20.8
20.4	20.9
20.6	20.10
20.1	20.11
20.1	20.12
20.1	20.13
20.1	20.14
20.6	20.15
20.1	20.16
20.1	20.17
20.2	20.18
20.6	20.19
20.8	20.20
20.6	20.21
20.6	20.22
20.1	20.23
20.8	20.24
20.6	20.25
20.6	20.26
20.1	20.27
20.6	20.28
20.1	20.29
20.7	20.30
20.8	20.31
20.5	20.32
20.8	20.33
20.1	20.34
20.6	20.35
20.8	20.36
20.1	20.37
20.1	20.38
20.1	20.39
20.6	20.40
20.6	20.41
20.9	20.42
20.1	20.43
20.1	20.44
20.6	20.45
20.1	20.46
20.1	20.47
20.1	20.48
20.8	20.49
20.1	20.50
20.1	20.51
20.6	20.52
20.6	20.53
20.1	20.54
20.4	20.55
20.3	20.56
20.6	20.57
20.1	20.58
20.1	20.59
20.1	20.60
20.4	20.61
20.4	20.62
20.1	20.63
20.1	20.64
21.4	21.1
21.4	21.2
21.7	21.3
21.4	21.4
21.4	21.5
21.1	21.6
21.1	21.7
21.3	21.8
21.4	21.9
21.4	21.10
21.4	21.11
21.2	21.12
21.1	21.13
21.1	21.14
21.4	21.15
21.1	21.16
21.4	21.17
21.4	21.18
21.1	21.19
21.4	21.20
21.6	21.21
21.5	21.22
21.5	21.23
21.1	21.24
21.4	21.25
21.4	21.26
21.1	21.27
21.1	21.28
21.4	21.29
21.1	21.30
21.4	21.31
21.4	21.32
21.1	21.33
21.7	21.34
21.1	21.35
21.7	21.36
21.1	21.37
21.1	21.38
21.1	21.39
21.4	21.40
21.5	21.41
21.4	21.42
21.4	21.43
21.4	21.44
21.4	21.45
21.1	21.46
21.4	21.47
21.1	21.48
21.4	21.49
21.4	21.50
21.4	21.51
21.4	21.52
21.4	21.53
21.1	21.54
21.4	21.55
21.7	21.56
21.1	21.57
21.6	21.58
21.4	21.59
21.6	21.60
21.5	21.61
21.1	21.62
21.1	21.63
21.7	21.64
22.8	22.1
22.12	22.2
22.6	22.3
22.1	22.4
22.6	22.5
22.6	22.6
22.11	22.7
22.6	22.8
22.8	22.9
22.12	22.10
22.12	22.11
22.12	22.12
22.12	22.13
22.12	22.14
22.10	22.15
22.12	22.16
22.6	22.17
22.12	22.18
22.12	22.19
22.1	22.20
22.13	22.21
22.12	22.22
22.9	22.23
22.1	22.24
22.1	22.25
22.7	22.26
22.8	22.27
22.12	22.28
22.12	22.29
22.12	22.30
22.6	22.31
22.1	22.32
22.13	22.33
22.2	22.34
22.8	22.35
22.12	22.36
22.8	22.37
22.12	22.38
22.6	22.39
22.6	22.40
22.8	22.41
22.8	22.42
22.12	22.43
22.6	22.44
22.12	22.45
22.14	22.46
22.6	22.47
22.6	22.48
22.12	22.49
22.8	22.50
22.12	22.51
22.6	22.52
22.12	22.53
22.12	22.54
22.12	22.55
22.5	22.56
22.12	22.57
22.6	22.58
22.12	22.59
22.12	22.60
22.1	22.61
22.6	22.62
22.3	22.63
22.4	22.64
23.9	23.1
23.7	23.2
23.10	23.3
23.9	23.4
23.1	23.5
23.10	23.6
23.1	23.7
23.9	23.8
23.8	23.9
23.1	23.10
23.10	23.11
23.9	23.12
23.10	23.13
23.1	23.14
23.9	23.15
23.1	23.16
23.10	23.17
23.9	23.18
23.1	23.19
23.10	23.20
23.5	23.21
23.1	23.22
23.10	23.23
23.9	23.24
23.5	23.25
23.1	23.26
23.10	23.27
23.10	23.28
23.10	23.29
23.5	23.30
23.6	23.31
23.10	23.32
23.1	23.33
23.10	23.34
23.1	23.35
23.1	23.36
23.10	23.37
23.1	23.38
23.10	23.39
23.1	23.40
23.9	23.41
23.1	23.42
23.10	23.43
23.2	23.44
23.1	23.45
23.10	23.46
23.4	23.47
23.10	23.48
23.1	23.49
23.7	23.50
23.7	23.51
23.10	23.52
23.9	23.53
23.1	23.54
23.10	23.55
23.3	23.56
23.10	23.57
23.6	23.58
23.1	23.59
23.10	23.60
23.5	23.61
23.9	23.62
23.10	23.63
23.10	23.64
24.7	24.1
24.14	24.2
24.13	24.3
24.10	24.4
24.12	24.5
24.1	24.6
24.13	24.7
24.8	24.8
24.13	24.9
24.5	24.10
24.9	24.11
24.10	24.12
24.13	24.13
24.13	24.14
24.1	24.15
24.13	24.16
24.11	24.17
24.1	24.18
24.1	24.19
24.13	24.20
24.15	24.21
24.13	24.22
24.4	24.23
24.13	24.24
24.4	24.25
24.6	24.26
24.13	24.27
24.13	24.28
24.13	24.29
24.11	24.30
24.3	24.31
24.13	24.32
24.1	24.33
24.13	24.34
24.10	24.35
24.10	24.36
24.13	24.37
24.1	24.38
24.9	24.39
24.13	24.40
24.2	24.41
24.10	24.42
24.1	24.43
24.1	24.44
24.13	24.45
24.12	24.46
24.12	24.47
24.9	24.48
24.13	24.49
24.13	24.50
24.13	24.51
24.13	24.52
24.1	24.53
24.13	24.54
24.1	24.55
24.12	24.56
24.13	24.57
24.13	24.58
24.1	24.59
24.8	24.60
24.13	24.61
24.13	24.62
24.1	24.63
24.13	24.64
25.7	25.1
25.5	25.2
25.1	25.3
25.5	25.4
25.1	25.5
25.1	25.6
25.1	25.7
25.1	25.8
25.7	25.9
25.1	25.10
25.1	25.11
25.1	25.12
25.1	25.13
25.1	25.14
25.1	25.15
25.5	25.16
25.6	25.17
25.1	25.18
25.6	25.19
25.1	25.20
25.7	25.21
25.7	25.22
25.1	25.23
25.1	25.24
25.2	25.25
25.5	25.26
25.6	25.27
25.7	25.28
25.1	25.29
25.7	25.30
25.7	25.31
25.7	25.32
25.5	25.33
25.4	25.34
25.7	25.35
25.1	25.36
25.5	25.37
25.7	25.38
25.1	25.39
25.7	25.40
25.1	25.41
25.1	25.42
25.7	25.43
25.7	25.44
25.1	25.45
25.5	25.46
25.7	25.47
25.1	25.48
25.7	25.49
25.3	25.50
25.7	25.51
25.1	25.52
25.7	25.53
25.1	25.54
25.4	25.55
25.7	25.56
25.1	25.57
25.7	25.58
25.6	25.59
25.1	25.60
25.7	25.61
25.7	25.62
25.7	25.63
25.5	25.64
26.1	26.1
26.1	26.2
26.1	26.3
26.1	26.4
26.1	26.5
26.1	26.6
26.1	26.7
26.4	26.8
26.4	26.9
26.1	26.10
26.1	26.11
26.1	26.12
26.4	26.13
26.4	26.14
26.1	26.15
26.1	26.16
26.4	26.17
26.1	26.18
26.1	26.19
26.1	26.20
26.3	26.21
26.1	26.22
26.4	26.23
26.1	26.24
26.3	26.25
26.4	26.26
26.4	26.27
26.4	26.28
26.1	26.29
26.2	26.30
26.1	26.31
26.1	26.32
26.4	26.33
26.1	26.34
26.1	26.35
26.1	26.36
26.4	26.37
26.1	26.38
26.1	26.39
26.1	26.40
26.1	26.41
26.1	26.42
26.1	26.43
26.1	26.44
26.1	26.45
26.1	26.46
26.1	26.47
26.1	26.48
26.4	26.49
26.1	26.50
26.4	26.51
26.1	26.52
26.1	26.53
26.4	26.54
26.1	26.55
26.3	26.56
26.4	26.57
26.1	26.58
26.1	26.59
26.4	26.60
26.4	26.61
26.4	26.62
26.1	26.63
26.1	26.64
27.7	27.1
27.7	27.2
27.1	27.3
27.1	27.4
27.4	27.5
27.5	27.6
27.1	27.7
27.1	27.8
27.1	27.9
27.1	27.10
27.4	27.11
27.7	27.12
27.4	27.13
27.7	27.14
27.1	27.15
27.1	27.16
27.7	27.17
27.5	27.18
27.3	27.19
27.5	27.20
27.7	27.21
27.7	27.22
27.2	27.23
27.6	27.24
27.1	27.25
27.1	27.26
27.5	27.27
27.6	27.28
27.1	27.29
27.7	27.30
27.5	27.31
27.4	27.32
27.1	27.33
27.7	27.34
27.1	27.35
27.7	27.36
27.7	27.37
27.7	27.38
27.4	27.39
27.1	27.40
27.4	27.41
27.1	27.42
27.1	27.43
27.1	27.44
27.3	27.45
27.1	27.46
27.4	27.47
27.1	27.48
27.5	27.49
27.1	27.50
27.7	27.51
27.7	27.52
27.7	27.53
27.1	27.54
27.1	27.55
27.1	27.56
27.1	27.57
27.1	27.58
27.7	27.59
27.5	27.60
27.4	27.61
27.6	27.62
27.8	27.63
27.7	27.64
28.10	28.1
28.10	28.2
28.6	28.3
28.1	28.4
28.8	28.5
28.1	28.6
28.10	28.7
28.8	28.8
28.10	28.9
28.8	28.10
28.10	28.11
28.10	28.12
28.1	28.13
28.1	28.14
28.1	28.15
28.4	28.16
28.10	28.17
28.10	28.18
28.9	28.19
28.1	28.20
28.1	28.21
28.10	28.22
28.7	28.23
28.1	28.24
28.1	28.25
28.8	28.26
28.8	28.27
28.10	28.28
28.9	28.29
28.1	28.30
28.6	28.31
28.8	28.32
28.1	28.33
28.1	28.34
28.6	28.35
28.6	28.36
28.3	28.37
28.10	28.38
28.5	28.39
28.10	28.40
28.6	28.41
28.9	28.42
28.1	28.43
28.8	28.44
28.2	28.45
28.11	28.46
28.8	28.47
28.4	28.48
28.1	28.49
28.1	28.50
28.10	28.51
28.10	28.52
28.10	28.53
28.9	28.54
28.10	28.55
28.10	28.56
28.5	28.57
28.8	28.58
28.10	28.59
28.7	28.60
28.9	28.61
28.7	28.62
28.10	28.63
28.8	28.64
29.1	29.1
29.1	29.2
29.1	29.3
29.1	29.4
29.1	29.5
29.1	29.6
29.1	29.7
29.1	29.8
29.6	29.9
29.1	29.10
29.6	29.11
29.1	29.12
29.1	29.13
29.1	29.14
29.1	29.15
29.6	29.16
29.5	29.17
29.6	29.18
29.5	29.19
29.1	29.20
29.6	29.21
29.6	29.22
29.1	29.23
29.1	29.24
29.4	29.25
29.6	29.26
29.1	29.27
29.1	29.28
29.1	29.29
29.1	29.30
29.1	29.31
29.2	29.32
29.1	29.33
29.1	29.34
29.1	29.35
29.1	29.36
29.6	29.37
29.1	29.38
29.1	29.39
29.1	29.40
29.1	29.41
29.6	29.42
29.1	29.43
29.1	29.44
29.1	29.45
29.1	29.46
29.3	29.47
29.1	29.48
29.1	29.49
29.1	29.50
29.1	29.51
29.6	29.52
29.1	29.53
29.6	29.54
29.1	29.55
29.1	29.56
29.1	29.57
29.1	29.58
29.1	29.59
29.1	29.60
29.1	29.61
29.1	29.62
29.1	29.63
29.1	29.64
30.19	30.1
30.15	30.2
30.18	30.3
30.6	30.4
30.17	30.5
30.17	30.6
30.10	30.7
30.17	30.8
30.18	30.9
30.17	30.10
30.18	30.11
30.1	30.12
30.17	30.13
30.17	30.14
30.1	30.15
30.17	30.16
30.3	30.17
30.1	30.18
30.1	30.19
30.17	30.20
30.17	30.21
30.12	30.22
30.17	30.23
30.17	30.24
30.1	30.25
30.4	30.26
30.7	30.27
30.9	30.28
30.1	30.29
30.2	30.30
30.19	30.31
30.17	30.32
30.14	30.33
30.14	30.34
30.1	30.35
30.5	30.36
30.16	30.37
30.1	30.38
30.17	30.39
30.1	30.40
30.18	30.41
30.18	30.42
30.1	30.43
30.11	30.44
30.1	30.45
30.1	30.46
30.1	30.47
30.18	30.48
30.1	30.49
30.12	30.50
30.13	30.51
30.17	30.52
30.17	30.53
30.17	30.54
30.17	30.55
30.17	30.56
30.17	30.57
30.1	30.58
30.17	30.59
30.16	30.60
30.8	30.61
30.1	30.62
30.17	30.63
30.17	30.64
31.9	31.1
31.1	31.2
31.1	31.3
31.6	31.4
31.5	31.5
31.9	31.6
31.1	31.7
31.9	31.8
31.9	31.9
31.9	31.10
31.9	31.11
31.1	31.12
31.9	31.13
31.1	31.14
31.9	31.15
31.9	31.16
31.9	31.17
31.9	31.18
31.9	31.19
31.9	31.20
31.9	31.21
31.1	31.22
31.9	31.23
31.9	31.24
31.9	31.25
31.6	31.26
31.8	31.27
31.9	31.28
31.1	31.29
31.9	31.30
31.4	31.31
31.9	31.32
31.1	31.33
31.1	31.34
31.7	31.35
31.1	31.36
31.8	31.37
31.1	31.38
31.1	31.39
31.9	31.40
31.9	31.41
31.1	31.42
31.9	31.43
31.9	31.44
31.3	31.45
31.8	31.46
31.1	31.47
31.6	31.48
31.9	31.49
31.9	31.50
31.2	31.51
31.1	31.52
31.9	31.53
31.1	31.54
31.9	31.55
31.1	31.56
31.9	31.57
31.10	31.58
31.9	31.59
31.1	31.60
31.6	31.61
31.1	31.62
31.9	31.63
31.9	31.64
32.6	32.1
32.6	32.2
32.6	32.3
32.1	32.4
32.7	32.5
32.9	32.6
32.6	32.7
32.6	32.8
32.6	32.9
32.9	32.10
32.9	32.11
32.8	32.12
32.6	32.13
32.6	32.14
32.6	32.15
32.5	32.16
32.6	32.17
32.6	32.18
32.9	32.19
32.4	32.20
32.6	32.21
32.6	32.22
32.4	32.23
32.8	32.24
32.3	32.25
32.9	32.26
32.3	32.27
32.9	32.28
32.3	32.29
32.3	32.30
32.6	32.31
32.6	32.32
32.3	32.33
32.6	32.34
32.3	32.35
32.9	32.36
32.5	32.37
32.3	32.38
32.3	32.39
32.7	32.40
32.3	32.41
32.6	32.42
32.9	32.43
32.2	32.44
32.5	32.45
32.6	32.46
32.9	32.47
32.4	32.48
32.6	32.49
32.4	32.50
32.8	32.51
32.9	32.52
32.3	32.53
32.9	32.54
32.6	32.55
32.3	32.56
32.3	32.57
32.3	32.58
32.3	32.59
32.3	32.60
32.3	32.61
32.3	32.62
32.3	32.63
32.1	32.64
33.1	33.1
33.6	33.2
33.4	33.3
33.4	33.4
33.1	33.5
33.1	33.6
33.4	33.7
33.4	33.8
33.4	33.9
33.4	33.10
33.4	33.11
33.4	33.12
33.4	33.13
33.4	33.14
33.1	33.15
33.1	33.16
33.4	33.17
33.4	33.18
33.2	33.19
33.5	33.20
33.6	33.21
33.4	33.22
33.6	33.23
33.4	33.24
33.6	33.25
33.4	33.26
33.4	33.27
33.1	33.28
33.4	33.29
33.4	33.30
33.4	33.31
33.1	33.32
33.4	33.33
33.4	33.34
33.1	33.35
33.4	33.36
33.4	33.37
33.4	33.38
33.4	33.39
33.4	33.40
33.4	33.41
33.1	33.42
33.4	33.43
33.1	33.44
33.4	33.45
33.1	33.46
33.1	33.47
33.4	33.48
33.4	33.49
33.4	33.50
33.4	33.51
33.4	33.52
33.1	33.53
33.1	33.54
33.1	33.55
33.3	33.56
33.4	33.57
33.4	33.58
33.4	33.59
33.1	33.60
33.1	33.61
33.4	33.62
33.4	33.63
33.4	33.64
34.8	34.1
34.11	34.2
34.6	34.3
34.6	34.4
34.10	34.5
34.6	34.6
34.10	34.7
34.8	34.8
34.10	34.9
34.11	34.10
34.11	34.11
34.6	34.12
34.8	34.13
34.10	34.14
34.10	34.15
34.10	34.16
34.6	34.17
34.6	34.18
34.10	34.19
34.6	34.20
34.8	34.21
34.10	34.22
34.10	34.23
34.10	34.24
34.6	34.25
34.11	34.26
34.1	34.27
34.11	34.28
34.10	34.29
34.1	34.30
34.9	34.31
34.10	34.32
34.6	34.33
34.3	34.34
34.6	34.35
34.8	34.36
34.11	34.37
34.6	34.38
34.8	34.39
34.10	34.40
34.11	34.41
34.1	34.42
34.2	34.43
34.10	34.44
34.4	34.45
34.8	34.46
34.11	34.47
34.10	34.48
34.11	34.49
34.7	34.50
34.8	34.51
34.10	34.52
34.11	34.53
34.11	34.54
34.10	34.55
34.10	34.56
34.1	34.57
34.1	34.58
34.5	34.59
34.10	34.60
34.6	34.61
34.8	34.62
34.8	34.63
34.10	34.64
35.1	35.1
35.13	35.2
35.12	35.3
35.1	35.4
35.1	35.5
35.3	35.6
35.1	35.7
35.13	35.8
35.9	35.9
35.1	35.10
35.1	35.11
35.5	35.12
35.1	35.13
35.1	35.14
35.13	35.15
35.13	35.16
35.12	35.17
35.12	35.18
35.13	35.19
35.1	35.20
35.1	35.21
35.1	35.22
35.7	35.23
35.1	35.24
35.13	35.25
35.13	35.26
35.12	35.27
35.1	35.28
35.13	35.29
35.11	35.30
35.10	35.31
35.1	35.32
35.12	35.33
35.12	35.34
35.1	35.35
35.12	35.36
35.13	35.37
35.9	35.38
35.12	35.39
35.13	35.40
35.13	35.41
35.13	35.42
35.12	35.43
35.6	35.44
35.12	35.45
35.13	35.46
35.13	35.47
35.1	35.48
35.2	35.49
35.13	35.50
35.13	35.51
35.9	35.52
35.13	35.53
35.13	35.54
35.13	35.55
35.1	35.56
35.1	35.57
35.4	35.58
35.1	35.59
35.11	35.60
35.7	35.61
35.9	35.62
35.11	35.63
35.8	35.64
36.8	36.1
36.11	36.2
36.5	36.3
36.9	36.4
36.5	36.5
36.1	36.6
36.11	36.7
36.11	36.8
36.11	36.9
36.1	36.10
36.1	36.11
36.7	36.12
36.10	36.13
36.11	36.14
36.1	36.15
36.1	36.16
36.2	36.17
36.1	36.18
36.1	36.19
36.11	36.20
36.11	36.21
36.1	36.22
36.4	36.23
36.10	36.24
36.1	36.25
36.1	36.26
36.11	36.27
36.11	36.28
36.1	36.29
36.10	36.30
36.1	36.31
36.11	36.32
36.11	36.33
36.1	36.34
36.1	36.35
36.11	36.36
36.6	36.37
36.7	36.38
36.10	36.39
36.6	36.40
36.1	36.41
36.11	36.42
36.10	36.43
36.4	36.44
36.11	36.45
36.7	36.46
36.11	36.47
36.10	36.48
36.11	36.49
36.11	36.50
36.11	36.51
36.11	36.52
36.11	36.53
36.3	36.54
36.1	36.55
36.11	36.56
36.7	36.57
36.1	36.58
36.11	36.59
36.7	36.60
36.11	36.61
36.11	36.62
36.11	36.63
36.11	36.64
37.1	37.1
37.9	37.2
37.1	37.3
37.8	37.4
37.10	37.5
37.1	37.6
37.10	37.7
37.13	37.8
37.10	37.9
37.10	37.10
37.12	37.11
37.14	37.12
37.10	37.13
37.13	37.14
37.10	37.15
37.2	37.16
37.12	37.17
37.1	37.18
37.10	37.19
37.10	37.20
37.12	37.21
37.10	37.22
37.14	37.23
37.10	37.24
37.10	37.25
37.1	37.26
37.5	37.27
37.1	37.28
37.10	37.29
37.10	37.30
37.11	37.31
37.10	37.32
37.10	37.33
37.6	37.34
37.10	37.35
37.14	37.36
37.1	37.37
37.13	37.38
37.9	37.39
37.1	37.40
37.10	37.41
37.1	37.42
37.9	37.43
37.10	37.44
37.1	37.45
37.1	37.46
37.1	37.47
37.1	37.48
37.13	37.49
37.10	37.50
37.4	37.51
37.10	37.52
37.13	37.53
37.8	37.54
37.7	37.55
37.12	37.56
37.12	37.57
37.13	37.58
37.1	37.59
37.1	37.60
37.1	37.61
37.10	37.62
37.12	37.63
37.3	37.64
38.8	38.1
38.1	38.2
38.9	38.3
38.1	38.4
38.1	38.5
38.9	38.6
38.8	38.7
38.8	38.8
38.9	38.9
38.9	38.10
38.9	38.11
38.2	38.12
38.5	38.13
38.7	38.14
38.1	38.15
38.1	38.16
38.8	38.17
38.1	38.18
38.1	38.19
38.9	38.20
38.9	38.21
38.5	38.22
38.9	38.23
38.1	38.24
38.8	38.25
38.1	38.26
38.6	38.27
38.8	38.28
38.6	38.29
38.9	38.30
38.8	38.31
38.8	38.32
38.8	38.33
38.6	38.34
38.1	38.35
38.9	38.36
38.5	38.37
38.1	38.38
38.1	38.39
38.9	38.40
38.6	38.41
38.1	38.42
38.9	38.43
38.7	38.44
38.1	38.45
38.3	38.46
38.1	38.47
38.1	38.48
38.1	38.49
38.1	38.50
38.4	38.51
38.1	38.52
38.9	38.53
38.8	38.54
38.4	38.55
38.9	38.56
38.9	38.57
38.9	38.58
38.8	38.59
38.9	38.60
38.8	38.61
38.8	38.62
38.1	38.63
38.1	38.64
39.9	39.1
39.1	39.2
39.1	39.3
39.1	39.4
39.9	39.5
39.9	39.6
39.1	39.7
39.5	39.8
39.9	39.9
39.1	39.10
39.2	39.11
39.1	39.12
39.6	39.13
39.3	39.14
39.1	39.15
39.9	39.16
39.1	39.17
39.9	39.18
39.6	39.19
39.1	39.20
39.9	39.21
39.1	39.22
39.9	39.23
39.4	39.24
39.9	39.25
39.1	39.26
39.9	39.27
39.1	39.28
39.1	39.29
39.1	39.30
39.9	39.31
39.9	39.32
39.7	39.33
39.1	39.34
39.9	39.35
39.7	39.36
39.1	39.37
39.9	39.38
39.9	39.39
39.9	39.40
39.7	39.41
39.1	39.42
39.8	39.43
39.6	39.44
39.9	39.45
39.1	39.46
39.5	39.47
39.9	39.48
39.9	39.49
39.1	39.50
39.1	39.51
39.1	39.52
39.9	39.53
39.1	39.54
39.1	39.55
39.1	39.56
39.1	39.57
39.9	39.58
39.9	39.59
39.1	39.60
39.5	39.61
39.9	39.62
39.9	39.63
39.1	39.64
40.3	40.1
40.3	40.2
40.7	40.3
40.10	40.4
40.8	40.5
40.7	40.6
40.3	40.7
40.8	40.8
40.7	40.9
40.7	40.10
40.7	40.11
40.3	40.12
40.7	40.13
40.7	40.14
40.7	40.15
40.3	40.16
40.7	40.17
40.5	40.18
40.4	40.19
40.1	40.20
40.7	40.21
40.7	40.22
40.7	40.23
40.3	40.24
40.9	40.25
40.10	40.26
40.1	40.27
40.7	40.28
40.7	40.29
40.4	40.30
40.8	40.31
40.3	40.32
40.7	40.33
40.10	40.34
40.3	40.35
40.8	40.36
40.10	40.37
40.7	40.38
40.3	40.39
40.3	40.40
40.7	40.41
40.8	40.42
40.2	40.43
40.8	40.44
40.3	40.45
40.3	40.46
40.7	40.47
40.11	40.48
40.6	40.49
40.8	40.50
40.3	40.51
40.3	40.52
40.3	40.53
40.8	40.54
40.7	40.55
40.3	40.56
40.7	40.57
40.10	40.58
40.7	40.59
40.10	40.60
40.9	40.61
40.11	40.62
40.1	40.63
40.7	40.64
41.9	41.1
41.1	41.2
41.9	41.3
41.1	41.4
41.1	41.5
41.5	41.6
41.1	41.7
41.1	41.8
41.3	41.9
41.9	41.10
41.9	41.11
41.1	41.12
41.9	41.13
41.1	41.14
41.1	41.15
41.1	41.16
41.1	41.17
41.6	41.18
41.5	41.19
41.9	41.20
41.9	41.21
41.1	41.22
41.1	41.23
41.1	41.24
41.6	41.25
41.1	41.26
41.1	41.27
41.1	41.28
41.1	41.29
41.9	41.30
41.9	41.31
41.1	41.32
41.7	41.33
41.9	41.34
41.1	41.35
41.1	41.36
41.9	41.37
41.1	41.38
41.1	41.39
41.4	41.40
41.5	41.41
41.9	41.42
41.1	41.43
41.9	41.44
41.7	41.45
41.9	41.46
41.9	41.47
41.1	41.48
41.2	41.49
41.9	41.50
41.1	41.51
41.9	41.52
41.1	41.53
41.1	41.54
41.5	41.55
41.9	41.56
41.1	41.57
41.1	41.58
41.9	41.59
41.1	41.60
41.5	41.61
41.9	41.62
41.8	41.63
41.9	41.64
42.11	42.1
42.4	42.2
42.4	42.3
42.11	42.4
42.11	42.5
42.10	42.6
42.9	42.7
42.9	42.8
42.9	42.9
42.1	42.10
42.4	42.11
42.11	42.12
42.4	42.13
42.8	42.14
42.4	42.15
42.1	42.16
42.7	42.17
42.10	42.18
42.10	42.19
42.4	42.20
42.11	42.21
42.8	42.22
42.4	42.23
42.11	42.24
42.4	42.25
42.9	42.26
42.11	42.27
42.9	42.28
42.8	42.29
42.11	42.30
42.9	42.31
42.9	42.32
42.4	42.33
42.11	42.34
42.1	42.35
42.11	42.36
42.8	42.37
42.11	42.38
42.4	42.39
42.6	42.40
42.4	42.41
42.11	42.42
42.1	42.43
42.11	42.44
42.9	42.45
42.11	42.46
42.11	42.47
42.5	42.48
42.8	42.49
42.1	42.50
42.1	42.51
42.9	42.52
42.5	42.53
42.5	42.54
42.2	42.55
42.4	42.56
42.3	42.57
42.9	42.58
42.11	42.59
42.4	42.60
42.9	42.61
42.11	42.62
42.4	42.63
42.4	42.64
43.9	43.1
43.12	43.2
43.12	43.3
43.12	43.4
43.12	43.5
43.5	43.6
43.12	43.7
43.2	43.8
43.9	43.9
43.9	43.10
43.5	43.11
43.11	43.12
43.10	43.13
43.7	43.14
43.12	43.15
43.12	43.16
43.9	43.17
43.12	43.18
43.12	43.19
43.10	43.20
43.1	43.21
43.1	43.22
43.12	43.23
43.1	43.24
43.8	43.25
43.1	43.26
43.9	43.27
43.1	43.28
43.12	43.29
43.9	43.30
43.1	43.31
43.9	43.32
43.9	43.33
43.11	43.34
43.10	43.35
43.4	43.36
43.1	43.37
43.8	43.38
43.8	43.39
43.1	43.40
43.12	43.41
43.1	43.42
43.8	43.43
43.4	43.44
43.8	43.45
43.3	43.46
43.9	43.47
43.8	43.48
43.1	43.49
43.6	43.50
43.10	43.51
43.9	43.52
43.9	43.53
43.1	43.54
43.8	43.55
43.12	43.56
43.8	43.57
43.1	43.58
43.1	43.59
43.1	43.60
43.9	43.61
43.9	43.62
43.1	43.63
43.1	43.64
44.10	44.1
44.4	44.2
44.4	44.3
44.4	44.4
44.1	44.5
44.9	44.6
44.9	44.7
44.5	44.8
44.1	44.9
44.10	44.10
44.10	44.11
44.4	44.12
44.10	44.13
44.1	44.14
44.10	44.15
44.10	44.16
44.3	44.17
44.10	44.18
44.4	44.19
44.9	44.20
44.10	44.21
44.10	44.22
44.8	44.23
44.9	44.24
44.9	44.25
44.10	44.26
44.4	44.27
44.10	44.28
44.9	44.29
44.9	44.30
44.1	44.31
44.1	44.32
44.9	44.33
44.10	44.34
44.10	44.35
44.4	44.36
44.10	44.37
44.10	44.38
44.10	44.39
44.1	44.40
44.4	44.41
44.4	44.42
44.10	44.43
44.10	44.44
44.10	44.45
44.2	44.46
44.9	44.47
44.9	44.48
44.1	44.49
44.7	44.50
44.6	44.51
44.4	44.52
44.7	44.53
44.10	44.54
44.7	44.55
44.4	44.56
44.4	44.57
44.6	44.58
44.1	44.59
44.10	44.60
44.1	44.61
44.4	44.62
44.1	44.63
44.1	44.64
45.8	45.1
45.1	45.2
45.1	45.3
45.1	45.4
45.1	45.5
45.1	45.6
45.8	45.7
45.8	45.8
45.5	45.9
45.1	45.10
45.1	45.11
45.1	45.12
45.1	45.13
45.8	45.14
45.1	45.15
45.1	45.16
45.9	45.17
45.1	45.18
45.1	45.19
45.1	45.20
45.8	45.21
45.4	45.22
45.1	45.23
45.1	45.24
45.1	45.25
45.3	45.26
45.8	45.27
45.1	45.28
45.8	45.29
45.1	45.30
45.1	45.31
45.8	45.32
45.5	45.33
45.8	45.34
45.6	45.35
45.1	45.36
45.9	45.37
45.1	45.38
45.7	45.39
45.7	45.40
45.8	45.41
45.1	45.42
45.8	45.43
45.1	45.44
45.1	45.45
45.1	45.46
45.1	45.47
45.7	45.48
45.1	45.49
45.8	45.50
45.1	45.51
45.8	45.52
45.8	45.53
45.1	45.54
45.1	45.55
45.2	45.56
45.8	45.57
45.8	45.58
45.1	45.59
45.8	45.60
45.8	45.61
45.8	45.62
45.7	45.63
45.1	45.64
46.1	46.1
46.1	46.2
46.6	46.3
46.1	46.4
46.1	46.5
46.1	46.6
46.1	46.7
46.1	46.8
46.1	46.9
46.1	46.10
46.5	46.11
46.5	46.12
46.1	46.13
46.1	46.14
46.1	46.15
46.1	46.16
46.5	46.17
46.5	46.18
46.1	46.19
46.5	46.20
46.5	46.21
46.1	46.22
46.1	46.23
46.5	46.24
46.5	46.25
46.4	46.26
46.1	46.27
46.1	46.28
46.1	46.29
46.1	46.30
46.1	46.31
46.1	46.32
46.1	46.33
46.5	46.34
46.1	46.35
46.1	46.36
46.1	46.37
46.5	46.38
46.1	46.39
46.1	46.40
46.5	46.41
46.3	46.42
46.6	46.43
46.1	46.44
46.1	46.45
46.6	46.46
46.1	46.47
46.1	46.48
46.5	46.49
46.1	46.50
46.6	46.51
46.5	46.52
46.1	46.53
46.2	46.54
46.5	46.55
46.1	46.56
46.5	46.57
46.1	46.58
46.6	46.59
46.1	46.60
46.6	46.61
46.1	46.62
46.1	46.63
46.1	46.64
47.1	47.1
47.4	47.2
47.8	47.3
47.8	47.4
47.9	47.5
47.9	47.6
47.8	47.7
47.1	47.8
47.4	47.9
47.8	47.10
47.1	47.11
47.8	47.12
47.1	47.13
47.1	47.14
47.9	47.15
47.8	47.16
47.4	47.17
47.9	47.18
47.1	47.19
47.5	47.20
47.8	47.21
47.9	47.22
47.1	47.23
47.9	47.24
47.1	47.25
47.5	47.26
47.1	47.27
47.9	47.28
47.9	47.29
47.9	47.30
47.1	47.31
47.8	47.32
47.8	47.33
47.5	47.34
47.9	47.35
47.8	47.36
47.8	47.37
47.10	47.38
47.9	47.39
47.1	47.40
47.1	47.41
47.9	47.42
47.6	47.43
47.1	47.44
47.1	47.45
47.9	47.46
47.9	47.47
47.1	47.48
47.9	47.49
47.1	47.50
47.1	47.51
47.3	47.52
47.9	47.53
47.5	47.54
47.7	47.55
47.9	47.56
47.1	47.57
47.5	47.58
47.8	47.59
47.2	47.60
47.4	47.61
47.9	47.62
47.8	47.63
47.1	47.64
48.5	48.1
48.5	48.2
48.7	48.3
48.5	48.4
48.5	48.5
48.7	48.6
48.5	48.7
48.5	48.8
48.1	48.9
48.7	48.10
48.4	48.11
48.7	48.12
48.7	48.13
48.1	48.14
48.5	48.15
48.5	48.16
48.7	48.17
48.4	48.18
48.5	48.19
48.7	48.20
48.5	48.21
48.1	48.22
48.7	48.23
48.1	48.24
48.7	48.25
48.1	48.26
48.7	48.27
48.5	48.28
48.5	48.29
48.2	48.30
48.7	48.31
48.5	48.32
48.6	48.33
48.7	48.34
48.5	48.35
48.5	48.36
48.1	48.37
48.1	48.38
48.5	48.39
48.7	48.40
48.7	48.41
48.5	48.42
48.5	48.43
48.5	48.44
48.5	48.45
48.6	48.46
48.7	48.47
48.1	48.48
48.1	48.49
48.3	48.50
48.5	48.51
48.7	48.52
48.5	48.53
48.7	48.54
48.7	48.55
48.5	48.56
48.5	48.57
48.5	48.58
48.5	48.59
48.5	48.60
48.5	48.61
48.5	48.62
48.5	48.63
48.7	48.64
49.8	49.1
49.9	49.2
49.4	49.3
49.4	49.4
49.5	49.5
49.4	49.6
49.8	49.7
49.4	49.8
49.4	49.9
49.4	49.10
49.2	49.11
49.9	49.12
49.4	49.13
49.7	49.14
49.4	49.15
49.6	49.16
49.8	49.17
49.10	49.18
49.4	49.19
49.4	49.20
49.8	49.21
49.6	49.22
49.9	49.23
49.4	49.24
49.9	49.25
49.4	49.26
49.9	49.27
49.9	49.28
49.8	49.29
49.8	49.30
49.9	49.31
49.9	49.32
49.6	49.33
49.9	49.34
49.9	49.35
49.8	49.36
49.9	49.37
49.8	49.38
49.9	49.39
49.4	49.40
49.10	49.41
49.4	49.42
49.8	49.43
49.4	49.44
49.9	49.45
49.6	49.46
49.9	49.47
49.9	49.48
49.8	49.49
49.9	49.50
49.3	49.51
49.4	49.52
49.9	49.53
49.10	49.54
49.9	49.55
49.4	49.56
49.7	49.57
49.4	49.58
49.9	49.59
49.9	49.60
49.4	49.61
49.5	49.62
49.7	49.63
49.1	49.64
50.1	50.1
50.1	50.2
50.6	50.3
50.1	50.4
50.6	50.5
50.1	50.6
50.1	50.7
50.1	50.8
50.1	50.9
50.1	50.10
50.6	50.11
50.6	50.12
50.1	50.13
50.1	50.14
50.1	50.15
50.6	50.16
50.6	50.17
50.6	50.18
50.1	50.19
50.6	50.20
50.1	50.21
50.6	50.22
50.6	50.23
50.1	50.24
50.1	50.25
50.6	50.26
50.6	50.27
50.1	50.28
50.1	50.29
50.3	50.30
50.6	50.31
50.1	50.32
50.6	50.33
50.6	50.34
50.1	50.35
50.1	50.36
50.1	50.37
50.1	50.38
50.4	50.39
50.1	50.40
50.1	50.41
50.5	50.42
50.5	50.43
50.6	50.44
50.1	50.45
50.1	50.46
50.1	50.47
50.5	50.48
50.6	50.49
50.1	50.50
50.5	50.51
50.1	50.52
50.6	50.53
50.1	50.54
50.1	50.55
50.1	50.56
50.6	50.57
50.2	50.58
50.1	50.59
50.1	50.60
50.5	50.61
50.1	50.62
50.1	50.63
50.1	50.64
51.3	51.1
51.1	51.2
51.9	51.3
51.8	51.4
51.3	51.5
51.9	51.6
51.9	51.7
51.3	51.8
51.1	51.9
51.1	51.10
51.1	51.11
51.5	51.12
51.9	51.13
51.3	51.14
51.3	51.15
51.9	51.16
51.1	51.17
51.1	51.18
51.9	51.19
51.1	51.20
51.4	51.21
51.9	51.22
51.8	51.23
51.9	51.24
51.8	51.25
51.9	51.26
51.1	51.27
51.6	51.28
51.3	51.29
51.5	51.30
51.9	51.31
51.9	51.32
51.1	51.33
51.2	51.34
51.9	51.35
51.9	51.36
51.3	51.37
51.9	51.38
51.9	51.39
51.9	51.40
51.9	51.41
51.9	51.42
51.8	51.43
51.1	51.44
51.5	51.45
51.1	51.46
51.3	51.47
51.9	51.48
51.1	51.49
51.1	51.50
51.3	51.51
51.8	51.52
51.1	51.53
51.9	51.54
51.9	51.55
51.1	51.56
51.1	51.57
51.7	51.58
51.9	51.59
51.8	51.60
51.1	51.61
51.1	51.62
51.3	51.63
51.8	51.64
52.8	52.1
52.8	52.2
52.10	52.3
52.10	52.4
52.10	52.5
52.10	52.6
52.9	52.7
52.8	52.8
52.8	52.9
52.6	52.10
52.1	52.11
52.8	52.12
52.10	52.13
52.8	52.14
52.10	52.15
52.10	52.16
52.8	52.17
52.10	52.18
52.10	52.19
52.8	52.20
52.1	52.21
52.8	52.22
52.5	52.23
52.10	52.24
52.10	52.25
52.8	52.26
52.8	52.27
52.10	52.28
52.8	52.29
52.10	52.30
52.10	52.31
52.9	52.32
52.1	52.33
52.10	52.34
52.10	52.35
52.1	52.36
52.10	52.37
52.9	52.38
52.10	52.39
52.10	52.40
52.8	52.41
52.9	52.42
52.8	52.43
52.10	52.44
52.10	52.45
52.10	52.46
52.3	52.47
52.10	52.48
52.10	52.49
52.8	52.50
52.9	52.51
52.8	52.52
52.2	52.53
52.4	52.54
52.8	52.55
52.10	52.56
52.7	52.57
52.6	52.58
52.10	52.59
52.1	52.60
52.1	52.61
52.9	52.62
52.8	52.63
52.10	52.64
53.8	53.1
53.13	53.2
53.7	53.3
53.7	53.4
53.12	53.5
53.7	53.6
53.1	53.7
53.6	53.8
53.7	53.9
53.12	53.10
53.13	53.11
53.1	53.12
53.1	53.13
53.10	53.14
53.6	53.15
53.7	53.16
53.8	53.17
53.6	53.18
53.10	53.19
53.8	53.20
53.7	53.21
53.7	53.22
53.7	53.23
53.3	53.24
53.1	53.25
53.8	53.26
53.8	53.27
53.11	53.28
53.1	53.29
53.1	53.30
53.9	53.31
53.13	53.32
53.6	53.33
53.7	53.34
53.1	53.35
53.1	53.36
53.7	53.37
53.1	53.38
53.5	53.39
53.12	53.40
53.10	53.41
53.13	53.42
53.4	53.43
53.13	53.44
53.6	53.45
53.8	53.46
53.7	53.47
53.10	53.48
53.13	53.49
53.1	53.50
53.13	53.51
53.2	53.52
53.12	53.53
53.1	53.54
53.8	53.55
53.13	53.56
53.10	53.57
53.8	53.58
53.8	53.59
53.13	53.60
53.8	53.61
53.13	53.62
53.12	53.63
53.1	53.64
54.1	54.1
54.1	54.2
54.1	54.3
54.10	54.4
54.1	54.5
54.1	54.6
54.10	54.7
54.10	54.8
54.10	54.9
54.1	54.10
54.13	54.11
54.10	54.12
54.1	54.13
54.1	54.14
54.1	54.15
54.10	54.16
54.1	54.17
54.9	54.18
54.10	54.19
54.1	54.20
54.10	54.21
54.13	54.22
54.1	54.23
54.2	54.24
54.12	54.25
54.12	54.26
54.13	54.27
54.1	54.28
54.1	54.29
54.1	54.30
54.1	54.31
54.9	54.32
54.13	54.33
54.9	54.34
54.1	54.35
54.8	54.36
54.13	54.37
54.10	54.38
54.1	54.39
54.10	54.40
54.5	54.41
54.10	54.42
54.1	54.43
54.3	54.44
54.1	54.45
54.13	54.46
54.13	54.47
54.7	54.48
54.10	54.49
54.13	54.50
54.1	54.51
54.9	54.52
54.10	54.53
54.11	54.54
54.13	54.55
54.10	54.56
54.13	54.57
54.10	54.58
54.6	54.59
54.4	54.60
54.1	54.61
54.1	54.62
54.10	54.63
54.10	54.64
55.1	55.1
55.6	55.2
55.7	55.3
55.6	55.4
55.1	55.5
55.4	55.6
55.1	55.7
55.1	55.8
55.7	55.9
55.1	55.10
55.6	55.11
55.4	55.12
55.1	55.13
55.5	55.14
55.1	55.15
55.1	55.16
55.4	55.17
55.1	55.18
55.6	55.19
55.3	55.20
55.1	55.21
55.6	55.22
55.2	55.23
55.1	55.24
55.1	55.25
55.1	55.26
55.1	55.27
55.6	55.28
55.1	55.29
55.4	55.30
55.4	55.31
55.6	55.32
55.1	55.33
55.1	55.34
55.1	55.35
55.6	55.36
55.6	55.37
55.7	55.38
55.1	55.39
55.6	55.40
55.7	55.41
55.1	55.42
55.1	55.43
55.1	55.44
55.1	55.45
55.1	55.46
55.6	55.47
55.6	55.48
55.4	55.49
55.8	55.50
55.6	55.51
55.1	55.52
55.6	55.53
55.1	55.54
55.1	55.55
55.1	55.56
55.5	55.57
55.6	55.58
55.1	55.59
55.6	55.60
55.6	55.61
55.1	55.62
55.1	55.63
55.1	55.64
56.1	56.1
56.1	56.2
56.1	56.3
56.8	56.4
56.4	56.5
56.2	56.6
56.7	56.7
56.8	56.8
56.8	56.9
56.8	56.10
56.8	56.11
56.1	56.12
56.8	56.13
56.8	56.14
56.7	56.15
56.8	56.16
56.1	56.17
56.8	56.18
56.6	56.19
56.8	56.20
56.8	56.21
56.4	56.22
56.8	56.23
56.8	56.24
56.8	56.25
56.8	56.26
56.1	56.27
56.8	56.28
56.1	56.29
56.1	56.30
56.9	56.31
56.10	56.32
56.1	56.33
56.1	56.34
56.1	56.35
56.8	56.36
56.7	56.37
56.7	56.38
56.1	56.39
56.8	56.40
56.10	56.41
56.8	56.42
56.1	56.43
56.1	56.44
56.8	56.45
56.8	56.46
56.1	56.47
56.8	56.48
56.6	56.49
56.1	56.50
56.1	56.51
56.8	56.52
56.4	56.53
56.7	56.54
56.9	56.55
56.8	56.56
56.1	56.57
56.5	56.58
56.3	56.59
56.6	56.60
56.8	56.61
56.1	56.62
56.1	56.63
56.8	56.64
57.6	57.1
57.6	57.2
57.6	57.3
57.6	57.4
57.6	57.5
57.6	57.6
57.6	57.7
57.6	57.8
57.6	57.9
57.6	57.10
57.6	57.11
57.6	57.12
57.6	57.13
57.6	57.14
57.3	57.15
57.6	57.16
57.3	57.17
57.6	57.18
57.6	57.19
57.3	57.20
57.6	57.21
57.4	57.22
57.6	57.23
57.6	57.24
57.6	57.25
57.3	57.26
57.6	57.27
57.6	57.28
57.2	57.29
57.6	57.30
57.6	57.31
57.6	57.32
57.6	57.33
57.6	57.34
57.3	57.35
57.6	57.36
57.1	57.37
57.6	57.38
57.6	57.39
57.3	57.40
57.3	57.41
57.3	57.42
57.6	57.43
57.6	57.44
57.6	57.45
57.6	57.46
57.5	57.47
57.6	57.48
57.5	57.49
57.6	57.50
57.6	57.51
57.3	57.52
57.3	57.53
57.3	57.54
57.6	57.55
57.6	57.56
57.7	57.57
57.3	57.58
57.3	57.59
57.3	57.60
57.1	57.61
57.6	57.62
57.6	57.63
57.3	57.64
58.4	58.1
58.4	58.2
58.1	58.3
58.4	58.4
58.8	58.5
58.4	58.6
58.8	58.7
58.8	58.8
58.1	58.9
58.8	58.10
58.4	58.11
58.8	58.12
58.8	58.13
58.6	58.14
58.4	58.15
58.7	58.16
58.8	58.17
58.8	58.18
58.3	58.19
58.7	58.20
58.8	58.21
58.7	58.22
58.8	58.23
58.4	58.24
58.1	58.25
58.1	58.26
58.8	58.27
58.8	58.28
58.8	58.29
58.4	58.30
58.1	58.31
58.8	58.32
58.8	58.33
58.8	58.34
58.4	58.35
58.1	58.36
58.4	58.37
58.1	58.38
58.1	58.39
58.8	58.40
58.4	58.41
58.8	58.42
58.3	58.43
58.7	58.44
58.8	58.45
58.7	58.46
58.8	58.47
58.4	58.48
58.1	58.49
58.4	58.50
58.7	58.51
58.7	58.52
58.8	58.53
58.5	58.54
58.4	58.55
58.4	58.56
58.8	58.57
58.8	58.58
58.1	58.59
58.7	58.60
58.1	58.61
58.8	58.62
58.8	58.63
58.2	58.64
59.5	59.1
59.5	59.2
59.1	59.3
59.5	59.4
59.3	59.5
59.5	59.6
59.3	59.7
59.5	59.8
59.5	59.9
59.3	59.10
59.5	59.11
59.5	59.12
59.3	59.13
59.5	59.14
59.5	59.15
59.3	59.16
59.1	59.17
59.5	59.18
59.5	59.19
59.1	59.20
59.5	59.21
59.5	59.22
59.5	59.23
59.4	59.24
59.5	59.25
59.5	59.26
59.5	59.27
59.3	59.28
59.5	59.29
59.5	59.30
59.5	59.31
59.4	59.32
59.5	59.33
59.1	59.34
59.3	59.35
59.3	59.36
59.4	59.37
59.4	59.38
59.5	59.39
59.5	59.40
59.1	59.41
59.3	59.42
59.5	59.43
59.5	59.44
59.5	59.45
59.5	59.46
59.3	59.47
59.5	59.48
59.3	59.49
59.5	59.50
59.5	59.51
59.5	59.52
59.3	59.53
59.5	59.54
59.5	59.55
59.5	59.56
59.3	59.57
59.4	59.58
59.5	59.59
59.1	59.60
59.1	59.61
59.5	59.62
59.2	59.63
59.5	59.64
60.17	60.1
60.14	60.2
60.17	60.3
60.17	60.4
60.17	60.5
60.17	60.6
60.12	60.7
60.17	60.8
60.1	60.9
60.17	60.10
60.14	60.11
60.14	60.12
60.17	60.13
60.1	60.14
60.14	60.15
60.1	60.16
60.3	60.17
60.14	60.18
60.6	60.19
60.1	60.20
60.14	60.21
60.14	60.22
60.14	60.23
60.1	60.24
60.1	60.25
60.1	60.26
60.17	60.27
60.8	60.28
60.17	60.29
60.4	60.30
60.17	60.31
60.12	60.32
60.10	60.33
60.17	60.34
60.14	60.35
60.2	60.36
60.11	60.37
60.14	60.38
60.9	60.39
60.10	60.40
60.14	60.41
60.18	60.42
60.17	60.43
60.1	60.44
60.20	60.45
60.14	60.46
60.1	60.47
60.14	60.48
60.5	60.49
60.1	60.50
60.14	60.51
60.14	60.52
60.15	60.53
60.14	60.54
60.14	60.55
60.17	60.56
60.17	60.57
60.7	60.58
60.13	60.59
60.17	60.60
60.19	60.61
60.16	60.62
60.6	60.63
60.8	60.64
61.1	61.1
61.4	61.2
61.4	61.3
61.1	61.4
61.4	61.5
61.4	61.6
61.1	61.7
61.1	61.8
61.4	61.9
61.4	61.10
61.1	61.11
61.4	61.12
61.1	61.13
61.4	61.14
61.1	61.15
61.4	61.16
61.4	61.17
61.1	61.18
61.1	61.19
61.1	61.20
61.4	61.21
61.4	61.22
61.1	61.23
61.3	61.24
61.1	61.25
61.4	61.26
61.1	61.27
61.4	61.28
61.5	61.29
61.4	61.30
61.1	61.31
61.1	61.32
61.1	61.33
61.1	61.34
61.4	61.35
61.1	61.36
61.1	61.37
61.4	61.38
61.1	61.39
61.1	61.40
61.1	61.41
61.1	61.42
61.2	61.43
61.5	61.44
61.1	61.45
61.1	61.46
61.1	61.47
61.5	61.48
61.1	61.49
61.4	61.50
61.1	61.51
61.1	61.52
61.4	61.53
61.1	61.54
61.1	61.55
61.1	61.56
61.1	61.57
61.1	61.58
61.1	61.59
61.1	61.60
61.1	61.61
61.1	61.62
61.1	61.63
61.5	61.64
62.6	62.1
62.6	62.2
62.6	62.3
62.6	62.4
62.1	62.5
62.6	62.6
62.5	62.7
62.1	62.8
62.1	62.9
62.6	62.10
62.6	62.11
62.6	62.12
62.5	62.13
62.1	62.14
62.1	62.15
62.4	62.16
62.6	62.17
62.6	62.18
62.1	62.19
62.6	62.20
62.1	62.21
62.6	62.22
62.2	62.23
62.4	62.24
62.4	62.25
62.1	62.26
62.6	62.27
62.1	62.28
62.1	62.29
62.1	62.30
62.3	62.31
62.4	62.32
62.1	62.33
62.1	62.34
62.1	62.35
62.4	62.36
62.6	62.37
62.4	62.38
62.6	62.39
62.1	62.40
62.6	62.41
62.1	62.42
62.4	62.43
62.6	62.44
62.1	62.45
62.6	62.46
62.6	62.47
62.4	62.48
62.4	62.49
62.6	62.50
62.1	62.51
62.1	62.52
62.3	62.53
62.1	62.54
62.6	62.55
62.4	62.56
62.6	62.57
62.4	62.58
62.1	62.59
62.6	62.60
62.1	62.61
62.1	62.62
62.6	62.63
62.1	62.64
63.1	63.1
63.7	63.2
63.7	63.3
63.7	63.4
63.7	63.5
63.7	63.6
63.7	63.7
63.1	63.8
63.1	63.9
63.7	63.10
63.7	63.11
63.1	63.12
63.7	63.13
63.1	63.14
63.7	63.15
63.7	63.16
63.7	63.17
63.1	63.18
63.1	63.19
63.8	63.20
63.1	63.21
63.7	63.22
63.1	63.23
63.8	63.24
63.7	63.25
63.8	63.26
63.7	63.27
63.7	63.28
63.7	63.29
63.7	63.30
63.7	63.31
63.7	63.32
63.7	63.33
63.1	63.34
63.1	63.35
63.7	63.36
63.8	63.37
63.7	63.38
63.7	63.39
63.7	63.40
63.7	63.41
63.7	63.42
63.2	63.43
63.6	63.44
63.5	63.45
63.1	63.46
63.7	63.47
63.1	63.48
63.8	63.49
63.7	63.50
63.3	63.51
63.4	63.52
63.1	63.53
63.7	63.54
63.7	63.55
63.1	63.56
63.1	63.57
63.1	63.58
63.7	63.59
63.7	63.60
63.7	63.61
63.7	63.62
63.7	63.63
63.1	63.64
64.6	64.1
64.5	64.2
64.7	64.3
64.5	64.4
64.7	64.5
64.7	64.6
64.7	64.7
64.7	64.8
64.1	64.9
64.1	64.10
64.6	64.11
64.1	64.12
64.1	64.13
64.7	64.14
64.7	64.15
64.7	64.16
64.7	64.17
64.7	64.18
64.7	64.19
64.7	64.20
64.7	64.21
64.7	64.22
64.7	64.23
64.1	64.24
64.1	64.25
64.5	64.26
64.7	64.27
64.1	64.28
64.2	64.29
64.7	64.30
64.1	64.31
64.7	64.32
64.7	64.33
64.7	64.34
64.1	64.35
64.1	64.36
64.1	64.37
64.7	64.38
64.4	64.39
64.7	64.40
64.1	64.41
64.7	64.42
64.1	64.43
64.7	64.44
64.7	64.45
64.7	64.46
64.3	64.47
64.7	64.48
64.1	64.49
64.5	64.50
64.1	64.51
64.7	64.52
64.1	64.53
64.1	64.54
64.1	64.55
64.7	64.56
64.7	64.57
64.7	64.58
64.1	64.59
64.7	64.60
64.5	64.61
64.1	64.62
64.7	64.63
64.5	64.64
65.5	65.1
65.1	65.2
65.4	65.3
65.1	65.4
65.1	65.5
65.5	65.6
65.5	65.7
65.1	65.8
65.1	65.9
65.1	65.10
65.1	65.11
65.5	65.12
65.1	65.13
65.1	65.14
65.6	65.15
65.1	65.16
65.1	65.17
65.1	65.18
65.1	65.19
65.5	65.20
65.1	65.21
65.1	65.22
65.5	65.23
65.1	65.24
65.1	65.25
65.5	65.26
65.1	65.27
65.5	65.28
65.2	65.29
65.5	65.30
65.1	65.31
65.5	65.32
65.6	65.33
65.1	65.34
65.1	65.35
65.1	65.36
65.6	65.37
65.1	65.38
65.1	65.39
65.1	65.40
65.1	65.41
65.1	65.42
65.5	65.43
65.1	65.44
65.5	65.45
65.5	65.46
65.5	65.47
65.1	65.48
65.1	65.49
65.5	65.50
65.5	65.51
65.1	65.52
65.5	65.53
65.1	65.54
65.1	65.55
65.3	65.56
65.5	65.57
65.1	65.58
65.1	65.59
65.1	65.60
65.1	65.61
65.1	65.62
65.5	65.63
65.5	65.64
66.6	66.1
66.1	66.2
66.6	66.3
66.6	66.4
66.6	66.5
66.1	66.6
66.6	66.7
66.6	66.8
66.1	66.9
66.6	66.10
66.1	66.11
66.6	66.12
66.2	66.13
66.1	66.14
66.1	66.15
66.6	66.16
66.6	66.17
66.6	66.18
66.7	66.19
66.6	66.20
66.6	66.21
66.1	66.22
66.1	66.23
66.7	66.24
66.6	66.25
66.6	66.26
66.6	66.27
66.6	66.28
66.1	66.29
66.1	66.30
66.7	66.31
66.1	66.32
66.1	66.33
66.1	66.34
66.7	66.35
66.4	66.36
66.1	66.37
66.7	66.38
66.1	66.39
66.6	66.40
66.1	66.41
66.6	66.42
66.1	66.43
66.1	66.44
66.5	66.45
66.1	66.46
66.1	66.47
66.6	66.48
66.5	66.49
66.1	66.50
66.7	66.51
66.7	66.52
66.7	66.53
66.5	66.54
66.1	66.55
66.7	66.56
66.1	66.57
66.5	66.58
66.7	66.59
66.4	66.60
66.1	66.61
66.6	66.62
66.3	66.63
66.7	66.64
67.1	67.1
67.5	67.2
67.1	67.3
67.5	67.4
67.6	67.5
67.5	67.6
67.5	67.7
67.5	67.8
67.1	67.9
67.5	67.10
67.6	67.11
67.5	67.12
67.5	67.13
67.6	67.14
67.5	67.15
67.1	67.16
67.1	67.17
67.5	67.18
67.5	67.19
67.1	67.20
67.5	67.21
67.1	67.22
67.4	67.23
67.6	67.24
67.1	67.25
67.1	67.26
67.5	67.27
67.1	67.28
67.5	67.29
67.5	67.30
67.2	67.31
67.1	67.32
67.6	67.33
67.5	67.34
67.5	67.35
67.1	67.36
67.5	67.37
67.1	67.38
67.5	67.39
67.6	67.40
67.5	67.41
67.5	67.42
67.1	67.43
67.1	67.44
67.3	67.45
67.5	67.46
67.5	67.47
67.5	67.48
67.1	67.49
67.6	67.50
67.5	67.51
67.6	67.52
67.6	67.53
67.5	67.54
67.5	67.55
67.5	67.56
67.5	67.57
67.5	67.58
67.1	67.59
67.6	67.60
67.6	67.61
67.6	67.62
67.6	67.63
67.1	67.64
68.6	68.1
68.6	68.2
68.4	68.3
68.6	68.4
68.6	68.5
68.4	68.6
68.6	68.7
68.1	68.8
68.4	68.9
68.1	68.10
68.6	68.11
68.5	68.12
68.1	68.13
68.6	68.14
68.6	68.15
68.4	68.16
68.1	68.17
68.1	68.18
68.1	68.19
68.4	68.20
68.1	68.21
68.4	68.22
68.6	68.23
68.4	68.24
68.6	68.25
68.6	68.26
68.1	68.27
68.5	68.28
68.5	68.29
68.6	68.30
68.6	68.31
68.6	68.32
68.4	68.33
68.6	68.34
68.6	68.35
68.5	68.36
68.3	68.37
68.6	68.38
68.6	68.39
68.6	68.40
68.6	68.41
68.1	68.42
68.1	68.43
68.1	68.44
68.4	68.45
68.4	68.46
68.4	68.47
68.1	68.48
68.1	68.49
68.1	68.50
68.2	68.51
68.6	68.52
68.6	68.53
68.1	68.54
68.6	68.55
68.1	68.56
68.4	68.57
68.4	68.58
68.1	68.59
68.6	68.60
68.6	68.61
68.1	68.62
68.1	68.63
68.1	68.64
69.3	69.1
69.7	69.2
69.3	69.3
69.3	69.4
69.3	69.5
69.4	69.6
69.9	69.7
69.1	69.8
69.3	69.9
69.3	69.10
69.6	69.11
69.6	69.12
69.7	69.13
69.6	69.14
69.2	69.15
69.8	69.16
69.9	69.17
69.3	69.18
69.9	69.19
69.3	69.20
69.4	69.21
69.8	69.22
69.9	69.23
69.7	69.24
69.4	69.25
69.9	69.26
69.7	69.27
69.8	69.28
69.3	69.29
69.4	69.30
69.3	69.31
69.8	69.32
69.3	69.33
69.7	69.34
69.3	69.35
69.7	69.36
69.7	69.37
69.8	69.38
69.3	69.39
69.6	69.40
69.3	69.41
69.6	69.42
69.1	69.43
69.9	69.44
69.10	69.45
69.6	69.46
69.3	69.47
69.3	69.48
69.3	69.49
69.7	69.50
69.3	69.51
69.7	69.52
69.3	69.53
69.6	69.54
69.8	69.55
69.9	69.56
69.7	69.57
69.3	69.58
69.3	69.59
69.5	69.60
69.9	69.61
69.3	69.62
69.8	69.63
69.8	69.64
70.1	70.1
70.10	70.2
70.10	70.3
70.10	70.4
70.10	70.5
70.5	70.6
70.7	70.7
70.1	70.8
70.10	70.9
70.10	70.10
70.10	70.11
70.1	70.12
70.11	70.13
70.11	70.14
70.1	70.15
70.11	70.16
70.1	70.17
70.1	70.18
70.1	70.19
70.10	70.20
70.10	70.21
70.10	70.22
70.10	70.23
70.1	70.24
70.6	70.25
70.6	70.26
70.1	70.27
70.10	70.28
70.1	70.29
70.10	70.30
70.1	70.31
70.4	70.32
70.2	70.33
70.3	70.34
70.10	70.35
70.10	70.36
70.10	70.37
70.10	70.38
70.10	70.39
70.1	70.40
70.10	70.41
70.10	70.42
70.8	70.43
70.8	70.44
70.6	70.45
70.10	70.46
70.10	70.47
70.1	70.48
70.1	70.49
70.1	70.50
70.1	70.51
70.10	70.52
70.6	70.53
70.1	70.54
70.1	70.55
70.9	70.56
70.8	70.57
70.1	70.58
70.10	70.59
70.1	70.60
70.10	70.61
70.10	70.62
70.10	70.63
70.10	70.64
71.5	71.1
71.3	71.2
71.3	71.3
71.6	71.4
71.3	71.5
71.3	71.6
71.6	71.7
71.3	71.8
71.6	71.9
71.3	71.10
71.6	71.11
71.3	71.12
71.3	71.13
71.6	71.14
71.3	71.15
71.3	71.16
71.6	71.17
71.6	71.18
71.3	71.19
71.3	71.20
71.3	71.21
71.1	71.22
71.6	71.23
71.3	71.24
71.5	71.25
71.5	71.26
71.5	71.27
71.3	71.28
71.3	71.29
71.3	71.30
71.6	71.31
71.3	71.32
71.1	71.33
71.6	71.34
71.3	71.35
71.2	71.36
71.6	71.37
71.6	71.38
71.6	71.39
71.5	71.40
71.6	71.41
71.5	71.42
71.6	71.43
71.4	71.44
71.6	71.45
71.3	71.46
71.3	71.47
71.6	71.48
71.5	71.49
71.5	71.50
71.3	71.51
71.5	71.52
71.6	71.53
71.6	71.54
71.6	71.55
71.3	71.56
71.5	71.57
71.5	71.58
71.5	71.59
71.4	71.60
71.6	71.61
71.6	71.62
71.3	71.63
71.6	71.64
72.3	72.1
72.1	72.2
72.3	72.3
72.10	72.4
72.11	72.5
72.11	72.6
72.3	72.7
72.3	72.8
72.3	72.9
72.3	72.10
72.3	72.11
72.2	72.12
72.3	72.13
72.6	72.14
72.11	72.15
72.11	72.16
72.10	72.17
72.5	72.18
72.10	72.19
72.11	72.20
72.11	72.21
72.11	72.22
72.11	72.23
72.3	72.24
72.11	72.25
72.3	72.26
72.11	72.27
72.6	72.28
72.8	72.29
72.9	72.30
72.3	72.31
72.3	72.32
72.8	72.33
72.11	72.34
72.11	72.35
72.3	72.36
72.10	72.37
72.10	72.38
72.11	72.39
72.11	72.40
72.6	72.41
72.3	72.42
72.11	72.43
72.8	72.44
72.8	72.45
72.11	72.46
72.3	72.47
72.7	72.48
72.6	72.49
72.4	72.50
72.3	72.51
72.10	72.52
72.10	72.53
72.11	72.54
72.11	72.55
72.1	72.56
72.10	72.57
72.11	72.58
72.10	72.59
72.1	72.60
72.3	72.61
72.11	72.62
72.4	72.63
72.8	72.64
73.1	73.1
73.4	73.2
73.7	73.3
73.6	73.4
73.2	73.5
73.7	73.6
73.4	73.7
73.7	73.8
73.7	73.9
73.6	73.10
73.4	73.11
73.4	73.12
73.1	73.13
73.6	73.14
73.6	73.15
73.7	73.16
73.6	73.17
73.7	73.18
73.4	73.19
73.7	73.20
73.7	73.21
73.4	73.22
73.4	73.23
73.5	73.24
73.1	73.25
73.6	73.26
73.7	73.27
73.3	73.28
73.5	73.29
73.6	73.30
73.1	73.31
73.1	73.32
73.7	73.33
73.6	73.34
73.1	73.35
73.7	73.36
73.1	73.37
73.7	73.38
73.5	73.39
73.4	73.40
73.6	73.41
73.6	73.42
73.4	73.43
73.5	73.44
73.6	73.45
73.1	73.46
73.4	73.47
73.5	73.48
73.1	73.49
73.4	73.50
73.6	73.51
73.6	73.52
73.6	73.53
73.5	73.54
73.1	73.55
73.5	73.56
73.7	73.57
73.7	73.58
73.1	73.59
73.1	73.60
73.1	73.61
73.7	73.62
73.3	73.63
73.4	73.64
74.10	74.1
74.1	74.2
74.10	74.3
74.9	74.4
74.10	74.5
74.1	74.6
74.9	74.7
74.7	74.8
74.10	74.9
74.1	74.10
74.10	74.11
74.10	74.12
74.10	74.13
74.10	74.14
74.10	74.15
74.1	74.16
74.10	74.17
74.10	74.18
74.1	74.19
74.10	74.20
74.1	74.21
74.9	74.22
74.1	74.23
74.10	74.24
74.1	74.25
74.9	74.26
74.9	74.27
74.1	74.28
74.10	74.29
74.10	74.30
74.10	74.31
74.1	74.32
74.10	74.33
74.1	74.34
74.1	74.35
74.10	74.36
74.9	74.37
74.1	74.38
74.1	74.39
74.1	74.40
74.7	74.41
74.1	74.42
74.10	74.43
74.10	74.44
74.10	74.45
74.4	74.46
74.1	74.47
74.1	74.48
74.5	74.49
74.3	74.50
74.8	74.51
74.9	74.52
74.10	74.53
74.1	74.54
74.4	74.55
74.9	74.56
74.1	74.57
74.10	74.58
74.1	74.59
74.2	74.60
74.1	74.61
74.4	74.62
74.1	74.63
74.6	74.64
75.9	75.1
75.11	75.2
75.11	75.3
75.1	75.4
75.11	75.5
75.9	75.6
75.7	75.7
75.11	75.8
75.1	75.9
75.1	75.10
75.1	75.11
75.1	75.12
75.1	75.13
75.11	75.14
75.1	75.15
75.9	75.16
75.8	75.17
75.1	75.18
75.11	75.19
75.2	75.20
75.9	75.21
75.1	75.22
75.1	75.23
75.3	75.24
75.4	75.25
75.9	75.26
75.9	75.27
75.1	75.28
75.4	75.29
75.7	75.30
75.11	75.31
75.1	75.32
75.1	75.33
75.11	75.34
75.1	75.35
75.1	75.36
75.1	75.37
75.11	75.38
75.10	75.39
75.1	75.40
75.11	75.41
75.1	75.42
75.1	75.43
75.7	75.44
75.5	75.45
75.5	75.46
75.8	75.47
75.11	75.48
75.11	75.49
75.9	75.50
75.7	75.51
75.8	75.52
75.11	75.53
75.11	75.54
75.11	75.55
75.7	75.56
75.6	75.57
75.1	75.58
75.9	75.59
75.9	75.60
75.8	75.61
75.7	75.62
75.7	75.63
75.11	75.64
76.7	76.1
76.1	76.2
76.7	76.3
76.1	76.4
76.1	76.5
76.1	76.6
76.1	76.7
76.1	76.8
76.1	76.9
76.6	76.10
76.1	76.11
76.1	76.12
76.7	76.13
76.7	76.14
76.1	76.15
76.7	76.16
76.4	76.17
76.1	76.18
76.1	76.19
76.1	76.20
76.3	76.21
76.1	76.22
76.7	76.23
76.7	76.24
76.1	76.25
76.1	76.26
76.1	76.27
76.1	76.28
76.1	76.29
76.1	76.30
76.7	76.31
76.7	76.32
76.1	76.33
76.1	76.34
76.1	76.35
76.4	76.36
76.1	76.37
76.1	76.38
76.8	76.39
76.7	76.40
76.4	76.41
76.8	76.42
76.7	76.43
76.6	76.44
76.8	76.45
76.7	76.46
76.1	76.47
76.7	76.48
76.7	76.49
76.6	76.50
76.1	76.51
76.4	76.52
76.7	76.53
76.6	76.54
76.2	76.55
76.1	76.56
76.1	76.57
76.1	76.58
76.1	76.59
76.1	76.60
76.7	76.61
76.5	76.62
76.4	76.63
76.1	76.64
77.1	77.1
77.10	77.2
77.1	77.3
77.7	77.4
77.1	77.5
77.1	77.6
77.1	77.7
77.10	77.8
77.1	77.9
77.10	77.10
77.1	77.11
77.7	77.12
77.1	77.13
77.1	77.14
77.7	77.15
77.1	77.16
77.2	77.17
77.1	77.18
77.1	77.19
77.9	77.20
77.7	77.21
77.1	77.22
77.7	77.23
77.1	77.24
77.1	77.25
77.7	77.26
77.10	77.27
77.1	77.28
77.8	77.29
77.7	77.30
77.1	77.31
77.1	77.32
77.7	77.33
77.4	77.34
77.10	77.35
77.1	77.36
77.1	77.37
77.7	77.38
77.11	77.39
77.11	77.40
77.7	77.41
77.1	77.42
77.1	77.43
77.7	77.44
77.5	77.45
77.10	77.46
77.6	77.47
77.6	77.48
77.1	77.49
77.1	77.50
77.7	77.51
77.10	77.52
77.8	77.53
77.3	77.54
77.1	77.55
77.9	77.56
77.10	77.57
77.1	77.58
77.1	77.59
77.1	77.60
77.1	77.61
77.1	77.62
77.1	77.63
77.7	77.64
78.7	78.1
78.8	78.2
78.5	78.3
78.1	78.4
78.5	78.5
78.8	78.6
78.5	78.7
78.2	78.8
78.1	78.9
78.5	78.10
78.5	78.11
78.8	78.12
78.7	78.13
78.1	78.14
78.5	78.15
78.5	78.16
78.5	78.17
78.7	78.18
78.5	78.19
78.1	78.20
78.8	78.21
78.1	78.22
78.5	78.23
78.5	78.24
78.1	78.25
78.8	78.26
78.5	78.27
78.5	78.28
78.5	78.29
78.5	78.30
78.5	78.31
78.5	78.32
78.1	78.33
78.5	78.34
78.5	78.35
78.5	78.36
78.4	78.37
78.1	78.38
78.5	78.39
78.8	78.40
78.5	78.41
78.5	78.42
78.6	78.43
78.5	78.44
78.5	78.45
78.5	78.46
78.3	78.47
78.5	78.48
78.5	78.49
78.8	78.50
78.7	78.51
78.5	78.52
78.7	78.53
78.1	78.54
78.5	78.55
78.7	78.56
78.5	78.57
78.5	78.58
78.1	78.59
78.5	78.60
78.5	78.61
78.1	78.62
78.1	78.63
78.5	78.64
79.1	79.1
79.1	79.2
79.1	79.3
79.6	79.4
79.6	79.5
79.6	79.6
79.6	79.7
79.6	79.8
79.6	79.9
79.6	79.10
79.1	79.11
79.1	79.12
79.6	79.13
79.4	79.14
79.6	79.15
79.6	79.16
79.1	79.17
79.6	79.18
79.6	79.19
79.6	79.20
79.1	79.21
79.6	79.22
79.6	79.23
79.6	79.24
79.6	79.25
79.1	79.26
79.1	79.27
79.1	79.28
79.6	79.29
79.6	79.30
79.6	79.31
79.6	79.32
79.5	79.33
79.5	79.34
79.6	79.35
79.7	79.36
79.1	79.37
79.2	79.38
79.1	79.39
79.6	79.40
79.1	79.41
79.5	79.42
79.1	79.43
79.7	79.44
79.7	79.45
79.6	79.46
79.6	79.47
79.6	79.48
79.7	79.49
79.3	79.50
79.1	79.51
79.6	79.52
79.6	79.53
79.1	79.54
79.6	79.55
79.6	79.56
79.5	79.57
79.7	79.58
79.6	79.59
79.6	79.60
79.6	79.61
79.6	79.62
79.6	79.63
79.1	79.64
80.1	80.1
80.1	80.2
80.6	80.3
80.1	80.4
80.1	80.5
80.8	80.6
80.1	80.7
80.2	80.8
80.8	80.9
80.8	80.10
80.7	80.11
80.1	80.12
80.8	80.13
80.8	80.14
80.6	80.15
80.1	80.16
80.1	80.17
80.7	80.18
80.1	80.19
80.1	80.20
80.5	80.21
80.8	80.22
80.1	80.23
80.7	80.24
80.8	80.25
80.8	80.26
80.1	80.27
80.8	80.28
80.1	80.29
80.1	80.30
80.7	80.31
80.6	80.32
80.1	80.33
80.8	80.34
80.1	80.35
80.1	80.36
80.1	80.37
80.8	80.38
80.1	80.39
80.1	80.40
80.8	80.41
80.1	80.42
80.1	80.43
80.5	80.44
80.8	80.45
80.8	80.46
80.7	80.47
80.1	80.48
80.8	80.49
80.5	80.50
80.1	80.51
80.8	80.52
80.1	80.53
80.4	80.54
80.1	80.55
80.1	80.56
80.1	80.57
80.1	80.58
80.7	80.59
80.1	80.60
80.8	80.61
80.3	80.62
80.1	80.63
80.1	80.64
81.4	81.1
81.1	81.2
81.1	81.3
81.5	81.4
81.1	81.5
81.5	81.6
81.5	81.7
81.1	81.8
81.1	81.9
81.1	81.10
81.5	81.11
81.5	81.12
81.4	81.13
81.1	81.14
81.5	81.15
81.1	81.16
81.5	81.17
81.1	81.18
81.3	81.19
81.4	81.20
81.5	81.21
81.5	81.22
81.1	81.23
81.1	81.24
81.5	81.25
81.5	81.26
81.4	81.27
81.4	81.28
81.5	81.29
81.4	81.30
81.1	81.31
81.5	81.32
81.5	81.33
81.5	81.34
81.1	81.35
81.5	81.36
81.1	81.37
81.5	81.38
81.5	81.39
81.3	81.40
81.3	81.41
81.1	81.42
81.1	81.43
81.1	81.44
81.1	81.45
81.5	81.46
81.4	81.47
81.1	81.48
81.5	81.49
81.1	81.50
81.4	81.51
81.1	81.52
81.3	81.53
81.5	81.54
81.1	81.55
81.4	81.56
81.1	81.57
81.1	81.58
81.3	81.59
81.5	81.60
81.4	81.61
81.2	81.62
81.1	81.63
81.3	81.64
82.8	82.1
82.8	82.2
82.8	82.3
82.8	82.4
82.9	82.5
82.5	82.6
82.6	82.7
82.1	82.8
82.6	82.9
82.5	82.10
82.8	82.11
82.6	82.12
82.6	82.13
82.8	82.14
82.8	82.15
82.6	82.16
82.9	82.17
82.8	82.18
82.1	82.19
82.8	82.20
82.5	82.21
82.6	82.22
82.2	82.23
82.7	82.24
82.6	82.25
82.1	82.26
82.8	82.27
82.6	82.28
82.1	82.29
82.6	82.30
82.8	82.31
82.8	82.32
82.1	82.33
82.9	82.34
82.8	82.35
82.6	82.36
82.1	82.37
82.8	82.38
82.6	82.39
82.6	82.40
82.1	82.41
82.8	82.42
82.8	82.43
82.6	82.44
82.6	82.45
82.8	82.46
82.8	82.47
82.6	82.48
82.6	82.49
82.5	82.50
82.8	82.51
82.1	82.52
82.8	82.53
82.8	82.54
82.8	82.55
82.9	82.56
82.3	82.57
82.1	82.58
82.9	82.59
82.6	82.60
82.8	82.61
82.4	82.62
82.8	82.63
82.8	82.64
83.11	83.1
83.1	83.2
83.11	83.3
83.11	83.4
83.5	83.5
83.8	83.6
83.7	83.7
83.7	83.8
83.11	83.9
83.7	83.10
83.4	83.11
83.11	83.12
83.11	83.13
83.6	83.14
83.11	83.15
83.11	83.16
83.8	83.17
83.11	83.18
83.1	83.19
83.11	83.20
83.1	83.21
83.6	83.22
83.11	83.23
83.8	83.24
83.6	83.25
83.11	83.26
83.11	83.27
83.8	83.28
83.9	83.29
83.1	83.30
83.11	83.31
83.2	83.32
83.8	83.33
83.10	83.34
83.11	83.35
83.8	83.36
83.11	83.37
83.11	83.38
83.3	83.39
83.1	83.40
83.8	83.41
83.11	83.42
83.7	83.43
83.11	83.44
83.11	83.45
83.1	83.46
83.1	83.47
83.11	83.48
83.11	83.49
83.1	83.50
83.1	83.51
83.1	83.52
83.1	83.53
83.1	83.54
83.11	83.55
83.1	83.56
83.7	83.57
83.1	83.58
83.1	83.59
83.11	83.60
83.1	83.61
83.11	83.62
83.11	83.63
83.6	83.64
84.8	84.1
84.10	84.2
84.8	84.3
84.8	84.4
84.7	84.5
84.7	84.6
84.6	84.7
84.6	84.8
84.10	84.9
84.8	84.10
84.8	84.11
84.10	84.12
84.7	84.13
84.1	84.14
84.7	84.15
84.8	84.16
84.7	84.17
84.3	84.18
84.8	84.19
84.8	84.20
84.7	84.21
84.9	84.22
84.8	84.23
84.8	84.24
84.7	84.25
84.8	84.26
84.8	84.27
84.7	84.28
84.7	84.29
84.7	84.30
84.7	84.31
84.8	84.32
84.6	84.33
84.7	84.34
84.7	84.35
84.9	84.36
84.8	84.37
84.8	84.38
84.8	84.39
84.7	84.40
84.8	84.41
84.8	84.42
84.5	84.43
84.1	84.44
84.9	84.45
84.7	84.46
84.8	84.47
84.8	84.48
84.7	84.49
84.8	84.50
84.4	84.51
84.7	84.52
84.7	84.53
84.2	84.54
84.7	84.55
84.7	84.56
84.8	84.57
84.8	84.58
84.7	84.59
84.6	84.60
84.7	84.61
84.8	84.62
84.9	84.63
84.7	84.64
85.6	85.1
85.6	85.2
85.7	85.3
85.7	85.4
85.7	85.5
85.6	85.6
85.7	85.7
85.7	85.8
85.6	85.9
85.7	85.10
85.6	85.11
85.2	85.12
85.3	85.13
85.1	85.14
85.5	85.15
85.7	85.16
85.7	85.17
85.1	85.18
85.1	85.19
85.7	85.20
85.6	85.21
85.5	85.22
85.7	85.23
85.7	85.24
85.1	85.25
85.7	85.26
85.6	85.27
85.6	85.28
85.4	85.29
85.1	85.30
85.5	85.31
85.7	85.32
85.7	85.33
85.1	85.34
85.1	85.35
85.1	85.36
85.7	85.37
85.7	85.38
85.1	85.39
85.5	85.40
85.1	85.41
85.5	85.42
85.7	85.43
85.7	85.44
85.1	85.45
85.7	85.46
85.7	85.47
85.7	85.48
85.1	85.49
85.1	85.50
85.7	85.51
85.7	85.52
85.7	85.53
85.7	85.54
85.6	85.55
85.6	85.56
85.7	85.57
85.5	85.58
85.5	85.59
85.6	85.60
85.7	85.61
85.1	85.62
85.5	85.63
85.7	85.64
86.4	86.1
86.3	86.2
86.3	86.3
86.3	86.4
86.3	86.5
86.5	86.6
86.5	86.7
86.3	86.8
86.7	86.9
86.6	86.10
86.4	86.11
86.4	86.12
86.3	86.13
86.5	86.14
86.1	86.15
86.5	86.16
86.7	86.17
86.3	86.18
86.5	86.19
86.5	86.20
86.3	86.21
86.5	86.22
86.7	86.23
86.3	86.24
86.5	86.25
86.3	86.26
86.4	86.27
86.5	86.28
86.3	86.29
86.4	86.30
86.6	86.31
86.3	86.32
86.5	86.33
86.5	86.34
86.2	86.35
86.7	86.36
86.7	86.37
86.5	86.38
86.3	86.39
86.4	86.40
86.5	86.41
86.7	86.42
86.6	86.43
86.6	86.44
86.3	86.45
86.5	86.46
86.6	86.47
86.4	86.48
86.7	86.49
86.1	86.50
86.3	86.51
86.5	86.52
86.7	86.53
86.6	86.54
86.6	86.55
86.5	86.56
86.6	86.57
86.7	86.58
86.7	86.59
86.6	86.60
86.6	86.61
86.3	86.62
86.3	86.63
86.3	86.64
87.4	87.1
87.4	87.2
87.4	87.3
87.4	87.4
87.1	87.5
87.4	87.6
87.4	87.7
87.4	87.8
87.1	87.9
87.4	87.10
87.1	87.11
87.4	87.12
87.4	87.13
87.1	87.14
87.4	87.15
87.4	87.16
87.4	87.17
87.4	87.18
87.4	87.19
87.4	87.20
87.4	87.21
87.4	87.22
87.4	87.23
87.4	87.24
87.1	87.25
87.6	87.26
87.4	87.27
87.4	87.28
87.3	87.29
87.4	87.30
87.1	87.31
87.4	87.32
87.4	87.33
87.4	87.34
87.2	87.35
87.4	87.36
87.4	87.37
87.4	87.38
87.4	87.39
87.4	87.40
87.4	87.41
87.4	87.42
87.1	87.43
87.1	87.44
87.4	87.45
87.1	87.46
87.1	87.47
87.4	87.48
87.1	87.49
87.5	87.50
87.1	87.51
87.1	87.52
87.4	87.53
87.1	87.54
87.4	87.55
87.4	87.56
87.1	87.57
87.1	87.58
87.4	87.59
87.4	87.60
87.1	87.61
87.5	87.62
87.4	87.63
87.4	87.64
88.6	88.1
88.6	88.2
88.3	88.3
88.3	88.4
88.3	88.5
88.6	88.6
88.6	88.7
88.3	88.8
88.3	88.9
88.5	88.10
88.3	88.11
88.5	88.12
88.6	88.13
88.1	88.14
88.3	88.15
88.3	88.16
88.3	88.17
88.6	88.18
88.1	88.19
88.1	88.20
88.6	88.21
88.1	88.22
88.3	88.23
88.3	88.24
88.3	88.25
88.3	88.26
88.3	88.27
88.6	88.28
88.5	88.29
88.3	88.30
88.5	88.31
88.4	88.32
88.3	88.33
88.3	88.34
88.1	88.35
88.6	88.36
88.6	88.37
88.3	88.38
88.1	88.39
88.6	88.40
88.3	88.41
88.6	88.42
88.1	88.43
88.4	88.44
88.3	88.45
88.3	88.46
88.6	88.47
88.2	88.48
88.3	88.49
88.3	88.50
88.6	88.51
88.3	88.52
88.3	88.53
88.3	88.54
88.6	88.55
88.6	88.56
88.6	88.57
88.3	88.58
88.3	88.59
88.1	88.60
88.3	88.61
88.3	88.62
88.6	88.63
88.6	88.64
89.3	89.1
89.1	89.2
89.6	89.3
89.8	89.4
89.8	89.5
89.6	89.6
89.1	89.7
89.1	89.8
89.5	89.9
89.5	89.10
89.1	89.11
89.1	89.12
89.1	89.13
89.3	89.14
89.8	89.15
89.8	89.16
89.1	89.17
89.3	89.18
89.8	89.19
89.8	89.20
89.7	89.21
89.3	89.22
89.2	89.23
89.1	89.24
89.8	89.25
89.1	89.26
89.5	89.27
89.3	89.28
89.8	89.29
89.1	89.30
89.7	89.31
89.1	89.32
89.3	89.33
89.4	89.34
89.1	89.35
89.8	89.36
89.7	89.37
89.8	89.38
89.8	89.39
89.8	89.40
89.6	89.41
89.1	89.42
89.5	89.43
89.8	89.44
89.7	89.45
89.1	89.46
89.8	89.47
89.8	89.48
89.1	89.49
89.8	89.50
89.5	89.51
89.1	89.52
89.6	89.53
89.8	89.54
89.1	89.55
89.5	89.56
89.8	89.57
89.5	89.58
89.5	89.59
89.1	89.60
89.8	89.61
89.5	89.62
89.3	89.63
89.1	89.64
90.9	90.1
90.9	90.2
90.1	90.3
90.9	90.4
90.9	90.5
90.1	90.6
90.1	90.7
90.1	90.8
90.1	90.9
90.9	90.10
90.1	90.11
90.9	90.12
90.9	90.13
90.8	90.14
90.9	90.15
90.1	90.16
90.9	90.17
90.1	90.18
90.1	90.19
90.1	90.20
90.1	90.21
90.1	90.22
90.1	90.23
90.9	90.24
90.4	90.25
90.5	90.26
90.9	90.27
90.7	90.28
90.1	90.29
90.1	90.30
90.1	90.31
90.9	90.32
90.8	90.33
90.4	90.34
90.1	90.35
90.1	90.36
90.9	90.37
90.3	90.38
90.1	90.39
90.1	90.40
90.1	90.41
90.8	90.42
90.6	90.43
90.5	90.44
90.1	90.45
90.9	90.46
90.9	90.47
90.9	90.48
90.8	90.49
90.6	90.50
90.1	90.51
90.9	90.52
90.8	90.53
90.9	90.54
90.9	90.55
90.7	90.56
90.8	90.57
90.9	90.58
90.9	90.59
90.8	90.60
90.5	90.61
90.1	90.62
90.8	90.63
90.2	90.64
91.5	91.1
91.1	91.2
91.8	91.3
91.6	91.4
91.1	91.5
91.5	91.6
91.1	91.7
91.1	91.8
91.5	91.9
91.5	91.10
91.1	91.11
91.5	91.12
91.6	91.13
91.1	91.14
91.1	91.15
91.1	91.16
91.5	91.17
91.1	91.18
91.6	91.19
91.1	91.20
91.3	91.21
91.1	91.22
91.8	91.23
91.1	91.24
91.1	91.25
91.1	91.26
91.1	91.27
91.5	91.28
91.3	91.29
91.6	91.30
91.5	91.31
91.5	91.32
91.1	91.33
91.5	91.34
91.5	91.35
91.1	91.36
91.1	91.37
91.8	91.38
91.7	91.39
91.1	91.40
91.5	91.41
91.2	91.42
91.6	91.43
91.3	91.44
91.1	91.45
91.8	91.46
91.6	91.47
91.5	91.48
91.1	91.49
91.8	91.50
91.1	91.51
91.1	91.52
91.6	91.53
91.6	91.54
91.6	91.55
91.5	91.56
91.4	91.57
91.1	91.58
91.5	91.59
91.8	91.60
91.5	91.61
91.1	91.62
91.5	91.63
91.1	91.64
92.6	92.1
92.1	92.2
92.5	92.3
92.1	92.4
92.1	92.5
92.1	92.6
92.5	92.7
92.1	92.8
92.5	92.9
92.5	92.10
92.6	92.11
92.1	92.12
92.1	92.13
92.4	92.14
92.1	92.15
92.6	92.16
92.1	92.17
92.1	92.18
92.6	92.19
92.1	92.20
92.1	92.21
92.1	92.22
92.3	92.23
92.1	92.24
92.6	92.25
92.1	92.26
92.1	92.27
92.5	92.28
92.1	92.29
92.1	92.30
92.5	92.31
92.5	92.32
92.6	92.33
92.5	92.34
92.1	92.35
92.4	92.36
92.1	92.37
92.4	92.38
92.5	92.39
92.1	92.40
92.1	92.41
92.6	92.42
92.6	92.43
92.6	92.44
92.1	92.45
92.6	92.46
92.1	92.47
92.1	92.48
92.1	92.49
92.6	92.50
92.2	92.51
92.1	92.52
92.1	92.53
92.5	92.54
92.6	92.55
92.5	92.56
92.4	92.57
92.1	92.58
92.1	92.59
92.1	92.60
92.6	92.61
92.6	92.62
92.1	92.63
92.6	92.64
93.1	93.1
93.1	93.2
93.8	93.3
93.8	93.4
93.1	93.5
93.8	93.6
93.1	93.7
93.1	93.8
93.1	93.9
93.1	93.10
93.1	93.11
93.1	93.12
93.9	93.13
93.5	93.14
93.1	93.15
93.10	93.16
93.8	93.17
93.1	93.18
93.1	93.19
93.1	93.20
93.8	93.21
93.8	93.22
93.1	93.23
93.1	93.24
93.5	93.25
93.1	93.26
93.1	93.27
93.1	93.28
93.1	93.29
93.8	93.30
93.8	93.31
93.1	93.32
93.3	93.33
93.1	93.34
93.9	93.35
93.1	93.36
93.7	93.37
93.1	93.38
93.8	93.39
93.1	93.40
93.8	93.41
93.10	93.42
93.10	93.43
93.6	93.44
93.7	93.45
93.1	93.46
93.8	93.47
93.1	93.48
93.8	93.49
93.9	93.50
93.10	93.51
93.9	93.52
93.8	93.53
93.7	93.54
93.9	93.55
93.8	93.56
93.8	93.57
93.4	93.58
93.2	93.59
93.1	93.60
93.8	93.61
93.1	93.62
93.7	93.63
93.8	93.64
94.9	94.1
94.6	94.2
94.9	94.3
94.6	94.4
94.6	94.5
94.6	94.6
94.6	94.7
94.1	94.8
94.6	94.9
94.6	94.10
94.6	94.11
94.9	94.12
94.6	94.13
94.9	94.14
94.9	94.15
94.4	94.16
94.6	94.17
94.9	94.18
94.9	94.19
94.1	94.20
94.6	94.21
94.9	94.22
94.9	94.23
94.9	94.24
94.6	94.25
94.6	94.26
94.6	94.27
94.6	94.28
94.9	94.29
94.6	94.30
94.9	94.31
94.7	94.32
94.6	94.33
94.6	94.34
94.6	94.35
94.3	94.36
94.6	94.37
94.8	94.38
94.6	94.39
94.6	94.40
94.1	94.41
94.1	94.42
94.2	94.43
94.6	94.44
94.1	94.45
94.9	94.46
94.6	94.47
94.6	94.48
94.9	94.49
94.6	94.50
94.6	94.51
94.6	94.52
94.5	94.53
94.6	94.54
94.6	94.55
94.6	94.56
94.6	94.57
94.6	94.58
94.6	94.59
94.9	94.60
94.9	94.61
94.6	94.62
94.6	94.63
94.9	94.64
95.7	95.1
95.1	95.2
95.1	95.3
95.3	95.4
95.1	95.5
95.2	95.6
95.1	95.7
95.6	95.8
95.4	95.9
95.1	95.10
95.1	95.11
95.7	95.12
95.5	95.13
95.1	95.14
95.5	95.15
95.6	95.16
95.1	95.17
95.1	95.18
95.7	95.19
95.1	95.20
95.7	95.21
95.7	95.22
95.7	95.23
95.7	95.24
95.7	95.25
95.6	95.26
95.1	95.27
95.7	95.28
95.1	95.29
95.1	95.30
95.7	95.31
95.7	95.32
95.1	95.33
95.7	95.34
95.7	95.35
95.5	95.36
95.7	95.37
95.1	95.38
95.6	95.39
95.6	95.40
95.6	95.41
95.1	95.42
95.7	95.43
95.7	95.44
95.1	95.45
95.7	95.46
95.1	95.47
95.6	95.48
95.1	95.49
95.7	95.50
95.7	95.51
95.7	95.52
95.7	95.53
95.7	95.54
95.6	95.55
95.3	95.56
95.1	95.57
95.6	95.58
95.1	95.59
95.7	95.60
95.7	95.61
95.1	95.62
95.8	95.63
95.1	95.64
96.1	96.1
96.5	96.2
96.7	96.3
96.7	96.4
96.4	96.5
96.1	96.6
96.1	96.7
96.1	96.8
96.7	96.9
96.5	96.10
96.7	96.11
96.1	96.12
96.5	96.13
96.7	96.14
96.3	96.15
96.1	96.16
96.1	96.17
96.1	96.18
96.1	96.19
96.4	96.20
96.5	96.21
96.7	96.22
96.1	96.23
96.1	96.24
96.1	96.25
96.1	96.26
96.5	96.27
96.7	96.28
96.7	96.29
96.1	96.30
96.1	96.31
96.7	96.32
96.1	96.33
96.1	96.34
96.1	96.35
96.1	96.36
96.3	96.37
96.1	96.38
96.7	96.39
96.7	96.40
96.1	96.41
96.7	96.42
96.1	96.43
96.1	96.44
96.7	96.45
96.1	96.46
96.1	96.47
96.1	96.48
96.1	96.49
96.1	96.50
96.7	96.51
96.1	96.52
96.5	96.53
96.2	96.54
96.7	96.55
96.1	96.56
96.1	96.57
96.6	96.58
96.7	96.59
96.3	96.60
96.1	96.61
96.1	96.62
96.5	96.63
96.5	96.64
97.1	97.1
97.1	97.2
97.8	97.3
97.8	97.4
97.1	97.5
97.5	97.6
97.7	97.7
97.1	97.8
97.1	97.9
97.1	97.10
97.1	97.11
97.8	97.12
97.1	97.13
97.8	97.14
97.1	97.15
97.8	97.16
97.1	97.17
97.8	97.18
97.6	97.19
97.1	97.20
97.1	97.21
97.1	97.22
97.1	97.23
97.1	97.24
97.3	97.25
97.3	97.26
97.1	97.27
97.8	97.28
97.1	97.29
97.5	97.30
97.8	97.31
97.1	97.32
97.1	97.33
97.1	97.34
97.5	97.35
97.8	97.36
97.1	97.37
97.1	97.38
97.8	97.39
97.1	97.40
97.2	97.41
97.1	97.42
97.9	97.43
97.1	97.44
97.1	97.45
97.8	97.46
97.5	97.47
97.8	97.48
97.5	97.49
97.8	97.50
97.5	97.51
97.1	97.52
97.8	97.53
97.1	97.54
97.8	97.55
97.8	97.56
97.1	97.57
97.4	97.58
97.8	97.59
97.1	97.60
97.1	97.61
97.8	97.62
97.1	97.63
97.1	97.64
98.1	98.1
98.1	98.2
98.1	98.3
98.1	98.4
98.1	98.5
98.1	98.6
98.11	98.7
98.1	98.8
98.9	98.9
98.1	98.10
98.1	98.11
98.11	98.12
98.1	98.13
98.9	98.14
98.7	98.15
98.1	98.16
98.11	98.17
98.9	98.18
98.1	98.19
98.4	98.20
98.11	98.21
98.1	98.22
98.1	98.23
98.9	98.24
98.1	98.25
98.1	98.26
98.9	98.27
98.10	98.28
98.11	98.29
98.1	98.30
98.8	98.31
98.8	98.32
98.1	98.33
98.1	98.34
98.1	98.35
98.1	98.36
98.8	98.37
98.9	98.38
98.4	98.39
98.9	98.40
98.11	98.41
98.6	98.42
98.9	98.43
98.9	98.44
98.11	98.45
98.1	98.46
98.1	98.47
98.9	98.48
98.11	98.49
98.11	98.50
98.1	98.51
98.11	98.52
98.9	98.53
98.2	98.54
98.1	98.55
98.9	98.56
98.1	98.57
98.3	98.58
98.9	98.59
98.11	98.60
98.5	98.61
98.1	98.62
98.9	98.63
98.9	98.64
99.4	99.1
99.1	99.2
99.4	99.3
99.6	99.4
99.1	99.5
99.1	99.6
99.4	99.7
99.1	99.8
99.4	99.9
99.1	99.10
99.1	99.11
99.1	99.12
99.4	99.13
99.1	99.14
99.6	99.15
99.1	99.16
99.5	99.17
99.1	99.18
99.1	99.19
99.1	99.20
99.4	99.21
99.4	99.22
99.4	99.23
99.2	99.24
99.1	99.25
99.6	99.26
99.6	99.27
99.4	99.28
99.1	99.29
99.4	99.30
99.1	99.31
99.4	99.32
99.1	99.33
99.4	99.34
99.5	99.35
99.1	99.36
99.4	99.37
99.1	99.38
99.1	99.39
99.1	99.40
99.1	99.41
99.1	99.42
99.1	99.43
99.1	99.44
99.1	99.45
99.3	99.46
99.6	99.47
99.1	99.48
99.1	99.49
99.1	99.50
99.1	99.51
99.4	99.52
99.1	99.53
99.1	99.54
99.1	99.55
99.4	99.56
99.1	99.57
99.4	99.58
99.1	99.59
99.1	99.60
99.1	99.61
99.1	99.62
99.4	99.63
99.1	99.64
100.7	100.1
100.9	100.2
100.1	100.3
100.4	100.4
100.7	100.5
100.9	100.6
100.9	100.7
100.1	100.8
100.9	100.9
100.7	100.10
100.1	100.11
100.7	100.12
100.9	100.13
100.8	100.14
100.9	100.15
100.1	100.16
100.7	100.17
100.7	100.18
100.1	100.19
100.9	100.20
100.8	100.21
100.1	100.22
100.5	100.23
100.9	100.24
100.1	100.25
100.9	100.26
100.7	100.27
100.7	100.28
100.9	100.29
100.1	100.30
100.5	100.31
100.1	100.32
100.9	100.33
100.6	100.34
100.6	100.35
100.1	100.36
100.9	100.37
100.9	100.38
100.1	100.39
100.1	100.40
100.1	100.41
100.1	100.42
100.1	100.43
100.9	100.44
100.9	100.45
100.7	100.46
100.1	100.47
100.1	100.48
100.9	100.49
100.1	100.50
100.5	100.51
100.1	100.52
100.3	100.53
100.7	100.54
100.2	100.55
100.7	100.56
100.6	100.57
100.1	100.58
100.3	100.59
100.7	100.60
100.7	100.61
100.1	100.62
100.9	100.63
100.8	100.64