subTopicID	resultID
1.1	1.1
1.6	1.2
1.1	1.3
1.1	1.4
1.4	1.5
1.1	1.6
1.6	1.7
1.1	1.8
1.6	1.9
1.1	1.10
1.1	1.11
1.6	1.12
1.6	1.13
1.6	1.14
1.6	1.15
1.6	1.16
1.6	1.17
1.1	1.18
1.4	1.19
1.6	1.20
1.6	1.21
1.4	1.22
1.6	1.23
1.1	1.24
1.1	1.25
1.1	1.26
1.1	1.27
1.6	1.28
1.1	1.29
1.6	1.30
1.6	1.31
1.6	1.32
1.1	1.33
1.1	1.34
1.1	1.35
1.1	1.36
1.4	1.37
1.6	1.38
1.3	1.39
1.1	1.40
1.1	1.41
1.6	1.42
1.1	1.43
1.6	1.44
1.1	1.45
1.1	1.46
1.1	1.47
1.4	1.48
1.3	1.49
1.3	1.50
1.4	1.51
1.1	1.52
1.6	1.53
1.1	1.54
1.5	1.55
1.6	1.56
1.1	1.57
1.1	1.58
1.4	1.59
1.1	1.60
1.2	1.61
1.1	1.62
1.1	1.63
1.1	1.64
2.5	2.1
2.7	2.2
2.7	2.3
2.5	2.4
2.1	2.5
2.7	2.6
2.5	2.7
2.5	2.8
2.5	2.9
2.7	2.10
2.5	2.11
2.6	2.12
2.5	2.13
2.5	2.14
2.5	2.15
2.5	2.16
2.1	2.17
2.5	2.18
2.5	2.19
2.7	2.20
2.1	2.21
2.4	2.22
2.3	2.23
2.5	2.24
2.7	2.25
2.5	2.26
2.7	2.27
2.8	2.28
2.1	2.29
2.7	2.30
2.5	2.31
2.7	2.32
2.5	2.33
2.7	2.34
2.7	2.35
2.8	2.36
2.7	2.37
2.8	2.38
2.1	2.39
2.2	2.40
2.7	2.41
2.6	2.42
2.5	2.43
2.7	2.44
2.5	2.45
2.6	2.46
2.7	2.47
2.6	2.48
2.7	2.49
2.1	2.50
2.5	2.51
2.7	2.52
2.8	2.53
2.7	2.54
2.7	2.55
2.7	2.56
2.1	2.57
2.8	2.58
2.7	2.59
2.8	2.60
2.7	2.61
2.1	2.62
2.8	2.63
2.1	2.64
3.1	3.1
3.1	3.2
3.11	3.3
3.9	3.4
3.1	3.5
3.11	3.6
3.11	3.7
3.1	3.8
3.1	3.9
3.1	3.10
3.1	3.11
3.1	3.12
3.1	3.13
3.11	3.14
3.1	3.15
3.11	3.16
3.12	3.17
3.1	3.18
3.9	3.19
3.12	3.20
3.1	3.21
3.11	3.22
3.6	3.23
3.12	3.24
3.1	3.25
3.11	3.26
3.8	3.27
3.11	3.28
3.12	3.29
3.9	3.30
3.1	3.31
3.12	3.32
3.1	3.33
3.11	3.34
3.1	3.35
3.10	3.36
3.11	3.37
3.5	3.38
3.2	3.39
3.12	3.40
3.11	3.41
3.11	3.42
3.1	3.43
3.12	3.44
3.1	3.45
3.11	3.46
3.9	3.47
3.12	3.48
3.1	3.49
3.7	3.50
3.3	3.51
3.1	3.52
3.1	3.53
3.11	3.54
3.1	3.55
3.12	3.56
3.11	3.57
3.4	3.58
3.1	3.59
3.12	3.60
3.1	3.61
3.11	3.62
3.7	3.63
3.11	3.64
4.6	4.1
4.5	4.2
4.4	4.3
4.4	4.4
4.4	4.5
4.1	4.6
4.4	4.7
4.4	4.8
4.6	4.9
4.1	4.10
4.6	4.11
4.4	4.12
4.4	4.13
4.4	4.14
4.6	4.15
4.4	4.16
4.6	4.17
4.6	4.18
4.6	4.19
4.4	4.20
4.4	4.21
4.6	4.22
4.3	4.23
4.6	4.24
4.1	4.25
4.4	4.26
4.1	4.27
4.6	4.28
4.6	4.29
4.4	4.30
4.1	4.31
4.6	4.32
4.4	4.33
4.6	4.34
4.6	4.35
4.6	4.36
4.6	4.37
4.4	4.38
4.4	4.39
4.6	4.40
4.6	4.41
4.4	4.42
4.4	4.43
4.1	4.44
4.4	4.45
4.2	4.46
4.4	4.47
4.4	4.48
4.1	4.49
4.6	4.50
4.6	4.51
4.6	4.52
4.4	4.53
4.6	4.54
4.1	4.55
4.6	4.56
4.1	4.57
4.6	4.58
4.1	4.59
4.4	4.60
4.6	4.61
4.4	4.62
4.6	4.63
4.1	4.64
5.4	5.1
5.4	5.2
5.4	5.3
5.4	5.4
5.5	5.5
5.4	5.6
5.1	5.7
5.4	5.8
5.4	5.9
5.4	5.10
5.4	5.11
5.1	5.12
5.4	5.13
5.1	5.14
5.1	5.15
5.4	5.16
5.1	5.17
5.4	5.18
5.5	5.19
5.4	5.20
5.4	5.21
5.4	5.22
5.1	5.23
5.1	5.24
5.5	5.25
5.1	5.26
5.4	5.27
5.1	5.28
5.4	5.29
5.4	5.30
5.4	5.31
5.1	5.32
5.5	5.33
5.4	5.34
5.4	5.35
5.1	5.36
5.4	5.37
5.2	5.38
5.4	5.39
5.4	5.40
5.4	5.41
5.4	5.42
5.4	5.43
5.3	5.44
5.4	5.45
5.4	5.46
5.1	5.47
5.1	5.48
5.4	5.49
5.1	5.50
5.4	5.51
5.4	5.52
5.1	5.53
5.5	5.54
5.1	5.55
5.4	5.56
5.4	5.57
5.4	5.58
5.4	5.59
5.1	5.60
5.4	5.61
5.4	5.62
5.1	5.63
5.4	5.64
6.1	6.1
6.6	6.2
6.6	6.3
6.7	6.4
6.4	6.5
6.6	6.6
6.6	6.7
6.6	6.8
6.1	6.9
6.1	6.10
6.6	6.11
6.6	6.12
6.6	6.13
6.6	6.14
6.6	6.15
6.1	6.16
6.6	6.17
6.6	6.18
6.1	6.19
6.2	6.20
6.5	6.21
6.6	6.22
6.6	6.23
6.5	6.24
6.6	6.25
6.6	6.26
6.6	6.27
6.1	6.28
6.6	6.29
6.6	6.30
6.3	6.31
6.6	6.32
6.1	6.33
6.6	6.34
6.1	6.35
6.6	6.36
6.7	6.37
6.1	6.38
6.1	6.39
6.6	6.40
6.6	6.41
6.6	6.42
6.6	6.43
6.6	6.44
6.6	6.45
6.6	6.46
6.1	6.47
6.1	6.48
6.1	6.49
6.1	6.50
6.1	6.51
6.1	6.52
6.6	6.53
6.6	6.54
6.7	6.55
6.6	6.56
6.1	6.57
6.1	6.58
6.1	6.59
6.1	6.60
6.1	6.61
6.1	6.62
6.1	6.63
6.6	6.64
7.3	7.1
7.3	7.2
7.9	7.3
7.9	7.4
7.7	7.5
7.7	7.6
7.9	7.7
7.6	7.8
7.7	7.9
7.7	7.10
7.3	7.11
7.3	7.12
7.3	7.13
7.3	7.14
7.3	7.15
7.9	7.16
7.9	7.17
7.3	7.18
7.3	7.19
7.3	7.20
7.3	7.21
7.7	7.22
7.9	7.23
7.9	7.24
7.9	7.25
7.3	7.26
7.1	7.27
7.6	7.28
7.7	7.29
7.3	7.30
7.3	7.31
7.4	7.32
7.7	7.33
7.4	7.34
7.3	7.35
7.2	7.36
7.3	7.37
7.3	7.38
7.7	7.39
7.3	7.40
7.6	7.41
7.7	7.42
7.3	7.43
7.9	7.44
7.3	7.45
7.7	7.46
7.3	7.47
7.3	7.48
7.4	7.49
7.3	7.50
7.4	7.51
7.3	7.52
7.9	7.53
7.1	7.54
7.3	7.55
7.3	7.56
7.3	7.57
7.9	7.58
7.5	7.59
7.8	7.60
7.4	7.61
7.7	7.62
7.7	7.63
7.3	7.64
8.6	8.1
8.6	8.2
8.17	8.3
8.7	8.4
8.15	8.5
8.8	8.6
8.13	8.7
8.11	8.8
8.15	8.9
8.14	8.10
8.8	8.11
8.3	8.12
8.11	8.13
8.11	8.14
8.10	8.15
8.11	8.16
8.9	8.17
8.14	8.18
8.8	8.19
8.8	8.20
8.2	8.21
8.11	8.22
8.11	8.23
8.8	8.24
8.1	8.25
8.1	8.26
8.4	8.27
8.12	8.28
8.3	8.29
8.1	8.30
8.3	8.31
8.13	8.32
8.8	8.33
8.16	8.34
8.8	8.35
8.17	8.36
8.1	8.37
8.1	8.38
8.7	8.39
8.3	8.40
8.1	8.41
8.1	8.42
8.3	8.43
8.11	8.44
8.14	8.45
8.8	8.46
8.8	8.47
8.10	8.48
8.1	8.49
8.1	8.50
8.1	8.51
8.13	8.52
8.1	8.53
8.16	8.54
8.1	8.55
8.11	8.56
8.11	8.57
8.3	8.58
8.3	8.59
8.5	8.60
8.3	8.61
8.5	8.62
8.15	8.63
8.8	8.64
9.8	9.1
9.7	9.2
9.4	9.3
9.4	9.4
9.6	9.5
9.7	9.6
9.7	9.7
9.1	9.8
9.7	9.9
9.6	9.10
9.7	9.11
9.7	9.12
9.6	9.13
9.1	9.14
9.6	9.15
9.4	9.16
9.3	9.17
9.4	9.18
9.4	9.19
9.4	9.20
9.4	9.21
9.7	9.22
9.1	9.23
9.7	9.24
9.6	9.25
9.2	9.26
9.1	9.27
9.6	9.28
9.4	9.29
9.7	9.30
9.4	9.31
9.6	9.32
9.3	9.33
9.4	9.34
9.7	9.35
9.7	9.36
9.6	9.37
9.5	9.38
9.3	9.39
9.3	9.40
9.4	9.41
9.3	9.42
9.1	9.43
9.3	9.44
9.1	9.45
9.3	9.46
9.6	9.47
9.7	9.48
9.6	9.49
9.4	9.50
9.7	9.51
9.7	9.52
9.7	9.53
9.7	9.54
9.6	9.55
9.6	9.56
9.4	9.57
9.6	9.58
9.4	9.59
9.6	9.60
9.7	9.61
9.1	9.62
9.7	9.63
9.6	9.64
10.5	10.1
10.5	10.2
10.2	10.3
10.5	10.4
10.5	10.5
10.5	10.6
10.5	10.7
10.2	10.8
10.2	10.9
10.5	10.10
10.5	10.11
10.2	10.12
10.6	10.13
10.5	10.14
10.5	10.15
10.5	10.16
10.5	10.17
10.5	10.18
10.5	10.19
10.5	10.20
10.6	10.21
10.5	10.22
10.6	10.23
10.5	10.24
10.2	10.25
10.2	10.26
10.2	10.27
10.2	10.28
10.5	10.29
10.5	10.30
10.6	10.31
10.2	10.32
10.4	10.33
10.6	10.34
10.5	10.35
10.6	10.36
10.5	10.37
10.5	10.38
10.2	10.39
10.2	10.40
10.5	10.41
10.1	10.42
10.1	10.43
10.5	10.44
10.2	10.45
10.5	10.46
10.2	10.47
10.6	10.48
10.2	10.49
10.2	10.50
10.2	10.51
10.5	10.52
10.6	10.53
10.5	10.54
10.6	10.55
10.5	10.56
10.2	10.57
10.2	10.58
10.2	10.59
10.3	10.60
10.2	10.61
10.3	10.62
10.5	10.63
10.1	10.64
11.5	11.1
11.4	11.2
11.5	11.3
11.5	11.4
11.6	11.5
11.3	11.6
11.9	11.7
11.6	11.8
11.3	11.9
11.5	11.10
11.6	11.11
11.5	11.12
11.5	11.13
11.6	11.14
11.9	11.15
11.5	11.16
11.7	11.17
11.9	11.18
11.3	11.19
11.5	11.20
11.1	11.21
11.8	11.22
11.6	11.23
11.9	11.24
11.5	11.25
11.5	11.26
11.9	11.27
11.5	11.28
11.5	11.29
11.5	11.30
11.3	11.31
11.5	11.32
11.5	11.33
11.6	11.34
11.6	11.35
11.6	11.36
11.5	11.37
11.5	11.38
11.6	11.39
11.9	11.40
11.3	11.41
11.5	11.42
11.6	11.43
11.6	11.44
11.6	11.45
11.6	11.46
11.6	11.47
11.1	11.48
11.6	11.49
11.5	11.50
11.5	11.51
11.5	11.52
11.5	11.53
11.5	11.54
11.5	11.55
11.9	11.56
11.6	11.57
11.9	11.58
11.2	11.59
11.5	11.60
11.6	11.61
11.6	11.62
11.6	11.63
11.5	11.64
12.7	12.1
12.3	12.2
12.8	12.3
12.1	12.4
12.7	12.5
12.7	12.6
12.5	12.7
12.7	12.8
12.7	12.9
12.2	12.10
12.7	12.11
12.7	12.12
12.7	12.13
12.7	12.14
12.6	12.15
12.7	12.16
12.7	12.17
12.6	12.18
12.7	12.19
12.7	12.20
12.6	12.21
12.7	12.22
12.2	12.23
12.7	12.24
12.7	12.25
12.6	12.26
12.5	12.27
12.7	12.28
12.7	12.29
12.7	12.30
12.7	12.31
12.7	12.32
12.7	12.33
12.7	12.34
12.4	12.35
12.7	12.36
12.7	12.37
12.7	12.38
12.2	12.39
12.7	12.40
12.6	12.41
12.6	12.42
12.7	12.43
12.6	12.44
12.7	12.45
12.7	12.46
12.7	12.47
12.7	12.48
12.6	12.49
12.7	12.50
12.7	12.51
12.7	12.52
12.6	12.53
12.7	12.54
12.8	12.55
12.7	12.56
12.5	12.57
12.7	12.58
12.6	12.59
12.7	12.60
12.7	12.61
12.7	12.62
12.6	12.63
12.7	12.64
13.1	13.1
13.1	13.2
13.6	13.3
13.5	13.4
13.6	13.5
13.1	13.6
13.2	13.7
13.6	13.8
13.4	13.9
13.6	13.10
13.6	13.11
13.1	13.12
13.5	13.13
13.6	13.14
13.6	13.15
13.1	13.16
13.6	13.17
13.5	13.18
13.6	13.19
13.1	13.20
13.1	13.21
13.6	13.22
13.1	13.23
13.6	13.24
13.1	13.25
13.6	13.26
13.6	13.27
13.1	13.28
13.1	13.29
13.6	13.30
13.6	13.31
13.5	13.32
13.5	13.33
13.1	13.34
13.5	13.35
13.6	13.36
13.6	13.37
13.8	13.38
13.6	13.39
13.6	13.40
13.6	13.41
13.7	13.42
13.5	13.43
13.5	13.44
13.6	13.45
13.6	13.46
13.5	13.47
13.6	13.48
13.5	13.49
13.7	13.50
13.1	13.51
13.3	13.52
13.5	13.53
13.1	13.54
13.6	13.55
13.5	13.56
13.5	13.57
13.9	13.58
13.6	13.59
13.5	13.60
13.6	13.61
13.6	13.62
13.1	13.63
13.1	13.64
14.6	14.1
14.6	14.2
14.6	14.3
14.1	14.4
14.1	14.5
14.1	14.6
14.3	14.7
14.1	14.8
14.1	14.9
14.1	14.10
14.6	14.11
14.2	14.12
14.1	14.13
14.6	14.14
14.1	14.15
14.6	14.16
14.4	14.17
14.1	14.18
14.5	14.19
14.6	14.20
14.1	14.21
14.4	14.22
14.4	14.23
14.1	14.24
14.4	14.25
14.1	14.26
14.6	14.27
14.4	14.28
14.4	14.29
14.1	14.30
14.6	14.31
14.1	14.32
14.1	14.33
14.4	14.34
14.6	14.35
14.1	14.36
14.6	14.37
14.6	14.38
14.6	14.39
14.6	14.40
14.6	14.41
14.6	14.42
14.1	14.43
14.1	14.44
14.1	14.45
14.4	14.46
14.1	14.47
14.1	14.48
14.4	14.49
14.6	14.50
14.4	14.51
14.6	14.52
14.6	14.53
14.6	14.54
14.6	14.55
14.6	14.56
14.6	14.57
14.6	14.58
14.4	14.59
14.6	14.60
14.6	14.61
14.1	14.62
14.6	14.63
14.6	14.64
15.5	15.1
15.16	15.2
15.10	15.3
15.16	15.4
15.16	15.5
15.6	15.6
15.16	15.7
15.16	15.8
15.18	15.9
15.18	15.10
15.6	15.11
15.18	15.12
15.11	15.13
15.16	15.14
15.16	15.15
15.18	15.16
15.13	15.17
15.18	15.18
15.18	15.19
15.18	15.20
15.18	15.21
15.16	15.22
15.16	15.23
15.11	15.24
15.18	15.25
15.16	15.26
15.16	15.27
15.5	15.28
15.16	15.29
15.16	15.30
15.16	15.31
15.6	15.32
15.18	15.33
15.6	15.34
15.18	15.35
15.16	15.36
15.8	15.37
15.18	15.38
15.6	15.39
15.16	15.40
15.11	15.41
15.16	15.42
15.16	15.43
15.1	15.44
15.16	15.45
15.11	15.46
15.5	15.47
15.7	15.48
15.16	15.49
15.5	15.50
15.5	15.51
15.13	15.52
15.4	15.53
15.3	15.54
15.18	15.55
15.17	15.56
15.13	15.57
15.15	15.58
15.12	15.59
15.9	15.60
15.2	15.61
15.14	15.62
15.15	15.63
15.6	15.64
16.1	16.1
16.4	16.2
16.1	16.3
16.8	16.4
16.8	16.5
16.8	16.6
16.8	16.7
16.5	16.8
16.8	16.9
16.1	16.10
16.1	16.11
16.5	16.12
16.1	16.13
16.8	16.14
16.1	16.15
16.1	16.16
16.1	16.17
16.1	16.18
16.1	16.19
16.8	16.20
16.8	16.21
16.2	16.22
16.5	16.23
16.1	16.24
16.1	16.25
16.1	16.26
16.8	16.27
16.8	16.28
16.6	16.29
16.8	16.30
16.8	16.31
16.1	16.32
16.8	16.33
16.1	16.34
16.7	16.35
16.8	16.36
16.8	16.37
16.1	16.38
16.8	16.39
16.1	16.40
16.8	16.41
16.6	16.42
16.1	16.43
16.8	16.44
16.5	16.45
16.5	16.46
16.8	16.47
16.3	16.48
16.5	16.49
16.7	16.50
16.8	16.51
16.1	16.52
16.8	16.53
16.1	16.54
16.8	16.55
16.9	16.56
16.8	16.57
16.8	16.58
16.5	16.59
16.8	16.60
16.8	16.61
16.5	16.62
16.1	16.63
16.8	16.64
17.1	17.1
17.1	17.2
17.6	17.3
17.6	17.4
17.6	17.5
17.3	17.6
17.6	17.7
17.6	17.8
17.6	17.9
17.5	17.10
17.1	17.11
17.5	17.12
17.1	17.13
17.5	17.14
17.6	17.15
17.1	17.16
17.6	17.17
17.6	17.18
17.1	17.19
17.1	17.20
17.7	17.21
17.4	17.22
17.6	17.23
17.1	17.24
17.6	17.25
17.1	17.26
17.1	17.27
17.6	17.28
17.6	17.29
17.6	17.30
17.7	17.31
17.6	17.32
17.6	17.33
17.6	17.34
17.5	17.35
17.7	17.36
17.6	17.37
17.5	17.38
17.6	17.39
17.5	17.40
17.1	17.41
17.6	17.42
17.1	17.43
17.1	17.44
17.1	17.45
17.1	17.46
17.4	17.47
17.6	17.48
17.5	17.49
17.5	17.50
17.7	17.51
17.5	17.52
17.6	17.53
17.6	17.54
17.6	17.55
17.2	17.56
17.5	17.57
17.1	17.58
17.1	17.59
17.6	17.60
17.6	17.61
17.5	17.62
17.6	17.63
17.6	17.64
18.4	18.1
18.13	18.2
18.5	18.3
18.16	18.4
18.5	18.5
18.16	18.6
18.5	18.7
18.16	18.8
18.12	18.9
18.11	18.10
18.12	18.11
18.11	18.12
18.5	18.13
18.16	18.14
18.11	18.15
18.12	18.16
18.1	18.17
18.11	18.18
18.5	18.19
18.16	18.20
18.12	18.21
18.16	18.22
18.16	18.23
18.16	18.24
18.16	18.25
18.11	18.26
18.1	18.27
18.5	18.28
18.2	18.29
18.16	18.30
18.12	18.31
18.11	18.32
18.11	18.33
18.12	18.34
18.7	18.35
18.16	18.36
18.17	18.37
18.1	18.38
18.11	18.39
18.12	18.40
18.12	18.41
18.17	18.42
18.6	18.43
18.11	18.44
18.1	18.45
18.1	18.46
18.16	18.47
18.11	18.48
18.1	18.49
18.8	18.50
18.14	18.51
18.1	18.52
18.9	18.53
18.1	18.54
18.13	18.55
18.3	18.56
18.10	18.57
18.1	18.58
18.17	18.59
18.1	18.60
18.5	18.61
18.15	18.62
18.1	18.63
18.12	18.64
19.12	19.1
19.11	19.2
19.12	19.3
19.12	19.4
19.10	19.5
19.10	19.6
19.6	19.7
19.11	19.8
19.13	19.9
19.11	19.10
19.10	19.11
19.3	19.12
19.13	19.13
19.14	19.14
19.7	19.15
19.7	19.16
19.12	19.17
19.13	19.18
19.12	19.19
19.12	19.20
19.5	19.21
19.2	19.22
19.7	19.23
19.12	19.24
19.12	19.25
19.14	19.26
19.1	19.27
19.14	19.28
19.1	19.29
19.11	19.30
19.12	19.31
19.12	19.32
19.12	19.33
19.4	19.34
19.12	19.35
19.12	19.36
19.12	19.37
19.12	19.38
19.12	19.39
19.13	19.40
19.12	19.41
19.13	19.42
19.12	19.43
19.12	19.44
19.12	19.45
19.13	19.46
19.12	19.47
19.12	19.48
19.11	19.49
19.11	19.50
19.11	19.51
19.11	19.52
19.12	19.53
19.9	19.54
19.13	19.55
19.11	19.56
19.1	19.57
19.8	19.58
19.11	19.59
19.12	19.60
19.13	19.61
19.11	19.62
19.12	19.63
19.11	19.64
20.1	20.1
20.3	20.2
20.3	20.3
20.3	20.4
20.3	20.5
20.1	20.6
20.1	20.7
20.1	20.8
20.7	20.9
20.3	20.10
20.3	20.11
20.1	20.12
20.1	20.13
20.3	20.14
20.3	20.15
20.1	20.16
20.3	20.17
20.2	20.18
20.3	20.19
20.6	20.20
20.3	20.21
20.3	20.22
20.1	20.23
20.6	20.24
20.3	20.25
20.3	20.26
20.3	20.27
20.6	20.28
20.1	20.29
20.6	20.30
20.6	20.31
20.4	20.32
20.6	20.33
20.1	20.34
20.3	20.35
20.6	20.36
20.3	20.37
20.1	20.38
20.1	20.39
20.3	20.40
20.3	20.41
20.5	20.42
20.1	20.43
20.1	20.44
20.3	20.45
20.1	20.46
20.1	20.47
20.3	20.48
20.6	20.49
20.1	20.50
20.3	20.51
20.3	20.52
20.3	20.53
20.3	20.54
20.7	20.55
20.7	20.56
20.6	20.57
20.3	20.58
20.1	20.59
20.1	20.60
20.7	20.61
20.7	20.62
20.3	20.63
20.1	20.64
21.4	21.1
21.4	21.2
21.1	21.3
21.4	21.4
21.4	21.5
21.1	21.6
21.1	21.7
21.3	21.8
21.4	21.9
21.4	21.10
21.4	21.11
21.2	21.12
21.1	21.13
21.1	21.14
21.4	21.15
21.1	21.16
21.4	21.17
21.4	21.18
21.1	21.19
21.4	21.20
21.5	21.21
21.6	21.22
21.6	21.23
21.1	21.24
21.4	21.25
21.4	21.26
21.1	21.27
21.1	21.28
21.4	21.29
21.1	21.30
21.4	21.31
21.4	21.32
21.1	21.33
21.5	21.34
21.1	21.35
21.5	21.36
21.1	21.37
21.1	21.38
21.1	21.39
21.4	21.40
21.6	21.41
21.4	21.42
21.4	21.43
21.4	21.44
21.4	21.45
21.1	21.46
21.4	21.47
21.1	21.48
21.4	21.49
21.4	21.50
21.4	21.51
21.4	21.52
21.4	21.53
21.1	21.54
21.4	21.55
21.1	21.56
21.1	21.57
21.6	21.58
21.4	21.59
21.5	21.60
21.6	21.61
21.1	21.62
21.1	21.63
21.1	21.64
22.6	22.1
22.10	22.2
22.1	22.3
22.6	22.4
22.9	22.5
22.1	22.6
22.11	22.7
22.1	22.8
22.6	22.9
22.10	22.10
22.10	22.11
22.10	22.12
22.10	22.13
22.10	22.14
22.7	22.15
22.10	22.16
22.1	22.17
22.10	22.18
22.1	22.19
22.6	22.20
22.11	22.21
22.10	22.22
22.8	22.23
22.6	22.24
22.9	22.25
22.7	22.26
22.6	22.27
22.10	22.28
22.10	22.29
22.10	22.30
22.1	22.31
22.9	22.32
22.11	22.33
22.2	22.34
22.6	22.35
22.1	22.36
22.6	22.37
22.1	22.38
22.1	22.39
22.1	22.40
22.6	22.41
22.6	22.42
22.10	22.43
22.1	22.44
22.10	22.45
22.8	22.46
22.1	22.47
22.1	22.48
22.10	22.49
22.6	22.50
22.10	22.51
22.1	22.52
22.10	22.53
22.10	22.54
22.10	22.55
22.5	22.56
22.1	22.57
22.1	22.58
22.10	22.59
22.10	22.60
22.9	22.61
22.1	22.62
22.3	22.63
22.4	22.64
23.4	23.1
23.3	23.2
23.4	23.3
23.4	23.4
23.6	23.5
23.6	23.6
23.6	23.7
23.4	23.8
23.5	23.9
23.6	23.10
23.6	23.11
23.4	23.12
23.6	23.13
23.6	23.14
23.4	23.15
23.6	23.16
23.6	23.17
23.4	23.18
23.6	23.19
23.6	23.20
23.3	23.21
23.6	23.22
23.4	23.23
23.4	23.24
23.3	23.25
23.6	23.26
23.4	23.27
23.6	23.28
23.6	23.29
23.4	23.30
23.3	23.31
23.4	23.32
23.6	23.33
23.6	23.34
23.6	23.35
23.6	23.36
23.6	23.37
23.6	23.38
23.6	23.39
23.6	23.40
23.4	23.41
23.6	23.42
23.4	23.43
23.2	23.44
23.6	23.45
23.6	23.46
23.5	23.47
23.6	23.48
23.6	23.49
23.3	23.50
23.3	23.51
23.4	23.52
23.4	23.53
23.6	23.54
23.6	23.55
23.1	23.56
23.4	23.57
23.5	23.58
23.6	23.59
23.6	23.60
23.3	23.61
23.4	23.62
23.4	23.63
23.6	23.64
24.2	24.1
24.5	24.2
24.16	24.3
24.18	24.4
24.1	24.5
24.1	24.6
24.16	24.7
24.14	24.8
24.16	24.9
24.7	24.10
24.11	24.11
24.18	24.12
24.12	24.13
24.16	24.14
24.12	24.15
24.16	24.16
24.1	24.17
24.12	24.18
24.12	24.19
24.16	24.20
24.17	24.21
24.12	24.22
24.10	24.23
24.16	24.24
24.4	24.25
24.9	24.26
24.16	24.27
24.16	24.28
24.16	24.29
24.12	24.30
24.6	24.31
24.16	24.32
24.12	24.33
24.16	24.34
24.1	24.35
24.18	24.36
24.16	24.37
24.12	24.38
24.15	24.39
24.16	24.40
24.3	24.41
24.18	24.42
24.12	24.43
24.12	24.44
24.12	24.45
24.17	24.46
24.17	24.47
24.8	24.48
24.16	24.49
24.16	24.50
24.16	24.51
24.16	24.52
24.12	24.53
24.16	24.54
24.12	24.55
24.1	24.56
24.12	24.57
24.16	24.58
24.16	24.59
24.13	24.60
24.12	24.61
24.12	24.62
24.12	24.63
24.12	24.64
25.1	25.1
25.5	25.2
25.4	25.3
25.1	25.4
25.4	25.5
25.4	25.6
25.4	25.7
25.4	25.8
25.1	25.9
25.4	25.10
25.4	25.11
25.4	25.12
25.4	25.13
25.4	25.14
25.4	25.15
25.1	25.16
25.5	25.17
25.4	25.18
25.5	25.19
25.4	25.20
25.1	25.21
25.1	25.22
25.4	25.23
25.4	25.24
25.2	25.25
25.1	25.26
25.5	25.27
25.1	25.28
25.4	25.29
25.1	25.30
25.1	25.31
25.1	25.32
25.1	25.33
25.5	25.34
25.1	25.35
25.4	25.36
25.1	25.37
25.1	25.38
25.4	25.39
25.1	25.40
25.4	25.41
25.4	25.42
25.1	25.43
25.1	25.44
25.4	25.45
25.1	25.46
25.4	25.47
25.4	25.48
25.1	25.49
25.3	25.50
25.1	25.51
25.4	25.52
25.1	25.53
25.4	25.54
25.5	25.55
25.1	25.56
25.4	25.57
25.1	25.58
25.5	25.59
25.4	25.60
25.1	25.61
25.4	25.62
25.1	25.63
25.1	25.64
26.7	26.1
26.1	26.2
26.1	26.3
26.1	26.4
26.1	26.5
26.1	26.6
26.7	26.7
26.3	26.8
26.5	26.9
26.7	26.10
26.1	26.11
26.7	26.12
26.3	26.13
26.5	26.14
26.7	26.15
26.7	26.16
26.6	26.17
26.7	26.18
26.7	26.19
26.7	26.20
26.4	26.21
26.1	26.22
26.3	26.23
26.7	26.24
26.4	26.25
26.6	26.26
26.7	26.27
26.5	26.28
26.1	26.29
26.2	26.30
26.7	26.31
26.3	26.32
26.7	26.33
26.1	26.34
26.7	26.35
26.1	26.36
26.5	26.37
26.1	26.38
26.1	26.39
26.1	26.40
26.1	26.41
26.3	26.42
26.1	26.43
26.1	26.44
26.1	26.45
26.1	26.46
26.1	26.47
26.1	26.48
26.3	26.49
26.3	26.50
26.3	26.51
26.1	26.52
26.7	26.53
26.3	26.54
26.7	26.55
26.4	26.56
26.3	26.57
26.1	26.58
26.7	26.59
26.5	26.60
26.5	26.61
26.6	26.62
26.7	26.63
26.7	26.64
27.1	27.1
27.4	27.2
27.6	27.3
27.6	27.4
27.5	27.5
27.1	27.6
27.6	27.7
27.6	27.8
27.4	27.9
27.6	27.10
27.5	27.11
27.4	27.12
27.5	27.13
27.4	27.14
27.6	27.15
27.6	27.16
27.1	27.17
27.1	27.18
27.3	27.19
27.1	27.20
27.4	27.21
27.4	27.22
27.2	27.23
27.5	27.24
27.6	27.25
27.6	27.26
27.1	27.27
27.5	27.28
27.6	27.29
27.4	27.30
27.1	27.31
27.5	27.32
27.6	27.33
27.4	27.34
27.6	27.35
27.4	27.36
27.4	27.37
27.1	27.38
27.5	27.39
27.4	27.40
27.5	27.41
27.6	27.42
27.4	27.43
27.6	27.44
27.3	27.45
27.6	27.46
27.5	27.47
27.4	27.48
27.1	27.49
27.4	27.50
27.1	27.51
27.4	27.52
27.4	27.53
27.6	27.54
27.6	27.55
27.4	27.56
27.6	27.57
27.4	27.58
27.4	27.59
27.1	27.60
27.5	27.61
27.3	27.62
27.3	27.63
27.4	27.64
28.7	28.1
28.7	28.2
28.6	28.3
28.7	28.4
28.3	28.5
28.7	28.6
28.3	28.7
28.3	28.8
28.7	28.9
28.3	28.10
28.7	28.11
28.7	28.12
28.7	28.13
28.7	28.14
28.7	28.15
28.6	28.16
28.7	28.17
28.7	28.18
28.8	28.19
28.7	28.20
28.7	28.21
28.7	28.22
28.8	28.23
28.7	28.24
28.7	28.25
28.3	28.26
28.3	28.27
28.7	28.28
28.8	28.29
28.7	28.30
28.8	28.31
28.3	28.32
28.7	28.33
28.7	28.34
28.6	28.35
28.5	28.36
28.1	28.37
28.7	28.38
28.6	28.39
28.7	28.40
28.6	28.41
28.8	28.42
28.7	28.43
28.3	28.44
28.2	28.45
28.5	28.46
28.3	28.47
28.4	28.48
28.7	28.49
28.7	28.50
28.7	28.51
28.7	28.52
28.7	28.53
28.5	28.54
28.3	28.55
28.7	28.56
28.6	28.57
28.3	28.58
28.7	28.59
28.8	28.60
28.5	28.61
28.8	28.62
28.3	28.63
28.3	28.64
29.9	29.1
29.9	29.2
29.9	29.3
29.9	29.4
29.9	29.5
29.1	29.6
29.9	29.7
29.9	29.8
29.4	29.9
29.9	29.10
29.5	29.11
29.7	29.12
29.9	29.13
29.9	29.14
29.1	29.15
29.5	29.16
29.10	29.17
29.8	29.18
29.4	29.19
29.9	29.20
29.5	29.21
29.8	29.22
29.1	29.23
29.1	29.24
29.3	29.25
29.8	29.26
29.9	29.27
29.9	29.28
29.1	29.29
29.9	29.30
29.1	29.31
29.2	29.32
29.9	29.33
29.7	29.34
29.9	29.35
29.1	29.36
29.5	29.37
29.9	29.38
29.8	29.39
29.8	29.40
29.1	29.41
29.8	29.42
29.9	29.43
29.9	29.44
29.9	29.45
29.1	29.46
29.6	29.47
29.1	29.48
29.9	29.49
29.9	29.50
29.7	29.51
29.8	29.52
29.8	29.53
29.8	29.54
29.9	29.55
29.9	29.56
29.1	29.57
29.9	29.58
29.9	29.59
29.9	29.60
29.9	29.61
29.9	29.62
29.9	29.63
29.9	29.64
30.14	30.1
30.15	30.2
30.16	30.3
30.4	30.4
30.3	30.5
30.3	30.6
30.11	30.7
30.3	30.8
30.16	30.9
30.3	30.10
30.16	30.11
30.3	30.12
30.3	30.13
30.3	30.14
30.16	30.15
30.3	30.16
30.5	30.17
30.3	30.18
30.16	30.19
30.3	30.20
30.3	30.21
30.13	30.22
30.3	30.23
30.3	30.24
30.3	30.25
30.1	30.26
30.7	30.27
30.12	30.28
30.16	30.29
30.2	30.30
30.16	30.31
30.3	30.32
30.13	30.33
30.14	30.34
30.16	30.35
30.10	30.36
30.14	30.37
30.3	30.38
30.3	30.39
30.16	30.40
30.16	30.41
30.16	30.42
30.16	30.43
30.6	30.44
30.3	30.45
30.3	30.46
30.3	30.47
30.16	30.48
30.3	30.49
30.9	30.50
30.9	30.51
30.3	30.52
30.3	30.53
30.3	30.54
30.3	30.55
30.3	30.56
30.3	30.57
30.16	30.58
30.3	30.59
30.14	30.60
30.8	30.61
30.16	30.62
30.3	30.63
30.3	30.64
31.1	31.1
31.13	31.2
31.13	31.3
31.8	31.4
31.6	31.5
31.1	31.6
31.13	31.7
31.1	31.8
31.1	31.9
31.1	31.10
31.13	31.11
31.13	31.12
31.1	31.13
31.13	31.14
31.1	31.15
31.1	31.16
31.9	31.17
31.1	31.18
31.1	31.19
31.13	31.20
31.1	31.21
31.13	31.22
31.1	31.23
31.1	31.24
31.1	31.25
31.10	31.26
31.10	31.27
31.9	31.28
31.4	31.29
31.1	31.30
31.7	31.31
31.1	31.32
31.13	31.33
31.13	31.34
31.7	31.35
31.3	31.36
31.9	31.37
31.5	31.38
31.13	31.39
31.13	31.40
31.1	31.41
31.13	31.42
31.9	31.43
31.9	31.44
31.6	31.45
31.2	31.46
31.13	31.47
31.10	31.48
31.1	31.49
31.1	31.50
31.9	31.51
31.13	31.52
31.13	31.53
31.13	31.54
31.1	31.55
31.13	31.56
31.1	31.57
31.11	31.58
31.12	31.59
31.13	31.60
31.10	31.61
31.13	31.62
31.1	31.63
31.1	31.64
32.6	32.1
32.6	32.2
32.6	32.3
32.7	32.4
32.2	32.5
32.6	32.6
32.6	32.7
32.5	32.8
32.6	32.9
32.7	32.10
32.7	32.11
32.7	32.12
32.7	32.13
32.6	32.14
32.6	32.15
32.1	32.16
32.5	32.17
32.6	32.18
32.7	32.19
32.4	32.20
32.6	32.21
32.5	32.22
32.4	32.23
32.7	32.24
32.7	32.25
32.6	32.26
32.7	32.27
32.6	32.28
32.7	32.29
32.7	32.30
32.7	32.31
32.6	32.32
32.7	32.33
32.6	32.34
32.7	32.35
32.6	32.36
32.1	32.37
32.7	32.38
32.7	32.39
32.1	32.40
32.7	32.41
32.7	32.42
32.7	32.43
32.3	32.44
32.1	32.45
32.6	32.46
32.7	32.47
32.4	32.48
32.6	32.49
32.4	32.50
32.7	32.51
32.7	32.52
32.7	32.53
32.7	32.54
32.6	32.55
32.7	32.56
32.7	32.57
32.7	32.58
32.7	32.59
32.7	32.60
32.7	32.61
32.7	32.62
32.7	32.63
32.7	32.64
33.6	33.1
33.8	33.2
33.9	33.3
33.9	33.4
33.6	33.5
33.7	33.6
33.4	33.7
33.9	33.8
33.9	33.9
33.7	33.10
33.9	33.11
33.7	33.12
33.7	33.13
33.4	33.14
33.7	33.15
33.6	33.16
33.9	33.17
33.4	33.18
33.3	33.19
33.5	33.20
33.8	33.21
33.7	33.22
33.8	33.23
33.9	33.24
33.8	33.25
33.9	33.26
33.4	33.27
33.7	33.28
33.9	33.29
33.9	33.30
33.9	33.31
33.7	33.32
33.7	33.33
33.9	33.34
33.7	33.35
33.4	33.36
33.9	33.37
33.9	33.38
33.4	33.39
33.9	33.40
33.9	33.41
33.6	33.42
33.4	33.43
33.7	33.44
33.4	33.45
33.7	33.46
33.7	33.47
33.7	33.48
33.4	33.49
33.9	33.50
33.7	33.51
33.9	33.52
33.7	33.53
33.6	33.54
33.6	33.55
33.2	33.56
33.4	33.57
33.4	33.58
33.9	33.59
33.6	33.60
33.6	33.61
33.1	33.62
33.7	33.63
33.4	33.64
34.5	34.1
34.5	34.2
34.1	34.3
34.1	34.4
34.8	34.5
34.1	34.6
34.8	34.7
34.5	34.8
34.8	34.9
34.1	34.10
34.1	34.11
34.1	34.12
34.5	34.13
34.8	34.14
34.8	34.15
34.8	34.16
34.1	34.17
34.1	34.18
34.8	34.19
34.1	34.20
34.5	34.21
34.8	34.22
34.8	34.23
34.8	34.24
34.1	34.25
34.1	34.26
34.5	34.27
34.1	34.28
34.8	34.29
34.5	34.30
34.7	34.31
34.8	34.32
34.1	34.33
34.3	34.34
34.1	34.35
34.5	34.36
34.1	34.37
34.1	34.38
34.5	34.39
34.8	34.40
34.1	34.41
34.5	34.42
34.2	34.43
34.8	34.44
34.6	34.45
34.5	34.46
34.5	34.47
34.8	34.48
34.1	34.49
34.7	34.50
34.5	34.51
34.8	34.52
34.1	34.53
34.1	34.54
34.8	34.55
34.8	34.56
34.5	34.57
34.5	34.58
34.4	34.59
34.8	34.60
34.8	34.61
34.5	34.62
34.5	34.63
34.8	34.64
35.6	35.1
35.4	35.2
35.6	35.3
35.4	35.4
35.4	35.5
35.3	35.6
35.6	35.7
35.4	35.8
35.7	35.9
35.6	35.10
35.6	35.11
35.5	35.12
35.6	35.13
35.4	35.14
35.4	35.15
35.4	35.16
35.7	35.17
35.7	35.18
35.4	35.19
35.6	35.20
35.6	35.21
35.6	35.22
35.1	35.23
35.6	35.24
35.4	35.25
35.4	35.26
35.6	35.27
35.6	35.28
35.4	35.29
35.1	35.30
35.1	35.31
35.6	35.32
35.6	35.33
35.7	35.34
35.6	35.35
35.6	35.36
35.4	35.37
35.7	35.38
35.6	35.39
35.4	35.40
35.4	35.41
35.4	35.42
35.6	35.43
35.1	35.44
35.7	35.45
35.4	35.46
35.4	35.47
35.4	35.48
35.2	35.49
35.4	35.50
35.4	35.51
35.7	35.52
35.4	35.53
35.4	35.54
35.4	35.55
35.4	35.56
35.6	35.57
35.5	35.58
35.6	35.59
35.1	35.60
35.1	35.61
35.7	35.62
35.1	35.63
35.5	35.64
36.9	36.1
36.1	36.2
36.8	36.3
36.5	36.4
36.8	36.5
36.1	36.6
36.7	36.7
36.7	36.8
36.7	36.9
36.1	36.10
36.1	36.11
36.4	36.12
36.4	36.13
36.7	36.14
36.1	36.15
36.1	36.16
36.2	36.17
36.1	36.18
36.1	36.19
36.1	36.20
36.7	36.21
36.1	36.22
36.6	36.23
36.7	36.24
36.1	36.25
36.1	36.26
36.7	36.27
36.7	36.28
36.1	36.29
36.7	36.30
36.1	36.31
36.7	36.32
36.7	36.33
36.1	36.34
36.1	36.35
36.1	36.36
36.5	36.37
36.4	36.38
36.7	36.39
36.5	36.40
36.1	36.41
36.7	36.42
36.7	36.43
36.6	36.44
36.1	36.45
36.4	36.46
36.7	36.47
36.7	36.48
36.1	36.49
36.7	36.50
36.7	36.51
36.7	36.52
36.1	36.53
36.3	36.54
36.1	36.55
36.1	36.56
36.4	36.57
36.1	36.58
36.7	36.59
36.4	36.60
36.7	36.61
36.1	36.62
36.7	36.63
36.7	36.64
37.7	37.1
37.6	37.2
37.7	37.3
37.1	37.4
37.5	37.5
37.7	37.6
37.5	37.7
37.7	37.8
37.5	37.9
37.5	37.10
37.7	37.11
37.1	37.12
37.5	37.13
37.7	37.14
37.5	37.15
37.2	37.16
37.7	37.17
37.7	37.18
37.5	37.19
37.5	37.20
37.1	37.21
37.5	37.22
37.1	37.23
37.5	37.24
37.5	37.25
37.5	37.26
37.6	37.27
37.7	37.28
37.5	37.29
37.5	37.30
37.4	37.31
37.5	37.32
37.5	37.33
37.1	37.34
37.5	37.35
37.1	37.36
37.7	37.37
37.7	37.38
37.5	37.39
37.7	37.40
37.5	37.41
37.5	37.42
37.5	37.43
37.5	37.44
37.7	37.45
37.5	37.46
37.7	37.47
37.5	37.48
37.7	37.49
37.5	37.50
37.4	37.51
37.5	37.52
37.7	37.53
37.1	37.54
37.1	37.55
37.5	37.56
37.7	37.57
37.7	37.58
37.5	37.59
37.5	37.60
37.5	37.61
37.5	37.62
37.7	37.63
37.3	37.64
38.6	38.1
38.1	38.2
38.1	38.3
38.7	38.4
38.7	38.5
38.1	38.6
38.6	38.7
38.7	38.8
38.1	38.9
38.1	38.10
38.1	38.11
38.2	38.12
38.5	38.13
38.5	38.14
38.1	38.15
38.7	38.16
38.6	38.17
38.1	38.18
38.7	38.19
38.1	38.20
38.1	38.21
38.6	38.22
38.1	38.23
38.7	38.24
38.6	38.25
38.7	38.26
38.5	38.27
38.6	38.28
38.6	38.29
38.1	38.30
38.6	38.31
38.7	38.32
38.6	38.33
38.6	38.34
38.7	38.35
38.1	38.36
38.4	38.37
38.7	38.38
38.7	38.39
38.1	38.40
38.7	38.41
38.7	38.42
38.1	38.43
38.5	38.44
38.7	38.45
38.3	38.46
38.7	38.47
38.7	38.48
38.7	38.49
38.7	38.50
38.4	38.51
38.7	38.52
38.1	38.53
38.7	38.54
38.5	38.55
38.1	38.56
38.1	38.57
38.1	38.58
38.7	38.59
38.1	38.60
38.6	38.61
38.7	38.62
38.7	38.63
38.7	38.64
39.10	39.1
39.8	39.2
39.8	39.3
39.8	39.4
39.10	39.5
39.10	39.6
39.8	39.7
39.4	39.8
39.10	39.9
39.1	39.10
39.2	39.11
39.1	39.12
39.7	39.13
39.6	39.14
39.8	39.15
39.9	39.16
39.8	39.17
39.10	39.18
39.11	39.19
39.1	39.20
39.10	39.21
39.8	39.22
39.8	39.23
39.3	39.24
39.8	39.25
39.1	39.26
39.10	39.27
39.1	39.28
39.8	39.29
39.8	39.30
39.10	39.31
39.8	39.32
39.4	39.33
39.8	39.34
39.8	39.35
39.4	39.36
39.8	39.37
39.10	39.38
39.10	39.39
39.10	39.40
39.4	39.41
39.8	39.42
39.5	39.43
39.7	39.44
39.10	39.45
39.8	39.46
39.4	39.47
39.8	39.48
39.10	39.49
39.1	39.50
39.1	39.51
39.1	39.52
39.8	39.53
39.8	39.54
39.8	39.55
39.8	39.56
39.8	39.57
39.10	39.58
39.10	39.59
39.8	39.60
39.1	39.61
39.10	39.62
39.10	39.63
39.8	39.64
40.1	40.1
40.6	40.2
40.6	40.3
40.4	40.4
40.4	40.5
40.6	40.6
40.1	40.7
40.4	40.8
40.6	40.9
40.6	40.10
40.6	40.11
40.1	40.12
40.6	40.13
40.6	40.14
40.6	40.15
40.1	40.16
40.6	40.17
40.3	40.18
40.8	40.19
40.9	40.20
40.6	40.21
40.6	40.22
40.6	40.23
40.1	40.24
40.9	40.25
40.4	40.26
40.9	40.27
40.6	40.28
40.6	40.29
40.4	40.30
40.4	40.31
40.1	40.32
40.6	40.33
40.4	40.34
40.1	40.35
40.6	40.36
40.4	40.37
40.6	40.38
40.1	40.39
40.1	40.40
40.6	40.41
40.6	40.42
40.2	40.43
40.4	40.44
40.1	40.45
40.1	40.46
40.6	40.47
40.7	40.48
40.5	40.49
40.4	40.50
40.1	40.51
40.1	40.52
40.1	40.53
40.4	40.54
40.6	40.55
40.1	40.56
40.6	40.57
40.4	40.58
40.6	40.59
40.4	40.60
40.3	40.61
40.7	40.62
40.7	40.63
40.6	40.64
41.1	41.1
41.1	41.2
41.1	41.3
41.4	41.4
41.4	41.5
41.5	41.6
41.4	41.7
41.4	41.8
41.3	41.9
41.1	41.10
41.10	41.11
41.4	41.12
41.1	41.13
41.1	41.14
41.4	41.15
41.4	41.16
41.4	41.17
41.7	41.18
41.5	41.19
41.10	41.20
41.10	41.21
41.4	41.22
41.4	41.23
41.4	41.24
41.7	41.25
41.4	41.26
41.1	41.27
41.4	41.28
41.1	41.29
41.1	41.30
41.10	41.31
41.1	41.32
41.6	41.33
41.10	41.34
41.4	41.35
41.4	41.36
41.1	41.37
41.1	41.38
41.1	41.39
41.9	41.40
41.5	41.41
41.1	41.42
41.4	41.43
41.1	41.44
41.6	41.45
41.1	41.46
41.10	41.47
41.4	41.48
41.2	41.49
41.1	41.50
41.1	41.51
41.1	41.52
41.1	41.53
41.1	41.54
41.5	41.55
41.10	41.56
41.4	41.57
41.4	41.58
41.1	41.59
41.4	41.60
41.5	41.61
41.1	41.62
41.8	41.63
41.10	41.64
42.1	42.1
42.5	42.2
42.5	42.3
42.1	42.4
42.1	42.5
42.7	42.6
42.1	42.7
42.1	42.8
42.1	42.9
42.9	42.10
42.5	42.11
42.1	42.12
42.5	42.13
42.9	42.14
42.5	42.15
42.9	42.16
42.6	42.17
42.1	42.18
42.7	42.19
42.5	42.20
42.1	42.21
42.7	42.22
42.5	42.23
42.1	42.24
42.5	42.25
42.1	42.26
42.1	42.27
42.1	42.28
42.7	42.29
42.1	42.30
42.1	42.31
42.1	42.32
42.5	42.33
42.1	42.34
42.9	42.35
42.5	42.36
42.9	42.37
42.1	42.38
42.5	42.39
42.8	42.40
42.5	42.41
42.5	42.42
42.4	42.43
42.1	42.44
42.1	42.45
42.5	42.46
42.1	42.47
42.4	42.48
42.7	42.49
42.1	42.50
42.4	42.51
42.1	42.52
42.4	42.53
42.4	42.54
42.2	42.55
42.5	42.56
42.3	42.57
42.1	42.58
42.1	42.59
42.5	42.60
42.1	42.61
42.1	42.62
42.5	42.63
42.5	42.64
43.9	43.1
43.8	43.2
43.8	43.3
43.8	43.4
43.8	43.5
43.7	43.6
43.8	43.7
43.2	43.8
43.1	43.9
43.1	43.10
43.5	43.11
43.8	43.12
43.7	43.13
43.3	43.14
43.8	43.15
43.8	43.16
43.1	43.17
43.8	43.18
43.8	43.19
43.5	43.20
43.1	43.21
43.1	43.22
43.8	43.23
43.1	43.24
43.9	43.25
43.1	43.26
43.9	43.27
43.1	43.28
43.8	43.29
43.9	43.30
43.8	43.31
43.1	43.32
43.9	43.33
43.8	43.34
43.7	43.35
43.10	43.36
43.8	43.37
43.9	43.38
43.9	43.39
43.1	43.40
43.8	43.41
43.8	43.42
43.9	43.43
43.10	43.44
43.5	43.45
43.6	43.46
43.9	43.47
43.9	43.48
43.1	43.49
43.4	43.50
43.5	43.51
43.1	43.52
43.9	43.53
43.1	43.54
43.9	43.55
43.8	43.56
43.5	43.57
43.1	43.58
43.1	43.59
43.1	43.60
43.1	43.61
43.1	43.62
43.1	43.63
43.1	43.64
44.1	44.1
44.1	44.2
44.1	44.3
44.1	44.4
44.6	44.5
44.8	44.6
44.9	44.7
44.4	44.8
44.6	44.9
44.1	44.10
44.9	44.11
44.1	44.12
44.9	44.13
44.6	44.14
44.9	44.15
44.9	44.16
44.3	44.17
44.9	44.18
44.1	44.19
44.9	44.20
44.9	44.21
44.9	44.22
44.8	44.23
44.9	44.24
44.9	44.25
44.9	44.26
44.1	44.27
44.1	44.28
44.9	44.29
44.9	44.30
44.6	44.31
44.6	44.32
44.9	44.33
44.9	44.34
44.1	44.35
44.1	44.36
44.1	44.37
44.1	44.38
44.9	44.39
44.6	44.40
44.1	44.41
44.1	44.42
44.9	44.43
44.1	44.44
44.9	44.45
44.2	44.46
44.9	44.47
44.9	44.48
44.6	44.49
44.7	44.50
44.5	44.51
44.1	44.52
44.5	44.53
44.9	44.54
44.7	44.55
44.1	44.56
44.1	44.57
44.5	44.58
44.6	44.59
44.1	44.60
44.6	44.61
44.1	44.62
44.6	44.63
44.1	44.64
45.1	45.1
45.13	45.2
45.12	45.3
45.6	45.4
45.6	45.5
45.6	45.6
45.13	45.7
45.1	45.8
45.5	45.9
45.12	45.10
45.6	45.11
45.12	45.12
45.12	45.13
45.13	45.14
45.6	45.15
45.13	45.16
45.3	45.17
45.6	45.18
45.13	45.19
45.3	45.20
45.13	45.21
45.7	45.22
45.6	45.23
45.6	45.24
45.6	45.25
45.9	45.26
45.13	45.27
45.13	45.28
45.1	45.29
45.6	45.30
45.13	45.31
45.13	45.32
45.5	45.33
45.1	45.34
45.8	45.35
45.6	45.36
45.11	45.37
45.6	45.38
45.10	45.39
45.4	45.40
45.1	45.41
45.13	45.42
45.1	45.43
45.13	45.44
45.13	45.45
45.13	45.46
45.13	45.47
45.10	45.48
45.13	45.49
45.1	45.50
45.13	45.51
45.13	45.52
45.13	45.53
45.6	45.54
45.6	45.55
45.2	45.56
45.1	45.57
45.1	45.58
45.6	45.59
45.1	45.60
45.13	45.61
45.13	45.62
45.10	45.63
45.13	45.64
46.6	46.1
46.1	46.2
46.8	46.3
46.6	46.4
46.1	46.5
46.6	46.6
46.6	46.7
46.1	46.8
46.6	46.9
46.6	46.10
46.7	46.11
46.7	46.12
46.6	46.13
46.6	46.14
46.6	46.15
46.1	46.16
46.7	46.17
46.7	46.18
46.6	46.19
46.7	46.20
46.7	46.21
46.1	46.22
46.6	46.23
46.5	46.24
46.7	46.25
46.4	46.26
46.6	46.27
46.6	46.28
46.6	46.29
46.6	46.30
46.6	46.31
46.1	46.32
46.6	46.33
46.7	46.34
46.1	46.35
46.1	46.36
46.6	46.37
46.7	46.38
46.1	46.39
46.6	46.40
46.1	46.41
46.2	46.42
46.4	46.43
46.1	46.44
46.1	46.45
46.5	46.46
46.1	46.47
46.6	46.48
46.1	46.49
46.1	46.50
46.8	46.51
46.7	46.52
46.1	46.53
46.3	46.54
46.7	46.55
46.1	46.56
46.7	46.57
46.6	46.58
46.5	46.59
46.1	46.60
46.5	46.61
46.1	46.62
46.6	46.63
46.6	46.64
47.1	47.1
47.10	47.2
47.8	47.3
47.10	47.4
47.9	47.5
47.8	47.6
47.8	47.7
47.1	47.8
47.6	47.9
47.7	47.10
47.1	47.11
47.10	47.12
47.1	47.13
47.1	47.14
47.9	47.15
47.8	47.16
47.10	47.17
47.9	47.18
47.1	47.19
47.7	47.20
47.8	47.21
47.9	47.22
47.9	47.23
47.10	47.24
47.1	47.25
47.7	47.26
47.9	47.27
47.9	47.28
47.1	47.29
47.9	47.30
47.1	47.31
47.9	47.32
47.8	47.33
47.10	47.34
47.9	47.35
47.6	47.36
47.8	47.37
47.1	47.38
47.9	47.39
47.1	47.40
47.1	47.41
47.9	47.42
47.6	47.43
47.8	47.44
47.1	47.45
47.9	47.46
47.9	47.47
47.1	47.48
47.8	47.49
47.1	47.50
47.1	47.51
47.3	47.52
47.9	47.53
47.10	47.54
47.2	47.55
47.9	47.56
47.9	47.57
47.4	47.58
47.8	47.59
47.5	47.60
47.6	47.61
47.1	47.62
47.7	47.63
47.1	47.64
48.6	48.1
48.1	48.2
48.7	48.3
48.6	48.4
48.1	48.5
48.7	48.6
48.1	48.7
48.1	48.8
48.5	48.9
48.7	48.10
48.4	48.11
48.6	48.12
48.6	48.13
48.5	48.14
48.1	48.15
48.1	48.16
48.7	48.17
48.4	48.18
48.1	48.19
48.7	48.20
48.1	48.21
48.7	48.22
48.7	48.23
48.5	48.24
48.7	48.25
48.5	48.26
48.7	48.27
48.1	48.28
48.1	48.29
48.2	48.30
48.7	48.31
48.1	48.32
48.5	48.33
48.6	48.34
48.1	48.35
48.1	48.36
48.5	48.37
48.5	48.38
48.1	48.39
48.7	48.40
48.7	48.41
48.6	48.42
48.1	48.43
48.1	48.44
48.6	48.45
48.5	48.46
48.7	48.47
48.5	48.48
48.5	48.49
48.3	48.50
48.1	48.51
48.7	48.52
48.1	48.53
48.7	48.54
48.6	48.55
48.6	48.56
48.1	48.57
48.6	48.58
48.6	48.59
48.6	48.60
48.6	48.61
48.6	48.62
48.6	48.63
48.7	48.64
49.6	49.1
49.6	49.2
49.1	49.3
49.1	49.4
49.3	49.5
49.4	49.6
49.6	49.7
49.1	49.8
49.4	49.9
49.4	49.10
49.2	49.11
49.1	49.12
49.1	49.13
49.3	49.14
49.4	49.15
49.3	49.16
49.6	49.17
49.3	49.18
49.4	49.19
49.4	49.20
49.6	49.21
49.6	49.22
49.1	49.23
49.1	49.24
49.1	49.25
49.4	49.26
49.1	49.27
49.1	49.28
49.6	49.29
49.6	49.30
49.1	49.31
49.6	49.32
49.3	49.33
49.1	49.34
49.1	49.35
49.6	49.36
49.6	49.37
49.6	49.38
49.1	49.39
49.4	49.40
49.3	49.41
49.4	49.42
49.6	49.43
49.1	49.44
49.6	49.45
49.3	49.46
49.1	49.47
49.1	49.48
49.6	49.49
49.1	49.50
49.5	49.51
49.4	49.52
49.6	49.53
49.3	49.54
49.6	49.55
49.1	49.56
49.3	49.57
49.4	49.58
49.1	49.59
49.1	49.60
49.1	49.61
49.3	49.62
49.3	49.63
49.7	49.64
50.10	50.1
50.10	50.2
50.6	50.3
50.10	50.4
50.6	50.5
50.1	50.6
50.10	50.7
50.10	50.8
50.10	50.9
50.10	50.10
50.8	50.11
50.6	50.12
50.1	50.13
50.10	50.14
50.1	50.15
50.9	50.16
50.6	50.17
50.6	50.18
50.10	50.19
50.9	50.20
50.10	50.21
50.9	50.22
50.6	50.23
50.10	50.24
50.10	50.25
50.6	50.26
50.6	50.27
50.1	50.28
50.1	50.29
50.3	50.30
50.6	50.31
50.1	50.32
50.9	50.33
50.6	50.34
50.10	50.35
50.10	50.36
50.10	50.37
50.10	50.38
50.4	50.39
50.10	50.40
50.10	50.41
50.5	50.42
50.8	50.43
50.9	50.44
50.10	50.45
50.10	50.46
50.1	50.47
50.5	50.48
50.6	50.49
50.1	50.50
50.8	50.51
50.10	50.52
50.9	50.53
50.1	50.54
50.1	50.55
50.10	50.56
50.6	50.57
50.2	50.58
50.1	50.59
50.7	50.60
50.5	50.61
50.10	50.62
50.10	50.63
50.10	50.64
51.3	51.1
51.5	51.2
51.6	51.3
51.1	51.4
51.3	51.5
51.5	51.6
51.6	51.7
51.3	51.8
51.7	51.9
51.5	51.10
51.7	51.11
51.1	51.12
51.6	51.13
51.3	51.14
51.3	51.15
51.6	51.16
51.5	51.17
51.5	51.18
51.5	51.19
51.7	51.20
51.4	51.21
51.6	51.22
51.1	51.23
51.6	51.24
51.1	51.25
51.6	51.26
51.5	51.27
51.4	51.28
51.3	51.29
51.1	51.30
51.6	51.31
51.5	51.32
51.7	51.33
51.2	51.34
51.5	51.35
51.5	51.36
51.3	51.37
51.6	51.38
51.5	51.39
51.5	51.40
51.5	51.41
51.5	51.42
51.7	51.43
51.5	51.44
51.1	51.45
51.5	51.46
51.3	51.47
51.6	51.48
51.5	51.49
51.5	51.50
51.3	51.51
51.7	51.52
51.7	51.53
51.6	51.54
51.5	51.55
51.5	51.56
51.5	51.57
51.1	51.58
51.5	51.59
51.7	51.60
51.5	51.61
51.5	51.62
51.3	51.63
51.7	51.64
52.5	52.1
52.5	52.2
52.1	52.3
52.5	52.4
52.5	52.5
52.5	52.6
52.6	52.7
52.5	52.8
52.5	52.9
52.7	52.10
52.6	52.11
52.5	52.12
52.1	52.13
52.5	52.14
52.1	52.15
52.1	52.16
52.5	52.17
52.1	52.18
52.1	52.19
52.5	52.20
52.6	52.21
52.5	52.22
52.7	52.23
52.1	52.24
52.5	52.25
52.5	52.26
52.5	52.27
52.1	52.28
52.5	52.29
52.1	52.30
52.5	52.31
52.6	52.32
52.6	52.33
52.5	52.34
52.5	52.35
52.1	52.36
52.1	52.37
52.6	52.38
52.1	52.39
52.1	52.40
52.5	52.41
52.6	52.42
52.5	52.43
52.1	52.44
52.1	52.45
52.1	52.46
52.3	52.47
52.1	52.48
52.1	52.49
52.5	52.50
52.6	52.51
52.5	52.52
52.2	52.53
52.4	52.54
52.5	52.55
52.1	52.56
52.4	52.57
52.7	52.58
52.5	52.59
52.6	52.60
52.6	52.61
52.6	52.62
52.5	52.63
52.1	52.64
53.1	53.1
53.5	53.2
53.5	53.3
53.5	53.4
53.1	53.5
53.5	53.6
53.1	53.7
53.4	53.8
53.5	53.9
53.1	53.10
53.5	53.11
53.3	53.12
53.3	53.13
53.3	53.14
53.3	53.15
53.5	53.16
53.1	53.17
53.3	53.18
53.3	53.19
53.5	53.20
53.5	53.21
53.5	53.22
53.5	53.23
53.6	53.24
53.3	53.25
53.1	53.26
53.1	53.27
53.3	53.28
53.1	53.29
53.1	53.30
53.4	53.31
53.5	53.32
53.3	53.33
53.5	53.34
53.3	53.35
53.1	53.36
53.5	53.37
53.1	53.38
53.4	53.39
53.1	53.40
53.3	53.41
53.5	53.42
53.4	53.43
53.5	53.44
53.3	53.45
53.1	53.46
53.5	53.47
53.3	53.48
53.5	53.49
53.1	53.50
53.5	53.51
53.2	53.52
53.1	53.53
53.1	53.54
53.5	53.55
53.5	53.56
53.3	53.57
53.1	53.58
53.1	53.59
53.5	53.60
53.1	53.61
53.5	53.62
53.1	53.63
53.3	53.64
54.5	54.1
54.1	54.2
54.1	54.3
54.5	54.4
54.5	54.5
54.5	54.6
54.5	54.7
54.5	54.8
54.5	54.9
54.1	54.10
54.5	54.11
54.5	54.12
54.6	54.13
54.6	54.14
54.5	54.15
54.5	54.16
54.1	54.17
54.1	54.18
54.5	54.19
54.5	54.20
54.5	54.21
54.1	54.22
54.1	54.23
54.3	54.24
54.4	54.25
54.4	54.26
54.1	54.27
54.1	54.28
54.5	54.29
54.5	54.30
54.1	54.31
54.1	54.32
54.1	54.33
54.1	54.34
54.5	54.35
54.1	54.36
54.1	54.37
54.5	54.38
54.5	54.39
54.5	54.40
54.4	54.41
54.5	54.42
54.6	54.43
54.2	54.44
54.6	54.45
54.1	54.46
54.1	54.47
54.4	54.48
54.5	54.49
54.5	54.50
54.1	54.51
54.1	54.52
54.5	54.53
54.4	54.54
54.1	54.55
54.5	54.56
54.1	54.57
54.5	54.58
54.4	54.59
54.1	54.60
54.1	54.61
54.5	54.62
54.5	54.63
54.5	54.64
55.3	55.1
55.3	55.2
55.6	55.3
55.5	55.4
55.3	55.5
55.6	55.6
55.3	55.7
55.3	55.8
55.1	55.9
55.3	55.10
55.5	55.11
55.6	55.12
55.3	55.13
55.4	55.14
55.3	55.15
55.3	55.16
55.6	55.17
55.3	55.18
55.5	55.19
55.1	55.20
55.3	55.21
55.5	55.22
55.2	55.23
55.3	55.24
55.3	55.25
55.5	55.26
55.3	55.27
55.5	55.28
55.3	55.29
55.6	55.30
55.6	55.31
55.5	55.32
55.3	55.33
55.3	55.34
55.3	55.35
55.5	55.36
55.5	55.37
55.1	55.38
55.5	55.39
55.5	55.40
55.3	55.41
55.3	55.42
55.3	55.43
55.3	55.44
55.3	55.45
55.3	55.46
55.5	55.47
55.5	55.48
55.6	55.49
55.4	55.50
55.5	55.51
55.3	55.52
55.5	55.53
55.3	55.54
55.5	55.55
55.3	55.56
55.4	55.57
55.5	55.58
55.3	55.59
55.5	55.60
55.5	55.61
55.5	55.62
55.3	55.63
55.3	55.64
56.1	56.1
56.1	56.2
56.1	56.3
56.9	56.4
56.4	56.5
56.2	56.6
56.5	56.7
56.9	56.8
56.9	56.9
56.1	56.10
56.9	56.11
56.1	56.12
56.9	56.13
56.9	56.14
56.5	56.15
56.9	56.16
56.1	56.17
56.9	56.18
56.7	56.19
56.9	56.20
56.9	56.21
56.4	56.22
56.9	56.23
56.9	56.24
56.9	56.25
56.9	56.26
56.1	56.27
56.9	56.28
56.1	56.29
56.1	56.30
56.4	56.31
56.8	56.32
56.1	56.33
56.1	56.34
56.1	56.35
56.9	56.36
56.5	56.37
56.5	56.38
56.1	56.39
56.9	56.40
56.8	56.41
56.9	56.42
56.1	56.43
56.1	56.44
56.9	56.45
56.9	56.46
56.1	56.47
56.9	56.48
56.7	56.49
56.1	56.50
56.1	56.51
56.9	56.52
56.4	56.53
56.5	56.54
56.4	56.55
56.9	56.56
56.1	56.57
56.3	56.58
56.6	56.59
56.7	56.60
56.9	56.61
56.1	56.62
56.1	56.63
56.9	56.64
57.1	57.1
57.11	57.2
57.1	57.3
57.6	57.4
57.6	57.5
57.11	57.6
57.1	57.7
57.1	57.8
57.11	57.9
57.1	57.10
57.1	57.11
57.1	57.12
57.1	57.13
57.11	57.14
57.6	57.15
57.11	57.16
57.8	57.17
57.11	57.18
57.11	57.19
57.6	57.20
57.11	57.21
57.4	57.22
57.1	57.23
57.11	57.24
57.11	57.25
57.6	57.26
57.11	57.27
57.6	57.28
57.2	57.29
57.11	57.30
57.6	57.31
57.1	57.32
57.11	57.33
57.11	57.34
57.6	57.35
57.6	57.36
57.3	57.37
57.11	57.38
57.1	57.39
57.10	57.40
57.10	57.41
57.8	57.42
57.11	57.43
57.11	57.44
57.11	57.45
57.1	57.46
57.8	57.47
57.1	57.48
57.9	57.49
57.6	57.50
57.11	57.51
57.8	57.52
57.10	57.53
57.10	57.54
57.11	57.55
57.11	57.56
57.7	57.57
57.8	57.58
57.6	57.59
57.6	57.60
57.5	57.61
57.6	57.62
57.11	57.63
57.10	57.64
58.8	58.1
58.1	58.2
58.10	58.3
58.1	58.4
58.9	58.5
58.1	58.6
58.1	58.7
58.9	58.8
58.1	58.9
58.9	58.10
58.1	58.11
58.1	58.12
58.9	58.13
58.11	58.14
58.1	58.15
58.7	58.16
58.9	58.17
58.9	58.18
58.2	58.19
58.6	58.20
58.9	58.21
58.6	58.22
58.9	58.23
58.1	58.24
58.10	58.25
58.10	58.26
58.9	58.27
58.9	58.28
58.9	58.29
58.1	58.30
58.1	58.31
58.9	58.32
58.10	58.33
58.1	58.34
58.1	58.35
58.8	58.36
58.10	58.37
58.10	58.38
58.10	58.39
58.9	58.40
58.1	58.41
58.9	58.42
58.2	58.43
58.6	58.44
58.9	58.45
58.6	58.46
58.9	58.47
58.1	58.48
58.5	58.49
58.9	58.50
58.8	58.51
58.9	58.52
58.9	58.53
58.4	58.54
58.10	58.55
58.9	58.56
58.9	58.57
58.1	58.58
58.10	58.59
58.11	58.60
58.10	58.61
58.9	58.62
58.9	58.63
58.3	58.64
59.4	59.1
59.4	59.2
59.7	59.3
59.4	59.4
59.1	59.5
59.4	59.6
59.1	59.7
59.4	59.8
59.4	59.9
59.1	59.10
59.4	59.11
59.4	59.12
59.1	59.13
59.4	59.14
59.4	59.15
59.1	59.16
59.7	59.17
59.4	59.18
59.4	59.19
59.5	59.20
59.4	59.21
59.4	59.22
59.4	59.23
59.3	59.24
59.4	59.25
59.4	59.26
59.4	59.27
59.7	59.28
59.1	59.29
59.4	59.30
59.1	59.31
59.3	59.32
59.1	59.33
59.5	59.34
59.1	59.35
59.1	59.36
59.3	59.37
59.3	59.38
59.4	59.39
59.1	59.40
59.7	59.41
59.1	59.42
59.1	59.43
59.1	59.44
59.4	59.45
59.4	59.46
59.1	59.47
59.4	59.48
59.1	59.49
59.1	59.50
59.4	59.51
59.4	59.52
59.7	59.53
59.4	59.54
59.4	59.55
59.4	59.56
59.1	59.57
59.6	59.58
59.4	59.59
59.7	59.60
59.7	59.61
59.4	59.62
59.2	59.63
59.4	59.64
60.1	60.1
60.10	60.2
60.1	60.3
60.1	60.4
60.1	60.5
60.1	60.6
60.8	60.7
60.1	60.8
60.12	60.9
60.1	60.10
60.10	60.11
60.10	60.12
60.1	60.13
60.12	60.14
60.10	60.15
60.12	60.16
60.3	60.17
60.10	60.18
60.9	60.19
60.12	60.20
60.10	60.21
60.1	60.22
60.10	60.23
60.12	60.24
60.12	60.25
60.12	60.26
60.1	60.27
60.8	60.28
60.1	60.29
60.14	60.30
60.1	60.31
60.8	60.32
60.14	60.33
60.1	60.34
60.10	60.35
60.2	60.36
60.6	60.37
60.10	60.38
60.11	60.39
60.4	60.40
60.10	60.41
60.11	60.42
60.1	60.43
60.12	60.44
60.4	60.45
60.10	60.46
60.12	60.47
60.10	60.48
60.7	60.49
60.12	60.50
60.10	60.51
60.10	60.52
60.13	60.53
60.10	60.54
60.10	60.55
60.1	60.56
60.12	60.57
60.5	60.58
60.13	60.59
60.1	60.60
60.9	60.61
60.9	60.62
60.9	60.63
60.8	60.64
61.1	61.1
61.3	61.2
61.3	61.3
61.1	61.4
61.3	61.5
61.3	61.6
61.1	61.7
61.1	61.8
61.3	61.9
61.3	61.10
61.1	61.11
61.3	61.12
61.1	61.13
61.3	61.14
61.1	61.15
61.3	61.16
61.3	61.17
61.1	61.18
61.1	61.19
61.1	61.20
61.3	61.21
61.3	61.22
61.1	61.23
61.4	61.24
61.1	61.25
61.3	61.26
61.1	61.27
61.3	61.28
61.4	61.29
61.3	61.30
61.1	61.31
61.1	61.32
61.1	61.33
61.1	61.34
61.3	61.35
61.1	61.36
61.1	61.37
61.3	61.38
61.1	61.39
61.1	61.40
61.1	61.41
61.1	61.42
61.2	61.43
61.4	61.44
61.1	61.45
61.1	61.46
61.1	61.47
61.4	61.48
61.1	61.49
61.3	61.50
61.3	61.51
61.1	61.52
61.3	61.53
61.1	61.54
61.1	61.55
61.1	61.56
61.1	61.57
61.1	61.58
61.1	61.59
61.1	61.60
61.1	61.61
61.1	61.62
61.1	61.63
61.3	61.64
62.1	62.1
62.1	62.2
62.1	62.3
62.1	62.4
62.3	62.5
62.1	62.6
62.1	62.7
62.3	62.8
62.3	62.9
62.1	62.10
62.1	62.11
62.1	62.12
62.1	62.13
62.3	62.14
62.3	62.15
62.3	62.16
62.1	62.17
62.1	62.18
62.3	62.19
62.1	62.20
62.1	62.21
62.1	62.22
62.2	62.23
62.3	62.24
62.3	62.25
62.3	62.26
62.1	62.27
62.3	62.28
62.3	62.29
62.3	62.30
62.4	62.31
62.3	62.32
62.3	62.33
62.3	62.34
62.3	62.35
62.4	62.36
62.1	62.37
62.4	62.38
62.1	62.39
62.3	62.40
62.1	62.41
62.3	62.42
62.3	62.43
62.1	62.44
62.3	62.45
62.1	62.46
62.1	62.47
62.3	62.48
62.3	62.49
62.1	62.50
62.3	62.51
62.3	62.52
62.4	62.53
62.3	62.54
62.1	62.55
62.3	62.56
62.1	62.57
62.3	62.58
62.3	62.59
62.1	62.60
62.3	62.61
62.3	62.62
62.1	62.63
62.3	62.64
63.1	63.1
63.1	63.2
63.7	63.3
63.7	63.4
63.7	63.5
63.7	63.6
63.7	63.7
63.1	63.8
63.1	63.9
63.7	63.10
63.7	63.11
63.1	63.12
63.7	63.13
63.1	63.14
63.7	63.15
63.7	63.16
63.7	63.17
63.1	63.18
63.1	63.19
63.5	63.20
63.1	63.21
63.1	63.22
63.1	63.23
63.5	63.24
63.7	63.25
63.1	63.26
63.7	63.27
63.7	63.28
63.7	63.29
63.7	63.30
63.7	63.31
63.1	63.32
63.7	63.33
63.1	63.34
63.1	63.35
63.7	63.36
63.5	63.37
63.7	63.38
63.7	63.39
63.7	63.40
63.7	63.41
63.7	63.42
63.2	63.43
63.6	63.44
63.5	63.45
63.1	63.46
63.1	63.47
63.5	63.48
63.1	63.49
63.7	63.50
63.3	63.51
63.4	63.52
63.1	63.53
63.7	63.54
63.7	63.55
63.1	63.56
63.1	63.57
63.1	63.58
63.7	63.59
63.1	63.60
63.7	63.61
63.1	63.62
63.7	63.63
63.1	63.64
64.6	64.1
64.8	64.2
64.10	64.3
64.5	64.4
64.5	64.5
64.9	64.6
64.10	64.7
64.10	64.8
64.1	64.9
64.7	64.10
64.9	64.11
64.1	64.12
64.7	64.13
64.7	64.14
64.10	64.15
64.10	64.16
64.10	64.17
64.10	64.18
64.10	64.19
64.10	64.20
64.1	64.21
64.10	64.22
64.10	64.23
64.7	64.24
64.7	64.25
64.8	64.26
64.7	64.27
64.7	64.28
64.4	64.29
64.10	64.30
64.1	64.31
64.7	64.32
64.10	64.33
64.7	64.34
64.5	64.35
64.7	64.36
64.10	64.37
64.10	64.38
64.3	64.39
64.10	64.40
64.7	64.41
64.10	64.42
64.7	64.43
64.10	64.44
64.10	64.45
64.10	64.46
64.2	64.47
64.1	64.48
64.10	64.49
64.8	64.50
64.5	64.51
64.10	64.52
64.7	64.53
64.7	64.54
64.10	64.55
64.5	64.56
64.10	64.57
64.10	64.58
64.10	64.59
64.10	64.60
64.9	64.61
64.7	64.62
64.10	64.63
64.9	64.64
65.1	65.1
65.5	65.2
65.4	65.3
65.5	65.4
65.1	65.5
65.1	65.6
65.1	65.7
65.5	65.8
65.1	65.9
65.5	65.10
65.5	65.11
65.1	65.12
65.5	65.13
65.5	65.14
65.1	65.15
65.5	65.16
65.5	65.17
65.5	65.18
65.5	65.19
65.1	65.20
65.5	65.21
65.5	65.22
65.1	65.23
65.1	65.24
65.5	65.25
65.1	65.26
65.5	65.27
65.6	65.28
65.2	65.29
65.1	65.30
65.5	65.31
65.1	65.32
65.6	65.33
65.5	65.34
65.5	65.35
65.5	65.36
65.6	65.37
65.5	65.38
65.5	65.39
65.5	65.40
65.5	65.41
65.1	65.42
65.1	65.43
65.1	65.44
65.1	65.45
65.1	65.46
65.1	65.47
65.5	65.48
65.5	65.49
65.1	65.50
65.1	65.51
65.5	65.52
65.1	65.53
65.5	65.54
65.5	65.55
65.3	65.56
65.1	65.57
65.1	65.58
65.1	65.59
65.5	65.60
65.1	65.61
65.5	65.62
65.1	65.63
65.1	65.64
66.10	66.1
66.9	66.2
66.10	66.3
66.10	66.4
66.5	66.5
66.9	66.6
66.5	66.7
66.10	66.8
66.9	66.9
66.10	66.10
66.9	66.11
66.10	66.12
66.3	66.13
66.9	66.14
66.9	66.15
66.5	66.16
66.5	66.17
66.10	66.18
66.1	66.19
66.5	66.20
66.10	66.21
66.9	66.22
66.1	66.23
66.1	66.24
66.10	66.25
66.10	66.26
66.10	66.27
66.5	66.28
66.9	66.29
66.9	66.30
66.1	66.31
66.9	66.32
66.1	66.33
66.1	66.34
66.1	66.35
66.4	66.36
66.1	66.37
66.1	66.38
66.9	66.39
66.10	66.40
66.9	66.41
66.5	66.42
66.9	66.43
66.1	66.44
66.8	66.45
66.9	66.46
66.9	66.47
66.5	66.48
66.8	66.49
66.1	66.50
66.1	66.51
66.1	66.52
66.8	66.53
66.6	66.54
66.9	66.55
66.1	66.56
66.9	66.57
66.8	66.58
66.1	66.59
66.7	66.60
66.9	66.61
66.10	66.62
66.2	66.63
66.1	66.64
67.5	67.1
67.1	67.2
67.5	67.3
67.1	67.4
67.4	67.5
67.1	67.6
67.5	67.7
67.5	67.8
67.5	67.9
67.1	67.10
67.4	67.11
67.1	67.12
67.1	67.13
67.4	67.14
67.5	67.15
67.5	67.16
67.4	67.17
67.1	67.18
67.1	67.19
67.5	67.20
67.1	67.21
67.5	67.22
67.4	67.23
67.4	67.24
67.5	67.25
67.5	67.26
67.1	67.27
67.5	67.28
67.1	67.29
67.1	67.30
67.2	67.31
67.5	67.32
67.4	67.33
67.1	67.34
67.5	67.35
67.5	67.36
67.1	67.37
67.5	67.38
67.5	67.39
67.4	67.40
67.1	67.41
67.1	67.42
67.5	67.43
67.5	67.44
67.3	67.45
67.1	67.46
67.1	67.47
67.1	67.48
67.5	67.49
67.4	67.50
67.1	67.51
67.4	67.52
67.4	67.53
67.1	67.54
67.1	67.55
67.1	67.56
67.1	67.57
67.1	67.58
67.5	67.59
67.4	67.60
67.4	67.61
67.4	67.62
67.5	67.63
67.5	67.64
68.1	68.1
68.1	68.2
68.7	68.3
68.7	68.4
68.7	68.5
68.5	68.6
68.1	68.7
68.7	68.8
68.4	68.9
68.3	68.10
68.5	68.11
68.3	68.12
68.7	68.13
68.1	68.14
68.1	68.15
68.3	68.16
68.7	68.17
68.7	68.18
68.7	68.19
68.3	68.20
68.5	68.21
68.5	68.22
68.1	68.23
68.3	68.24
68.1	68.25
68.1	68.26
68.7	68.27
68.3	68.28
68.3	68.29
68.1	68.30
68.7	68.31
68.7	68.32
68.3	68.33
68.7	68.34
68.1	68.35
68.3	68.36
68.6	68.37
68.7	68.38
68.7	68.39
68.1	68.40
68.1	68.41
68.7	68.42
68.5	68.43
68.5	68.44
68.5	68.45
68.3	68.46
68.5	68.47
68.7	68.48
68.5	68.49
68.5	68.50
68.2	68.51
68.1	68.52
68.1	68.53
68.5	68.54
68.7	68.55
68.5	68.56
68.7	68.57
68.5	68.58
68.7	68.59
68.1	68.60
68.1	68.61
68.7	68.62
68.7	68.63
68.5	68.64
69.7	69.1
69.6	69.2
69.1	69.3
69.1	69.4
69.4	69.5
69.5	69.6
69.7	69.7
69.8	69.8
69.1	69.9
69.1	69.10
69.6	69.11
69.7	69.12
69.6	69.13
69.7	69.14
69.2	69.15
69.4	69.16
69.7	69.17
69.7	69.18
69.7	69.19
69.7	69.20
69.6	69.21
69.4	69.22
69.7	69.23
69.6	69.24
69.6	69.25
69.7	69.26
69.6	69.27
69.4	69.28
69.1	69.29
69.5	69.30
69.1	69.31
69.4	69.32
69.1	69.33
69.6	69.34
69.1	69.35
69.6	69.36
69.6	69.37
69.4	69.38
69.1	69.39
69.7	69.40
69.1	69.41
69.6	69.42
69.3	69.43
69.7	69.44
69.5	69.45
69.6	69.46
69.1	69.47
69.1	69.48
69.1	69.49
69.6	69.50
69.1	69.51
69.6	69.52
69.7	69.53
69.6	69.54
69.4	69.55
69.7	69.56
69.6	69.57
69.1	69.58
69.7	69.59
69.3	69.60
69.7	69.61
69.1	69.62
69.4	69.63
69.4	69.64
70.6	70.1
70.1	70.2
70.1	70.3
70.1	70.4
70.1	70.5
70.5	70.6
70.6	70.7
70.6	70.8
70.1	70.9
70.1	70.10
70.1	70.11
70.6	70.12
70.1	70.13
70.1	70.14
70.6	70.15
70.1	70.16
70.6	70.17
70.6	70.18
70.6	70.19
70.1	70.20
70.1	70.21
70.6	70.22
70.1	70.23
70.6	70.24
70.1	70.25
70.1	70.26
70.6	70.27
70.1	70.28
70.6	70.29
70.1	70.30
70.6	70.31
70.3	70.32
70.2	70.33
70.4	70.34
70.1	70.35
70.1	70.36
70.1	70.37
70.1	70.38
70.1	70.39
70.6	70.40
70.1	70.41
70.6	70.42
70.1	70.43
70.1	70.44
70.1	70.45
70.1	70.46
70.1	70.47
70.6	70.48
70.6	70.49
70.6	70.50
70.6	70.51
70.6	70.52
70.1	70.53
70.6	70.54
70.6	70.55
70.4	70.56
70.1	70.57
70.6	70.58
70.1	70.59
70.6	70.60
70.1	70.61
70.6	70.62
70.1	70.63
70.1	70.64
71.6	71.1
71.1	71.2
71.3	71.3
71.3	71.4
71.1	71.5
71.1	71.6
71.3	71.7
71.3	71.8
71.3	71.9
71.1	71.10
71.3	71.11
71.1	71.12
71.1	71.13
71.3	71.14
71.1	71.15
71.1	71.16
71.3	71.17
71.3	71.18
71.1	71.19
71.1	71.20
71.1	71.21
71.6	71.22
71.3	71.23
71.1	71.24
71.6	71.25
71.5	71.26
71.5	71.27
71.1	71.28
71.1	71.29
71.1	71.30
71.3	71.31
71.1	71.32
71.6	71.33
71.5	71.34
71.1	71.35
71.2	71.36
71.5	71.37
71.3	71.38
71.3	71.39
71.6	71.40
71.5	71.41
71.5	71.42
71.3	71.43
71.4	71.44
71.3	71.45
71.1	71.46
71.1	71.47
71.3	71.48
71.5	71.49
71.5	71.50
71.3	71.51
71.5	71.52
71.5	71.53
71.3	71.54
71.3	71.55
71.3	71.56
71.5	71.57
71.6	71.58
71.5	71.59
71.4	71.60
71.3	71.61
71.3	71.62
71.3	71.63
71.3	71.64
72.10	72.1
72.7	72.2
72.10	72.3
72.3	72.4
72.1	72.5
72.1	72.6
72.10	72.7
72.10	72.8
72.10	72.9
72.10	72.10
72.10	72.11
72.2	72.12
72.10	72.13
72.6	72.14
72.8	72.15
72.8	72.16
72.3	72.17
72.9	72.18
72.10	72.19
72.1	72.20
72.8	72.21
72.8	72.22
72.1	72.23
72.8	72.24
72.1	72.25
72.8	72.26
72.1	72.27
72.6	72.28
72.3	72.29
72.9	72.30
72.10	72.31
72.10	72.32
72.3	72.33
72.8	72.34
72.8	72.35
72.10	72.36
72.3	72.37
72.3	72.38
72.1	72.39
72.8	72.40
72.6	72.41
72.10	72.42
72.8	72.43
72.3	72.44
72.7	72.45
72.8	72.46
72.10	72.47
72.4	72.48
72.6	72.49
72.5	72.50
72.10	72.51
72.3	72.52
72.10	72.53
72.8	72.54
72.1	72.55
72.7	72.56
72.3	72.57
72.8	72.58
72.3	72.59
72.5	72.60
72.10	72.61
72.1	72.62
72.5	72.63
72.7	72.64
73.1	73.1
73.7	73.2
73.6	73.3
73.6	73.4
73.2	73.5
73.8	73.6
73.7	73.7
73.8	73.8
73.8	73.9
73.6	73.10
73.7	73.11
73.7	73.12
73.1	73.13
73.6	73.14
73.6	73.15
73.8	73.16
73.6	73.17
73.8	73.18
73.7	73.19
73.6	73.20
73.8	73.21
73.7	73.22
73.7	73.23
73.3	73.24
73.8	73.25
73.6	73.26
73.8	73.27
73.5	73.28
73.1	73.29
73.6	73.30
73.1	73.31
73.1	73.32
73.6	73.33
73.6	73.34
73.8	73.35
73.6	73.36
73.3	73.37
73.8	73.38
73.1	73.39
73.7	73.40
73.6	73.41
73.6	73.42
73.7	73.43
73.3	73.44
73.6	73.45
73.1	73.46
73.7	73.47
73.3	73.48
73.8	73.49
73.7	73.50
73.6	73.51
73.6	73.52
73.6	73.53
73.1	73.54
73.1	73.55
73.1	73.56
73.8	73.57
73.8	73.58
73.1	73.59
73.1	73.60
73.8	73.61
73.8	73.62
73.4	73.63
73.7	73.64
74.1	74.1
74.1	74.2
74.1	74.3
74.6	74.4
74.7	74.5
74.6	74.6
74.6	74.7
74.5	74.8
74.1	74.9
74.1	74.10
74.1	74.11
74.7	74.12
74.7	74.13
74.7	74.14
74.1	74.15
74.1	74.16
74.7	74.17
74.7	74.18
74.1	74.19
74.7	74.20
74.1	74.21
74.6	74.22
74.1	74.23
74.7	74.24
74.1	74.25
74.6	74.26
74.6	74.27
74.1	74.28
74.7	74.29
74.7	74.30
74.7	74.31
74.1	74.32
74.7	74.33
74.1	74.34
74.1	74.35
74.1	74.36
74.6	74.37
74.1	74.38
74.1	74.39
74.1	74.40
74.4	74.41
74.1	74.42
74.7	74.43
74.7	74.44
74.7	74.45
74.6	74.46
74.1	74.47
74.1	74.48
74.4	74.49
74.3	74.50
74.8	74.51
74.6	74.52
74.7	74.53
74.1	74.54
74.6	74.55
74.6	74.56
74.1	74.57
74.7	74.58
74.1	74.59
74.2	74.60
74.1	74.61
74.6	74.62
74.1	74.63
74.5	74.64
75.6	75.1
75.4	75.2
75.4	75.3
75.6	75.4
75.4	75.5
75.6	75.6
75.1	75.7
75.4	75.8
75.4	75.9
75.4	75.10
75.6	75.11
75.6	75.12
75.6	75.13
75.4	75.14
75.6	75.15
75.1	75.16
75.5	75.17
75.4	75.18
75.4	75.19
75.2	75.20
75.6	75.21
75.4	75.22
75.4	75.23
75.7	75.24
75.5	75.25
75.6	75.26
75.6	75.27
75.4	75.28
75.5	75.29
75.1	75.30
75.4	75.31
75.6	75.32
75.6	75.33
75.4	75.34
75.4	75.35
75.6	75.36
75.4	75.37
75.4	75.38
75.5	75.39
75.6	75.40
75.4	75.41
75.4	75.42
75.4	75.43
75.1	75.44
75.3	75.45
75.3	75.46
75.5	75.47
75.4	75.48
75.4	75.49
75.6	75.50
75.1	75.51
75.1	75.52
75.4	75.53
75.4	75.54
75.4	75.55
75.1	75.56
75.3	75.57
75.4	75.58
75.6	75.59
75.6	75.60
75.1	75.61
75.1	75.62
75.1	75.63
75.4	75.64
76.4	76.1
76.1	76.2
76.4	76.3
76.1	76.4
76.1	76.5
76.1	76.6
76.1	76.7
76.1	76.8
76.1	76.9
76.5	76.10
76.1	76.11
76.1	76.12
76.4	76.13
76.4	76.14
76.1	76.15
76.4	76.16
76.4	76.17
76.1	76.18
76.1	76.19
76.1	76.20
76.3	76.21
76.1	76.22
76.5	76.23
76.4	76.24
76.1	76.25
76.1	76.26
76.4	76.27
76.1	76.28
76.1	76.29
76.1	76.30
76.4	76.31
76.4	76.32
76.1	76.33
76.1	76.34
76.1	76.35
76.5	76.36
76.1	76.37
76.1	76.38
76.1	76.39
76.4	76.40
76.4	76.41
76.1	76.42
76.4	76.43
76.5	76.44
76.1	76.45
76.4	76.46
76.1	76.47
76.4	76.48
76.4	76.49
76.5	76.50
76.1	76.51
76.4	76.52
76.4	76.53
76.5	76.54
76.2	76.55
76.1	76.56
76.4	76.57
76.1	76.58
76.1	76.59
76.1	76.60
76.4	76.61
76.3	76.62
76.4	76.63
76.1	76.64
77.1	77.1
77.8	77.2
77.1	77.3
77.7	77.4
77.1	77.5
77.1	77.6
77.1	77.7
77.1	77.8
77.1	77.9
77.8	77.10
77.7	77.11
77.8	77.12
77.1	77.13
77.1	77.14
77.1	77.15
77.7	77.16
77.2	77.17
77.7	77.18
77.1	77.19
77.9	77.20
77.7	77.21
77.1	77.22
77.7	77.23
77.1	77.24
77.1	77.25
77.7	77.26
77.5	77.27
77.7	77.28
77.6	77.29
77.7	77.30
77.1	77.31
77.1	77.32
77.8	77.33
77.6	77.34
77.8	77.35
77.7	77.36
77.1	77.37
77.7	77.38
77.5	77.39
77.5	77.40
77.7	77.41
77.1	77.42
77.1	77.43
77.7	77.44
77.6	77.45
77.8	77.46
77.4	77.47
77.5	77.48
77.1	77.49
77.1	77.50
77.7	77.51
77.8	77.52
77.6	77.53
77.3	77.54
77.7	77.55
77.9	77.56
77.5	77.57
77.1	77.58
77.7	77.59
77.1	77.60
77.1	77.61
77.1	77.62
77.1	77.63
77.7	77.64
78.7	78.1
78.7	78.2
78.5	78.3
78.5	78.4
78.1	78.5
78.7	78.6
78.1	78.7
78.2	78.8
78.4	78.9
78.1	78.10
78.1	78.11
78.7	78.12
78.7	78.13
78.5	78.14
78.5	78.15
78.1	78.16
78.1	78.17
78.7	78.18
78.5	78.19
78.4	78.20
78.4	78.21
78.5	78.22
78.1	78.23
78.1	78.24
78.5	78.25
78.4	78.26
78.1	78.27
78.5	78.28
78.5	78.29
78.5	78.30
78.1	78.31
78.5	78.32
78.5	78.33
78.1	78.34
78.1	78.35
78.5	78.36
78.6	78.37
78.5	78.38
78.1	78.39
78.4	78.40
78.1	78.41
78.5	78.42
78.6	78.43
78.5	78.44
78.1	78.45
78.1	78.46
78.3	78.47
78.5	78.48
78.1	78.49
78.7	78.50
78.4	78.51
78.5	78.52
78.7	78.53
78.5	78.54
78.5	78.55
78.7	78.56
78.5	78.57
78.1	78.58
78.5	78.59
78.1	78.60
78.1	78.61
78.5	78.62
78.5	78.63
78.1	78.64
79.4	79.1
79.4	79.2
79.4	79.3
79.6	79.4
79.6	79.5
79.6	79.6
79.6	79.7
79.6	79.8
79.6	79.9
79.6	79.10
79.6	79.11
79.4	79.12
79.6	79.13
79.3	79.14
79.6	79.15
79.6	79.16
79.4	79.17
79.6	79.18
79.6	79.19
79.6	79.20
79.6	79.21
79.6	79.22
79.6	79.23
79.6	79.24
79.6	79.25
79.4	79.26
79.4	79.27
79.4	79.28
79.6	79.29
79.6	79.30
79.6	79.31
79.6	79.32
79.1	79.33
79.1	79.34
79.6	79.35
79.4	79.36
79.4	79.37
79.2	79.38
79.4	79.39
79.6	79.40
79.4	79.41
79.1	79.42
79.4	79.43
79.4	79.44
79.4	79.45
79.6	79.46
79.6	79.47
79.6	79.48
79.4	79.49
79.5	79.50
79.4	79.51
79.6	79.52
79.6	79.53
79.6	79.54
79.6	79.55
79.6	79.56
79.1	79.57
79.4	79.58
79.6	79.59
79.6	79.60
79.6	79.61
79.6	79.62
79.6	79.63
79.6	79.64
80.4	80.1
80.4	80.2
80.1	80.3
80.4	80.4
80.4	80.5
80.7	80.6
80.4	80.7
80.2	80.8
80.7	80.9
80.7	80.10
80.5	80.11
80.4	80.12
80.7	80.13
80.7	80.14
80.1	80.15
80.7	80.16
80.4	80.17
80.5	80.18
80.4	80.19
80.4	80.20
80.1	80.21
80.7	80.22
80.4	80.23
80.5	80.24
80.7	80.25
80.7	80.26
80.4	80.27
80.7	80.28
80.4	80.29
80.4	80.30
80.5	80.31
80.1	80.32
80.4	80.33
80.7	80.34
80.4	80.35
80.4	80.36
80.4	80.37
80.7	80.38
80.4	80.39
80.4	80.40
80.7	80.41
80.4	80.42
80.4	80.43
80.1	80.44
80.7	80.45
80.7	80.46
80.5	80.47
80.4	80.48
80.7	80.49
80.1	80.50
80.4	80.51
80.7	80.52
80.7	80.53
80.6	80.54
80.4	80.55
80.4	80.56
80.4	80.57
80.4	80.58
80.5	80.59
80.4	80.60
80.7	80.61
80.3	80.62
80.4	80.63
80.7	80.64
81.3	81.1
81.1	81.2
81.1	81.3
81.5	81.4
81.1	81.5
81.5	81.6
81.5	81.7
81.1	81.8
81.1	81.9
81.1	81.10
81.5	81.11
81.5	81.12
81.3	81.13
81.1	81.14
81.5	81.15
81.1	81.16
81.5	81.17
81.1	81.18
81.3	81.19
81.3	81.20
81.5	81.21
81.5	81.22
81.1	81.23
81.1	81.24
81.5	81.25
81.5	81.26
81.3	81.27
81.3	81.28
81.3	81.29
81.3	81.30
81.1	81.31
81.5	81.32
81.5	81.33
81.5	81.34
81.1	81.35
81.5	81.36
81.1	81.37
81.5	81.38
81.5	81.39
81.4	81.40
81.3	81.41
81.1	81.42
81.1	81.43
81.1	81.44
81.1	81.45
81.5	81.46
81.5	81.47
81.1	81.48
81.5	81.49
81.1	81.50
81.3	81.51
81.1	81.52
81.3	81.53
81.5	81.54
81.1	81.55
81.3	81.56
81.1	81.57
81.1	81.58
81.4	81.59
81.5	81.60
81.3	81.61
81.2	81.62
81.1	81.63
81.3	81.64
82.1	82.1
82.1	82.2
82.1	82.3
82.6	82.4
82.5	82.5
82.5	82.6
82.6	82.7
82.1	82.8
82.6	82.9
82.5	82.10
82.1	82.11
82.6	82.12
82.6	82.13
82.6	82.14
82.6	82.15
82.1	82.16
82.5	82.17
82.6	82.18
82.1	82.19
82.1	82.20
82.5	82.21
82.1	82.22
82.4	82.23
82.5	82.24
82.1	82.25
82.5	82.26
82.6	82.27
82.1	82.28
82.5	82.29
82.6	82.30
82.1	82.31
82.1	82.32
82.1	82.33
82.5	82.34
82.1	82.35
82.6	82.36
82.1	82.37
82.1	82.38
82.6	82.39
82.1	82.40
82.1	82.41
82.1	82.42
82.1	82.43
82.6	82.44
82.1	82.45
82.6	82.46
82.1	82.47
82.1	82.48
82.6	82.49
82.5	82.50
82.6	82.51
82.1	82.52
82.1	82.53
82.6	82.54
82.1	82.55
82.6	82.56
82.2	82.57
82.1	82.58
82.5	82.59
82.6	82.60
82.1	82.61
82.3	82.62
82.6	82.63
82.1	82.64
83.9	83.1
83.1	83.2
83.9	83.3
83.9	83.4
83.5	83.5
83.7	83.6
83.4	83.7
83.11	83.8
83.9	83.9
83.11	83.10
83.8	83.11
83.9	83.12
83.10	83.13
83.12	83.14
83.10	83.15
83.9	83.16
83.10	83.17
83.9	83.18
83.1	83.19
83.9	83.20
83.1	83.21
83.4	83.22
83.9	83.23
83.7	83.24
83.4	83.25
83.9	83.26
83.9	83.27
83.7	83.28
83.3	83.29
83.1	83.30
83.9	83.31
83.2	83.32
83.10	83.33
83.12	83.34
83.9	83.35
83.10	83.36
83.9	83.37
83.9	83.38
83.6	83.39
83.1	83.40
83.10	83.41
83.9	83.42
83.11	83.43
83.9	83.44
83.9	83.45
83.1	83.46
83.1	83.47
83.9	83.48
83.9	83.49
83.1	83.50
83.1	83.51
83.1	83.52
83.1	83.53
83.1	83.54
83.9	83.55
83.1	83.56
83.11	83.57
83.1	83.58
83.1	83.59
83.9	83.60
83.1	83.61
83.9	83.62
83.9	83.63
83.11	83.64
84.7	84.1
84.4	84.2
84.7	84.3
84.12	84.4
84.12	84.5
84.1	84.6
84.3	84.7
84.3	84.8
84.7	84.9
84.7	84.10
84.12	84.11
84.7	84.12
84.12	84.13
84.10	84.14
84.12	84.15
84.7	84.16
84.12	84.17
84.9	84.18
84.5	84.19
84.7	84.20
84.12	84.21
84.10	84.22
84.12	84.23
84.7	84.24
84.1	84.25
84.1	84.26
84.5	84.27
84.12	84.28
84.1	84.29
84.12	84.30
84.12	84.31
84.7	84.32
84.11	84.33
84.1	84.34
84.1	84.35
84.10	84.36
84.5	84.37
84.7	84.38
84.7	84.39
84.1	84.40
84.12	84.41
84.12	84.42
84.9	84.43
84.10	84.44
84.10	84.45
84.1	84.46
84.1	84.47
84.5	84.48
84.12	84.49
84.12	84.50
84.2	84.51
84.1	84.52
84.12	84.53
84.6	84.54
84.12	84.55
84.12	84.56
84.12	84.57
84.7	84.58
84.1	84.59
84.8	84.60
84.12	84.61
84.7	84.62
84.10	84.63
84.12	84.64
85.6	85.1
85.1	85.2
85.1	85.3
85.1	85.4
85.1	85.5
85.6	85.6
85.1	85.7
85.1	85.8
85.6	85.9
85.1	85.10
85.6	85.11
85.2	85.12
85.5	85.13
85.4	85.14
85.3	85.15
85.1	85.16
85.1	85.17
85.4	85.18
85.4	85.19
85.1	85.20
85.6	85.21
85.3	85.22
85.1	85.23
85.1	85.24
85.4	85.25
85.1	85.26
85.6	85.27
85.6	85.28
85.3	85.29
85.4	85.30
85.3	85.31
85.1	85.32
85.1	85.33
85.4	85.34
85.4	85.35
85.4	85.36
85.1	85.37
85.1	85.38
85.4	85.39
85.3	85.40
85.4	85.41
85.3	85.42
85.4	85.43
85.1	85.44
85.4	85.45
85.1	85.46
85.1	85.47
85.1	85.48
85.4	85.49
85.4	85.50
85.1	85.51
85.1	85.52
85.1	85.53
85.1	85.54
85.6	85.55
85.6	85.56
85.6	85.57
85.4	85.58
85.3	85.59
85.6	85.60
85.1	85.61
85.4	85.62
85.3	85.63
85.4	85.64
86.3	86.1
86.1	86.2
86.1	86.3
86.1	86.4
86.1	86.5
86.5	86.6
86.1	86.7
86.1	86.8
86.5	86.9
86.5	86.10
86.3	86.11
86.4	86.12
86.1	86.13
86.1	86.14
86.4	86.15
86.5	86.16
86.5	86.17
86.1	86.18
86.5	86.19
86.1	86.20
86.1	86.21
86.5	86.22
86.5	86.23
86.1	86.24
86.1	86.25
86.1	86.26
86.4	86.27
86.5	86.28
86.1	86.29
86.3	86.30
86.5	86.31
86.1	86.32
86.1	86.33
86.5	86.34
86.2	86.35
86.5	86.36
86.5	86.37
86.1	86.38
86.1	86.39
86.4	86.40
86.5	86.41
86.5	86.42
86.5	86.43
86.5	86.44
86.1	86.45
86.1	86.46
86.5	86.47
86.3	86.48
86.5	86.49
86.4	86.50
86.1	86.51
86.5	86.52
86.5	86.53
86.5	86.54
86.5	86.55
86.5	86.56
86.5	86.57
86.5	86.58
86.5	86.59
86.5	86.60
86.5	86.61
86.1	86.62
86.1	86.63
86.1	86.64
87.4	87.1
87.4	87.2
87.4	87.3
87.4	87.4
87.1	87.5
87.4	87.6
87.4	87.7
87.4	87.8
87.4	87.9
87.4	87.10
87.4	87.11
87.4	87.12
87.4	87.13
87.1	87.14
87.4	87.15
87.4	87.16
87.4	87.17
87.4	87.18
87.4	87.19
87.4	87.20
87.4	87.21
87.4	87.22
87.4	87.23
87.4	87.24
87.1	87.25
87.1	87.26
87.4	87.27
87.4	87.28
87.3	87.29
87.4	87.30
87.1	87.31
87.4	87.32
87.4	87.33
87.4	87.34
87.2	87.35
87.4	87.36
87.4	87.37
87.4	87.38
87.4	87.39
87.4	87.40
87.4	87.41
87.4	87.42
87.1	87.43
87.1	87.44
87.4	87.45
87.1	87.46
87.1	87.47
87.4	87.48
87.4	87.49
87.1	87.50
87.1	87.51
87.4	87.52
87.4	87.53
87.1	87.54
87.4	87.55
87.4	87.56
87.1	87.57
87.1	87.58
87.4	87.59
87.4	87.60
87.1	87.61
87.1	87.62
87.4	87.63
87.4	87.64
88.5	88.1
88.5	88.2
88.3	88.3
88.3	88.4
88.3	88.5
88.5	88.6
88.5	88.7
88.5	88.8
88.3	88.9
88.1	88.10
88.5	88.11
88.1	88.12
88.5	88.13
88.4	88.14
88.5	88.15
88.3	88.16
88.3	88.17
88.5	88.18
88.4	88.19
88.4	88.20
88.4	88.21
88.4	88.22
88.3	88.23
88.3	88.24
88.3	88.25
88.3	88.26
88.5	88.27
88.5	88.28
88.1	88.29
88.3	88.30
88.7	88.31
88.6	88.32
88.3	88.33
88.3	88.34
88.4	88.35
88.5	88.36
88.5	88.37
88.3	88.38
88.7	88.39
88.5	88.40
88.3	88.41
88.5	88.42
88.4	88.43
88.6	88.44
88.3	88.45
88.5	88.46
88.5	88.47
88.2	88.48
88.3	88.49
88.5	88.50
88.5	88.51
88.5	88.52
88.3	88.53
88.3	88.54
88.5	88.55
88.5	88.56
88.5	88.57
88.3	88.58
88.5	88.59
88.4	88.60
88.5	88.61
88.3	88.62
88.5	88.63
88.5	88.64
89.3	89.1
89.1	89.2
89.3	89.3
89.3	89.4
89.3	89.5
89.3	89.6
89.1	89.7
89.1	89.8
89.1	89.9
89.1	89.10
89.1	89.11
89.1	89.12
89.1	89.13
89.3	89.14
89.3	89.15
89.3	89.16
89.1	89.17
89.3	89.18
89.3	89.19
89.3	89.20
89.1	89.21
89.3	89.22
89.2	89.23
89.1	89.24
89.3	89.25
89.1	89.26
89.1	89.27
89.3	89.28
89.3	89.29
89.1	89.30
89.1	89.31
89.1	89.32
89.3	89.33
89.4	89.34
89.1	89.35
89.3	89.36
89.1	89.37
89.3	89.38
89.3	89.39
89.3	89.40
89.3	89.41
89.1	89.42
89.1	89.43
89.3	89.44
89.1	89.45
89.1	89.46
89.3	89.47
89.3	89.48
89.1	89.49
89.3	89.50
89.1	89.51
89.1	89.52
89.3	89.53
89.3	89.54
89.1	89.55
89.1	89.56
89.3	89.57
89.1	89.58
89.1	89.59
89.1	89.60
89.3	89.61
89.1	89.62
89.3	89.63
89.1	89.64
90.1	90.1
90.1	90.2
90.1	90.3
90.1	90.4
90.1	90.5
90.5	90.6
90.5	90.7
90.5	90.8
90.5	90.9
90.1	90.10
90.5	90.11
90.1	90.12
90.1	90.13
90.5	90.14
90.1	90.15
90.1	90.16
90.1	90.17
90.5	90.18
90.1	90.19
90.1	90.20
90.1	90.21
90.1	90.22
90.5	90.23
90.1	90.24
90.3	90.25
90.4	90.26
90.1	90.27
90.5	90.28
90.5	90.29
90.1	90.30
90.5	90.31
90.1	90.32
90.5	90.33
90.3	90.34
90.5	90.35
90.1	90.36
90.1	90.37
90.1	90.38
90.5	90.39
90.1	90.40
90.5	90.41
90.5	90.42
90.4	90.43
90.4	90.44
90.1	90.45
90.1	90.46
90.1	90.47
90.1	90.48
90.5	90.49
90.4	90.50
90.1	90.51
90.1	90.52
90.5	90.53
90.1	90.54
90.1	90.55
90.5	90.56
90.5	90.57
90.1	90.58
90.1	90.59
90.5	90.60
90.4	90.61
90.5	90.62
90.5	90.63
90.2	90.64
91.4	91.1
91.1	91.2
91.5	91.3
91.4	91.4
91.1	91.5
91.4	91.6
91.1	91.7
91.1	91.8
91.4	91.9
91.1	91.10
91.1	91.11
91.4	91.12
91.4	91.13
91.1	91.14
91.1	91.15
91.1	91.16
91.1	91.17
91.1	91.18
91.4	91.19
91.1	91.20
91.5	91.21
91.1	91.22
91.4	91.23
91.1	91.24
91.1	91.25
91.1	91.26
91.1	91.27
91.4	91.28
91.5	91.29
91.4	91.30
91.4	91.31
91.4	91.32
91.1	91.33
91.4	91.34
91.4	91.35
91.1	91.36
91.1	91.37
91.5	91.38
91.3	91.39
91.1	91.40
91.1	91.41
91.2	91.42
91.5	91.43
91.3	91.44
91.1	91.45
91.4	91.46
91.4	91.47
91.4	91.48
91.1	91.49
91.4	91.50
91.1	91.51
91.1	91.52
91.4	91.53
91.4	91.54
91.4	91.55
91.4	91.56
91.1	91.57
91.1	91.58
91.4	91.59
91.4	91.60
91.4	91.61
91.1	91.62
91.1	91.63
91.1	91.64
92.5	92.1
92.4	92.2
92.1	92.3
92.4	92.4
92.7	92.5
92.4	92.6
92.1	92.7
92.4	92.8
92.1	92.9
92.1	92.10
92.5	92.11
92.4	92.12
92.4	92.13
92.6	92.14
92.4	92.15
92.5	92.16
92.4	92.17
92.4	92.18
92.5	92.19
92.4	92.20
92.4	92.21
92.4	92.22
92.3	92.23
92.4	92.24
92.5	92.25
92.4	92.26
92.4	92.27
92.1	92.28
92.4	92.29
92.4	92.30
92.1	92.31
92.1	92.32
92.5	92.33
92.1	92.34
92.5	92.35
92.6	92.36
92.4	92.37
92.6	92.38
92.1	92.39
92.4	92.40
92.4	92.41
92.5	92.42
92.5	92.43
92.5	92.44
92.4	92.45
92.5	92.46
92.4	92.47
92.4	92.48
92.4	92.49
92.5	92.50
92.2	92.51
92.4	92.52
92.4	92.53
92.1	92.54
92.5	92.55
92.6	92.56
92.6	92.57
92.4	92.58
92.4	92.59
92.4	92.60
92.5	92.61
92.5	92.62
92.4	92.63
92.5	92.64
93.8	93.1
93.8	93.2
93.1	93.3
93.1	93.4
93.1	93.5
93.1	93.6
93.8	93.7
93.8	93.8
93.8	93.9
93.8	93.10
93.8	93.11
93.8	93.12
93.9	93.13
93.5	93.14
93.1	93.15
93.1	93.16
93.1	93.17
93.8	93.18
93.1	93.19
93.1	93.20
93.8	93.21
93.8	93.22
93.1	93.23
93.8	93.24
93.5	93.25
93.8	93.26
93.1	93.27
93.8	93.28
93.8	93.29
93.1	93.30
93.1	93.31
93.1	93.32
93.6	93.33
93.8	93.34
93.9	93.35
93.1	93.36
93.9	93.37
93.1	93.38
93.1	93.39
93.8	93.40
93.8	93.41
93.1	93.42
93.8	93.43
93.2	93.44
93.1	93.45
93.8	93.46
93.1	93.47
93.1	93.48
93.1	93.49
93.9	93.50
93.1	93.51
93.8	93.52
93.8	93.53
93.4	93.54
93.8	93.55
93.1	93.56
93.1	93.57
93.7	93.58
93.3	93.59
93.1	93.60
93.8	93.61
93.8	93.62
93.9	93.63
93.8	93.64
94.1	94.1
94.1	94.2
94.6	94.3
94.1	94.4
94.1	94.5
94.1	94.6
94.1	94.7
94.6	94.8
94.1	94.9
94.1	94.10
94.1	94.11
94.6	94.12
94.1	94.13
94.6	94.14
94.6	94.15
94.1	94.16
94.1	94.17
94.6	94.18
94.6	94.19
94.6	94.20
94.1	94.21
94.6	94.22
94.6	94.23
94.6	94.24
94.1	94.25
94.1	94.26
94.1	94.27
94.1	94.28
94.6	94.29
94.1	94.30
94.6	94.31
94.4	94.32
94.1	94.33
94.1	94.34
94.1	94.35
94.2	94.36
94.1	94.37
94.2	94.38
94.1	94.39
94.1	94.40
94.6	94.41
94.6	94.42
94.3	94.43
94.1	94.44
94.6	94.45
94.6	94.46
94.1	94.47
94.1	94.48
94.6	94.49
94.1	94.50
94.1	94.51
94.1	94.52
94.5	94.53
94.1	94.54
94.1	94.55
94.1	94.56
94.1	94.57
94.1	94.58
94.1	94.59
94.6	94.60
94.6	94.61
94.1	94.62
94.1	94.63
94.6	94.64
95.6	95.1
95.1	95.2
95.1	95.3
95.5	95.4
95.1	95.5
95.2	95.6
95.1	95.7
95.4	95.8
95.3	95.9
95.1	95.10
95.1	95.11
95.6	95.12
95.4	95.13
95.1	95.14
95.4	95.15
95.1	95.16
95.1	95.17
95.1	95.18
95.6	95.19
95.1	95.20
95.6	95.21
95.6	95.22
95.6	95.23
95.6	95.24
95.6	95.25
95.4	95.26
95.1	95.27
95.6	95.28
95.1	95.29
95.1	95.30
95.6	95.31
95.6	95.32
95.1	95.33
95.6	95.34
95.6	95.35
95.4	95.36
95.6	95.37
95.1	95.38
95.4	95.39
95.4	95.40
95.1	95.41
95.1	95.42
95.6	95.43
95.6	95.44
95.1	95.45
95.6	95.46
95.1	95.47
95.1	95.48
95.1	95.49
95.6	95.50
95.6	95.51
95.6	95.52
95.6	95.53
95.6	95.54
95.4	95.55
95.5	95.56
95.1	95.57
95.4	95.58
95.1	95.59
95.6	95.60
95.6	95.61
95.1	95.62
95.5	95.63
95.1	95.64
96.3	96.1
96.4	96.2
96.6	96.3
96.6	96.4
96.11	96.5
96.10	96.6
96.3	96.7
96.3	96.8
96.6	96.9
96.7	96.10
96.6	96.11
96.3	96.12
96.8	96.13
96.6	96.14
96.7	96.15
96.3	96.16
96.3	96.17
96.3	96.18
96.10	96.19
96.5	96.20
96.4	96.21
96.6	96.22
96.10	96.23
96.10	96.24
96.3	96.25
96.3	96.26
96.4	96.27
96.6	96.28
96.6	96.29
96.10	96.30
96.10	96.31
96.6	96.32
96.10	96.33
96.10	96.34
96.10	96.35
96.10	96.36
96.7	96.37
96.3	96.38
96.6	96.39
96.4	96.40
96.3	96.41
96.6	96.42
96.10	96.43
96.10	96.44
96.6	96.45
96.10	96.46
96.3	96.47
96.3	96.48
96.10	96.49
96.3	96.50
96.6	96.51
96.3	96.52
96.4	96.53
96.2	96.54
96.6	96.55
96.3	96.56
96.3	96.57
96.1	96.58
96.6	96.59
96.7	96.60
96.3	96.61
96.3	96.62
96.9	96.63
96.4	96.64
97.5	97.1
97.3	97.2
97.5	97.3
97.5	97.4
97.3	97.5
97.4	97.6
97.4	97.7
97.5	97.8
97.3	97.9
97.3	97.10
97.5	97.11
97.5	97.12
97.3	97.13
97.5	97.14
97.3	97.15
97.5	97.16
97.3	97.17
97.5	97.18
97.1	97.19
97.3	97.20
97.5	97.21
97.3	97.22
97.3	97.23
97.5	97.24
97.6	97.25
97.6	97.26
97.3	97.27
97.5	97.28
97.3	97.29
97.4	97.30
97.5	97.31
97.3	97.32
97.3	97.33
97.3	97.34
97.4	97.35
97.5	97.36
97.3	97.37
97.3	97.38
97.5	97.39
97.3	97.40
97.2	97.41
97.3	97.42
97.6	97.43
97.3	97.44
97.3	97.45
97.5	97.46
97.4	97.47
97.5	97.48
97.4	97.49
97.5	97.50
97.5	97.51
97.3	97.52
97.5	97.53
97.3	97.54
97.5	97.55
97.5	97.56
97.3	97.57
97.4	97.58
97.5	97.59
97.3	97.60
97.3	97.61
97.5	97.62
97.3	97.63
97.3	97.64
98.7	98.1
98.7	98.2
98.7	98.3
98.7	98.4
98.7	98.5
98.7	98.6
98.7	98.7
98.7	98.8
98.9	98.9
98.7	98.10
98.7	98.11
98.9	98.12
98.9	98.13
98.9	98.14
98.6	98.15
98.7	98.16
98.7	98.17
98.7	98.18
98.7	98.19
98.1	98.20
98.9	98.21
98.7	98.22
98.7	98.23
98.9	98.24
98.9	98.25
98.7	98.26
98.9	98.27
98.8	98.28
98.9	98.29
98.9	98.30
98.9	98.31
98.1	98.32
98.7	98.33
98.7	98.34
98.7	98.35
98.7	98.36
98.7	98.37
98.9	98.38
98.1	98.39
98.9	98.40
98.9	98.41
98.4	98.42
98.7	98.43
98.9	98.44
98.9	98.45
98.7	98.46
98.9	98.47
98.9	98.48
98.9	98.49
98.7	98.50
98.7	98.51
98.9	98.52
98.9	98.53
98.3	98.54
98.7	98.55
98.9	98.56
98.7	98.57
98.5	98.58
98.9	98.59
98.7	98.60
98.2	98.61
98.7	98.62
98.9	98.63
98.9	98.64
99.5	99.1
99.1	99.2
99.5	99.3
99.4	99.4
99.1	99.5
99.1	99.6
99.5	99.7
99.1	99.8
99.5	99.9
99.1	99.10
99.1	99.11
99.1	99.12
99.5	99.13
99.1	99.14
99.4	99.15
99.1	99.16
99.3	99.17
99.1	99.18
99.1	99.19
99.1	99.20
99.5	99.21
99.5	99.22
99.5	99.23
99.2	99.24
99.1	99.25
99.4	99.26
99.4	99.27
99.5	99.28
99.1	99.29
99.5	99.30
99.1	99.31
99.5	99.32
99.1	99.33
99.5	99.34
99.3	99.35
99.1	99.36
99.5	99.37
99.1	99.38
99.5	99.39
99.1	99.40
99.1	99.41
99.1	99.42
99.1	99.43
99.1	99.44
99.1	99.45
99.3	99.46
99.4	99.47
99.1	99.48
99.1	99.49
99.1	99.50
99.1	99.51
99.5	99.52
99.1	99.53
99.1	99.54
99.1	99.55
99.5	99.56
99.1	99.57
99.5	99.58
99.1	99.59
99.1	99.60
99.5	99.61
99.1	99.62
99.5	99.63
99.1	99.64
100.3	100.1
100.2	100.2
100.2	100.3
100.7	100.4
100.3	100.5
100.2	100.6
100.2	100.7
100.3	100.8
100.2	100.9
100.3	100.10
100.3	100.11
100.3	100.12
100.2	100.13
100.2	100.14
100.2	100.15
100.3	100.16
100.3	100.17
100.3	100.18
100.2	100.19
100.2	100.20
100.2	100.21
100.3	100.22
100.6	100.23
100.2	100.24
100.3	100.25
100.2	100.26
100.3	100.27
100.3	100.28
100.2	100.29
100.3	100.30
100.6	100.31
100.3	100.32
100.2	100.33
100.8	100.34
100.8	100.35
100.2	100.36
100.2	100.37
100.2	100.38
100.3	100.39
100.3	100.40
100.3	100.41
100.3	100.42
100.3	100.43
100.2	100.44
100.2	100.45
100.3	100.46
100.2	100.47
100.3	100.48
100.2	100.49
100.3	100.50
100.6	100.51
100.3	100.52
100.5	100.53
100.3	100.54
100.1	100.55
100.3	100.56
100.8	100.57
100.3	100.58
100.4	100.59
100.3	100.60
100.3	100.61
100.3	100.62
100.2	100.63
100.2	100.64