subTopicID	resultID
1.1	1.1
1.1	1.2
1.1	1.3
1.1	1.4
1.6	1.5
1.1	1.6
1.1	1.7
1.1	1.8
1.1	1.9
1.1	1.10
1.6	1.11
1.1	1.12
1.1	1.13
1.1	1.14
1.1	1.15
1.1	1.16
1.1	1.17
1.1	1.18
1.1	1.19
1.7	1.20
1.1	1.21
1.6	1.22
1.1	1.23
1.1	1.24
1.1	1.25
1.6	1.26
1.1	1.27
1.1	1.28
1.6	1.29
1.7	1.30
1.1	1.31
1.1	1.32
1.6	1.33
1.6	1.34
1.1	1.35
1.1	1.36
1.8	1.37
1.1	1.38
1.4	1.39
1.1	1.40
1.1	1.41
1.1	1.42
1.1	1.43
1.1	1.44
1.1	1.45
1.6	1.46
1.1	1.47
1.6	1.48
1.3	1.49
1.5	1.50
1.1	1.51
1.6	1.52
1.1	1.53
1.6	1.54
1.8	1.55
1.1	1.56
1.1	1.57
1.1	1.58
1.8	1.59
1.1	1.60
1.2	1.61
1.1	1.62
1.1	1.63
1.1	1.64
2.1	2.1
2.1	2.2
2.1	2.3
2.1	2.4
2.9	2.5
2.1	2.6
2.1	2.7
2.1	2.8
2.1	2.9
2.1	2.10
2.1	2.11
2.6	2.12
2.1	2.13
2.1	2.14
2.1	2.15
2.1	2.16
2.10	2.17
2.1	2.18
2.1	2.19
2.1	2.20
2.9	2.21
2.3	2.22
2.4	2.23
2.1	2.24
2.1	2.25
2.1	2.26
2.1	2.27
2.7	2.28
2.10	2.29
2.1	2.30
2.1	2.31
2.10	2.32
2.1	2.33
2.1	2.34
2.10	2.35
2.7	2.36
2.1	2.37
2.7	2.38
2.10	2.39
2.2	2.40
2.1	2.41
2.8	2.42
2.1	2.43
2.1	2.44
2.1	2.45
2.8	2.46
2.10	2.47
2.5	2.48
2.1	2.49
2.10	2.50
2.1	2.51
2.1	2.52
2.9	2.53
2.1	2.54
2.1	2.55
2.10	2.56
2.10	2.57
2.7	2.58
2.10	2.59
2.9	2.60
2.1	2.61
2.10	2.62
2.7	2.63
2.10	2.64
3.1	3.1
3.1	3.2
3.1	3.3
3.1	3.4
3.1	3.5
3.1	3.6
3.1	3.7
3.1	3.8
3.1	3.9
3.1	3.10
3.1	3.11
3.1	3.12
3.1	3.13
3.1	3.14
3.1	3.15
3.1	3.16
3.1	3.17
3.1	3.18
3.1	3.19
3.1	3.20
3.1	3.21
3.1	3.22
3.4	3.23
3.1	3.24
3.1	3.25
3.1	3.26
3.3	3.27
3.1	3.28
3.1	3.29
3.1	3.30
3.1	3.31
3.1	3.32
3.1	3.33
3.1	3.34
3.1	3.35
3.6	3.36
3.1	3.37
3.6	3.38
3.5	3.39
3.1	3.40
3.1	3.41
3.1	3.42
3.1	3.43
3.1	3.44
3.1	3.45
3.1	3.46
3.1	3.47
3.1	3.48
3.1	3.49
3.6	3.50
3.7	3.51
3.1	3.52
3.1	3.53
3.1	3.54
3.1	3.55
3.1	3.56
3.1	3.57
3.2	3.58
3.1	3.59
3.1	3.60
3.1	3.61
3.1	3.62
3.6	3.63
3.1	3.64
4.6	4.1
4.4	4.2
4.6	4.3
4.6	4.4
4.6	4.5
4.5	4.6
4.6	4.7
4.6	4.8
4.6	4.9
4.5	4.10
4.6	4.11
4.6	4.12
4.6	4.13
4.6	4.14
4.6	4.15
4.6	4.16
4.6	4.17
4.6	4.18
4.6	4.19
4.6	4.20
4.6	4.21
4.5	4.22
4.3	4.23
4.5	4.24
4.5	4.25
4.6	4.26
4.5	4.27
4.6	4.28
4.6	4.29
4.6	4.30
4.5	4.31
4.5	4.32
4.6	4.33
4.6	4.34
4.6	4.35
4.6	4.36
4.5	4.37
4.6	4.38
4.6	4.39
4.6	4.40
4.5	4.41
4.6	4.42
4.6	4.43
4.1	4.44
4.6	4.45
4.2	4.46
4.6	4.47
4.6	4.48
4.1	4.49
4.6	4.50
4.6	4.51
4.6	4.52
4.6	4.53
4.6	4.54
4.1	4.55
4.6	4.56
4.1	4.57
4.6	4.58
4.1	4.59
4.6	4.60
4.6	4.61
4.6	4.62
4.6	4.63
4.5	4.64
5.1	5.1
5.1	5.2
5.1	5.3
5.1	5.4
5.5	5.5
5.1	5.6
5.6	5.7
5.1	5.8
5.1	5.9
5.1	5.10
5.1	5.11
5.1	5.12
5.1	5.13
5.1	5.14
5.1	5.15
5.1	5.16
5.6	5.17
5.1	5.18
5.6	5.19
5.1	5.20
5.1	5.21
5.1	5.22
5.6	5.23
5.1	5.24
5.7	5.25
5.6	5.26
5.1	5.27
5.1	5.28
5.1	5.29
5.1	5.30
5.1	5.31
5.1	5.32
5.3	5.33
5.1	5.34
5.1	5.35
5.1	5.36
5.1	5.37
5.2	5.38
5.1	5.39
5.1	5.40
5.1	5.41
5.1	5.42
5.1	5.43
5.4	5.44
5.1	5.45
5.1	5.46
5.6	5.47
5.6	5.48
5.1	5.49
5.1	5.50
5.1	5.51
5.1	5.52
5.1	5.53
5.5	5.54
5.1	5.55
5.1	5.56
5.1	5.57
5.1	5.58
5.1	5.59
5.1	5.60
5.1	5.61
5.1	5.62
5.6	5.63
5.1	5.64
6.12	6.1
6.6	6.2
6.13	6.3
6.7	6.4
6.4	6.5
6.16	6.6
6.17	6.7
6.13	6.8
6.8	6.9
6.9	6.10
6.13	6.11
6.6	6.12
6.6	6.13
6.13	6.14
6.6	6.15
6.12	6.16
6.13	6.17
6.6	6.18
6.17	6.19
6.2	6.20
6.16	6.21
6.1	6.22
6.1	6.23
6.10	6.24
6.13	6.25
6.13	6.26
6.13	6.27
6.12	6.28
6.13	6.29
6.6	6.30
6.3	6.31
6.13	6.32
6.15	6.33
6.13	6.34
6.11	6.35
6.13	6.36
6.5	6.37
6.8	6.38
6.17	6.39
6.12	6.40
6.6	6.41
6.13	6.42
6.6	6.43
6.13	6.44
6.6	6.45
6.6	6.46
6.12	6.47
6.8	6.48
6.12	6.49
6.12	6.50
6.12	6.51
6.14	6.52
6.6	6.53
6.13	6.54
6.7	6.55
6.6	6.56
6.11	6.57
6.8	6.58
6.11	6.59
6.11	6.60
6.12	6.61
6.15	6.62
6.14	6.63
6.6	6.64
7.13	7.1
7.13	7.2
7.1	7.3
7.1	7.4
7.10	7.5
7.10	7.6
7.13	7.7
7.11	7.8
7.10	7.9
7.10	7.10
7.8	7.11
7.1	7.12
7.13	7.13
7.10	7.14
7.13	7.15
7.1	7.16
7.13	7.17
7.13	7.18
7.8	7.19
7.13	7.20
7.13	7.21
7.6	7.22
7.1	7.23
7.1	7.24
7.1	7.25
7.13	7.26
7.9	7.27
7.1	7.28
7.10	7.29
7.13	7.30
7.12	7.31
7.6	7.32
7.12	7.33
7.4	7.34
7.13	7.35
7.2	7.36
7.8	7.37
7.10	7.38
7.10	7.39
7.13	7.40
7.11	7.41
7.10	7.42
7.13	7.43
7.1	7.44
7.8	7.45
7.6	7.46
7.8	7.47
7.8	7.48
7.7	7.49
7.13	7.50
7.4	7.51
7.8	7.52
7.1	7.53
7.9	7.54
7.13	7.55
7.10	7.56
7.13	7.57
7.1	7.58
7.3	7.59
7.6	7.60
7.5	7.61
7.6	7.62
7.12	7.63
7.8	7.64
8.6	8.1
8.13	8.2
8.13	8.3
8.12	8.4
8.1	8.5
8.1	8.6
8.7	8.7
8.8	8.8
8.1	8.9
8.12	8.10
8.1	8.11
8.15	8.12
8.1	8.13
8.8	8.14
8.6	8.15
8.8	8.16
8.3	8.17
8.10	8.18
8.1	8.19
8.1	8.20
8.2	8.21
8.7	8.22
8.1	8.23
8.1	8.24
8.13	8.25
8.13	8.26
8.5	8.27
8.7	8.28
8.7	8.29
8.13	8.30
8.7	8.31
8.7	8.32
8.1	8.33
8.13	8.34
8.1	8.35
8.13	8.36
8.13	8.37
8.13	8.38
8.11	8.39
8.7	8.40
8.13	8.41
8.13	8.42
8.7	8.43
8.8	8.44
8.10	8.45
8.1	8.46
8.1	8.47
8.6	8.48
8.13	8.49
8.13	8.50
8.13	8.51
8.7	8.52
8.13	8.53
8.13	8.54
8.13	8.55
8.7	8.56
8.8	8.57
8.7	8.58
8.7	8.59
8.9	8.60
8.7	8.61
8.4	8.62
8.14	8.63
8.1	8.64
9.16	9.1
9.14	9.2
9.12	9.3
9.12	9.4
9.14	9.5
9.1	9.6
9.15	9.7
9.13	9.8
9.15	9.9
9.14	9.10
9.14	9.11
9.12	9.12
9.13	9.13
9.11	9.14
9.1	9.15
9.12	9.16
9.9	9.17
9.12	9.18
9.12	9.19
9.12	9.20
9.12	9.21
9.12	9.22
9.4	9.23
9.1	9.24
9.8	9.25
9.2	9.26
9.13	9.27
9.11	9.28
9.12	9.29
9.15	9.30
9.12	9.31
9.13	9.32
9.6	9.33
9.12	9.34
9.15	9.35
9.15	9.36
9.13	9.37
9.3	9.38
9.5	9.39
9.9	9.40
9.12	9.41
9.10	9.42
9.4	9.43
9.5	9.44
9.4	9.45
9.7	9.46
9.1	9.47
9.14	9.48
9.16	9.49
9.12	9.50
9.15	9.51
9.12	9.52
9.15	9.53
9.14	9.54
9.16	9.55
9.1	9.56
9.12	9.57
9.16	9.58
9.12	9.59
9.14	9.60
9.15	9.61
9.1	9.62
9.15	9.63
9.13	9.64
10.1	10.1
10.1	10.2
10.1	10.3
10.1	10.4
10.1	10.5
10.1	10.6
10.1	10.7
10.7	10.8
10.1	10.9
10.1	10.10
10.1	10.11
10.1	10.12
10.5	10.13
10.1	10.14
10.1	10.15
10.1	10.16
10.1	10.17
10.1	10.18
10.1	10.19
10.1	10.20
10.7	10.21
10.1	10.22
10.7	10.23
10.1	10.24
10.7	10.25
10.7	10.26
10.7	10.27
10.1	10.28
10.1	10.29
10.1	10.30
10.5	10.31
10.1	10.32
10.3	10.33
10.6	10.34
10.1	10.35
10.7	10.36
10.1	10.37
10.1	10.38
10.1	10.39
10.7	10.40
10.1	10.41
10.2	10.42
10.2	10.43
10.1	10.44
10.1	10.45
10.1	10.46
10.1	10.47
10.5	10.48
10.1	10.49
10.1	10.50
10.1	10.51
10.1	10.52
10.7	10.53
10.1	10.54
10.7	10.55
10.1	10.56
10.1	10.57
10.1	10.58
10.1	10.59
10.6	10.60
10.1	10.61
10.4	10.62
10.1	10.63
10.2	10.64
11.1	11.1
11.4	11.2
11.1	11.3
11.1	11.4
11.1	11.5
11.1	11.6
11.8	11.7
11.1	11.8
11.1	11.9
11.1	11.10
11.1	11.11
11.1	11.12
11.1	11.13
11.1	11.14
11.8	11.15
11.1	11.16
11.3	11.17
11.8	11.18
11.1	11.19
11.1	11.20
11.9	11.21
11.5	11.22
11.1	11.23
11.7	11.24
11.1	11.25
11.1	11.26
11.8	11.27
11.1	11.28
11.1	11.29
11.1	11.30
11.1	11.31
11.1	11.32
11.1	11.33
11.1	11.34
11.1	11.35
11.1	11.36
11.1	11.37
11.1	11.38
11.1	11.39
11.7	11.40
11.1	11.41
11.1	11.42
11.1	11.43
11.1	11.44
11.1	11.45
11.1	11.46
11.1	11.47
11.6	11.48
11.1	11.49
11.8	11.50
11.1	11.51
11.1	11.52
11.1	11.53
11.1	11.54
11.1	11.55
11.7	11.56
11.1	11.57
11.8	11.58
11.2	11.59
11.1	11.60
11.1	11.61
11.1	11.62
11.1	11.63
11.1	11.64
12.1	12.1
12.4	12.2
12.6	12.3
12.2	12.4
12.1	12.5
12.1	12.6
12.1	12.7
12.1	12.8
12.1	12.9
12.5	12.10
12.1	12.11
12.1	12.12
12.1	12.13
12.1	12.14
12.1	12.15
12.1	12.16
12.1	12.17
12.1	12.18
12.1	12.19
12.1	12.20
12.1	12.21
12.1	12.22
12.7	12.23
12.1	12.24
12.1	12.25
12.1	12.26
12.6	12.27
12.1	12.28
12.1	12.29
12.1	12.30
12.1	12.31
12.1	12.32
12.1	12.33
12.1	12.34
12.3	12.35
12.1	12.36
12.1	12.37
12.1	12.38
12.1	12.39
12.1	12.40
12.1	12.41
12.1	12.42
12.1	12.43
12.1	12.44
12.1	12.45
12.1	12.46
12.1	12.47
12.1	12.48
12.1	12.49
12.1	12.50
12.1	12.51
12.1	12.52
12.1	12.53
12.1	12.54
12.6	12.55
12.1	12.56
12.1	12.57
12.1	12.58
12.1	12.59
12.1	12.60
12.1	12.61
12.1	12.62
12.1	12.63
12.1	12.64
13.1	13.1
13.1	13.2
13.1	13.3
13.1	13.4
13.1	13.5
13.1	13.6
13.2	13.7
13.1	13.8
13.1	13.9
13.1	13.10
13.1	13.11
13.1	13.12
13.1	13.13
13.1	13.14
13.1	13.15
13.1	13.16
13.1	13.17
13.1	13.18
13.1	13.19
13.1	13.20
13.1	13.21
13.1	13.22
13.1	13.23
13.1	13.24
13.1	13.25
13.1	13.26
13.1	13.27
13.1	13.28
13.1	13.29
13.1	13.30
13.1	13.31
13.1	13.32
13.1	13.33
13.1	13.34
13.1	13.35
13.1	13.36
13.1	13.37
13.1	13.38
13.1	13.39
13.1	13.40
13.1	13.41
13.1	13.42
13.1	13.43
13.1	13.44
13.1	13.45
13.1	13.46
13.1	13.47
13.1	13.48
13.1	13.49
13.1	13.50
13.1	13.51
13.1	13.52
13.1	13.53
13.1	13.54
13.1	13.55
13.1	13.56
13.1	13.57
13.1	13.58
13.1	13.59
13.1	13.60
13.1	13.61
13.1	13.62
13.1	13.63
13.1	13.64
14.4	14.1
14.5	14.2
14.4	14.3
14.4	14.4
14.12	14.5
14.12	14.6
14.6	14.7
14.12	14.8
14.12	14.9
14.12	14.10
14.4	14.11
14.2	14.12
14.4	14.13
14.4	14.14
14.12	14.15
14.4	14.16
14.10	14.17
14.12	14.18
14.1	14.19
14.10	14.20
14.12	14.21
14.9	14.22
14.7	14.23
14.12	14.24
14.7	14.25
14.12	14.26
14.5	14.27
14.8	14.28
14.11	14.29
14.4	14.30
14.10	14.31
14.12	14.32
14.12	14.33
14.9	14.34
14.7	14.35
14.12	14.36
14.4	14.37
14.4	14.38
14.10	14.39
14.4	14.40
14.4	14.41
14.10	14.42
14.12	14.43
14.12	14.44
14.12	14.45
14.11	14.46
14.4	14.47
14.4	14.48
14.3	14.49
14.5	14.50
14.9	14.51
14.4	14.52
14.4	14.53
14.7	14.54
14.10	14.55
14.5	14.56
14.4	14.57
14.5	14.58
14.3	14.59
14.5	14.60
14.5	14.61
14.12	14.62
14.5	14.63
14.5	14.64
15.8	15.1
15.6	15.2
15.4	15.3
15.6	15.4
15.6	15.5
15.13	15.6
15.6	15.7
15.6	15.8
15.6	15.9
15.6	15.10
15.8	15.11
15.6	15.12
15.11	15.13
15.6	15.14
15.6	15.15
15.6	15.16
15.8	15.17
15.6	15.18
15.6	15.19
15.6	15.20
15.6	15.21
15.6	15.22
15.6	15.23
15.1	15.24
15.6	15.25
15.6	15.26
15.6	15.27
15.8	15.28
15.6	15.29
15.6	15.30
15.6	15.31
15.13	15.32
15.6	15.33
15.13	15.34
15.6	15.35
15.6	15.36
15.1	15.37
15.6	15.38
15.13	15.39
15.6	15.40
15.8	15.41
15.6	15.42
15.6	15.43
15.7	15.44
15.6	15.45
15.11	15.46
15.8	15.47
15.2	15.48
15.6	15.49
15.5	15.50
15.12	15.51
15.8	15.52
15.9	15.53
15.10	15.54
15.6	15.55
15.9	15.56
15.8	15.57
15.11	15.58
15.11	15.59
15.1	15.60
15.3	15.61
15.11	15.62
15.11	15.63
15.12	15.64
16.1	16.1
16.7	16.2
16.1	16.3
16.1	16.4
16.1	16.5
16.1	16.6
16.1	16.7
16.9	16.8
16.1	16.9
16.1	16.10
16.1	16.11
16.9	16.12
16.1	16.13
16.1	16.14
16.1	16.15
16.1	16.16
16.10	16.17
16.1	16.18
16.1	16.19
16.1	16.20
16.1	16.21
16.2	16.22
16.9	16.23
16.1	16.24
16.1	16.25
16.1	16.26
16.1	16.27
16.1	16.28
16.8	16.29
16.1	16.30
16.1	16.31
16.1	16.32
16.9	16.33
16.1	16.34
16.6	16.35
16.1	16.36
16.1	16.37
16.1	16.38
16.1	16.39
16.1	16.40
16.1	16.41
16.4	16.42
16.1	16.43
16.1	16.44
16.5	16.45
16.5	16.46
16.1	16.47
16.4	16.48
16.5	16.49
16.5	16.50
16.1	16.51
16.1	16.52
16.1	16.53
16.1	16.54
16.1	16.55
16.3	16.56
16.1	16.57
16.1	16.58
16.9	16.59
16.1	16.60
16.1	16.61
16.9	16.62
16.10	16.63
16.1	16.64
17.1	17.1
17.7	17.2
17.1	17.3
17.1	17.4
17.1	17.5
17.10	17.6
17.1	17.7
17.10	17.8
17.1	17.9
17.9	17.10
17.1	17.11
17.6	17.12
17.1	17.13
17.9	17.14
17.10	17.15
17.1	17.16
17.10	17.17
17.10	17.18
17.1	17.19
17.1	17.20
17.8	17.21
17.4	17.22
17.7	17.23
17.1	17.24
17.1	17.25
17.1	17.26
17.10	17.27
17.7	17.28
17.1	17.29
17.10	17.30
17.5	17.31
17.1	17.32
17.1	17.33
17.10	17.34
17.6	17.35
17.11	17.36
17.1	17.37
17.2	17.38
17.10	17.39
17.7	17.40
17.1	17.41
17.1	17.42
17.1	17.43
17.7	17.44
17.1	17.45
17.1	17.46
17.4	17.47
17.10	17.48
17.7	17.49
17.5	17.50
17.3	17.51
17.6	17.52
17.1	17.53
17.1	17.54
17.6	17.55
17.8	17.56
17.5	17.57
17.1	17.58
17.10	17.59
17.10	17.60
17.1	17.61
17.6	17.62
17.10	17.63
17.1	17.64
18.6	18.1
18.1	18.2
18.1	18.3
18.1	18.4
18.1	18.5
18.1	18.6
18.1	18.7
18.1	18.8
18.1	18.9
18.1	18.10
18.1	18.11
18.5	18.12
18.1	18.13
18.1	18.14
18.1	18.15
18.1	18.16
18.1	18.17
18.5	18.18
18.1	18.19
18.1	18.20
18.1	18.21
18.1	18.22
18.1	18.23
18.1	18.24
18.1	18.25
18.1	18.26
18.1	18.27
18.1	18.28
18.2	18.29
18.1	18.30
18.1	18.31
18.1	18.32
18.1	18.33
18.1	18.34
18.5	18.35
18.1	18.36
18.5	18.37
18.1	18.38
18.5	18.39
18.1	18.40
18.1	18.41
18.1	18.42
18.5	18.43
18.1	18.44
18.1	18.45
18.1	18.46
18.1	18.47
18.1	18.48
18.1	18.49
18.4	18.50
18.1	18.51
18.1	18.52
18.5	18.53
18.1	18.54
18.1	18.55
18.3	18.56
18.1	18.57
18.1	18.58
18.1	18.59
18.1	18.60
18.1	18.61
18.1	18.62
18.1	18.63
18.1	18.64
19.4	19.1
19.6	19.2
19.4	19.3
19.4	19.4
19.4	19.5
19.6	19.6
19.6	19.7
19.4	19.8
19.6	19.9
19.4	19.10
19.4	19.11
19.5	19.12
19.6	19.13
19.4	19.14
19.4	19.15
19.4	19.16
19.4	19.17
19.6	19.18
19.4	19.19
19.4	19.20
19.3	19.21
19.7	19.22
19.4	19.23
19.4	19.24
19.4	19.25
19.4	19.26
19.1	19.27
19.4	19.28
19.6	19.29
19.4	19.30
19.4	19.31
19.4	19.32
19.4	19.33
19.2	19.34
19.4	19.35
19.4	19.36
19.4	19.37
19.4	19.38
19.4	19.39
19.6	19.40
19.4	19.41
19.6	19.42
19.4	19.43
19.4	19.44
19.4	19.45
19.4	19.46
19.4	19.47
19.4	19.48
19.4	19.49
19.4	19.50
19.4	19.51
19.6	19.52
19.4	19.53
19.4	19.54
19.6	19.55
19.4	19.56
19.6	19.57
19.8	19.58
19.4	19.59
19.4	19.60
19.6	19.61
19.4	19.62
19.4	19.63
19.4	19.64
20.4	20.1
20.13	20.2
20.13	20.3
20.13	20.4
20.9	20.5
20.4	20.6
20.4	20.7
20.4	20.8
20.5	20.9
20.1	20.10
20.13	20.11
20.7	20.12
20.4	20.13
20.4	20.14
20.9	20.15
20.4	20.16
20.13	20.17
20.2	20.18
20.9	20.19
20.11	20.20
20.9	20.21
20.9	20.22
20.4	20.23
20.16	20.24
20.9	20.25
20.13	20.26
20.13	20.27
20.16	20.28
20.4	20.29
20.6	20.30
20.15	20.31
20.3	20.32
20.16	20.33
20.4	20.34
20.9	20.35
20.15	20.36
20.13	20.37
20.13	20.38
20.4	20.39
20.13	20.40
20.1	20.41
20.8	20.42
20.4	20.43
20.4	20.44
20.1	20.45
20.4	20.46
20.4	20.47
20.13	20.48
20.11	20.49
20.13	20.50
20.13	20.51
20.9	20.52
20.1	20.53
20.13	20.54
20.5	20.55
20.12	20.56
20.1	20.57
20.13	20.58
20.4	20.59
20.4	20.60
20.10	20.61
20.14	20.62
20.13	20.63
20.4	20.64
21.11	21.1
21.11	21.2
21.10	21.3
21.4	21.4
21.4	21.5
21.11	21.6
21.9	21.7
21.3	21.8
21.4	21.9
21.11	21.10
21.11	21.11
21.2	21.12
21.9	21.13
21.9	21.14
21.11	21.15
21.11	21.16
21.11	21.17
21.4	21.18
21.10	21.19
21.4	21.20
21.1	21.21
21.7	21.22
21.5	21.23
21.10	21.24
21.11	21.25
21.4	21.26
21.9	21.27
21.9	21.28
21.4	21.29
21.10	21.30
21.4	21.31
21.4	21.32
21.10	21.33
21.10	21.34
21.10	21.35
21.10	21.36
21.9	21.37
21.10	21.38
21.10	21.39
21.11	21.40
21.7	21.41
21.4	21.42
21.4	21.43
21.9	21.44
21.11	21.45
21.9	21.46
21.9	21.47
21.9	21.48
21.4	21.49
21.4	21.50
21.11	21.51
21.9	21.52
21.11	21.53
21.9	21.54
21.11	21.55
21.1	21.56
21.11	21.57
21.1	21.58
21.11	21.59
21.6	21.60
21.5	21.61
21.9	21.62
21.10	21.63
21.8	21.64
22.1	22.1
22.1	22.2
22.1	22.3
22.1	22.4
22.1	22.5
22.1	22.6
22.1	22.7
22.1	22.8
22.1	22.9
22.1	22.10
22.1	22.11
22.1	22.12
22.1	22.13
22.1	22.14
22.1	22.15
22.1	22.16
22.1	22.17
22.1	22.18
22.1	22.19
22.1	22.20
22.1	22.21
22.1	22.22
22.1	22.23
22.1	22.24
22.1	22.25
22.1	22.26
22.1	22.27
22.1	22.28
22.1	22.29
22.1	22.30
22.1	22.31
22.1	22.32
22.1	22.33
22.2	22.34
22.1	22.35
22.1	22.36
22.1	22.37
22.1	22.38
22.1	22.39
22.1	22.40
22.1	22.41
22.1	22.42
22.1	22.43
22.1	22.44
22.1	22.45
22.1	22.46
22.1	22.47
22.1	22.48
22.1	22.49
22.1	22.50
22.1	22.51
22.1	22.52
22.1	22.53
22.1	22.54
22.1	22.55
22.1	22.56
22.1	22.57
22.1	22.58
22.1	22.59
22.1	22.60
22.1	22.61
22.1	22.62
22.1	22.63
22.1	22.64
23.11	23.1
23.7	23.2
23.16	23.3
23.11	23.4
23.1	23.5
23.16	23.6
23.1	23.7
23.11	23.8
23.5	23.9
23.1	23.10
23.16	23.11
23.8	23.12
23.16	23.13
23.1	23.14
23.8	23.15
23.1	23.16
23.16	23.17
23.11	23.18
23.1	23.19
23.16	23.20
23.12	23.21
23.1	23.22
23.16	23.23
23.11	23.24
23.15	23.25
23.1	23.26
23.16	23.27
23.16	23.28
23.16	23.29
23.10	23.30
23.4	23.31
23.16	23.32
23.1	23.33
23.16	23.34
23.1	23.35
23.1	23.36
23.16	23.37
23.1	23.38
23.16	23.39
23.1	23.40
23.11	23.41
23.1	23.42
23.16	23.43
23.2	23.44
23.1	23.45
23.16	23.46
23.14	23.47
23.16	23.48
23.1	23.49
23.9	23.50
23.13	23.51
23.16	23.52
23.15	23.53
23.1	23.54
23.16	23.55
23.3	23.56
23.16	23.57
23.6	23.58
23.1	23.59
23.16	23.60
23.15	23.61
23.8	23.62
23.16	23.63
23.16	23.64
24.7	24.1
24.12	24.2
24.6	24.3
24.1	24.4
24.11	24.5
24.17	24.6
24.6	24.7
24.16	24.8
24.6	24.9
24.3	24.10
24.15	24.11
24.18	24.12
24.6	24.13
24.6	24.14
24.17	24.15
24.6	24.16
24.6	24.17
24.17	24.18
24.17	24.19
24.6	24.20
24.19	24.21
24.6	24.22
24.8	24.23
24.6	24.24
24.9	24.25
24.5	24.26
24.6	24.27
24.6	24.28
24.6	24.29
24.6	24.30
24.4	24.31
24.6	24.32
24.17	24.33
24.6	24.34
24.13	24.35
24.11	24.36
24.6	24.37
24.17	24.38
24.10	24.39
24.6	24.40
24.2	24.41
24.13	24.42
24.17	24.43
24.17	24.44
24.6	24.45
24.11	24.46
24.13	24.47
24.14	24.48
24.6	24.49
24.6	24.50
24.6	24.51
24.6	24.52
24.17	24.53
24.6	24.54
24.17	24.55
24.11	24.56
24.17	24.57
24.6	24.58
24.17	24.59
24.20	24.60
24.6	24.61
24.6	24.62
24.17	24.63
24.6	24.64
25.6	25.1
25.8	25.2
25.6	25.3
25.10	25.4
25.6	25.5
25.6	25.6
25.6	25.7
25.7	25.8
25.6	25.9
25.6	25.10
25.6	25.11
25.6	25.12
25.6	25.13
25.6	25.14
25.6	25.15
25.10	25.16
25.9	25.17
25.6	25.18
25.9	25.19
25.6	25.20
25.8	25.21
25.8	25.22
25.6	25.23
25.6	25.24
25.2	25.25
25.1	25.26
25.9	25.27
25.8	25.28
25.6	25.29
25.1	25.30
25.8	25.31
25.6	25.32
25.10	25.33
25.5	25.34
25.8	25.35
25.6	25.36
25.1	25.37
25.8	25.38
25.6	25.39
25.8	25.40
25.6	25.41
25.6	25.42
25.1	25.43
25.6	25.44
25.6	25.45
25.10	25.46
25.8	25.47
25.6	25.48
25.8	25.49
25.3	25.50
25.8	25.51
25.6	25.52
25.8	25.53
25.6	25.54
25.5	25.55
25.8	25.56
25.6	25.57
25.8	25.58
25.4	25.59
25.6	25.60
25.8	25.61
25.6	25.62
25.8	25.63
25.1	25.64
26.5	26.1
26.5	26.2
26.5	26.3
26.5	26.4
26.5	26.5
26.5	26.6
26.5	26.7
26.1	26.8
26.1	26.9
26.5	26.10
26.5	26.11
26.5	26.12
26.1	26.13
26.1	26.14
26.5	26.15
26.5	26.16
26.4	26.17
26.5	26.18
26.5	26.19
26.5	26.20
26.4	26.21
26.5	26.22
26.5	26.23
26.5	26.24
26.3	26.25
26.1	26.26
26.1	26.27
26.1	26.28
26.5	26.29
26.2	26.30
26.5	26.31
26.5	26.32
26.1	26.33
26.5	26.34
26.5	26.35
26.5	26.36
26.1	26.37
26.5	26.38
26.5	26.39
26.5	26.40
26.5	26.41
26.5	26.42
26.5	26.43
26.5	26.44
26.5	26.45
26.5	26.46
26.5	26.47
26.5	26.48
26.5	26.49
26.5	26.50
26.1	26.51
26.5	26.52
26.5	26.53
26.5	26.54
26.5	26.55
26.3	26.56
26.1	26.57
26.5	26.58
26.5	26.59
26.1	26.60
26.1	26.61
26.1	26.62
26.5	26.63
26.5	26.64
27.1	27.1
27.1	27.2
27.1	27.3
27.1	27.4
27.5	27.5
27.5	27.6
27.1	27.7
27.1	27.8
27.1	27.9
27.1	27.10
27.4	27.11
27.1	27.12
27.4	27.13
27.1	27.14
27.1	27.15
27.1	27.16
27.1	27.17
27.5	27.18
27.3	27.19
27.5	27.20
27.1	27.21
27.1	27.22
27.2	27.23
27.4	27.24
27.1	27.25
27.1	27.26
27.5	27.27
27.4	27.28
27.1	27.29
27.1	27.30
27.5	27.31
27.4	27.32
27.1	27.33
27.1	27.34
27.1	27.35
27.1	27.36
27.1	27.37
27.1	27.38
27.4	27.39
27.1	27.40
27.5	27.41
27.1	27.42
27.1	27.43
27.1	27.44
27.3	27.45
27.1	27.46
27.4	27.47
27.1	27.48
27.5	27.49
27.1	27.50
27.1	27.51
27.1	27.52
27.1	27.53
27.1	27.54
27.1	27.55
27.1	27.56
27.1	27.57
27.1	27.58
27.1	27.59
27.5	27.60
27.5	27.61
27.4	27.62
27.3	27.63
27.1	27.64
28.15	28.1
28.14	28.2
28.17	28.3
28.14	28.4
28.12	28.5
28.14	28.6
28.15	28.7
28.12	28.8
28.14	28.9
28.1	28.10
28.14	28.11
28.15	28.12
28.14	28.13
28.14	28.14
28.14	28.15
28.4	28.16
28.14	28.17
28.15	28.18
28.8	28.19
28.14	28.20
28.14	28.21
28.15	28.22
28.16	28.23
28.14	28.24
28.14	28.25
28.1	28.26
28.12	28.27
28.14	28.28
28.8	28.29
28.14	28.30
28.18	28.31
28.12	28.32
28.14	28.33
28.14	28.34
28.7	28.35
28.18	28.36
28.3	28.37
28.15	28.38
28.5	28.39
28.15	28.40
28.13	28.41
28.16	28.42
28.14	28.43
28.12	28.44
28.2	28.45
28.11	28.46
28.12	28.47
28.6	28.48
28.14	28.49
28.14	28.50
28.14	28.51
28.14	28.52
28.15	28.53
28.8	28.54
28.1	28.55
28.14	28.56
28.10	28.57
28.1	28.58
28.14	28.59
28.9	28.60
28.8	28.61
28.9	28.62
28.15	28.63
28.1	28.64
29.1	29.1
29.17	29.2
29.11	29.3
29.17	29.4
29.11	29.5
29.11	29.6
29.17	29.7
29.11	29.8
29.16	29.9
29.11	29.10
29.13	29.11
29.7	29.12
29.17	29.13
29.16	29.14
29.11	29.15
29.6	29.16
29.8	29.17
29.10	29.18
29.5	29.19
29.11	29.20
29.9	29.21
29.10	29.22
29.12	29.23
29.7	29.24
29.4	29.25
29.9	29.26
29.17	29.27
29.11	29.28
29.11	29.29
29.11	29.30
29.12	29.31
29.2	29.32
29.11	29.33
29.7	29.34
29.11	29.35
29.7	29.36
29.15	29.37
29.11	29.38
29.18	29.39
29.1	29.40
29.12	29.41
29.10	29.42
29.11	29.43
29.11	29.44
29.12	29.45
29.12	29.46
29.3	29.47
29.11	29.48
29.17	29.49
29.17	29.50
29.14	29.51
29.18	29.52
29.16	29.53
29.16	29.54
29.17	29.55
29.17	29.56
29.11	29.57
29.11	29.58
29.11	29.59
29.17	29.60
29.11	29.61
29.17	29.62
29.17	29.63
29.17	29.64
30.1	30.1
30.1	30.2
30.1	30.3
30.4	30.4
30.1	30.5
30.1	30.6
30.4	30.7
30.1	30.8
30.1	30.9
30.1	30.10
30.1	30.11
30.1	30.12
30.1	30.13
30.1	30.14
30.1	30.15
30.1	30.16
30.3	30.17
30.1	30.18
30.1	30.19
30.1	30.20
30.1	30.21
30.1	30.22
30.1	30.23
30.1	30.24
30.1	30.25
30.7	30.26
30.9	30.27
30.8	30.28
30.1	30.29
30.2	30.30
30.1	30.31
30.1	30.32
30.1	30.33
30.1	30.34
30.1	30.35
30.5	30.36
30.1	30.37
30.1	30.38
30.1	30.39
30.1	30.40
30.1	30.41
30.1	30.42
30.1	30.43
30.8	30.44
30.1	30.45
30.1	30.46
30.1	30.47
30.1	30.48
30.1	30.49
30.1	30.50
30.1	30.51
30.1	30.52
30.1	30.53
30.1	30.54
30.1	30.55
30.1	30.56
30.1	30.57
30.1	30.58
30.1	30.59
30.1	30.60
30.6	30.61
30.1	30.62
30.1	30.63
30.1	30.64
31.1	31.1
31.1	31.2
31.1	31.3
31.8	31.4
31.7	31.5
31.1	31.6
31.1	31.7
31.1	31.8
31.1	31.9
31.1	31.10
31.1	31.11
31.1	31.12
31.1	31.13
31.1	31.14
31.1	31.15
31.9	31.16
31.1	31.17
31.1	31.18
31.1	31.19
31.1	31.20
31.1	31.21
31.1	31.22
31.1	31.23
31.1	31.24
31.1	31.25
31.6	31.26
31.9	31.27
31.9	31.28
31.5	31.29
31.1	31.30
31.4	31.31
31.1	31.32
31.1	31.33
31.1	31.34
31.10	31.35
31.11	31.36
31.9	31.37
31.5	31.38
31.1	31.39
31.1	31.40
31.1	31.41
31.1	31.42
31.9	31.43
31.9	31.44
31.2	31.45
31.10	31.46
31.1	31.47
31.6	31.48
31.1	31.49
31.1	31.50
31.3	31.51
31.1	31.52
31.1	31.53
31.1	31.54
31.1	31.55
31.1	31.56
31.1	31.57
31.5	31.58
31.9	31.59
31.1	31.60
31.10	31.61
31.1	31.62
31.1	31.63
31.1	31.64
32.14	32.1
32.11	32.2
32.11	32.3
32.9	32.4
32.4	32.5
32.6	32.6
32.11	32.7
32.11	32.8
32.11	32.9
32.6	32.10
32.6	32.11
32.13	32.12
32.11	32.13
32.11	32.14
32.11	32.15
32.10	32.16
32.11	32.17
32.11	32.18
32.6	32.19
32.5	32.20
32.14	32.21
32.11	32.22
32.5	32.23
32.7	32.24
32.1	32.25
32.11	32.26
32.16	32.27
32.15	32.28
32.1	32.29
32.16	32.30
32.6	32.31
32.11	32.32
32.14	32.33
32.14	32.34
32.1	32.35
32.6	32.36
32.8	32.37
32.1	32.38
32.1	32.39
32.3	32.40
32.16	32.41
32.14	32.42
32.12	32.43
32.2	32.44
32.10	32.45
32.11	32.46
32.6	32.47
32.5	32.48
32.14	32.49
32.5	32.50
32.7	32.51
32.12	32.52
32.16	32.53
32.7	32.54
32.11	32.55
32.1	32.56
32.14	32.57
32.1	32.58
32.16	32.59
32.16	32.60
32.1	32.61
32.16	32.62
32.1	32.63
32.4	32.64
33.8	33.1
33.6	33.2
33.1	33.3
33.9	33.4
33.8	33.5
33.8	33.6
33.9	33.7
33.1	33.8
33.1	33.9
33.1	33.10
33.1	33.11
33.1	33.12
33.1	33.13
33.9	33.14
33.13	33.15
33.6	33.16
33.1	33.17
33.9	33.18
33.2	33.19
33.5	33.20
33.4	33.21
33.1	33.22
33.4	33.23
33.1	33.24
33.7	33.25
33.1	33.26
33.9	33.27
33.8	33.28
33.1	33.29
33.9	33.30
33.1	33.31
33.10	33.32
33.1	33.33
33.1	33.34
33.10	33.35
33.9	33.36
33.1	33.37
33.9	33.38
33.9	33.39
33.1	33.40
33.1	33.41
33.13	33.42
33.9	33.43
33.13	33.44
33.9	33.45
33.8	33.46
33.13	33.47
33.8	33.48
33.9	33.49
33.1	33.50
33.1	33.51
33.1	33.52
33.8	33.53
33.12	33.54
33.12	33.55
33.3	33.56
33.9	33.57
33.9	33.58
33.1	33.59
33.6	33.60
33.8	33.61
33.11	33.62
33.1	33.63
33.9	33.64
34.1	34.1
34.10	34.2
34.10	34.3
34.10	34.4
34.10	34.5
34.10	34.6
34.10	34.7
34.1	34.8
34.10	34.9
34.1	34.10
34.1	34.11
34.10	34.12
34.9	34.13
34.10	34.14
34.10	34.15
34.10	34.16
34.10	34.17
34.10	34.18
34.10	34.19
34.10	34.20
34.1	34.21
34.10	34.22
34.10	34.23
34.10	34.24
34.10	34.25
34.1	34.26
34.7	34.27
34.10	34.28
34.10	34.29
34.7	34.30
34.8	34.31
34.10	34.32
34.10	34.33
34.3	34.34
34.10	34.35
34.9	34.36
34.10	34.37
34.10	34.38
34.1	34.39
34.10	34.40
34.10	34.41
34.7	34.42
34.2	34.43
34.10	34.44
34.4	34.45
34.9	34.46
34.1	34.47
34.10	34.48
34.1	34.49
34.6	34.50
34.9	34.51
34.10	34.52
34.1	34.53
34.1	34.54
34.10	34.55
34.10	34.56
34.7	34.57
34.7	34.58
34.5	34.59
34.10	34.60
34.10	34.61
34.9	34.62
34.9	34.63
34.10	34.64
35.1	35.1
35.1	35.2
35.1	35.3
35.1	35.4
35.1	35.5
35.4	35.6
35.1	35.7
35.1	35.8
35.1	35.9
35.1	35.10
35.1	35.11
35.3	35.12
35.1	35.13
35.1	35.14
35.1	35.15
35.1	35.16
35.1	35.17
35.1	35.18
35.1	35.19
35.1	35.20
35.1	35.21
35.1	35.22
35.1	35.23
35.1	35.24
35.1	35.25
35.1	35.26
35.1	35.27
35.1	35.28
35.1	35.29
35.1	35.30
35.1	35.31
35.1	35.32
35.1	35.33
35.1	35.34
35.1	35.35
35.1	35.36
35.1	35.37
35.1	35.38
35.1	35.39
35.1	35.40
35.1	35.41
35.1	35.42
35.1	35.43
35.1	35.44
35.1	35.45
35.1	35.46
35.1	35.47
35.1	35.48
35.2	35.49
35.1	35.50
35.1	35.51
35.1	35.52
35.1	35.53
35.1	35.54
35.1	35.55
35.1	35.56
35.1	35.57
35.1	35.58
35.1	35.59
35.1	35.60
35.1	35.61
35.1	35.62
35.1	35.63
35.1	35.64
36.8	36.1
36.1	36.2
36.7	36.3
36.10	36.4
36.7	36.5
36.1	36.6
36.1	36.7
36.1	36.8
36.1	36.9
36.1	36.10
36.1	36.11
36.9	36.12
36.8	36.13
36.1	36.14
36.1	36.15
36.1	36.16
36.3	36.17
36.1	36.18
36.1	36.19
36.1	36.20
36.1	36.21
36.1	36.22
36.4	36.23
36.1	36.24
36.1	36.25
36.1	36.26
36.1	36.27
36.1	36.28
36.1	36.29
36.1	36.30
36.1	36.31
36.1	36.32
36.1	36.33
36.1	36.34
36.1	36.35
36.1	36.36
36.6	36.37
36.9	36.38
36.1	36.39
36.5	36.40
36.1	36.41
36.1	36.42
36.1	36.43
36.4	36.44
36.1	36.45
36.8	36.46
36.1	36.47
36.1	36.48
36.1	36.49
36.1	36.50
36.1	36.51
36.1	36.52
36.1	36.53
36.2	36.54
36.1	36.55
36.1	36.56
36.9	36.57
36.1	36.58
36.1	36.59
36.8	36.60
36.1	36.61
36.1	36.62
36.1	36.63
36.8	36.64
37.3	37.1
37.3	37.2
37.3	37.3
37.3	37.4
37.3	37.5
37.3	37.6
37.3	37.7
37.3	37.8
37.3	37.9
37.3	37.10
37.3	37.11
37.3	37.12
37.3	37.13
37.3	37.14
37.3	37.15
37.2	37.16
37.3	37.17
37.3	37.18
37.3	37.19
37.3	37.20
37.3	37.21
37.3	37.22
37.3	37.23
37.3	37.24
37.3	37.25
37.3	37.26
37.3	37.27
37.3	37.28
37.3	37.29
37.3	37.30
37.1	37.31
37.3	37.32
37.3	37.33
37.3	37.34
37.3	37.35
37.3	37.36
37.3	37.37
37.3	37.38
37.3	37.39
37.3	37.40
37.3	37.41
37.3	37.42
37.3	37.43
37.3	37.44
37.3	37.45
37.3	37.46
37.3	37.47
37.3	37.48
37.3	37.49
37.3	37.50
37.1	37.51
37.3	37.52
37.3	37.53
37.3	37.54
37.3	37.55
37.3	37.56
37.3	37.57
37.3	37.58
37.3	37.59
37.3	37.60
37.3	37.61
37.3	37.62
37.3	37.63
37.4	37.64
38.1	38.1
38.10	38.2
38.10	38.3
38.10	38.4
38.10	38.5
38.10	38.6
38.10	38.7
38.1	38.8
38.10	38.9
38.10	38.10
38.10	38.11
38.2	38.12
38.8	38.13
38.5	38.14
38.10	38.15
38.10	38.16
38.1	38.17
38.10	38.18
38.10	38.19
38.10	38.20
38.10	38.21
38.6	38.22
38.10	38.23
38.1	38.24
38.10	38.25
38.1	38.26
38.9	38.27
38.10	38.28
38.1	38.29
38.10	38.30
38.10	38.31
38.1	38.32
38.1	38.33
38.9	38.34
38.10	38.35
38.10	38.36
38.8	38.37
38.10	38.38
38.1	38.39
38.10	38.40
38.9	38.41
38.10	38.42
38.10	38.43
38.7	38.44
38.10	38.45
38.3	38.46
38.10	38.47
38.1	38.48
38.10	38.49
38.10	38.50
38.5	38.51
38.10	38.52
38.10	38.53
38.1	38.54
38.4	38.55
38.10	38.56
38.10	38.57
38.10	38.58
38.9	38.59
38.10	38.60
38.10	38.61
38.1	38.62
38.10	38.63
38.10	38.64
39.1	39.1
39.1	39.2
39.1	39.3
39.1	39.4
39.1	39.5
39.1	39.6
39.1	39.7
39.1	39.8
39.1	39.9
39.1	39.10
39.2	39.11
39.1	39.12
39.1	39.13
39.3	39.14
39.1	39.15
39.1	39.16
39.1	39.17
39.1	39.18
39.1	39.19
39.1	39.20
39.1	39.21
39.1	39.22
39.1	39.23
39.4	39.24
39.1	39.25
39.1	39.26
39.1	39.27
39.1	39.28
39.1	39.29
39.1	39.30
39.1	39.31
39.1	39.32
39.1	39.33
39.1	39.34
39.1	39.35
39.1	39.36
39.1	39.37
39.1	39.38
39.1	39.39
39.1	39.40
39.1	39.41
39.1	39.42
39.1	39.43
39.1	39.44
39.1	39.45
39.1	39.46
39.1	39.47
39.1	39.48
39.1	39.49
39.1	39.50
39.1	39.51
39.1	39.52
39.1	39.53
39.1	39.54
39.1	39.55
39.1	39.56
39.1	39.57
39.1	39.58
39.1	39.59
39.1	39.60
39.1	39.61
39.1	39.62
39.1	39.63
39.1	39.64
40.1	40.1
40.1	40.2
40.1	40.3
40.7	40.4
40.1	40.5
40.1	40.6
40.1	40.7
40.1	40.8
40.1	40.9
40.1	40.10
40.1	40.11
40.1	40.12
40.1	40.13
40.1	40.14
40.1	40.15
40.1	40.16
40.1	40.17
40.6	40.18
40.3	40.19
40.4	40.20
40.1	40.21
40.1	40.22
40.1	40.23
40.1	40.24
40.7	40.25
40.7	40.26
40.4	40.27
40.1	40.28
40.1	40.29
40.5	40.30
40.1	40.31
40.1	40.32
40.1	40.33
40.7	40.34
40.1	40.35
40.1	40.36
40.7	40.37
40.1	40.38
40.1	40.39
40.1	40.40
40.1	40.41
40.1	40.42
40.2	40.43
40.1	40.44
40.1	40.45
40.1	40.46
40.1	40.47
40.4	40.48
40.3	40.49
40.1	40.50
40.1	40.51
40.1	40.52
40.1	40.53
40.1	40.54
40.1	40.55
40.1	40.56
40.1	40.57
40.7	40.58
40.1	40.59
40.7	40.60
40.7	40.61
40.4	40.62
40.4	40.63
40.1	40.64
41.1	41.1
41.1	41.2
41.1	41.3
41.1	41.4
41.1	41.5
41.5	41.6
41.1	41.7
41.1	41.8
41.3	41.9
41.1	41.10
41.1	41.11
41.1	41.12
41.1	41.13
41.1	41.14
41.1	41.15
41.1	41.16
41.1	41.17
41.7	41.18
41.11	41.19
41.11	41.20
41.11	41.21
41.1	41.22
41.1	41.23
41.1	41.24
41.7	41.25
41.1	41.26
41.1	41.27
41.1	41.28
41.1	41.29
41.1	41.30
41.11	41.31
41.1	41.32
41.6	41.33
41.11	41.34
41.1	41.35
41.11	41.36
41.1	41.37
41.1	41.38
41.1	41.39
41.4	41.40
41.9	41.41
41.1	41.42
41.1	41.43
41.1	41.44
41.10	41.45
41.1	41.46
41.11	41.47
41.1	41.48
41.2	41.49
41.1	41.50
41.1	41.51
41.1	41.52
41.1	41.53
41.1	41.54
41.5	41.55
41.11	41.56
41.1	41.57
41.1	41.58
41.1	41.59
41.1	41.60
41.5	41.61
41.1	41.62
41.8	41.63
41.1	41.64
42.17	42.1
42.3	42.2
42.3	42.3
42.17	42.4
42.11	42.5
42.13	42.6
42.11	42.7
42.7	42.8
42.7	42.9
42.8	42.10
42.3	42.11
42.11	42.12
42.3	42.13
42.13	42.14
42.3	42.15
42.8	42.16
42.10	42.17
42.16	42.18
42.13	42.19
42.17	42.20
42.11	42.21
42.15	42.22
42.17	42.23
42.11	42.24
42.3	42.25
42.7	42.26
42.11	42.27
42.7	42.28
42.16	42.29
42.17	42.30
42.7	42.31
42.7	42.32
42.3	42.33
42.11	42.34
42.8	42.35
42.17	42.36
42.1	42.37
42.17	42.38
42.3	42.39
42.6	42.40
42.3	42.41
42.17	42.42
42.1	42.43
42.11	42.44
42.7	42.45
42.17	42.46
42.17	42.47
42.12	42.48
42.16	42.49
42.14	42.50
42.9	42.51
42.7	42.52
42.5	42.53
42.5	42.54
42.2	42.55
42.17	42.56
42.4	42.57
42.7	42.58
42.11	42.59
42.3	42.60
42.7	42.61
42.11	42.62
42.3	42.63
42.17	42.64
43.1	43.1
43.13	43.2
43.13	43.3
43.13	43.4
43.13	43.5
43.8	43.6
43.13	43.7
43.2	43.8
43.1	43.9
43.1	43.10
43.6	43.11
43.11	43.12
43.12	43.13
43.7	43.14
43.13	43.15
43.13	43.16
43.10	43.17
43.13	43.18
43.13	43.19
43.12	43.20
43.13	43.21
43.13	43.22
43.13	43.23
43.13	43.24
43.10	43.25
43.13	43.26
43.1	43.27
43.13	43.28
43.13	43.29
43.1	43.30
43.13	43.31
43.1	43.32
43.1	43.33
43.11	43.34
43.12	43.35
43.9	43.36
43.13	43.37
43.10	43.38
43.10	43.39
43.1	43.40
43.13	43.41
43.13	43.42
43.10	43.43
43.5	43.44
43.10	43.45
43.3	43.46
43.1	43.47
43.10	43.48
43.13	43.49
43.4	43.50
43.8	43.51
43.1	43.52
43.1	43.53
43.1	43.54
43.12	43.55
43.13	43.56
43.10	43.57
43.13	43.58
43.1	43.59
43.13	43.60
43.1	43.61
43.1	43.62
43.1	43.63
43.1	43.64
44.6	44.1
44.6	44.2
44.6	44.3
44.6	44.4
44.4	44.5
44.6	44.6
44.6	44.7
44.5	44.8
44.4	44.9
44.6	44.10
44.6	44.11
44.6	44.12
44.6	44.13
44.4	44.14
44.6	44.15
44.6	44.16
44.3	44.17
44.6	44.18
44.6	44.19
44.6	44.20
44.6	44.21
44.6	44.22
44.6	44.23
44.6	44.24
44.6	44.25
44.6	44.26
44.6	44.27
44.6	44.28
44.6	44.29
44.6	44.30
44.4	44.31
44.4	44.32
44.6	44.33
44.6	44.34
44.6	44.35
44.6	44.36
44.6	44.37
44.6	44.38
44.6	44.39
44.4	44.40
44.6	44.41
44.6	44.42
44.6	44.43
44.6	44.44
44.6	44.45
44.2	44.46
44.6	44.47
44.6	44.48
44.4	44.49
44.1	44.50
44.1	44.51
44.6	44.52
44.4	44.53
44.6	44.54
44.1	44.55
44.4	44.56
44.4	44.57
44.1	44.58
44.4	44.59
44.6	44.60
44.4	44.61
44.6	44.62
44.4	44.63
44.4	44.64
45.1	45.1
45.1	45.2
45.8	45.3
45.1	45.4
45.1	45.5
45.1	45.6
45.1	45.7
45.1	45.8
45.5	45.9
45.8	45.10
45.1	45.11
45.8	45.12
45.1	45.13
45.1	45.14
45.1	45.15
45.1	45.16
45.8	45.17
45.1	45.18
45.1	45.19
45.6	45.20
45.1	45.21
45.3	45.22
45.1	45.23
45.1	45.24
45.1	45.25
45.4	45.26
45.1	45.27
45.1	45.28
45.1	45.29
45.1	45.30
45.1	45.31
45.1	45.32
45.7	45.33
45.1	45.34
45.5	45.35
45.1	45.36
45.9	45.37
45.1	45.38
45.6	45.39
45.1	45.40
45.1	45.41
45.1	45.42
45.1	45.43
45.1	45.44
45.1	45.45
45.1	45.46
45.1	45.47
45.6	45.48
45.1	45.49
45.1	45.50
45.1	45.51
45.1	45.52
45.1	45.53
45.1	45.54
45.1	45.55
45.2	45.56
45.1	45.57
45.1	45.58
45.1	45.59
45.1	45.60
45.1	45.61
45.1	45.62
45.6	45.63
45.1	45.64
46.1	46.1
46.1	46.2
46.5	46.3
46.1	46.4
46.1	46.5
46.1	46.6
46.1	46.7
46.1	46.8
46.1	46.9
46.1	46.10
46.5	46.11
46.5	46.12
46.1	46.13
46.1	46.14
46.1	46.15
46.1	46.16
46.5	46.17
46.5	46.18
46.1	46.19
46.5	46.20
46.5	46.21
46.1	46.22
46.1	46.23
46.7	46.24
46.5	46.25
46.6	46.26
46.1	46.27
46.1	46.28
46.1	46.29
46.1	46.30
46.1	46.31
46.1	46.32
46.1	46.33
46.5	46.34
46.1	46.35
46.1	46.36
46.1	46.37
46.1	46.38
46.1	46.39
46.1	46.40
46.5	46.41
46.2	46.42
46.5	46.43
46.1	46.44
46.1	46.45
46.7	46.46
46.1	46.47
46.1	46.48
46.1	46.49
46.1	46.50
46.4	46.51
46.5	46.52
46.1	46.53
46.3	46.54
46.5	46.55
46.1	46.56
46.5	46.57
46.1	46.58
46.7	46.59
46.1	46.60
46.7	46.61
46.1	46.62
46.1	46.63
46.1	46.64
47.1	47.1
47.4	47.2
47.1	47.3
47.1	47.4
47.1	47.5
47.1	47.6
47.1	47.7
47.1	47.8
47.4	47.9
47.1	47.10
47.1	47.11
47.1	47.12
47.1	47.13
47.1	47.14
47.1	47.15
47.1	47.16
47.4	47.17
47.1	47.18
47.1	47.19
47.4	47.20
47.1	47.21
47.1	47.22
47.1	47.23
47.1	47.24
47.1	47.25
47.4	47.26
47.1	47.27
47.1	47.28
47.1	47.29
47.1	47.30
47.1	47.31
47.1	47.32
47.1	47.33
47.4	47.34
47.1	47.35
47.1	47.36
47.1	47.37
47.1	47.38
47.1	47.39
47.1	47.40
47.1	47.41
47.1	47.42
47.3	47.43
47.1	47.44
47.1	47.45
47.1	47.46
47.1	47.47
47.1	47.48
47.1	47.49
47.1	47.50
47.1	47.51
47.3	47.52
47.1	47.53
47.4	47.54
47.4	47.55
47.1	47.56
47.1	47.57
47.1	47.58
47.1	47.59
47.2	47.60
47.4	47.61
47.1	47.62
47.1	47.63
47.1	47.64
48.6	48.1
48.5	48.2
48.6	48.3
48.5	48.4
48.5	48.5
48.1	48.6
48.5	48.7
48.5	48.8
48.1	48.9
48.1	48.10
48.4	48.11
48.6	48.12
48.6	48.13
48.7	48.14
48.5	48.15
48.5	48.16
48.1	48.17
48.4	48.18
48.5	48.19
48.1	48.20
48.5	48.21
48.1	48.22
48.1	48.23
48.1	48.24
48.1	48.25
48.1	48.26
48.1	48.27
48.5	48.28
48.5	48.29
48.2	48.30
48.6	48.31
48.5	48.32
48.7	48.33
48.6	48.34
48.5	48.35
48.5	48.36
48.1	48.37
48.7	48.38
48.5	48.39
48.1	48.40
48.1	48.41
48.6	48.42
48.5	48.43
48.5	48.44
48.6	48.45
48.7	48.46
48.1	48.47
48.7	48.48
48.7	48.49
48.3	48.50
48.5	48.51
48.1	48.52
48.5	48.53
48.6	48.54
48.6	48.55
48.6	48.56
48.5	48.57
48.5	48.58
48.5	48.59
48.5	48.60
48.6	48.61
48.6	48.62
48.5	48.63
48.1	48.64
49.4	49.1
49.15	49.2
49.13	49.3
49.13	49.4
49.12	49.5
49.13	49.6
49.16	49.7
49.13	49.8
49.14	49.9
49.14	49.10
49.1	49.11
49.4	49.12
49.13	49.13
49.2	49.14
49.14	49.15
49.16	49.16
49.11	49.17
49.5	49.18
49.14	49.19
49.13	49.20
49.15	49.21
49.10	49.22
49.4	49.23
49.13	49.24
49.4	49.25
49.14	49.26
49.4	49.27
49.4	49.28
49.15	49.29
49.15	49.30
49.4	49.31
49.15	49.32
49.16	49.33
49.4	49.34
49.15	49.35
49.15	49.36
49.15	49.37
49.15	49.38
49.4	49.39
49.14	49.40
49.9	49.41
49.7	49.42
49.15	49.43
49.13	49.44
49.15	49.45
49.12	49.46
49.4	49.47
49.4	49.48
49.11	49.49
49.4	49.50
49.3	49.51
49.13	49.52
49.15	49.53
49.5	49.54
49.4	49.55
49.13	49.56
49.8	49.57
49.7	49.58
49.4	49.59
49.4	49.60
49.13	49.61
49.10	49.62
49.9	49.63
49.6	49.64
50.7	50.1
50.7	50.2
50.1	50.3
50.7	50.4
50.1	50.5
50.7	50.6
50.7	50.7
50.7	50.8
50.7	50.9
50.7	50.10
50.1	50.11
50.1	50.12
50.7	50.13
50.7	50.14
50.7	50.15
50.1	50.16
50.1	50.17
50.1	50.18
50.7	50.19
50.1	50.20
50.7	50.21
50.1	50.22
50.1	50.23
50.7	50.24
50.7	50.25
50.1	50.26
50.1	50.27
50.7	50.28
50.7	50.29
50.2	50.30
50.1	50.31
50.7	50.32
50.1	50.33
50.1	50.34
50.7	50.35
50.7	50.36
50.7	50.37
50.7	50.38
50.4	50.39
50.7	50.40
50.7	50.41
50.5	50.42
50.6	50.43
50.1	50.44
50.7	50.45
50.7	50.46
50.7	50.47
50.5	50.48
50.1	50.49
50.7	50.50
50.5	50.51
50.7	50.52
50.1	50.53
50.1	50.54
50.7	50.55
50.7	50.56
50.1	50.57
50.3	50.58
50.7	50.59
50.7	50.60
50.5	50.61
50.7	50.62
50.7	50.63
50.7	50.64
51.1	51.1
51.3	51.2
51.3	51.3
51.3	51.4
51.1	51.5
51.3	51.6
51.3	51.7
51.1	51.8
51.3	51.9
51.3	51.10
51.3	51.11
51.5	51.12
51.3	51.13
51.1	51.14
51.1	51.15
51.3	51.16
51.3	51.17
51.3	51.18
51.3	51.19
51.3	51.20
51.4	51.21
51.3	51.22
51.5	51.23
51.3	51.24
51.5	51.25
51.3	51.26
51.3	51.27
51.5	51.28
51.1	51.29
51.5	51.30
51.3	51.31
51.3	51.32
51.3	51.33
51.2	51.34
51.3	51.35
51.3	51.36
51.1	51.37
51.3	51.38
51.3	51.39
51.3	51.40
51.3	51.41
51.3	51.42
51.3	51.43
51.3	51.44
51.5	51.45
51.3	51.46
51.1	51.47
51.3	51.48
51.3	51.49
51.3	51.50
51.1	51.51
51.5	51.52
51.3	51.53
51.3	51.54
51.3	51.55
51.3	51.56
51.3	51.57
51.5	51.58
51.3	51.59
51.3	51.60
51.3	51.61
51.3	51.62
51.1	51.63
51.3	51.64
52.1	52.1
52.1	52.2
52.1	52.3
52.1	52.4
52.1	52.5
52.1	52.6
52.6	52.7
52.1	52.8
52.1	52.9
52.5	52.10
52.1	52.11
52.1	52.12
52.1	52.13
52.1	52.14
52.1	52.15
52.1	52.16
52.1	52.17
52.1	52.18
52.1	52.19
52.1	52.20
52.1	52.21
52.1	52.22
52.6	52.23
52.1	52.24
52.1	52.25
52.1	52.26
52.1	52.27
52.1	52.28
52.1	52.29
52.1	52.30
52.1	52.31
52.6	52.32
52.1	52.33
52.1	52.34
52.1	52.35
52.1	52.36
52.1	52.37
52.6	52.38
52.1	52.39
52.1	52.40
52.1	52.41
52.6	52.42
52.1	52.43
52.1	52.44
52.1	52.45
52.1	52.46
52.3	52.47
52.1	52.48
52.1	52.49
52.1	52.50
52.6	52.51
52.1	52.52
52.2	52.53
52.5	52.54
52.1	52.55
52.1	52.56
52.4	52.57
52.5	52.58
52.1	52.59
52.1	52.60
52.1	52.61
52.6	52.62
52.1	52.63
52.1	52.64
53.17	53.1
53.1	53.2
53.19	53.3
53.1	53.4
53.9	53.5
53.19	53.6
53.8	53.7
53.12	53.8
53.1	53.9
53.9	53.10
53.1	53.11
53.9	53.12
53.9	53.13
53.15	53.14
53.20	53.15
53.1	53.16
53.13	53.17
53.6	53.18
53.16	53.19
53.13	53.20
53.1	53.21
53.19	53.22
53.19	53.23
53.3	53.24
53.18	53.25
53.13	53.26
53.13	53.27
53.10	53.28
53.8	53.29
53.14	53.30
53.5	53.31
53.1	53.32
53.11	53.33
53.1	53.34
53.18	53.35
53.18	53.36
53.1	53.37
53.14	53.38
53.7	53.39
53.9	53.40
53.16	53.41
53.1	53.42
53.4	53.43
53.1	53.44
53.6	53.45
53.13	53.46
53.19	53.47
53.8	53.48
53.1	53.49
53.16	53.50
53.1	53.51
53.2	53.52
53.9	53.53
53.14	53.54
53.13	53.55
53.1	53.56
53.15	53.57
53.17	53.58
53.13	53.59
53.1	53.60
53.13	53.61
53.1	53.62
53.13	53.63
53.9	53.64
54.4	54.1
54.4	54.2
54.4	54.3
54.4	54.4
54.4	54.5
54.4	54.6
54.4	54.7
54.4	54.8
54.4	54.9
54.4	54.10
54.9	54.11
54.4	54.12
54.4	54.13
54.4	54.14
54.4	54.15
54.4	54.16
54.4	54.17
54.8	54.18
54.4	54.19
54.4	54.20
54.4	54.21
54.9	54.22
54.4	54.23
54.2	54.24
54.5	54.25
54.5	54.26
54.9	54.27
54.4	54.28
54.4	54.29
54.4	54.30
54.4	54.31
54.8	54.32
54.9	54.33
54.9	54.34
54.4	54.35
54.8	54.36
54.9	54.37
54.4	54.38
54.4	54.39
54.4	54.40
54.6	54.41
54.4	54.42
54.4	54.43
54.3	54.44
54.4	54.45
54.9	54.46
54.9	54.47
54.7	54.48
54.4	54.49
54.9	54.50
54.4	54.51
54.9	54.52
54.4	54.53
54.6	54.54
54.9	54.55
54.4	54.56
54.9	54.57
54.4	54.58
54.1	54.59
54.10	54.60
54.4	54.61
54.4	54.62
54.4	54.63
54.4	54.64
55.5	55.1
55.5	55.2
55.6	55.3
55.5	55.4
55.5	55.5
55.1	55.6
55.5	55.7
55.5	55.8
55.6	55.9
55.5	55.10
55.5	55.11
55.1	55.12
55.5	55.13
55.4	55.14
55.5	55.15
55.5	55.16
55.1	55.17
55.5	55.18
55.1	55.19
55.3	55.20
55.5	55.21
55.1	55.22
55.2	55.23
55.5	55.24
55.5	55.25
55.5	55.26
55.5	55.27
55.5	55.28
55.5	55.29
55.5	55.30
55.1	55.31
55.5	55.32
55.5	55.33
55.5	55.34
55.5	55.35
55.5	55.36
55.5	55.37
55.6	55.38
55.5	55.39
55.5	55.40
55.3	55.41
55.5	55.42
55.5	55.43
55.5	55.44
55.5	55.45
55.5	55.46
55.5	55.47
55.1	55.48
55.1	55.49
55.5	55.50
55.5	55.51
55.5	55.52
55.5	55.53
55.5	55.54
55.5	55.55
55.5	55.56
55.4	55.57
55.5	55.58
55.5	55.59
55.1	55.60
55.1	55.61
55.5	55.62
55.5	55.63
55.5	55.64
56.13	56.1
56.13	56.2
56.13	56.3
56.1	56.4
56.3	56.5
56.2	56.6
56.6	56.7
56.1	56.8
56.1	56.9
56.13	56.10
56.1	56.11
56.13	56.12
56.1	56.13
56.1	56.14
56.10	56.15
56.1	56.16
56.13	56.17
56.1	56.18
56.7	56.19
56.1	56.20
56.1	56.21
56.3	56.22
56.1	56.23
56.1	56.24
56.1	56.25
56.1	56.26
56.11	56.27
56.1	56.28
56.13	56.29
56.13	56.30
56.3	56.31
56.7	56.32
56.13	56.33
56.13	56.34
56.11	56.35
56.1	56.36
56.1	56.37
56.10	56.38
56.11	56.39
56.1	56.40
56.7	56.41
56.1	56.42
56.13	56.43
56.11	56.44
56.13	56.45
56.1	56.46
56.13	56.47
56.1	56.48
56.7	56.49
56.11	56.50
56.13	56.51
56.1	56.52
56.9	56.53
56.6	56.54
56.8	56.55
56.1	56.56
56.11	56.57
56.5	56.58
56.12	56.59
56.4	56.60
56.1	56.61
56.13	56.62
56.13	56.63
56.13	56.64
57.1	57.1
57.1	57.2
57.1	57.3
57.1	57.4
57.1	57.5
57.1	57.6
57.1	57.7
57.1	57.8
57.1	57.9
57.1	57.10
57.1	57.11
57.1	57.12
57.1	57.13
57.1	57.14
57.7	57.15
57.1	57.16
57.1	57.17
57.1	57.18
57.1	57.19
57.7	57.20
57.1	57.21
57.4	57.22
57.1	57.23
57.1	57.24
57.1	57.25
57.7	57.26
57.1	57.27
57.1	57.28
57.2	57.29
57.1	57.30
57.1	57.31
57.1	57.32
57.1	57.33
57.1	57.34
57.7	57.35
57.1	57.36
57.3	57.37
57.1	57.38
57.1	57.39
57.7	57.40
57.7	57.41
57.7	57.42
57.1	57.43
57.1	57.44
57.1	57.45
57.1	57.46
57.6	57.47
57.1	57.48
57.6	57.49
57.1	57.50
57.1	57.51
57.7	57.52
57.7	57.53
57.7	57.54
57.1	57.55
57.1	57.56
57.5	57.57
57.7	57.58
57.1	57.59
57.7	57.60
57.3	57.61
57.1	57.62
57.1	57.63
57.7	57.64
58.8	58.1
58.1	58.2
58.5	58.3
58.1	58.4
58.1	58.5
58.1	58.6
58.1	58.7
58.1	58.8
58.6	58.9
58.1	58.10
58.1	58.11
58.1	58.12
58.1	58.13
58.9	58.14
58.1	58.15
58.5	58.16
58.1	58.17
58.1	58.18
58.4	58.19
58.7	58.20
58.1	58.21
58.7	58.22
58.1	58.23
58.1	58.24
58.5	58.25
58.6	58.26
58.1	58.27
58.1	58.28
58.1	58.29
58.8	58.30
58.6	58.31
58.1	58.32
58.1	58.33
58.1	58.34
58.8	58.35
58.6	58.36
58.8	58.37
58.6	58.38
58.6	58.39
58.1	58.40
58.8	58.41
58.1	58.42
58.4	58.43
58.7	58.44
58.1	58.45
58.7	58.46
58.1	58.47
58.1	58.48
58.6	58.49
58.8	58.50
58.4	58.51
58.7	58.52
58.1	58.53
58.3	58.54
58.6	58.55
58.8	58.56
58.1	58.57
58.1	58.58
58.6	58.59
58.5	58.60
58.6	58.61
58.1	58.62
58.1	58.63
58.2	58.64
59.13	59.1
59.13	59.2
59.15	59.3
59.16	59.4
59.11	59.5
59.1	59.6
59.9	59.7
59.14	59.8
59.1	59.9
59.9	59.10
59.16	59.11
59.13	59.12
59.9	59.13
59.16	59.14
59.16	59.15
59.11	59.16
59.15	59.17
59.1	59.18
59.16	59.19
59.4	59.20
59.16	59.21
59.16	59.22
59.13	59.23
59.8	59.24
59.1	59.25
59.13	59.26
59.1	59.27
59.17	59.28
59.13	59.29
59.16	59.30
59.13	59.31
59.6	59.32
59.13	59.33
59.7	59.34
59.9	59.35
59.11	59.36
59.5	59.37
59.3	59.38
59.1	59.39
59.13	59.40
59.12	59.41
59.9	59.42
59.13	59.43
59.13	59.44
59.14	59.45
59.14	59.46
59.11	59.47
59.16	59.48
59.11	59.49
59.13	59.50
59.16	59.51
59.14	59.52
59.10	59.53
59.16	59.54
59.16	59.55
59.14	59.56
59.9	59.57
59.18	59.58
59.16	59.59
59.4	59.60
59.4	59.61
59.16	59.62
59.2	59.63
59.1	59.64
60.1	60.1
60.1	60.2
60.1	60.3
60.1	60.4
60.1	60.5
60.1	60.6
60.12	60.7
60.1	60.8
60.15	60.9
60.1	60.10
60.1	60.11
60.1	60.12
60.1	60.13
60.15	60.14
60.1	60.15
60.15	60.16
60.3	60.17
60.1	60.18
60.7	60.19
60.15	60.20
60.1	60.21
60.1	60.22
60.1	60.23
60.15	60.24
60.15	60.25
60.15	60.26
60.1	60.27
60.18	60.28
60.1	60.29
60.4	60.30
60.1	60.31
60.12	60.32
60.7	60.33
60.1	60.34
60.1	60.35
60.2	60.36
60.10	60.37
60.1	60.38
60.6	60.39
60.7	60.40
60.1	60.41
60.9	60.42
60.1	60.43
60.15	60.44
60.8	60.45
60.1	60.46
60.15	60.47
60.1	60.48
60.16	60.49
60.15	60.50
60.1	60.51
60.1	60.52
60.9	60.53
60.15	60.54
60.1	60.55
60.1	60.56
60.1	60.57
60.5	60.58
60.14	60.59
60.1	60.60
60.13	60.61
60.11	60.62
60.17	60.63
60.18	60.64
61.3	61.1
61.11	61.2
61.5	61.3
61.3	61.4
61.6	61.5
61.5	61.6
61.8	61.7
61.8	61.8
61.11	61.9
61.7	61.10
61.3	61.11
61.6	61.12
61.3	61.13
61.6	61.14
61.3	61.15
61.6	61.16
61.5	61.17
61.8	61.18
61.8	61.19
61.6	61.20
61.7	61.21
61.11	61.22
61.8	61.23
61.4	61.24
61.6	61.25
61.11	61.26
61.3	61.27
61.5	61.28
61.12	61.29
61.9	61.30
61.8	61.31
61.8	61.32
61.8	61.33
61.3	61.34
61.9	61.35
61.8	61.36
61.3	61.37
61.11	61.38
61.8	61.39
61.8	61.40
61.8	61.41
61.3	61.42
61.2	61.43
61.1	61.44
61.8	61.45
61.6	61.46
61.3	61.47
61.10	61.48
61.3	61.49
61.11	61.50
61.6	61.51
61.8	61.52
61.11	61.53
61.8	61.54
61.8	61.55
61.3	61.56
61.3	61.57
61.3	61.58
61.3	61.59
61.3	61.60
61.8	61.61
61.8	61.62
61.3	61.63
61.12	61.64
62.7	62.1
62.7	62.2
62.7	62.3
62.7	62.4
62.1	62.5
62.7	62.6
62.5	62.7
62.1	62.8
62.1	62.9
62.7	62.10
62.7	62.11
62.7	62.12
62.5	62.13
62.1	62.14
62.1	62.15
62.8	62.16
62.7	62.17
62.7	62.18
62.1	62.19
62.7	62.20
62.1	62.21
62.7	62.22
62.2	62.23
62.8	62.24
62.8	62.25
62.1	62.26
62.7	62.27
62.1	62.28
62.1	62.29
62.1	62.30
62.3	62.31
62.8	62.32
62.1	62.33
62.1	62.34
62.8	62.35
62.4	62.36
62.7	62.37
62.8	62.38
62.7	62.39
62.1	62.40
62.7	62.41
62.1	62.42
62.8	62.43
62.7	62.44
62.7	62.45
62.7	62.46
62.7	62.47
62.6	62.48
62.8	62.49
62.7	62.50
62.1	62.51
62.1	62.52
62.3	62.53
62.1	62.54
62.7	62.55
62.8	62.56
62.7	62.57
62.8	62.58
62.8	62.59
62.7	62.60
62.7	62.61
62.1	62.62
62.7	62.63
62.1	62.64
63.2	63.1
63.2	63.2
63.2	63.3
63.2	63.4
63.2	63.5
63.2	63.6
63.2	63.7
63.2	63.8
63.2	63.9
63.2	63.10
63.2	63.11
63.2	63.12
63.2	63.13
63.2	63.14
63.2	63.15
63.2	63.16
63.2	63.17
63.2	63.18
63.2	63.19
63.2	63.20
63.2	63.21
63.2	63.22
63.2	63.23
63.2	63.24
63.2	63.25
63.2	63.26
63.2	63.27
63.2	63.28
63.2	63.29
63.2	63.30
63.2	63.31
63.2	63.32
63.2	63.33
63.2	63.34
63.2	63.35
63.2	63.36
63.2	63.37
63.2	63.38
63.2	63.39
63.2	63.40
63.2	63.41
63.2	63.42
63.3	63.43
63.2	63.44
63.2	63.45
63.2	63.46
63.2	63.47
63.2	63.48
63.2	63.49
63.2	63.50
63.1	63.51
63.2	63.52
63.2	63.53
63.2	63.54
63.2	63.55
63.2	63.56
63.2	63.57
63.2	63.58
63.2	63.59
63.2	63.60
63.2	63.61
63.2	63.62
63.2	63.63
63.2	63.64
64.4	64.1
64.4	64.2
64.5	64.3
64.4	64.4
64.1	64.5
64.6	64.6
64.5	64.7
64.5	64.8
64.1	64.9
64.1	64.10
64.3	64.11
64.5	64.12
64.1	64.13
64.5	64.14
64.5	64.15
64.5	64.16
64.5	64.17
64.5	64.18
64.5	64.19
64.5	64.20
64.5	64.21
64.5	64.22
64.5	64.23
64.1	64.24
64.4	64.25
64.1	64.26
64.1	64.27
64.4	64.28
64.2	64.29
64.5	64.30
64.5	64.31
64.5	64.32
64.5	64.33
64.5	64.34
64.4	64.35
64.1	64.36
64.5	64.37
64.5	64.38
64.6	64.39
64.5	64.40
64.1	64.41
64.5	64.42
64.1	64.43
64.5	64.44
64.5	64.45
64.5	64.46
64.6	64.47
64.5	64.48
64.1	64.49
64.1	64.50
64.4	64.51
64.5	64.52
64.1	64.53
64.1	64.54
64.1	64.55
64.1	64.56
64.5	64.57
64.5	64.58
64.1	64.59
64.5	64.60
64.4	64.61
64.1	64.62
64.5	64.63
64.4	64.64
65.1	65.1
65.1	65.2
65.4	65.3
65.1	65.4
65.1	65.5
65.1	65.6
65.1	65.7
65.1	65.8
65.1	65.9
65.1	65.10
65.1	65.11
65.1	65.12
65.1	65.13
65.1	65.14
65.4	65.15
65.1	65.16
65.1	65.17
65.1	65.18
65.1	65.19
65.1	65.20
65.1	65.21
65.1	65.22
65.1	65.23
65.1	65.24
65.1	65.25
65.1	65.26
65.1	65.27
65.1	65.28
65.2	65.29
65.1	65.30
65.1	65.31
65.1	65.32
65.4	65.33
65.1	65.34
65.1	65.35
65.1	65.36
65.4	65.37
65.1	65.38
65.1	65.39
65.1	65.40
65.1	65.41
65.1	65.42
65.1	65.43
65.1	65.44
65.1	65.45
65.1	65.46
65.1	65.47
65.1	65.48
65.1	65.49
65.1	65.50
65.1	65.51
65.1	65.52
65.1	65.53
65.1	65.54
65.1	65.55
65.3	65.56
65.1	65.57
65.1	65.58
65.1	65.59
65.1	65.60
65.1	65.61
65.1	65.62
65.1	65.63
65.1	65.64
66.1	66.1
66.1	66.2
66.1	66.3
66.1	66.4
66.1	66.5
66.1	66.6
66.1	66.7
66.1	66.8
66.1	66.9
66.1	66.10
66.1	66.11
66.1	66.12
66.2	66.13
66.1	66.14
66.1	66.15
66.1	66.16
66.1	66.17
66.1	66.18
66.4	66.19
66.1	66.20
66.1	66.21
66.4	66.22
66.1	66.23
66.4	66.24
66.1	66.25
66.1	66.26
66.1	66.27
66.1	66.28
66.4	66.29
66.1	66.30
66.1	66.31
66.1	66.32
66.1	66.33
66.1	66.34
66.1	66.35
66.5	66.36
66.1	66.37
66.1	66.38
66.1	66.39
66.1	66.40
66.1	66.41
66.1	66.42
66.1	66.43
66.1	66.44
66.4	66.45
66.1	66.46
66.1	66.47
66.1	66.48
66.4	66.49
66.1	66.50
66.4	66.51
66.4	66.52
66.4	66.53
66.5	66.54
66.1	66.55
66.4	66.56
66.1	66.57
66.4	66.58
66.1	66.59
66.5	66.60
66.1	66.61
66.1	66.62
66.3	66.63
66.1	66.64
67.8	67.1
67.1	67.2
67.8	67.3
67.1	67.4
67.5	67.5
67.1	67.6
67.1	67.7
67.1	67.8
67.7	67.9
67.1	67.10
67.4	67.11
67.1	67.12
67.1	67.13
67.10	67.14
67.1	67.15
67.7	67.16
67.8	67.17
67.1	67.18
67.1	67.19
67.7	67.20
67.1	67.21
67.7	67.22
67.6	67.23
67.9	67.24
67.8	67.25
67.8	67.26
67.1	67.27
67.8	67.28
67.1	67.29
67.1	67.30
67.2	67.31
67.8	67.32
67.5	67.33
67.1	67.34
67.1	67.35
67.8	67.36
67.1	67.37
67.8	67.38
67.1	67.39
67.5	67.40
67.1	67.41
67.1	67.42
67.8	67.43
67.8	67.44
67.3	67.45
67.1	67.46
67.1	67.47
67.1	67.48
67.7	67.49
67.5	67.50
67.1	67.51
67.4	67.52
67.4	67.53
67.1	67.54
67.1	67.55
67.1	67.56
67.1	67.57
67.1	67.58
67.8	67.59
67.5	67.60
67.4	67.61
67.5	67.62
67.5	67.63
67.8	67.64
68.1	68.1
68.1	68.2
68.4	68.3
68.1	68.4
68.1	68.5
68.4	68.6
68.1	68.7
68.5	68.8
68.5	68.9
68.5	68.10
68.1	68.11
68.6	68.12
68.5	68.13
68.1	68.14
68.1	68.15
68.5	68.16
68.5	68.17
68.5	68.18
68.1	68.19
68.5	68.20
68.1	68.21
68.4	68.22
68.1	68.23
68.5	68.24
68.1	68.25
68.1	68.26
68.5	68.27
68.6	68.28
68.4	68.29
68.5	68.30
68.1	68.31
68.1	68.32
68.4	68.33
68.1	68.34
68.1	68.35
68.6	68.36
68.3	68.37
68.1	68.38
68.1	68.39
68.1	68.40
68.1	68.41
68.5	68.42
68.5	68.43
68.5	68.44
68.4	68.45
68.4	68.46
68.4	68.47
68.1	68.48
68.1	68.49
68.1	68.50
68.2	68.51
68.1	68.52
68.1	68.53
68.5	68.54
68.1	68.55
68.5	68.56
68.4	68.57
68.4	68.58
68.5	68.59
68.1	68.60
68.1	68.61
68.5	68.62
68.1	68.63
68.5	68.64
69.1	69.1
69.1	69.2
69.1	69.3
69.1	69.4
69.1	69.5
69.4	69.6
69.1	69.7
69.5	69.8
69.1	69.9
69.1	69.10
69.1	69.11
69.1	69.12
69.1	69.13
69.1	69.14
69.2	69.15
69.1	69.16
69.1	69.17
69.1	69.18
69.1	69.19
69.1	69.20
69.4	69.21
69.1	69.22
69.1	69.23
69.4	69.24
69.4	69.25
69.1	69.26
69.1	69.27
69.1	69.28
69.1	69.29
69.4	69.30
69.1	69.31
69.1	69.32
69.1	69.33
69.4	69.34
69.1	69.35
69.4	69.36
69.4	69.37
69.1	69.38
69.1	69.39
69.1	69.40
69.1	69.41
69.1	69.42
69.4	69.43
69.1	69.44
69.5	69.45
69.1	69.46
69.1	69.47
69.1	69.48
69.1	69.49
69.4	69.50
69.1	69.51
69.1	69.52
69.1	69.53
69.1	69.54
69.1	69.55
69.1	69.56
69.1	69.57
69.1	69.58
69.1	69.59
69.3	69.60
69.1	69.61
69.1	69.62
69.1	69.63
69.1	69.64
70.1	70.1
70.1	70.2
70.1	70.3
70.1	70.4
70.1	70.5
70.5	70.6
70.7	70.7
70.1	70.8
70.1	70.9
70.1	70.10
70.1	70.11
70.1	70.12
70.8	70.13
70.8	70.14
70.1	70.15
70.8	70.16
70.1	70.17
70.1	70.18
70.1	70.19
70.1	70.20
70.1	70.21
70.1	70.22
70.1	70.23
70.1	70.24
70.9	70.25
70.9	70.26
70.1	70.27
70.1	70.28
70.1	70.29
70.1	70.30
70.1	70.31
70.4	70.32
70.2	70.33
70.3	70.34
70.1	70.35
70.1	70.36
70.1	70.37
70.1	70.38
70.1	70.39
70.1	70.40
70.1	70.41
70.1	70.42
70.8	70.43
70.8	70.44
70.9	70.45
70.1	70.46
70.1	70.47
70.1	70.48
70.1	70.49
70.1	70.50
70.1	70.51
70.1	70.52
70.9	70.53
70.1	70.54
70.1	70.55
70.6	70.56
70.8	70.57
70.1	70.58
70.1	70.59
70.1	70.60
70.1	70.61
70.1	70.62
70.1	70.63
70.1	70.64
71.4	71.1
71.2	71.2
71.11	71.3
71.11	71.4
71.2	71.5
71.2	71.6
71.11	71.7
71.2	71.8
71.11	71.9
71.11	71.10
71.11	71.11
71.2	71.12
71.2	71.13
71.8	71.14
71.2	71.15
71.2	71.16
71.11	71.17
71.11	71.18
71.2	71.19
71.2	71.20
71.2	71.21
71.6	71.22
71.11	71.23
71.2	71.24
71.7	71.25
71.10	71.26
71.7	71.27
71.2	71.28
71.2	71.29
71.2	71.30
71.11	71.31
71.2	71.32
71.9	71.33
71.8	71.34
71.2	71.35
71.1	71.36
71.8	71.37
71.11	71.38
71.11	71.39
71.7	71.40
71.8	71.41
71.7	71.42
71.11	71.43
71.3	71.44
71.8	71.45
71.2	71.46
71.2	71.47
71.11	71.48
71.7	71.49
71.7	71.50
71.11	71.51
71.7	71.52
71.8	71.53
71.11	71.54
71.11	71.55
71.2	71.56
71.7	71.57
71.4	71.58
71.7	71.59
71.5	71.60
71.11	71.61
71.11	71.62
71.11	71.63
71.11	71.64
72.1	72.1
72.1	72.2
72.1	72.3
72.1	72.4
72.1	72.5
72.1	72.6
72.1	72.7
72.1	72.8
72.1	72.9
72.1	72.10
72.1	72.11
72.2	72.12
72.1	72.13
72.1	72.14
72.1	72.15
72.1	72.16
72.1	72.17
72.1	72.18
72.1	72.19
72.1	72.20
72.1	72.21
72.1	72.22
72.1	72.23
72.1	72.24
72.1	72.25
72.1	72.26
72.1	72.27
72.1	72.28
72.1	72.29
72.1	72.30
72.1	72.31
72.1	72.32
72.1	72.33
72.1	72.34
72.1	72.35
72.1	72.36
72.1	72.37
72.1	72.38
72.1	72.39
72.1	72.40
72.1	72.41
72.1	72.42
72.1	72.43
72.1	72.44
72.1	72.45
72.1	72.46
72.1	72.47
72.1	72.48
72.1	72.49
72.1	72.50
72.1	72.51
72.1	72.52
72.1	72.53
72.1	72.54
72.1	72.55
72.1	72.56
72.1	72.57
72.1	72.58
72.1	72.59
72.1	72.60
72.1	72.61
72.1	72.62
72.1	72.63
72.1	72.64
73.5	73.1
73.1	73.2
73.5	73.3
73.1	73.4
73.2	73.5
73.1	73.6
73.1	73.7
73.1	73.8
73.1	73.9
73.1	73.10
73.1	73.11
73.1	73.12
73.5	73.13
73.1	73.14
73.1	73.15
73.1	73.16
73.1	73.17
73.1	73.18
73.1	73.19
73.5	73.20
73.5	73.21
73.1	73.22
73.1	73.23
73.5	73.24
73.5	73.25
73.1	73.26
73.1	73.27
73.3	73.28
73.4	73.29
73.1	73.30
73.5	73.31
73.5	73.32
73.1	73.33
73.1	73.34
73.5	73.35
73.1	73.36
73.5	73.37
73.1	73.38
73.5	73.39
73.1	73.40
73.1	73.41
73.1	73.42
73.1	73.43
73.5	73.44
73.1	73.45
73.5	73.46
73.1	73.47
73.5	73.48
73.5	73.49
73.1	73.50
73.1	73.51
73.1	73.52
73.1	73.53
73.4	73.54
73.5	73.55
73.4	73.56
73.1	73.57
73.1	73.58
73.5	73.59
73.5	73.60
73.5	73.61
73.1	73.62
73.3	73.63
73.1	73.64
74.10	74.1
74.1	74.2
74.10	74.3
74.1	74.4
74.10	74.5
74.1	74.6
74.1	74.7
74.6	74.8
74.10	74.9
74.10	74.10
74.10	74.11
74.10	74.12
74.10	74.13
74.10	74.14
74.10	74.15
74.1	74.16
74.10	74.17
74.10	74.18
74.1	74.19
74.10	74.20
74.1	74.21
74.1	74.22
74.10	74.23
74.10	74.24
74.1	74.25
74.1	74.26
74.8	74.27
74.10	74.28
74.10	74.29
74.10	74.30
74.10	74.31
74.1	74.32
74.10	74.33
74.1	74.34
74.1	74.35
74.10	74.36
74.8	74.37
74.1	74.38
74.1	74.39
74.10	74.40
74.9	74.41
74.10	74.42
74.10	74.43
74.10	74.44
74.10	74.45
74.6	74.46
74.1	74.47
74.10	74.48
74.5	74.49
74.3	74.50
74.4	74.51
74.8	74.52
74.10	74.53
74.1	74.54
74.6	74.55
74.8	74.56
74.10	74.57
74.10	74.58
74.1	74.59
74.2	74.60
74.10	74.61
74.8	74.62
74.1	74.63
74.7	74.64
75.1	75.1
75.12	75.2
75.12	75.3
75.12	75.4
75.12	75.5
75.1	75.6
75.10	75.7
75.12	75.8
75.12	75.9
75.12	75.10
75.12	75.11
75.1	75.12
75.1	75.13
75.12	75.14
75.1	75.15
75.10	75.16
75.9	75.17
75.12	75.18
75.12	75.19
75.2	75.20
75.1	75.21
75.12	75.22
75.12	75.23
75.4	75.24
75.5	75.25
75.1	75.26
75.10	75.27
75.1	75.28
75.5	75.29
75.10	75.30
75.12	75.31
75.1	75.32
75.1	75.33
75.12	75.34
75.12	75.35
75.1	75.36
75.12	75.37
75.12	75.38
75.11	75.39
75.1	75.40
75.12	75.41
75.12	75.42
75.12	75.43
75.8	75.44
75.3	75.45
75.3	75.46
75.6	75.47
75.12	75.48
75.12	75.49
75.10	75.50
75.10	75.51
75.9	75.52
75.12	75.53
75.12	75.54
75.12	75.55
75.8	75.56
75.7	75.57
75.12	75.58
75.1	75.59
75.1	75.60
75.6	75.61
75.10	75.62
75.8	75.63
75.12	75.64
76.1	76.1
76.1	76.2
76.1	76.3
76.1	76.4
76.1	76.5
76.1	76.6
76.1	76.7
76.1	76.8
76.1	76.9
76.3	76.10
76.1	76.11
76.1	76.12
76.1	76.13
76.1	76.14
76.1	76.15
76.1	76.16
76.3	76.17
76.1	76.18
76.1	76.19
76.1	76.20
76.3	76.21
76.1	76.22
76.1	76.23
76.1	76.24
76.1	76.25
76.1	76.26
76.1	76.27
76.1	76.28
76.1	76.29
76.1	76.30
76.1	76.31
76.1	76.32
76.1	76.33
76.1	76.34
76.1	76.35
76.3	76.36
76.1	76.37
76.1	76.38
76.1	76.39
76.1	76.40
76.1	76.41
76.1	76.42
76.1	76.43
76.3	76.44
76.1	76.45
76.1	76.46
76.1	76.47
76.1	76.48
76.1	76.49
76.3	76.50
76.1	76.51
76.1	76.52
76.1	76.53
76.3	76.54
76.2	76.55
76.1	76.56
76.1	76.57
76.1	76.58
76.1	76.59
76.1	76.60
76.1	76.61
76.4	76.62
76.1	76.63
76.1	76.64
77.9	77.1
77.11	77.2
77.3	77.3
77.9	77.4
77.3	77.5
77.3	77.6
77.3	77.7
77.10	77.8
77.3	77.9
77.11	77.10
77.9	77.11
77.11	77.12
77.3	77.13
77.3	77.14
77.3	77.15
77.9	77.16
77.4	77.17
77.3	77.18
77.3	77.19
77.6	77.20
77.9	77.21
77.3	77.22
77.9	77.23
77.3	77.24
77.3	77.25
77.9	77.26
77.8	77.27
77.9	77.28
77.1	77.29
77.11	77.30
77.3	77.31
77.3	77.32
77.11	77.33
77.5	77.34
77.8	77.35
77.3	77.36
77.3	77.37
77.9	77.38
77.6	77.39
77.6	77.40
77.11	77.41
77.3	77.42
77.3	77.43
77.13	77.44
77.7	77.45
77.8	77.46
77.8	77.47
77.12	77.48
77.3	77.49
77.3	77.50
77.9	77.51
77.11	77.52
77.1	77.53
77.2	77.54
77.9	77.55
77.3	77.56
77.8	77.57
77.3	77.58
77.9	77.59
77.3	77.60
77.9	77.61
77.3	77.62
77.3	77.63
77.9	77.64
78.8	78.1
78.12	78.2
78.14	78.3
78.5	78.4
78.14	78.5
78.8	78.6
78.14	78.7
78.2	78.8
78.5	78.9
78.14	78.10
78.9	78.11
78.12	78.12
78.10	78.13
78.16	78.14
78.11	78.15
78.14	78.16
78.14	78.17
78.10	78.18
78.11	78.19
78.12	78.20
78.15	78.21
78.16	78.22
78.11	78.23
78.14	78.24
78.5	78.25
78.15	78.26
78.14	78.27
78.14	78.28
78.11	78.29
78.11	78.30
78.14	78.31
78.14	78.32
78.5	78.33
78.14	78.34
78.14	78.35
78.14	78.36
78.4	78.37
78.16	78.38
78.14	78.39
78.13	78.40
78.11	78.41
78.14	78.42
78.7	78.43
78.14	78.44
78.14	78.45
78.14	78.46
78.3	78.47
78.14	78.48
78.14	78.49
78.1	78.50
78.10	78.51
78.14	78.52
78.13	78.53
78.5	78.54
78.11	78.55
78.6	78.56
78.14	78.57
78.14	78.58
78.5	78.59
78.9	78.60
78.14	78.61
78.5	78.62
78.16	78.63
78.14	78.64
79.11	79.1
79.9	79.2
79.11	79.3
79.12	79.4
79.10	79.5
79.12	79.6
79.10	79.7
79.12	79.8
79.7	79.9
79.12	79.10
79.7	79.11
79.11	79.12
79.12	79.13
79.3	79.14
79.12	79.15
79.12	79.16
79.11	79.17
79.12	79.18
79.10	79.19
79.1	79.20
79.11	79.21
79.12	79.22
79.10	79.23
79.10	79.24
79.10	79.25
79.9	79.26
79.11	79.27
79.9	79.28
79.10	79.29
79.1	79.30
79.12	79.31
79.10	79.32
79.6	79.33
79.6	79.34
79.12	79.35
79.8	79.36
79.11	79.37
79.2	79.38
79.9	79.39
79.12	79.40
79.7	79.41
79.6	79.42
79.9	79.43
79.5	79.44
79.5	79.45
79.1	79.46
79.10	79.47
79.1	79.48
79.5	79.49
79.4	79.50
79.7	79.51
79.10	79.52
79.12	79.53
79.7	79.54
79.12	79.55
79.10	79.56
79.6	79.57
79.5	79.58
79.1	79.59
79.12	79.60
79.10	79.61
79.1	79.62
79.12	79.63
79.11	79.64
80.1	80.1
80.1	80.2
80.10	80.3
80.1	80.4
80.1	80.5
80.11	80.6
80.1	80.7
80.2	80.8
80.11	80.9
80.11	80.10
80.12	80.11
80.1	80.12
80.1	80.13
80.11	80.14
80.7	80.15
80.1	80.16
80.1	80.17
80.12	80.18
80.1	80.19
80.1	80.20
80.8	80.21
80.11	80.22
80.1	80.23
80.5	80.24
80.11	80.25
80.1	80.26
80.1	80.27
80.11	80.28
80.1	80.29
80.1	80.30
80.12	80.31
80.10	80.32
80.1	80.33
80.11	80.34
80.1	80.35
80.1	80.36
80.1	80.37
80.11	80.38
80.1	80.39
80.1	80.40
80.11	80.41
80.1	80.42
80.1	80.43
80.6	80.44
80.11	80.45
80.12	80.46
80.5	80.47
80.1	80.48
80.11	80.49
80.9	80.50
80.1	80.51
80.11	80.52
80.1	80.53
80.4	80.54
80.1	80.55
80.1	80.56
80.1	80.57
80.1	80.58
80.12	80.59
80.1	80.60
80.11	80.61
80.3	80.62
80.1	80.63
80.1	80.64
81.7	81.1
81.1	81.2
81.1	81.3
81.5	81.4
81.1	81.5
81.7	81.6
81.5	81.7
81.1	81.8
81.1	81.9
81.1	81.10
81.5	81.11
81.5	81.12
81.7	81.13
81.1	81.14
81.5	81.15
81.5	81.16
81.7	81.17
81.1	81.18
81.6	81.19
81.7	81.20
81.5	81.21
81.5	81.22
81.1	81.23
81.1	81.24
81.5	81.25
81.5	81.26
81.4	81.27
81.8	81.28
81.5	81.29
81.8	81.30
81.1	81.31
81.7	81.32
81.7	81.33
81.7	81.34
81.1	81.35
81.5	81.36
81.1	81.37
81.5	81.38
81.7	81.39
81.3	81.40
81.6	81.41
81.1	81.42
81.5	81.43
81.1	81.44
81.1	81.45
81.7	81.46
81.8	81.47
81.1	81.48
81.5	81.49
81.1	81.50
81.8	81.51
81.5	81.52
81.4	81.53
81.5	81.54
81.1	81.55
81.7	81.56
81.1	81.57
81.1	81.58
81.4	81.59
81.5	81.60
81.8	81.61
81.2	81.62
81.5	81.63
81.6	81.64
82.1	82.1
82.1	82.2
82.1	82.3
82.1	82.4
82.1	82.5
82.5	82.6
82.1	82.7
82.1	82.8
82.1	82.9
82.5	82.10
82.1	82.11
82.1	82.12
82.1	82.13
82.1	82.14
82.1	82.15
82.1	82.16
82.1	82.17
82.1	82.18
82.1	82.19
82.1	82.20
82.5	82.21
82.1	82.22
82.2	82.23
82.5	82.24
82.1	82.25
82.1	82.26
82.1	82.27
82.1	82.28
82.1	82.29
82.1	82.30
82.1	82.31
82.1	82.32
82.1	82.33
82.1	82.34
82.1	82.35
82.1	82.36
82.1	82.37
82.1	82.38
82.1	82.39
82.1	82.40
82.1	82.41
82.1	82.42
82.1	82.43
82.1	82.44
82.1	82.45
82.1	82.46
82.1	82.47
82.1	82.48
82.1	82.49
82.5	82.50
82.1	82.51
82.1	82.52
82.1	82.53
82.1	82.54
82.1	82.55
82.5	82.56
82.3	82.57
82.1	82.58
82.1	82.59
82.1	82.60
82.1	82.61
82.4	82.62
82.1	82.63
82.1	82.64
83.1	83.1
83.1	83.2
83.1	83.3
83.1	83.4
83.8	83.5
83.1	83.6
83.1	83.7
83.7	83.8
83.1	83.9
83.1	83.10
83.6	83.11
83.1	83.12
83.1	83.13
83.7	83.14
83.1	83.15
83.1	83.16
83.1	83.17
83.1	83.18
83.1	83.19
83.1	83.20
83.1	83.21
83.7	83.22
83.1	83.23
83.1	83.24
83.7	83.25
83.1	83.26
83.1	83.27
83.1	83.28
83.3	83.29
83.1	83.30
83.1	83.31
83.2	83.32
83.1	83.33
83.5	83.34
83.1	83.35
83.1	83.36
83.1	83.37
83.1	83.38
83.4	83.39
83.1	83.40
83.1	83.41
83.1	83.42
83.1	83.43
83.1	83.44
83.1	83.45
83.1	83.46
83.1	83.47
83.1	83.48
83.1	83.49
83.1	83.50
83.1	83.51
83.1	83.52
83.1	83.53
83.1	83.54
83.1	83.55
83.1	83.56
83.1	83.57
83.1	83.58
83.1	83.59
83.1	83.60
83.1	83.61
83.1	83.62
83.1	83.63
83.7	83.64
84.11	84.1
84.11	84.2
84.11	84.3
84.17	84.4
84.8	84.5
84.14	84.6
84.7	84.7
84.15	84.8
84.16	84.9
84.12	84.10
84.5	84.11
84.15	84.12
84.17	84.13
84.1	84.14
84.17	84.15
84.18	84.16
84.10	84.17
84.3	84.18
84.10	84.19
84.11	84.20
84.8	84.21
84.1	84.22
84.9	84.23
84.18	84.24
84.14	84.25
84.17	84.26
84.17	84.27
84.8	84.28
84.14	84.29
84.10	84.30
84.10	84.31
84.5	84.32
84.7	84.33
84.14	84.34
84.14	84.35
84.1	84.36
84.8	84.37
84.18	84.38
84.9	84.39
84.14	84.40
84.18	84.41
84.5	84.42
84.4	84.43
84.1	84.44
84.13	84.45
84.8	84.46
84.17	84.47
84.10	84.48
84.8	84.49
84.5	84.50
84.6	84.51
84.14	84.52
84.8	84.53
84.2	84.54
84.14	84.55
84.8	84.56
84.5	84.57
84.17	84.58
84.8	84.59
84.16	84.60
84.14	84.61
84.5	84.62
84.1	84.63
84.14	84.64
85.3	85.1
85.3	85.2
85.3	85.3
85.3	85.4
85.3	85.5
85.3	85.6
85.3	85.7
85.3	85.8
85.3	85.9
85.3	85.10
85.3	85.11
85.2	85.12
85.4	85.13
85.5	85.14
85.5	85.15
85.3	85.16
85.3	85.17
85.3	85.18
85.5	85.19
85.3	85.20
85.3	85.21
85.5	85.22
85.3	85.23
85.3	85.24
85.5	85.25
85.3	85.26
85.3	85.27
85.3	85.28
85.1	85.29
85.3	85.30
85.5	85.31
85.3	85.32
85.3	85.33
85.3	85.34
85.3	85.35
85.3	85.36
85.3	85.37
85.3	85.38
85.3	85.39
85.5	85.40
85.3	85.41
85.5	85.42
85.3	85.43
85.3	85.44
85.5	85.45
85.3	85.46
85.3	85.47
85.3	85.48
85.3	85.49
85.3	85.50
85.3	85.51
85.3	85.52
85.3	85.53
85.3	85.54
85.3	85.55
85.3	85.56
85.3	85.57
85.5	85.58
85.5	85.59
85.3	85.60
85.3	85.61
85.3	85.62
85.5	85.63
85.3	85.64
86.6	86.1
86.4	86.2
86.4	86.3
86.4	86.4
86.4	86.5
86.4	86.6
86.5	86.7
86.4	86.8
86.3	86.9
86.3	86.10
86.6	86.11
86.3	86.12
86.4	86.13
86.5	86.14
86.1	86.15
86.5	86.16
86.5	86.17
86.4	86.18
86.5	86.19
86.5	86.20
86.4	86.21
86.5	86.22
86.3	86.23
86.4	86.24
86.4	86.25
86.4	86.26
86.6	86.27
86.5	86.28
86.4	86.29
86.6	86.30
86.3	86.31
86.4	86.32
86.5	86.33
86.5	86.34
86.2	86.35
86.3	86.36
86.5	86.37
86.5	86.38
86.4	86.39
86.3	86.40
86.5	86.41
86.3	86.42
86.3	86.43
86.3	86.44
86.4	86.45
86.4	86.46
86.3	86.47
86.6	86.48
86.3	86.49
86.1	86.50
86.4	86.51
86.5	86.52
86.3	86.53
86.3	86.54
86.3	86.55
86.5	86.56
86.3	86.57
86.5	86.58
86.5	86.59
86.3	86.60
86.3	86.61
86.4	86.62
86.4	86.63
86.4	86.64
87.5	87.1
87.5	87.2
87.5	87.3
87.12	87.4
87.9	87.5
87.1	87.6
87.12	87.7
87.5	87.8
87.11	87.9
87.12	87.10
87.11	87.11
87.12	87.12
87.5	87.13
87.7	87.14
87.5	87.15
87.1	87.16
87.1	87.17
87.1	87.18
87.5	87.19
87.5	87.20
87.1	87.21
87.1	87.22
87.5	87.23
87.1	87.24
87.9	87.25
87.4	87.26
87.5	87.27
87.1	87.28
87.3	87.29
87.11	87.30
87.9	87.31
87.1	87.32
87.8	87.33
87.1	87.34
87.2	87.35
87.1	87.36
87.5	87.37
87.11	87.38
87.5	87.39
87.1	87.40
87.12	87.41
87.5	87.42
87.9	87.43
87.7	87.44
87.11	87.45
87.7	87.46
87.7	87.47
87.1	87.48
87.9	87.49
87.10	87.50
87.7	87.51
87.11	87.52
87.12	87.53
87.11	87.54
87.1	87.55
87.5	87.56
87.11	87.57
87.9	87.58
87.5	87.59
87.5	87.60
87.7	87.61
87.6	87.62
87.5	87.63
87.11	87.64
88.4	88.1
88.4	88.2
88.4	88.3
88.4	88.4
88.4	88.5
88.4	88.6
88.4	88.7
88.4	88.8
88.4	88.9
88.7	88.10
88.4	88.11
88.2	88.12
88.4	88.13
88.2	88.14
88.4	88.15
88.4	88.16
88.4	88.17
88.4	88.18
88.2	88.19
88.2	88.20
88.4	88.21
88.2	88.22
88.4	88.23
88.4	88.24
88.4	88.25
88.4	88.26
88.4	88.27
88.4	88.28
88.6	88.29
88.4	88.30
88.7	88.31
88.3	88.32
88.4	88.33
88.4	88.34
88.2	88.35
88.4	88.36
88.4	88.37
88.4	88.38
88.2	88.39
88.4	88.40
88.4	88.41
88.4	88.42
88.2	88.43
88.5	88.44
88.4	88.45
88.4	88.46
88.4	88.47
88.1	88.48
88.4	88.49
88.4	88.50
88.4	88.51
88.4	88.52
88.4	88.53
88.4	88.54
88.4	88.55
88.4	88.56
88.4	88.57
88.4	88.58
88.4	88.59
88.2	88.60
88.4	88.61
88.4	88.62
88.4	88.63
88.4	88.64
89.1	89.1
89.7	89.2
89.1	89.3
89.7	89.4
89.7	89.5
89.1	89.6
89.7	89.7
89.7	89.8
89.5	89.9
89.6	89.10
89.7	89.11
89.7	89.12
89.7	89.13
89.1	89.14
89.7	89.15
89.7	89.16
89.7	89.17
89.1	89.18
89.7	89.19
89.7	89.20
89.4	89.21
89.1	89.22
89.2	89.23
89.7	89.24
89.7	89.25
89.7	89.26
89.6	89.27
89.1	89.28
89.7	89.29
89.7	89.30
89.5	89.31
89.7	89.32
89.1	89.33
89.3	89.34
89.7	89.35
89.7	89.36
89.4	89.37
89.7	89.38
89.7	89.39
89.7	89.40
89.1	89.41
89.7	89.42
89.6	89.43
89.7	89.44
89.5	89.45
89.7	89.46
89.7	89.47
89.7	89.48
89.7	89.49
89.7	89.50
89.6	89.51
89.7	89.52
89.8	89.53
89.7	89.54
89.7	89.55
89.6	89.56
89.7	89.57
89.6	89.58
89.6	89.59
89.7	89.60
89.7	89.61
89.6	89.62
89.1	89.63
89.7	89.64
90.1	90.1
90.1	90.2
90.1	90.3
90.1	90.4
90.1	90.5
90.1	90.6
90.1	90.7
90.1	90.8
90.1	90.9
90.1	90.10
90.1	90.11
90.1	90.12
90.1	90.13
90.1	90.14
90.1	90.15
90.1	90.16
90.1	90.17
90.1	90.18
90.1	90.19
90.1	90.20
90.1	90.21
90.1	90.22
90.1	90.23
90.1	90.24
90.5	90.25
90.4	90.26
90.1	90.27
90.1	90.28
90.1	90.29
90.1	90.30
90.1	90.31
90.1	90.32
90.1	90.33
90.3	90.34
90.1	90.35
90.1	90.36
90.1	90.37
90.6	90.38
90.1	90.39
90.1	90.40
90.1	90.41
90.1	90.42
90.4	90.43
90.4	90.44
90.1	90.45
90.1	90.46
90.1	90.47
90.1	90.48
90.1	90.49
90.4	90.50
90.1	90.51
90.1	90.52
90.1	90.53
90.1	90.54
90.1	90.55
90.1	90.56
90.1	90.57
90.1	90.58
90.1	90.59
90.1	90.60
90.4	90.61
90.1	90.62
90.1	90.63
90.2	90.64
91.6	91.1
91.1	91.2
91.9	91.3
91.8	91.4
91.1	91.5
91.6	91.6
91.1	91.7
91.1	91.8
91.6	91.9
91.6	91.10
91.1	91.11
91.6	91.12
91.8	91.13
91.1	91.14
91.1	91.15
91.1	91.16
91.6	91.17
91.1	91.18
91.8	91.19
91.1	91.20
91.10	91.21
91.1	91.22
91.9	91.23
91.1	91.24
91.1	91.25
91.1	91.26
91.1	91.27
91.6	91.28
91.7	91.29
91.8	91.30
91.6	91.31
91.6	91.32
91.1	91.33
91.6	91.34
91.6	91.35
91.1	91.36
91.6	91.37
91.8	91.38
91.4	91.39
91.1	91.40
91.6	91.41
91.2	91.42
91.6	91.43
91.3	91.44
91.1	91.45
91.3	91.46
91.8	91.47
91.6	91.48
91.1	91.49
91.3	91.50
91.1	91.51
91.1	91.52
91.8	91.53
91.9	91.54
91.8	91.55
91.6	91.56
91.5	91.57
91.1	91.58
91.6	91.59
91.3	91.60
91.6	91.61
91.1	91.62
91.6	91.63
91.1	91.64
92.1	92.1
92.1	92.2
92.5	92.3
92.1	92.4
92.1	92.5
92.1	92.6
92.5	92.7
92.1	92.8
92.5	92.9
92.5	92.10
92.1	92.11
92.1	92.12
92.1	92.13
92.4	92.14
92.1	92.15
92.1	92.16
92.1	92.17
92.1	92.18
92.1	92.19
92.1	92.20
92.1	92.21
92.1	92.22
92.3	92.23
92.1	92.24
92.5	92.25
92.1	92.26
92.1	92.27
92.5	92.28
92.1	92.29
92.1	92.30
92.5	92.31
92.5	92.32
92.1	92.33
92.5	92.34
92.1	92.35
92.4	92.36
92.1	92.37
92.5	92.38
92.5	92.39
92.1	92.40
92.1	92.41
92.5	92.42
92.1	92.43
92.5	92.44
92.1	92.45
92.1	92.46
92.1	92.47
92.1	92.48
92.1	92.49
92.1	92.50
92.2	92.51
92.1	92.52
92.1	92.53
92.5	92.54
92.1	92.55
92.5	92.56
92.5	92.57
92.1	92.58
92.1	92.59
92.1	92.60
92.1	92.61
92.1	92.62
92.1	92.63
92.5	92.64
93.1	93.1
93.1	93.2
93.1	93.3
93.1	93.4
93.1	93.5
93.1	93.6
93.1	93.7
93.1	93.8
93.1	93.9
93.1	93.10
93.1	93.11
93.1	93.12
93.1	93.13
93.1	93.14
93.1	93.15
93.1	93.16
93.1	93.17
93.1	93.18
93.1	93.19
93.1	93.20
93.1	93.21
93.1	93.22
93.1	93.23
93.1	93.24
93.1	93.25
93.1	93.26
93.1	93.27
93.1	93.28
93.1	93.29
93.1	93.30
93.1	93.31
93.1	93.32
93.2	93.33
93.1	93.34
93.1	93.35
93.1	93.36
93.1	93.37
93.1	93.38
93.1	93.39
93.1	93.40
93.1	93.41
93.1	93.42
93.1	93.43
93.1	93.44
93.1	93.45
93.1	93.46
93.1	93.47
93.1	93.48
93.1	93.49
93.1	93.50
93.1	93.51
93.1	93.52
93.1	93.53
93.1	93.54
93.1	93.55
93.1	93.56
93.1	93.57
93.2	93.58
93.3	93.59
93.1	93.60
93.1	93.61
93.1	93.62
93.1	93.63
93.1	93.64
94.1	94.1
94.1	94.2
94.1	94.3
94.1	94.4
94.1	94.5
94.1	94.6
94.1	94.7
94.1	94.8
94.1	94.9
94.1	94.10
94.1	94.11
94.1	94.12
94.1	94.13
94.1	94.14
94.1	94.15
94.1	94.16
94.1	94.17
94.1	94.18
94.1	94.19
94.1	94.20
94.1	94.21
94.1	94.22
94.1	94.23
94.1	94.24
94.1	94.25
94.1	94.26
94.1	94.27
94.1	94.28
94.1	94.29
94.1	94.30
94.1	94.31
94.1	94.32
94.1	94.33
94.1	94.34
94.1	94.35
94.2	94.36
94.1	94.37
94.2	94.38
94.1	94.39
94.1	94.40
94.1	94.41
94.1	94.42
94.2	94.43
94.1	94.44
94.1	94.45
94.1	94.46
94.1	94.47
94.1	94.48
94.1	94.49
94.1	94.50
94.1	94.51
94.1	94.52
94.1	94.53
94.1	94.54
94.1	94.55
94.1	94.56
94.1	94.57
94.1	94.58
94.1	94.59
94.1	94.60
94.1	94.61
94.1	94.62
94.1	94.63
94.1	94.64
95.1	95.1
95.7	95.2
95.7	95.3
95.3	95.4
95.7	95.5
95.2	95.6
95.7	95.7
95.9	95.8
95.5	95.9
95.7	95.10
95.7	95.11
95.1	95.12
95.4	95.13
95.7	95.14
95.4	95.15
95.6	95.16
95.7	95.17
95.7	95.18
95.1	95.19
95.7	95.20
95.1	95.21
95.1	95.22
95.1	95.23
95.1	95.24
95.1	95.25
95.6	95.26
95.7	95.27
95.1	95.28
95.7	95.29
95.7	95.30
95.1	95.31
95.1	95.32
95.1	95.33
95.1	95.34
95.1	95.35
95.4	95.36
95.1	95.37
95.6	95.38
95.9	95.39
95.9	95.40
95.6	95.41
95.1	95.42
95.1	95.43
95.1	95.44
95.7	95.45
95.1	95.46
95.1	95.47
95.6	95.48
95.7	95.49
95.1	95.50
95.1	95.51
95.1	95.52
95.1	95.53
95.1	95.54
95.9	95.55
95.3	95.56
95.1	95.57
95.6	95.58
95.7	95.59
95.1	95.60
95.1	95.61
95.7	95.62
95.8	95.63
95.7	95.64
96.14	96.1
96.6	96.2
96.10	96.3
96.10	96.4
96.13	96.5
96.14	96.6
96.14	96.7
96.10	96.8
96.3	96.9
96.3	96.10
96.3	96.11
96.14	96.12
96.5	96.13
96.10	96.14
96.7	96.15
96.14	96.16
96.10	96.17
96.14	96.18
96.14	96.19
96.11	96.20
96.12	96.21
96.3	96.22
96.14	96.23
96.14	96.24
96.10	96.25
96.10	96.26
96.12	96.27
96.3	96.28
96.10	96.29
96.14	96.30
96.14	96.31
96.3	96.32
96.9	96.33
96.14	96.34
96.14	96.35
96.14	96.36
96.8	96.37
96.14	96.38
96.3	96.39
96.16	96.40
96.10	96.41
96.16	96.42
96.14	96.43
96.14	96.44
96.10	96.45
96.14	96.46
96.10	96.47
96.14	96.48
96.14	96.49
96.14	96.50
96.16	96.51
96.14	96.52
96.12	96.53
96.2	96.54
96.10	96.55
96.14	96.56
96.10	96.57
96.4	96.58
96.3	96.59
96.1	96.60
96.10	96.61
96.14	96.62
96.15	96.63
96.6	96.64
97.9	97.1
97.9	97.2
97.9	97.3
97.9	97.4
97.1	97.5
97.4	97.6
97.7	97.7
97.1	97.8
97.8	97.9
97.1	97.10
97.1	97.11
97.9	97.12
97.1	97.13
97.9	97.14
97.1	97.15
97.9	97.16
97.1	97.17
97.9	97.18
97.5	97.19
97.1	97.20
97.1	97.21
97.8	97.22
97.8	97.23
97.1	97.24
97.3	97.25
97.3	97.26
97.1	97.27
97.6	97.28
97.8	97.29
97.4	97.30
97.6	97.31
97.8	97.32
97.1	97.33
97.8	97.34
97.4	97.35
97.9	97.36
97.1	97.37
97.8	97.38
97.9	97.39
97.1	97.40
97.2	97.41
97.1	97.42
97.10	97.43
97.8	97.44
97.1	97.45
97.6	97.46
97.4	97.47
97.6	97.48
97.6	97.49
97.9	97.50
97.4	97.51
97.8	97.52
97.9	97.53
97.1	97.54
97.6	97.55
97.9	97.56
97.1	97.57
97.7	97.58
97.6	97.59
97.1	97.60
97.1	97.61
97.9	97.62
97.1	97.63
97.1	97.64
98.13	98.1
98.13	98.2
98.14	98.3
98.13	98.4
98.13	98.5
98.13	98.6
98.18	98.7
98.13	98.8
98.1	98.9
98.13	98.10
98.7	98.11
98.15	98.12
98.7	98.13
98.1	98.14
98.6	98.15
98.13	98.16
98.1	98.17
98.14	98.18
98.7	98.19
98.5	98.20
98.10	98.21
98.7	98.22
98.13	98.23
98.14	98.24
98.13	98.25
98.7	98.26
98.19	98.27
98.11	98.28
98.20	98.29
98.14	98.30
98.17	98.31
98.12	98.32
98.13	98.33
98.13	98.34
98.7	98.35
98.13	98.36
98.16	98.37
98.19	98.38
98.9	98.39
98.1	98.40
98.10	98.41
98.4	98.42
98.14	98.43
98.1	98.44
98.15	98.45
98.7	98.46
98.13	98.47
98.1	98.48
98.20	98.49
98.10	98.50
98.13	98.51
98.1	98.52
98.1	98.53
98.2	98.54
98.7	98.55
98.19	98.56
98.7	98.57
98.8	98.58
98.14	98.59
98.15	98.60
98.3	98.61
98.13	98.62
98.14	98.63
98.19	98.64
99.1	99.1
99.1	99.2
99.5	99.3
99.3	99.4
99.1	99.5
99.1	99.6
99.5	99.7
99.1	99.8
99.1	99.9
99.1	99.10
99.1	99.11
99.1	99.12
99.5	99.13
99.1	99.14
99.3	99.15
99.1	99.16
99.4	99.17
99.1	99.18
99.1	99.19
99.1	99.20
99.5	99.21
99.5	99.22
99.5	99.23
99.2	99.24
99.1	99.25
99.3	99.26
99.3	99.27
99.5	99.28
99.1	99.29
99.5	99.30
99.1	99.31
99.5	99.32
99.1	99.33
99.1	99.34
99.4	99.35
99.1	99.36
99.5	99.37
99.1	99.38
99.1	99.39
99.1	99.40
99.1	99.41
99.1	99.42
99.1	99.43
99.1	99.44
99.1	99.45
99.4	99.46
99.5	99.47
99.1	99.48
99.1	99.49
99.1	99.50
99.1	99.51
99.5	99.52
99.1	99.53
99.1	99.54
99.1	99.55
99.5	99.56
99.1	99.57
99.5	99.58
99.1	99.59
99.1	99.60
99.1	99.61
99.1	99.62
99.5	99.63
99.1	99.64
100.8	100.1
100.12	100.2
100.13	100.3
100.15	100.4
100.8	100.5
100.13	100.6
100.13	100.7
100.13	100.8
100.13	100.9
100.6	100.10
100.1	100.11
100.8	100.12
100.13	100.13
100.11	100.14
100.13	100.15
100.1	100.16
100.8	100.17
100.6	100.18
100.13	100.19
100.13	100.20
100.12	100.21
100.13	100.22
100.9	100.23
100.13	100.24
100.13	100.25
100.13	100.26
100.8	100.27
100.8	100.28
100.13	100.29
100.1	100.30
100.7	100.31
100.1	100.32
100.13	100.33
100.10	100.34
100.14	100.35
100.13	100.36
100.13	100.37
100.13	100.38
100.13	100.39
100.1	100.40
100.13	100.41
100.1	100.42
100.1	100.43
100.13	100.44
100.13	100.45
100.8	100.46
100.13	100.47
100.1	100.48
100.13	100.49
100.13	100.50
100.9	100.51
100.1	100.52
100.3	100.53
100.6	100.54
100.2	100.55
100.8	100.56
100.5	100.57
100.1	100.58
100.4	100.59
100.8	100.60
100.8	100.61
100.1	100.62
100.13	100.63
100.12	100.64